fend1	fend2	count
972443	972571	1
7761620	7761619	1
474687	474688	2
4262342	4358452	1
417933	417934	1
10018652	10018612	1
5157283	5159140	2
7018705	7018706	2
11884548	11917692	1
11738906	11797937	1
10846511	2894331	1
7739056	7738892	1
12684889	12732576	1
11288462	7007510	1
8293830	8293778	1
278271	278272	2
6569564	6569563	1
152253	152254	1
6979847	6981862	1
4547948	4548038	2
9829129	9829260	3
4006910	4006833	2
4745815	4745754	2
11405171	11405180	2
3189532	3154424	1
5649720	5649606	2
3513013	3513014	1
6044300	11942454	1
11821423	2100286	1
5127380	5127402	1
12717638	12717637	3
8758382	5739606	2
11146422	11146322	1
12274036	12275994	2
2096919	2096892	1
4248331	4338398	1
6739629	6739630	1
11299224	11299265	2
7895248	7895229	1
4318160	4318159	1
11479093	11479287	2
7420578	7354075	1
4258620	4258619	1
4626572	4626569	1
3306649	3305712	2
5299312	5302221	1
8753737	8753760	1
899639	899640	1
2815908	2815924	1
8616614	8616424	1
4066467	4066468	1
7975006	7975005	1
12723574	12723548	2
7931070	7930989	2
1636956	1636993	1
5735938	5735937	2
3087660	3087723	1
5930647	5930648	1
3266476	3266473	1
10101831	10101821	1
5001609	5001620	1
7870155	7870156	1
8643618	8643603	1
6412917	6412920	1
1009435	1012004	1
1205313	1205382	1
4297036	4297031	1
8773479	8773482	1
5897468	5897467	1
9518830	9518829	2
6889880	6889970	1
3327878	3327877	1
6812756	6812755	1
11490795	11490798	1
10176210	10176209	1
2908180	2903815	1
12486187	12486303	1
7522598	7523767	1
4313139	4313142	1
996079	996084	1
9049225	9049226	1
1732681	1732840	1
7449367	7449313	1
3965392	3965391	1
268595	271376	1
3819665	475510	1
9127226	9141661	1
1674256	1674255	1
10979191	10979192	1
12443023	12443024	1
7240073	7238879	1
5513822	5513821	2
6961115	6961116	2
5013848	5013900	1
12492885	12492869	2
2891020	2891019	1
1095264	1095263	1
4233330	4233327	1
257878	257875	1
6230218	6230217	1
193331	193332	1
1203984	1203983	2
7189242	7180984	1
7424858	7218552	1
1691063	1691068	2
7926698	7926697	1
2494	1000504	1
5363277	5363590	1
3693833	3693812	1
3370685	3268636	1
5354924	5354887	4
9018390	9018407	1
1739279	1739282	1
9054608	9054636	3
729955	725624	1
12019719	12324939	2
825176	825175	1
12300892	12300902	1
3742483	3743001	1
9863439	9866122	1
7446260	7446259	2
6328868	6328690	1
7892803	7892804	2
3198007	3203393	1
4742647	4626538	1
10481727	10481728	1
10004507	10004183	1
4358453	4358454	1
2453307	2453316	1
1789025	1789026	4
3090331	3090332	1
1490221	5501309	1
11896913	9608501	1
4753110	4753109	1
9517402	9517227	2
10568228	10568227	1
2846834	2846833	2
5003125	5003126	1
12651370	6764709	1
4852747	4852748	1
10064319	10064320	2
1134787	1134285	1
10899168	10899183	1
6193027	6193248	1
12170517	12170010	2
7794146	7794145	1
7812316	7812315	2
3121102	9911848	1
466656	466475	1
2487119	2487182	1
1423765	1423751	1
6076064	6041710	1
6889971	6889972	1
4599108	4544832	1
3612693	3612678	1
1894978	1898549	1
2164234	2164231	1
10178062	10178059	2
3078992	11701000	1
8054624	8054623	1
1779765	1779766	2
1535458	1535457	1
1060117	1027992	1
1314537	1314538	1
1644825	1644830	2
10654281	10656125	1
10120618	10120617	1
1165697	1165698	1
11900225	11900234	1
10481725	10481728	1
5311851	5312421	2
6535505	6525680	1
10341639	10515986	1
10812055	10810961	1
8041635	8531515	2
416382	416381	1
7779687	7779688	1
11645074	11645073	1
5336951	5498164	1
2539867	2539030	1
2028828	2028827	2
2160288	2324262	1
10223435	10224666	1
4028994	3976326	1
9819880	9820156	2
9677674	9677673	1
8452853	8452679	1
11033301	11031971	1
7094387	7094388	1
3951308	3952154	1
1529607	1529608	1
1582747	1582748	1
8383143	8383144	1
5316123	5316124	1
6853095	6853100	1
9629805	9629806	1
10497452	10421514	1
4079083	4079065	2
11998747	11998727	1
1882159	1882043	1
10106694	10089374	1
3869477	3869480	1
2031907	2032466	1
8172897	6239108	1
9901490	9901608	1
1908989	1908992	1
862804	862918	1
6696694	6696693	1
9349123	9349165	1
11645072	11645071	1
11268725	11268728	1
3886270	3484796	2
1166020	1166016	1
7574066	7574065	2
8225430	8225300	1
6309201	6309204	1
6586949	6586945	1
2774827	2774828	1
7117594	7117565	1
1077463	1077421	1
10355350	10355349	1
4200258	4200241	1
356074	846148	1
3473376	3473373	2
6991761	6991690	1
5736238	5800555	1
8754507	8754508	2
7815697	7815698	1
3578288	3578327	1
7006511	7006512	3
1792515	1789025	1
6949227	6952816	1
5728666	5728833	1
5018456	5018455	1
11304668	11302330	1
4941938	4941937	1
2084084	2084087	1
5997311	5997312	1
1117163	1117147	2
11171658	11164279	1
1757261	1757365	1
7993598	7993478	1
6425438	6425437	2
5565857	5565858	1
946431	945319	1
6977158	6977157	1
7167986	7167989	1
11217008	11217058	1
3024802	3110420	1
208547	208548	1
729957	725624	1
5580986	5591301	1
10540405	10537792	1
10298669	10298670	1
166870	166869	2
6945314	6945313	1
10654518	10654396	1
7585245	5606065	1
6699388	6699387	1
5912284	5912282	1
8487728	8487731	1
7225122	7225121	1
11342821	2808030	1
7188505	7188790	1
7667302	7667299	1
10682863	10682866	2
3927288	3931019	1
5897466	5897660	1
4515416	4515415	2
2191048	2191045	1
12520200	12520199	3
6431210	6317529	1
6014826	6050276	1
6548370	6553798	1
2167453	2167346	1
10088747	10088748	1
3981133	3981134	2
7196298	7195735	1
1840238	1840374	1
6981664	6984998	2
8633449	8920315	1
3481876	3481875	1
10827430	10827481	1
7092906	7092905	1
10738810	8450218	1
9569328	9569325	1
1571455	1571538	1
3148594	3148593	1
4012426	4012498	1
2881173	2881174	2
4371249	4955188	2
7393299	7402134	1
6484693	6484440	1
3981132	3981131	2
11989153	7471380	1
10561620	10561619	1
8871023	8866430	1
4079383	4079384	1
9838652	9838651	1
1478534	1478533	1
9057598	9057597	1
10779618	10779617	2
5475359	5475409	1
172724	269844	1
4827897	4827548	2
10654977	10655618	1
6368317	6368318	1
6572950	6572949	1
7092910	7092909	3
8031583	8031584	1
1617823	1617827	2
10000161	9999159	1
9257214	9257213	2
11876577	8810609	1
7645253	7648329	1
9991721	9991722	1
12182653	12185903	1
3743002	3743001	3
6661300	6661299	2
9775699	9775700	1
9911825	9911826	1
5291945	3529246	1
6873916	6875294	1
11207849	10235310	1
11920707	11923696	2
1596902	1645623	1
5583269	5496169	1
9847610	9847466	1
11582821	11582814	1
5605904	5605786	2
2364471	2364130	1
7615056	7615055	1
10587397	10587385	1
8978436	8979030	1
5805312	5805311	1
10413196	10413195	1
12230131	164566	1
5206570	5147208	1
3260357	3260358	1
9238249	9237513	1
3689432	3689373	2
2542308	2542307	1
2484281	2484691	1
10990815	10990816	1
2832944	2832943	1
1215283	1215286	1
4051871	4052421	1
8488324	8488515	1
8490060	8550380	1
9052711	9052729	1
2684650	2720175	1
7008998	7008997	1
207778	207775	1
5842908	5842835	2
9146124	11814287	1
9292379	9343644	1
3660857	3566867	1
11423997	11423998	1
4398381	12275734	1
2678782	2654473	1
3937533	3937536	1
5931547	6040477	1
2864706	2864705	1
6362040	6362039	2
3795882	3795881	1
4371247	4371248	1
11098811	11098812	1
5842982	5805313	2
10673052	10673047	2
11391006	11390992	2
1563866	1563865	1
773647	773741	1
7341195	7341187	1
532507	531072	1
5183800	5183785	1
3488146	3488253	1
3045853	3045854	1
10415799	10415816	1
8329407	8409812	2
5897135	5897068	1
2591298	2591297	1
7529310	7525685	1
6566315	6566316	2
11005720	11005993	1
5805310	5805309	2
1705308	1705367	2
7546474	7546532	1
1273992	1274081	1
3258209	290335	1
12683199	12683216	1
5375256	5375255	1
6086233	6086216	4
4851242	4851241	1
3273008	3273007	2
5277882	5360266	1
4785336	4785333	1
11133349	11133679	1
6596484	10714108	1
7775740	7653216	1
8584280	8102588	2
7653217	7653218	1
8470330	8540145	1
3852106	3852492	1
1208202	1208201	2
9473343	9473123	1
5741399	5774989	1
3382845	3382503	2
5112311	5112331	1
4024270	933218	1
9164517	12377899	1
5155617	5155618	1
8734186	8734181	1
11944983	11816540	1
8383511	8383506	1
11880269	11880289	1
7017816	7017815	1
9231724	9312111	1
3735904	3735911	1
3932898	3700902	1
1697945	1697946	1
6317570	6427645	1
8289025	8048481	1
2064267	2065705	1
6557189	6539006	4
11436391	11436392	1
8449205	8449206	2
2965729	2965730	3
2777145	2666496	1
4517793	4517794	2
4147798	3574635	2
7446332	7446429	1
3981133	4115190	1
10011537	10011538	4
8892167	8892179	1
2320842	2320767	1
8396317	8396318	2
4036221	4036222	2
7474463	7474011	1
996081	996084	1
4750800	4750799	1
10178058	10178055	2
3501630	3419695	1
10846710	10845846	1
504169	460601	1
6362038	6362035	1
2723874	3003226	2
6276937	6276938	1
5735942	5735939	1
4233613	4233027	2
3472962	3471792	1
8570472	8570471	1
6699705	6757769	1
4592575	4592444	3
7769158	7769152	1
5640236	5633320	1
7773283	7770354	1
8558765	8558766	2
3067385	2791294	1
1074219	1074220	2
12184137	12183816	1
4750798	4750797	1
6487011	6486974	1
11004298	10969359	2
4364820	4366178	1
10172185	10172186	1
6850943	6850944	2
11933620	11933619	1
1333205	1333206	1
1286151	1286152	1
2375303	2375304	1
10466645	10539284	1
9779812	9417515	2
8339054	8339053	2
2705949	2706256	1
2215533	2209648	2
1964664	1964663	1
6392494	6392491	1
2601119	2601120	1
3475834	3475833	3
6739627	6739630	1
12019134	12019131	1
2838857	2838858	1
2542269	2542037	1
7778129	7778130	3
2246416	2246415	2
4406082	4406080	1
11663327	11663328	2
4745755	4745767	2
4746177	4746178	1
10113740	10113974	3
10553551	10695287	1
152193	32392	1
1374768	1374557	1
6985977	7001359	1
2337496	1957096	1
8148467	8148470	1
1205311	1205312	1
2569046	2562032	1
7812314	7608095	3
1872643	1872644	1
11043881	11043882	1
4468793	4468794	2
7049710	6885793	2
4812175	4713167	1
7892464	7876919	1
6503481	6503482	2
5275162	5275161	1
599038	599037	1
7997088	7996843	1
1482697	1483032	1
6475283	6475286	1
7628825	7628416	1
6718837	6718877	1
11932587	11932588	1
5975615	5975616	1
6986065	6993775	1
1693126	1693130	2
6952424	7018706	1
1607226	1607225	1
1480454	1480310	1
77062	77061	1
9846712	9846575	3
3677015	3670458	1
11263541	10344345	1
11719298	11719295	1
7279152	7278722	1
9767210	9767179	2
996079	996080	1
8321723	8320456	1
11965221	11965222	1
1190993	1146312	1
2370484	2370419	1
4481700	4397334	1
6195035	6195037	1
10281321	10276146	1
8632691	8685197	1
6925955	6892127	1
1986076	1986109	1
1100568	1100565	1
948349	953331	1
7684432	7684404	1
3960869	3960872	1
3469113	3469114	1
11802209	11802210	1
6440163	6440164	1
5287251	5287263	1
12285275	12285276	1
1744774	1744769	2
6857225	6857243	1
12772506	12773566	1
3769251	3769252	1
4818831	4819532	1
6952424	7018704	2
2000421	2000424	2
2587231	2587232	2
4851244	4851243	1
10612051	10600358	1
8411925	8411926	1
12275995	12275996	3
9930605	9930606	1
11882656	11882653	1
612337	6749201	1
2467991	2468007	1
1135991	1135992	1
11423214	11423996	2
8357200	8357199	1
6949351	6949352	2
2782337	2782366	1
6948484	6948483	1
3651158	3651157	1
8900095	8900091	1
4935037	4935071	2
2999888	3001024	1
6949353	6949354	3
3083216	3083151	1
4080093	4080094	1
7100949	7100950	1
2876206	2876203	2
4393647	4393648	1
12550212	12550211	1
11267522	11267521	1
10224669	10224670	1
5981778	5981777	2
12049263	12154153	1
10206882	10206942	1
6816547	6816548	1
9455796	9535156	1
656025	656026	1
3320192	6106425	1
5818033	5818071	1
5367811	5370137	1
7470263	7470264	1
3961845	3960112	1
8315001	8355629	1
10397915	10397784	1
10713942	10716777	1
10219111	4103626	3
10121553	10121593	1
11510504	11478658	1
280800	280834	1
9981945	9961506	1
11834941	11834944	1
9424048	9424047	1
6008798	6008790	1
2380751	2381010	1
6349546	6349545	1
5425523	5428679	1
5430840	5430872	1
4919599	4919655	1
9807593	9813588	1
367356	365659	2
11439992	11439985	1
5773878	5777913	1
6514369	6514370	1
7757899	7757904	1
12156627	7695417	1
10927138	10927133	1
1216337	1215282	1
7892466	7892465	3
8835506	8844812	1
12017698	12017697	1
10107592	10107591	2
12769108	12769126	1
10519209	10519210	2
12616793	12613574	1
4469420	4469419	1
4515414	4516233	1
8922346	8922170	3
5096089	5012188	1
8249344	8249343	2
6961117	6838147	1
3755057	3754648	1
5520610	5530120	1
736752	736760	1
1654847	1545763	1
5129108	5129107	2
3275117	3275118	1
4027649	4028747	1
1461600	1461504	1
3525053	3526105	2
4545328	4545327	1
6525937	6525696	2
8579532	8579531	1
1525875	1525876	1
837612	844479	1
7466485	7457838	1
5740436	5740435	2
6018430	6018429	2
249510	249872	2
1274076	1274071	1
306916	306920	1
10775274	10775273	1
11584155	11584384	1
5144323	5144326	1
3519370	3519373	1
400110	400107	1
2460500	2461166	1
10846008	10846058	1
6674310	6778159	1
5853465	5945108	2
5296403	5296394	2
7100816	7100015	1
8816940	8818179	1
4051463	4051441	1
9328062	9327855	1
11573557	11565756	1
12720548	12699281	1
460253	460243	1
5464724	5465941	1
3196429	3196430	1
9264005	9263008	1
6188635	6188685	1
11769452	11767174	1
9146112	9146111	1
846437	846438	2
9056828	9056719	1
4668191	4668192	1
6514365	6514370	1
3189538	3189533	1
5317147	5317145	1
1299785	4036492	1
5042494	5042480	1
4543835	6019537	2
3196843	3196844	3
7742204	7741974	1
5960307	5960210	1
2505740	2505697	1
1572415	1695930	1
3930628	3930758	1
5132551	5132552	1
2166470	2166126	1
6042144	6042114	2
8359876	8359875	1
3855828	3855823	1
2738104	2759470	1
2293565	2293566	1
1521079	1521098	1
3328634	3328631	1
7446256	7446255	2
314865	314927	1
2587227	2587230	3
7763191	7763264	2
2055350	2055349	1
7093778	7093777	1
718914	718863	1
4233363	4233364	1
8043771	8043551	1
1362066	1366476	1
5475912	5525073	1
504765	504821	1
10753858	10752973	2
9823432	9817260	1
8882185	8882186	1
8163430	8163470	1
8897622	8897468	1
4404579	4404580	1
266823	266824	1
425924	425923	1
10113046	10112775	1
5377616	5377615	1
3529235	3529372	1
1512636	1236851	2
2728935	2728936	1
11162321	11162322	1
351015	353483	1
5360714	4380092	2
6693478	6693446	1
4364151	4264646	1
1552477	1552478	2
183608	183607	1
12490034	12490033	1
5972021	5972022	1
1517653	1517656	1
4057836	3768115	2
11528129	11528130	1
2250497	2306417	2
7707410	7709555	1
8368331	8368332	1
4231443	4231368	2
4516978	4516977	4
10900845	10900963	1
9901492	9901491	1
10673048	10673047	2
3748418	3748417	2
8040898	8041422	1
1205048	1134609	1
5963973	5963974	1
7823716	7824076	5
11119969	11119547	1
269523	228978	1
7658214	7658213	1
4018667	4018675	1
11519159	11518705	1
4365993	4365994	1
11104933	11104934	1
11735664	11735663	1
9395	9396	2
9984261	9984262	1
3426196	3426195	1
5501160	5297204	1
5340866	5340865	1
1692680	1692675	1
3039382	3039381	2
4560511	4560512	2
4012425	4012426	2
12731771	12731772	1
1422158	1422157	1
338669	338687	1
2846819	2833025	1
4763226	4763168	1
9689952	9760242	1
5735942	5735941	2
8643316	8643315	1
9350518	9350476	1
3475836	3475835	1
9033141	9034930	1
1693128	1693127	2
780006	929847	1
9525481	9524950	1
1935403	1938642	1
12798634	12800918	1
5933495	5933496	1
3142388	3149173	1
588222	587631	1
9516932	9516931	1
6556125	3530110	1
4986989	5055542	2
10344038	10344037	1
7741210	7741189	1
5527184	5527183	2
2174455	2174456	2
7446240	7446237	2
7707639	7707640	1
8216151	8216152	1
11612379	11612380	1
1972382	1971743	1
10088745	10088746	1
6152731	6152732	1
11775137	11775138	1
9498018	9497909	1
2924595	2924596	1
5952538	5952704	1
4055383	4055386	1
1448947	1451514	1
5127407	5127438	1
11021595	11021600	1
8031581	8031582	1
9819812	9823000	1
8062919	8064166	1
5957111	5957112	2
1610206	1609475	1
4538529	4722795	2
9027832	9027831	2
7225120	7225119	1
11245341	11245738	1
5053724	4992443	1
7933871	7933874	1
2083358	2083357	1
6554865	6793719	1
3200392	3199974	2
5976348	5976320	2
9947137	9947083	1
2333761	2334228	3
6296588	6296559	2
7399682	7223486	1
9712950	9712953	1
10793600	7939152	1
12757633	12757634	1
7880305	7880414	1
8175102	8175101	1
1710171	1710172	1
8961388	8961385	1
2204870	2204854	2
2565817	2565804	1
3988742	3988741	3
6108815	6108816	1
10677971	10686773	1
3834738	3834737	1
4692740	4692721	1
3412563	3412516	1
11699518	2828457	1
7763189	7763190	2
1107396	1107393	2
4582711	4582712	2
4083257	3947700	1
8893302	9101065	2
10865323	10865324	1
4049050	4049049	1
9887346	10224079	1
4458553	4671285	1
5642015	9256206	1
9795213	9795222	1
75674	75099	2
5605788	5605787	2
10279205	10279206	1
9866692	9866704	1
11390513	11390470	2
8643318	8643317	1
12131535	12131536	1
7532539	7532564	4
3370027	3370028	1
605753	605756	1
10831476	2859045	1
6582811	6589661	1
4671977	4671982	1
10827646	10827643	1
9626949	9626950	2
1326778	1326741	1
2226862	2226861	1
3477701	3477711	1
217542	217541	1
900138	900137	1
7975004	7975001	1
3718718	3718717	1
3035967	3035968	3
3121104	3121103	2
2846539	2846540	1
11342817	11342820	2
8287414	8287411	1
4042194	4042193	1
6108817	6108818	1
7064833	7064836	1
4436405	4434914	1
7072616	7072839	1
7493561	7493564	2
11622028	11622080	1
11932955	11932069	1
2185539	2185540	1
11774823	11928788	1
4746993	4746994	1
3655028	3655027	2
9318878	4572813	1
9911421	9941759	1
8415533	8415534	3
346187	451759	1
10935454	10936180	1
12381421	12381900	1
8903781	8903784	1
6582809	6589661	2
2728145	2726166	2
11705803	11705762	1
5490828	5489414	1
4351849	4351850	1
1165691	1165692	3
546644	546641	3
7917568	7917567	2
10228046	10228045	3
1794577	1794580	1
4798618	4798617	1
8505684	8505758	1
4165149	4165150	1
9488034	9484577	1
7013608	7013607	2
4078337	12515820	1
6442458	6442430	1
3295313	3296558	1
11797936	11797935	1
9358372	9358371	1
12673842	12673841	2
6284591	6284592	1
7933875	7932616	1
9660250	9775428	1
12265041	12265042	2
9500792	9500815	1
1100570	1100565	1
11160881	11166083	1
5809672	5631418	1
7952462	7952461	2
4091861	4091865	1
3788934	3788545	1
7407467	7407468	1
6007973	6048981	1
7383619	10584294	2
546642	546641	1
3640194	3455000	1
10539438	10540077	1
11699183	11699169	1
8452686	8452822	1
5702495	5702496	1
5839661	5824427	1
7820336	7820350	1
1087083	1087084	1
5168244	5168266	1
7912858	2123338	1
10751598	10751606	1
5328029	5328032	1
11407283	11408430	1
682059	792815	1
9422537	9422535	1
9866646	9866645	1
10466059	10466223	1
4079081	4079082	2
4642399	4594248	1
226386	228062	1
4626371	4626372	1
11183751	11183752	1
8018174	3192403	1
10111862	10111859	1
10722935	10722938	1
11671933	11671938	1
10359537	10394360	2
3927286	3931019	2
12526169	12526174	1
3988738	3988737	2
51941	52020	1
7892466	7892461	1
4073081	4073082	1
8273967	8268879	1
89875	34839	1
1759074	1759073	1
4221272	4221271	2
11956673	11959026	1
3770787	3773712	1
6455980	6452201	1
10565885	10565890	1
10064763	10064464	1
7850643	7850503	1
3859894	3860786	1
434519	434520	1
6471630	6471629	1
6379051	6378986	1
846439	846496	2
10539395	10538929	2
2991965	2991845	1
360996	360995	2
7546952	7546951	1
12180954	12180951	2
12574654	12574653	1
12036105	11231522	1
4066161	4054069	1
11780192	11780191	1
1100570	1100569	1
9689594	9689374	1
11615546	11613951	2
6288272	6288269	2
7343922	7358768	1
3664551	3663070	3
2049133	2049293	3
6167254	6167267	2
9356348	9356347	1
7085005	7086812	1
5550762	5550761	1
2306416	2306415	1
8733963	8733964	1
4696563	4696560	1
12749131	12749132	2
274985	274636	1
1779767	1779770	1
1248636	1248635	2
3976327	3976328	1
11548778	11548764	1
11619424	11619423	1
5712695	5712589	2
1908991	1908992	2
1053553	1053558	1
7567789	7567792	1
11765413	6926035	1
10340198	10340204	1
11674985	11674986	1
7446258	7446257	1
1851444	1851218	1
11613972	11613971	2
1120377	1120378	1
12324131	12324132	1
2840730	2994948	1
1710928	1710927	3
7244926	7244923	1
4036130	3827422	1
8043055	8043056	1
4038385	4038386	1
9392883	4792838	1
9309545	9310060	1
11640704	11612723	1
1051121	1050416	2
5711658	5636533	1
11769731	11769744	1
529150	529149	1
8968180	8968179	1
608402	623309	2
2339457	2332392	1
1526764	4756224	1
3228590	3228593	1
8080968	10244535	1
10091909	9844124	1
2346768	2343397	1
3306652	3149758	1
3503855	3503833	1
12659802	12659801	1
5430873	5430874	1
8995246	8995048	1
3813852	3813862	1
3610711	3724033	1
10376386	10376385	3
3996902	3996877	1
11523674	11523673	2
6665543	6665533	1
2991961	2991962	1
7243754	7187997	1
700383	701661	1
1422156	1421560	1
12331219	12330886	1
2034008	2034005	1
3450678	3414162	1
6445445	6443765	1
6197239	6197248	1
2231847	2231848	1
6994129	6994076	1
5655937	5655940	2
8277865	8277866	1
3240727	3240730	1
10493264	10490378	1
1298888	4016083	1
10852936	10946734	1
12048077	12048171	2
3111647	2864705	1
8101990	8102300	1
4182662	4181947	2
11234733	11234694	1
1908989	1908990	1
5259071	5259132	2
8923842	8924190	1
5750515	5750516	1
6682770	6681899	1
2453307	2453310	1
5048432	5047393	1
7184285	7184286	1
1185849	1185840	2
8903785	8900613	1
3660191	3650423	1
7150283	7150286	2
11885110	11885109	3
6439265	6440162	2
4340849	4340354	1
5735309	5735329	1
4516980	4516979	1
6572954	6572951	1
10586797	8257360	1
12118697	12118700	2
7886409	7886431	1
185975	185976	1
10390897	10390310	4
10390897	10390312	1
1024209	1024210	1
8805910	8805888	1
1514775	1514776	1
6949349	6949350	2
1290512	1304058	2
5079330	5079329	1
9167013	9167014	1
4393645	4393646	2
8557078	8557075	2
7806544	7806543	1
7235868	7235865	1
2648631	2648632	1
12441318	12441315	1
10359784	10359650	1
7605092	7605089	1
7225122	7225119	1
11158907	11158524	1
4431518	4291516	3
6736306	6735831	1
10680620	10681495	1
11075300	11078030	1
10347642	10347658	1
3927416	3963884	1
83854	147027	1
8633449	8920313	1
12722088	12722163	1
4599281	4599284	1
731983	731984	1
11523676	11523675	2
11170427	11103527	1
1901523	1901524	2
8758344	8758343	1
6940616	6940615	1
8266124	8266117	1
10224667	10224668	1
7792941	7828254	1
9921699	9921861	2
10933233	3494998	1
10760797	10760938	1
9767782	7345292	1
5544234	5542297	1
9696	9695	1
9911416	9911415	1
8415535	8415536	1
9486674	10698711	1
8545642	9518956	2
11875970	8810388	1
2631539	2629129	1
2381204	2381193	1
4594249	4594250	1
1244709	1022335	2
2204438	2204437	3
10107588	10107587	2
1286021	1286042	1
10281319	10276146	1
7267606	7267593	2
10331959	10331960	1
7253103	7261361	1
6171002	6171001	1
2657080	2657068	1
11959921	11232150	1
1674258	1674257	1
8287416	8287415	2
5128641	5128642	1
6476006	6476001	1
586252	586154	1
1569960	1569933	1
319548	319562	1
8812184	8812444	1
8543644	8543896	1
10442628	10442627	2
6677235	6677236	1
1596515	1596472	1
6841286	6998310	1
6443909	6516409	4
7994976	7994975	2
4876467	4876078	1
11796184	11785234	1
1701382	1701333	2
5355973	5355915	3
7807172	2592229	1
11171660	11171659	1
1542570	1542569	1
11569033	11568992	1
9516748	9421691	2
6454307	12209010	1
3315094	3354885	1
299319	299088	1
8080970	8080969	1
5591099	5591102	1
5639303	5639304	1
3855828	3855821	1
3531359	3531360	1
4626332	4759536	1
3922246	3922245	1
4739841	4739842	3
5712585	5712586	1
11900233	11900234	1
3928444	3928443	2
6344499	6346342	2
10686148	10686147	1
11629523	11629524	1
9251062	9251070	1
7490607	7490608	1
8424471	8424476	1
12201851	12201852	1
7972667	7972670	1
166209	166210	3
865841	863158	1
4023360	3998766	1
3153020	3153019	1
8734184	8734183	1
10984039	10991639	1
7875679	7875680	2
4102440	4102113	1
2176493	2176421	1
2210323	2211503	1
12123180	12123179	1
986672	986700	1
7180909	7180885	1
12509126	12509170	1
3921168	3921167	1
9504748	9388695	1
4226184	4226165	1
7100947	7100948	1
11984203	11984240	1
4618064	4618063	1
7786826	7786825	2
3572345	3570428	1
9561632	9561639	1
5252017	5252018	1
1636958	1636957	1
9911414	9911413	1
7893302	7893301	2
8487178	8487177	1
8814403	8814404	1
167061	167062	1
7691708	7690763	1
10063285	10063389	1
1555513	1555514	2
487858	487857	2
5055545	5055546	3
7494354	7489328	2
2779748	2648986	1
8605244	8605240	1
1636747	1636256	1
3633117	3599520	1
3161059	3161060	1
3887669	3890296	1
4073084	4073080	1
8819833	1581067	1
3987695	3987696	1
364593	364594	1
7017818	7017817	1
3361515	3318092	1
4233323	4233331	1
2578180	2560494	1
10824608	10824607	1
11078031	10972723	2
1832959	1832953	1
3199975	3199976	1
7383621	10584294	2
11859725	11859752	1
5489117	5489118	1
4742897	4742898	1
7718084	7718104	1
8378153	8374555	1
11620005	11620006	3
945318	945317	1
10207555	10210375	1
354096	673077	1
8972404	8972751	2
9336639	9234422	1
9179620	9194744	1
10919892	10919889	1
11998433	12151503	2
5842982	5805311	1
6569566	6569565	1
7741212	7741211	1
7775110	7775112	1
10440299	10440300	1
10761557	10761558	1
12730972	12730943	1
11498975	586179	1
10808174	10808173	1
10351232	10346529	1
4377891	4379368	1
6739627	6739628	1
5518564	5429496	2
7427662	7427659	2
4822955	4807107	1
9900396	9900441	3
8617998	8618062	1
905212	905448	1
5446957	5449968	2
395312	395311	1
6652652	6584119	1
5087680	5088150	1
2685911	2685934	1
692222	692437	1
5261849	9257208	1
2240481	2240482	1
12518245	12520199	1
180226	180301	1
4104933	4104934	1
6701274	12640433	1
4289420	4289349	1
3414163	3414164	1
12600251	12624496	1
9807795	9807745	1
9999910	9997102	1
5793511	5793325	1
4467853	4155481	1
12048168	12046278	2
1781745	1801348	1
2075322	2075387	1
5769546	5770800	1
6514365	6514368	1
8600939	8600940	1
8034776	7995283	1
2845770	2845769	1
8355630	8355629	1
6566313	6566316	1
3514732	3514715	2
7315451	7315452	2
7206950	7206972	1
12404467	12414979	1
11918845	11918848	2
5165339	5165340	1
3769251	3769254	1
2365932	2294702	3
6086217	6086218	3
11171662	11171661	1
4954840	420569	1
12778302	12778279	1
217202	212724	2
910724	910727	1
9496896	9496895	2
2133527	2131822	1
2156062	2156109	1
11397875	11397804	1
10904473	10981218	1
6329824	6329823	3
8287410	8287409	1
566370	342058	1
3967997	4040396	1
2067356	2067355	1
6940113	6937803	2
6402287	6402094	1
5919229	5919497	1
7738245	7738198	1
10707358	10707357	2
6417795	6417796	1
2735324	2735327	1
6273223	6503588	1
8974296	8974276	1
1011973	1011974	1
9007067	9007056	1
10673052	10673049	2
6474735	6474729	1
929863	929864	1
9057600	9057599	1
1534932	1535011	2
10944382	10944381	1
3044043	3044053	1
4303896	4303895	1
6824971	6825580	2
11063953	11063954	1
977432	977431	1
8602162	8431688	1
1165695	1165696	1
6231719	6232464	1
9713988	9713987	1
8464713	8465520	1
2449039	2449040	2
11160939	11161646	1
11528129	11528132	1
1240697	1240698	1
3031030	3101373	1
7310513	7310514	1
11550850	11316066	1
10567132	10567131	1
11536719	11536720	1
3301121	3301122	1
1831847	1532195	1
1468588	1499543	1
8098239	8179785	1
11383912	6559998	1
11228833	11228836	1
6931645	10238150	1
5653402	5653401	1
3203790	3203769	1
4052686	4052438	1
81984	83033	1
10300831	4093148	1
11746128	11746127	1
3664377	3664602	1
3097309	9956359	2
12120110	12120109	2
4233367	4233326	1
4400538	4400535	1
10622421	10622446	1
1737713	1739178	1
11746130	11746127	1
10169619	10169620	1
1943574	2117783	2
10698272	10702396	1
9694598	9694595	1
9634782	9634844	1
10229184	10227303	1
609197	611303	1
303673	303674	1
6392364	6392367	1
5299670	5299090	1
8939672	8746889	1
12538604	12623819	1
1890838	2075764	1
1760383	1760316	2
3814369	3814370	1
9289597	9289542	1
7870729	7870730	1
9635347	11873167	1
10611178	10611177	2
12526167	12526168	2
5126544	5126543	1
5587915	5585431	1
670987	671004	1
474689	474690	2
2838616	2838613	1
4510925	4510926	1
966876	966872	1
6018428	6053970	2
11277517	11275125	2
1529561	1529606	1
51941	52018	1
10908774	10908771	2
2210695	12253088	1
8692463	8689757	1
6549746	6549745	1
2511685	2511686	1
9862968	9862967	1
9892263	9892266	2
5587104	5369317	1
3856951	3856952	1
4702362	4702359	1
4105572	4018453	1
5675321	5675242	1
5876728	6099127	1
2040277	2037564	1
9471028	9585114	3
11357620	11357619	1
8317149	10468830	1
12537666	12537633	1
1112383	1112384	1
3488148	3488147	1
8336214	8281697	2
8987613	8987614	1
1599023	1599024	1
6311379	6311389	1
4248324	4205988	3
10971088	10971301	2
10826176	10824609	1
4517790	4517787	1
3090741	3090757	1
7538358	7537254	1
10931034	10930587	2
7894495	7894496	1
1602050	1602070	1
3975962	3975950	1
7093069	7183549	1
2975004	3017870	2
11235805	11236435	1
6924855	6924858	1
4830093	4348026	1
10894505	10893847	1
9980103	9979095	2
6468630	6468629	1
5723162	5832038	1
11203128	11203140	1
12675028	12674675	4
5764499	5764601	1
12042054	12042062	1
10622421	10622444	2
10687801	10572905	1
1216335	1216336	1
729907	729910	2
10521982	10650344	1
4300106	4300101	1
2893922	10826893	1
12735475	12728658	1
3883501	3913108	1
12343999	12344000	1
8179198	8179197	1
11526366	11572150	1
3863920	3861362	1
6984429	6984430	1
7742379	7742380	1
7413798	7411059	2
7806545	7806546	3
10686146	10686145	1
7646577	7646584	1
5113595	5113596	2
11597916	11597915	1
7369355	10652233	1
11586019	11586010	1
6931645	10238146	2
12663842	12664625	1
601438	601456	1
6945226	6945313	1
6674312	6674311	1
2046326	2046197	3
8182879	12647321	2
1538929	1538860	1
1837225	1837226	2
2081726	2160594	1
4555746	4475877	3
1657945	1657946	1
12714557	12714560	1
8643318	8643315	2
11920282	11916359	1
3358811	3358798	1
6561804	6561816	1
1289136	1286831	1
11514363	11514364	1
9474939	9474903	1
8902185	8968181	1
6781372	6777117	1
11410581	11410618	2
7262015	7262018	1
4850501	4850502	1
2455573	2456246	1
9341976	9310747	1
1845639	1845640	1
9358370	9358373	1
1632789	1478535	1
3596500	3588511	1
7907139	2309718	1
11880267	11880268	1
7646800	7646799	1
9859231	9859232	1
10390899	6887919	1
1062110	1062107	1
6503479	6503480	1
3960871	3960872	1
7392120	7395053	1
5881268	5981672	1
4386579	4304351	1
11097053	11097054	2
3813604	3813603	1
2771310	2771309	1
9320306	9320314	1
5155143	5155144	1
10281319	10281320	2
9177573	9177574	1
9612060	9612041	1
2593270	2593269	3
11940315	11937616	1
5226030	5226029	1
9581188	9581192	1
3816715	3816716	1
12468214	12467875	1
4725744	4725688	1
10464757	10464501	1
2749244	2756755	1
12600231	12601301	1
10402903	10402904	2
5735940	5735939	1
1517378	1517503	1
8487171	8487179	1
11887644	11884763	2
1166019	1165261	1
7446453	7446454	1
5723164	5723163	1
1780423	1780424	1
6572908	6570253	2
4260239	4260403	1
1166039	1165257	1
147316	147263	1
6701276	6701275	1
7943515	7944213	1
5511949	5511954	1
12673853	12674287	2
5021017	5022380	1
9085517	9085518	2
1036232	1036231	1
1389444	1389447	1
3951036	3951035	1
9984873	9984874	2
5317939	5484853	3
7870727	7870728	1
9694596	9694595	1
3529235	3529236	2
4012427	4012428	1
7997273	7997274	1
1042386	1042385	1
5447477	5450065	2
3933453	3945194	1
5723164	5832038	1
11776513	11777162	1
8477474	8339055	2
11882402	11882399	1
10244534	10244709	1
166211	166871	2
5992030	5973371	1
458992	459069	1
10543239	10543240	1
11333856	11333864	1
2485251	2485252	1
3741219	3741377	1
10233781	10233822	1
8676326	8676325	1
6778672	6778671	1
3930037	3930041	1
8961384	8961383	1
8084423	8084454	1
1268928	1268931	1
9706573	9706558	2
8444497	8443007	2
5003138	5003137	1
5508178	5489118	1
11475732	11475807	1
5842834	5842833	1
9314622	9314621	1
5582696	5582693	3
11611346	11609132	1
9196133	9196127	1
5750694	5750514	1
4089634	4089633	1
7450765	7450766	2
4075963	4075672	1
8426219	8501583	1
8206798	8242033	1
6260298	6267991	1
11864264	11864255	2
10137690	10276534	2
5013773	3551917	1
9834971	9834972	1
8734182	8734181	1
8816919	8816920	1
9829367	9829268	1
7190709	7186247	1
8479207	8479208	3
9677162	9677159	1
8278031	8278032	1
9957307	9957312	1
12489990	12490035	1
4570762	4571445	1
2084083	2084084	1
7008281	7008282	1
2758371	2956642	1
12699020	12779594	1
7621926	7615057	1
3517337	3517338	1
11305421	11305381	1
5555118	5554611	1
2235540	2235365	1
1702070	1702067	1
12740986	12770366	1
8954796	8954789	1
9351779	9349168	1
10766526	10766525	1
10283430	6523419	2
1194470	1197093	1
8081634	8083603	1
4599285	4599286	1
10704046	10506088	1
1685407	1685408	1
10048712	10048107	2
1352677	1356050	1
4019351	4027403	1
10465905	10465661	1
11416811	11416812	1
4735874	4735873	1
12419334	12408219	2
3570500	3570499	1
9807844	9807794	1
4188049	4178514	1
5552668	5552744	1
9784589	8377896	1
3455369	3455370	1
4544833	4544834	1
2417883	2417658	1
7695354	7693147	2
11697647	11697648	1
3570498	3618633	1
1231375	1231377	1
729909	729910	1
717801	717804	1
1712165	1712119	1
3565636	3565635	1
10106319	9845589	1
6327342	6327341	2
7831531	7831532	1
3984181	3984522	1
11642545	11642546	2
3875667	3875668	1
3471793	3471794	1
4523957	4523958	1
2381312	2380037	1
6781340	6781286	1
9149561	9149562	1
3039380	3026581	3
2397400	2397494	1
4290652	4290266	2
4739837	4739838	2
12600251	12624498	1
1468588	1468587	2
11346185	11346186	2
11256623	11256624	1
1067761	1067762	1
8861230	8861114	2
11619422	11619419	1
1966445	1966446	2
2438409	2379238	1
4475843	4475844	1
11824659	11824660	2
4259593	4259426	1
1554869	1554824	1
6943110	6943107	1
7894497	7894498	1
11288490	11288489	2
9518828	8564386	1
6610783	6610784	1
7340904	7386899	1
9486676	9486675	2
9731290	9731289	1
2777060	2650256	1
3306189	3306595	2
6661298	6661295	1
6147775	6147776	1
1100525	1100571	2
4115191	4115200	3
7404933	7413801	2
12036103	12036104	1
3928442	3928441	1
7100951	10030449	1
7367456	7367382	1
12673505	12673724	1
9293337	9293338	1
10697026	10697025	1
8974148	8939459	2
10111388	10111365	1
9064444	9061696	1
4668763	4668671	1
3988740	3988737	1
11850999	11756059	1
899716	898051	1
7610576	7480646	1
11903900	11903899	1
11106505	11168296	1
5708822	5697877	3
11063652	2872504	2
10046450	10046601	1
1826967	1826968	1
3306647	3306648	2
3985153	3985154	2
11567419	11567117	3
3413422	3413421	2
1779767	1779768	2
872911	869468	1
5999214	6051187	1
11584385	11584386	1
786792	776531	2
11360774	11360234	1
2211502	2211501	1
7967268	7967263	1
9766329	9766768	1
3204514	3204513	2
11538050	11538049	1
12016497	12017699	2
3113105	3113852	1
504365	504366	1
7092908	7092905	1
2020201	2020291	1
11348964	11530691	1
7549617	7549810	1
5284400	5284399	1
10193294	3204929	1
10707363	10707364	1
8633448	8633447	1
10299852	10299851	1
9713380	9713989	2
3328636	3328635	1
7923615	7944922	1
4551214	4551213	2
5727222	5628268	2
6651987	6651911	1
7654306	7675137	1
11584457	11584259	1
7256363	10473534	3
3865591	3865592	1
4231369	4231370	2
6123096	6123095	1
9585247	9585267	1
8998445	8998436	1
7240071	7240072	1
4811748	4811747	1
1552479	1552480	1
3196425	3196428	1
11674987	11674990	1
12178768	12178729	1
1632789	1478533	1
2852626	2852625	2
2167347	2167455	1
12174295	12174296	1
10719354	10719353	2
8364978	8364977	1
8564804	8558764	2
6873071	6873072	1
11880287	11880288	2
9767210	9767177	1
12489990	12490037	1
11934499	11934502	1
10053901	10053904	1
5585432	5585431	1
4179040	4179037	1
3320194	3320193	1
9228786	9228814	1
10240577	10240578	2
11612381	11612382	2
9912862	9912855	1
6231186	6230214	1
2270821	2270824	1
4120995	4120996	1
789848	788122	1
7829449	7823217	1
10111364	10111363	1
10719352	10719349	2
7082501	6939314	1
10568230	10568229	1
4095973	4095960	2
5885562	5906107	1
4151457	4151009	1
10690605	10579253	2
905329	4566781	1
535432	535431	1
2008915	2008916	2
3264050	3264049	1
2753375	2753386	1
5976629	5918444	5
11641446	11641464	1
3500698	3500762	1
11788269	5439787	1
6244699	6244702	1
2077776	2077881	1
11940152	11940151	2
3642827	3642828	1
5757570	5757569	3
5215063	5343316	1
3857005	3855750	1
7703264	7703263	1
3208109	3198386	2
10107590	10107589	2
8099677	8099510	1
6835466	6835425	1
798607	805087	2
10624415	10706102	3
10707356	10707355	2
645568	645582	1
12397588	12395976	2
6214914	6214913	1
9577189	9577208	1
12598627	12598765	1
10760739	10760740	1
10157805	10158162	1
5640240	5640239	1
10710724	10710640	1
2426529	2426530	1
7778127	7778128	3
4039994	4039993	4
6123094	6123398	1
11017341	11017342	1
2977174	2977173	1
6551982	6551981	2
10846709	10846640	2
1273994	1273993	2
10758555	10487423	1
9329516	9329515	1
1582078	1581675	1
9787682	9787681	1
7278538	7294275	1
8424471	8424474	1
8449207	8447343	1
5063916	5063915	1
7115422	7115106	1
11642543	11642544	2
7137947	7138898	1
3857500	3857499	2
8675267	8676325	1
5459758	5459755	1
9956358	9954814	1
4555099	4555100	1
7352642	7352641	2
5992560	5992557	1
3144054	3144051	1
518057	518058	3
2228489	2228490	2
9342400	9342374	1
7073673	7073669	1
4690773	4690774	1
11071110	11071820	1
2865279	2865280	1
1964662	1964665	1
3370685	3370686	1
3329953	3329954	1
3932467	3932468	1
7994974	304526	2
4475856	4475849	1
10454061	10454179	1
10375566	10375565	2
6722568	6722567	1
3420914	3501727	1
166211	166869	2
6390328	6390460	3
12389181	12389182	1
6403361	6403369	1
5096761	5096754	1
4814018	4814068	1
3597517	3597345	1
7893300	7893299	1
2387843	2387846	1
5231168	5326038	1
9437029	9437032	2
11346185	11346188	1
9265413	9263042	1
9740536	9740533	1
3757567	3757568	3
12613036	12613107	1
7070946	7080221	1
9672216	9663745	2
4025136	4025157	1
4577935	4491435	1
4267986	4270790	1
9027830	8810984	2
765743	766026	1
4233365	4233366	1
2453311	2453316	1
43959	43962	2
4501028	4501027	1
6476000	6475999	1
10944380	10944379	1
4583815	9254510	1
9939998	9877992	1
2723561	2723562	1
4516976	4516975	2
8781532	8816918	1
10287537	10287328	1
11495500	11495496	1
2832946	2832945	2
6978240	6978239	1
10969151	10969152	1
6257129	6256999	1
7432755	7432756	1
930975	930976	1
7261165	7261169	1
3389962	3390226	2
11351267	11351278	1
1527304	1527271	1
4052447	3931878	3
9689873	9689099	1
6750699	6754636	2
1992104	1992103	1
949613	949614	1
10355344	10446647	2
1380686	1380595	1
9124538	9124537	1
4097743	4097744	1
8279247	8279248	3
10503134	10503066	1
6441725	6441726	1
7446451	7446454	1
10317155	10317156	1
2608427	2608430	1
6649065	6648934	1
3110421	3110422	1
1892945	1892946	1
4089952	3904133	1
1502036	1451564	1
5534562	5534561	1
2483283	2483286	1
7688994	7689020	1
6354519	6356755	1
6539007	6539008	2
11619735	11619739	1
1725668	1725455	1
1636958	1636993	2
8639780	8639743	1
10288295	10288298	1
4233026	4233025	2
4831334	4834114	1
7546950	7548776	1
1764111	1764112	1
37441	37442	1
6542049	6542076	1
7952460	7952459	1
5558708	5558737	2
660107	660026	1
7519697	7519698	1
2084085	2084086	1
11479160	11479159	1
11850244	11850243	1
6868927	6868928	2
7206950	7206970	1
2214197	2211500	1
4787611	4787612	1
3196847	3196848	1
6363066	6363063	3
4551216	4551215	3
752117	752118	1
9846714	9846713	1
7788905	7789013	1
9732334	9732316	1
8101992	8102300	1
800440	800439	1
7427664	7427663	1
4515423	4515336	1
3428248	3429631	1
6331242	6330464	2
2511732	2511716	1
4276506	7694020	1
11410619	11410620	1
2033990	2034004	2
8806889	8814402	1
7240245	10491870	1
2107943	2107944	1
5740436	5740431	1
10326550	6289688	1
4681578	4681539	2
9698743	9698744	1
7023448	7023066	1
3984151	3984203	1
189005	262518	1
12720550	12720549	2
9096455	9096537	1
4677308	4677305	1
9013637	9013638	1
5307953	5307956	1
7784058	7786827	1
11863789	11863790	1
12300903	12300904	1
11899681	11886093	1
3743203	4094781	1
11023176	11023175	3
4055383	4055384	3
6611028	6610780	2
7788685	7784085	1
7760441	7760444	2
6484689	6484690	1
6767502	6767501	1
4706935	4745524	1
3745993	3745996	1
8244250	8244249	2
8209033	8209034	1
12019134	12019133	1
3912146	3912138	1
10480340	10480339	1
3932465	3932466	1
4290091	4237313	1
52019	52020	2
11584153	11584154	2
4722794	4722793	1
11043879	11043880	1
3781063	3781064	1
9301956	9301955	1
1457384	1457034	2
1202631	960592	1
158419	158420	1
2688837	2656592	1
3807032	3809602	1
1582743	1582744	2
12389240	12385952	1
6505252	6505251	2
10873011	10826554	1
2147939	2147940	1
8225301	8225302	1
7276478	7398184	1
7600818	7600811	1
1512651	1512652	2
12264613	2211569	2
12047757	12047824	2
11299226	11299225	2
6214912	6214897	1
4097673	4097721	1
7311558	7310510	2
1563876	1563869	2
6566313	6566314	3
7407469	7407534	1
7620948	7620937	1
976784	997199	1
4437855	4437856	3
843672	843655	2
12809966	12809965	1
1542568	1542399	2
1032598	1039977	1
5590500	5590499	1
1580999	1584812	1
7677	7678	1
11327037	11327038	1
10340428	10340321	1
733409	735200	1
10908772	10908771	1
11246510	11246505	1
5462303	5462304	1
5364769	5367972	1
6830326	6977833	1
1837227	1837228	2
407746	406445	2
7583754	7583647	2
2945728	2945727	2
4111013	4110305	1
10630292	10510337	1
6739625	6739626	2
7870216	7870215	1
1792515	1789027	3
11648329	11648330	2
3327876	3327875	1
12593012	12593009	1
12019717	12324939	2
5973575	5973765	2
5326039	5326040	1
1094345	1094346	1
10403240	10568126	1
6961957	6961216	3
12033449	12033450	1
4080095	4080096	2
5589657	5589658	1
4629482	4629481	2
8222761	8222930	2
808013	808014	2
1899746	1899745	1
1784741	1784742	1
9912864	9912863	1
11413355	11413363	1
2270304	2270301	1
3937531	3937532	1
12200438	12200437	1
1119894	1119937	1
282044	282106	1
3834736	3834735	1
11048832	11043878	2
7922846	7922843	1
2735326	2735325	3
9527166	9725419	1
9679637	9679638	3
10702397	10702398	1
1286640	1411637	1
4010467	4008470	1
77060	77059	1
3221837	2973916	1
7985554	7985551	1
1825307	1825305	1
6318441	6318442	1
729955	729956	1
2846541	2846542	1
3543711	3543712	2
10831476	2859043	1
5649607	5649608	2
5590177	5590178	1
6167254	6167253	1
5553767	5553738	1
6712008	6471629	1
303671	303672	1
11940588	11938910	1
6712008	6471631	2
12277309	12279927	1
11900225	11900232	1
7872996	7872990	1
1582745	1582746	2
6704754	12814313	1
3679033	3716097	1
4032014	4033654	3
6019371	6017308	1
7103934	7105905	1
7064242	6984816	1
7667302	7667301	1
7532918	7532827	1
9182668	9182872	1
2784890	2784109	2
7871433	7871411	1
12015445	12015446	1
3643711	3629507	3
2521366	7937387	1
6722570	6722567	1
8286354	8286353	1
11629373	11628300	1
4113447	4113510	3
8625098	8625097	1
4811746	4661596	1
2852624	2852623	2
2730032	2723097	1
2880871	2881175	1
5657317	5656264	2
5375258	5375257	1
665755	10186840	1
10390311	10390312	3
5534562	5533137	1
717801	717802	1
10281317	10281318	3
419734	418930	2
7389264	7389263	1
2834560	2834496	1
7326887	7346089	3
1468586	1499543	2
1531122	1530847	1
2139766	1892944	1
10442626	10378950	2
7667300	7667299	1
1514937	1514938	1
10723859	10723864	1
9592943	9592944	1
6377863	6377864	1
6949349	6949352	1
1993719	1992105	1
599036	599035	1
3924493	3906810	3
3491780	3491819	1
5463787	5588256	1
9382744	9382743	1
11283062	11283182	1
12778302	12778275	1
11816965	11816977	1
7729189	7789942	1
431494	431497	1
5259069	5259070	2
5555678	5518581	1
4365991	4365992	1
4231013	4231014	1
786681	836247	1
1403834	1403845	1
357171	357202	1
7831529	7831530	1
6487071	6510314	1
7977657	7980415	1
868432	868438	1
4832271	4832272	1
6484293	6484294	3
9546793	11885111	1
11880285	11880286	2
6554865	6793721	1
488768	487857	1
20411	18730	1
865101	865102	1
6327049	6326933	1
2248398	2248471	1
8741181	8741146	1
3865589	3865590	1
5697856	5697754	1
8706695	8706696	1
4677308	4677307	1
9807243	9807244	1
9045078	9035654	1
6708583	6708667	1
3498302	3498301	1
556487	567398	1
10677969	10677970	1
5272753	4526779	1
1078980	1078988	1
6482154	8527428	1
5099303	5099304	1
4036223	4036532	1
7279687	7279688	2
439354	439353	1
9653792	9653791	1
9943295	9943167	1
4132308	4918107	1
4080758	4084219	1
3519249	3519322	2
823050	823047	1
8279553	8279554	4
12253471	12531843	1
7708839	7694734	1
9840047	10001955	1
2754323	2754324	1
12164635	11993371	1
12281959	12281960	2
6784803	6784804	1
4057838	4057837	2
4938360	4938359	1
9099848	8969917	3
3124133	3134933	2
6917217	6916440	1
8839979	8839994	1
2599386	2599276	1
1790540	1792265	1
12778276	12778275	1
7197982	7198923	1
2740465	2740466	1
1838229	1800028	1
12306752	12306756	1
6403711	6403458	1
4517795	4517800	1
11843830	11843828	1
1022334	1022337	2
12385964	12385963	1
7052410	7052613	1
6984432	6984428	1
3481879	3712644	1
85808	85807	1
11934501	11934502	2
1779769	1779770	3
9740536	9740535	1
6807094	6482112	1
11039194	11039197	3
3505975	3505978	1
3229635	3229636	1
8279555	8279246	4
11194700	11194699	1
5116649	5275378	1
6049512	11945011	1
8602880	8602879	1
7092908	7092907	1
825176	825173	1
11667329	11667759	1
3404228	3405151	2
11928075	11928110	1
3857498	3816601	2
6331660	12186977	2
7741239	7741240	3
11513651	11514622	2
3310244	3363478	1
10413505	10325330	1
9065222	9065219	1
4357972	4357971	2
11901979	11901980	1
5087437	5087683	1
6153086	6153085	2
2683987	2808684	1
2735328	2735327	3
1558853	1733796	1
11666650	11666649	2
2084087	2084088	1
3031033	3159068	2
5640238	5640237	1
1572028	1695763	2
1096930	1240696	1
10052615	10052588	1
3517327	3517346	2
6832190	6831030	1
4075586	4111862	1
1692972	1638985	1
6903163	6903164	1
10252109	4066857	1
10160690	10160643	1
8160731	8159729	1
3904290	3904445	1
3618029	3618591	1
5462700	5462699	1
4078251	4078252	1
11305840	9922189	1
3298517	3298518	1
11942779	11942724	1
6829813	6829816	1
3359561	3359562	3
3194913	3194815	1
3481331	3482169	1
9058995	9058996	1
6167252	6167267	1
5820172	5820171	2
4415859	4412333	1
1517650	1517642	1
12007213	12007214	1
1422158	1421560	1
8098197	8097811	1
11849598	11849480	2
10359651	10359652	1
5258676	5258675	1
407748	407747	2
5367973	5367974	1
415903	416022	3
11248065	11248066	1
1531132	1712752	1
8649560	8649441	1
6610781	6610782	3
1779763	1779766	1
6572410	6668151	1
4706847	4706848	1
6851878	6851893	1
2076170	2076130	1
3725213	3725214	1
11840590	493788	1
1484214	1426667	1
10920317	10920300	1
8210921	8210924	1
6108813	6108814	1
6833568	6833565	1
9922881	9917331	1
11528131	11528132	1
4258661	4259637	1
7446398	7446397	2
3226783	3226784	1
1312312	1312300	2
4677306	4677305	1
8286356	8286355	1
8967583	8965794	1
11439986	11439985	2
12366297	12767661	1
5219226	5219225	1
6998311	6998312	1
10645478	10513940	1
5332178	5409514	1
2705947	2705948	2
1026873	1026874	1
3692150	3692293	1
7967262	7967265	1
6793687	6785577	1
1901527	1901528	2
1609470	1609475	1
586252	586158	1
8211694	8211691	1
5389859	5389862	2
12788278	12788277	1
9320094	9320093	1
1837223	1837226	2
1245382	1246645	1
8558013	8558014	1
10032724	10032755	1
8052195	8053834	1
8602170	8602169	2
11267522	11267534	1
11780311	11779938	1
12168494	12053440	1
10605842	10609896	1
8507441	8493433	2
10728939	11655749	3
11389468	11415726	1
5534560	5533137	2
11538389	11538390	1
6310211	6310204	1
709474	709473	1
2709142	2679784	1
5017254	3497740	1
5354886	5354885	1
7651351	7651352	1
8287414	8287409	1
10588722	10588719	2
7768749	5724323	1
2379239	2354846	2
2830889	2830616	1
10242878	10038661	3
4201910	4201990	1
4744167	4680946	1
5655935	5655940	1
10887709	10889906	1
11462220	11462215	1
6841286	6998312	2
10678931	10678805	1
11012099	11012751	1
11881617	11881956	1
9797250	9797442	1
12251747	12251534	1
2331582	2331508	1
8378495	7652170	1
11301884	11264886	3
7183548	7183547	1
5449663	5449699	1
7870214	7870217	1
8575497	8582241	1
10533340	10533339	1
8993827	8993822	2
5756334	5705302	1
2852622	2852619	2
919005	4082127	1
12746781	12749130	1
3935686	3934352	1
10641636	2567013	1
6317285	6317286	1
10453971	10312294	1
9961993	9962005	1
4626574	4626573	1
5055543	5055544	3
4384627	4384628	1
6018882	6018881	1
4629480	4629479	2
3480089	3480744	1
278265	278268	3
10944378	10944377	2
5740434	5740431	1
10682861	10682862	2
968249	968250	1
1208200	1208199	3
207778	207777	1
2847879	2905675	1
12120321	12120322	2
10139759	10139760	1
6696727	6696695	1
10622445	10622446	1
4337051	4336926	1
8206532	8206531	1
10965364	10969341	1
11491136	11491236	2
3034483	3034517	2
7235857	7235860	3
11851259	11851025	1
3867530	3872532	1
5803375	5803376	1
3426194	3426197	1
10778158	10778484	1
5471659	5471627	1
6452660	6457277	2
2375305	2375288	1
3401546	3401545	1
7432757	7432907	1
6672520	8346300	1
5633421	5633394	1
36673	36674	1
2865339	3094900	1
2135678	2135696	2
1146291	1190992	1
6153088	6153087	2
2260966	2261239	2
8088698	8088734	1
4050589	4050592	2
11320203	11318926	1
689048	689097	1
2656760	2924612	1
10201388	10201393	1
129860	129855	1
207313	207314	1
9677158	9677157	1
9424046	9424455	1
3162674	3162374	4
6789964	6789536	1
3574638	4147799	1
3529237	3529372	1
11536005	11536718	1
1790542	1790541	1
10870387	10870679	2
2740947	2647102	2
7238546	7442749	1
7715084	7715081	1
5599926	5599921	1
12732579	12732580	1
7650410	7650409	1
4570539	9320095	1
729907	729908	1
12811189	12811284	1
257874	257873	1
11723248	11720514	1
6526409	6526410	1
2706219	2705944	1
6712787	6712788	1
865871	865872	1
6850945	6850963	2
11908771	11908772	2
8490102	8490090	1
6327340	6327339	1
10438294	10376504	1
7792939	7792940	1
10479672	10588836	1
9029570	9044840	1
9886699	9886756	1
6651130	6651129	1
8383141	8383142	1
4635905	4635906	1
12453859	12453860	1
3064320	2671004	1
8101992	8101991	2
1078984	1078981	1
586155	586158	1
12520192	12344522	2
6460447	6710323	1
12762973	12762929	2
619844	619833	1
12668811	12668836	1
3579744	3579743	1
1540167	6121358	1
9424048	9424455	1
2121635	2135023	1
4297038	4297037	1
3814371	3814372	1
9906195	9905892	1
10999513	10936147	1
9269448	9269447	1
9669659	9674213	1
3622380	3622379	2
10840780	10804851	1
5459758	5459757	2
1056871	964875	1
1057063	1056082	1
4629560	4629494	1
7494379	7494380	1
6290893	6285294	1
7193397	7088343	1
7093069	7183547	1
2633364	2633938	1
1143146	1144631	1
6318443	6311394	1
2309261	2273304	1
2145048	2196510	1
9694598	9694597	1
2264200	2566986	2
3370687	3268636	1
12147224	12146597	1
390483	390486	1
6507747	6507748	1
174871	188009	1
1910115	1909012	1
3015860	3015836	1
7387800	7387797	2
776530	782012	2
1731174	1731173	1
7483281	7483282	1
3745997	3746124	1
7094653	7094574	1
4230168	4231012	2
7846741	7846742	1
5447475	5447476	2
8802667	8804581	2
1700682	1700679	2
6669476	10712509	1
3519323	3519324	1
10919894	10919893	2
9482612	9482611	1
1966447	1966450	1
3112361	2782091	1
3906587	3904352	1
1881253	1881256	1
3266476	3266475	1
11396127	2676948	1
1555515	1555516	2
12016950	12013713	1
8733961	8733962	1
198502	183761	1
6468628	6468631	1
11879489	11871435	1
976786	976785	1
4196392	4196391	1
7407505	7407506	1
5426390	5426055	1
8302183	8302184	2
2851806	2851803	2
1597637	1597629	1
11123112	11123183	1
8866431	8866432	1
648825	648826	1
6657119	6657120	1
4169123	4169107	1
2842266	2792165	1
12782515	12782516	2
12490741	12491168	1
1725568	1725620	1
7633186	7612149	1
949036	949033	1
9159032	9154915	1
2204414	2204439	3
7086842	7086841	1
6318936	6318935	1
4737819	4737684	1
1106542	1107397	2
7206975	7207003	1
11235556	11235238	3
10658287	10658288	1
11627909	11634375	1
6165711	6091693	2
9547027	9546997	1
1922043	1928988	1
85810	85807	1
7387798	7387797	1
10543912	10544451	1
12207573	12206914	1
3404229	3415327	1
2123660	2123662	1
12039758	12039729	1
4340355	4340356	1
6969871	6966318	1
10111388	10111363	1
2679797	2678445	2
7712073	7712080	1
1563864	1563301	2
6074555	6074564	1
3481874	3482438	1
7755666	7755665	1
11467381	11467384	1
11624414	11624425	1
9263043	9263044	1
2991963	2991964	1
9498749	9500812	1
5210941	5210837	1
5743340	8800583	1
10913346	12482158	1
2081727	2081739	1
12145030	12145029	2
9531279	9531739	1
7332629	7332630	1
7387800	7387799	1
5574	4921	1
12624497	12624498	1
7752719	1938401	2
10707365	10612125	1
8179200	8179199	1
11499431	11499495	1
5992564	5992561	1
1514939	1514774	1
6291530	6293704	1
7889322	7926595	1
1482695	1482696	2
3327878	3327875	1
11675162	11674984	1
3832610	3832599	1
3569805	3571622	1
1460111	1459467	2
1071550	1071544	1
2426731	2426732	1
3013674	3013673	1
11608452	11608493	1
1370594	1370602	1
5005892	5005960	1
4044411	12423796	1
8624567	8625099	2
3959551	3959545	1
1601534	1601552	2
8231080	8231075	1
8252310	8249345	2
529148	529151	1
2859044	2859043	1
1744768	1744767	2
9057596	9057595	1
10353364	10345807	1
9167015	9167016	1
4221270	4222450	2
1779763	1779764	4
7198389	7198390	1
10240469	10237978	1
12489253	12490407	1
7244922	7244919	1
12431028	12431031	1
4828366	4828363	1
8902185	8968179	1
8579534	8579533	1
8424475	8424476	1
6284589	6284590	1
6658644	6658643	1
1289130	1289116	1
6754198	6754196	1
8675267	8676327	1
6945226	6945315	1
7936279	7936280	1
3781065	3545934	1
250245	250246	1
1320892	1287604	1
4876842	4876841	1
3194709	3194710	1
7229164	7229163	1
7863479	7863480	1
2985866	2993604	1
752119	752116	1
1083533	1084448	1
1461582	1461560	1
2074554	2074493	1
2401359	2401360	1
11388855	4827371	1
4438191	4438208	1
3045877	3045852	1
12453861	12453862	1
9516251	9516252	1
11641463	11613973	1
9607338	9592388	1
11235406	11235405	1
966873	966874	2
392750	392777	1
2282150	7593181	1
532501	532506	2
12019717	12019718	2
7479231	7480730	1
11486209	11486210	1
6526407	6526408	1
4438209	4438210	1
2810850	11442470	2
10265477	10265480	1
4432125	4432093	1
5462702	5462701	2
8509545	9263973	1
3465481	3406090	1
12477492	12477446	1
5657290	5653413	1
3303247	3303250	1
2666905	2665679	2
2150162	2149192	1
9395334	9392787	1
11346187	11346188	3
1563299	1563300	1
7892464	7892461	2
4028994	3976328	1
12746716	12745297	1
10238147	10238150	1
12231746	12230997	1
8882187	9075438	1
4086027	1402205	1
5460898	5340519	2
8302181	8302182	2
5653336	5653161	1
5964970	5964969	1
3769253	3769254	1
12184253	12184297	2
8286358	8286357	1
8615266	8468704	1
5226907	5227631	1
5001607	5001608	1
11439992	11439987	1
11960606	11960692	1
1165695	1165698	2
684721	729963	2
539937	542719	1
9920337	9920342	1
6868929	6868930	1
11177366	11181084	3
10481725	10481726	1
9592307	9555186	2
98724	272338	1
8450752	8450831	1
3930040	3930039	1
3735905	3735906	1
3628883	3628867	1
10266874	10266867	1
9159032	9154919	3
3742483	3743003	3
7076579	7076580	1
5219744	5219989	1
7246961	7246666	1
577332	578120	1
7486659	7486662	2
5012194	5012189	1
1587646	1404841	1
7350163	7350166	1
7895228	7895227	1
627849	3934642	1
9124536	9128288	1
6862841	6862276	1
4629580	4629579	1
6846461	6846462	1
9444893	9444894	2
4845401	4846816	1
2049131	2049132	4
5809265	5703941	1
2260968	2260967	1
8386716	8385102	1
2469917	2469918	1
4739839	4739840	2
717803	717804	2
6353710	6353709	2
4122387	4122344	1
6722570	6722569	1
1238345	1238347	1
6782894	6783053	1
11202278	11202293	1
3479752	3484504	2
11864266	11864255	1
8309713	8101392	1
574880	832230	1
8565377	8565378	1
5456710	5456791	1
4617522	4617525	1
10127563	10127564	1
4030905	4030906	2
12123654	12123696	1
5484751	5542886	1
2460957	2460947	1
1602069	1602070	2
12120323	12037993	1
3985155	3985158	1
3814369	3814372	1
9437027	9437028	2
529152	529149	1
7086781	7086811	1
6950628	6948485	1
6992916	6992972	1
11889344	11889394	1
8733965	8920404	1
8965077	8965078	1
12187665	12187795	2
4230828	4230822	1
7405744	7422483	1
605726	593920	1
2863539	2661625	1
8359895	8359877	1
11772810	11772809	1
8725316	8716361	4
4090265	4090852	1
6835541	6835542	1
3871543	3871194	1
8849968	11819070	2
2055359	2055351	1
7446451	7446452	1
11526758	11526757	2
5361272	5361467	1
4512116	4512103	1
7773283	7770356	1
5855586	5855889	1
10064321	10061935	2
2760679	2760682	1
1286581	1315717	1
8021059	7530232	1
6877557	6877558	1
6353155	6396370	1
2591296	2591299	1
3692152	3692151	1
10908774	10908773	1
2192843	1933136	1
10282818	10282817	1
6468967	6661964	1
9902750	9902749	1
7427802	7215521	1
4204271	4271215	1
5655935	5655936	2
4046689	4047254	1
202855	202856	1
3198005	3198006	1
11699181	11699182	1
2657084	2657081	1
8415453	8415422	1
11166082	11166081	1
5472049	5468396	1
11834458	11834940	1
6626358	6626357	1
3049393	3049394	1
3148592	3151651	1
1132338	1132335	1
634580	634628	1
11183001	11183002	1
2993423	2993605	1
6337272	6337269	1
5735328	5735327	1
2271906	6851264	1
7998339	7998416	1
4299794	4299713	1
557877	567392	1
8758344	8758341	1
9825763	9825764	1
3035969	3035970	4
488768	487859	1
5708824	5708823	4
12613036	12613109	1
4106143	4106144	2
3680019	3729610	1
9417783	9774556	1
483265	482432	1
3981135	4115190	2
9740914	9740913	1
6720430	6720423	1
8357721	8286450	1
7810695	7810651	1
4665532	4665531	3
10527938	10527937	2
9830285	5156020	1
6179891	6179921	1
12792370	12792369	1
250247	250248	1
2760683	2760684	1
4807854	6585989	1
9264505	9264704	1
207780	207779	2
6209583	11202292	1
2681605	2681606	1
6810386	6708621	1
1383507	1383515	1
4233613	4233025	1
8734186	8734185	1
1647329	1647223	1
10563578	10563285	1
3121100	9911848	2
24047	29625	1
3988740	3988739	2
1845641	8054625	1
11309129	11309138	1
7191704	7180111	1
11515774	11515787	1
4556562	4556561	1
7892460	7876919	2
6348885	6349545	1
7752298	7752297	2
6703972	6703853	1
1196474	1026872	2
8315001	8355631	1
9911416	9911413	1
2930167	9837289	1
9662415	9662416	1
7727606	7727605	1
9254074	9254085	1
3089699	3089700	2
7858922	7858910	1
7646289	7646290	2
9522261	9522300	1
3111647	2864707	1
4079079	4079080	2
4551218	4551217	3
2735328	2735325	1
1743363	1743344	1
7610410	7610409	1
6320121	6329966	1
1739281	1739282	1
4079381	4079382	1
12570699	12562274	1
11368540	4670661	3
4233611	4233612	4
5253578	5253586	1
3861451	3869480	1
3370874	3370873	1
6909977	6909980	1
7629126	7629108	1
11934470	8822799	1
278269	278270	3
6516408	6447771	2
996085	996086	2
11478353	4653751	2
12459624	12343425	2
3308979	3308928	1
3928440	3943009	1
11267520	11267534	1
9480663	9480667	2
3260359	10973881	1
4822349	4822350	2
9525479	9525480	1
12164633	12164634	1
7009000	7008999	1
3153997	3153210	1
11723066	11723065	2
1165693	1165694	3
5889230	5889780	1
12123103	12125016	1
765651	766166	2
5284950	5284949	1
3089701	3228531	2
6813712	6813711	1
404667	403942	1
542703	542718	1
12538834	12538836	1
407070	407073	1
5328033	5328034	1
2838610	2838617	1
731985	731986	1
4061529	4061530	1
12304353	12304655	1
4513665	4513662	1
4819682	9736244	1
1516397	1510139	1
6917891	6914721	1
10139741	10139758	1
10181753	9972821	3
6176922	6175962	1
6011251	6012098	1
9087733	9087568	1
1789023	1789024	2
4563440	4563424	1
2554375	2554369	1
2891124	2891019	1
6728967	6728968	1
1199103	1199264	1
10646900	10646899	4
11609166	7361345	1
8631148	8631147	3
12574652	12575586	1
5974915	5974916	2
2244703	2387842	1
207776	207775	1
830351	831394	1
6943825	6943772	1
8753500	8753499	1
11814692	9146028	1
5424988	5424987	1
7206971	7206972	1
2267360	2267805	1
7182289	7182290	1
338665	338668	1
5972019	5972020	1
1690609	1690640	1
8383141	8383144	1
3276024	3276083	1
5707200	9251604	1
11469905	11468478	1
4940912	4940911	1
4275055	4274876	1
5587915	5585433	1
2366255	2366256	1
4462550	4548195	1
4437857	8202544	1
2633822	2633111	2
11530935	11530936	2
2795589	2794980	1
7643452	7646801	1
6165230	6165227	1
5582692	5582691	4
9354579	9354580	2
2044063	1985778	1
6188684	6188683	1
3926168	3926186	1
4690114	4723778	1
10944382	10944379	1
7559631	7559571	1
3413420	3413381	2
11351294	11351293	2
10498118	10497029	1
10238398	10036408	1
12489973	12489974	1
7244918	7244917	1
988822	988817	1
2173124	2168662	1
5354886	7830261	1
1602050	1602068	2
2453305	2453306	2
11097055	11097060	2
5973573	5973574	2
10001611	10001612	1
10940653	10940634	1
2435063	2435186	1
4642397	4642398	1
2885872	9970943	1
1073931	1073933	1
4555111	4553720	1
11228715	4266163	1
8921952	8921946	1
11584153	11584386	1
6369629	6367552	1
749744	749730	1
3097955	2864636	1
5972031	5964969	1
3475295	3475382	1
4690795	5227022	1
6986477	7000598	2
1572979	1572970	3
12385966	12385965	1
11500977	11574671	1
7919061	7919062	1
3814180	3814127	2
5916712	5916707	1
5818092	5818065	1
9543890	4764364	2
4879423	4879424	1
1727614	1727611	1
7532268	7532267	2
9921860	9921859	1
11530937	11530938	2
4032539	4006621	1
8920314	8920313	1
6348885	6349547	1
1185230	1184805	1
10620875	10620876	1
10464500	10464499	1
4275490	4275489	1
12016497	12017697	1
2455224	2455223	2
4631972	4635904	2
550570	550530	1
865099	865100	3
3539852	3539851	1
3488148	3488253	1
6956964	7053410	1
3775611	3865237	1
11951631	12000363	1
4469537	4470593	1
5512219	5512220	1
1311483	1311507	1
5153817	5153818	1
11770096	11770162	1
2000425	2000426	1
6209581	6209582	1
11864649	11773553	1
11846692	11846691	1
5757568	5757567	3
6693329	6798104	1
12385966	12385963	1
8633446	8731859	1
7446260	7446257	1
7038234	6981665	1
2815682	2815681	1
9740534	9740533	1
1779765	1779768	1
4118005	4118006	1
5261848	5261809	1
4793292	4793291	1
6336711	6336845	1
11536721	11536722	1
9287181	9287449	1
11132095	11132096	2
12143221	12143222	1
6050277	6050501	1
132467	132468	1
4986514	4986469	1
249873	249874	2
9821870	9820648	2
1462789	1462792	1
8689679	8689680	1
5590502	5590501	1
1619059	1627604	1
2875662	2875656	1
1599049	1599022	2
11323092	11323091	4
1358706	1358392	1
1450721	1450731	1
3815232	3813605	1
1901525	1901526	2
1507676	1507681	1
2056289	2010175	2
11418707	11418708	1
3094303	3094304	1
4089927	4089890	1
10418988	10418985	1
1095262	1095259	1
1036911	1036927	1
8732159	8735914	1
12624466	12601407	2
3912626	4022908	1
11392718	11392520	1
6657117	6657118	2
6250356	6251041	2
2105576	2105579	1
3565634	3565610	1
6825581	6825582	1
8800788	8800785	2
922568	922301	1
3534937	3534938	1
6821303	7021153	1
709472	709471	1
4236029	4236032	2
7310511	7310512	2
4106141	4106142	1
9895351	9895332	1
12794339	12794310	1
11017343	11017291	1
11827047	11829450	1
6722439	6722440	1
2754788	2753276	1
1487319	1734824	1
6582809	6582810	2
6294460	6294390	2
6605526	6612556	1
12789678	12687653	1
523971	523972	2
9985168	9985181	1
8998437	8998438	1
1133174	1133259	1
2392236	2392235	2
7585245	5606063	1
11900858	11896957	1
8278031	8278034	1
11258308	11253057	1
6489962	6320602	1
873486	873485	1
3855822	3855821	1
846435	846436	2
9239016	9236205	1
8908041	8908042	3
9129739	9129318	1
11648051	11648331	1
8098195	8098196	1
9902748	9902853	1
4867844	4867854	1
189663	189664	1
8091399	8091400	1
3928442	3943009	1
4556564	4556563	1
10919894	10919889	1
4749245	4748985	1
10522166	10522052	1
1837223	1837224	2
4757009	4757179	1
7168123	6862756	1
10323376	10323375	2
8758342	8758341	1
8864281	8864284	2
1504898	1484571	1
7129495	7129496	1
12613458	12613805	2
10934477	10794125	1
3938028	3938034	1
6876193	6878885	2
12267241	12275499	1
2151199	2329837	1
12456272	12458809	1
737046	737045	1
3943207	3941859	1
3960869	3960870	1
8876128	8876125	1
4044816	4044815	2
2790678	2790677	1
12651531	12650772	1
9134440	9131917	1
8209031	8209032	1
11125172	11125169	1
4489420	4498459	1
3499773	3500809	1
7184283	7184284	1
5674602	5674582	1
12673840	12673504	2
11832818	11832817	1
5315720	5314966	1
11323090	11323009	3
7821905	7821906	1
12714653	12714664	2
1574097	1574131	1
2038808	2038806	1
7129493	7129494	1
6653246	4563642	1
8717404	8717385	1
6962110	6962109	2
9767178	9767177	1
3254569	3254957	1
7522549	7522263	1
11675162	11674986	1
12667622	12668429	3
8271760	8273268	2
12663017	12663018	2
5930649	5930616	1
12200784	12200783	1
6978532	6978534	1
1012008	1012007	1
4541007	4541008	2
1535456	1535592	1
6086233	6086218	1
7129727	7129728	1
5692257	5692453	1
1601939	1601305	1
5707202	5707201	3
1401147	1403785	1
9926861	9933384	1
4380979	4380980	3
8080972	8080971	1
8149223	8148036	1
7216281	7216237	1
11512973	11479355	1
3590	3589	1
3101362	3100788	1
12422181	12422182	1
686253	686254	1
7242391	7235856	3
7742381	7742374	1
3988742	3988737	1
10022231	10164725	2
5214943	5215092	1
8851520	8849220	1
4370966	4373655	2
2777434	2776248	2
5723138	5723165	2
3988736	3988735	3
2588272	7791464	1
4678114	4678113	1
1185847	1185848	3
6525931	6525932	2
9327910	9327914	1
11925425	11925451	1
568268	568313	1
3481876	3482438	1
5459754	5255560	1
1557037	1557035	2
10586795	10586796	1
11724216	9090515	2
6550269	6550344	1
3382843	3382844	2
7771805	7771806	1
8006543	8006544	1
4132580	4132759	1
11088921	10980612	1
7383619	7383620	2
12715321	12697249	1
4071254	4071251	2
1728109	1418198	1
7806547	7806519	2
12778278	12778277	1
4012425	4012428	1
4374662	4374665	1
6367199	6485740	1
9541706	9496195	1
5930687	5930627	1
2048129	2048130	1
5853839	5853840	2
9422426	9422425	1
8216153	8216156	1
3908277	3908271	1
1165691	1165694	1
2147488	2065120	2
10038121	10238399	1
5952702	5823016	1
4521685	4521633	1
3130271	3127499	3
7969070	7986711	1
3757579	3757566	3
12232579	408054	2
4318972	4322826	1
6554863	6554864	2
1185845	1185846	3
4236033	4236034	1
7264662	7388115	2
8696503	8696504	1
6394719	6394720	1
8888745	9123695	1
9817519	9817499	1
10186224	10186240	1
6649411	6649663	1
4231015	4231016	1
8236783	8236784	2
11720515	11720516	1
7108960	7108788	1
5876730	6099127	1
3023066	3036420	1
5692440	10768760	1
7381286	7381285	1
2891000	2891074	1
11934499	11934500	3
191128	191020	1
880691	881780	1
12285657	12510246	1
6484691	6484692	1
7129719	7129720	1
6776083	6776084	1
12611224	12611223	1
12663065	12663066	1
10759751	10759752	1
7605088	7605087	1
10759753	10486344	1
7985556	7985555	2
2610618	2610512	1
6208269	6208384	2
10498116	10497029	1
5544144	5544294	1
5475408	5475175	1
1047970	8031	3
11597918	11597917	1
7953017	7952981	1
2157189	2156955	1
4119669	4050720	1
11584155	11584386	1
2998488	2723881	1
11985741	11985742	1
5702497	5702498	1
12200536	12042261	1
4810716	4846075	1
5018454	5018453	1
7988397	7994445	1
1828885	1604958	2
11065199	11065159	1
1555517	1555640	1
6844268	6821298	1
7076567	7076578	1
4321310	4319643	1
9053257	9055812	1
8313248	8313245	1
10895521	10895522	1
11901973	11901978	1
11847056	11847047	1
12200436	12200435	1
6308992	6308963	1
2285764	2173490	1
10375494	10375567	2
2587225	2587226	3
11899636	11899967	1
6152729	6152730	1
4629482	4629479	1
6507749	6507750	1
10089506	10120940	2
11467386	11467380	1
12422179	12422180	1
5606064	5606063	1
11655835	11655826	1
6768527	6768536	2
6452662	6452661	2
11048834	11048833	2
193325	193330	1
10082040	10082039	3
10981219	10981220	1
9928957	9928735	1
7813204	7813566	1
6091159	6091082	4
7105276	7213878	1
1523162	1523161	1
4618066	4618065	1
4437857	10176973	1
1030845	1030846	1
5617812	5617811	1
4182917	4182918	1
5330972	5330971	1
1268930	1268929	1
11676909	11668961	2
6024242	6024167	1
3710450	3710125	2
4055385	4055386	3
5393627	5393628	1
2334229	2334230	2
7779749	7779604	1
12397347	12397307	1
11754133	11848246	2
5366589	5366542	1
5479902	5481412	1
11918849	11918850	2
4681580	4681539	1
6850943	6850963	1
9128293	9127746	2
11763907	11763908	1
6178651	6178654	2
10571777	12176286	1
5513820	5513815	1
2347175	2344906	1
10973841	10288138	3
7969071	7969072	1
7093780	7093779	1
1196474	1026874	1
11043883	11043884	1
6793720	6793719	1
11719294	10282819	1
12241463	12241464	2
8821350	11808625	1
3266474	3266473	2
2308432	2308672	1
6276109	6276110	1
12755509	12755510	1
6714842	6715576	1
425926	425925	1
6163902	6163929	1
10060696	10060695	1
4012423	4012424	3
4745343	4745344	1
11465956	11468522	1
12120108	12122420	1
19814	19813	1
7053180	6956899	2
6997148	6997246	1
11622030	11622029	1
12518245	12520201	1
9727759	9731068	1
6768537	6768538	2
8600937	8600938	1
85810	85809	1
8644633	8644658	1
4675722	4675576	1
6767500	6767499	1
6195265	6195293	1
9472128	9472127	1
6949226	6952739	2
4230830	4230829	1
3196845	3196846	2
7140328	7140309	1
546644	546643	1
8041249	8041250	1
338825	338826	1
6339419	6339847	1
4467913	4467861	1
5777035	5777171	1
4512500	4512499	1
4664117	4664118	1
7234647	7234662	1
3039384	3039383	2
11171666	11171663	1
11582144	11582143	1
12717383	12718973	1
2308162	2308161	1
12598625	12598626	1
1792651	1792661	1
11087106	11085236	1
10893846	10893845	1
2891124	2891021	1
189661	189662	2
5459756	5459755	2
1088525	1755015	1
7610579	7610580	1
11780190	11780187	1
8350431	8349837	1
2340367	7962489	1
2660574	2661826	1
864430	864429	1
189661	189664	1
3194870	3194961	1
10706876	10706875	1
1856953	1856954	1
2735077	2644355	1
4665534	4665533	3
5266387	5266401	1
6635284	6464585	1
8539366	8551243	1
2093175	2106750	2
3984202	3984201	1
1986103	1997268	1
6013852	6014365	1
2681603	2681604	1
1653006	1651182	1
4516978	4516975	1
9984875	9985180	1
9795206	9754389	1
7310523	7312092	1
1298890	1298889	3
5918445	5918446	3
11864266	11864265	3
183606	183609	1
10870380	10870680	3
2429462	2433671	1
1208198	1207407	2
7262019	7314569	1
11390277	11390270	1
12380624	12332662	1
10804793	10804794	1
