fend1	fend2	count
7601223	7601274	3
787314	787313	1
7840479	7836096	1
11689447	11689448	1
11906843	9172733	1
6325702	6325701	2
11831575	11831576	1
10415738	10572697	4
130337	130338	1
6350372	6350371	1
9143717	9143718	2
10392007	10392008	1
3546695	3546571	1
5641910	5641909	1
12054163	12054154	1
10739076	1711785	1
11106703	11108687	1
4760680	4752639	2
1108874	1108871	1
2862175	2862176	1
10093405	10093406	1
1240338	1240337	1
8398864	8398863	2
3089090	3089089	1
1138499	1138502	1
4082101	4081480	1
6781203	6781204	1
9124227	9125049	2
8724754	7860011	1
2957336	2957917	1
11818720	11818719	1
8184564	8184199	1
5156131	5156141	1
11977462	11977486	1
7960626	7960621	1
2282211	2282212	1
6181526	6181525	1
11243746	11243745	1
6739700	6740973	1
9145126	9143945	1
5934844	5934629	1
11783982	11784050	1
3606757	3606758	1
6674031	6674032	2
9320314	9320516	3
9094252	932064	1
5969265	5969266	1
2255822	2255821	1
11759380	11759379	1
10921603	10921604	1
6805094	6805091	1
10149842	10149841	1
6056455	6056456	1
4551739	4551740	1
7134903	7134904	1
10008776	10008775	1
4613712	4612996	1
3053338	3053337	2
4259830	4259772	1
4916661	4916662	1
12806512	12806523	1
3258331	3258332	3
3799039	3483336	1
4642432	4642431	1
12183922	12183944	1
10760655	10761213	1
9296756	9296753	1
8858172	8858171	2
6144008	6144462	2
160008	160004	2
3549008	3549007	2
7737289	7737300	1
108097	117637	5
4629355	4620094	1
4480813	4480814	1
9583265	9583266	1
4935765	4935766	2
10337032	10337031	1
3019984	3020056	1
127474	127473	2
7995305	2269276	1
1704783	1705652	2
4398018	4398045	1
12424743	12424674	1
6354223	6343557	2
7405878	7405877	1
6129765	6130082	2
10316664	6135714	2
8018860	8019601	1
9075084	9083076	1
9975167	9976863	1
12127835	12127838	2
3448349	2692124	1
8176893	8176894	1
9096806	9097323	1
3866882	3866818	2
3156804	3156803	1
6433992	6433087	3
11737347	11737348	1
3927193	3923623	1
3259016	3259015	1
3251373	3251346	1
5886830	5886323	1
3258333	3258334	1
5908848	5908847	1
10790214	10790213	2
2319911	2318753	1
6745045	6745046	2
2055200	2054696	1
5111714	5111707	2
4607694	4607693	2
5905807	5905808	1
6476740	6476739	1
11385340	11385339	2
8521550	8521884	2
12754948	12754889	1
2335089	2335090	1
6846862	6846861	2
10939030	10939027	3
11584504	11584660	1
6133749	6133750	2
11266584	11266583	1
4361533	3039143	1
380746	380745	3
8413798	8414223	1
10096434	10097176	1
9010377	9010606	1
8870666	11789867	1
792356	792355	1
10225330	10225329	1
7023796	7023795	1
874984	874981	2
11330243	11330218	2
5378492	5378491	1
2796055	2796056	2
10287537	10287692	1
6491718	6491717	1
171013	171014	1
11242808	11242807	1
6071249	6071250	3
9089814	9089763	2
9302878	9303452	1
8576587	8576588	2
3327137	3327138	1
9011548	9011547	1
8544829	8547592	2
8829960	8829959	1
4043734	4043824	5
876922	876919	1
7505175	7520070	1
2370141	2369853	1
12392710	12382455	1
3473124	3473376	1
1685562	1685561	1
187947	187948	1
9247196	9247201	1
896321	896306	1
11102258	11102257	1
12191556	2499444	1
9735738	9735721	1
12729098	3925259	1
6128342	6128345	1
7819214	7819213	1
6147164	6147163	2
1119161	1119162	1
5325585	5325596	1
11102554	11102514	2
8001040	7852986	1
7988994	7993332	3
2946918	2946899	1
5573100	5573099	1
10472450	10472020	2
5850781	5850782	2
2139572	2139571	1
11762729	6855322	1
971495	971496	3
4603266	4801224	1
1874512	1874511	1
6925383	6925384	2
11631904	11631901	1
5664071	5664072	1
1548422	1548419	1
12183922	12183921	1
3330301	3333097	2
11899829	11899830	1
3935263	3935264	1
11689949	11689963	1
5789555	5789556	1
8014738	8017469	1
7938874	7939069	1
6866600	7311576	1
1140094	1140091	4
5378490	5378489	2
1402119	1403803	1
6568195	6568196	1
7428344	7428339	1
9381069	9381070	1
12278822	12278821	1
6192435	6191212	1
831259	831159	1
3381778	3381777	1
8377435	8377419	1
6135494	6135493	2
5876374	5882635	1
9717467	9717470	1
8252548	8252542	1
12721747	12721748	2
12553802	12553801	1
9125048	9125047	1
12044970	12044969	1
5368899	5368900	1
3410095	3418678	2
7639408	7639411	1
6197914	6197731	1
11578705	11578706	1
11846231	11846232	1
2106118	2106117	1
4723534	4723533	6
8885186	8885183	1
3628608	3628605	1
10736608	10736607	3
355606	355605	1
3519639	3519640	2
6692016	6691972	1
561274	561271	1
12303582	12303581	1
897027	897030	1
6674031	6674034	1
12462322	12462321	2
11345796	11345799	1
5372689	5372692	1
6534708	6534515	1
5994394	5994393	2
7820590	7790824	4
2258803	2257739	1
8534651	8534652	2
11214570	11215637	1
5653447	5653438	1
4212150	4455468	1
9377513	9377516	1
2297372	2297371	1
11516835	11516841	1
8947924	8947923	1
7877186	7877251	1
3115587	3115588	1
7719221	7719177	1
12461588	12054382	1
4471715	4471716	1
8398578	8398508	1
6327410	6327409	1
11999803	11999804	1
4606532	4604807	1
10885823	10887715	1
6745043	6745044	2
3541351	3541354	1
10392859	10392860	1
289120	7697710	1
5598547	5598548	3
10347987	10347919	1
5799145	5799148	1
10185017	10185058	1
391652	389235	1
850546	850545	1
1773624	1773733	1
3553204	3553203	2
3076544	3076543	1
3140954	3141434	1
6098989	6098990	1
10882853	10881500	1
843263	843264	2
5571497	5571498	1
2584627	9055503	1
5965842	5963383	1
11468800	11468797	2
583236	583360	1
1294240	1303232	2
3013290	3013287	1
7462745	7462746	1
6096220	6096261	2
8170651	8170652	2
11594718	11588228	1
6689533	6689534	2
5751206	5751205	2
9231805	9231806	1
9503747	9503761	1
8035239	8035240	1
2556725	2556726	1
3237752	3237751	1
5527469	5527940	4
7333575	7333576	1
9926970	9926969	1
10154935	10154936	1
464972	464971	1
6157770	6157769	1
10077664	10077663	1
2275339	2273721	1
2714559	2714560	1
10530313	10530274	1
9545427	9545453	1
9112442	9112441	1
3992886	3992885	1
12134058	12134057	1
9786593	9702149	1
1414189	1414190	1
7667849	7667844	1
10440180	10440827	1
6317841	10290947	1
6364738	6364735	1
10227586	10227585	1
3580423	3580424	1
8361772	8361771	3
10813880	10813879	1
5374994	5374989	1
7982445	7982448	1
8634901	8634919	1
10212604	10212661	1
8052145	8052146	1
10400697	10400576	3
3299187	3299194	1
10102340	10102339	1
12312452	12312455	1
359527	359528	1
11265505	11265006	2
8833725	8833730	3
11992193	11992194	1
3300289	3300290	1
5712985	5712986	1
3208607	3208624	1
10482119	10482224	1
12720985	12720986	1
1976411	1976894	1
11163241	11144704	2
10170228	10170290	1
3923710	3923709	3
11282598	11282597	1
7687099	7687100	2
8947926	8947925	2
8237835	8238049	1
5924958	5924930	1
4603120	9663744	1
10192430	10192429	1
8966355	8966384	1
6470235	6466882	3
4685883	4687357	1
5768070	5765462	1
651282	583218	2
8678116	8678114	1
8255525	8255526	1
1692452	1692451	2
1837876	1839214	1
6138729	6138903	1
11383402	11383401	1
11130974	11130973	1
7035223	7035224	1
9984691	9984683	1
2448249	2448250	1
9686711	9686707	1
10424108	10424107	2
7648608	7648607	1
8035241	8035242	1
11828735	11828736	1
10056229	10055562	1
6531532	12426017	1
10186930	10186929	1
11222848	11221731	1
8049798	8049795	1
6425281	6425282	1
11759036	11759035	2
6332193	6332330	1
8562446	8562445	1
8769459	5507853	1
9171014	9171013	2
8004581	8004582	1
415543	415544	1
7327293	7327294	2
2099405	2090437	1
931201	931202	1
7633006	7633003	1
5566992	5566991	1
7227073	6923698	1
11705701	11705702	2
383942	383932	2
4379613	4379616	1
7738425	7737483	1
8218618	8218833	1
11835387	11845298	1
1177499	1185268	1
10185852	10185851	1
3931898	3931909	2
10107861	10108183	1
3638918	3638917	2
1101483	1091196	2
1023547	1023134	1
2950863	2950864	1
9300558	9300557	1
11210166	11210165	4
11489165	11489043	2
5152213	5152214	1
6520457	6520458	1
9247386	9247385	1
6310464	6311480	1
9923577	9923578	1
3874009	3873980	1
9302090	9302087	1
5897127	5897128	2
11223491	11223377	1
4441774	4471466	1
5040771	5040774	1
95144	95143	1
5729077	5729078	1
2356041	2356042	1
12201754	12201753	3
3879469	3879470	3
6924782	6924781	1
5820602	5820601	2
9297215	9297385	1
8701898	8701897	1
4801225	4801226	1
6713766	6705327	1
1194686	1194685	1
11846853	11846818	1
3309498	3309497	1
3655204	3654754	1
5784536	5784535	1
10905016	10905015	1
3294828	3295064	1
8877827	8877828	2
651483	651484	2
11561081	11561082	3
8283365	8283366	1
3192931	3192932	1
3638930	3638917	2
11318576	11318575	1
7811598	7811043	1
1744030	1744029	1
1240837	1240838	1
6407583	6407585	2
11089976	11091408	1
5145583	5145584	1
11074505	11069017	1
9951632	9951631	1
593638	593637	1
11018302	11018301	1
6112256	6112255	2
3249799	3249800	1
9114330	9114329	1
10077419	10077420	1
4991055	4991056	1
6975874	6975885	1
7323707	7325222	1
3923708	3923707	2
12553804	12553803	2
5378488	5378470	2
3319905	3319906	1
3149706	3149705	1
1728925	1728926	1
2827615	2827452	1
5211237	5211238	2
768976	768975	2
743768	743717	1
6630949	6630950	1
11651375	11651376	1
7803123	7803702	1
9925497	9925498	1
11747329	11747298	1
8972299	8972302	1
9327573	9327553	1
3654401	3654402	2
11393065	5096303	2
7648494	7650720	1
2331235	5405154	1
5376149	5376150	1
6909933	6909934	2
9623187	9623252	1
8204136	8204135	1
8176895	8176900	1
3214074	3214073	3
3535743	3535744	1
5786927	5786948	2
9283702	9286605	1
11014462	11019104	2
7971789	7971790	2
768277	767927	2
8001222	8001221	1
9898734	9902229	1
10873346	10873345	1
10781815	10781816	2
11013450	10942974	1
3866886	3866883	1
2040435	2040313	1
7942266	11677525	1
3866343	3866349	1
5233605	5233606	1
7345617	7345618	2
6198236	6198235	1
10907139	10907140	1
5967813	5967814	1
5912169	5912170	2
8883219	8883220	1
11924471	11924472	1
10725285	10725046	2
9165208	9165207	1
3094586	3094537	1
5994392	5994391	3
5608801	5602842	1
7217852	7217849	1
8883653	8882675	2
1170070	1170069	1
3121674	3122039	1
11400660	11400659	2
1701411	1701412	1
5352169	5352170	1
10751401	10751404	1
4333262	4333261	1
4044967	4044968	1
7435889	7435890	1
1903338	1903380	1
8653333	8653334	1
3733893	3733874	1
5994101	5994102	2
2557976	2557984	1
692793	7454510	1
10905231	10905232	1
8765521	8765517	1
10990541	8283364	1
464974	464973	1
10285512	10285509	1
1535657	1535658	1
10197153	9100120	2
8173230	8173229	1
6731374	6731378	2
9679790	9679789	1
4199305	4199306	1
5949398	5949397	1
8101144	8101143	1
7574947	7574915	1
9560653	9560654	1
8562104	8562103	1
11826958	11829640	2
5374996	5374995	2
10182204	10182203	2
1997837	2002957	1
5739916	5739915	1
4744114	4744111	1
7813117	7813120	1
10347538	10360110	1
11405292	11405326	1
5967812	5967811	2
7819214	7819211	1
11747327	11747328	1
3381135	3381136	1
2297370	2297369	1
8110226	8110225	1
7129918	7129915	2
10137805	10137806	2
11665452	11665433	1
4405902	4405893	1
2465071	1797661	1
1700149	1700501	1
7742372	7742377	1
3661312	3641788	1
3047513	3047596	2
11756396	11759045	1
5880642	5880731	1
800486	800485	1
5556464	5556467	1
12127839	12473728	1
4349931	4349932	1
9925270	9925512	1
10130212	10130211	1
3041067	3041068	1
4759987	4759988	1
10325743	10325744	1
7104216	10530337	3
10888987	10888977	1
8163625	8163626	1
2116166	2116043	1
5268701	5268704	1
12779692	12779691	1
5570747	5570748	2
10649869	10649898	1
2874406	2874803	1
10425999	10426000	1
5669896	5669893	2
6297252	6297247	4
6343552	6343551	1
744121	744027	1
4999178	4999177	1
975689	975690	2
5130887	5130890	3
3364250	3364249	2
6611827	6611830	1
8875849	8875836	1
969255	969256	1
8621918	8621917	4
7582133	7582134	2
6056457	6056458	1
9968692	9968691	1
7395728	7395727	1
3404230	3404229	1
11497734	11496786	1
2597763	2592753	1
11734780	11734779	1
3258968	3258908	2
10511068	10510949	1
9470750	9471238	4
2722043	2728503	1
10663758	10660690	4
3653998	3653997	1
2801982	2801981	1
321219	320252	1
6966816	6914156	1
9478684	9482646	1
9686669	1835572	1
9780313	9780314	1
360525	360047	2
7111859	7111860	1
3089592	3089591	1
5924473	5924427	1
4821912	4821911	1
6855292	6854962	1
8255527	8255528	1
8990193	11895460	1
264881	264882	1
4149336	11118686	1
5924183	5924184	1
11992198	11992195	2
4911303	7584771	1
6868529	6868530	2
311016	311013	2
10715503	10654608	1
2776103	2775683	1
1737170	1737169	1
11565101	11565102	2
5113079	5113080	1
6549244	6549239	1
5774356	5774353	1
10750429	10751226	1
8983001	8983002	1
9096808	9096807	3
7600989	7600990	1
8839259	8839330	1
7311577	6865506	1
7217862	7218829	4
9566312	9566309	2
4530111	4531274	1
4268048	4268043	2
11194158	11194157	1
6175399	6175400	3
3148581	3148582	2
8882392	6496207	1
790135	790109	1
9115837	9115838	2
6154010	6154009	1
6144012	6144011	2
6037310	6036312	3
10128081	10128082	2
4674231	4674232	2
6720726	6720725	1
3428535	3428536	2
8452697	8452698	1
10505575	10505499	2
2886598	2886597	1
4124138	4123434	1
6733680	6733679	1
593634	593633	1
10507585	10507588	1
7324211	7324212	3
1525187	1520276	1
451233	451236	1
8906815	11776259	2
843625	843626	1
10666983	10666873	1
6523083	6523084	1
1711876	1711875	1
5249890	5249796	1
9781952	9781949	1
3779452	3733890	1
5203822	5203821	1
10059496	10059495	2
7530717	7530718	1
1120753	1120754	2
12196366	7446264	2
7032687	7032662	1
5815487	5815845	1
3142510	3142509	2
8412743	8412783	1
5642347	5642350	1
2647740	2647739	1
4377719	4377720	1
398496	398495	1
12240364	12240182	1
6815965	6816002	1
6567023	6567024	1
1535875	1535656	1
5571895	5571903	2
7013177	7013051	2
10703673	10703674	1
10401623	10401624	2
12673158	12673447	3
415603	415538	2
5194177	5194121	1
10240594	10240591	1
1433781	1443694	1
1692454	1692453	3
7623438	7632666	1
5556469	5556470	1
10312843	8380532	3
3566089	3566128	4
567481	567508	1
3292397	3292398	1
64587	64588	1
69379	7470227	3
7526563	7526564	1
8192540	8162756	1
2280865	2280866	1
2143687	2348917	1
9685632	9687547	2
5437613	7100527	1
2715665	2715666	1
7461535	7461538	1
12252714	12252713	3
6997074	6997073	1
1468688	1468687	1
4609566	4609563	1
10267070	10267069	2
699105	699108	1
7834201	7834202	1
6732276	6732275	1
3258335	3258336	2
11651047	11651048	4
3913115	3913116	1
3866341	3866342	1
2467221	2467222	1
3715486	3715483	1
1414186	1414185	2
7865911	7865912	1
2278111	2278112	2
7552007	7553351	1
5130891	5130892	1
3192933	3192934	1
2278237	2278238	2
9550362	9550361	2
7432000	7430904	1
7459035	7459036	2
3293162	3293159	1
8860048	8860045	1
8776333	8776398	1
4626895	4626896	1
9020845	9020846	1
5676961	5676962	1
6107521	6107783	1
7459031	7459032	3
12242886	12235938	1
8245069	8245070	2
362113	362114	1
4116474	4116473	2
6781199	6781200	4
12240184	12240183	1
8442870	8442903	1
2755531	2755532	1
2411801	2411802	1
5573329	5346949	1
75246	75243	5
4646025	4646026	1
936977	936808	1
6001458	6001457	1
4711491	4711484	1
2817946	2818018	1
4548025	4548026	1
7480298	7480297	2
12797858	12797876	1
5581097	5581797	2
12247130	12247129	1
9997848	9997847	1
4699480	4690452	1
7922473	7922480	1
122204	120515	1
7860080	7862079	1
7726337	7726338	1
3645461	3645363	3
10398408	10398407	1
5810662	5810661	2
12770831	12770832	1
5641866	5641865	1
139801	139804	1
10448584	10448583	1
9889172	4022375	1
6103673	6102277	1
4356955	4356910	2
9792769	9792770	1
5272583	5272584	2
11442765	7156863	1
10241870	10241919	1
9102602	9102605	1
5158574	5158573	1
6399519	4275007	4
10249699	10001331	1
5573098	5573097	1
3156821	3156805	1
5586330	5586327	1
9311819	9311820	2
8730925	8730926	1
10736606	10736605	3
12462308	12462323	2
2615414	2624085	2
6972891	6972892	1
593574	10079712	1
11329606	11329540	1
11156679	11156680	1
5724452	5724451	1
2370143	2369853	1
3603901	3603902	1
11346820	11346819	1
438741	438742	2
9295912	9295881	2
2647738	2647741	1
8474434	8474433	1
5076201	5076202	1
7171332	7164044	1
6974191	6974192	1
8653331	8653332	3
8713357	8713384	1
4342606	4340178	1
6327415	6327418	2
3192616	2967925	1
17577	17578	1
10925983	10925984	1
2830153	2830156	2
9153025	9153036	1
4133583	4133584	2
7910238	7910237	1
9717811	9717797	1
12780883	12631153	1
7367117	7367118	1
8861676	8861675	1
4547725	4547726	1
4502090	4502089	1
1998083	1998084	1
10752025	10318249	1
622254	622246	2
11001150	11001149	1
5207037	5207038	1
11926966	12599619	1
7533728	7533727	1
792229	792230	1
6507979	7109154	1
10333273	10333278	1
3502004	3502003	1
10467041	10467042	1
6827154	6842094	2
5569014	5568770	1
8091162	8093394	1
11859494	11859544	1
8266472	8266471	2
2027503	2027504	1
11499911	11509648	2
8994655	8983875	1
11869976	11869975	1
5712983	5712984	1
12549886	12549882	2
3053285	3058623	1
8572171	8572174	1
7261748	7261747	1
2451783	2451784	1
4475942	4475907	2
8764809	8764810	1
8751558	8751706	1
5463331	5463332	1
7480299	7480302	1
534334	534331	1
7795730	11433137	1
7462119	7462120	1
8556660	8556399	1
5017855	657370	1
3715458	3715457	1
10550505	10550846	1
1782624	1782522	2
6175342	6175398	1
9069431	9069432	1
5248620	5248612	1
11332075	11317989	1
8023876	8024923	1
890562	890561	1
6127395	6127396	2
1680846	1680845	3
5805087	5802531	2
3514659	3514660	1
1520667	1520668	2
2530597	2530598	1
10493924	10493781	1
7103369	7103370	1
485677	485713	1
9394897	9394898	1
3574924	3574923	1
8769459	8769460	1
1520667	1520670	1
5995860	5994944	1
5785180	5785177	1
1837754	1837753	1
7615856	7615855	2
10298855	10182235	1
6866600	6866599	1
2518274	2520922	1
6551891	6553175	1
5761072	5761071	1
542635	542636	3
9300554	9300553	1
10182206	10182205	1
8767913	8767895	1
5557424	5557419	1
8844169	8844170	1
7127179	7347659	1
2427546	2427541	1
10467039	10467040	2
11934277	11934278	3
4509928	4509927	1
6343556	6343551	1
8273571	8409828	2
4611786	4609538	2
11674573	11674574	1
7808405	7640710	1
1601747	1613515	1
9172015	9170338	2
936283	936284	1
11759042	11759041	1
6217359	6217301	1
10899485	10899486	1
11419240	11419239	1
9362797	9362798	1
4863171	4863172	2
8445711	8445712	1
8838210	8838207	2
8917360	8917396	2
7327297	7327314	1
6617516	6206719	1
6218404	8105639	1
5113344	5113258	1
11747163	11746746	1
9228379	9228380	1
3280658	3280655	1
2142583	2142584	1
10786758	10790210	1
7099515	5511949	3
7937050	7937049	1
359527	172395	2
5374994	5374991	1
7394528	7394527	1
1993049	1993205	1
10814622	10814556	2
10185694	10185693	2
9883989	9883990	2
436237	436238	2
7134552	7134551	2
1970831	1970832	1
11992496	11992495	2
11571486	11571362	1
4122021	4122125	1
6826771	6826743	2
11307279	11307615	1
7069813	7069814	2
6549238	6549237	1
11969484	11969483	2
3672579	3672580	1
5137235	5137236	1
5994390	5994389	3
10811337	10811180	3
3076541	3076542	2
846991	848078	1
43548	43547	2
1414743	9798098	1
12279537	12279538	1
7490842	7490620	1
7917520	7917519	1
5625119	5625120	1
7247448	7247447	3
3054877	3054878	2
2925108	2925107	1
4370355	4370358	1
6314513	6314537	2
12265013	12265014	2
3316208	3316022	2
3494606	3494605	1
5272592	5272591	2
8477227	8477228	1
1448264	1448263	2
1009519	1009619	1
349673	349591	1
5815489	5815845	1
6313916	6313915	1
2920365	2920366	2
1533139	1533119	1
10819719	10778452	1
3802472	3806798	1
6130359	6130360	1
11817894	11817893	3
7283576	7283575	1
11665495	11666847	1
12253336	12253335	2
7556019	7556020	1
7584449	7585914	1
3497676	3497671	2
9968690	9968689	1
2852713	2851641	1
391654	391653	1
5042550	5042549	1
2259475	2259476	1
4489219	4491612	1
2255822	2255843	1
2379240	2379239	1
7814864	7814863	1
736061	736062	1
10837914	10837913	1
5859997	5859998	1
2319543	2319544	1
7489953	7489954	1
10908679	10908686	1
7919664	7919663	4
6233959	6233960	3
1656384	1656383	3
5708952	5708892	1
3953375	3954513	2
11469076	11469348	4
7818950	7818949	1
10399092	10398564	1
9578348	3943548	1
11969484	11969481	1
11520931	11520934	1
3635874	3635873	1
5346948	5346945	1
8315894	8315902	1
12532386	12532385	5
1779705	1779706	1
12662153	12662109	1
343384	344747	1
3053340	3053339	2
9821266	9821269	1
5573329	5346945	1
10511070	10511069	2
441050	441084	1
5086001	5086002	1
159966	159965	1
6064935	6064936	1
9437472	9437657	1
1547984	1547976	1
5366489	5366490	5
3154661	3154797	2
2027505	2027508	1
12326953	12326954	1
808493	808494	1
8103931	8103436	1
11828733	11828734	1
9883599	9883600	1
4502092	4502091	2
2487849	2487850	3
10752493	10751316	2
286670	287698	1
9630127	9630128	1
2920891	2920892	1
3357209	3357197	1
6158252	6158255	1
3942131	3942132	1
6568197	6568362	1
5067891	5070405	2
7804493	7804494	1
9362733	9362963	1
11496414	11496413	1
11845506	11845501	1
6363094	6363093	1
3514125	3514081	1
3025270	3028636	2
4626671	5783313	1
10360149	10360150	2
7783527	8567345	1
8648704	8648703	1
10749925	10749926	1
11869980	11869975	1
11566719	11566720	1
11877764	11877767	1
8961662	8961655	2
2826472	2826471	1
9338879	9338880	1
9173413	9173414	1
7446467	2751010	1
895232	895229	1
6785035	6785036	2
4363369	4375616	2
5367255	97876	1
5679177	5679178	1
11668884	11668883	1
10107132	10107131	1
9324381	9324301	1
3502009	3502014	1
11176665	11040138	1
4582809	4583183	2
9492838	9492833	1
8170099	8170650	1
1600587	1600588	2
4678354	9658891	4
6482024	6482023	1
3296373	3295290	1
9737319	9737320	1
2549428	2549427	2
7456277	7456283	1
1769509	1769512	1
5712981	5712982	1
5679177	5679180	1
4551737	4551738	2
7488119	7488143	1
7430453	7430454	1
2752349	2752799	1
844229	843264	1
5011825	5011826	2
5932119	5932120	1
5806464	5806463	1
2687358	2687357	1
7719176	7719175	1
1483387	1483388	1
11705701	11705704	1
288557	288558	1
567509	567510	1
6177203	6176795	1
3802905	3802906	1
11817892	11815941	2
3291205	3291283	1
7456881	7456884	1
4071057	4071034	2
9703679	9703680	2
7682572	7682571	3
8245071	8245072	1
11889403	11889404	1
2598038	2598035	1
5514215	5514216	3
5897952	5898931	1
3705155	3715620	2
10425409	10425428	1
11821834	11821833	1
3260686	3260685	1
3231105	3230529	1
6138408	6138416	2
11835387	11845296	2
3553926	3553925	1
9678007	9678008	1
7827175	7827176	1
5567266	5567248	2
1538725	9929187	1
5648188	5648187	2
11071329	11071330	1
12038449	12038452	1
3292890	3292889	1
1391379	1391380	1
4508667	4508663	1
7446300	7446265	1
7515251	7515252	1
6071251	6071252	1
3375314	3375313	1
11528400	11528399	2
5414510	5414509	1
5537480	5537054	1
11536274	11536185	1
6766216	6765921	1
2189117	2189118	2
651284	583218	1
7626809	7626810	1
847131	846195	1
3967815	3967818	1
4548657	4548670	1
5881492	5881483	1
3968178	3968181	1
3715474	3715473	1
5420721	5420722	1
8438499	8392333	1
5541969	11776653	1
7371753	7371754	1
10687779	10687777	1
5243071	5243072	1
1241413	1244177	1
3779763	3779764	1
651639	651642	1
11124226	11122276	1
3136141	3137622	1
2652338	2652444	1
339390	339786	1
3978204	3978101	2
10766299	10766302	1
5784703	5784704	1
11496499	11495090	1
1418151	1418152	2
12788921	12788928	1
9595906	9595905	1
12694340	12685789	1
10182198	10182197	2
8758149	8758152	2
4239102	4239101	1
752882	752881	1
7273782	7273781	1
2416423	8028423	1
5697466	5697465	2
5623268	5623267	1
11331361	11331352	1
1074818	1074817	1
2125625	2109293	1
6170211	6170797	2
10274600	10274978	1
3161168	3161163	1
7818556	7818555	1
995005	995006	1
68293	68294	1
176585	176586	1
8042705	8042706	1
9729416	9729413	1
2255820	2255843	1
9909193	9909194	1
2584627	2584628	2
3403274	3403273	1
5810677	5810680	1
12414886	12414885	2
5441834	5441833	2
5606291	5606294	1
1768311	1769489	1
9159929	9159930	3
10447304	10439770	1
4819097	4819098	1
9806767	9806845	1
5207124	5207123	1
2556731	2556732	3
11278414	11278429	1
10798387	10798388	1
6390672	6390616	1
8817091	8816507	1
8335432	8335467	2
5440080	5440079	1
9615389	9615390	1
4849916	4812757	1
10296037	10296038	4
8007108	8007107	2
6327408	6327405	1
7656789	7656790	1
8662931	8662932	1
2254202	2254201	1
11774338	11774337	1
11851931	11851916	1
7063286	7063310	1
876924	876919	1
3715471	3715472	1
3889629	3889630	1
95886	105524	1
3116705	3116688	1
857798	857797	1
8885186	8885185	1
3616486	3616485	2
6774801	6775202	3
11177650	11177649	1
11266586	11266583	2
10341909	10341924	1
11176289	11176290	1
11558797	11558798	1
7819212	7819211	1
470809	535921	1
7919662	7916592	4
10735732	10735731	1
8877829	8877787	1
4838225	4838226	1
9911524	9911521	1
3993128	3993161	2
5995862	5995861	1
6024817	6024822	1
3980292	3980291	1
7382996	7382995	2
5276301	5276302	1
2331117	2331118	1
3987460	3987459	3
669340	669339	1
10623103	10623104	1
2683220	2683219	1
1101481	1101482	2
9377517	9377518	2
6685124	6685123	1
10702306	10702305	1
7696889	7696890	2
10613226	10613232	1
6358015	6355098	1
1205460	1205470	1
874982	874981	3
3610081	3610082	1
722979	723653	1
8355501	8355504	1
5231524	5231523	2
79679	79680	1
6190331	6190332	1
11198829	11198830	1
11562643	11562644	1
2200666	2200665	1
4749240	4749239	2
7091630	7091629	1
1468686	1561520	1
1983160	1983157	1
5537527	5537530	1
11747419	11747420	2
401332	401352	1
3941989	3941990	1
3529334	3529333	1
6429413	6428935	1
4665234	4665233	1
2369851	2369852	1
7822299	7822300	1
9101910	9101909	2
2514655	2514656	1
4230890	4230889	2
9327552	9327551	1
7083227	7083228	1
2348854	2348853	2
9687767	9687744	1
613992	613991	1
9806767	9806843	2
11528077	11528078	2
7932905	7932906	1
8643025	8090520	1
2955274	2955273	1
842385	842386	3
11123839	11063017	1
9806844	9806843	1
9883993	9883994	2
2308261	2308262	2
10903345	10903346	2
3243899	3243902	1
7582149	7582152	1
3673311	3690028	1
11528402	11528401	2
8833731	8833732	3
11488040	11422745	1
2355134	2354904	1
8833725	8833732	1
10868249	10868250	1
2310717	8016996	1
6897972	6897799	1
12495170	12495169	1
2777756	2777755	1
7762284	7762269	2
3231246	3231245	1
3340269	3340270	2
7596859	7596860	1
10819717	10819718	1
7810573	7810597	1
11069014	11069013	1
6391624	6391623	1
98389	98408	1
6535815	6535816	1
291291	97611	1
2179127	2179131	2
2020019	2020004	1
10507287	10507290	1
11352910	11352909	1
9620100	9620103	2
7626736	7626735	1
627106	627105	1
6540606	6542688	1
9964133	9964104	2
10123119	10123120	1
8342118	8342117	1
10405300	10405299	2
9143719	9143720	1
3943079	3943843	1
7307332	7301977	1
7247446	7247443	1
12123693	12123687	1
6625868	6625871	1
10319612	10319607	1
3054875	3054878	1
8026862	8026861	1
12792015	12792016	1
4392133	4392134	1
6682085	6682061	1
8099511	8099512	1
7557268	7557267	2
7135309	7135007	2
12470943	12470946	1
7593757	7593758	1
3089088	3095316	1
8397033	8397036	1
11783982	11783981	1
7129920	7129919	3
1530876	1530875	1
7483710	7483707	1
9480301	9480302	2
4865510	4865557	1
4253354	4253349	1
3738521	3738522	1
8521047	8521048	2
4056968	4056967	1
11402766	11402765	2
2349973	2349942	1
11175293	11175234	2
1985705	1985706	1
7270489	7270490	1
6150160	6150053	1
1708357	1708358	1
7247444	7247443	1
10008778	10008777	2
6128342	6128347	1
2126618	2126617	2
10743028	10743031	1
447673	447674	1
5916423	5916431	1
4422127	4422199	1
5513116	5513333	1
12386281	12388074	4
2664883	9832730	1
5692540	5692539	1
5747163	5747164	1
7803311	2107666	1
7818910	7818909	1
7818990	7817878	2
7790830	7790827	1
12284991	12284943	1
5352497	5352498	1
1070817	1070013	1
7127013	7127014	1
6132135	6132226	2
8404933	8404934	1
6633214	6633209	1
3598343	3598344	2
3375220	4117082	1
11170651	11170937	1
2952791	2952792	1
10225668	10225672	1
11123828	11123827	1
11530896	11530895	1
3195043	9776769	2
10537856	10537853	1
11175291	11175292	2
9470582	9470579	1
715827	715828	2
10649899	10649900	1
3012909	3012910	1
3627589	3627590	2
627104	627103	1
4935767	4935744	1
3983063	3983064	2
7322413	7322414	1
9251580	9251579	1
12032437	12032444	1
5919421	5919962	1
6343556	6343553	1
6526778	6526629	2
337418	8817401	1
2569915	2569916	2
931158	931157	1
3295916	3295915	1
12509439	11986605	1
9578643	9578644	2
4200548	4200545	1
4644606	4644603	1
5807299	5806769	1
8387212	8387211	1
1240340	1240337	2
9525692	9525705	1
1356863	1356866	1
9299981	9299728	1
9695543	9695544	1
4379617	4379833	1
3542062	3542059	1
12235923	12235858	1
10913183	11184512	1
5423828	5423827	1
4811840	4811850	1
4090147	4090148	1
5272583	5272590	2
10241918	10241917	1
257492	257489	2
7601219	7601220	1
6921345	6921346	1
11438423	11438433	1
3340255	3340256	1
2863452	2863451	1
1341051	1341052	1
5827812	5832450	1
1207400	1207304	1
4740492	4740535	1
4669609	4669610	1
3390433	3390434	1
1783192	1783191	1
2886596	2886595	1
2698365	2698366	1
5095246	5095241	1
3715466	3715465	2
6925988	6925987	1
6885039	6885040	1
3553202	3555141	1
6049187	6049255	2
5514211	5514216	1
9620104	9620103	1
2272353	2272354	1
8613859	8273695	1
3865198	3865197	2
8497396	8496290	1
10888636	5085362	1
3014231	3012910	1
1531189	1531117	2
9061	8109986	1
8656653	8656654	1
3971007	3971008	1
1413418	1413417	1
965709	965710	1
5780916	5780517	1
11524893	11524894	1
943659	943501	1
10061495	10061368	1
9591862	9592938	4
10281416	10281415	1
8027727	8027728	1
11039871	11039838	1
2186645	2186646	1
4935347	4935348	1
8492669	7810915	1
7446473	7446474	1
600426	600421	1
10451904	1637513	2
1310088	1310087	1
3440702	3440620	1
11071327	11071328	1
874984	874983	3
398494	398493	1
4880283	4880284	2
8886482	8886491	1
8505056	8505042	1
11276674	11276820	2
3913685	3913686	1
303302	360136	1
260109	260110	1
6749845	6749846	1
5130893	5130894	1
159968	159967	1
11469349	11469350	4
5850808	5850811	1
4285274	4285277	1
5437613	7100340	1
12317838	12317801	1
9850959	9850955	1
3303255	7433782	2
4182176	4182171	1
9915769	9915767	1
3507824	3507810	2
6105416	6105415	1
1770074	1770210	1
8686885	8686886	1
7860080	7860074	1
965452	3118693	1
6459052	6459050	1
671618	5569188	1
2311886	2311942	1
4880285	4880291	2
5332009	5356596	1
4730341	4730342	1
4476977	4476978	1
9550648	9550641	1
3691088	3691087	1
7483719	7490780	1
6474623	6474184	1
11356982	11356576	1
752880	752877	1
105059	105060	1
9231803	9231806	1
7741835	7741836	1
10506775	10506778	1
6107496	6107504	1
5053855	5053856	1
9123228	9122349	2
4268107	4268108	1
11754277	11754278	1
3939746	3939902	1
2271036	2271033	1
4044966	4044965	1
6054108	6054419	1
438741	450249	1
6343963	6343964	2
1112741	1112275	1
10483876	10483875	1
7312739	7312931	1
10931487	10931482	1
10971394	10971184	2
8662936	8662935	1
11239044	11239043	1
12657718	12657717	1
10178493	10178496	2
10349075	10349781	1
6052967	6052968	1
11170919	11171406	1
5721027	5721030	1
9231803	9231804	1
4012616	4012690	1
11658097	11655659	1
12053241	11987355	1
9774409	9774403	1
6181627	6181630	2
159964	160004	1
3192935	3192936	1
249005	249006	3
1840180	1840065	1
561270	561269	6
1103565	9463645	1
12125576	11965870	2
2943406	2993316	1
6091275	6091282	2
3790287	1355895	1
3277830	3277851	1
10623105	10623106	1
6039069	6041233	1
348591	348837	1
10887481	10887482	1
306137	306138	2
3736434	3736431	1
2893904	2893903	1
3960515	3960337	1
11531580	11531579	1
2875456	2875453	1
10189567	10189568	1
9273539	9272642	1
11468798	11468797	1
3940600	3940599	3
2556727	2556730	1
11829641	11829642	2
6016544	6016543	1
11704427	11704428	3
12666676	12666675	1
12346740	12346739	3
4940967	4940968	1
11336398	11336401	1
4854448	4854447	1
3233869	3234514	1
12530031	12529940	1
9739162	9739159	1
12551922	12551921	3
7049821	2481283	2
5987840	5987837	1
5352870	5352867	1
12272739	12272740	1
8385072	8385071	2
8817292	8817290	1
1867807	1867808	3
8858388	8858387	1
6175397	6175398	2
6181627	6180819	1
11238808	11548940	4
11176663	11176664	2
6857573	6857574	2
6717464	6705533	1
5086003	5086004	1
3542573	10886908	2
4026210	4026209	1
2278109	2278110	2
736086	736060	1
3824965	3824968	1
6556011	6555997	1
3707761	3707762	1
10323194	10322337	1
9582937	9582938	1
1240340	1240339	1
3268380	3268379	1
7465618	7465242	2
7599724	7599732	1
1071726	1071720	1
6758473	6758285	1
1614020	1614019	1
8860048	8860047	1
1441851	1441854	2
1414738	1414731	1
7635952	7635951	2
5647135	5647136	2
6194761	6194764	1
12506448	12514707	2
8534646	8534645	1
10918996	10918995	1
7634988	7634987	1
12678664	12678663	1
5078184	5078183	2
10326659	10326654	1
7695374	10150924	1
12246043	12246044	2
8001807	8001808	1
2311888	2311887	1
10156988	10156987	1
2896021	2898211	1
8701282	8701279	1
7107570	7107569	1
4876043	4876044	3
4200552	4200549	1
10207902	10207905	1
8875849	8875850	2
3014231	3012908	1
5271646	5270996	1
8969762	8969373	1
10481648	10481641	1
10984008	10984007	1
11204722	11204721	1
383933	383934	3
6167097	6167098	1
7860075	7862079	1
8101809	8101679	2
3773673	3770780	1
10939569	10939567	1
690827	690828	1
10267183	10267204	1
4343705	4343706	2
4136969	4132478	1
10448223	10448229	1
5366489	5366492	1
4528092	4528089	1
3156806	3156803	1
2471375	7212490	1
895615	895618	1
6600777	6600778	1
5422591	5421680	1
2348797	2348798	1
11086184	5904903	2
5808080	5811568	1
11586461	11586462	1
5274622	5274621	1
7916596	7916595	1
1115758	1115757	3
6262802	6262801	1
5514211	5514214	4
9768510	9768509	1
5847398	5848746	1
2653608	1900928	1
11143257	11144376	1
2307470	2307469	1
8088513	8088536	1
1373967	1373850	1
11869056	11869053	1
3422164	3958529	1
712899	723871	1
3519672	3519054	1
6165143	6161974	1
11906423	11906424	1
5878436	5878435	1
2538416	2538367	1
4080500	4080516	1
10240594	10240593	1
3203965	3203966	1
5874119	5873352	1
3828438	3828437	1
9641229	4508495	1
9113465	9113471	1
5993758	5993757	1
6146305	6146308	1
10353194	10353193	1
7456151	7456152	1
171145	171146	1
10137807	10137808	1
9659028	5084149	1
4033826	4026791	1
11726872	11927453	2
7482813	7482573	1
931203	931159	1
7311657	7309645	1
4741312	4741311	1
8043588	8043587	2
5647131	5647132	4
5076592	5563701	1
5019210	5019209	2
11783980	11784050	1
2401431	2358578	1
5596353	5596356	1
5901919	5901920	2
8858600	8858603	1
3382436	3340837	1
5807883	5807884	1
6674033	6674034	1
6088099	6088100	1
2762087	2767242	1
12035896	12035899	1
3231248	3231247	1
8860046	8860045	1
7069523	7069524	1
285929	285930	1
5010427	5010428	1
5664067	5664068	4
1248662	1248891	1
6818879	6818910	1
12607406	12234116	1
9340115	9340116	1
11396355	11396349	3
9916153	9916154	1
2993465	2993466	1
897344	897291	1
7317052	7317047	1
3833477	3827048	1
9620102	9620094	2
8554740	8554739	1
3879713	3879714	1
7811416	7811440	1
8022404	8022389	1
2680870	2680815	1
12319043	12319356	1
6822899	6822900	1
2564120	2574869	1
7389765	7389782	1
6168673	6166089	1
5993756	5993755	1
1976985	2649581	1
10298899	10298397	1
7939688	7939687	3
12610200	12610199	1
8662931	8662934	1
3615365	3615366	1
8829962	8829961	1
3038571	3038560	1
3319903	3319904	1
2972411	2972077	1
8203823	8203824	1
4854630	4854889	1
8603050	8603047	1
1755312	1755311	1
6197569	6197570	1
7524767	7522879	2
12487219	12485188	6
3277850	3277849	1
2554864	2549429	1
1748359	1748360	2
4230888	4230885	1
8027965	8027966	2
3249799	3251955	1
4592004	4592003	1
3249801	3251955	1
5045396	5045391	1
25398	25906	1
464974	464971	2
9985379	9985380	1
7190121	7190744	1
1898237	1898238	1
6493463	6493101	1
1619045	1619046	2
10463837	10463838	1
5570745	5570746	4
2417927	2417928	3
37186	37185	1
911030	911029	1
669367	669341	1
6480517	6482022	2
3262266	3262265	1
9320517	9320518	3
6486548	6486545	1
7821513	7821514	2
2764064	2764061	1
3310402	3309691	1
11827520	11827519	1
4094033	4094034	1
4318722	4318721	1
2349034	2348996	1
9231695	9231696	2
7772380	7772379	1
9763830	9763829	1
7762288	7762269	1
6806451	6806559	1
1535889	1535890	1
1544446	1544422	1
7407492	1996806	1
7635952	7635949	2
2349971	2349972	2
3715484	3715483	1
11428364	11428356	1
7429484	7429483	1
3873895	3873901	2
3339896	3339895	2
10905013	10905014	1
8816967	8816968	1
10116923	10116926	1
9595910	9595905	1
11335585	11335586	1
1783780	1783779	1
17579	17580	1
9231998	9231637	1
7283779	7284860	1
11393770	11393769	3
3044822	3044295	1
4866933	4866934	1
8353168	8353167	1
8954693	8324825	1
4588676	4588690	1
10213478	10211558	1
11094749	11094752	1
5059437	5059440	1
907602	907601	1
10197021	10197022	1
9595908	9595905	2
8571739	8571112	1
1189395	1189492	1
10096670	10083082	1
744123	744027	1
2887310	2887309	2
2363715	2363721	1
10837460	10837459	1
7688793	7688794	1
2366566	7308635	1
8033344	8033579	1
5716300	5716291	1
11864227	11863564	1
3443769	4669148	1
4259843	4259844	1
6136437	6150862	1
2782813	2782829	2
7203224	7203223	2
7695372	10150924	1
2085495	2085496	1
10240596	10240595	2
10325741	10325742	3
1011274	1011273	1
2428750	2428752	1
10166147	10084022	2
4686879	4686880	1
5588050	5588049	1
5466878	5466566	1
4175761	4175762	2
11759042	11759039	2
7291341	7291342	1
1944635	1944638	1
11976021	3126079	1
11102034	11102031	1
5466738	5466737	1
837477	837478	3
5367404	5367254	5
9467219	9467211	1
6035618	6034168	1
9420088	9420087	1
282183	283783	1
7038081	7038082	1
5292724	5292723	2
11013452	11013451	1
7174132	7156144	1
10799563	10799612	1
9126909	9126914	1
2996899	2996900	1
9476700	9476699	1
7895548	7895545	1
11329084	11329083	1
10733467	10733468	1
11844397	11844398	2
8046776	8046773	1
9664486	9663787	1
5647131	5647134	3
3885821	3885822	1
3279442	3279441	1
3352279	3352280	1
4636972	4636967	1
7771497	7771337	1
5507852	8769460	1
11861860	11861859	1
5965842	5963381	1
6077752	6077771	1
605758	605755	1
6633208	6633207	1
5924642	5924657	2
11869052	11869051	1
5366484	5366503	1
551379	551382	1
12473290	12473289	2
11516109	11515389	1
1414187	1414188	2
7498722	7498719	1
11597830	11597426	1
5647532	5647531	1
9483663	9483664	1
3523328	3523327	1
3913113	3913114	1
9867977	9972038	1
2449616	2449740	1
5020365	5020261	2
12278826	12278825	1
4071030	4071045	1
4413505	4413506	1
3907440	3907439	1
6529741	6529633	2
10399271	10399276	1
3316294	3315157	2
5601908	5601907	2
8761478	8761481	1
5679179	5679180	1
12347268	12347267	2
10903341	10903342	1
8729209	58177	2
1070815	1070816	2
7651195	7651196	2
2854015	2854043	1
120571	120572	2
7626811	7626812	1
7134474	7097893	1
6609617	6593496	2
3677760	3678789	1
8983951	8984494	1
10060064	10060063	2
6111969	6111970	1
9856769	4003001	1
8574656	8572941	1
8662933	8662934	1
9241826	9240147	2
11388423	11388424	1
7207469	7207470	2
7025041	7026969	1
11877766	11877765	1
6560953	6560959	1
4592002	4345382	2
5278177	5279691	1
4360902	4362247	1
2887314	2887311	2
6210148	6210112	1
7949911	7949912	1
5649899	5649900	2
356507	356610	1
11528524	11528521	1
4575920	4575973	1
6492151	6493896	1
4532774	4532773	1
4879409	4879410	1
6520439	6520458	1
3484465	3484466	1
5078145	5078146	1
9584344	9584343	1
9023438	9023437	1
11867925	11867926	1
5567268	5567267	4
7531536	7531535	1
9173393	9173412	2
9190444	9190443	1
8653330	8652781	1
8326007	8325910	1
11306494	11306493	1
9231693	9231694	2
12191554	2499444	2
10108182	10108181	1
4475107	2720507	2
11520929	11520930	1
8370216	8370215	1
3680697	3680698	2
1388136	1388135	1
2319998	2319997	3
1837878	1837877	2
2187289	2187290	1
12473292	12473291	2
11407356	11407355	1
6197290	6197289	1
850544	850547	1
12324024	12324023	1
4403585	4403579	1
10132631	10132634	1
8417091	8417458	1
1665651	1459880	1
9362795	9362796	1
10064884	10064883	1
9470752	9470751	4
2812702	2801978	1
2250450	2250449	2
774544	774543	2
976272	976269	1
6768518	6768504	1
2782811	2782812	2
7847838	7847837	2
5357835	5357836	2
10296033	10296034	3
5093983	5093761	1
3310406	3310403	2
4577421	4577422	2
3327515	3327516	2
85156	87730	1
4392135	4289693	1
5641864	5641863	1
6884269	6884267	1
4718199	4718265	1
10116921	10116922	1
4191918	4191917	1
7856477	7856478	1
9770206	9770197	1
6943289	7013541	1
4915935	4915921	1
6144010	6144009	2
8837077	8837080	1
1666400	1666399	3
2086424	2086423	1
5011827	5011828	1
9471239	9471240	3
9999496	9999495	3
5537527	5537528	2
3268136	3268381	1
11762011	10106067	1
11652332	11652234	1
10765596	10765603	1
3537675	4021288	1
6327413	6327414	2
2039704	2039701	1
2350850	2350849	2
3484467	3484602	1
2308778	2308773	1
6437005	6437006	1
3793668	3793671	1
11138004	11131480	1
3641977	3641978	1
6280498	6280497	2
9096808	9097325	1
3549006	3548991	2
1837878	1839214	1
936285	936302	1
10448534	10448542	1
11176287	11176288	1
10434856	10434855	2
10886737	10886738	1
9807009	9807007	2
2085497	2085500	1
4805074	4805071	1
10267794	10267793	2
1199959	1199960	1
217974	217645	1
6939970	6939969	1
7212189	7212190	1
7841775	7841813	1
9231697	9231698	2
9011550	9011549	1
1753026	1753025	1
2343395	2343396	1
11063016	11123820	1
5357809	5357825	1
2831663	2831664	1
853852	10407661	1
9338877	9338878	1
354721	354722	1
7574313	7478857	1
7051374	7051373	1
5742869	5742699	2
12001077	12000676	1
9643255	9644054	1
10871966	10871969	1
681730	679227	1
8837075	8837080	1
10319614	10319613	1
6640109	6640110	1
10765855	10765938	1
3339894	3339868	1
11219503	11219504	1
5289599	5289600	1
8266470	8266469	1
10446813	10446814	3
8397033	8397034	1
4544872	4674357	1
7270491	7270492	1
1107179	1106747	1
1601685	1601734	1
2361174	2361203	1
9471241	9471242	1
7740451	7740456	1
5567249	5567250	1
3866886	3866818	1
11285877	11285713	1
10623214	434688	1
2427546	2427545	2
11191589	11191590	1
9190446	9190445	1
11214985	11214986	1
2468419	2468580	1
2825246	2826473	1
11865035	11865036	1
4197868	4197856	3
8749821	8749824	1
9729416	9729415	2
3646685	3640567	1
8032870	8033174	1
836754	836753	1
8398862	8398861	2
7488132	7488125	1
12625396	12623537	2
5646630	5646904	1
8621916	8623168	1
10732126	10732125	3
11413444	11413447	1
10092082	10091977	2
11392075	11392076	1
10812770	10812767	1
12384727	12384671	1
9578605	9578606	3
5963382	5963381	1
1133517	1133466	1
5466878	5466564	1
12729100	12729099	3
10777998	10777995	1
7488793	7488794	2
8091389	8091390	1
9543109	9543009	1
11042227	11042960	2
9972120	9972119	1
1449193	1449194	1
2131935	2131936	1
9496529	9497901	1
7579662	7579661	1
9463495	1102747	2
4157250	4159197	1
7906585	7906586	1
7354160	7354159	1
3937011	3937012	1
6173246	6173238	1
10777996	10777995	1
11468800	8337112	1
5881207	5882630	2
2935711	2935712	1
1840064	1840063	1
2264242	2264178	1
6491716	6491715	1
3867246	3867238	1
11402768	11402767	2
10092086	10092083	2
5509101	5507508	1
9152013	9152011	1
37184	37187	1
2684021	2684024	1
10802850	10802852	1
12127835	12473728	1
5647329	5647330	1
7661323	7661359	1
8703492	8703384	1
11038690	11038689	1
4949668	4949665	1
1968479	1968480	1
2429367	2425705	1
8008275	8007109	1
5650770	5650767	1
4068946	4068943	2
9157234	9157233	2
633452	633232	1
548632	548631	1
12038449	12038450	1
8653251	8653236	3
5514215	5514218	1
7382983	7382984	1
1185269	1185270	1
5553554	5553698	1
1837252	1792110	2
12473294	12473293	1
2993476	2993475	1
7933192	7933191	1
9365481	8447454	1
5850830	5855512	1
10751403	10751404	1
7821799	7821800	2
4715941	4715942	2
5096122	5096121	1
11442763	11442764	1
10733469	10733453	1
5912173	5912178	1
6866598	6865506	1
311012	311007	1
4212649	4204283	1
2932573	2932574	1
9296624	9296623	2
11969482	11969481	1
2751227	2751228	1
8819537	8819637	1
9763830	9763827	1
1968481	1968482	1
7016742	7017312	1
11930041	11930365	1
757888	757887	1
11140976	11132174	2
11600967	11601042	1
4568627	4568628	1
6476738	6476737	1
8580990	8580989	1
5527467	5527468	1
12247134	12247131	1
11583615	11583616	1
3959097	3959098	1
6162375	6162376	1
1388136	1388133	1
11232202	11232205	1
3866884	3866883	1
10666263	445773	3
11089976	11091410	1
6934407	6934410	2
5608240	5608239	2
3502002	3501999	1
11871549	11871550	2
174173	174174	1
11942439	11942440	1
11419943	11415881	2
8621916	8621915	2
9870405	9871607	1
2463039	2463040	1
2511897	2511900	1
12657722	12657721	1
6976682	6975352	1
10409231	10409189	1
1576569	1574288	1
10066772	10066776	1
5833352	5833351	1
5701521	770360	2
8980415	9017486	1
11428357	11428358	1
6699116	6697711	2
11523597	11523598	1
9302092	9302091	1
3341830	3341829	1
3027911	3027912	2
3654000	3653999	1
10472452	10472451	3
10185696	10185695	2
3311661	3311662	1
2254043	2253797	1
5810681	5810682	1
6805092	6805091	4
3248498	3248497	1
6110327	6110328	2
4550650	468812	1
10798389	10798390	1
9658860	9661036	1
8063519	8063520	1
4304619	4304620	1
5440364	5440363	1
3732272	3732195	1
6866769	6866770	1
593636	593635	1
12634607	12610336	1
5216737	5216740	3
3310406	3309691	1
11371402	11371401	1
8554712	8554741	1
8206844	8199203	1
464976	464975	3
6568280	6568501	3
2593148	2593141	2
5993706	5993705	1
10399257	10399258	1
5986200	5986275	3
4405904	4405893	1
1317885	1317886	2
2831053	2831168	2
9362379	9362380	2
7952292	7951732	1
9763836	9763831	2
5108307	6585535	1
11797157	11798135	1
8723677	8723678	1
5815844	5815843	2
9166239	9166240	1
11225050	11224231	1
3296371	3296372	1
10987584	10989799	1
8396835	8396836	2
2126373	2114900	1
5695455	5695456	1
8203821	8203822	2
2549803	2549804	2
9812495	9812498	1
4469783	4469855	1
10295699	10295655	1
8682004	8682024	2
5019212	5019211	2
8199353	8200117	1
6380562	6275076	1
7904916	5897106	1
3010999	3011000	1
12475744	12479114	1
3307921	3309537	1
7952336	7952335	1
7489478	7488792	1
1294240	1303234	1
9736877	9733558	1
5994103	5994104	1
9566310	9566309	1
5801466	5801465	1
5146864	5146863	2
3141767	3141895	2
5278896	5278704	1
11164873	11171176	1
10903341	10903344	1
10251941	10251884	1
5274943	5274944	1
361848	361847	1
9968688	9968687	1
4603266	4801226	1
5781273	5781274	1
4471713	4471716	2
11000170	11000169	1
790108	790107	1
2528008	2528007	1
808491	808492	1
10156990	10156989	1
2314985	2314986	2
10398406	10398405	1
1187340	1187339	1
10538586	10538585	1
2451780	2452275	1
1716560	1716581	2
11764438	11764441	1
6288277	6377903	1
11826958	11829642	1
651481	651482	1
12164063	12160868	2
2306979	2306980	1
1627724	1627752	1
11184351	11184373	1
6966003	6966004	1
3166610	3166609	1
11014464	11014463	2
9634701	9634772	1
5146866	5146865	1
11486268	11486283	1
10334610	10334615	1
1954020	1954053	1
1603210	1603207	1
10961597	5653472	1
2112340	2113018	1
10149237	10149238	1
1733707	1733708	1
10315817	10315830	2
6684461	6684499	2
8173232	8173231	1
2159735	3671117	2
8585874	8585873	1
9653256	9653253	1
6096260	6096259	1
9578645	9578996	1
3538912	3538951	1
3941991	3941992	1
8101144	8101082	1
3606755	3606756	3
4484449	4483567	1
7261750	7261749	1
8101142	8101082	1
464982	464981	1
12744269	12743308	1
3150713	3151372	1
6021297	6021455	1
1418153	1413419	2
9492832	9492831	1
5944158	5944157	3
5539699	5539700	1
7830795	7830779	1
4007220	4006756	1
10970529	10970753	1
4664507	4664508	1
3743728	3738230	1
7775079	7774635	1
4123889	4123883	1
11888543	11888544	3
1988070	1988190	1
7456275	7456276	2
7223997	7223998	1
6278165	6278166	1
6567025	6567026	1
61133	61032	1
1303681	1303682	1
9447086	9447085	3
169421	169422	1
3772238	3772237	1
7882021	7881072	1
10740070	10739928	1
6308786	6308785	1
11846820	11846819	1
6274640	6274248	1
3122231	3122232	1
11849274	11849273	1
8065120	8335613	1
9592939	9592940	1
12306741	12306744	1
204329	204330	2
347124	347123	1
3715472	3715475	1
5805870	5805869	1
7921016	7921078	1
1388134	1388133	1
5423352	5423349	1
8033972	8033963	3
1536691	1536226	1
5366491	5366492	3
6193514	6193513	1
3968180	3968179	1
792231	792203	1
11547259	11547260	1
995007	995008	1
10994092	10994091	3
6529751	6529752	2
6034328	6034327	3
7201141	7201165	1
8872710	8872370	1
3883489	3883490	1
7583561	7583510	1
7914746	7914745	3
8454261	8454262	3
11623186	11623185	2
5569302	5569358	1
9882198	9882195	2
7740449	7740450	1
7726336	7726335	1
4607696	4607695	2
5058007	5058008	1
7599725	7599726	1
7790825	7790826	2
6164858	6164857	1
1707779	1707780	1
4479637	4479638	2
3545782	3544224	1
11388250	11388249	2
825172	816285	1
2574143	2574144	1
2276746	2276745	2
764068	764067	1
3715460	3715459	1
5317925	5318029	1
8438113	8438114	4
3879711	3879712	2
5444469	7320852	1
5655588	5661070	4
6165141	6165142	1
11562645	11562646	1
1862853	1863378	1
10190045	10190123	1
9052295	9052300	1
3249117	3249167	1
10715414	10715502	1
1426203	1429031	1
9727578	9727352	1
6761784	6761783	1
9515763	9515769	2
3857565	3857566	1
9763828	9763827	1
6091283	6091284	2
17577	17580	3
3603903	3603994	1
9381067	9381068	2
1341057	1341058	2
4259771	4259772	1
9151167	9151173	1
1520669	1520670	1
9068815	9068818	1
117276	117275	3
10467043	10466606	1
2293392	2293395	1
9165060	9165038	2
4342734	4343377	1
5041241	5041242	1
6925385	6925386	1
7762288	7762285	2
5045398	5045397	1
12622232	1625115	1
4576074	4576953	1
7817879	7817880	1
1733490	1733489	1
10076168	10073862	1
5815487	5815488	2
11697008	11697005	1
7172431	7158674	1
4471713	4471714	2
1920761	1920762	2
4092607	4092608	1
4326357	4326358	1
9377513	9377514	1
3484465	3484602	1
3428537	3428538	2
251641	251642	1
6780337	6780344	1
965711	965712	1
5486818	5486817	1
5390522	5390718	1
5632629	5631914	1
774473	774474	2
6006246	6006245	1
10537856	10537855	2
3627591	3627592	1
653561	653562	3
9433848	9433847	1
3954682	1081046	1
11493174	11493123	1
2129352	2129351	1
2886598	2886595	1
10267070	10267067	2
633200	633442	1
11697012	11697009	1
935277	935648	1
8005700	8004764	1
2107045	2081598	1
8562102	8562101	1
6138417	6138418	1
1698466	10536521	1
2021607	2021603	1
4419593	4419575	3
7778703	7507998	1
2468417	2468418	1
12564317	12564318	2
6296178	6296177	1
225343	225344	1
4703232	4703231	2
11488465	11632064	1
6517045	6869401	1
4090146	4090150	1
5747157	5747162	1
10903369	10905264	1
6039069	6041231	1
6088482	6088235	1
359529	172395	1
1298543	1298447	1
12506611	12506612	1
9362377	9362378	2
11632413	11632416	1
10886739	10886734	1
10887905	10887906	2
6147162	6147159	1
10296035	10296036	4
4844753	4844727	1
1268545	1265552	2
7719221	7719175	1
2183402	2201589	1
12815057	12815058	1
7772382	7772381	1
8393375	8393376	1
1605372	1605371	1
6774627	6774785	2
2480452	2480451	2
4001762	4001761	1
5514209	5514210	2
3680699	3680700	1
3231194	3231219	1
2522233	2522180	1
8653288	8653335	1
5785748	5785747	1
260100	260099	1
9340117	9340134	1
5272585	5272590	2
4046867	4046870	1
7697843	7697844	1
9525250	9526633	2
3251347	3251348	1
11827518	11827513	1
3079097	2935124	1
10736604	10736603	2
9565344	9565343	2
5770587	5770588	2
744121	744122	2
11038688	11038687	1
2564906	2564903	1
10405298	10407937	1
6767510	6767475	1
880366	880692	1
11733838	11733837	1
5759723	5759724	1
1775748	1775734	1
3281074	4055100	1
6703382	6703381	1
6425402	6425401	2
11661827	11661828	2
4239100	4239099	1
3291203	3291283	1
239648	239647	1
6990993	6990994	1
5544953	5544954	1
7446393	7446394	1
5912171	5912178	1
11986604	11986603	2
6529743	6529633	1
3152927	3153009	1
4018446	4018442	1
6992365	6991572	1
9463874	9463789	2
5379808	5383044	1
796695	796696	1
5367534	5367533	2
8801218	8801217	1
10927328	10927323	2
6429150	6429186	3
11038692	11038691	1
4810785	4810690	2
6748727	6753418	2
8063521	8063508	1
5801468	5801467	1
4261344	4261266	1
9883991	9883992	2
11528526	11528525	1
6218417	6218418	2
11119028	11118896	1
1530172	1529619	1
6308784	6308783	1
900010	900009	1
9750036	9750002	1
4370355	4370356	3
572037	572051	3
1388132	1388131	2
7730454	7726989	1
8046188	8705757	2
12401725	12401726	1
7537577	6858056	1
4091284	4091283	1
9595910	9595909	1
12677477	12677408	1
5833972	5833971	1
11907300	11907295	1
10937334	10937333	2
9165039	9165209	1
12796632	12796631	1
2996901	2995800	2
6893772	6893769	1
6097219	6097220	1
8386435	8386436	1
5489847	5489848	1
7651570	7652339	1
10099156	10086544	1
7608391	7608286	2
10888029	10888030	3
5013736	294880	4
2796061	2796032	2
11403911	11403912	1
7939882	7939859	1
6713764	6705327	2
7901726	7901723	1
9242861	9247894	1
1293491	1293494	1
10886902	10886916	1
9626397	9626398	1
1045999	1046000	1
1888428	1888427	1
10182500	10182777	1
5617865	8490249	1
4985658	4985657	1
10708023	10707821	1
5511948	5511947	3
8836523	8444957	2
2991430	2991425	1
4686881	6201872	1
8387215	8387216	1
6727594	6727917	1
3266799	3266814	1
3865200	3865199	1
1118721	1118918	1
11147625	11147628	3
3594565	3594530	1
11123838	11123827	1
993424	993423	3
6363014	6363099	1
1460241	1460242	1
6138676	6138682	2
9703677	9703678	1
1531643	1531646	1
8349347	8349348	1
10137803	10137804	4
7867575	7867576	1
12461905	12461906	1
3574922	3574921	1
7038617	7038605	1
10217677	10217678	2
10406749	10406773	1
701247	701251	1
7099101	7099544	1
10267068	10267067	2
6805094	6805093	5
12339351	12339352	2
8326487	8326956	3
1718156	1718155	5
4391827	4391828	1
3728517	3728518	3
337842	337841	1
2448933	2448934	1
2549358	8032119	1
8578636	8578635	1
2427544	2427543	2
11689441	11689442	1
7032685	7032686	1
8077254	11528086	1
251643	251644	1
5151784	5151834	1
5574288	5574347	1
7994639	7994705	1
9671380	9668771	1
7247446	7247445	1
10992230	10992223	1
3375222	3375221	1
9686580	9686579	1
860158	860164	1
4021872	4021871	1
5581796	5581795	2
4527904	4527907	3
2462236	2462631	1
5702377	5704860	1
10469404	10469394	2
1449203	1449192	1
10894093	10894094	1
8731418	8731033	1
737681	737684	1
7615854	7615853	2
9141339	9141340	1
10196755	10196758	1
2307470	2307467	3
4498339	4480147	1
10636672	10636671	4
1705653	1705654	1
1868589	1868592	1
7807435	7807438	1
1709700	1708867	1
6739702	6739701	1
12382454	12382451	1
6444318	6444315	1
4957520	4957519	1
9302713	9302460	1
8656662	8656657	1
2528010	2528009	2
5916421	5916422	4
8619828	8619337	1
3865071	3862943	1
2337568	2337254	1
6160226	6159839	1
4306078	4306068	3
979534	979533	1
6641517	6641518	1
435164	435163	2
11091409	11091410	1
6367409	6367410	1
1837759	1837762	1
4440798	4443236	1
3475807	3475808	1
610089	610092	1
2319996	2317887	2
1395296	1395282	1
2019392	2019395	1
735402	735834	1
3356981	3356982	2
3167423	3167221	1
8878899	8879176	2
5733066	5733065	1
9447090	9447087	2
5437611	5437612	2
10720294	10720291	1
9023438	9023435	1
6176966	6176981	1
10285489	10285509	2
11166052	11166064	1
3938898	3938897	2
1707770	1706282	1
3263919	8940473	1
10837466	10837461	1
7453855	7453856	1
290200	290199	3
6002887	8024344	1
5850779	5850780	1
2622392	2622391	1
7541754	7541753	1
6318754	6318753	1
591878	593924	2
7724771	7724774	1
6525579	6525580	1
447671	447672	1
8635132	8635245	1
2417925	2417926	3
837479	837482	3
11307593	11307607	1
7470257	7470858	1
8214353	8242066	2
2278109	2278112	1
4178551	4178340	1
415724	415801	1
10903585	10903598	1
554292	554291	3
4954476	4954475	1
1969865	1969897	1
7827619	7827532	1
11582549	11582551	1
11708680	11708675	2
622247	622248	1
479686	479685	3
12247500	12247499	2
348589	348590	1
3046716	3050639	1
11059189	11059184	1
321673	321676	1
1666658	971494	1
5501898	5501897	2
788059	787966	1
3641975	3641976	1
11118799	11118800	1
5840892	5840889	1
1887149	1898324	2
9806765	9806766	3
4607696	4607693	1
553305	553312	1
8787147	8787516	1
11493122	11493121	1
8446421	8446908	1
5594720	5594719	1
11407354	11407353	1
6194761	11387960	1
6146749	6146750	1
3303239	3303240	1
768974	768973	2
3663506	3663505	1
5548998	5549948	1
12657720	12657719	1
1601267	1600479	1
415539	415542	1
789754	790943	2
4805196	4805195	1
8326957	8326958	1
3149708	3149707	1
2425758	2425739	1
8035512	8035511	1
6769082	6733681	1
11681196	11681195	1
5248637	5247723	1
971185	3148717	1
8571864	8571863	1
10182196	10182195	2
6043894	6043845	1
3198587	3198588	1
8321270	8310997	1
3027907	3027910	2
1761869	9474695	2
3638930	3638919	2
7813501	7813845	3
11242810	11242809	1
4259830	4259770	2
11496787	11496788	1
913609	907080	1
6788865	6730002	2
8316890	8337241	1
10285489	10285513	1
1080216	3968236	1
3715486	3715485	1
9837472	9837663	1
6617518	6617517	2
3746113	3747830	1
9479692	9479691	1
773293	6134397	1
1448262	1448261	2
7135767	7135779	3
5657490	5666496	1
5593783	5593784	1
9320519	9320520	2
11388453	11388425	2
3779765	3779096	1
8682870	8682877	2
10232568	10232571	1
10481640	10481639	2
8046955	8046956	1
5466565	5466566	1
8266404	8266406	1
6711621	6711622	1
8875851	8875836	2
3551976	3552078	1
2798302	2798271	2
11845297	11845298	2
4268044	4268043	2
7695374	7695373	1
11428928	11428925	1
5006342	5003795	1
809377	816968	2
10116927	10116928	1
3561026	3561016	1
3716713	3703148	2
8048642	8048798	1
8686447	8690576	1
2204272	2203498	1
3087797	3087798	2
5761099	5761100	1
4476979	4478652	1
2352547	2352548	1
596015	596016	2
11733836	11733835	1
6909279	6909932	2
11195039	11194346	1
1314584	1704835	1
1976895	1976896	1
7485173	7485174	1
10439203	10439230	1
2806768	2810315	1
10520382	9887468	1
7180206	7180200	1
12145344	12145343	2
8315828	8315827	2
7803309	7803310	1
6834958	6834975	1
8279921	8279922	2
6085179	6085180	1
2549358	8032121	1
9190446	9190443	1
7285155	7285162	1
9812499	9812500	1
2584629	9055503	1
757886	757258	1
3983263	3983246	3
3294007	3294008	1
2891830	2891829	1
12461125	12461411	2
4869146	4869145	1
11348663	11348664	1
9377515	9377516	1
1848330	1848329	1
449602	449601	1
9790058	9790119	1
9692690	9420292	1
3156821	3156807	2
2932390	2932389	1
12443040	12443043	1
12647424	12647421	1
7013175	7013176	2
12129570	12129569	2
5194113	5194114	1
8682463	8686216	2
5380351	5380352	1
8045220	8045219	2
8004356	8004750	1
6959314	6959211	1
3909137	3909138	1
6630955	6630958	1
10556805	10556789	1
1230813	1230814	1
3164695	3163477	2
10426799	10426800	1
8014740	8014739	1
7317054	7317053	1
5325587	5325596	1
5993087	5993088	1
5911118	5911117	2
1538124	1538123	2
561272	561271	5
660672	660671	1
1284423	1284424	2
10130210	10130209	1
8045038	8045037	1
2181456	2179721	3
3691275	3691276	1
233341	232379	2
6277451	6277462	3
3944533	3944534	1
2261809	2261810	1
3949440	3949439	2
3901944	3901935	1
40865	40866	1
12323306	12323293	1
1372537	1372656	1
5637822	5637712	1
3237750	3237742	1
1912763	1912624	2
1626495	1626440	2
10358675	10358676	1
2177927	2177928	1
11935410	11935518	1
5764578	5764577	1
12276348	12288841	1
9089762	9089761	2
6512631	6512632	4
548900	548899	1
9578350	9578349	1
9850957	9850958	1
2551778	2551777	1
1066141	1066142	1
4537742	4537741	1
8276705	8275276	2
8441886	8441885	1
1169129	1169130	2
5241725	5241726	2
7529592	7529591	1
5723798	5724453	1
10425981	10425998	1
1761972	1761969	1
1641937	1635861	1
11563828	11563298	1
8328844	8328735	1
5437611	7100340	1
4856573	4856574	1
11210162	3713287	2
1264761	1265339	1
3294005	3294006	1
1169131	1169132	2
2040435	2040311	1
5972388	5972472	1
4687358	4687357	1
4538848	4538843	1
10802983	10802561	2
11133462	11133461	1
436235	436236	2
5934846	5934629	1
2538045	2538046	1
4935769	4935744	1
10478693	10476674	2
5653473	5653474	1
8534649	8534650	2
6028837	6028818	1
6739693	6739707	1
10084025	10084026	2
1984909	1984910	1
5423826	5423825	1
890066	890065	1
9554167	9554168	2
6577825	4662963	1
2356974	2356973	2
5514217	5514218	2
7405874	7405879	1
11301064	11301078	2
5809072	5805871	2
5379235	5379271	1
391962	391944	1
5315378	5315377	1
10154937	10154938	1
12295241	12294486	4
10984955	9351494	1
7183859	7184484	1
11933720	11933745	2
11775548	11775545	1
5350413	5350414	1
2777754	2777753	1
6064855	6064934	2
1074355	1074451	1
10248644	10248641	2
12501748	12495472	1
10903466	10904725	2
8377015	8377016	1
4690798	4690776	1
1410093	1410094	1
1410095	1410100	2
2427542	2427541	2
2174498	2174497	1
6166846	6166845	1
3490884	3490881	2
10393612	10393632	2
6112254	6112207	2
10752491	10751316	1
2278239	2277557	1
6842105	6842106	1
7915912	7915909	1
12462439	2015159	1
5700428	5700427	3
11021208	11021207	1
844850	844843	1
10188368	10188367	1
6574620	6574619	1
3754631	3754632	2
2654823	2654892	1
10167516	10167515	1
11371178	11371177	1
11353072	11353071	1
2280460	2280385	1
3207250	3207249	1
7251925	7249468	1
4369006	4369005	1
2438650	2439026	1
7093178	7092497	1
782803	782806	1
10732128	10732127	2
9489949	9489950	1
3237752	3237742	1
571391	571394	1
4673341	4673390	3
7017691	7017692	1
10961119	10961172	1
6523047	3235223	1
4879411	4879412	1
11867470	11867469	1
8004752	8004751	2
5993089	5993092	1
10694904	5981288	2
8711087	8713367	1
2413939	2413944	4
6264611	6264612	1
2424185	2424186	1
912225	912636	1
3967819	3967820	1
12523654	12523664	1
5990459	5990460	1
4838223	4838224	1
2742095	2742096	1
7993333	7993334	3
294793	294794	1
8897897	8897595	1
4370357	4370358	2
5537529	5537530	2
4545817	4546026	1
8026805	8026829	1
3606753	3606754	3
6107519	6107783	2
9569854	8446605	1
7059245	7059234	1
4259842	4259841	2
6166123	6166124	1
9555829	9555830	1
627108	627107	1
5670791	5670792	1
7705741	7705742	1
12152570	12152569	2
5354320	5354319	1
9013989	9013990	1
6672796	6673235	1
10092034	10109857	1
1655342	1655341	2
3422164	1369608	1
7412548	7412547	1
7716493	7716855	1
4343707	4334532	1
8374601	8376145	2
1525185	1525186	1
5183255	5183256	1
1976981	1976984	1
10439658	10439657	1
1837863	9684655	1
9584054	9584053	1
11869981	11869982	3
1058389	1058394	1
9300556	9300555	1
3303220	3303219	1
1120965	1124701	2
9445322	9445319	1
9574397	9574238	2
7939686	7939685	3
10207904	10207903	1
6249104	6247404	1
9128633	9128634	1
10902621	10906037	2
438743	450249	4
7443524	6939966	1
8795904	8795665	2
4364921	4365395	1
4133585	4133586	1
10961593	10961594	1
8335434	8335433	1
10398404	10398403	1
6421564	6421563	1
2795970	2795969	1
6817238	6817237	1
4446425	4446426	2
3609493	3609494	1
11069016	11069015	1
10296035	10296038	1
11835145	11835146	1
2556725	2556730	2
492807	492758	1
3267127	3267128	1
3574157	3573968	1
646263	647411	1
2072184	2074321	1
3580425	3580426	1
2449741	2449742	2
10290946	6317520	1
6578313	6578314	1
791869	791870	1
4385759	4385760	2
6002888	6002887	2
5785176	5785175	1
6520439	6520456	1
2381057	2380874	1
1452318	1452317	2
6702324	6702321	1
9433270	9433269	1
1515350	1515349	1
12227847	12227848	1
4268048	4268045	2
11329086	11329085	1
773290	6134705	1
3866328	3866331	1
6190329	6190330	1
3209146	3209346	1
11835194	1799430	1
10763019	10762636	1
4824312	5932083	1
6197567	6197568	1
2346882	2347415	1
7436521	7436522	1
10273955	10273939	1
311006	311005	1
6967817	11382605	1
6128346	6128345	1
7640205	7640206	2
3372090	3371379	1
9472349	9470248	1
4787868	4788566	1
8562444	8562441	1
5053010	5054064	1
2835618	2838122	1
10040352	10040351	2
10279033	10279034	1
4953560	4953557	1
7223713	7223711	1
8283888	8283887	1
5454698	5454707	1
9384202	9384201	1
11305880	11305879	2
1287274	1287251	1
8070293	8070333	2
3612813	3612817	1
7875322	7875321	1
6192389	6192392	2
10903326	10903325	1
8445713	8449361	1
8728968	8728859	2
7430451	7430452	1
2351494	2596102	1
7867577	7867578	1
2704510	2704515	1
6164012	6167079	1
4985114	4985113	1
3055399	3060453	1
12485703	12485711	1
225341	225342	2
277083	276086	1
10438859	10438860	1
10137805	10137808	2
5934846	5934845	1
9052775	9050849	1
5828729	5828770	1
3209563	6445030	1
10456186	10456185	1
10320956	10320953	1
10752491	10752492	2
4283610	4283609	2
10674367	10674340	1
3574926	3574925	3
6731379	6731380	1
11421229	11421193	2
5486824	5486819	1
12729100	3925259	1
567479	567480	1
4367762	4367735	1
5933271	5933272	1
10341925	10341784	1
4503041	9612253	1
5708106	5708105	1
4010475	1092545	1
12535241	12534221	2
9141341	9141342	1
6017782	6017781	1
2060215	2062647	1
895254	895253	2
3279936	3280145	1
11282640	11282599	1
1711878	1711877	2
3636993	3636994	1
11166054	11166053	2
561274	561273	2
8968543	8968554	1
10530309	10530312	1
5716300	5716295	1
9099861	9099853	1
2495847	2495850	1
319248	321065	1
4850016	4850030	1
5096151	5096152	1
334257	334258	2
6127723	10160615	1
6655971	6655972	1
5078182	5078146	1
5996345	5996346	2
5183257	5183258	1
7327295	7327296	1
5799149	5799150	1
1737860	1737857	1
7867573	7867574	1
3054875	3054876	1
10911576	10925985	1
3258315	3258318	1
6516016	6516015	1
653559	653560	2
766646	766645	3
7933190	7933189	2
8032645	8032646	1
5021479	5021480	1
12729098	3925257	1
6785026	6785025	1
2376977	2377040	1
4716040	4716039	2
12183920	12183944	1
9432680	9432679	1
2563981	2563982	1
12260549	12260552	1
12663402	12663469	1
6516014	6516013	1
993377	993380	1
5716294	5716291	1
11566717	11566718	1
12285095	12276374	1
3162670	3162669	2
7207471	7207478	1
8341885	8341886	1
10751185	10751188	1
6078130	6078129	1
8816700	8816699	1
5434536	5434495	2
5985581	5987836	1
11579536	11579618	1
3653174	3654400	2
1470802	1470801	1
7724775	7724776	1
825390	825389	1
2777759	3853085	3
5954387	5954388	2
4545073	4545173	1
5648333	5649359	1
3384312	3384296	1
10234211	10234212	2
6630951	6630952	1
6484406	6484422	1
5381786	9568833	1
9894720	9894357	1
10547081	10547082	1
10367454	10367063	1
8689992	8688551	1
8735687	8735624	1
7103371	7103372	1
5643747	5643748	1
7134905	7134906	1
9097324	9097323	1
7000032	7007121	1
7056154	7055918	2
4999180	4999179	1
350416	350306	1
2921521	2921522	1
3291203	3291204	2
8030047	8030048	1
3494608	3494607	1
6317841	6317520	1
4557622	4557625	1
9905218	9905216	1
4481554	4481506	2
9023442	9023441	2
3863532	3863493	1
2586991	2586992	1
1564370	1564369	2
10575945	10575946	1
5916421	5916431	2
12145491	12145492	3
11307591	11307592	1
6352028	6352027	1
7451127	7451128	1
9119472	9157073	1
9908678	9912329	2
914765	914766	1
1573462	1573459	1
5721025	5721026	1
3574924	3574921	2
11114752	11114749	1
9626944	9626943	2
10814536	10814623	4
11175235	11175236	2
1837880	1837879	3
9389327	9394305	1
561272	561269	2
7948120	7948142	2
9556561	9556562	1
5567266	5567250	2
7011718	7011461	1
2685660	2685659	1
8060720	8060719	1
429321	429322	2
1286054	1286049	1
6529741	6529742	1
8397035	8397036	1
700612	699104	2
8837075	8837076	1
12674284	12673342	3
3942752	3942001	1
11210164	3713287	4
12797205	12797206	3
4475107	2720509	1
4422198	4422197	1
4257026	4257067	1
6758471	6758472	1
9618860	9626945	1
6781201	6781202	2
8556662	8556661	2
914763	914764	1
9314279	9314280	1
6023460	6023457	2
6133610	6133613	1
4381164	4381163	1
5709355	5709140	4
8919355	8919421	1
9089814	9089761	1
6946481	6952249	3
1041561	1041944	1
4040206	4042386	1
12133686	12133685	2
7844815	7844816	1
8258557	5126236	1
2720508	2720507	1
784783	784784	1
1303233	1303234	3
7069815	7069816	1
10185854	10185853	1
7446375	7446376	1
3856302	3856301	1
12009706	12009705	2
8087895	8087896	3
11618679	11618680	1
11085797	11085798	1
2297368	8030898	1
3303253	3303254	2
6294142	6295577	1
3208625	3208626	1
5605759	5605764	1
7988994	7993334	1
2508619	2508620	1
12395669	12395670	1
6625870	6625869	1
651284	651283	2
5354322	5354319	1
1966321	1966322	1
3701652	3700014	1
9641120	9641119	1
3029709	3029710	1
11759036	11759033	1
3772322	3772321	1
11640738	11640737	1
8282376	8282175	3
34280	34279	2
9072382	9072377	1
11747417	11747418	1
7922410	7922556	1
10992232	10992231	1
1123621	4940354	2
7821515	7821516	2
2370141	2370142	1
1455415	1455504	1
3354142	4058791	1
1262225	1262226	1
10208337	10208313	1
10927995	10927996	2
9102604	9102603	1
5374990	5374989	1
9343834	9323880	1
12022200	12022218	1
9812493	9812494	1
6574618	6574615	1
808683	809279	2
10687771	10687774	2
9191103	5856032	1
6909277	6909278	2
8045222	8045221	3
2443162	3291283	1
1103564	1102740	1
12246045	12246046	1
11829344	6698671	1
5265472	5265471	1
6830859	6830874	1
2417923	2417924	3
11420163	11420164	2
11022476	11022475	1
10792865	10792825	1
11140140	11140137	1
5728856	5729035	1
2307468	2307467	1
8387217	8387218	1
8192907	8192908	3
11038657	11038663	1
8335434	8335467	1
1716562	1716561	3
1452328	1452319	1
2330148	2330145	3
4687301	4689367	1
9105224	9105223	1
11798355	11797499	1
11094760	11095702	1
9980101	9980102	3
7818327	7818317	1
9119775	9119780	1
3523326	3523325	1
2837470	2837469	1
1594213	1594214	1
6175022	6175021	1
3581137	3581138	2
5145516	5145582	1
7363303	7363304	1
157560	149608	1
7530713	7530716	1
9797067	9797087	2
9679792	9679791	1
10342109	10342055	1
3596275	3599705	1
8660815	8660816	1
12130527	12130624	1
4152632	10870447	1
2335087	2335088	1
8582006	8578250	2
7100341	7100527	2
121364	121308	1
10905233	10905265	1
6198234	6198233	1
6823607	6823562	1
10182202	10182199	2
6433086	6433085	3
10751401	10751402	1
11867927	12472452	1
3772320	3772319	1
4996968	4996965	2
7730134	7730133	2
8683315	8683300	2
5354322	5354321	1
11407356	11407353	1
64589	64590	1
7427698	7427697	1
7447955	7447922	1
11183994	11183993	4
3141765	3141766	1
9141797	9141798	3
12318039	12318228	1
1708359	1708360	1
12801627	12801649	2
4013490	4013489	3
8990256	8996508	1
2936936	3652769	1
135533	135534	1
11583617	11583582	1
4862214	4862213	1
746463	746464	4
11346822	11346821	1
2580616	2580615	1
6734255	6734256	1
5019208	4918304	2
2251251	2251267	1
4636955	4636958	1
10160594	10160593	2
6056459	6056460	1
876924	876923	2
5318028	5318027	1
11747325	11747326	1
10481648	10481639	1
4672292	4671588	2
5480052	5480051	1
2622363	2622393	1
5277863	5278173	1
5629785	5629316	1
10184980	10185008	1
4880283	4880291	1
1108876	1108875	1
4071057	4071036	1
1907053	1907054	1
10476229	10476230	1
5935930	5935929	2
11759382	11759381	1
11811565	11811132	1
10402485	10402486	1
4305762	4305765	1
11610645	8189703	1
9889619	9889269	1
6978191	6978192	1
7201584	8652596	1
11038646	11111542	1
4567098	4567097	2
9343836	9343835	1
7166426	1436501	1
4369888	4370016	1
12600649	12600650	1
5227764	5227763	1
5647133	5647136	1
9553067	9552995	1
5017853	5017854	1
1715123	1715052	1
11392134	11392245	2
5511106	5511105	1
8358906	8357398	1
9480942	9480954	1
11689962	11689961	1
9566312	9566311	1
2291815	2291816	1
12533684	12533683	2
1004341	1004387	1
548306	548426	1
8299429	8299445	1
4306080	4306079	1
3194912	3195691	1
6796018	6796017	2
5670789	5670790	1
365626	365623	1
3746111	3746112	3
9250457	7680331	1
8355262	8213636	1
10154939	10154940	1
3200195	3199914	1
11759034	11759033	1
2658062	2658059	1
654015	654016	1
6499265	6499266	2
6514372	6517234	1
6317886	11690271	1
11433136	11433135	6
6179906	6179905	1
1504568	1504567	5
8474436	8474433	1
7775967	7775704	2
6181631	6180819	1
7597587	7597558	1
11215764	11221070	1
5633533	5633543	2
6522622	6522621	2
3879471	3879472	1
9432678	9432681	2
3162649	3162671	1
9187612	9187611	1
4853926	4853925	1
10530336	10530335	2
4049366	4049365	1
5130885	5130886	3
2945542	2946885	1
5739099	5739100	1
4377095	4377096	1
5659166	5660002	2
7480301	7480302	1
3316851	3316852	1
844229	843262	1
7656855	7656856	1
885314	886797	1
6041232	6041231	1
10439774	10439773	1
11475038	11478938	1
7860617	7860618	1
7847836	7847835	2
6184641	6184642	1
610696	610677	1
1626493	1626494	2
6834166	6830838	1
9096806	9097325	2
2839428	2839427	1
6685122	6685125	1
3873893	3873894	2
5930783	792355	1
10798387	10798390	2
10222307	10222308	2
6123669	6123670	1
3142508	3142507	2
6096220	6096259	1
1116301	1116322	1
1389934	1665927	1
11826665	11826666	2
5180283	5180286	2
9729414	9729413	2
10882479	10881720	1
7422120	2013103	1
7107572	7107571	1
7921079	7921080	1
10633713	10633716	1
11817896	11817895	3
5833974	5833973	1
11865367	11865368	1
3241277	3240125	1
12688185	12688149	1
8967784	8967783	1
9187610	9187607	1
3259006	3259001	1
10084046	10166146	2
1707772	1707771	1
10687769	10687770	2
5647133	5647134	3
3760546	3760545	2
3922071	3922072	2
9729412	9729411	2
8703331	8703334	1
7557596	7557595	1
5594722	5594721	1
7918180	7916597	1
8787145	8787516	1
6061656	6061655	2
6552632	6619315	2
11833842	11833841	1
1167039	1167040	1
11873185	11873186	1
5850440	5851075	1
10299410	10299498	1
11402764	11402763	2
6825487	6825488	1
2899087	2899088	2
10505573	10505574	3
9492838	9492831	1
3038271	3038272	1
2418190	2417383	1
10855662	10838688	1
9791382	9791381	1
4360425	4360426	2
7880096	7880630	1
8211041	8211042	1
5785815	5784572	1
3140358	3140357	1
2511523	2513467	1
1531643	1531644	1
8007501	8007511	1
2920367	2920368	1
5243068	4981489	1
11123838	11123829	1
9304612	9304611	1
7742375	7740661	1
7465871	7465864	1
7035221	7035222	3
1573464	1573459	1
3440419	3440420	1
3519641	3521765	1
8546889	8546890	3
11927059	11927060	1
2611570	2611609	1
9797486	9797460	1
10937811	10937812	1
12252712	12253337	3
1531645	1531646	1
2126610	2126652	1
10694906	10694905	2
9337280	9337279	2
6973893	6973741	1
798771	798772	1
4749238	4749237	2
6705427	6705428	1
3548589	3548590	1
7200375	7200376	1
6198166	6198165	1
2894483	2894484	1
10891150	10891149	1
774542	774472	2
12302452	12302447	2
2306981	2306984	1
4044964	4044963	1
11865365	11865366	1
9309096	9309095	1
7776909	7776910	1
12382589	12382658	1
1262223	1262224	1
7812195	7811450	3
8179960	8180005	1
6846860	6846859	2
4768096	4768643	1
8046957	8046986	1
11191587	11191588	2
4991053	4991054	1
9179236	9178886	1
11469078	11469077	5
1400986	1398461	1
10240592	10240591	1
4049364	4049361	1
9021952	9021951	1
9187606	9187605	1
5664069	5664070	2
11885462	7124942	1
11147629	11147630	2
11649522	11649521	1
5721118	5721117	4
5605911	5605932	1
8562593	8420797	1
10850503	10855164	1
691795	691798	1
11036666	11036663	1
1543927	1543928	2
8474436	8474435	1
5581095	5581096	1
3715467	3715468	2
7361605	7367116	1
8998172	8998175	2
9298543	9298544	1
3215619	3215671	1
9909528	9907906	1
4685883	4687359	1
11063163	11063177	1
10666015	10666016	1
352352	352351	1
12553403	12553404	1
6218419	6218408	1
7480299	7480300	1
7944413	7944414	1
4289692	4289691	1
7026968	7026967	1
6148092	6148084	1
1718154	1718147	1
6078132	6078131	2
3949438	3949437	2
11869980	11869977	1
11186646	3775909	1
10633713	10633714	1
9478535	9478536	1
2013205	2010757	3
4045463	4045464	1
11413789	11413740	1
11698563	11696579	3
3879711	3879714	1
7773560	7773569	2
5057177	5057178	1
7456368	7456365	1
8016599	8016600	1
6332189	6332192	1
1770082	1770075	1
12637941	12637944	1
5836335	5836336	1
2417677	2583550	1
512614	512457	1
6567569	6567899	2
7103365	7103368	1
6317840	6317121	1
9883995	9882928	2
3756177	3756179	1
9433260	9433259	1
10482235	10482298	2
9159931	9091578	2
4502088	4502087	1
5244607	5244608	1
9343838	9343837	1
7509672	7509671	1
10331753	10331754	1
5369621	5369352	1
1175874	1175873	2
10636674	10636673	5
5354318	5354317	2
4360427	4360206	1
6428969	5130879	1
7170562	7169998	2
2331235	8520995	1
2319545	2319521	1
5981289	5981290	2
12183926	12183923	2
8882396	8882393	1
10368526	10368525	1
5648191	5647533	1
5875367	5875370	1
7552005	7552006	1
7459033	7459034	3
1845059	1845307	1
7709437	7709438	2
8452313	8545664	1
11321958	11321957	1
10780355	10780358	2
5753273	5604819	3
11266586	11266585	1
7134550	7134549	2
6818965	6818911	3
2308778	2308775	1
3076546	3076545	1
9470586	9470585	1
3156806	3156805	2
10946071	10946072	1
4178359	4182367	1
10222305	10222306	2
10213856	10213853	1
6673397	6673398	2
5812435	5812492	1
11416401	11416410	1
5078182	5078144	1
4071032	4071031	1
6167095	6167096	1
10264327	10264328	2
5756362	5756361	2
8781473	8781474	1
1391147	1391148	1
12485189	12485190	7
3754633	3754634	2
4689070	4687294	3
10358673	10358674	2
7362048	7368190	1
298338	298337	2
2016404	2016401	1
4363321	4362085	1
4599700	4599697	1
11005668	5097063	1
12324022	12324021	1
2361755	2361756	1
3303253	7433782	2
3307707	3307595	1
5076203	5076204	1
5996769	5996770	1
6560106	6560089	1
8005579	8005580	1
1290631	1290632	1
5070057	5070060	1
3208760	3209355	2
3992884	3992883	1
11877719	11803495	1
9628440	9628439	2
5930914	5930911	1
3450071	3450076	1
4502093	4502094	1
8787145	8787146	1
2311947	2311941	1
7661529	7661530	1
78207	78344	1
7603733	7603760	1
5128240	5128239	1
9362377	9362380	1
741901	741904	2
5408935	5408936	3
6071510	6071509	3
6027987	6027990	1
3184049	3184050	2
7787229	7787230	1
9264518	9264517	1
8441899	8441900	1
11388243	11388257	1
6175342	6175396	1
8253367	8253368	1
2770770	2770769	1
4605945	4605946	1
663024	663023	1
9307096	9307095	1
11046899	11046978	1
3857563	3857564	1
5598545	5598546	4
5180287	5180329	1
10093503	10093407	1
5580727	5580730	1
9023436	9023435	1
7420735	7420738	1
2036657	2036163	1
3240637	3239591	1
6476760	6476757	1
2777758	2777757	1
5829185	5829186	1
10037881	10037884	3
3193448	3193511	1
11623723	11623724	1
2742352	2742387	1
12634066	12634063	1
8029140	8029139	2
10537854	10537853	1
4949670	4949669	2
7623741	7623497	1
189887	189879	1
5556466	5556465	1
3476889	3476890	1
8543213	8543216	1
2125622	2125689	1
2886101	2885583	1
7884583	7884584	1
5010940	5010939	2
12771338	12771337	1
11150292	11150289	1
4583916	8025449	1
10102338	10102337	1
6264309	6264310	1
2908089	2908055	1
3987458	3988754	1
11353070	11353069	1
12191556	12191555	2
3324171	1826280	1
7939389	7939390	1
2536373	2536376	1
8705614	8706046	1
8421792	10354956	2
5130891	5130894	1
4283608	4283607	2
9536947	9536948	1
8521499	8521500	2
10813878	10813881	1
2331113	2331116	1
3603901	3603994	1
6076122	6077574	1
1224692	1224691	2
9985381	9985315	1
7651779	11320705	1
929565	929566	1
11832348	11832531	2
7813904	7813903	1
3441286	3441285	2
11545169	11545170	2
3927341	3927452	1
4071032	4071045	1
4377094	4377093	1
5117963	5117964	2
11705703	11705704	2
10261235	10261236	2
3507437	3507409	1
4673393	4674222	2
6311481	6311488	1
4715943	4715944	1
11118801	11103688	1
7992495	10127379	2
6365463	6365464	2
1174735	1174736	1
7614379	7614360	1
6340856	4387068	2
12265012	12265011	1
2255824	2255823	2
4469024	4469021	3
3428533	3428534	2
5440365	5440366	1
7711858	7711857	1
11665882	11665353	1
3291432	3291431	1
2839426	2839425	1
8823934	871522	1
6281232	6281231	1
2079161	2079162	1
8171921	8171922	1
727332	727395	1
1543893	1543902	1
7107940	7107939	1
7383619	7383624	1
1587884	1587883	1
9099928	9099927	2
798769	798770	1
9943937	4050804	1
8744953	8744954	1
9090304	9090303	1
12278824	12278823	1
3588149	3588150	1
6741425	6741426	2
4283103	4283104	1
12422966	12422965	1
3680697	3680700	1
8517756	8517755	2
936283	936302	1
9098875	9098882	1
11450968	11450993	1
10295392	10290860	1
624077	624080	1
994926	994348	1
2946311	2946316	1
9876072	9876329	1
8176893	8176900	3
1742572	1742571	1
6607366	6609663	1
12431802	12431452	1
6484373	6484441	1
11528407	11528408	1
727334	727333	1
8065402	8184731	1
2366506	2366502	1
2418098	2418097	1
715829	715789	1
12281553	12281734	1
7623442	7623439	1
7153383	7153384	1
8543217	8543218	1
5308075	5308076	1
1303679	1303680	1
5445541	5445542	1
4648389	4650074	1
2827453	2827454	1
2374758	2374761	1
5397977	5397982	1
12160324	12164040	3
10732128	10732125	2
3831098	3830798	2
6275971	6275883	2
11184780	11181645	1
4307931	4307097	1
1953591	1952522	1
2551780	2551779	1
7085850	7087535	1
10674393	10674394	1
4724179	4723841	1
7604184	7604183	1
842387	842205	2
8454979	8454980	2
8885184	8885183	1
3889627	3889628	1
8224575	8224578	3
11304571	11306504	1
6959316	6959315	2
4111156	4111342	1
6980361	6980271	1
9178989	9178990	1
11673640	11673639	1
11832350	11832349	2
5908846	5908845	1
8424818	4757257	1
9791355	9791383	1
3656446	3718480	1
8032120	8032119	1
1637512	1637511	2
2148434	2148433	1
4824314	4824313	1
1905522	1903198	1
5058560	5053854	1
11475853	11479644	1
5352743	418267	1
4405904	4405903	1
3267129	3267132	1
2066295	2066296	1
3760544	3760543	1
5374728	5374727	1
6713766	6713765	1
1080218	1080217	1
5302895	5301507	2
6415797	6415798	2
885514	885184	1
10182208	10182207	1
9640053	9640056	1
11386465	11386466	1
12725498	12754074	1
5188374	5188373	1
4469020	4469017	2
8442134	8849556	1
11238460	11238459	1
4879264	4879897	2
7860619	7853685	1
10790216	10790215	2
599103	593368	1
10107134	10107133	1
2541336	2541520	1
11766695	11766806	3
9470588	9470587	2
1116323	1116324	1
2068203	2085501	1
11296527	11296528	1
2280384	2280383	1
2356043	7010150	1
8420944	8420943	2
8661276	8661255	1
10188370	10188369	1
4305241	4305242	1
8258556	8258555	1
6027989	6027990	1
2186647	2186648	1
2038055	2038056	2
1718154	1718149	2
127472	127475	2
9452488	9452487	1
11406354	11406734	2
6999255	7001373	1
8544825	8544828	2
3403788	3403787	1
1696958	1696957	1
6477607	7451126	2
8444952	8836525	1
1455036	1455035	1
5799277	5804242	2
5268625	5268626	1
2801903	2802537	1
5437404	5438003	1
8894212	8894211	2
1074945	1137062	1
11301245	11301223	1
6129429	6129430	1
5019567	5019568	1
7207469	7207478	1
8520892	8522871	2
2308774	2308773	2
10920257	10920278	1
4071035	4071036	2
808504	808503	1
5006118	5006110	1
2830151	2830152	2
9763836	9763827	1
3291203	2443163	1
2131937	2131938	1
12453336	12453335	1
1564366	1564351	1
7821641	7821644	1
7810914	8492778	1
1783778	1783777	1
1888379	1888380	1
5930783	792357	1
3941989	3941992	2
5044618	5044617	1
5180283	5180329	1
7111861	7111806	1
6866600	6865506	2
2522181	2522182	1
10425981	10426000	1
117274	117269	1
6107713	6107732	1
6027987	6027988	3
6378657	6378649	1
660670	660669	1
6107519	6107520	2
7773503	7773506	1
12453334	12453333	1
7897398	7896018	1
2945395	2945462	1
6703376	6703375	1
8617999	8617828	2
2197660	2197659	1
7778377	7778380	1
5968924	5968923	1
8813125	8816966	1
2353254	2353163	1
6146310	6146304	1
1786417	1786418	1
5440082	5440081	1
8413799	8414112	1
9681404	9681403	1
4736010	4736007	3
11705699	11705700	3
6278405	6278162	1
1077668	1077667	1
2708268	2715896	1
1965908	1965907	1
5944160	5944159	3
7696891	7697106	2
8054613	8054614	2
5967810	5967809	3
11495917	11496415	1
8247625	8247632	1
5455298	5455293	1
5993754	5993707	1
11527625	11527517	1
3863492	3863489	1
1605370	1605369	1
2505367	2507755	1
12553804	12553801	1
10778376	10778414	1
2307466	2307465	4
6364740	6364739	1
10675692	10675691	1
8345195	8345196	1
8015943	8015946	2
3494415	3494648	1
8882398	8882397	1
5754438	5755651	1
5938537	5938538	2
8333208	8179265	1
5621324	5620644	1
8679189	8679190	3
10186928	10185697	2
5574284	5574289	1
1742570	1742569	1
6166844	6166841	1
11352381	11352382	4
10507285	10507286	1
7989375	7989424	1
9023440	9023439	2
7517246	7517245	1
8035232	8035238	1
7483503	7483021	1
8008161	8008162	1
8027959	8027962	1
7256028	7256092	3
936944	936774	1
6363098	6363095	1
4996975	4996976	1
8621914	8623168	1
12053239	12053240	1
9183863	9183866	1
10440182	10440181	1
4609938	4609836	1
2315976	2315975	1
11746448	11748745	1
11305878	11305877	2
5164031	5167588	1
1459231	1459232	1
10207906	10207905	2
7023798	7023797	1
9620104	9620101	2
1903203	1903383	1
1783190	1783189	1
8052144	8052143	2
5011546	5008749	1
1283002	1283001	1
4280824	4280232	1
6516012	6516011	1
2276467	2276693	1
4409995	4439907	1
10172898	10172897	1
1759936	9323983	1
2513462	2513461	1
2448137	2448138	2
3017255	3017256	1
12043381	12053236	1
10781817	10781818	2
3272730	3272729	1
5254034	5249753	1
10636670	10633362	3
5999184	5999145	1
6823563	6823564	2
3345009	3345010	1
4178438	4182362	1
10136358	10136311	1
7806977	7806978	2
11889394	11889397	1
7635950	7635949	2
11419242	11419241	1
10467041	10466606	1
9867975	9867976	2
4305243	4305244	1
8473480	8509819	1
10733463	10733466	1
6736336	6736339	1
2348852	2348851	1
6744916	6744915	1
1543929	1543932	2
1452328	1452317	1
11439907	11439897	1
2025879	2025880	1
7824691	7824692	2
211718	211717	2
4703234	4703233	3
9979546	9978972	2
8572407	8572408	1
5729079	5729080	1
1483913	1483982	1
6638598	6638597	2
10909483	10909484	1
11808487	11808488	1
12809968	12809965	1
8452311	8452312	1
3150273	3148709	1
4800744	4800743	1
12243607	12243582	1
10927368	10927365	1
5129330	5129328	1
11651377	11651378	1
9089760	9089757	2
9306443	9306417	2
8087893	8087894	3
9783788	9783850	1
4481556	4481555	2
10725055	10653269	1
1459881	1459882	1
9788359	9788362	1
9850817	7741822	1
1141298	1141365	1
11642242	11658429	1
4748670	4839335	1
2371252	2376997	1
11678429	11678430	3
8398580	8398579	2
5423828	5423825	1
11306496	11306495	1
9630852	9630851	1
9772446	9794003	1
5325585	5325586	1
11221071	11221072	1
6803545	6803525	1
5981571	5981572	1
420407	420408	1
4354533	4354534	2
7651193	7651194	1
5912171	5912172	1
1955655	1954793	1
5556471	5556472	1
5556464	895389	1
11075583	11075584	1
1114345	1114346	1
7222799	7222692	1
2664881	2664882	2
5598434	5598421	1
4699481	4699482	1
8637970	8637969	1
5848254	5815037	1
645705	645706	2
8516349	8516350	2
12044968	12048218	1
5366487	5366488	5
11992200	11992199	2
11745312	11709857	1
9993056	9993018	1
3514661	3514662	1
10633715	10633716	1
11147625	11147630	1
6190333	6190336	1
12551498	12551495	1
8178407	8178423	1
10987748	10986293	1
3476113	3476652	1
7421219	7421220	1
11132266	11132274	1
4059122	4060443	1
12122960	12122959	1
10160592	10160591	1
6873630	6873629	2
7778375	7778376	2
4935767	4935768	1
10160594	10160591	1
9464680	9464708	1
6789806	6796016	1
11041895	11041896	2
11982770	11982797	1
3341832	3341831	2
3423183	3423184	2
2536377	2536378	1
5454706	5454705	1
7931453	7931454	1
3312856	3312855	1
3332234	3332233	1
3496244	3639325	1
7803309	2107666	1
9796334	9800054	1
7813170	7812138	1
8651177	8651178	1
10903343	10903344	1
5669898	5669897	1
2449616	2449742	2
10417325	10417366	4
1709703	1709704	1
5317925	5318027	1
11114748	11114745	1
10199295	10202561	1
7635773	7635774	2
7017286	7016848	2
337844	337843	1
11497736	11497735	1
6130361	6130362	1
12800669	12800670	1
10449219	10448585	1
6567021	6567022	1
2852574	2785883	1
8282083	7811189	1
11517603	11517604	1
5981133	5981134	1
7852485	7852486	2
10301519	10301992	1
4492938	4492971	1
