fend1	fend2	count
11115533	11115522	1
11555131	11555132	2
416764	8880043	1
7496625	7589527	2
10921021	10921022	1
5395466	5311562	1
10273737	10274507	1
5734415	5734416	3
5486299	5486304	1
5811984	5811983	1
6885060	6916980	1
7860727	7860728	1
314713	324347	1
6116777	6160035	1
669569	669570	1
8562071	8562072	1
5597935	5597936	1
6183279	6183133	1
12752081	12752125	1
7650774	7650773	1
11906761	11906785	1
3299061	3299062	2
7581940	7581939	1
11931979	11931982	2
8415587	8415588	1
10085601	10049356	1
9465512	9472560	1
11524693	11569339	1
5848850	5848847	2
8415436	8408233	1
936788	935574	1
11079702	11079701	1
1679086	1770709	1
7168026	7168448	1
3993711	3945836	1
9838981	9838982	1
5629124	5628410	1
9112095	9024579	2
2070350	2042984	1
5255671	5255672	1
10619587	10619822	1
9485568	9485567	1
10453033	10453034	1
9198104	9198103	1
1338624	1379583	1
11221781	11212599	1
4122844	4122843	1
12609924	12721600	1
10905713	10905714	1
7581915	7581941	1
690781	690782	1
914198	10376810	1
1407177	1361006	1
2368993	2340424	1
10019318	9816940	1
10880380	10904295	2
10571167	10635409	1
3426069	3426122	1
3215113	3013638	1
9970945	8519266	1
10055722	9915481	1
7839391	7839415	1
10080295	10080382	1
2351207	2351196	1
4322153	4322154	1
5883573	5848105	4
359584	332019	1
1602580	1666345	1
1513743	1513744	2
33937	33916	1
2419857	2370210	1
7967661	7967662	1
1305529	1305530	1
5486297	5486304	1
325724	321728	1
2576814	2576808	1
2678211	2717184	2
3198918	3198947	2
1614375	1614376	1
1617333	1617334	2
801158	938994	1
7963218	7962053	1
5861127	5861154	3
11056148	11172472	1
3656075	3655934	1
4438137	7881757	1
12333061	12435339	2
1941337	1905114	1
3619432	3681762	1
10224786	10224789	1
112297	111856	1
6865142	6865141	1
944706	938990	1
4270579	4369694	1
10732998	10732762	1
2730122	2730121	1
7146947	7146948	3
3020108	3020103	1
2006319	2006320	1
3527063	3527064	1
5545392	5545435	2
11413970	11413967	1
3892224	3870921	1
10757158	10754076	3
930853	930854	1
1846682	1846681	2
12803025	12769711	1
7420876	7430966	1
9943606	9943605	1
9642927	12558686	1
8131	8132	1
6309369	6234419	1
10756578	10756457	1
11316014	11241955	1
10562350	10453679	1
10715614	10651127	1
12156400	12156382	1
1625972	1622481	1
3369896	6120621	2
7347731	7347732	1
6505503	6496472	1
10075090	10063445	1
801492	801442	1
8451574	11877439	1
12291243	12290688	1
12426272	12426286	1
3558752	3558831	1
10652242	10652239	1
12745905	12745906	2
2558830	2560719	1
9466332	9466647	1
10393461	10393462	5
1702673	1702674	1
3861583	3861584	1
3697937	3696094	1
9157929	9165393	1
12522521	12522522	2
8765200	8765199	1
11756317	11749433	1
11797496	11797495	1
6668873	6568333	1
2233511	2233512	1
3374951	3377210	1
11444333	11444334	1
11380173	11383976	1
1178279	1200434	2
8320089	8320102	1
8453286	8453285	1
4647193	4646724	1
2286860	2293436	1
3625182	3625181	1
4604943	4604944	1
7547040	7546915	1
8606063	8605209	1
6096296	6096293	1
7736627	7736630	2
4708929	4580342	1
8298702	8227459	1
5532345	5903076	1
2131928	2142687	1
12610529	12610530	1
2766831	2688377	1
1269089	1268971	1
3301429	3301434	1
7281457	7283081	1
7813220	7813504	1
7648529	7648530	1
10443139	11040038	2
12175701	12175702	1
7773847	7774885	1
12187194	12187119	1
1827572	1826074	1
4043930	4043935	1
10116349	10116352	1
12724286	12724277	1
7446447	7446448	1
9897347	9898192	1
7593564	7593661	1
12594328	12594327	1
1009824	1009823	1
3447429	3447430	1
10463035	10463039	2
9282205	4935971	1
3144504	3144503	1
7605403	7678617	1
6724936	6724935	1
10002062	10012379	2
7623222	7623225	1
5157703	5157706	1
1223544	1223632	1
8497429	8497430	1
4470901	4470902	2
7725889	7725890	1
2520594	2520593	3
12806076	12756877	2
8440088	8522349	1
11492171	11389207	1
11748524	11748527	1
10206499	10196855	1
856731	856732	1
11757334	11695842	1
5955970	5955969	2
1880714	1880713	1
5224604	5224603	4
5270113	5270111	2
8005884	8005862	1
133457	133444	1
4469326	4620264	1
6677805	6677806	1
7142466	7142497	1
11426783	11426784	1
5881095	5881003	1
4155773	4156424	1
11361507	11361477	1
4494245	4494246	2
10026940	10026560	1
10998018	10998110	1
11589456	11589455	1
10958041	10904116	1
7160391	7160433	1
4010495	3964496	1
10733000	10732762	2
8649628	8649627	3
6640182	6663224	1
6399923	6395773	1
12695970	12696333	1
896487	896488	1
7284588	7284579	3
10330727	10330907	1
9343618	9343617	2
6354462	6448010	1
5224606	5224605	4
1482529	1482530	1
2292276	2235245	1
11474746	11474745	1
7092021	7092022	3
11229664	11267647	1
5811572	5811535	1
10002467	10014779	1
5194345	5310326	1
4414327	4414859	1
3690778	3690777	1
2270641	2270642	1
2938089	2938090	1
3962197	3964038	2
9298279	9298243	1
5442840	5442537	1
6431698	6431697	1
2314572	2312043	1
5748934	5748929	1
3037325	3036626	1
12178344	12178343	1
7602026	7601920	1
5395029	5496538	1
9157584	9142201	1
1456369	1456370	1
12138915	12138916	1
11067275	11067276	1
3206773	3206771	2
11722694	11722115	1
787674	787673	2
6201439	6201440	1
7020870	7020803	2
8649765	8649766	1
779912	779826	1
5472499	5398193	1
12777587	12779633	1
5270059	5270060	1
3877873	3820809	2
8562118	8562031	1
1964283	1944663	1
2988824	2988809	1
6869577	6869523	1
10931333	10877201	1
8652624	8652570	1
9396254	9396253	1
11590897	11590900	1
11633129	11632978	1
7014018	7014017	1
8777293	8796109	1
1145070	1145051	2
10278520	10278519	1
3854829	3855239	1
1898114	1895545	1
3573518	3575825	1
3656818	3656817	2
6780974	6781001	1
1296354	1296367	2
11833466	11833465	1
10248500	10248499	2
7490850	7490116	1
10048667	10048668	1
8051808	8039485	1
12558560	12558313	1
3053402	3053637	1
2372979	2140879	1
1324101	1334575	5
3023066	3018300	1
10471598	10654890	1
10624055	10624056	2
8637161	8637170	1
311529	311447	1
10037872	10037869	1
767101	665445	1
6652344	6652339	1
3865545	3861582	1
4549994	4549903	2
4032684	4022187	1
11787968	11786469	1
1931761	1931925	1
9430239	9481423	1
4475104	4474998	1
6569574	6569488	1
7685146	7685149	1
2683797	2684239	1
10386972	10308106	2
8085815	8085880	1
4825272	4825271	1
4265323	4265337	1
4423975	4423687	1
416652	416651	1
5887762	5887761	1
7071626	7102510	1
7613615	7626203	1
3605323	3605324	1
5334759	5334646	2
8091047	8100953	1
8971595	8952020	1
799501	799502	1
9523598	9523597	1
3000343	3000344	1
276230	10918138	1
5585737	5585738	2
1587511	1569440	1
6049661	6049694	1
7628674	7628673	1
9838983	9970678	1
7457568	7457567	1
7739085	7995605	1
10662298	10661332	1
4339594	4340157	1
2225008	2225031	1
5366328	5415745	1
499698	499489	1
2868528	2868551	1
910306	910305	1
6810445	8344738	1
12714525	12714526	2
10380359	10465390	2
3631090	3631089	1
7861116	7849207	1
7418163	7301417	1
8181255	8181258	1
7354610	7354686	1
7526520	7526531	1
6126372	6126369	1
11773840	11774040	1
4231859	4231860	1
5884506	5804385	1
10167436	10168737	1
1769244	1781864	1
4290683	4289205	1
4340687	4340705	1
8232097	8240932	1
1498314	1498311	2
2835461	2835102	1
5188764	5188761	2
7291719	7291720	4
6991874	10283431	1
8710832	8710840	1
8640190	8634101	1
1625972	1622483	1
780083	784701	1
6430666	6618383	1
2508621	2508641	1
3376743	3376744	1
6317733	6317418	1
3893428	3893447	1
1134446	1134405	3
9684020	9557113	1
2767390	2766828	3
9494158	9494157	2
9817879	9814709	1
4438611	4438612	2
1450039	1450040	3
7849988	7849987	1
11920256	11919472	1
2307193	2313821	1
3601616	3554464	1
8800143	8800144	1
2850918	2850917	1
9698624	9698565	2
5893603	5893606	2
12238720	12238719	1
11197443	11197444	1
4156425	4156426	1
173685	175509	1
1136329	1121133	1
6669843	6783060	1
10292727	10296470	1
7852977	7853006	1
8415785	8415786	1
3708693	3708694	1
11794764	11794738	1
10472121	10469111	1
11572774	11500351	2
3123290	3123293	1
7507068	7498178	1
9686639	9597916	1
1233240	1233239	1
5286274	5286202	1
6953424	6953426	1
7446249	7446250	1
1580627	1461290	1
6875441	6877370	1
4113980	4113979	1
994337	994271	1
6147477	6147478	1
9093211	9093219	1
6933035	6933036	1
4537978	4537981	1
207228	207241	1
8531348	8531411	2
9773307	9773308	1
4089715	4089716	1
5225061	5231961	2
9953669	9953681	2
3645132	9165632	1
11116164	11022814	1
1471365	1471366	1
12772443	6762505	1
4201482	4201479	1
7372190	7312049	1
8214643	8214644	2
2270443	2270444	5
2021637	2160884	2
6602010	6726595	1
7329939	7329940	2
896485	896486	1
7291542	7291508	2
2785481	2813450	1
4282982	4282981	1
2270404	2277661	1
45129	45073	1
11499998	11509551	1
69475	66761	1
9540443	9540480	1
7589526	7589525	1
7631235	7691254	5
4578365	4578386	1
2473324	2473323	1
11000760	11000759	1
1781448	1781433	1
9299572	9299571	1
5734417	5737398	2
5311829	5233649	1
626834	626664	1
10218869	10218599	1
3727572	3784481	1
11225044	11226162	1
5975101	8106953	1
8994989	9085024	1
6467649	6467650	1
7792172	7462685	3
7670645	7750078	1
425933	425766	2
11633947	11581443	1
11565569	11565570	1
3016352	3016399	2
690783	690784	1
7406983	7406988	1
254789	254810	1
5861964	5861969	1
4474593	4474556	1
9417922	9417919	1
4298153	4298154	1
8336564	8163484	1
1848152	1848151	2
10716416	10717264	1
12745911	12745754	1
2633279	2633280	2
1957136	1952683	1
2925462	3047833	1
4042031	4042032	1
11450960	11451784	1
10532618	10532617	3
9626834	9626836	1
12688588	12688587	1
8380690	8380462	1
5759928	5759784	1
10552713	10552739	1
11037188	11037194	1
1150338	1150323	1
2159556	2160583	1
6259146	6259145	1
5615391	5703096	2
2456485	2458816	1
4309135	4309136	1
11426781	11426782	3
2522121	2522122	2
4545168	4543467	1
4367813	4368016	1
1173739	1018649	1
10118433	10048981	1
10329965	10329966	1
11742990	11752570	1
3095218	3095217	1
12395275	3792130	1
9803881	9803882	1
9894828	9894825	1
4715151	4715130	1
7357962	7389004	1
6894863	6908166	1
10440001	10440002	1
50679	50680	1
11376053	11335538	1
5309638	5309637	1
11032962	11032959	1
12334589	12334566	1
12751447	12742453	1
3896665	3896666	2
1358370	1358357	2
8540147	8418546	1
4710014	4710013	1
6535701	6535673	1
10224820	10190944	2
2007788	2007787	1
5273477	5273449	1
1650650	1650647	2
905406	905405	1
5825692	5721681	1
7894105	7894228	1
5747907	5748019	1
7517904	7563550	1
1958308	1958307	1
8561087	8561088	1
5588716	5591047	2
3046507	3046508	1
7200298	7200301	1
1566637	1566640	1
2543729	2543731	1
3023976	3023172	1
10831287	10831232	1
3397876	3413971	1
11637187	11618604	1
3526244	3526331	1
954796	954683	3
7291542	7291506	2
1995812	2037485	2
321729	321730	1
2834886	2834888	1
3643930	3643987	1
8241813	8338840	1
1349946	1378448	1
2395960	2423474	1
118262	110507	1
11200024	11198936	1
7884133	7769460	1
6237136	6238869	2
1419875	1429190	1
1109917	1109723	1
11047922	11047919	2
5562965	5562746	1
11430807	11430808	1
11833470	11833467	1
9487632	9487367	1
8305250	8305249	1
4446215	4446326	2
89629	89639	1
9628519	9725606	3
10424281	10424267	1
11485026	11485025	1
11485636	11485966	1
7849217	7849218	2
4708733	4804346	1
10719029	2220880	1
6309365	6309368	1
447201	337163	1
10718428	10718427	1
10937240	10937239	1
9999201	9999162	1
4307499	6065660	1
6401220	6246995	1
1792501	1792502	1
11916465	11742390	1
9118901	9118902	1
9343210	9298082	1
1082828	1161493	1
12054197	12054418	1
553873	553874	2
7870346	7870345	1
9236590	9266165	1
604349	604350	1
11702331	11702298	1
7858702	7858682	1
6505864	6505938	1
5863043	5863044	1
2831277	2831538	1
11956365	11033504	1
11764326	11764325	1
9609098	9609097	1
11440679	11440680	1
2135329	2135330	1
12437952	12306438	1
7736627	7745026	1
7358898	7358897	1
5849016	5848995	1
10880382	10880381	1
11330272	5666837	1
2341343	2341348	1
5120735	5120736	1
12281135	12281138	1
8050051	8039857	1
10693335	10693675	2
11011152	11011151	1
1630942	1630939	1
9263329	9257184	1
9980157	10081841	1
11588660	11451674	2
4554855	4648690	2
6111048	6111020	1
6388119	12696238	2
10069230	9984807	1
1720173	1720174	2
9123537	9123776	1
5071800	5072487	4
11395068	11395756	2
7421806	7302347	2
4769839	4769881	1
895148	854277	2
11585176	11589457	1
5410388	5410322	1
8453282	8453285	2
894455	892373	1
9642869	12558511	1
2906118	2989183	1
5336493	5336494	1
11833468	11833467	1
11697136	11697131	1
7926521	7926473	1
1023024	1006785	1
8096557	8051755	1
5007508	5007507	1
10907433	10907317	1
2776030	2776029	1
11300047	11300082	1
6053126	5973391	1
3031340	7011271	1
4501548	4501945	2
2265139	2265144	1
1514911	1514912	1
5653602	5652682	1
1275169	1258858	1
5825703	5825709	1
4202239	4202678	1
2673140	2670252	1
5637466	5637465	1
7554306	7631809	2
6802201	6731368	1
9293138	9300137	1
6010910	6010909	1
3538444	3536587	1
5867783	5848849	1
5490544	5490543	1
1318411	1318412	1
9116863	9116011	1
1840087	1839986	1
11060483	11060096	1
3626441	3626407	2
7959379	7959450	1
12492161	12492162	1
12780305	12780306	1
11579169	11628430	1
1140369	1373141	1
5688689	5688690	1
10692178	10692180	1
7182201	6988201	1
2796889	2796892	2
8281253	8281254	3
7254446	7254380	1
5023022	5023119	1
6334256	6333196	1
11861378	11861314	2
6602174	6472648	1
11423664	11423663	1
12552948	12552591	1
11444484	11444483	1
2111305	2111306	1
8453284	8453283	3
6731440	6731439	1
998191	998192	1
4989054	4989053	1
3754377	3754378	1
9869950	9866274	1
10644190	10644162	1
10782083	10776696	1
2701291	2701309	1
8421475	8420872	2
4124403	4124404	1
8512707	8526958	4
1454443	1441964	1
9701656	9698830	1
5550173	5463458	4
1008287	1004072	1
12748103	12747637	1
2574192	2574191	1
139461	263333	1
4802183	4778065	1
10430734	10430532	2
2122651	2137666	1
897876	897879	1
7880690	7880689	3
10806605	10806523	1
6681145	11479732	1
2441154	2447854	1
11549797	11548662	1
6582734	6582737	1
10877197	10877153	1
9623403	9623137	1
10285325	10210076	1
9097958	8926923	2
9347717	9334168	2
11985990	11987116	2
7853600	7764728	2
7880690	7880687	1
3122651	3122510	2
11006026	8181306	1
11221217	11221218	1
8750505	8750506	1
2158192	2044267	2
11485028	11485027	1
5231320	5231193	2
8218745	8205862	1
2028315	2109989	2
12472170	12472411	1
4139268	4139265	1
1287348	1287274	2
9836040	9836039	1
3638975	3638980	1
6431700	6431699	1
4710012	4710015	1
2349753	2439979	1
2425268	2343967	2
5523082	5523081	1
7092416	7092415	1
10419086	10419092	3
8263490	8263469	2
2987068	9437169	1
787679	787942	1
12048735	12045554	1
12230854	12222589	1
2667321	2778731	1
3071572	3071441	1
8589933	8606149	1
121782	193231	1
3122159	3146990	2
2270643	2270644	1
6343562	6344516	2
6043277	6043256	1
7453936	7453933	1
9011960	9011963	1
12774662	12774648	1
4209722	4210713	1
2176725	2176726	1
10572329	10572330	1
6100240	5970426	1
9473167	9473168	2
11293162	11293157	1
10657137	2512595	2
1406956	1406992	1
10722329	10722330	2
11434548	11345475	1
10557092	10567600	1
8019565	8020346	2
5828554	5828530	1
11324707	11324708	2
11784746	11784774	1
9277865	9276691	1
7146434	7101188	1
12465670	12380429	2
6728247	6719513	1
1928733	2012029	1
7990782	7990779	1
11344747	11469155	1
9189721	9189722	1
3440181	3440182	1
11398906	11467497	1
2415225	2415226	3
9044657	9045037	1
6836614	6958609	1
125336	125271	1
3540757	3540758	1
6194777	6194753	1
8985393	8987020	1
6934067	6871041	1
1891992	1891970	1
11410303	11577925	1
4826639	4801220	1
11049947	11049948	1
6207899	6207900	1
6119476	6117506	1
10224788	10224787	1
5594802	5594761	1
6512897	6513651	1
9023188	9023187	2
8534401	8534284	1
12600884	12599330	2
690785	690786	1
11233116	11233115	1
7689183	7689184	1
5750848	5752353	1
12714527	12714528	2
5810254	5810253	1
9836678	9836630	1
664619	664620	1
5339323	5339291	1
6123341	6030847	1
11503706	11503710	1
9608838	9673859	1
10471600	10471599	1
8287295	8285681	1
1636345	1627749	1
7547677	7547678	1
2804151	2804177	2
12239671	12130793	3
3550728	3551280	1
3311230	3311229	1
8380999	8316088	1
2353160	2353159	1
861723	861865	2
3126994	3126987	1
9070054	9021717	1
3098576	3098612	1
4577882	4578842	1
12790841	12720871	1
7783125	7783150	2
2334649	2334650	1
1735002	1728995	1
6024899	6024902	1
8418349	8418743	1
4315539	4214445	1
3943218	3957875	1
5892334	5849779	1
12121061	11986554	1
12753573	12755847	1
11861391	11861384	1
10472119	10472120	1
9535951	9542387	1
4991116	4991115	1
4151484	4201042	1
12150053	12289240	1
10847779	10847780	1
9161637	9161768	1
2800245	2800246	2
10631266	10631263	1
11398681	11398682	1
3293041	3293042	1
5853310	5853309	1
3631088	3631087	1
4033649	4022197	1
1398831	1398444	1
10937244	10937243	1
3460117	3455661	1
8445470	8424949	1
6405328	6405309	1
2833800	5807460	1
9299574	9299573	2
8176461	8176462	1
3640873	3640962	1
12625302	12658215	1
8316221	4515663	1
1571091	1571092	1
3125583	3201979	1
7361446	7392986	1
4140727	4139455	1
2272696	2240235	1
3091776	3091785	1
9866858	9867210	1
464146	497658	1
7005333	7005344	1
10546641	10545107	2
2017469	2017472	2
8518415	8518416	2
4154884	5985552	1
2123897	2125909	2
12369953	12402501	2
610654	611976	1
7967205	7967206	1
10240851	10240854	1
7984868	7984878	1
6257185	6257173	1
3319262	3329333	1
24541	24544	3
3327635	3327636	1
4349600	4349599	1
10049681	10053919	1
11410303	11410304	2
10714723	10715615	1
1033418	1033784	1
6111102	6110867	1
6660883	6660790	1
1988364	2107125	1
3746432	3746472	2
11601594	11439391	2
3412646	3412645	1
9538216	9503356	1
11623196	11623219	1
5087377	5073313	1
2017467	2017468	2
12480461	12481276	1
9706557	9706558	1
10315264	10315263	1
37051	37052	1
12608563	12609393	1
7736631	7745026	1
798894	798890	2
3543194	3543193	1
9526719	9526720	2
9337278	9337277	2
82591	5689	1
5543308	5564620	1
7678555	7609759	1
7199621	2828081	3
3791526	3791546	1
4901592	4901591	1
3682810	3682809	1
1420101	1392614	1
3382782	3382392	1
6180239	6197007	1
10155262	10155297	1
10300441	10212942	1
2161815	2161816	1
5443401	5443402	1
2953962	3077779	1
9869305	9913491	1
3910511	3871760	2
313499	289829	1
262142	183863	1
3642670	3655252	1
785311	680611	1
8780525	8780526	1
349154	349153	1
4777916	4726957	1
12655191	12655970	1
11179672	11179671	5
11784775	11784776	1
11435574	11435568	1
437001	437075	2
6110846	6111053	1
11718622	11718621	1
10427657	10427725	1
9944421	9944422	1
6590955	6590956	2
11592698	11519023	1
5190127	5113756	1
7238645	7269915	1
11501885	11501533	1
4640286	4640285	2
7126498	7126478	1
12138892	12136229	1
355829	253131	1
1406342	1406353	1
4836249	4835811	1
5823231	5928804	1
8649628	8649761	1
6964964	6964963	1
12149227	12166279	2
1789714	1789713	2
1291920	1291917	1
421223	424095	1
2168418	2020458	1
4735737	4735852	1
6018712	6018711	1
4787022	4787019	1
3526940	3526973	2
6048805	6048806	1
9311348	9310034	2
10869321	10869322	2
5711091	5711092	1
200887	242344	1
11606565	11606590	3
7091981	7091984	1
7336884	7336898	1
1668302	1668301	1
5768988	5768987	2
110783	96450	1
8180868	7828267	1
10689326	10689325	1
6937304	6936778	2
12198886	12198792	2
859355	859356	1
76557	76558	1
7562913	7581570	1
7771400	7858416	3
603494	603507	1
3198920	3198947	1
8353184	8353002	1
92904	34998	2
9579982	9578752	1
256790	256789	1
12056132	12055872	1
5231192	5231191	1
11435569	11435570	1
5229756	5229764	1
6206604	6206609	1
2710257	2710272	2
4604033	4604034	1
8826042	8889907	1
954783	954797	4
4748945	4748946	2
11787290	11787826	2
9172681	9172567	1
8006337	8006338	1
10428489	10428490	2
1151741	1151742	2
5816503	5774604	1
6381350	6381151	1
9189723	9189724	1
4820060	4670816	1
6279995	6279996	1
2042985	10424066	1
798135	880988	1
2415227	2495034	3
2001678	1999137	2
2233428	2233510	2
1317521	1317522	2
7461142	7461166	1
3555900	3561139	1
7446337	4155148	4
7134557	7170764	1
1644327	1644328	2
1725411	1725412	1
3967322	3965074	1
2839352	2834791	1
3754001	3754027	1
1325120	1325141	1
938913	939110	1
3754026	3754025	1
5873663	5873664	1
5408726	5408722	1
5784179	5793185	1
10081256	10083434	1
2636792	2636687	1
4406797	4406851	2
2873288	4059478	1
11995719	11995710	1
89575	89576	1
12670870	12662915	1
8357518	8186735	1
9476052	9476051	1
12225134	12225244	1
910304	910292	1
7354610	7354688	1
4653715	4653428	2
4647191	4646724	1
3605339	3624991	1
1844987	1844955	1
2747373	2746377	1
8504701	8512554	1
7125451	7125344	1
4485082	4489385	1
2104425	2104068	1
9646106	9577442	1
4591019	4513394	2
7446295	7446321	1
2653762	2654125	1
55898	57210	1
7014016	7014015	1
2337362	2337361	1
4723614	4842792	1
2236751	2237016	1
1048359	1048392	1
10625848	10625827	1
11432368	11348759	1
3833091	3833092	1
3264331	3146079	1
6394818	6394217	1
6480833	6419441	1
11602617	11602624	1
7515977	7515978	1
11797630	11797629	1
7757871	7757819	2
7236809	7328851	1
11275463	11276299	1
11586345	11586346	5
7522255	7521549	1
7453932	7453931	1
9685834	9623983	1
10250431	6215685	1
7983185	7983188	1
10451186	10451189	1
73436	73435	3
3543192	3534798	2
5231445	5223398	1
12445479	12445517	1
7292294	7292151	1
5694465	5694159	1
3497076	3511506	2
10168317	10168318	1
3210300	3100113	1
10707281	10706986	1
4632988	4633002	1
2463616	2609550	2
3899379	3898226	1
9270227	9270228	1
2435849	2435850	1
8300753	8169001	1
948889	948882	1
3478111	3405546	1
9491016	9488071	1
9980155	9980156	1
1349734	1243119	1
1145044	1145012	1
2843862	2843836	2
2552133	2557520	2
12460847	12460859	1
7524675	7524671	1
10646422	10563169	1
7969208	7970590	1
418112	400870	1
760307	763419	1
1313964	1313970	2
1161080	1161104	1
7684553	7685147	1
5768492	5766247	1
8627185	8627187	1
5231196	5231195	1
6254706	6256035	1
742889	723095	1
10544842	10439681	1
9854492	9947421	3
10937751	10937759	1
12628223	12628224	2
7562088	7562087	1
1989170	2002630	1
11780248	11889807	1
12042706	12042705	1
11290503	4530015	1
10892959	10904668	1
3904971	3895637	1
10730547	7101398	1
12497545	12497548	3
921292	921291	1
1082645	1056599	1
11206428	11108258	2
9848723	9848724	1
3083237	3090510	1
2944027	3076913	1
155814	154176	1
5649255	5637773	1
789802	789801	1
1466490	1466484	1
6849240	6849239	1
2402495	2568719	1
7244202	7291718	4
12533583	12533642	1
33728	33984	1
11064325	11161310	1
12042704	12042703	1
10315262	10315265	1
9848547	9848548	1
10428491	10428492	1
8081964	8082771	1
8317365	8317368	2
186473	186474	1
6548452	6495703	1
8695580	8695393	1
3132472	3132471	2
12660883	12659881	1
9847746	9848390	1
4145346	4145345	1
12456186	12456182	1
7416730	7416696	1
4218946	4219035	2
6136813	6037187	1
5796337	5800650	3
11410305	11577925	2
1367619	1367620	1
12813505	12813481	1
703373	703033	1
11018169	11018170	1
3378860	3377498	1
2676881	2676866	1
591532	587527	1
10259988	10261859	1
2930791	2930639	1
5469010	5565769	1
3371725	3371746	1
11214432	11214413	1
2181527	2183796	1
5057796	8045785	3
418198	418177	1
1870201	1870263	1
8579393	8579394	1
265971	265972	1
8350433	8350434	1
418727	396838	1
8308900	8385228	1
6292028	10648736	1
11139370	11139369	2
6274265	6274277	1
12661625	12558009	1
10667687	10667688	1
4264260	4264259	1
7544575	7544578	1
5666626	5897309	1
9121412	9139362	1
1478365	1478378	1
8542938	8543079	2
6619394	6619199	2
10811197	159753	1
9071510	9031099	1
8982492	8982509	1
203632	203595	1
2599048	2591856	1
3089336	6002411	1
11092837	11099111	1
5638599	5699671	2
6411175	6355037	1
6834984	6834983	2
1996105	2152842	1
10624050	10624078	2
1573265	1573268	2
12790484	12790594	1
9980469	9980464	1
1662202	1561034	1
5528585	5528586	1
3374949	3374950	1
6834986	6834985	2
1008285	1008286	1
3726007	4050208	3
123856	123859	1
2221812	2221811	1
10498024	10524485	1
6175606	6175605	1
8434519	8434520	1
2517040	2517043	1
9557645	9548704	1
12560987	12560988	1
2874131	2872886	1
6062111	6062112	1
8800145	8715783	1
9172878	9172887	1
1195649	1195669	1
11070479	11070458	1
660211	660219	1
5924341	5924331	1
6611376	6611518	1
6010049	6001699	1
2507902	2507901	3
2957389	2957390	1
10670118	10675516	1
1437539	1435109	2
11869363	11869690	1
1622482	1622481	1
7871712	7872078	1
9196149	9189436	1
2124780	2005958	1
787678	787675	3
5249996	5246217	1
11799601	11797631	1
11745639	12128933	1
11827899	10883227	1
9185522	9185517	1
8776355	8776356	1
2850919	2937649	1
8494775	8494776	2
4608533	4608534	1
10409450	10420583	1
3394456	3395385	1
5581820	5581819	1
6378374	6378404	1
6750243	6750244	1
1649843	1649846	1
11667885	11667897	1
5152834	5117360	1
5630557	5630455	2
12719595	12798303	1
4043930	4043933	1
6120969	6116276	2
7193719	7056370	1
12201729	6378289	1
11917169	11917170	2
6479281	6638916	1
1827625	1833440	1
10103575	10104805	1
7944212	4643886	1
9788946	9788945	2
9527135	9686384	2
2897987	2849252	1
3403368	3403355	1
1457907	1457908	1
9776187	9776188	1
3000448	3000447	1
11113934	11113933	1
3299003	3299060	4
1397270	1397281	1
2602801	2602881	1
9031706	9960010	1
5188757	5188760	2
1232740	1301292	1
11536203	11536185	1
9239973	9239974	1
2169209	2169228	1
8410360	8410744	1
3699051	3699055	1
1034864	1034863	1
10901478	10969867	1
11861315	11861316	1
11597453	11596753	1
452811	452832	1
9246396	9246395	3
2544680	2544679	2
4292915	4197362	3
11489357	11489358	1
525557	526111	1
10441789	10441790	1
3872448	3872447	1
988146	987724	1
6802512	6802426	1
5137006	5137005	1
3261518	3261517	2
6575053	6575054	1
9086347	9086354	1
3729656	3729655	1
8408550	8504161	1
5048168	5048250	1
3973846	4069315	1
6616284	6611260	1
5722297	5722299	1
82177	82178	1
5712477	5712478	1
9056152	9056151	1
2542442	2542348	1
12807089	12807090	1
8609049	8609052	1
10545070	10497139	1
7988821	7988822	1
3946481	3943475	1
7588116	7588115	3
6467651	6467696	1
8845850	8757643	1
6117952	6117984	1
9533290	9533289	2
7853007	7853008	1
2379728	2379918	1
9785348	9626255	1
2265145	2264951	1
9088291	9088292	1
7843720	6050148	1
10453035	10452384	1
7183519	7183520	1
2731038	2731007	1
1127314	1320494	1
8429142	8426029	2
9727755	9735943	1
5845202	5845204	2
12136070	12138914	2
828253	828254	1
5732202	5732199	1
1739216	1739505	1
870718	870717	1
10222495	10222496	3
9139963	9139964	1
10222497	10291994	1
9417924	9417923	1
5696984	5770294	2
2608604	2611621	2
5935636	5935616	1
4753743	4729509	1
421365	199890	3
57211	57212	1
11151120	11151119	1
7359618	7359718	2
11600683	11600686	1
525555	526111	1
3715842	3628627	2
7219672	9423902	1
1765306	1765326	1
5761556	5761555	1
6866579	6867027	2
3187185	3186998	2
2420640	2473352	1
1529020	1528944	1
11221213	11221216	1
3046493	3046516	1
9334653	9313413	2
6631278	6602046	1
9759808	9756524	1
4349598	4349597	1
10594220	10558750	1
9535237	9535250	2
2926848	3034331	1
1952763	1952733	1
111735	116687	1
297229	297246	1
11607333	11607196	1
1928731	2012029	1
9136642	9050631	1
12180995	12180749	1
6904877	6904878	2
7587217	5719659	1
7800205	7783515	2
6438820	6438819	1
4532088	4531553	1
4175111	4175171	1
6257185	6257175	1
7105349	7105937	1
910306	910292	1
1881216	1877233	1
12042714	12042707	1
1195649	1195650	2
9536506	9565819	1
924619	924620	2
1206596	1114562	1
11695953	11696109	1
11352953	11352954	1
1649843	1649844	2
11434550	11434549	1
4431801	4337525	1
10743513	10742375	1
11444385	11444386	1
2481565	2552892	2
2138949	2138950	2
5219107	5219108	1
9239971	9239972	2
2589210	2589209	1
7167316	7169272	2
9688698	9689603	2
11853922	11853921	2
3710898	3619512	3
10077002	10106650	2
3431357	3431346	1
9111482	9111485	1
1282820	1282819	1
153838	11660798	1
5259036	5259035	1
8442012	8442099	1
2385340	2385339	1
5335650	5335649	2
324090	324085	2
10278524	10278521	1
97970	122766	3
5487093	5487081	1
6390436	6390429	1
3967119	3886712	1
1617335	1617336	1
10906611	10870190	1
8793906	8793918	1
9418348	9346677	1
12048369	12048230	1
3904967	7009894	1
7168449	7168450	1
7533853	7533753	1
808810	782243	1
11211681	12479973	1
11499362	11499348	1
4867881	4867907	1
1310234	1454861	2
1275167	1258858	1
8543047	8543052	1
7316106	7316523	1
1330192	1284062	1
1317523	1317524	2
10419303	10419359	2
9074193	9074196	1
7415073	7415076	1
525555	525556	1
8776357	8776358	1
3046522	3064730	1
3829097	3829143	2
10133076	10133075	3
9476050	9469772	1
1191853	1321698	4
10479469	10315206	1
11256047	11256048	1
7071647	6994839	1
8206118	8276964	1
3239691	3239693	1
10523582	10523579	1
7285984	7285974	1
7005988	7005971	1
9848714	9848722	1
6257174	6257173	1
12604886	12604885	5
11655918	11552473	1
2589539	2589540	1
2560727	2560728	1
3636959	3479487	4
8380217	8317333	1
6632353	6632354	1
8406555	937423	1
6122412	6122203	1
1910091	1910161	1
7474510	7474509	1
1773179	1773182	1
12387605	12302709	1
10573334	10573333	1
9246394	9246393	4
9108927	9010949	1
5153280	5022381	1
1670668	1670672	1
485399	485400	1
4087757	10268260	1
10137575	10137576	1
2859197	2859254	2
9843413	9843414	2
7264833	7264824	1
9533987	9533291	1
11679020	11680138	1
10588558	10545894	1
6029821	6029822	1
3713734	3595739	1
7739489	7739483	1
5016016	5016015	2
1657425	1657704	1
4804432	4703957	1
9604848	9788862	1
195216	133482	1
355168	355167	1
4550025	4549716	1
6459824	6459204	1
5828945	5828943	1
12600480	12756246	1
5430069	5376860	1
5878032	5859912	1
12180994	2237910	1
1578030	1579231	1
2158194	2158193	2
10133078	10133077	2
535727	535728	1
6018714	6018713	1
8818647	8816988	1
2426488	2357258	1
11590741	11591230	1
5990486	5990485	1
10764159	7999377	1
3381172	3246341	1
11585176	11589455	2
10224822	10224821	3
10576908	10577889	1
10642199	10633241	1
10988655	10988856	1
10443370	10443395	1
4614107	4613915	1
7583524	7585563	1
11423662	11423392	2
11109254	11109188	1
9335420	9335419	1
9100920	9100902	1
12481180	12481190	1
10744903	10748386	1
5861968	5861967	1
8497680	8608130	1
1861115	1861118	1
300455	184770	1
10588480	10506990	1
2130201	2130202	1
9529160	9529153	1
12534366	12534250	2
569766	571383	1
7446448	7446435	1
7344155	7344156	1
9518381	9518382	2
2804149	2804150	3
11385683	11385432	1
6090633	6090660	1
3925101	3925025	1
2244265	2243757	1
969295	961643	1
10773615	10773220	1
11286274	11294892	1
9131564	9131579	1
10646616	10646615	1
11748528	11748527	1
5527962	5523083	2
4605170	4604548	4
12723265	12722580	1
5846108	5775380	1
816489	815202	1
7844978	7844977	1
6733375	6733359	1
1473093	1473098	1
11860736	11867478	1
1829478	1829430	1
12302708	12302705	1
6863287	6882149	1
4305719	4305277	3
10074476	10118980	1
1767760	1773193	1
11403370	11449461	2
7614777	7720183	1
1259316	1257897	1
5310462	5310001	1
3735808	3735807	1
11534302	5049077	1
159898	159008	1
987211	987212	1
1274796	1274779	1
2017473	2017476	3
549102	557082	1
10464339	10464281	1
8256768	8256767	1
3517968	3517919	1
679806	694492	1
8477444	8477451	1
5893615	5893602	4
9620607	9610063	1
2892016	2892569	1
10430933	10540476	1
11695209	11695333	1
2250319	2250320	1
11049945	11049948	1
3994641	4093212	1
2599610	2599400	1
7958597	7958600	2
8518054	8518033	1
2021635	2021636	2
11668523	11695768	1
12427371	12405793	1
6846590	6846593	1
11249527	11249528	1
7082361	7175620	1
9625256	9625255	2
861866	861865	1
4055299	4055300	1
10830145	10830146	1
2860485	2860486	1
10484541	10569416	1
10109743	10109583	3
10780598	10780597	1
2103239	2103209	7
528588	571822	1
10551364	10551398	1
2544678	2544675	1
11718624	11718623	1
9797188	9797341	1
1464989	1494251	1
7768134	7768133	2
10484539	10484540	2
4704661	4676267	1
11342757	11342906	1
10342523	10343086	1
1931759	1931760	1
5410425	5410426	2
838919	838884	1
993685	1006004	1
7565215	7464911	1
8815367	8815442	1
9686396	9686395	1
6498812	6494595	1
1573300	1673692	3
4517277	4389628	1
3925163	3924974	1
7736625	7736626	4
9600574	9638499	1
10459852	10466025	1
3973948	3941933	1
5193437	5193438	2
1098	1094	2
9564388	9564391	1
8494607	8494632	3
1649847	1649848	2
8305248	8302015	1
9384299	9384312	2
2336190	2247442	1
5801667	5801642	4
7389756	7389755	1
4184492	4184491	1
5439255	5442306	1
6577262	6577102	1
9711353	9711346	1
9609100	9609099	2
11718862	11722972	1
7401401	7401402	1
5130480	5087239	1
3327633	3327634	2
6240327	6240357	1
12502890	12509636	3
11340744	11617773	1
6077606	6077626	1
2672187	2672354	1
9063610	9063609	2
8802896	8804161	1
10269660	10280238	1
2415904	2415917	2
4755019	4729924	1
7795032	7795017	1
5072399	5072400	1
8281255	8281181	3
10844891	10844892	1
6539121	6538181	1
10707277	10707280	1
5065651	5065549	1
2117350	2117349	2
2561760	2562014	1
6900301	6900302	1
7123543	7123544	1
2165495	2021165	1
4764597	4764598	2
10879200	11754685	1
1366981	1373443	1
9536001	9615800	1
1473099	1473082	1
11237878	11269881	1
4367800	4367772	3
8789330	8850678	1
5706564	5819873	1
4139270	4139265	1
11079700	11018168	1
4232604	4232730	1
9654902	9654896	1
3860869	3860872	1
4421779	4421790	1
4321548	4438610	1
11748526	11748525	2
4697175	4697176	1
9848549	9848519	1
7073177	7082535	1
7753235	7763640	1
8639858	8701313	1
4715151	4715152	1
81684	181238	1
2520098	2520095	1
10141391	10141399	1
7911494	7911423	1
4418274	6905815	1
7917551	7918244	2
41173	41174	1
11431121	11452728	1
747561	747562	1
7565735	7565736	1
1861115	1861116	1
8323062	8347177	1
604345	604348	1
6108888	6067368	1
5188687	5188679	1
3126986	3126989	1
11312733	11342407	1
4579523	4579527	1
9089868	9089867	1
7446450	7446449	1
11568323	11418322	1
6355827	6355711	1
1592714	1591203	1
681788	681786	1
867294	768284	1
1570479	1570482	1
11360567	11360568	3
11551562	11551643	1
10787750	10787747	2
10646772	10740352	1
7170583	7170012	1
10299637	10299668	1
8821385	8821420	1
3298273	3298285	1
8894578	8881629	1
11063440	10993511	1
7259564	7264131	1
1679500	1677859	1
12521599	12286462	1
4052130	4115114	1
669571	669541	1
11708785	11708918	1
4748947	4748950	3
10669494	10669493	2
4332221	4332222	1
12497549	12497499	3
7336647	7337196	1
11013136	11040653	1
4191479	4191441	1
4125787	4125813	1
4332223	4332224	1
6730882	6713567	1
421872	350775	1
7911492	7911423	2
8105295	6126387	1
10456321	10452410	1
3733075	3733121	1
10567146	10562532	1
7422412	7422451	1
10652606	10652605	1
8427024	8427021	1
7919116	7918464	1
9776189	9776190	1
9121469	9121470	1
12200873	12198937	1
10130743	10133148	1
640960	640963	1
1534605	1615100	2
2688781	2644101	1
1063282	1063281	1
6850513	6850528	1
2699186	2687283	1
12012337	12012409	1
4324603	4324604	2
12742234	12742221	1
9940595	9940610	1
9656477	9656478	2
7557225	7557226	1
11276217	11278407	1
4228893	4228894	1
976040	976039	3
25981	25982	1
1777353	1781711	1
1087509	1087523	1
2773345	2773346	1
7791462	7791556	1
12774664	12774663	1
1781612	1787210	1
11036704	10943981	1
2147697	2147609	1
1315562	1315601	1
6981300	6978694	1
3376745	3376746	1
1179681	1179682	1
4305715	4305718	2
3460453	3460464	1
920183	919961	1
7513447	7516959	1
6661014	6661011	1
11109819	11107017	1
3102911	3103136	1
10977045	10977906	1
9263959	9298292	3
983219	973610	1
9278794	9280934	1
10413736	10413733	1
11217771	11218300	1
7712278	7712275	1
8983063	8983234	1
8695125	8695126	1
12134745	12134726	1
5656533	5656534	1
10463483	10463484	1
1135635	1176111	1
4739257	4745865	1
6085797	6085763	1
6426114	6426884	2
1361024	1361006	1
1071732	1071367	1
2274572	2274571	1
541288	451224	1
2002809	1989192	4
8343065	8343068	5
11293221	11293238	1
7893288	7893287	1
12178282	12351230	1
7449222	7449221	2
11582216	11582210	1
7992918	7935145	1
8838897	8877532	1
3132470	3151705	2
1318413	1318414	1
10027791	10027794	2
6420502	6420509	1
4446593	4538896	1
348928	420437	1
6273757	6273745	5
7667176	8066039	2
10885043	10885044	1
9428643	9428644	1
6990766	6998947	1
7806301	7788934	1
766070	766067	1
7389442	7389441	1
11426689	11426780	3
201567	214686	1
1210864	1214533	1
7892958	11974389	1
2766829	2766830	2
6015395	6013354	1
2785176	2785157	3
1100	1099	2
535725	535726	2
4783028	4782714	1
1460251	1460220	2
549845	549713	1
4476021	4476174	1
3121603	3211424	1
6013250	6100241	1
6464077	6464089	2
9527662	9527661	1
3365793	2816651	1
6283491	6285194	2
4264256	4264170	1
7123541	7123542	1
9326090	9326088	2
2520596	2520595	2
544825	9903861	1
4078945	4078950	1
8797961	8797962	1
251578	330309	1
8802294	8802293	1
5114010	5113695	1
9292332	9292331	1
7119054	7119053	1
6441975	6441930	2
10718626	2409215	1
11533659	4210266	1
9117937	9113690	1
2372977	2372978	1
9659812	9767094	5
4316480	4316475	1
1407177	1361025	1
8347996	8347745	1
4036453	4036429	1
5887301	5887302	3
8808462	8806870	1
41522	41521	1
3628632	3628629	2
5970152	6002923	1
12689050	12689073	1
418744	418586	1
4373338	4373275	1
1796784	6663228	1
8205388	8205411	1
2887474	2887336	1
919803	907619	1
7273806	7273642	1
5490933	5352753	1
907620	907619	1
12498704	9615601	1
8388462	8388461	1
5203198	5204240	2
2672518	2672517	2
7234371	7332448	1
8542621	8542624	1
10865759	10844890	1
10523502	10523583	2
7338564	7341235	1
10830268	10830265	1
2672516	2671843	1
2519378	2519377	2
11385589	11385590	1
6826385	2921444	1
2183997	2183968	1
10241036	10239049	1
5644727	5644670	1
10968833	10968781	1
4903210	4903209	1
12238952	12239049	1
11517183	11555386	1
361117	361157	1
1654304	1654307	1
6989851	6989846	1
11594026	5914489	1
1748859	1748922	1
10631303	10670650	1
6590991	6590994	1
11963158	11963318	1
11742837	11742918	1
3123292	3123291	1
4054725	4054741	1
9009989	9026652	1
1894256	1907304	1
6900303	6900295	1
4134997	4134928	1
11259670	11259596	1
6697360	6697404	1
11061387	11061388	1
12397086	12397085	1
8389992	6574179	1
539120	539088	1
766070	766069	2
9136281	9135451	1
9829671	9829672	1
9283720	9260267	1
1022738	1022756	1
11008756	10888643	1
10543551	10543475	1
5596946	5596325	2
6562177	6562178	1
982429	982430	1
4791894	4783323	1
7849986	7849983	1
5585409	5585374	1
3498399	3413672	1
3121601	3121602	1
12152518	12208728	2
1476323	1476324	3
9082776	8975151	1
3794513	3794514	2
11331245	11326663	1
3108952	3108963	1
5600047	5650335	1
1560217	1560218	1
4374696	4374695	1
8950974	8950908	1
10976518	10977044	1
4139270	4139269	2
9285392	9285391	1
11490042	11490041	1
8722053	8722002	2
10429446	1639905	1
867639	867657	1
6854538	6854537	2
4184490	4155650	1
1734316	1743739	1
531641	530698	2
2136468	2136348	1
5259034	5259033	1
7472500	7446446	1
3046151	6010048	1
2662452	2662356	1
2438908	2432109	2
2420642	2420641	1
5579639	5513789	2
10185481	10185506	3
4901596	4901593	1
10673465	10673466	1
11794472	11732586	2
10866341	10869320	2
5287804	5289554	1
790637	699081	1
5892827	5892828	1
4469104	4469103	1
7897903	7897767	1
8543049	8543052	1
7442348	7442561	1
12486714	12486711	1
7825672	7825671	1
5956679	5956705	1
789835	789836	1
6486845	6486117	1
1614377	1613194	1
5624257	5624258	2
7449950	7449223	2
2229971	2230038	1
10887801	10887802	1
889264	843391	1
3218399	3218427	1
1448210	1443767	1
8600547	5526409	1
3036627	3036628	1
2673734	2673701	1
7168009	7168012	1
9250831	9250832	1
11316281	11236735	1
10686902	10734938	1
12245550	12245549	1
8320456	8320155	1
11849673	11543	1
6650125	6752384	2
10490981	10369576	1
1777605	1786829	1
815994	815792	1
5160696	5178122	1
10517006	10517005	1
1498312	1498311	1
6712337	6725919	1
1143814	1246791	1
418200	418199	1
5484587	5484588	1
4647189	4647190	2
2784071	2852814	1
6182454	6054639	1
7449354	7450503	1
1575679	1574087	1
8828035	8776354	1
1027724	1027721	1
6018714	6018711	1
7919728	8009314	1
10368379	10346158	1
8972946	8972945	2
3450595	3450587	1
645430	645742	1
9491048	9491047	1
7187416	7187620	1
8150611	8081604	1
10443372	10443371	1
10937242	10937241	1
6331626	6325628	1
10222493	10222494	2
568607	568608	2
691640	691639	1
4155340	4192013	1
11320239	11320240	1
5459445	5459330	1
9877115	9877116	2
3548284	3572346	1
6302877	6302878	1
8305248	8305251	1
7422665	7422666	2
1482527	1482528	1
1198178	1197818	1
2023495	2023496	1
1195651	1195669	2
3905538	3863158	1
9675889	9675996	3
6010450	6010449	1
11793511	11662332	1
1999136	9723672	1
11560151	11557088	1
2109681	2102763	1
10631262	10631190	2
6441887	12650858	1
7446385	7446418	1
1615236	1595944	2
11167729	11062736	1
2795440	2795427	1
11385591	11371796	1
5875745	5875736	1
9025636	3323751	1
3893269	3893270	1
1706913	1666700	1
430048	430047	1
6152242	6152241	2
10106006	10213137	1
146095	121264	1
1027726	1027725	1
12501807	12501488	1
2462233	2462213	1
7963218	7962051	1
2149748	2149740	3
6221284	6240656	1
9575907	9575877	1
3794511	3794512	3
11538073	11538136	1
1974991	1918411	1
4014726	4014697	1
10911085	10911086	1
11838718	11838717	1
10244372	10232374	1
8350433	8350436	1
3793782	3796497	1
4066535	4066536	2
4812495	4813352	1
1498314	1498313	1
5447601	5451447	1
1571016	1571090	1
41991	41992	1
3162103	3156785	1
8088710	7730807	1
9108925	9108926	1
1982292	1847654	1
4702500	4702386	2
11049945	11049946	1
8768808	8768813	1
6465568	6545306	1
5303250	5382204	1
1567482	1567481	2
11168226	11168225	1
2112653	2112683	1
11833470	11833469	2
10142421	10142422	2
7253533	7253574	2
6429594	6429576	1
8534088	8536447	1
629205	629128	1
9437166	9338303	1
10545132	10461321	1
8766944	8896892	1
12399199	12399200	1
1088413	1088396	1
7014018	7014015	1
3261516	3261515	2
919803	907621	1
467410	573549	1
7389754	7389753	1
3628965	3689642	1
8847719	8921072	1
12472183	12471878	1
11481784	11482179	1
1066558	1044794	1
6365339	6363538	1
4034457	4066534	2
9908625	9829670	1
3549585	3631315	1
11227893	11227894	1
2615091	2612586	2
7336899	7336900	1
4374694	4374697	1
2427631	2450411	1
10646614	10646613	1
3625230	3625200	1
10397395	10397398	1
1055728	1051859	1
9689	11849823	2
12617238	12617235	1
12799801	919369	1
7650772	7650771	1
12813480	12813479	1
9618726	9667585	1
1926582	2073048	1
1102	1101	2
703157	836748	1
8256359	8416646	1
9858773	9950076	1
1571093	1255446	1
5174528	5182898	1
7725887	7725888	1
12679588	12679629	1
6867540	6867539	1
214299	273202	1
5302575	5322080	1
3515039	3515040	1
8969866	8970324	1
7983657	7985336	1
210764	205975	1
2747456	2748896	1
10694334	10689327	1
4184819	4158691	1
6080546	6064220	1
5523080	5525203	1
7270070	7270069	1
2522255	2522256	1
1710775	1707261	1
12786746	12717223	5
69474	69473	1
5253233	5253234	1
5984042	5983648	1
6523571	6523572	1
310626	310332	1
8494633	8494774	3
8159688	8159687	1
2311229	2311230	1
11047565	11204663	1
3879191	3879142	1
2652507	2652508	1
5477809	5477810	1
11586347	11586348	4
7192389	7192383	2
11249529	11249530	1
7968410	7968830	1
7413833	7413834	1
767075	701389	1
4042029	4042030	1
97666	97684	1
10618581	10618681	1
7144802	7135158	1
8431738	8434262	2
977021	982428	1
9497556	9498020	1
968557	968242	1
649638	649637	1
11671248	11671247	2
4525658	4525042	1
6379625	6379662	1
7646406	7646405	2
11777680	11785356	1
9021787	9102089	1
10329967	10329968	1
12447010	12439104	1
2438910	2438909	1
9631201	9631228	1
5902097	5761680	1
7911494	7911493	1
7750660	7853913	1
2207877	2263726	1
11356339	11356476	1
2511595	2511796	1
6831215	6834707	1
5448733	5535600	1
9973478	9974224	1
337257	337303	1
7840491	7894104	1
1788477	1786826	1
10463136	10463139	1
12245829	12245706	2
11872301	11877817	1
2881453	2881474	1
9784085	9784086	1
9565074	9426293	1
2840745	2840611	1
686524	685328	1
6126374	6126373	1
3497078	3497077	1
6260584	6260583	1
6182942	6182939	1
4030448	4030483	1
10957057	10837725	1
8320647	8320648	1
5557373	5557374	1
7457570	7457569	1
2117348	2157967	1
4461490	4419294	1
404348	323307	1
861723	861867	1
1971938	2118658	1
650252	650247	1
6173021	6173022	1
3746435	3746438	1
2192836	2283407	1
541203	451384	1
2230887	2046848	1
4710017	4710018	1
12029189	12029190	1
4039686	4033213	1
7573137	7573138	1
7857220	7857192	1
7159312	7159311	2
929916	929905	1
4203292	4203382	1
9523489	9491049	1
3746432	3746470	3
487569	487570	2
10602981	10602982	1
1725409	1725410	1
1100498	1202466	1
5918817	5918404	1
10463331	10555237	1
11171256	11159151	1
3896746	4010426	1
7436602	7435753	1
2520370	2532886	2
12774662	12774665	1
12248013	12248009	1
2339216	2338731	4
2056851	2056404	1
7229258	2817291	2
4799988	4746672	1
3097171	3097191	1
10830147	10820566	1
4006122	4007754	5
4134995	4134996	2
8536296	8536311	1
5699541	5633006	1
11761946	11761977	1
10552677	10552772	1
8370738	8370737	1
3962840	3996437	1
10795117	10795125	1
5723200	5721283	1
4269394	4268299	1
6924974	6887261	1
6928580	6928605	1
3635992	3635991	1
4603223	4608532	1
4004330	4102295	1
9670197	9545192	1
12289900	12289899	2
3019632	3019631	1
10922886	10922885	1
9600574	9638497	1
5616066	5616065	1
11654538	11655239	1
2855452	2810057	1
11390303	11390295	1
5887766	5887765	2
4106422	4106421	1
4421242	4179055	1
7775700	7775697	1
11367190	11367189	2
4987047	4987048	1
7092042	7084150	1
7264825	7264828	1
3475443	3483358	1
8382328	8380980	1
798896	798895	2
1861117	1861118	1
1755145	1754932	1
5501497	5564236	2
3538863	3538864	1
6263904	6263796	1
8628714	8628673	2
5986218	5986221	1
5765835	5765836	1
9254134	9248195	1
4392277	4392246	1
7628676	7628675	1
4223728	4320765	2
12319289	12319290	1
11351999	11410850	1
5637165	8890841	1
2881307	2881308	2
6285310	6285309	1
7937959	7937960	1
2225012	2225009	1
5464721	5536736	2
7354687	7354688	1
2349228	2349227	1
9790700	9787808	1
11752625	11778485	1
7417261	7374759	2
5231320	5231197	1
7660035	7582317	1
10133074	10155953	1
4006124	4006123	2
10970173	10978212	1
5446396	5443400	1
481107	481624	1
9184323	9184093	1
5641432	5641442	1
7641695	7627833	2
8714654	8882782	1
5341848	5341845	1
3913446	3814317	1
2214115	2214118	1
5132968	5132984	2
11725781	11725768	2
2247129	2247130	1
11197441	11197442	1
5225059	5225060	2
130354	130360	1
10378789	10378766	1
11255006	11339614	1
53957	53958	1
10672209	10686431	1
8421759	8381719	1
4122313	4122314	1
2269991	2270052	1
10107986	10107761	1
2169022	2169021	1
12728938	12728923	1
10819983	10819903	1
11031757	11031738	1
10847490	10804287	2
151658	19095	3
633432	633414	1
10561972	10539527	1
5717604	5717636	1
4399702	4397426	1
12187129	12187130	1
3980583	3980599	1
4316478	4316475	2
2250964	2251515	1
39737	39740	1
2423071	2423072	1
8341747	8344747	1
8161059	8161077	1
10089815	10052145	1
2936185	2930164	1
2397461	2397462	1
7993200	8001969	1
6273744	6273743	4
4598603	4598604	1
9535951	9535952	1
4365208	3450752	1
10813926	10859167	1
5982052	5982119	1
9333566	9560722	1
2150544	2150543	1
7262941	7262875	1
33935	33916	1
11767155	2858845	1
9491027	9491038	1
1538666	1538634	1
196885	192738	1
6484137	6509531	1
5714136	5714145	1
3019171	3084935	1
9671396	9671395	3
4130145	4130140	1
1645834	1645831	1
4798253	4798187	1
6182938	6182937	1
5570531	5570532	1
7487522	7484850	1
8846087	8846118	1
10147771	10132677	1
5975617	5975660	1
7279588	7279587	1
12761853	12761854	4
8474405	8470951	1
10561640	10561602	1
9642103	9642104	1
8605208	8605207	1
7073264	7082605	1
1930369	2163964	2
10151149	10151150	2
10443638	10443164	1
5486297	5486298	1
6107382	6107412	1
2178343	2178344	1
6399912	6399911	1
3037688	3038966	1
8088560	8088934	1
11728787	11728801	1
7101399	7101400	1
7917599	7917595	1
5990484	5990483	1
9747351	9747352	2
8801180	8684412	2
10847522	10847697	1
7959379	7959380	1
8562045	4838511	1
9171951	8019054	1
5837655	5837678	1
7644606	7644605	1
5719107	5719071	2
10608758	2659262	1
4987049	4870352	1
3600938	3573872	1
4401571	4401572	2
4505177	4531085	1
3821129	3876751	1
9940312	9940311	2
461970	489452	2
6104627	6102590	1
11193451	11193474	1
98451	98571	1
9914821	9914827	1
5191408	5191439	1
9144888	9144883	2
12429844	12433367	2
7843720	6050144	1
4062126	4062125	2
81156	8631807	1
3195835	3195540	1
3614386	3614227	1
4221667	4303903	1
6147479	6099096	1
7059730	7174176	1
533243	339091	1
12185872	12185871	2
6397428	6401668	1
11748183	11748260	1
8879015	8878972	1
1159658	1159530	1
9992223	9992215	1
11456249	11456133	1
3682812	3682809	2
3721507	3602504	1
10980367	10979719	1
4316480	4316479	2
3574008	10330245	1
7092414	7010889	1
7620754	7717208	1
11735159	11735160	1
10811195	10811196	1
606299	606300	1
10245309	10237802	1
2415225	2495034	1
253104	129368	3
6243038	6243068	1
3511752	3559556	2
9565818	9565877	1
9107840	9167111	2
9126205	9144883	2
2006323	2006324	1
1896455	1896347	1
12152601	12152602	3
7529828	7566624	1
3636957	3636958	4
9285394	9285393	2
8993897	8993920	1
6431700	6431697	1
8356384	8318033	1
11257777	11322830	1
12492779	12492640	1
10145491	10145492	2
5194986	5195038	1
6010908	6010905	1
1996875	1996876	1
4810127	4803549	1
12491075	12427201	1
2237241	2231153	1
5470540	5470109	1
8542625	8542626	1
6498814	6498813	1
10103388	10103367	1
5657409	5657393	1
10007626	6761308	1
9523489	9491047	1
6201612	6210864	4
10703864	10703863	1
10407081	10407279	1
3025201	3025204	1
8248127	8251452	1
5446677	5446393	1
2086442	2086441	1
7079821	7079822	1
9343785	9343608	3
3754379	3754382	1
591474	715783	1
10809477	10809478	1
10513626	10513333	1
6574374	6574369	1
2559151	2559154	1
9610549	9582997	2
8622896	8633352	3
7593768	7593984	1
11168228	11168227	1
10128651	10128652	1
7666691	7495039	1
6907826	6919192	2
1063265	1063266	1
12357586	12357530	1
5188762	5188761	1
11249531	11249532	1
5848850	5848849	1
6050145	6050148	1
11589297	11589208	1
10348423	10346418	1
991122	991121	1
6529630	6514264	1
590627	647536	3
2766829	2688377	1
6624793	6634499	1
3734371	3650158	1
6679592	6679602	1
6056506	6055245	1
2692877	2692878	1
4010040	4010063	1
10844976	10867946	1
3993810	4031476	1
1612354	1631184	1
487571	487218	2
2056305	2186915	1
4758758	4758757	1
6701881	6699334	1
3746434	3746433	5
5644378	5644380	1
12152603	12042000	2
11115531	11115532	1
10723430	10723441	1
12657622	12657619	1
5690957	5690913	1
10145499	10145500	1
11363374	11363373	1
8425872	8426016	1
10031591	10031592	2
6136811	6136812	2
7079823	7079907	1
3581098	3581196	1
7025474	7025519	2
7305658	7370744	1
11763122	11763104	1
4264258	4264257	1
12617323	12617404	1
11276811	11276277	1
2168693	2168712	1
1668300	1668322	1
5748934	5748933	2
7936935	7936926	1
9021716	9021719	1
2013926	2179249	1
4161380	4240144	1
8457407	8457394	2
4984794	4994572	2
2811554	2813285	1
2397463	2397734	1
1653177	1650651	2
2177916	2177915	1
2560729	2560730	1
10177627	10177628	1
7092019	7092020	3
2048646	2196202	1
12670869	12670741	1
9747353	9747347	2
10296089	10290655	1
6023382	6043843	1
12460659	12457051	1
5671339	5671340	1
11213767	11213771	1
1423783	1426514	1
8364318	8364283	1
4433472	4241174	1
4989056	4989055	1
346465	291609	1
12156383	12156384	1
7126343	7126339	1
11700373	11700374	1
12761855	12785105	3
7448621	7448651	1
11525636	11440197	1
3298299	3298284	2
7959157	7959158	1
4043934	4043933	1
1664024	1628279	1
5210385	5275338	1
2500292	2435874	1
8510940	8510939	2
5966374	5789251	1
10625740	10627175	4
7959400	7959378	1
275199	275202	1
9978704	10094792	2
11241980	11241979	1
3204378	3204381	1
9538251	9538252	2
6667059	6665770	1
3639307	5695689	1
10228589	10204047	1
10434696	11614356	3
5060318	5192636	1
1449443	1452083	1
6323654	6323653	1
5905497	5905507	2
10892957	10892958	1
8693858	8696125	1
4647191	4647192	1
6577457	6577458	1
3893718	3893717	2
2247127	2247128	2
11382476	11382403	1
7457515	7457571	1
11400257	11400255	1
7462956	7463577	1
1565606	1565605	1
4323402	4323420	1
12421831	12422321	1
6426116	6426115	2
2221810	2221813	1
10300392	10299671	1
4804347	4804348	2
5447235	5447200	1
10526642	10696153	1
5768986	5855545	1
930579	930574	1
2169205	2169208	1
8214641	8214642	2
7407059	7413667	1
11600715	11617960	1
5440059	5440131	1
227844	288917	1
9854101	9854102	1
350130	350129	1
5072486	5072479	2
6519878	6520177	1
9533288	9533287	2
5731933	5731950	1
9262080	9315499	1
2537056	2335206	2
5854538	5854535	1
3654805	3684238	1
7140390	7140208	2
540434	540423	1
4054377	4053887	2
1508484	1636307	1
4240851	4241594	1
9527450	9686397	1
12187259	12187260	1
10624057	10624131	3
12814490	12656157	1
11752625	11752626	4
8126381	8094769	3
4715153	4715130	1
1720637	1720732	1
9836358	9838065	1
9535953	9542387	2
9751551	9751564	1
12015607	12015585	1
9136550	9136549	1
11752627	11778485	3
3676884	3677165	1
2006317	2006318	1
11763124	11763123	1
2056758	2066896	1
127029	106605	1
1407082	1406151	1
9108120	9108053	1
642237	641238	1
2033506	2034176	1
611331	717788	1
2892095	2892106	1
9571145	9571080	1
12497541	12497544	2
12729736	12757786	1
8225378	8225376	2
1989193	1989194	3
9325626	9325621	1
10738807	10739951	1
10887803	10887804	1
8543047	8543048	1
5278017	5278018	1
11245127	11245720	1
3900688	3861361	3
7942613	7942614	1
9878569	9878570	2
8738794	8814711	1
1408924	1408919	1
9483992	9396943	2
10690184	10698482	1
2945259	2983750	1
3204380	3204379	1
5448163	5394892	1
1594253	1624574	1
3782035	10397351	1
12319287	12319288	1
5564062	5564059	1
2706481	2704895	1
7749304	7749411	1
10081686	10160069	1
11865306	11865330	1
11752623	11752624	5
10036711	9814768	1
5887303	5897590	3
3137005	3137006	2
7457515	7457567	1
3566325	3566326	3
11545815	11545816	1
7947762	7933349	1
5905498	5905529	1
7347733	7347422	1
7541238	7541233	2
1509211	1509231	1
8303725	8303726	1
9195051	9195052	1
10907209	10907197	1
7995125	7804577	1
2792924	2792906	1
11431404	11431403	2
5051624	5014966	1
1324842	1324783	3
265670	265669	1
1617337	1617338	1
4123396	4123372	1
8680770	8676212	1
1386750	1383840	1
8762011	8762012	1
10125193	10125194	2
6214411	6212042	1
4176674	4176673	1
9618830	9568153	1
10887801	10887804	1
1579753	1579754	1
12667737	12667738	1
1634205	1640714	1
3941603	3955469	1
1826075	1826076	1
7047692	7191026	4
7937780	7844834	2
10500550	10337020	1
12397086	12397081	1
2800036	2800244	4
4919937	4919495	1
3673066	2736159	1
8683958	8684948	1
10997040	10997037	1
9425602	9425601	1
7114940	7114144	2
3874143	3874144	1
7158164	7065790	1
11878534	11878556	1
10621113	10705336	1
1732197	1732200	1
3711495	3723338	1
7160397	7160390	1
9345452	9345451	1
5579753	5579754	1
6680757	6680773	1
4122842	4122841	1
80658	80644	1
6537653	6536599	1
6515088	6503114	1
2881309	2947588	1
11801482	11689673	1
664621	664622	1
4673691	4673835	2
9549720	9394463	1
9246396	9246393	1
5072486	5072481	2
10804804	10802278	1
11861378	11861316	1
8068047	8067984	2
1638449	1638434	1
11297110	11297107	1
10299567	10261144	2
12042338	12042386	1
6695398	6777262	1
4004007	4004066	1
7177740	7178262	1
9368234	9333742	1
11629376	11629198	1
4867664	4867661	1
956802	956829	1
5460748	5460747	1
11499364	11499363	1
5513788	5579640	1
5747086	5747085	1
11344108	11344111	1
8784110	8784123	1
1895459	1895462	1
2148882	2148881	3
2054020	2196741	2
6344251	6344230	1
6794015	6793952	1
1251224	1247886	1
6168930	6169111	1
1347013	1362584	1
12124713	12124686	1
369600	329766	2
11711361	11708574	1
11623196	3694680	1
5369748	5355357	1
2552893	2552894	1
9023485	9022731	1
8350435	8350436	1
3013185	3013009	1
10560979	10560977	1
9574764	9574763	3
7330169	7330170	3
2427235	2507475	2
10940575	10940581	1
4163823	4220675	1
9145638	9145635	1
39132	425926	1
25983	25984	1
8417322	8409907	1
3890981	3890982	1
1205248	1205244	1
6368956	6300727	1
9638498	9638497	1
5193437	5085471	1
2893902	2893901	1
5963026	5963025	1
1677858	1677857	1
10551368	10551365	1
3109594	3109115	1
8308903	8313248	2
2749227	2732027	3
1348618	1385519	1
7091979	7091980	1
4680508	4680656	1
9836041	9836042	1
7127047	2804397	1
7967296	7967597	1
420172	420171	5
12048367	12048368	1
9172743	8989732	2
999009	1044004	1
5984802	5984801	1
2305279	2305289	1
726022	726079	1
3997162	3945996	2
11179674	11179673	5
66193	66028	1
2086438	2086441	1
11157838	11150177	1
4947789	4903211	1
7857961	7835268	2
1296370	1296369	1
1575136	1576392	2
649642	649639	1
5368842	5475277	1
3258731	3282095	1
4062124	4025012	1
4151356	4201031	1
4690481	4690445	1
8823705	8825648	2
4271408	4271698	1
10353780	10338878	1
8633834	8633002	1
11827303	11770127	2
651467	651468	1
531639	531640	3
3438488	3457336	1
5592551	5581821	1
8423044	8404239	2
6204726	6110379	1
3968074	3862873	3
3709867	3709846	1
5377326	5372912	1
8649626	8649761	3
7542665	7542668	1
5501495	5501496	1
391439	362331	1
12521720	12172111	2
6342047	6346743	1
2270445	2270446	4
10777802	10776946	1
6681145	6617889	1
9590402	9596957	1
4617234	4617237	1
10718426	2365156	1
3412644	3412474	1
901052	901051	1
3496364	3496059	1
4338810	4495444	1
7859346	7859141	1
11490044	11490043	1
1282824	1282821	2
4225683	4234418	1
3083491	3083492	2
5998375	5998378	1
7291723	7291724	1
10167608	10167593	1
8180293	8170860	1
5523082	5525203	1
9295738	9295842	1
6128375	6127780	1
7542819	7542820	1
5854533	5854534	2
1227714	1227720	1
178724	179184	1
12370379	12494954	1
10545106	10461326	1
3708691	3708692	2
6663840	6663839	3
3610980	3610967	1
5522115	5522059	1
2270443	2270446	1
663064	663063	1
6260586	6260585	1
1083160	1247660	1
3776953	3777075	1
5973830	6076434	1
6207901	6207923	1
11543349	11643175	1
2920523	2920541	1
1785728	1787498	1
10707275	10707276	1
1334574	1334573	5
6166213	5914918	1
11330273	11330276	1
12686549	12552288	1
5723236	5723333	1
3198920	3198919	2
6586415	6586418	1
9902883	9873155	1
11151118	11151117	1
1437537	1437538	1
3717735	3717736	1
8173742	8212084	2
7496625	7589525	1
3209197	3209198	1
4559740	4559787	1
4228895	4390579	1
11917171	11927992	4
8687117	8687046	1
4204616	4204513	1
2976290	2864765	2
6543355	6543356	1
10139111	10139112	1
6687486	6696926	1
11596095	11478642	2
4935828	4935827	1
9545885	9545886	1
5188764	5188763	1
2447943	2426971	1
7944166	7944154	1
11788893	11944266	1
6636251	6637083	2
11679224	11679226	1
1151743	1272132	2
6285638	6285631	1
11020850	11032963	1
8281253	8281181	2
3044077	3007035	1
2017467	2017472	1
9389251	9389252	1
8528053	8528054	1
9630032	9630904	1
12397084	12397081	2
1563683	1563686	1
12124716	11990999	6
9159177	9159178	1
1777603	1777604	1
10859772	10859771	1
6908427	6908424	1
3122173	3122174	2
5814088	5812682	1
11602503	11602481	1
3778623	3778980	1
9745078	9745077	1
7557113	7555411	1
8176587	8162611	1
12564380	12599333	1
7623622	7621689	1
11596093	11596094	1
3277045	3277046	1
9862790	9862787	1
1483691	1483692	1
7914479	7946302	1
9461840	9461839	1
6515007	6381723	1
7127643	7119055	1
3280427	3280586	1
5261922	5263868	3
2909881	2909884	1
7751901	7751888	1
6816521	584102	1
9087509	8964412	1
10074040	9896735	1
6484135	6484136	1
6619948	6619988	2
2931333	2931334	1
4637517	4637659	1
1996877	1996878	1
8218183	8248370	1
7959381	7959450	1
5451712	5451671	1
1367621	1367622	1
6740120	6739758	1
11293261	11291428	1
8533607	8533608	1
1105274	1105080	1
1532057	1532102	1
10650407	10650423	1
4159042	4282759	1
10631266	10631190	1
5675733	5673027	1
337162	1021193	1
1317521	1317524	2
525745	528879	1
12374313	12384341	1
4926653	4926654	1
7983189	7983138	1
5955737	5955738	1
11748524	11748529	1
2338065	2338069	1
2133528	10489747	1
2366290	2366313	1
5847090	5841920	1
1527966	1527975	1
8659979	8659980	1
3357769	3367337	1
4461932	4540646	2
9237723	9237741	1
8334132	8334131	1
1040252	1032697	1
292162	260439	1
3725845	3726392	4
1826077	1826078	1
10263474	10263473	1
11746123	11746024	1
11442978	11553480	2
2508640	2508639	1
9554591	9760517	1
10378787	10378788	1
377582	659514	1
3575198	3576360	1
5312775	5312812	1
7261954	7261922	1
5206423	5206424	2
5137008	5137007	2
817457	817488	2
5668723	5666627	1
3128451	3130036	1
7398905	7346927	1
9523524	9547554	1
9842874	9842873	1
5470102	5467255	1
10125195	10000288	1
8202112	8202665	2
12611553	12611576	1
4339111	4340145	2
4224175	4224176	1
2270645	2270646	1
2023497	2023498	1
2339218	2339217	6
502035	390054	1
7310380	7310356	1
382112	382111	1
1714286	1714124	1
7053708	7053705	2
9173927	8001339	2
5157807	5157702	1
5372919	5377879	1
12744457	12675501	1
6175604	6175618	1
3561135	3561138	2
3789533	3795948	1
8039837	8039317	1
5833976	10633718	1
2869878	2874429	2
12575503	12432250	1
508926	508984	1
11908608	11911348	1
108764	201764	1
8555348	8555394	2
378730	378781	1
2881048	2881051	1
666911	667195	2
11317828	11317770	1
9435285	9430866	1
11597119	11656239	1
5867783	5848851	3
1724377	3982672	1
2204587	2397828	1
7214821	7230110	1
11796977	11731623	1
178608	281666	1
2777190	6149933	1
1649845	1649846	1
9473169	9473170	2
6713733	6713734	1
6391396	6391393	1
11455038	11455027	1
11869358	11869675	1
5072480	5072479	2
3204382	3204379	1
1567708	1569445	1
8176078	8176077	1
7291507	7291508	2
3046500	3046523	1
544327	544462	1
6296916	6296563	1
11956326	12237535	1
1422324	1422280	1
5848848	5848847	2
6972991	6973000	1
681085	681094	1
5883571	5883572	6
9570875	9660036	1
11023044	11203636	1
10055921	10056027	1
3303367	3303368	1
4114874	4114908	1
2559155	2482608	1
5263869	5263870	3
1634203	1634204	1
509645	555238	1
5736912	5736911	1
5193439	5085471	1
5690831	5690778	1
8066397	8078567	1
5155013	5155014	1
4825602	4825598	2
5692357	5692358	1
6868043	6868698	1
4574031	4574034	1
5480761	5473403	1
3725791	3725844	4
2532006	2414196	1
5815184	5787490	1
9460980	9364957	1
11444976	11444975	1
3892268	4006576	1
3014864	2931322	1
4031599	4029506	1
9515504	9515494	1
5607595	5607598	1
4812785	4812845	1
664619	664622	1
4220836	4220812	1
5017730	5017704	1
3240784	7429540	1
9270278	9270254	1
7616282	7616222	1
8415591	8415592	1
8130230	8130229	1
10228365	10228366	1
8451547	8451548	1
6181157	6199988	1
4647949	4478647	2
9336630	9348007	1
274992	274964	1
269840	268771	1
4334833	4379122	2
262144	183863	1
7291721	7291722	4
3641969	3641972	1
1478821	1478822	1
4285189	4285197	1
1584979	1730279	1
837717	837718	1
7849982	7849981	1
4736528	10198147	1
11716883	11715020	1
5762097	5762098	1
9236482	9236481	1
7323838	7251146	1
1317525	1317445	2
5181761	5181762	1
10546258	10546251	1
8395191	8395178	1
1478929	1478421	1
8765206	8765201	1
2218558	2220134	1
3188712	3206270	2
12752079	12752080	1
11942951	11942922	1
11079141	10987489	1
4231967	4240908	1
5748932	5748929	4
4445520	4266257	1
3962238	3962235	1
3934351	3934260	1
12130792	12130791	3
6259144	6259143	1
12745874	12745908	1
