fend1	fend2	count
9834919	9834938	1
3042132	3042114	1
7927274	7927273	4
956229	956523	2
12054444	12054443	1
7288820	7288808	1
6524702	6524701	1
3882951	3878923	1
12198825	12198826	1
7366882	7366872	1
6943121	6943108	1
2874470	2878466	1
7899240	7899200	2
8232527	8232544	1
3646265	3646073	1
7461898	7462412	1
3999708	3999705	1
9761832	9761676	2
5296583	5314979	2
10408475	10410629	1
4844958	4844957	1
9790258	9790257	1
3940410	3940394	1
3756942	11865899	1
11408128	11408123	1
2503361	2503362	1
2622801	2622804	1
9612584	9657848	1
5206740	5238604	1
5252771	5252772	1
2787522	2789534	2
7180726	7183165	1
4136545	4136546	1
11333124	11333121	1
7347573	7340591	1
3619082	3617993	1
10976822	10976821	2
5089545	5280891	1
7187137	7103857	1
11895591	11895596	1
2463889	2463897	1
2572781	2570540	1
1089410	1089409	1
6265050	6263028	1
339540	345415	1
8703812	8703809	1
439391	439392	1
3391934	3391933	1
3417183	3417184	1
6185827	6185828	1
3400585	3507784	1
12379334	12434109	3
435734	435733	1
5430520	5581413	1
12420504	12420117	1
2183255	2339125	1
2193031	2193032	1
6203833	6204559	1
10813945	10813336	1
250420	187465	2
11158961	11158259	1
6142335	6142336	2
2455460	2455436	1
4684871	4643201	2
12318869	12318814	1
1409613	1409614	1
3150879	3150670	1
11100735	11100711	1
10859048	10775214	1
3660777	3660785	1
3312410	3312436	1
3711322	3711305	1
12356996	12233385	2
798370	867301	1
11431404	11431409	1
5706505	5711050	1
2982155	2982156	1
867504	794440	1
3887933	3887936	1
10685977	10685971	1
2987349	3067507	1
12136446	12136441	1
10178786	10178785	1
6641257	6641258	1
2790031	2962465	1
10727377	2534736	2
9350058	9350055	2
5266191	5266194	1
741395	735945	1
3827245	3827227	1
12619286	12619742	2
11233897	11341306	1
1972164	1972051	1
5182068	5004986	1
6992409	6992319	1
8696252	8696251	1
7417149	6153879	1
10542539	10542510	1
12462921	12462810	1
862984	865812	1
9803118	9803349	1
2581746	2581783	1
8032231	8032232	1
7591125	7591236	1
2728158	2728157	2
4328760	4360442	3
83129	83573	1
4577757	4577760	1
4169132	4169140	2
7786482	7785720	1
11371256	11371249	1
690745	690746	1
9263530	9263652	1
1416676	1416675	1
4275880	4275879	1
2151746	2147782	1
5913023	5913024	1
588405	588406	1
11864942	11860786	1
8304043	8302987	1
1448775	1484413	1
5168173	5168174	4
12280205	12280206	1
10252573	850008	1
1479509	1479510	1
9236718	9236569	1
4997990	5116902	2
7806555	7865062	1
7583593	7583570	1
4115154	4115153	1
11765222	8690255	1
12379336	12379335	1
2522073	2522074	1
11421041	11476392	1
3795838	3795835	1
12268912	12277591	1
10722260	7364860	1
3513924	3513936	1
9150379	9150380	3
5817989	5818039	2
11866712	11866711	1
2982157	3058663	1
10156413	10215122	1
2752552	2752605	2
8347667	8347910	1
7861791	7861558	1
3251605	3251606	1
8218288	8218460	1
8424356	8424377	1
8059263	8059264	1
12272618	12283099	1
5316058	5316057	2
2488030	2488027	1
3419180	3413360	1
10431199	10430151	1
7874268	6526495	1
3336996	11905506	1
8603457	8603458	1
3856512	3856511	1
4864580	4864579	1
7104502	7104497	1
2649132	2649131	1
7293178	7293189	1
11895593	11895596	1
837302	836661	1
7361478	7361475	1
8900890	8900877	1
10976824	10976823	1
5867366	5867384	1
575289	731907	1
12268060	12271232	3
4615678	4615677	2
10048845	10049019	1
4617851	4617852	1
6700148	6805368	1
1973572	1842586	1
8781927	8782089	1
2655840	2805296	1
1732567	1732568	1
6211451	6214111	1
8830200	8830199	1
1951798	1968095	1
2655175	2876816	1
1391575	1391576	1
4816310	4816313	1
9365337	7921206	1
7949979	7949980	2
10371563	10427769	1
6705991	6706083	1
719126	608425	1
11309971	7927280	1
12183393	12183394	1
11229814	11230169	1
11257392	11257391	2
7318167	7318154	1
5504346	5504345	1
6581352	6512435	1
8812973	9317244	1
2524881	2524882	1
9892351	9892369	1
11360347	11360762	1
4881174	4881173	3
7192583	7193077	1
10530453	10530525	1
876489	876490	1
7337273	7337245	2
8162993	7486906	1
10727373	10727374	1
1179970	1179984	1
1708164	1708161	1
8612332	8612331	1
11639637	11639579	1
6276583	6276584	1
6118499	6118500	1
7408697	7408700	1
8894847	9001917	1
11756379	11755496	1
4743323	4657094	1
1413420	1413650	1
498543	498544	1
10069763	9992617	1
3557003	3558042	4
11873203	11873206	2
8194320	8194319	1
1674333	1603268	1
8735042	8735041	1
3357787	3357788	3
9984082	9984162	1
8207636	8207606	2
7875668	7875665	1
9240915	10868584	1
8074920	8074577	1
1463727	1463948	1
8188756	8188865	1
6204558	6204555	1
1471509	1471294	1
6054977	6054733	1
703481	561979	1
7104502	7104499	2
8402873	8403691	1
6641048	6641442	1
5400274	3912117	1
478054	520581	1
10334274	10333918	1
9300004	9300003	1
6371873	6371874	1
7974718	7949958	1
10930313	11544691	1
8194322	8194321	1
10127532	10127536	1
9004113	9004141	1
4467525	4467628	1
5651311	5636248	1
11408128	11408125	2
12642893	12642894	1
1181024	1181023	1
2370472	2370469	1
2225432	2206327	1
4132664	4157310	1
4368665	4368666	1
6669434	6552190	1
12565831	12568419	1
576047	575728	1
5574239	5574240	2
11220060	11220047	1
10380046	10380045	1
12353986	12535228	1
11718507	8690495	1
1134552	10991333	1
12431764	12431763	2
3624962	3625416	1
11935807	11934883	2
9141266	11915077	1
3881454	3694428	1
9711601	9713473	1
7971091	7971094	1
10207174	10038324	1
10959426	11118011	1
3752935	3741643	1
5451260	5451259	1
4734758	3084589	1
1031923	1008514	1
1146557	1146558	1
1172539	1171474	1
5239536	5165447	1
7273587	7273603	1
4816314	4816311	1
4120115	4120027	1
5380933	5377219	1
2349767	2349768	1
8071321	8068468	1
6232958	1912846	1
12201018	12188235	5
3688815	3688816	1
7403194	7403193	1
154484	154486	1
7422371	7422364	1
10588707	10588713	1
2854518	2854517	2
3997363	3997364	1
2013948	1937898	1
8402014	8402013	1
853152	853151	3
8019467	4256619	1
10484229	10484230	1
8058236	8059262	1
6544323	6544282	1
1851973	1920893	1
7616287	7615540	1
10492574	10543664	1
1253821	1253822	1
4203485	4203486	1
1536502	1541417	1
4617849	4617850	1
1643315	1644109	1
9626983	9629691	2
2540252	2540256	2
4533503	4531949	1
8414238	8414229	1
10380588	10380587	1
4844960	4844959	1
2344434	2348923	1
6441127	6441154	1
10232325	10184141	2
2840103	2840104	1
1721309	1721240	1
1069644	1300278	5
3907952	4034272	1
11408124	11408123	2
2391039	2391040	1
3142630	3142081	1
8730127	8730128	1
1393890	1393889	1
7487001	7487002	1
323306	323305	1
11572541	11572542	2
3046059	3046060	1
13751	13821	1
9802933	9802934	1
5356226	5356225	1
3494928	3494927	1
11385907	11386189	1
3213122	3213121	3
11064805	11064973	1
30261	29794	1
458528	774240	1
5809206	5809209	1
1051422	1051421	1
10310151	10308528	1
3450022	3450021	1
12774409	12774410	1
3098876	3098875	1
8830212	8830201	1
9416526	9416555	1
4215706	4203484	1
8964295	8964296	3
11719403	11719404	1
5524491	5216541	1
2337212	2337232	1
12239682	12244094	2
2523931	2614474	1
8568949	8568950	2
9242054	9260101	1
6062474	6062476	1
10331378	10331377	1
3272549	8653126	1
3243837	3304799	1
11104364	11104363	2
3484119	3484143	1
5153268	5153385	1
154484	154483	1
12127729	12127732	1
10477175	10477176	1
11184996	11184980	1
9262841	9257258	1
2874471	2878453	2
2026011	2025877	1
11195832	11123658	1
2854947	2854935	1
439351	439390	1
11283456	11313935	1
57609	57617	1
41737	41648	1
7463527	7477103	1
42284	49353	1
2133856	2133861	1
7783249	7783250	1
3808626	3808454	1
3238032	3238031	1
2351972	2351949	1
4544595	4567275	1
564025	564161	1
10617504	10658983	1
6813512	6813509	1
3046058	3046057	2
3072784	3072783	1
2958167	3048471	1
8603666	8521283	1
2799431	2980583	1
6431968	6432090	2
8175847	8179629	1
501274	502964	1
3795838	3795837	1
9142377	9145489	1
9585633	9424377	1
3672934	3672002	1
10671843	10671844	1
12280207	12280208	1
7572539	7570593	1
8252597	8252341	1
10492616	10492658	1
3297362	3297338	1
11504407	11504408	1
11889590	11889589	1
2240650	2239864	1
6864671	7118591	1
7429727	7429709	1
10527146	10619549	1
11721313	11721220	2
10414489	10414478	1
10961623	10961738	1
1331204	1331203	1
544155	546175	1
8303804	8303803	2
11763550	11763543	1
513653	513654	3
4617855	4617856	1
12694206	12694203	1
2990632	2990624	1
1121339	1121757	1
1157755	1266697	1
11185168	11169647	1
2688795	2688751	1
6920443	6920766	1
1081740	1081739	1
10793568	10793565	1
4699601	7945609	2
7832519	3326337	1
10484235	10484236	1
5451634	5450273	1
2882849	2882850	1
173151	175086	1
12207923	12207929	2
5452535	5316059	2
10947581	10949809	1
4256618	4256617	2
12536390	12536389	1
11109494	11109493	1
8794699	8794700	1
8869291	8869264	1
6894244	6892407	1
892666	892690	1
1640151	1640146	1
6908822	6908821	4
8387215	8389039	1
11895591	11895592	2
12468502	12468499	1
6144875	4241052	1
10960001	10958448	1
11605324	11612875	1
4028777	4028778	1
2843247	2713516	1
2854945	2854946	1
1279944	1396901	1
11309969	11309970	1
650172	650171	1
4333402	4336058	1
4948082	4948755	1
7851559	7851560	2
9043956	9072025	1
3095366	3095337	1
2774338	6806817	1
5259549	5426417	1
12127729	12127730	2
8843789	8843774	1
7256152	7256149	1
3545902	3545865	1
5378794	5378934	1
7769152	7769157	1
11724667	11724668	1
7982298	7982295	1
11388615	11388616	1
10447552	10449394	1
3057200	3192524	1
2315491	2315492	2
7722639	7722640	1
435732	435731	1
321043	326901	1
11493568	11493469	1
715105	715106	2
7613234	7613233	1
8062984	8066099	1
3121198	3121201	1
8099932	8099966	1
8100007	8161241	1
657396	657370	1
7882002	7875669	1
371296	371295	1
1306974	1310096	1
12462809	12462810	2
9160494	9165551	1
12323337	12319498	1
11345684	11345751	2
1063927	1065334	1
4620642	4620641	2
1282280	1282199	1
11381	11382	1
12290084	12290083	1
9143714	9143717	1
12503022	12503040	1
7399778	7399777	1
8788128	8787962	1
3998744	3998743	1
2689508	2711642	1
8232525	8232526	1
9561693	9561697	1
8276725	8277132	1
3964734	3964733	1
1396900	1396899	1
1252190	1252687	1
380202	501690	1
9588894	9373301	1
1089408	1089472	1
10178202	10178201	1
2743198	2743197	1
5697410	5697391	1
9239079	9239337	1
4157311	4157312	1
1264285	1463953	2
1915163	1915164	1
1151941	1151887	1
7374034	10738248	2
1565360	1565583	1
12233384	12233383	1
2271176	2270117	1
5430299	5554214	1
8220860	8224634	1
3450020	3450019	1
1148250	1148249	1
4161189	4184341	1
1309250	1309249	1
7832517	7832518	2
11707723	11707291	1
4057249	4057250	1
9432166	9295254	1
4283490	5910248	1
9317243	9317244	2
10902847	10902825	1
5735604	5735576	1
5818038	5818037	2
503476	503475	1
5451258	5451255	1
2391041	2391042	1
3213120	3213119	3
462197	462198	1
8758004	8758003	3
1524781	1524769	1
3992160	3992149	1
2809680	2809686	1
7613230	7613229	1
3304881	3304884	1
3391710	3391672	1
11388613	11388614	1
665919	446411	1
10671840	10671839	2
5189721	5189711	1
4367670	4367653	1
5993575	5993523	1
1089410	1089472	2
1300279	1300280	4
1331204	1331201	1
116704	116341	1
6349948	6349947	1
8543957	8543802	1
12430243	12430244	1
3098479	3098480	2
5766821	5766112	1
1683616	1691651	2
9655188	9654045	1
10904904	10904687	1
4461999	4461897	1
5797107	5797108	1
4844960	4844957	1
4007687	4007688	1
8343362	8344464	1
8066002	8065980	1
1309252	1309251	1
3123795	3123796	1
5188822	5202909	1
9015528	9015527	1
2186969	2187012	1
12135064	12135063	1
7187493	7212314	1
1068524	1068523	1
6584457	6584336	1
2588700	2588690	2
12447934	12447933	2
7771412	7771321	1
7608734	7592539	1
9722647	9722648	1
540308	540307	1
3195661	3195662	2
5985478	5985477	4
2469114	2469095	1
2503357	2503360	1
567956	798155	3
5218242	5218241	1
4592962	4592959	1
815774	815773	3
12774408	12774286	1
10761377	10761214	3
3946722	3946721	3
7791945	7791946	3
10387219	10387220	1
1326783	1326784	1
1537478	1708882	1
6010604	5708994	1
4213720	3430204	1
3388293	3388181	1
10723907	10723908	1
6682559	6682557	1
7375031	7374654	1
3618669	3478402	1
10484231	10484232	1
11567611	11567614	2
7831643	7831636	1
4116009	4116010	1
11413710	11416012	1
2047499	2047500	2
718918	719139	1
5322319	5322322	1
2163820	2164251	1
10408475	10410627	1
153156	153153	1
11524111	11524114	2
11934031	3258907	1
11530394	4130952	1
8030783	2488031	1
11388440	11388437	1
9113905	9113906	1
6572543	6604425	3
1298044	1298043	1
7860677	7936409	1
9184307	9184308	1
12438208	12438233	1
8603668	8603667	1
7708616	7708615	1
11408119	11408120	1
9500095	9428856	1
1331202	1331201	1
3205945	3207960	3
8568951	8568952	1
4283772	4283771	1
12543828	12543827	1
3573877	3574218	1
4506434	4506451	1
667459	667460	1
12183391	12183392	2
3095135	3095136	2
6193500	8130442	1
9814697	9814698	1
856586	856616	1
4301428	4301427	1
4545306	4545303	1
6792514	6793577	1
4853888	4853887	2
10976824	10976821	1
3186885	3024036	1
3728729	3728730	1
6314292	6314291	2
6316257	6316258	2
10852134	10852133	1
11196679	11196758	2
2708777	2708771	1
6059234	6059233	2
12142062	12175042	1
5825485	5825486	1
7406780	7391326	1
3323133	3322399	1
1450150	1450149	1
7265908	7265742	1
8354273	8349623	1
5465444	5588098	1
3161198	3160998	1
7448807	7450769	1
7361478	7361477	1
7920191	7920228	1
9113903	9113906	1
4904699	5015719	1
6057504	6057414	1
154482	154486	1
7727116	11911957	1
1148296	1148251	1
10251785	10251786	1
5275507	5275515	2
1974804	1842476	2
6598624	6598623	1
8220863	8224503	1
12730318	12730317	1
3804852	3804860	1
7638575	7638576	2
8300696	7844631	1
12281203	12281204	1
7663466	7663431	1
7117426	7117411	1
902662	781199	1
10617506	10617505	1
9662390	9662342	1
11530392	4130952	1
4567316	4478779	1
4735953	4735954	1
12356996	12233383	1
1036687	1036688	2
171956	171961	2
7740227	7684370	1
6405072	6404951	1
5452535	5316057	1
1085014	1085013	1
12431762	12431213	1
1974430	6848915	1
11123661	11123662	2
9561691	9561692	1
1468553	1533390	1
10484233	10484234	1
3525899	3525900	1
1596407	1724992	2
798154	798151	3
3312412	3312411	1
1257158	1251434	1
4732005	4715934	2
4183554	4183557	1
4379528	4388185	1
8547497	8405125	2
3966534	3967660	1
7193078	7193077	1
8068545	8071284	1
10492669	10492670	1
3587765	3760040	1
3151124	3151135	1
12517771	12517772	1
3401820	3401819	1
1016450	9854088	1
6424643	6424644	1
154485	155094	1
5105120	5105119	1
1650796	1650795	2
1212512	1212511	2
2536939	2536926	2
3549208	3549207	1
2412151	2412152	1
7301781	7301782	1
10537117	10537118	2
6475594	6475591	2
892648	891264	1
2311385	2311386	2
6537085	6537086	1
10132365	10178631	1
7823550	9908913	2
4743321	4743322	1
3903350	3918928	1
3601391	3601392	1
8671407	8671408	1
8792669	8792670	1
9031458	9031457	1
4592964	4592963	1
892664	892663	2
1321301	1312578	1
8626432	8682371	1
7949981	7990765	1
5982127	5982130	1
1389520	1389276	1
891890	891311	1
1431854	1431833	1
11923532	11926419	1
1690578	1690562	1
8468523	8468202	1
1863964	1862790	1
12583740	12583802	1
3866700	3866699	1
5585023	5585149	1
3903948	3903899	2
6951459	6948970	1
10410628	10410627	2
1212516	1212513	1
3625392	3625388	1
5985476	6070647	2
3872983	3865313	1
3757211	3757212	1
10902723	10903524	1
10157194	10157197	1
179714	316889	1
2992329	2992330	1
5168173	5168176	1
8914001	8914007	1
9841600	9841377	1
7677559	7766710	1
12562254	12562253	3
11808414	11808413	1
12182374	12182373	3
2281299	2006393	1
1664013	1664014	1
10222387	10222390	1
12430247	12430248	1
2412166	2412150	1
3625903	3625904	1
1282198	1282195	1
3150881	3150670	2
12200849	12198824	1
12005581	12005582	2
7403192	7403195	1
10265689	10264363	1
11883045	11890587	1
2169968	2306095	1
8925147	8925148	2
7437058	7437358	1
12275270	12275269	1
8758006	8758005	2
6892093	6892168	2
11572543	11571454	5
12266914	12266913	1
57607	57608	1
6271016	6271015	1
11544213	11544327	1
30420	30417	1
9015530	9015529	1
7215344	7125610	1
6519252	6519054	1
7429739	7429758	1
8445533	8238025	1
11758921	11758976	1
3558441	3558442	2
10811100	10811403	2
8437909	8437910	1
496989	497374	1
3494926	3494925	1
9637336	9637304	1
147149	147150	1
8946701	8946702	1
2766579	2882848	2
10868585	10868586	1
11261858	11261857	1
9284921	8423207	1
3814985	3634702	1
2444273	2444274	1
2760186	2790680	2
2418236	2418176	1
1237446	1237435	1
6941443	6941461	1
3794384	3794383	1
4404762	4404742	1
7401828	7402322	1
1463952	1463949	1
11529689	11597208	1
10492667	10492668	1
4614736	4614735	4
11229276	8758005	1
2281299	2006395	1
4009525	4009526	1
4368675	4368664	1
3899180	3899203	1
10246144	5951141	1
1725916	1725920	3
12182372	12182394	2
7971095	7971096	2
7985157	2585709	1
8268072	8268084	1
1666252	4400981	1
5635028	5737542	1
11747690	11748919	1
7509	7510	1
4000099	6188255	1
2412139	2255056	2
5939003	5957627	1
171960	171959	1
2606133	2603909	1
8100143	8100144	2
8275104	8275103	1
12148986	12379067	1
10594657	7462413	1
10477177	10474549	1
5565961	5565946	1
12601440	12602827	1
357703	357625	1
2133002	2146166	1
9183715	9183716	1
531253	531254	1
8093228	8093227	1
10902721	10902722	1
2879961	2840102	1
7873726	7873927	1
5560249	5560471	1
102811	161728	1
5265252	5265251	1
7971091	7971092	1
3509721	3509722	1
11836182	11836181	1
9681357	9685627	1
12521965	12521504	1
1593843	1593833	1
3609982	2393344	1
2094255	2112029	1
12761776	12761775	1
6052610	6052609	3
11433143	11433144	1
4766676	4764407	1
3478563	3478564	1
7446240	7475803	1
12188257	12188258	1
5636249	5636250	1
7791943	7791944	4
347034	347005	1
2790029	2790030	1
7513428	7513427	1
1389277	1389278	1
892662	892661	2
12124339	12124340	1
8392481	8393562	1
11732054	11772261	1
371298	371297	1
3632735	3632753	1
3195659	3195660	2
11895589	11895590	3
12206886	12206885	1
3149287	3149288	2
9985300	9985299	1
836575	12756340	1
12311314	12534557	1
11138783	11136636	1
7349176	7349175	3
2848725	2850594	2
11913354	7752829	1
1705120	1705035	2
10843971	10843972	1
495520	495498	1
5555464	5555369	1
5453140	5557792	1
836158	836468	1
2676644	2654547	1
3787481	3787482	1
10440841	10452236	1
8066009	8065992	1
2939124	2939162	2
11681834	11686600	1
2166789	2167025	1
11572541	11571454	1
6618974	6618976	1
6162860	6162855	1
10727375	10727376	1
6032475	5954864	1
8970902	8970283	1
9711597	9711598	1
6052608	6052447	1
4382213	4382192	1
2503363	2512079	2
2752553	2752776	1
5249092	5241400	1
11777969	8747140	1
12120158	12127728	4
10036647	10031161	1
7399782	7399779	1
7788657	7697486	1
10852248	10773611	1
11879146	11880022	1
8513891	8515473	1
10178200	10178203	1
11493468	11493465	1
5801145	5801146	1
5168175	5168176	3
8758006	11229277	1
8498837	8499440	1
5553809	5553924	1
2241358	2241357	1
3550925	3547852	1
5283323	5282878	1
3526919	3526920	1
9794386	9794491	1
1321559	1297067	1
1278318	1278317	1
9300002	9300001	2
4047581	4047582	1
7460110	7460902	2
853150	853149	1
9569182	3669328	1
11241897	11263005	1
3046062	3046405	1
12372664	12372713	1
3195490	3195376	3
856588	856587	1
2006394	2006393	1
8545159	8545160	3
2501244	2613213	1
10190582	10190720	2
11308194	11308193	1
4392927	4392937	1
5192196	1094226	1
2239231	2241390	1
12206888	12206887	1
7226977	7226980	1
3878985	3878986	3
5581521	5598053	1
2815381	2815382	1
1956721	1956722	1
8703426	8703813	1
464231	460933	1
12536388	12536387	1
9114073	9113902	2
4043097	4045852	1
4020149	4020150	2
521525	521526	1
4536925	4606653	1
8467106	8467103	1
1389486	1389485	1
7109104	7382778	1
11302369	11302458	1
6104077	5806391	1
343975	343976	1
1146559	1146562	1
4498819	4498786	2
6740944	6740941	1
5140164	5140163	1
12792850	12792849	1
3732051	3732069	1
3540403	3539458	1
1633007	1633016	1
11816356	11816355	1
4547684	4547683	1
2295868	2254101	3
4557888	4557881	1
9185927	9185824	1
892664	892661	1
2953968	2773924	1
3072782	3072779	1
7324231	7324130	1
10212328	10209462	2
4183198	4183277	1
1321557	1321558	2
11371254	1393116	1
1179985	1179986	1
4545804	4545802	1
3795836	3795835	1
10410626	10410625	3
7920104	9098141	1
9814699	1015543	1
435194	432904	1
11594696	11594326	1
12311314	12534555	1
452934	453016	2
4382187	4382135	1
5123382	3542610	1
3046054	3046063	1
10588138	10602257	1
9644067	9644068	1
2511349	2511350	1
808767	808768	1
6657885	6657819	2
5311247	5311250	1
1393028	1391574	1
6986407	6930331	1
6716971	6716972	1
6625568	6656242	1
10716981	10716982	1
12453033	12451613	2
10457831	10503545	2
1718942	10768407	1
5825483	5825484	1
7722635	7722638	1
2991180	3030444	1
1148296	1148249	1
3260472	3261124	1
12297229	12402475	2
10939995	10999492	1
10747855	10747583	1
273520	273450	1
4598593	4599074	1
6053951	6053974	1
7406110	7403193	1
4620640	4620635	1
8479076	8479075	1
12694206	12694195	1
12462921	12462808	1
10010676	10010671	1
12614755	12615280	1
6601039	6601042	1
11493568	11493465	1
5569791	5515285	1
11388436	11388441	1
1295788	10997559	1
4810982	10976002	1
4057251	4057252	1
8812973	9317242	2
7104498	7104497	1
10902845	10902846	1
9679546	9697534	1
9003113	9003065	1
7544917	7547196	1
8306692	8308571	1
445707	439525	1
9899176	9935947	1
3888936	3888997	1
8806158	8806157	1
6634746	6634791	1
1705034	1705033	2
5132545	5132546	1
4599448	4557889	2
2815377	2815380	2
310095	312212	1
8422081	8422051	1
5644460	5644451	1
7638577	7638578	1
1563022	1785482	1
10727373	10727376	1
332804	332807	1
8019467	4256617	1
9143716	9143715	1
9577606	10379135	1
12054442	12054404	1
3558443	3558444	2
4844663	4844622	1
12629967	12543053	1
2546357	2546341	1
891701	891702	2
3976	3975	1
6537087	6534291	1
9370252	9504022	1
5157309	5332984	1
162519	270706	1
3792005	3795839	3
11118006	11118005	1
7287570	7360284	1
364237	364238	2
985373	1151020	2
891703	891706	2
11672375	11672376	1
4652845	4856112	1
12122944	437683	1
817210	836660	1
364239	364231	2
11327202	11327205	1
12140466	12140618	1
4341125	4341289	1
11530394	11530393	2
6512131	6520701	2
2013950	2013949	1
7101845	7101837	1
1131565	1131319	1
3635154	5118777	1
4611018	4611017	1
10877604	10877603	3
11728676	10176091	1
6916349	6914446	1
11749309	11755642	1
9645428	9645427	1
8438556	8438553	2
9943122	9942851	1
6822226	6822243	1
6814359	6548095	2
11966883	11969716	1
144050	144347	1
3494928	3494925	1
4816312	4816311	1
3236143	3271036	1
3964707	3964735	1
7339814	7339821	1
7702119	7702120	1
12266916	12266913	1
12430245	12430246	1
11984719	11984733	1
12131574	12131337	1
744291	744238	1
3725537	3725538	1
7927272	7927271	3
12798784	12562255	3
6729774	6729864	1
10601617	10601618	1
2925361	2851925	1
1240547	1240548	2
6279891	968519	1
4617853	4617854	1
9100770	9100060	1
12266916	12266915	1
8278607	8467107	1
2922114	2922113	1
10152293	10152294	1
11702220	11702061	1
4828801	4799055	1
8046455	8046505	2
7613232	7613231	1
10429164	10429163	1
6395110	1132950	1
3538812	3538822	1
5999017	5999334	1
8999959	9038520	2
3963175	3963176	1
4292193	2672218	1
1393028	1391576	1
10859526	10859525	2
11504409	11503950	1
4333404	4333403	1
5913021	5913022	1
5133914	5133913	1
3691518	3691497	1
6260953	6261055	4
3150879	3150880	2
4853886	4853883	1
1895520	1895519	2
9662394	9661176	1
2449041	2449042	1
1895522	1895521	2
11639635	11639636	1
4368667	4368668	1
4057249	4057252	1
3640994	9065581	1
8383811	8511643	1
3625903	3625906	1
8498941	8383810	1
11815213	11815328	1
12362484	12362464	1
501272	502964	1
5159198	5159197	1
2815377	2815382	1
1237434	1237433	1
2110653	2110654	1
10366996	10366995	1
8538760	8538763	1
9790260	9790259	1
11866714	11866713	1
6458285	6445231	1
12251087	12251088	1
7926137	7875685	1
7638579	7638589	1
7971093	7971094	1
933602	930659	1
11129128	11129127	1
10859067	426452	1
2241273	2238176	1
5638739	5638816	2
3246448	3246713	2
10704544	10716341	1
3322804	3322546	1
11114480	11015980	1
5378935	5378936	1
2028988	2028991	1
7591125	7591238	1
10049929	10049930	1
8027326	8027873	1
5437164	5437170	1
918396	955134	1
1069644	1300280	1
4283774	4283773	1
5634169	5634170	1
9146271	9168447	1
6693673	6693685	1
11248205	11247879	1
965057	1036686	3
1230628	987437	1
4732003	4732004	2
7722635	7722640	1
1071075	1071076	2
5545016	5337978	1
2030878	2028245	2
3911904	3911907	1
4148638	4150292	3
4120147	4120108	1
5345656	5485502	1
9350054	9416593	2
8621100	8621074	2
7570592	7570591	1
3673335	3567514	1
12798784	12562253	2
11962450	12030887	1
7219154	7156455	1
11518332	11518331	1
10123313	10123314	1
2241361	2241359	1
8083964	8083917	1
205747	205748	1
3680932	3680929	1
6695453	6695632	1
383996	383998	1
1735726	1735723	1
11195907	11153116	1
11758977	11758978	1
3199007	3198992	1
1659469	1659268	1
7053775	7053771	1
4645474	4645473	1
10492665	10492666	1
7181978	7255753	1
9719090	9713287	2
6534290	6534289	1
11100528	11100523	2
4547682	4721915	1
10429162	10379362	1
7609298	7608373	1
4390431	4390432	1
1471507	1471508	1
11730461	11730504	2
3103878	3103877	1
7848425	7848426	2
3787635	3787636	1
4844661	4844662	1
1500701	1577114	1
3815146	3812209	1
6010609	6010610	1
9923305	9923306	1
3526917	3526918	1
1393888	1393887	1
12136446	12136445	1
3768008	3615395	1
5530898	5530897	1
6181539	5926963	1
7415324	7415323	2
4112089	4645475	1
8949215	8949216	1
6314290	6314274	1
4231165	11537443	1
10817939	10817940	1
8076585	8076985	1
6825330	6824445	1
8008682	8009476	1
6999757	6999758	1
6149544	6149588	1
10719459	10730734	1
7391381	7397758	1
2418238	2418237	1
10704749	10674881	1
3213422	3213379	3
8821055	8821056	1
10418950	10418949	1
1934684	1934683	1
10407992	10408048	1
9535514	9626110	1
7361476	7361475	1
10231221	10231222	1
1091750	4600756	1
8747480	8790222	1
3098878	3098877	1
9113903	9113904	1
963094	971467	2
5042193	5043500	1
965057	1036688	1
4844962	4844961	2
3625417	3625418	1
12000223	12000218	2
6445230	6445229	1
9786169	9786170	1
9711599	9711600	1
3807424	3807423	2
2310283	2310300	1
7670721	7670722	1
1572739	1656810	1
4504089	4504090	1
9555753	9555859	1
5865611	5865612	3
4421449	4422753	1
11368620	11368581	1
10080142	10077948	1
2692700	2692690	2
9350058	9416593	1
4589944	4589943	1
827195	808766	1
12536392	12536391	1
8586651	8611265	1
8071727	8071644	1
5156893	5154894	1
10727373	2534736	1
397797	397798	1
3077041	384613	2
4614734	4614733	3
1735728	1735727	1
10976287	4810983	1
501274	501273	1
2595547	2603594	1
12694202	12694195	2
1666254	1666253	2
