fend1	fend2	count
5951426	5951425	1
9071453	11910394	1
5374836	5374835	1
7288396	7994905	1
11892058	11892057	1
6490374	6490371	1
8351594	8351593	2
9781616	9781615	1
12745525	12001818	1
10407619	10407620	1
7801669	7801672	1
12023250	12023253	1
2962725	2962726	1
3852192	3852191	1
4349636	12448021	1
5734688	5734687	1
5124607	5124608	2
4798292	2733082	3
11447845	7475420	1
10780170	10780169	1
5985480	12288211	1
2136672	2136671	1
4475459	4475460	1
8605337	2183317	1
1708187	1708188	2
1569736	3982545	1
12742261	1321632	1
760967	760972	1
7116603	7116604	1
7265068	7265067	1
7912546	3882695	1
1322499	1322500	1
3791642	3791641	1
12456185	12456186	1
3000878	3000877	1
7283262	7283261	1
6345035	6345036	1
6793270	6793267	1
2644629	2644592	1
2889986	2889985	1
8469068	483846	1
5978836	5978835	1
7831701	7831702	1
8655388	8655385	1
3324480	7422038	2
10564125	10564128	1
4550510	4550507	1
2142263	2170460	1
7866186	5979621	1
8605344	8605343	3
1869662	1869661	2
12186594	12186593	1
9127350	9127339	1
10957500	10957495	1
2772178	2273688	1
10576188	10576187	1
3144539	3144540	1
8336000	8335999	1
2637044	2637043	1
4676452	4676451	1
1868627	1868628	1
1754336	1754339	1
8293380	8293377	1
12532030	436837	1
11607658	12554422	1
7148498	3260798	1
4467948	4464221	1
2540744	2540743	1
5340201	5340202	1
6416202	10757889	1
9937259	9937260	1
4733033	4733034	1
3256085	3256086	1
11079294	7853648	1
6191386	6191385	1
2106097	2106098	1
9643003	9643004	1
4786497	11159325	1
5077	5078	1
8026141	8026142	1
6341130	6341129	1
3228381	3228382	1
12645732	12645731	2
5584497	5584498	1
11689381	1195467	1
1047558	1047533	1
8639734	8639733	1
3927553	3927554	1
3082974	3082971	1
8937774	1314117	1
6127254	1767348	1
5242053	11323593	1
6089259	4001139	2
3710120	2224584	1
4571167	4571168	1
4419915	4419916	2
6392428	6392427	1
477775	477778	1
7811469	7811470	4
4834485	4834486	1
11173656	11173655	1
9386053	9386054	1
9332998	9332997	1
5879558	5879557	2
3540404	3540401	1
6784130	6784129	1
4786053	4786054	1
9474872	10857465	1
3576636	11266712	1
700164	700159	2
1801816	1801815	1
6878694	6878693	1
12503035	12503049	2
2198979	2198980	1
3795183	8849604	1
6764827	3203571	1
10913098	7986529	1
1168541	4607045	1
6572467	6572468	1
12018307	12018308	2
7940008	7940005	1
9601409	9326077	1
10812370	10812367	1
1497834	1497833	1
10714744	10714743	1
2447923	2447924	2
10365056	10365055	3
9325266	9325333	1
812345	6616941	1
10296581	9660455	2
9039684	4395863	1
5435079	7709601	1
7118928	7118927	1
8287509	8287512	1
7927152	7927151	1
6611162	2990451	1
2082213	6670528	2
8318398	8318397	1
9252089	9252090	1
5377014	5377013	2
12456183	12456184	1
5619842	5588869	1
12796914	12659880	1
3979470	11428790	1
9470773	9470774	1
6418962	6418961	1
2747231	2747232	1
983554	983553	2
4501408	11632784	1
3914459	3914460	1
1513499	1513500	1
11535920	7919283	1
5321070	5321069	1
11219729	11219730	1
3046809	3046810	1
3773135	3773136	1
10275020	10274950	1
6416915	6416916	1
3201850	3201849	2
9357372	9357375	1
8588160	11414298	1
2557822	2557821	3
3280085	3280086	1
3294259	3294260	1
9033939	5521524	1
2416550	1229108	1
8588160	8588159	1
2261075	2261078	1
10989749	10989750	1
6638049	6638050	1
8574821	8574822	1
11172327	11173657	1
10973132	10973131	1
2211106	2211109	2
11986368	11986371	1
7831840	7831839	1
10079526	10079525	1
9562059	9562060	1
4578285	4578286	1
10985230	10985234	1
12633058	12633057	1
8033225	8033226	2
2326117	2326118	1
5055226	4009219	1
8012247	8012248	2
663595	663596	1
4849553	4849554	2
3783413	3783414	2
5670023	8689702	1
42240	11883876	1
12767750	2818123	1
2701191	2701192	1
6821421	6821422	2
11471231	11471232	1
10535357	10535358	1
6341128	6341131	1
6280031	3190506	1
6197944	6197943	1
9991255	9991256	1
448910	448905	1
2668639	2668640	1
2905565	2905566	1
8367610	8367609	1
12387074	12387073	1
8814275	1670734	1
8277353	8277354	1
6523143	6523144	1
5158773	5158774	1
7273006	2294055	1
11226515	11226516	1
12465107	12465108	1
6702596	6702595	1
9013506	9013505	1
11173953	11173954	2
3024241	3024242	1
8166441	7227008	1
9562450	9562453	1
9993056	9993055	1
5358509	5358510	1
1060665	1060670	1
7970682	7970681	1
10636325	10636326	1
9766433	9766436	1
9536743	12340924	1
5523857	5523858	1
7368336	7368335	1
8866496	8866495	1
10931210	11036862	1
11169211	11169212	3
8881579	8881580	1
9073015	6685746	1
11577425	11577426	2
5296683	1731750	2
2448161	2448162	1
3465587	3465588	1
7987097	8014032	1
1586687	1586688	2
2421758	2421749	1
1830551	1830552	1
4785256	1839243	1
9299333	9299336	1
3947779	3947780	1
1052843	1052844	1
6504623	6504624	2
2542497	2542498	1
4767981	4767982	1
3096612	3096611	1
10576190	10576189	1
4557635	9636396	2
8075253	8075256	1
10560381	10560382	1
9368928	9368927	1
760965	760966	1
9590810	2687935	1
1506509	1506510	1
861082	11831340	2
6928536	6928535	1
2633126	2633125	1
634350	634349	1
1331097	4780286	1
11854767	11854768	1
1827975	1181113	1
6558834	6558833	1
6611164	6611163	1
3049488	3049485	1
1237510	5151997	1
6121477	6121482	1
6533201	6533202	1
7224085	7224086	1
8438294	8438293	1
6465110	8014686	2
9652807	9652810	1
7629923	7629926	1
8815010	8815009	1
7308476	7308475	1
1548459	1548460	2
6113158	6113157	1
12455311	12455312	1
9937790	9854882	2
1741094	1741093	1
3089268	3089267	1
7667635	7667636	1
1696849	1696850	1
65906	65905	1
12503035	12503051	1
1091787	1091788	1
9867606	10047953	1
6922956	6922955	1
680152	680288	1
9500456	9500459	1
4767977	4767982	1
8791560	8791559	1
4987241	2816223	2
10074379	10074380	1
8425333	8425334	1
6733254	6733253	1
10822126	10822125	1
8723002	8723001	1
6008266	6008213	1
8617590	8617585	1
2261073	2261074	2
10336978	1392844	1
7518982	7518981	1
10853286	10853283	1
11432269	11432270	1
10767034	10767031	1
8576886	8576885	1
6105833	6105834	1
644631	644607	1
978294	978317	1
2347049	2347050	1
4166271	4166351	2
7941965	7941966	1
10533586	12507488	1
1261555	1261556	1
4716129	4716130	2
3961927	1485314	2
11112679	11112680	1
1774794	10081252	1
7682332	7682331	1
7818996	7818746	1
1447805	1447806	1
10286055	10286056	1
1586687	1586690	1
1018658	1018657	1
5758738	5758737	1
7486749	7524490	1
3891857	3891860	1
1544316	1544315	2
3025295	3025296	1
10936970	10936969	1
12802391	12802392	1
990791	1215675	1
3021027	3021028	1
11435987	7261413	1
1307893	1307894	2
4608273	4608274	1
11115594	5914245	1
4173213	5867299	1
3961923	3961926	2
2506763	2506764	1
3497958	3497957	1
7818747	12715473	1
4568342	7562493	1
6457397	6457398	1
5374838	5374837	1
3930323	3930324	1
286139	286140	2
688766	802053	1
3339338	2738249	2
7218870	7218869	1
5338330	5338329	1
9330151	9330152	1
3369965	3369966	1
11101344	11101343	1
7733265	7733266	2
6797137	6797138	1
6661372	6661371	1
2832437	2832438	1
10803786	7974803	1
7990143	7990144	2
7766102	7766101	1
11880493	11880494	1
10776218	10776217	1
7990929	9082840	1
5248634	5248631	1
10113510	10113509	1
9078357	10996471	1
8996920	4855640	1
8980759	8980760	1
2316071	2316072	1
8605811	8605812	2
6343969	6343970	1
6592731	1218532	1
11249557	11249558	1
2850359	6613921	1
10887503	8988271	1
3531855	5593759	1
2888307	2888444	1
8578069	8578070	1
8974681	8974682	1
12726945	12726946	1
3828089	3828090	1
3522135	3522136	1
3854807	3854808	1
7924924	2949289	1
12476514	12476513	1
10377739	10377740	2
11910395	11910421	1
2447923	2447926	1
10008670	6016558	1
9534111	9525295	1
3212501	3212504	1
1607904	5621550	1
6767699	6767700	1
12234231	1483179	2
11305660	11305657	1
5861842	5841230	1
2033543	2033544	1
3290331	3290332	1
1112291	1112292	1
1636684	1636683	1
7000859	5588462	1
7074970	7074969	1
11447962	11447961	1
5708789	5708790	1
1434140	1434139	1
4118191	3105164	1
7637551	7637552	1
6638051	107036	1
6600879	6600880	1
7258511	7258512	1
3791644	3791643	1
810033	810034	1
9489824	9489823	1
11555657	9489823	1
2374837	3869756	1
8689703	8689706	1
2572244	3321715	1
12631103	12631104	1
1927949	1927950	1
2727724	655885	2
4576599	4576600	1
7892614	39599	1
332660	6614431	1
6348454	11347778	1
10549583	10549584	1
1162378	1162377	1
9319090	9319089	1
973316	8171423	1
5596628	5596625	1
6797135	6797136	1
12338541	12338542	1
5871813	9329531	1
6767701	6767702	1
1751969	1751970	1
6906134	2271184	2
11009310	11009309	1
4086838	4086837	1
5535463	5535464	1
12768334	12768333	1
3825499	3825500	3
2518345	2518346	1
1895804	1895803	1
6921740	6921739	2
7218868	7218871	2
6513407	6513408	1
7990145	7990146	2
2892233	2892234	2
1869664	1869663	1
3084745	4106628	1
6395214	6395213	1
5694921	5694922	1
3737006	6174327	1
2613179	11171654	1
3371805	3371806	2
7141055	7141056	1
10878265	10878266	1
11555657	9489825	1
7308458	7308457	1
2010804	2010803	1
5428053	2760231	1
12274456	4332553	1
7102020	7102019	2
12240805	12240808	1
8579112	8579111	2
3324642	3324637	1
9351493	9351494	1
1040168	1040167	3
8605337	8605345	1
10431603	10431604	2
1093192	1093191	4
5708778	5708777	1
9019128	9019127	1
3025916	3025913	1
6380738	6380737	1
9464531	9464532	1
2850516	9596668	1
4060181	4060182	1
9047819	9047820	1
6737229	6073725	2
7825837	7825838	1
2555639	12563362	1
6689393	6689394	2
3245409	3245410	1
6610386	6024131	1
8769505	8769506	1
7060123	7244998	1
10420178	10420177	1
8850734	2223643	1
8182816	8182813	1
2250780	2250779	1
1326625	1326626	1
9744339	9744340	1
6002217	9506794	1
6784134	6784133	1
5596894	5596897	1
11526127	11526128	1
2656580	2656579	1
8313568	5127705	1
7816828	7816827	1
12202751	12202754	1
8337817	7051392	1
4419917	4419908	1
12766685	11402479	1
6821423	6821424	2
3431010	3431009	1
7766923	7766924	1
9960221	9960222	1
10243099	10244085	1
10931329	10931306	1
1738819	1738820	2
9633335	9633338	2
11099082	11099079	1
4818766	10997069	1
3741413	3741414	2
3090315	1538616	1
12627327	12628172	1
7775048	7775047	1
1698397	1697311	1
7957834	7957837	1
9507887	9507888	1
6554873	6554874	1
8188271	8188272	1
1744127	1744128	1
7838038	7838033	1
1758680	11740997	1
8267635	2905564	1
12119605	12119610	1
10636323	10636326	1
2197112	2197111	1
6492567	6492568	1
6354024	6354023	1
6254899	6254026	1
12736112	12736111	1
8403325	8403326	1
6600881	6600882	1
7949515	7949516	1
1830549	1830550	1
11048302	10684010	3
2905864	2905861	1
4603621	4603622	1
1172612	1172611	1
11236717	6712305	2
7959532	7959531	1
3676173	3676174	1
6471160	6471159	1
3151764	3151763	1
7331552	7331555	1
1648577	1648578	1
1676595	1676596	2
6196763	6279291	2
6908391	6908392	1
12606038	12606035	1
3663461	10654118	1
4008246	7237446	2
10323965	10323966	1
12681756	12681755	1
10684011	10684012	2
4853214	4853213	1
12521284	12521283	2
6284891	6284903	1
10613598	10613597	1
7892614	39597	1
3250445	3250446	1
3271636	3271639	1
3995372	3995371	1
9025423	9025424	2
6464424	6464423	1
9766431	9766432	1
8580978	8580975	1
3629187	3629188	1
8332644	8332641	1
2889984	2889983	1
10513768	10513767	3
6548340	3350593	1
9272937	9272940	1
8553721	8553722	1
11171655	11171656	1
10125278	10125277	3
8959231	8963114	1
8450912	8450911	1
3474121	3474122	1
2634781	2634784	1
12229984	12229988	1
3029114	3029113	2
876293	876294	1
8293378	8293377	1
8008873	983555	3
3854809	3854810	1
5588674	5588673	1
10336980	10336979	1
6821419	6821420	2
4032322	4032317	1
11506100	11506099	1
2261075	2261080	1
12501017	7172718	1
1863954	11221487	1
8182818	8182817	1
7197648	6701640	1
8775341	8776282	1
10071585	10071586	1
12479856	12682681	1
10431605	5259184	1
10278333	10278334	1
11128939	11128940	1
7066855	4035684	1
5280554	5280553	3
2280709	2280824	1
10778714	10778713	1
11101342	11101341	1
6070196	3888674	1
10603514	4847401	1
4109581	6777090	1
8991976	8991973	1
9561795	4599155	1
1318055	11474832	2
11260162	8632957	1
8794595	8794596	1
9019126	9019125	1
1421348	1421347	1
7874539	7874540	2
11215354	7568999	1
2183316	8605345	1
891381	891382	1
180906	7735576	1
12345312	12345309	3
8897597	8897598	2
7139193	3483744	1
1782371	1782372	1
7404379	7404380	1
6184711	6184712	1
12365790	8155125	1
3496536	3496533	1
4667184	4667317	1
5707258	10981416	1
6411231	1404763	1
12051730	9825532	1
1391028	1469560	1
12189800	12189795	1
3988446	3988445	1
9589736	9589739	1
7768786	668483	1
11831205	11831166	1
12465105	12465106	1
1252571	1252572	1
12521282	12521281	1
5822089	5822090	1
5881844	5881856	1
9601409	9326079	1
9167308	4085017	1
1949490	1949489	1
9578579	3373245	1
11539950	11539949	1
5692076	5692075	1
8959231	8959232	2
11048471	5946394	1
9117768	7694174	1
2644154	2644153	1
10931474	10931473	2
8388624	8388623	1
8282407	8282408	1
7627668	7627665	1
10780172	10780171	1
10967933	10967934	2
9554868	9554867	1
1801855	1801856	1
1093190	1093189	1
7652598	7652597	1
3517557	3517558	1
9244972	9244975	1
7321388	10295306	1
1672767	1672768	1
10125235	10125236	1
8487525	8487526	1
11095272	7707551	1
11041022	11041021	1
7702086	7702085	1
8077794	8077793	1
1640146	1645864	1
1969419	1969420	2
6734922	6734921	1
8300301	8300302	1
1560365	1560366	1
10478082	10478081	1
12689301	12689302	2
10220941	7391192	1
8367614	8367611	1
9269538	9269543	1
7060529	7060530	1
4636824	1173202	2
4603623	4603624	1
9328435	9328436	1
1400895	1400898	1
3253170	3253169	1
5499785	5499786	2
8277355	2001614	1
9799468	9799467	1
1544314	1824739	1
5922905	5922906	1
8795711	5304663	1
725620	725619	1
5605923	5605924	1
4194629	4921167	1
8361354	8361353	1
2374837	3869754	3
9097687	9054947	1
7726323	3196831	1
9122051	9122052	1
8361395	8361396	1
7957834	7957831	1
6102311	6102312	1
2643252	2643251	1
9119848	9119845	1
12248622	6598447	1
10703494	10703493	1
11118383	12674367	1
12250167	8981198	2
11130155	6292811	1
2772630	2772627	1
7249841	7249844	1
6457395	6457396	3
12647197	12647198	1
6202070	6202073	1
12631105	12631106	1
6528843	6528848	1
8432898	8432897	1
10329964	6376897	1
11394871	11394874	1
1080201	9915234	1
3656199	3656200	1
3219993	3219996	1
10401829	10402241	1
7859288	7859287	1
408197	408162	1
4553398	6682620	1
2678257	2678258	1
10365054	10365053	1
8080974	8080973	1
11467804	11467803	1
12521284	12521281	1
10419373	3488867	1
6007608	6007607	1
5523867	5523868	1
2656574	2656573	1
2447925	2447926	2
12253965	12807297	1
12309317	12309318	1
9781618	9781617	1
11831203	11831166	1
5124609	5124610	2
7446393	5445047	1
3173890	3173894	1
6392430	6392427	1
6619823	6619824	1
4374414	1488278	1
11064915	4095412	1
1397534	1397531	1
10131343	1738115	1
10419229	10419230	1
6689469	6689470	1
7099757	7099460	1
7403771	6566132	1
12767750	5063830	1
3010574	3010573	1
3551881	4749938	1
12503050	12503049	1
10313330	10313329	1
2261071	2261072	1
9639599	9639600	1
9753453	9753454	1
7831703	7831704	1
5124154	5124153	2
12665640	12665635	1
7799093	7799094	1
10636321	10636322	3
2919672	6530250	2
1804100	1804097	1
5381219	5381220	1
2481186	2481183	1
4321997	5330636	1
4425017	4425020	2
9145211	9145212	1
5879556	5879555	2
3290329	3290330	2
1509481	1509482	1
8516884	8516883	1
1428203	1428204	1
5321068	5321071	1
1051684	8888033	1
5063831	2818123	1
2242105	2242106	1
6412509	9031206	1
6782864	1783644	1
9276254	9276253	2
1543238	5533763	1
3243130	3243129	1
3532665	3532666	1
11764350	11764349	1
7041078	7041075	1
8197494	8197493	1
6494049	7779554	1
4057165	4057166	1
7901711	7901712	1
9175685	9175686	2
7996324	7996323	1
3093818	3093817	1
11488722	11488721	1
3634608	3634607	1
12023258	12023251	1
3641993	3641994	1
5334055	5334056	2
8084696	8084695	3
11395941	11395942	2
1676835	6872822	1
3510645	3510646	2
4260870	4260869	1
2865443	11019800	1
2843352	1768027	1
9993058	9993057	2
8960851	8960852	1
8128749	8128750	1
1496419	1496405	2
11592693	2810625	1
4733035	4733036	1
7422039	7422042	1
8628571	8628572	1
3865025	3865026	2
1728087	2230037	1
7733265	7733268	1
7591682	7591685	1
1783645	1783646	1
3546494	8403324	1
10042209	10042210	2
2198977	2198978	2
11106034	11106033	1
8394677	8394678	1
3485915	3485916	1
10539877	4689613	1
3661717	3661718	1
12296335	12296336	1
4349636	12448017	1
6523141	6523142	1
8558837	8558844	1
6345033	6345034	1
7126673	3200879	2
8748710	9115953	1
6028061	8048909	1
4788686	4788689	1
12401569	12401570	1
2960321	2960327	1
6285028	3235429	1
9124192	10664536	1
2542841	2542842	1
1028161	1028162	1
1053202	1053199	2
6117339	6117176	1
6054645	6054646	1
1284139	1284140	1
1974625	1974626	1
6736967	6736968	1
4278680	4278659	1
8293380	8293379	1
8576888	8576887	1
7647325	7647326	1
3863186	3863185	2
8655392	8655389	1
12448020	12448017	1
11000040	11000043	1
3201852	3201851	2
6947752	6947751	1
7980809	7980810	1
7133513	7133514	1
11097729	11097730	1
1474547	8665129	1
9780479	876292	1
10985232	10985231	1
7005125	7005126	2
6370319	7772347	1
7078207	3281243	1
7610417	11047632	1
2898521	2898522	1
11116499	11116500	1
5568542	9192095	1
7591684	7591683	1
3616695	3616696	1
10637034	10637033	1
8884780	8884777	1
2563629	2563630	1
925249	925250	1
9424214	9424213	1
11407369	11407372	1
9041079	9041080	1
4121747	2630692	1
10202347	9718263	1
12488844	12488843	1
2261081	2261082	2
1040169	6100501	1
2704138	2704145	1
11495183	11495184	1
2980431	3854806	1
6062141	6062142	1
11538767	11538768	1
8287513	8287514	1
3360813	3360814	1
8948051	5052580	2
8800515	8800516	1
5862020	5862019	1
1731733	1731734	1
10257475	10257476	1
9326078	9326077	1
2271944	2271937	1
10074377	10074378	1
12522745	12522746	2
10981417	10981418	2
5216184	1897018	1
8991972	10685188	1
2322880	7852996	1
3243132	3243131	1
7360129	7360130	1
1786904	1786903	1
1955577	1955578	1
1093190	1093187	2
2275496	6413663	1
5135910	5135909	1
1122334	7648755	1
8019544	3997533	1
7574118	7574117	1
5978175	5978178	1
5708787	5708788	1
8655872	8655871	1
7690153	7690154	1
3834101	3834102	1
10302345	6372711	1
6332321	3329183	1
12521288	12521285	3
9705755	9705756	1
6834045	6834046	1
7767520	9610505	1
5509854	5509952	1
11991990	11991989	1
7652602	7652599	1
12454989	12454990	1
4308192	4308191	2
5239118	5239117	1
2987086	2986835	1
1764678	6837569	1
1888489	1888490	1
1748158	1748155	1
7688533	7688534	1
8328785	8328786	1
1513497	1513498	1
5134452	5134451	1
12665634	12665633	1
7629925	7629926	1
1743726	1743725	1
2281329	2281332	1
274465	7203970	1
7819219	12291264	1
1018914	1017317	1
4382450	4382470	1
1895802	1895801	1
3526901	1371231	1
5734684	5734687	1
9121012	9121011	1
6685748	6685747	1
10433441	10433442	2
8008873	983553	1
1506507	1506508	1
8682834	465274	1
11991539	11991540	1
7464131	10557182	1
12387069	12387075	1
4305809	4305810	1
10126364	10126363	2
10899559	10899562	2
1697310	1697309	1
9506795	9506796	1
6845543	6845544	1
11486715	2242107	1
6380736	6380735	1
10432526	11206647	1
4260306	4260303	1
7072795	7029923	1
11398327	7609677	1
1344221	1344222	1
6210958	9070177	1
1285263	1285264	1
5602926	5602925	1
10423807	2565047	1
12182256	12182255	2
9695199	7665683	1
8318396	8318395	1
1682330	1682329	1
2198975	2198976	2
7073373	7073376	1
55305	53991	1
1850357	1850358	1
12800	7625312	1
1297022	1297019	1
1617935	7558659	1
6372913	9675608	3
286137	286138	2
6947201	10930909	1
2844478	4544027	1
6262474	12367475	1
1696851	1696852	1
11203556	11203555	1
9730487	9731746	1
2261079	2261080	1
10817702	7742410	1
11852629	11852630	1
12372130	12372129	1
2720103	2720104	1
11012288	11012287	1
7139947	7139948	2
7288396	7994903	2
1788093	1788094	1
10147257	10147258	1
3080348	3080347	2
8969656	8969655	1
1778404	1778403	1
171549	6161050	1
4798294	4798293	4
7829937	7829938	3
11995146	11995145	1
12315489	12158903	3
6611167	12254566	1
7098969	7098970	1
4608275	4608276	1
7028418	7028415	1
3261565	3261568	1
10203868	10203867	1
7898540	8353985	1
663597	663585	1
6819902	6819901	1
4314617	8890455	1
10738881	10738882	1
4729261	4729262	1
2198981	5646098	1
3540383	3540384	1
5421329	2462123	1
12524777	9665503	1
5485005	5485006	1
7032593	7032594	1
1105394	7093127	3
7869010	7869009	2
12673505	10052251	2
7336270	7336267	1
12294376	12294375	1
3670354	3671700	1
8816672	8816671	1
2477135	2477140	1
812345	6616939	1
2324298	7107520	1
961414	961413	1
2021376	2021375	1
11461443	12754881	1
5871813	9329529	1
7957836	7957835	1
9757169	9757170	2
8822906	9071452	1
3581409	3581410	1
12503048	12503047	1
7890600	7890599	1
10120387	10120388	1
7446376	7446375	1
12180332	12180331	1
3283838	7736194	1
3358697	1769623	2
2644625	2644628	1
11395939	11395940	1
7296806	7296805	2
6736969	6736974	1
1586689	1586690	1
7308482	7308481	1
8570384	8570387	1
6300115	6300116	2
3863188	3863187	2
5720073	5720074	1
5186505	9299332	1
7064437	7064438	1
1073471	1073472	3
8280475	8280476	1
3535580	7792302	1
7190445	7190446	2
395810	395809	1
1752815	1752816	1
10298299	10298300	1
1251821	1251822	1
1628199	1627348	1
3451269	7964768	1
3051895	3051896	1
10087418	8766475	1
4379001	4379002	1
6114737	6114738	1
3784912	3784911	1
4647281	4647282	1
5318175	5318176	2
3979472	11428790	1
11258182	11258181	1
12524905	12524906	1
1855623	1855624	1
11202651	2201961	1
1546466	6100810	1
8035068	8035063	1
7332522	7332521	1
1314116	1314115	1
10933547	10933548	1
6613507	2168127	1
7536766	6119366	1
10726641	3734693	2
10721552	10721551	3
12387072	12387071	1
2023375	1005088	1
9051220	9051219	2
4021927	4021924	1
2018750	2018749	1
5118302	5118301	1
7980811	7980812	1
12597313	350260	1
3140471	3140472	2
1802372	9169395	1
6019269	6038614	1
3990965	3990966	1
9027932	9027929	1
5318177	5318178	2
4802133	4802136	1
7181794	7181793	1
9535383	9535384	1
10047952	10695255	1
6937036	6937033	1
2034011	5864246	1
5818920	2764256	1
8516886	8516885	1
6020212	6020211	2
11512509	11512510	1
4019710	4019709	1
12376311	12376312	2
10584222	10975536	1
12248492	12248491	2
3925109	3925110	1
7089519	7089520	1
7575575	7575576	1
4038745	4038746	1
7877649	7877650	1
2694722	9831955	1
8035070	8035063	1
6156339	6156340	1
8284814	8284813	1
1648246	1648245	1
12748731	12748734	1
11734730	518457	1
6356495	6356496	1
4817950	4817949	1
3991574	8272191	1
10238029	10238030	1
274461	274464	1
11160908	11160907	2
10245310	10245309	2
6284889	6284903	1
2961628	2961627	3
5757395	5757396	1
10289890	3727722	1
7836886	7836885	1
1885709	12651547	1
2577465	2577466	2
8812679	8812680	2
1769622	1769621	2
7342895	7342896	1
7451254	7450796	1
6165144	6165143	2
1450209	1450210	1
1284141	1284142	1
7182614	7182613	1
5047189	5047190	1
7866436	1269635	1
1398558	1398557	1
7809634	8915076	1
7775050	7775049	1
6525768	6525767	1
12763413	12170954	1
3212499	3212504	1
1389703	1389704	1
10163085	10163086	1
8782171	8782172	1
3932614	3932613	1
11319558	8986721	1
7001161	7001162	1
5735711	5735712	1
6930973	6930974	1
1307109	2202010	1
7446249	7446250	1
2866995	2866996	1
12051757	12051758	1
1142873	276712	1
9926677	9927371	1
3212499	3212500	1
8818846	11095592	1
2129773	2129774	1
10250528	10250525	1
7451451	7451452	1
11478683	11478684	1
3768405	5129358	1
8980459	8980460	2
1801857	1801858	1
8320556	8320555	1
7226739	7226740	1
9603103	9603106	3
9682370	1680698	1
6284889	6284890	2
1301904	11534055	1
10408763	10408766	1
3982544	3982543	1
6503086	6503091	1
6676761	6676762	2
6702594	6702593	1
1067779	1067780	2
6255907	8749798	1
10040777	10040778	1
9023647	8278781	1
6499161	9102810	2
11181213	6589885	1
1506506	1506505	1
4308190	4308189	1
10365058	10365057	1
8084694	8084693	3
1931444	1931443	1
3881198	10794260	1
12763429	11464949	1
12683280	9584225	1
8084692	8084687	1
4024551	4024552	1
7518707	7518708	1
12204009	12204010	1
1484341	1484342	1
1252573	1252574	1
10407621	10407624	1
7816826	7816825	1
6081567	6081553	1
8567221	8567222	1
11250898	11250891	1
9283314	9283321	2
9695197	9695198	1
11070332	11070331	1
1672809	1672810	1
10904217	10904218	1
3937564	5263268	1
11616809	11616812	1
5688582	5688581	2
9798841	5097422	1
8751159	8751160	1
6457397	6457400	1
8511838	8511837	1
7721788	1931764	2
3532663	3532664	1
39598	39597	1
8558774	2641618	1
7310633	7310634	1
7901713	7901696	1
3724336	3724335	1
8493919	8493920	1
3879482	3879481	1
8967493	6738572	2
6991605	6991606	1
48358	9855889	1
8028498	8028497	1
5500563	8012246	1
5906228	5906227	1
12641565	12641566	1
9968377	9968378	1
4038747	4038748	1
8776669	9035574	1
5377012	5377011	3
5358511	5358512	1
5500439	5500440	1
6087155	6087156	1
9705761	9705762	1
5987086	5987085	1
1642490	6980828	1
8974683	8974688	1
7921996	7921995	2
6198392	6198387	2
11577427	11577428	1
6611165	6611166	1
10207517	10207518	1
3342740	3342739	1
3638449	3638450	1
1786902	1786899	1
2767929	2767930	1
9730485	9730486	1
9418122	9418121	1
6316740	6316739	2
9626426	9626425	1
7446378	7446377	1
1771637	3811033	1
1469502	1966040	1
8426718	4734	1
8887317	8887318	1
3968892	11370877	1
11548604	4078017	1
7190443	7190444	1
7574122	7574119	1
700158	10594799	2
12472557	10997288	1
10466688	5220849	2
12310968	12310971	1
2495466	2341737	1
3633851	3633852	1
9416248	6613922	1
2743987	2743988	1
6132650	6132649	1
5331726	5331725	1
4110254	10111548	1
5570567	8897596	2
1828908	1828907	1
5000205	5000206	1
1434138	1434137	1
10278331	10278334	1
8960853	2883834	1
12530840	12530839	1
9536741	9536742	1
7377513	7672264	1
8996491	7165475	1
3784228	4199961	2
4033875	12540255	1
2577467	2577468	1
10703170	9245990	1
2272165	2272166	1
7017383	7017384	1
3947777	3947778	2
4024549	4024550	1
1725860	1725859	1
6582731	6582732	2
9157855	9157856	1
4385268	4385267	1
5242865	5242866	1
10125237	11610953	1
5521834	5521833	1
6843193	1206087	1
1304725	1304726	1
7893566	7893579	1
5377014	5377011	1
3971661	3971662	2
4786495	4786496	1
3859785	3859786	1
7782603	7782604	1
10981419	10981424	2
6916569	6916570	1
7925573	7925574	1
6933984	6933983	1
8303861	8303862	1
1181133	4028401	1
1931448	1931445	1
7336272	7336271	1
5492450	7939830	2
10113508	10113507	1
2835829	2836198	1
6418960	9270651	1
9818673	9818674	1
465664	465663	2
12575934	12575933	1
6190912	6190911	1
5914244	5914243	1
10673764	10673763	2
7994902	7994905	1
9799466	10203869	1
9635826	9635825	1
4263062	4263059	3
9474780	9474777	1
5189394	7258907	1
6112335	2208873	1
7752604	7752595	1
11162045	11630305	2
12441830	12449160	1
7262855	1731732	1
10300031	29093	1
753657	753658	1
10224781	6107640	1
6784128	6784127	1
2679863	2679864	1
2776724	12807410	1
2579352	2579351	1
3979472	3979471	1
10278331	10278332	2
8015926	8015923	1
6392430	6392429	1
6519319	6519320	2
8768156	8768155	1
10944047	6538455	1
4834483	4834484	1
10636323	10636324	2
11099613	12366518	1
9169394	9169393	1
6380734	6380739	1
4487543	4487544	1
4711070	4711069	1
4464548	12240445	1
1530229	12055171	1
12765438	1798791	1
3051897	3051901	1
11597729	11597730	1
12763411	12763412	1
673391	673666	1
2739791	2453836	1
6793993	6793998	1
1359175	1358420	1
2879623	2879624	1
6185505	6185506	1
8664463	1942363	1
2075517	2075518	1
9095989	9095990	1
11959498	11959497	1
8479782	8479781	2
11000042	11000041	1
182880	182879	1
5478869	7019550	2
10081786	9637651	1
12051759	12051760	1
4812408	4812321	1
5782465	5782612	1
3143181	3143182	1
8723000	8723003	1
12296031	6920945	1
4644049	4644050	1
3254971	3254972	1
5134671	5134672	1
10172078	10172081	1
10780168	10780167	1
11214475	11214476	1
958493	958494	1
12665640	12665633	1
7421241	7421242	1
2697333	2697334	1
2869888	12184278	1
9374475	9374476	1
8359998	8359991	2
4353759	1001793	1
1326799	1326800	1
8188269	8188270	1
8307098	8307097	2
6121483	6121484	2
62017	8967444	1
11836028	11836027	1
5302143	5302144	1
776081	3156976	1
9329530	9329529	1
7372154	7372167	1
1636161	1636163	1
9054470	9054469	1
4070701	4070704	1
12786101	12786102	1
3321621	3321622	2
2826848	2827084	1
4829311	4829312	1
10829655	10829656	1
11278440	11278437	1
12503035	12503047	1
5289129	5289130	1
132146	132143	1
4814041	4814042	1
7202661	12150628	1
9534109	9534110	1
7000348	7000347	1
6521517	6521518	1
10598277	10598278	1
4902097	2175013	1
3659949	3659950	1
9554866	9554870	1
1509479	1509480	3
1743728	1743727	1
12047827	12047828	1
9635824	9635823	1
7970684	7970683	1
9304825	9304826	1
12530838	3365647	1
3878119	1824608	1
1400899	1400900	1
9173288	9173287	1
11822873	3107527	1
4445655	4445656	2
11607660	11607659	1
7064439	7064440	1
3364526	12465442	1
2295742	4335927	1
1460966	753656	1
10498383	10498384	1
7971361	7971362	1
12757722	12757721	1
12501449	12501452	1
1403185	1403186	1
3487855	8508677	1
434344	434341	1
1247349	1247350	1
11006718	11006717	1
9266148	9266147	1
7568559	7568560	1
3286348	3286347	2
2403727	2403728	1
8963115	8959232	1
5159774	528282	1
399571	399572	1
12153867	5148345	1
4263064	4263063	1
11199156	11199153	1
2957562	2957565	1
2182135	2182136	1
7667633	7667634	1
6862407	6862408	1
3869755	3869756	2
6734926	6734923	1
4042879	6054644	1
8176327	8176328	1
4468400	4468395	1
11445541	11445542	1
2519779	562820	1
9144294	8344019	1
4599740	4599739	1
9870508	3456268	1
1149543	8106681	1
2734082	2734081	3
3249631	3249632	1
5389535	5389536	1
11221486	11221499	1
6852847	6852848	1
9237626	9237625	1
1706050	3887475	1
2075519	2075520	1
12532034	12532031	1
4355439	4355440	1
1263708	1263707	1
7811467	7811468	3
3866415	3866416	1
10496529	4577624	1
1407767	1407768	1
2592412	2592411	2
10780174	10780173	1
6572467	6572472	1
1750295	1750296	1
3372321	5596435	1
6879443	6879444	1
11663381	755888	2
3163449	8236174	1
1717376	7259871	1
2831845	2831846	1
1408371	1408372	1
6572469	6572472	1
9112713	9112714	1
4028338	1898363	1
2417251	2417252	1
1984821	1984824	1
3537604	3537603	1
8901115	8901116	1
4305814	4305813	1
4479191	806872	1
12601034	1897264	2
8344020	8344019	1
1615529	1615530	3
5864247	10090516	1
9341173	9341174	1
2274714	2274713	1
3118989	3118990	1
8498033	8224624	2
9447197	9447198	2
7240205	7240206	2
1393248	1393247	1
11155793	11155794	1
3971659	3971660	2
11539695	6116845	1
12522743	12522744	2
10292101	10292102	1
1449830	1449835	1
1326627	1326628	1
7689411	7689412	1
3502300	3502299	1
8155420	8155419	1
2687934	2687933	1
11445539	11445540	1
1303388	1303387	1
2696992	11140925	1
2423888	2423887	2
2642574	2642573	1
5134593	5134594	1
7859286	7859285	1
4479185	4479190	2
9829353	9829354	1
10528821	908049	1
8084688	8084687	1
10336169	10476674	1
4037937	9890040	1
4474267	4474268	2
36907	36908	1
11756063	11756064	1
12309315	12309316	1
1985252	1985251	1
2406419	2406420	3
2208290	2211002	1
9018349	3135503	1
12016626	12016625	2
775502	775501	1
10673762	10673761	3
1900358	1900357	1
2481182	2481185	1
11320639	11320640	1
1032370	1032367	2
4614471	4614472	1
12802393	12802394	1
10144747	10144748	1
8084692	8084689	2
2350408	2350407	1
12807296	12807295	2
3871063	3871064	1
6924705	6924706	1
3722468	3722467	1
10778076	10778075	1
1921332	1921335	1
11474833	11474836	2
2043339	2043340	1
6492222	5960929	1
1255171	1255172	1
2668641	9232482	1
11987438	11987437	1
11755578	11756459	1
8303859	8303860	1
9341171	9341172	1
5947995	5947996	1
7502009	6910985	1
4456141	4456142	1
3324948	10006466	2
4314739	10399402	1
7733267	7733268	2
7378106	7378105	1
6086361	6086362	1
2690527	8743657	1
10938257	10938258	1
12575932	12575931	1
10647948	11577419	1
1668288	10336912	1
5570565	5570566	2
11964835	11964836	1
2376845	12294377	1
6570932	6570931	1
7890475	7890476	1
8417677	8417668	1
3620562	3924922	1
11987436	11987433	1
6227112	6224186	1
7875076	7875075	1
7901709	7901710	1
6861988	10742753	1
3580145	3580057	1
9748035	9748013	1
5426323	5426324	1
9705757	9705760	1
4290491	2668697	1
1006563	1006564	1
9154093	9154094	1
1040170	1040167	1
806191	11197388	1
5043365	5043366	1
10981417	10981424	1
9167310	9167309	1
9757167	9757168	1
12159420	12159419	2
2091253	2091254	1
8060530	8055903	1
9993056	9993053	1
3088205	3088206	1
3257433	3257434	1
6113160	6113159	1
7629923	7629924	1
4716131	3772345	1
6158589	6407955	1
6440225	6440226	1
1588862	1588859	1
2022276	2022273	1
7990138	7990142	2
6440227	6440228	1
4571165	4571166	1
10794261	10794262	1
6082916	6082919	1
6206637	11188355	1
1091789	1091790	1
3397381	3397382	1
10983816	10983815	1
8639736	8639735	1
1062619	1062620	2
7988541	7988544	1
2738443	6339946	1
7648754	7648753	1
12403303	3333809	2
7679671	7679674	1
4599731	4599732	1
2764555	2764556	1
10176570	10176567	1
1507413	6712532	2
12535488	12535487	1
7347465	7347466	1
6784132	6784131	1
3456035	3456036	1
2787847	2787848	1
1828559	1828562	1
9122252	9811470	1
3978870	3977554	1
8035070	8035069	1
655659	655660	2
3298039	3298040	1
6689391	6689392	2
1847323	3240255	1
6514150	7169352	1
11488724	11488723	1
2739875	2739899	1
2561462	8639737	3
3008679	3008682	1
7804482	7804479	1
9132782	9132779	1
6121475	6121476	1
11265277	11265278	1
5373193	5373194	1
2266367	3988585	1
8878507	8320557	1
2636581	11169446	1
158990	317043	1
11053966	11053965	1
1921334	1921333	1
6826312	6106735	1
8588158	11414298	1
1291384	1291383	1
5605749	5605922	1
5020340	5020339	1
6797133	6797134	2
1284137	1284138	1
6203275	6203276	1
1656002	1656001	1
1833854	12497641	1
2262210	2017878	1
6343971	6343972	1
10828647	10828648	1
10805908	12530052	1
10230396	10562412	1
2977539	1202061	1
6948583	6948584	1
10936841	10936842	3
5507879	5507880	1
11169209	11169210	3
8473472	8473471	1
515193	515194	1
9463469	3325639	2
6102313	6102314	1
11230057	11230058	1
4767977	4767980	1
12501299	12501300	2
1419143	1419146	1
1217470	1217469	1
12748375	12748326	1
1786906	1786905	1
9173596	12040993	1
9786611	9786612	1
12372128	10670250	1
2198979	5646098	1
2852485	2852486	1
5497303	5497304	1
1829620	1829619	1
1093188	1093187	1
11455270	11455267	1
4798296	4798295	4
5859847	5859848	1
12249135	12249136	2
12259677	12259678	3
3341404	4845895	1
9374123	9374124	1
2469690	2469689	1
8639736	8639733	1
10367841	10367842	1
6845709	6845710	1
1449836	1449831	1
10853210	10853287	1
9988640	9988639	1
11169213	11169214	3
1828557	1828558	1
4733037	4607951	1
3209268	3209267	1
10315177	10315178	1
5046602	5046599	1
4520054	4586975	1
7459544	7459543	1
11445524	11445523	1
9727039	9727040	1
5595776	5595775	1
6563617	6563620	1
12180330	1372994	1
5160325	5160326	1
2656578	2656575	1
9464529	9464530	1
9051026	9051025	1
9993054	9993053	1
5623568	5619999	1
11213496	3706367	1
7258906	7258903	1
8508691	6860121	1
2529610	2529605	1
9091629	6007609	1
8866498	8866497	1
1429885	12223724	1
7064352	7064351	1
10200053	10200054	1
6288118	1255011	1
7645288	7645287	1
11983595	11983596	1
11831203	11831204	1
2148594	2148589	1
3489278	3489277	1
10464369	10464370	1
9902414	9902413	1
1778306	9464749	1
10419371	10419372	1
2495468	2495467	1
11315984	11315983	2
8999972	8999969	1
8600008	6223784	1
2540742	2540739	1
5494406	563774	1
7839745	7839746	1
2927545	6684290	1
6033304	6033303	2
1016716	1016715	1
12451212	12451211	1
12807252	12807251	1
10771861	10771862	1
2706259	2706260	2
3329182	3329181	1
8540107	8540108	1
9498936	10884926	1
2977915	2977918	1
10841016	10841015	1
7064350	7064353	1
7650249	7650252	1
474237	474238	1
7558450	7558449	1
1002518	1002517	1
5950121	5950122	1
6930232	9446596	1
10564129	10564130	1
6684222	6684221	1
2642884	2642883	1
9975762	9975761	1
3431014	3431011	1
12018309	12018310	2
2888305	2888306	1
3118987	3118988	1
2050176	2050175	1
7243876	8983847	2
10806928	3263069	1
9741985	9741988	1
8050344	6723377	1
1323509	1323510	2
8245103	8245104	1
2506765	2506766	1
8614669	8614670	1
7796920	7796919	1
9144294	8344021	1
1060671	1060674	2
5588463	5588464	1
3828091	3828112	1
12157977	12157978	1
4689612	4689611	1
