fend1	fend2	count
3673014	3673044	1
5946420	5946419	1
764093	798747	1
7378764	7378562	1
13943	14358	1
747606	747605	1
349254	354607	1
5273016	5273015	2
3142755	3142671	1
12466605	12466634	3
3313999	3314741	1
6543988	6543987	1
7943180	7943196	1
9487315	9487316	1
6893272	6893732	1
4274130	4274129	1
11366246	11276741	1
4815319	4802304	1
9624530	9624529	3
10197269	10197270	1
4526568	4523140	1
3929586	3927854	1
11737825	11737826	1
1699908	1699947	1
8784098	8784119	1
6358705	6352511	2
2704477	2704349	1
5833393	5833396	1
6259235	6259506	1
6189328	6190848	1
9320177	6122018	1
6513335	6513144	1
1696526	1696529	2
128011	128016	1
6433778	10332297	1
5674845	6785958	1
3137055	3136987	1
5320008	5319335	1
9816922	9821469	1
9326299	9297626	1
9590596	9590629	1
12560832	12557168	1
7872912	7872915	1
6902091	6902176	1
6714795	6714647	1
9624521	9624531	2
10317277	10317290	1
12135062	12135061	1
5014644	5014908	1
5713277	5713135	1
5729538	5729537	1
1651220	1639758	2
12480608	12480699	1
11230306	11257998	1
10992371	10992549	1
6208768	7373178	1
35208	35207	1
4417025	4417026	1
1558513	1558514	1
10730196	10730195	1
713865	575681	1
2445855	2445856	1
755604	755274	1
9487928	9487911	1
106984	250344	1
2108370	2108099	1
956259	956579	2
1444923	1444941	1
4269164	4269060	1
5916863	5916864	1
11179495	11179496	1
10564015	10564016	1
5749266	5749265	1
9352564	9350916	1
9982633	9982555	1
6597803	6597804	2
11390560	11390559	1
11494213	11497671	3
11722032	11722031	1
9463825	9463826	1
11446135	11458644	1
6461788	6461768	1
3963965	3963966	1
4093198	9166892	1
4387424	4387423	2
3789620	3789014	1
1162416	1162415	1
2020348	2020347	1
3563541	3563375	1
6361276	6361286	1
11040715	11040210	1
1133774	1133773	3
12675661	12678705	1
3544151	3542233	2
2900818	2900817	1
3949983	3950001	1
4722311	4722312	1
90423	90424	1
7481468	7481411	1
9883716	9882961	1
1580503	1580501	1
9788911	9789242	1
6211905	6211906	1
3729722	3728207	1
4570759	4570762	2
12803070	12804457	2
1984736	1984746	1
11182417	11181811	1
1357412	1357397	1
10340780	8851181	1
2021221	2021097	1
1582787	1582875	1
5436643	5436644	1
281634	281633	1
4498778	4498777	1
5388233	5391140	1
4672183	4672099	1
8359890	8359889	1
9624523	9624531	1
575680	575679	1
7737015	7737016	1
7566759	7592179	1
8352037	8352049	1
3654121	3654142	1
4737965	4737966	2
5194490	9480290	1
4496367	4496370	1
3292937	1094937	1
8887093	8887094	2
897641	10553839	1
7175010	7174980	1
1133776	1133775	2
3945866	3945746	1
2869868	2869863	1
8861926	8858083	1
8533538	8413668	1
3302122	3302121	1
10748069	10748070	1
9602197	9602200	1
12325405	12325406	1
370433	370434	1
12524725	12524726	1
8066183	8066178	1
2286465	2286466	1
9775392	9775391	1
9028210	9028209	1
1430749	1430720	1
7332704	7330947	1
9932954	9939450	1
8879874	8878753	1
8613527	8613530	1
6030382	6050398	1
4737969	4738071	2
9624386	9624385	2
3041742	3041741	1
6722490	6722489	1
12784124	12782878	1
3855041	3855061	1
1248377	1253045	1
2185977	2185980	1
3992642	3992623	2
9500740	9500722	1
3999010	3999009	1
7535645	7535600	1
1769542	1769592	1
1685463	1685464	3
269849	269850	1
12723552	12723524	1
8939926	8939914	1
4209993	4209994	1
3003871	3003872	1
6031666	6031691	1
11678045	11678046	2
3786589	3787484	1
12676863	12676772	2
2263295	2263296	1
10508475	10508484	1
6670809	6670810	1
11389900	11389870	1
7286937	7292351	1
9380854	9381708	1
8613531	8613562	1
7559967	7561024	1
5998238	5999302	1
7948971	7948939	1
6774161	12642704	1
674108	674095	1
9996157	9996158	1
4654336	4652965	3
10900369	10900370	1
4037673	4027838	1
3710080	3710192	1
6406572	6406663	1
7637978	7638062	1
7011424	7011421	1
10676475	10676476	1
5312434	5311792	1
6198084	6198081	3
9532388	9532377	1
3354309	3355192	1
10936005	10936010	1
7754381	7754382	1
658151	658077	1
7546712	7546702	1
1904957	1906724	1
5916865	5916866	1
12662429	12662167	1
1777605	1777606	1
10653914	10653946	1
5842991	5838953	1
11306564	11306497	1
1253514	1253517	1
1642773	1642232	1
5639682	9809087	1
9888345	9888346	1
2286467	2285987	1
11727716	11726831	1
9609579	9609580	1
12795957	12796954	1
8204440	8204404	1
1751745	1751746	1
896949	896950	1
6193049	6192481	1
6053802	6053805	1
10336290	10333916	1
4625134	4625133	1
10493961	10497442	1
8451377	8451378	1
6080939	7260747	1
1298143	1298144	1
11704573	11704567	1
11144147	11143031	1
9576828	9576827	1
9159607	9159567	2
11882105	11882106	1
3777294	3777873	1
3083137	3083138	1
1179413	1179407	1
1795540	1801529	1
11747611	11747566	2
10202907	10202908	1
3561535	3561536	1
9598703	9598706	1
11721548	11722033	1
4677507	4677472	2
9937752	9937653	1
4417023	4417024	1
939610	939713	1
261445	261463	1
9497897	9497384	1
9897475	9897457	1
3424972	3424971	1
12648707	12648708	1
3926609	3926965	1
10357079	10357168	1
9977713	9977714	1
7995946	7995953	2
358700	358695	1
4817285	4817286	1
11538290	11538313	2
11975049	11975050	1
2697408	2704673	1
6655403	6655406	1
1293299	1293300	1
11887653	11887666	1
9592337	9599533	1
8849316	8849315	1
2588863	2588864	2
9888339	9888342	1
2406299	2407298	1
11435245	11435246	1
3767900	3767899	1
11740345	11740346	1
3936685	3936688	1
2464660	2464659	1
5659786	5659793	1
3535314	3535313	1
9576274	9576273	2
12326676	12327503	1
2395250	2395216	1
10507761	10508007	1
369558	369612	1
1081043	1082050	1
1696530	1696529	1
13941	13942	1
1582154	1582151	1
2015421	2015382	1
5964304	5902315	1
6171367	6171368	2
7923005	7923006	1
272775	292930	1
6850580	6850538	1
6158153	6143314	1
4436432	4436323	1
7184726	7184778	2
8919158	8919786	1
4629464	4629682	1
3821678	3821677	1
10555941	4572849	1
5551657	5551658	1
6350335	6350316	1
11606944	11606943	1
2981907	2856035	1
6157283	6157284	1
12665160	12665155	1
317908	317885	1
4299039	4298772	2
8306528	8304546	1
2669860	10534900	1
10716146	10708914	2
7504673	7504674	1
9167695	9167465	1
6103930	6103923	1
12177120	12177119	1
6290801	6290802	2
12432640	12432639	1
4222844	4222843	2
7638063	7638064	1
4544643	4546508	1
3200032	3200228	2
6539888	6539880	1
795587	795608	4
11802879	11802882	2
9888336	9888335	1
9083343	9083344	1
7352495	7352602	1
10342137	10342138	1
6091124	6091172	2
5126051	7584522	1
5465081	6639706	1
5459188	12692655	1
4722313	4722314	1
11620373	11557352	1
11190193	11190194	1
1483999	1748551	1
3256671	3252271	1
4486451	4486452	1
12442677	12442678	2
9470922	9470928	2
738297	7611663	1
3710082	3710081	1
1745215	1670673	1
9326929	9326930	1
3050022	4607800	1
6124350	6124390	1
3268237	3271351	2
6279921	6280421	1
6096899	6096900	1
4498776	4498775	3
3514328	3514819	1
7774287	7774288	5
10271997	10271077	1
8759231	8759229	1
9298249	9348891	1
11820955	11820956	2
8330115	8330116	1
3230702	3230695	1
7526241	7527134	1
3510881	3510875	1
1070564	1069977	1
7704111	7704112	2
12376612	12376085	1
1391791	1685462	4
10307400	3511807	1
9350036	9349999	1
12557962	12557957	1
11031240	11029281	1
2988004	2988002	1
11522691	3334888	1
232062	236686	1
6699644	6717822	2
3924010	3924008	1
1103797	3388681	1
7601025	7601026	1
3084170	3084169	1
39466	39465	1
4556086	4556076	1
9586664	9586661	1
1296308	1296725	1
9888343	9888344	1
1483999	1748549	1
11401424	11403228	1
11100340	11100339	1
6703896	6704272	2
10992548	10992547	1
10040536	10041406	1
11786334	11786333	1
6871488	6871487	1
5668027	5668028	1
7618297	7588990	1
11564076	11564295	1
5151065	5150860	1
4153596	4153599	1
10186205	10186206	1
10107863	10107155	2
9963797	9963798	1
56671	56832	1
1747353	1747354	1
8475686	8473107	1
3973973	3973593	1
1082360	1082359	1
7567935	7592982	1
1302505	1302512	1
11507458	11616728	1
11747567	11747568	1
4703000	4704662	1
890712	890296	1
4274132	4274131	1
3258966	3258997	3
12667132	12667168	1
3930443	3930444	1
3936687	3936688	1
10822859	10824190	1
6119437	6119438	2
11688680	11688679	1
3385664	3388083	1
5229625	5229606	1
9163639	7936366	1
4475596	4475600	1
7112914	7112911	1
6659141	6658537	1
5916861	5916862	3
1537150	1537196	1
9609577	9609578	1
1696528	1696527	1
5147987	5147988	2
6564570	6564064	1
5224584	5224516	1
9063098	9063097	1
9102940	9102944	1
4298784	4298777	3
10534008	10533933	1
8582568	8582567	1
7940250	7940202	1
914685	914681	1
9038439	9038440	1
90425	90426	1
12784635	12784636	1
12789046	12788264	1
6822344	1156531	1
5498188	5498191	1
10754327	10755464	1
6020429	6019144	1
2951568	2951567	4
2267894	276287	2
1096394	1096134	1
3873663	3873784	1
2951572	2951569	1
157435	157436	1
11786332	6521090	1
6579252	6579245	1
10239939	10239401	2
2635607	2635536	1
11522689	11522690	1
3978414	3979005	1
48018	48011	2
6157281	6157282	1
9102590	9102589	1
4116641	4116642	1
12593882	12593946	1
6782786	6782785	1
762088	762087	1
4738071	4738074	2
894573	894387	1
12182314	12182428	1
12666138	12666137	1
10875054	4491442	1
5729536	5729539	1
2555854	2570146	1
1293311	1293343	1
5916863	5916866	1
7739743	7739834	1
9395830	9395829	1
12483410	12483409	1
1558511	1558512	1
12294688	12294673	2
11626077	11650690	1
1134378	1134660	1
10676473	10676474	1
12664512	12664550	1
7910823	7912269	1
7537734	7537458	1
3143966	3231327	1
1321169	1320690	1
3505752	6416673	1
5227277	5227347	1
9167464	9167463	1
10875054	674266	1
3302137	3302138	1
11444721	11444815	1
11117723	11117727	1
7512630	7512616	1
3773203	3773204	1
12677010	12677088	1
9597530	9596027	1
6156372	6156557	1
5564514	2413627	1
6343774	6343773	1
3293182	3292456	1
12122365	12122345	1
11263382	11263423	1
5562269	5561579	2
9006692	9006245	1
7687229	7687248	2
1426862	1429046	1
11622519	11562524	1
10382781	10382901	1
10880714	10880711	1
9250603	9250610	1
1501166	1501190	1
5477743	5477703	1
4125807	4125779	1
3562662	5644549	1
4089558	4089557	1
1952233	1952447	1
3212837	3212679	1
1023503	1023563	1
7428317	7428349	1
1606417	1606448	2
12647306	12426801	1
6394055	6400602	1
6172020	6172023	1
10081985	10081876	1
9974727	9974728	1
2007790	2009816	1
6232602	6232599	1
9328104	9330331	1
12760354	12759823	1
12729507	12729483	1
9531627	9531628	2
9018441	9018442	1
1108852	1108851	2
6136979	6093402	1
10722888	10722870	1
12205553	12205554	1
4498141	4498142	1
1326441	1371483	1
7830176	8416342	1
9028208	9028211	1
7595089	7595186	1
176408	175341	1
6555428	6555420	1
2941699	2941704	1
8496701	5440725	1
1583317	9692825	1
10332296	10332295	1
5375957	5375936	1
9945749	9945768	1
3073311	3041743	1
9031	9732	1
884147	884148	1
1651222	1651221	1
4312248	4384464	1
9076373	9076334	1
7980563	7973341	1
3944357	3944358	1
4993801	4993804	1
11735678	11735677	1
6834440	6834439	1
1123137	1123138	1
12287613	12284777	1
3360491	3360492	1
10091299	10091300	1
12789167	12614466	2
10239937	10239401	1
1075430	9791093	1
10950599	10950600	1
9308693	9308694	1
1674056	1674043	1
5822655	5820044	1
7863886	7863737	1
7342961	7342715	2
5295200	5301162	1
2365842	2365841	1
178529	178416	1
1097139	1097240	1
11557230	11557233	1
5838952	5838951	1
12207554	12207524	1
5184297	5184298	1
9978847	357814	1
8015759	11852966	1
5839252	5841374	1
5124324	5124321	1
587703	587751	1
10265218	10265241	1
7429602	7429601	1
43357	42412	1
988801	997710	2
1093909	1094124	1
11637536	11637533	1
5882481	870900	1
1117585	1117586	1
7589911	9429636	1
709126	709125	1
11609762	11609761	1
10640313	10640346	1
5749264	5749263	1
4216644	4216643	1
6941764	6941763	1
9189033	9189013	1
5359093	5359094	1
11527557	11504929	1
1988773	1965178	1
10285228	10285227	1
11195722	11195721	1
559635	566547	1
5056930	5055219	2
6198080	6198040	3
6655405	6655406	2
1911858	7692000	1
10294341	10294342	1
7446493	7446494	1
10239937	10239938	2
11065563	11065586	1
11067449	11067450	1
2316078	2315874	1
3000967	3000957	1
6350348	6350371	2
4724916	4723239	1
6487577	6487565	1
8330111	8330114	1
1613629	1613585	1
12152316	12152282	1
7737017	7736872	1
12475501	12475534	1
9097646	9097633	1
8880415	8880384	1
11011004	10957492	1
7908236	7908235	1
7067765	6921577	1
1324846	1324665	1
8794033	3752681	1
17743	17741	1
10222472	10222471	1
9974455	9975662	2
12463591	12205552	1
5102520	9471338	1
632694	632052	2
6198084	6198040	1
7539995	7539949	1
1247869	1247867	1
4093200	4093199	1
8677330	8677336	1
2082605	2083676	1
4256683	4256686	1
4384311	4384312	1
4392808	4392838	1
11865602	11865501	1
4656649	4656650	1
5101648	5099558	1
11389898	11389870	1
900345	899469	1
2657388	2657387	1
2595797	2595776	1
11128766	11128765	1
10807903	10807906	1
4197678	4193092	1
11890097	11890134	1
3930445	3930446	1
6342621	6342636	1
9138802	9138850	1
11862688	11862687	1
925436	925433	1
5012458	7459607	1
11882107	11882167	1
2900816	2877377	1
4737967	4737968	2
7952652	7980569	2
7733895	7733755	1
10936011	10936077	1
10182235	10182466	1
11709084	11709083	2
7901707	7901846	1
2135907	11497671	1
6233496	6232603	1
4544527	4544530	1
2561608	2561607	1
6770289	6770283	1
2708118	2772263	1
4498780	4498777	1
7472456	7470975	1
2454883	2458410	1
4540627	7808637	1
6209403	7373907	1
3526891	3526879	1
713865	575679	1
7961723	7961724	1
3308793	3309463	1
4064313	4064314	1
4065524	4065285	1
10272841	10272866	1
3200229	3200230	2
1290653	1290654	1
10094578	10094543	1
10891095	10891070	1
72548	72547	1
6096901	6096902	1
5561578	5561577	2
3107872	3107977	2
6560421	6560426	1
1578570	1578592	1
10629114	10629243	1
11388122	11388196	1
7908234	7907996	2
3461187	3461193	2
619380	619379	2
12488876	12488858	1
3480682	3480665	3
10236938	10236577	1
2588865	2588866	2
2589801	2591133	1
2951570	2951569	3
7064510	7064529	2
10550643	10550616	1
3498284	10315342	1
654067	654976	1
8313619	8313622	1
10722890	10722889	2
1271118	1271154	1
7809179	7809372	1
3003900	3003870	1
12004710	12004861	1
7822572	7848879	1
11636381	1164027	1
11407646	11407645	1
2990123	11342164	1
1248377	1253047	1
5463123	5461779	1
3202441	3202935	1
1468318	1468317	1
1498746	1505515	1
802972	803670	1
7488359	7488352	2
9429633	7589910	1
3936685	3936686	1
2887867	2887942	1
5439397	9776297	1
3360493	3360494	1
5431026	5431025	1
5292219	5292207	1
4470415	4470542	1
9811990	9811989	1
11735676	8456342	1
2783699	2783700	2
1137091	1137072	1
7566759	7592177	2
1036982	1036477	1
8658604	8660297	1
10939212	10939211	1
1123133	1123136	1
12425498	12425549	1
3999008	3999011	1
11045008	11042697	1
1117587	1117530	1
7803034	7803031	1
3618262	3618261	2
6004691	6004692	2
4570763	4570764	2
4723238	4724915	1
7881454	2785198	1
9328901	9328902	1
2185975	2185976	1
36456	36458	1
10103529	10103584	1
9326943	9326944	1
9186733	9186734	2
6940340	6987669	1
1444921	1444922	1
4124999	3251516	1
1706198	1706214	1
8553025	8553026	1
10481028	10482022	1
5474017	5474018	1
12376111	12336633	1
5659452	9835982	1
4147754	4147753	1
2159368	2159367	1
11557232	11557231	1
3099216	2889901	1
4729191	4729192	1
7548883	7548854	2
6539432	6539411	1
7263167	7263138	1
8867760	8867752	1
6932155	6932156	1
5906140	5802541	2
6732871	6732872	1
10730557	10729981	2
7823041	7822853	1
6180555	6180522	1
2280881	2280397	1
9984354	9984421	1
3640640	3636768	1
505973	490586	3
11474623	11474071	2
3534583	3534636	1
8176821	8176893	2
9775588	9775391	2
1803108	1803120	1
6242750	6242762	1
11335085	11335170	1
6965214	6965217	1
2046103	2046057	1
1775273	1775274	1
11722030	11722029	1
10747353	10747363	1
3930443	3930446	1
11799095	11799752	1
3767898	3768563	1
11471830	11473166	1
9350843	9350907	1
6210445	6210446	1
1108850	1108849	2
1444919	1444920	1
10297058	10297057	2
8359892	8359891	1
4498780	5573529	1
4496363	4496364	1
4553993	4553994	1
11512691	11512741	1
10433476	10433475	1
6495932	6495685	1
3477537	3476848	1
11843798	11843826	1
5007945	5350712	1
658447	658530	1
7404039	7400781	1
5130354	1191209	1
11054799	11025084	1
6336693	6336694	1
7988021	7988022	1
7590661	7590662	1
1246654	1245130	1
9074006	9074003	1
11345609	11345691	1
11462076	11462075	1
9609581	9638459	1
7291428	7291427	4
3707960	3707959	1
2547891	2551015	1
348205	347689	1
5302522	5311123	1
10441904	10441703	1
10231253	10231264	1
9624521	9624522	4
4942659	4942664	1
10610884	2048589	1
1357414	1357413	2
359150	360889	1
1397346	1397345	1
4738070	4738069	2
5273296	8151394	1
4571670	4571667	1
3068632	3068629	1
6082872	6082871	1
8706867	8706186	1
4071335	4071150	1
2419085	2419086	1
10957487	10957492	2
664036	664034	1
6499182	6499586	1
11387773	11388965	3
12183048	12183053	1
9475593	9475052	1
1178439	1178440	3
11387771	11387772	4
9912187	9895210	1
12371933	12371934	1
10301623	10301624	1
875045	10265596	1
6840818	6840817	1
1321336	1321335	2
9624388	9624387	2
2750286	2750285	1
3480664	3480663	1
12485589	12485546	1
11006027	11005024	1
12382682	12382678	2
6760676	6040369	1
7739837	7739838	1
11342165	11342166	1
2082635	10505352	1
8846935	8846936	1
7352493	7352494	1
11011004	10957486	1
5164374	5164348	1
2405544	2405543	1
3084214	3084171	1
11351293	11236430	2
3750843	3751632	1
8757249	5567821	1
3968357	3968358	1
3898897	3898884	1
9598707	9770558	1
2750288	2750287	1
3103191	3103193	1
1365206	1365131	1
6121064	6121170	1
8748943	8748944	1
2442948	11215742	1
1748219	1481606	2
4600179	4671850	1
270380	10107150	1
5564516	5564515	1
8398647	8398592	1
3873650	3873313	1
1838918	9466627	1
3975929	3975930	2
2645335	2645462	1
5704921	5704922	1
9159929	9189604	1
7581014	7581061	1
8555820	8551837	1
1727287	1727129	1
1248375	1253047	1
2792094	2792091	1
269851	269852	1
5296582	5296346	2
11494174	11492856	1
6924750	6919584	1
11637538	11637537	1
1075628	1076291	1
5971079	9763346	1
6722492	6722489	1
12673617	12673618	1
1419021	1419022	2
7699380	7697623	1
3777296	3777295	1
2419046	2419084	1
4239609	4239610	1
9436637	9436638	1
9250601	9250602	1
12473280	12472749	1
401249	401250	2
11472430	11472427	1
12777649	12777714	1
5705384	5705387	1
6722492	6722491	1
1088581	3274155	1
8796265	8796266	1
6929150	6929157	1
11007012	11008907	1
3534635	3534636	1
2659837	2658656	1
99617	98912	1
2273088	2273087	1
6698311	6698312	1
1748550	1748549	1
4696056	4696084	2
8645656	8639801	1
10464487	10464490	2
3241913	3241888	1
10838147	10837455	1
4553752	4553416	1
12379732	12379731	1
10029526	10030761	1
6461783	6461835	1
1298141	1298142	1
9692824	9692979	1
7566082	7564874	1
6704273	6704274	1
10451535	10451536	1
9624523	9624529	2
5049160	5648855	1
9624390	9624389	2
8303195	8302994	1
2994594	2995219	1
2159372	2159371	1
10757692	10757851	1
3508878	3508875	3
11207852	11207851	1
11761300	11771086	2
10395324	7350089	1
7739835	7739836	1
615040	613824	1
1545156	1538242	1
1785586	1786090	1
11834281	11834282	1
12641859	12641860	2
7516607	7516610	1
3273385	3273386	1
1075399	1075400	1
10135001	9387115	2
7525404	7525403	1
3463802	3463805	1
3252266	4122343	1
10802428	10802562	1
2371535	2374580	1
4625140	4625135	1
11494213	2135906	1
8876890	8876880	1
2168870	2168873	1
7240905	7241895	1
9548672	9548575	5
7770309	7770291	1
2019827	2021890	1
11709082	11709076	2
896954	896948	1
7446324	7446316	1
10460353	10460396	1
2776685	2776686	1
3763268	3763279	1
2783699	2783702	1
3034513	3034336	2
12662427	12662428	1
11122308	6663576	1
11135412	11135422	1
9759238	9759244	1
5213233	5213234	1
6619680	6635073	1
12452963	12452968	1
7691509	7750922	1
8710052	8710284	1
6875292	10222387	1
5981476	5981481	1
104966	105007	1
8674487	8674497	1
11997514	11997500	1
4843272	4842731	1
7889044	7956475	1
9647621	9647599	3
8299257	8299258	1
6689377	6689267	1
490680	490679	2
9470503	9470506	2
9038437	9038438	2
6921576	6921575	1
12604337	12604340	2
10729980	10729979	2
6103926	6103923	1
1777623	1777604	3
10673389	1887970	1
1890562	1890561	1
846666	846326	1
5649594	5649593	1
10190044	10190085	1
4798021	4798022	1
4498780	4498779	1
9330330	9330329	1
8377891	8377892	1
9345264	9345186	2
10051474	10051680	2
1173274	1170575	1
925432	925448	1
413561	413564	2
12147263	12147264	1
1535591	1535852	1
5652782	5652863	1
2666793	2666716	1
8516558	8516519	1
4746899	4747523	2
5880041	5754385	2
3821676	3821647	1
3618260	3618259	2
5203408	5187984	1
2159370	2159369	1
10564714	10571390	2
7908088	7908058	1
12259440	12259439	1
7378877	7378933	1
3122138	3122685	1
8748945	8734840	1
149993	147958	1
6706727	6706735	2
2235765	2235766	1
2853770	2853313	1
6578427	6578210	1
10938315	6481532	1
72862	72884	1
6882412	6882407	1
6433780	6433779	1
3736361	3736338	2
3053284	3047149	1
7923007	7923008	1
6655385	6655400	1
1974615	1974684	1
6278970	6278967	1
1250587	1250669	1
1631618	1474618	1
7402400	7402399	1
1983274	1983291	1
619382	619381	2
8613527	8613562	1
5744429	5744430	1
5227766	5293299	1
10476881	10476723	1
9077876	9077818	1
12641392	12641353	2
1397344	1397262	1
4574299	4574262	1
11886907	11886847	1
3527780	3527783	1
2951572	2951571	2
10091301	10091302	1
7075614	7172448	1
2783701	2783702	2
931707	931726	1
5509247	5509218	1
3561936	3563035	1
11467687	11467688	1
9910173	9910133	1
3651441	3662911	1
11242655	11338909	1
5998267	5998301	1
203629	205986	1
10066440	10066203	1
10382779	10382780	1
5007930	5355782	1
11893553	11894863	1
11633746	11635277	1
8453494	8453493	1
2370055	2371532	1
11061134	11061072	1
11441359	11441360	1
1776134	1776130	1
5669814	5660128	1
11912590	11912350	2
11331873	11360013	1
3968359	3968360	1
9829739	9829174	1
3535312	3535311	1
8978877	9116896	1
4369921	4369922	1
10658175	10718088	1
240292	240319	1
1535162	1710532	1
1802776	1075398	1
8240937	8241006	1
4154849	4155694	1
9446158	9446162	1
6086218	6086213	2
5227682	5227623	1
7817704	7867596	1
3410391	4176750	1
3446850	10369061	1
522672	522669	1
6361278	6361277	1
1944253	1953473	1
10265597	10265598	1
341691	344410	1
1296479	1296920	1
6420582	6456509	2
3756942	5013651	1
7615871	7615872	1
9990819	9991594	1
11122889	11120210	1
216697	216657	1
5213235	5209806	1
7481409	7481410	1
11734051	3763271	1
3521251	3522734	1
5329614	5329613	1
10215365	10215560	1
9345301	6697770	1
8313617	8313618	1
10081983	10081984	1
10872830	10872850	1
4748878	4746515	1
9121020	9120494	1
5474015	5474016	1
8399833	8399807	1
8017728	8017727	2
8977413	8976280	1
3293184	3293183	1
3693007	3693008	1
11296287	11297639	1
5431024	5431041	1
2686779	2686716	1
3963967	3963937	1
285261	285262	1
4439455	4439456	1
568978	562133	1
12122346	12122345	2
5783795	5783840	1
7053594	7044736	1
4387288	4387287	2
5200703	5200704	1
11974674	8769565	1
3563052	3563028	1
3534583	3534634	2
7930075	7930079	1
5369726	5369700	2
11012776	11012773	1
5452089	8483561	1
9003557	9003558	1
940262	942112	1
4430139	4430154	1
12035768	12035784	1
9163832	9163917	1
317912	317909	1
217386	217408	1
1479244	1479627	1
2521900	2521919	1
1248375	1248376	2
10296528	10297474	1
4942657	4942658	1
9590628	9590627	1
5642679	5642613	1
10371343	10371946	1
6655401	6655402	3
3601425	3600597	1
3527647	3910931	1
3480664	3480661	1
6655403	6655404	2
2276101	2276093	1
10572265	3967658	1
5573528	4498777	1
3595568	3595507	1
7737015	7736872	1
2516504	2516507	1
12405914	12405913	1
5969873	5978615	1
11604513	11604514	1
5611517	5611518	1
11409046	11409054	1
5314166	5314298	1
11229970	11229690	1
2141057	2141058	1
6943588	6943518	1
8375986	8375812	1
452960	453046	1
9470929	9470930	1
12673619	12718855	1
11147166	11115125	1
6290799	6290800	1
619384	619383	2
10294565	10294340	2
9486364	9486396	1
11586352	11595237	1
2517489	2517490	1
354225	287578	1
11501334	11501330	1
12122365	12122347	2
12607529	12436189	1
7754379	7754380	1
6103930	6103927	1
7408652	7408651	1
2468747	939903	1
5648854	5648853	1
4154464	3419456	1
5079221	5350522	1
4046577	4071582	1
6477154	6419326	1
9663014	9662740	1
2540507	2539234	1
11310563	11309764	1
11052437	11052438	1
10407915	10283432	1
4065410	4065409	1
10839707	10839740	1
7127914	7127913	2
12803072	12803071	1
4738075	4738076	2
8290277	8290254	1
9159605	9159606	2
5273298	5273297	1
8446668	8446665	1
1479624	1479623	2
6990806	6991377	1
2909137	2907212	1
6843127	6843128	1
7472459	7472457	1
6461617	6461267	1
6061291	6054890	2
10150906	10150903	1
4829343	4829344	1
5760551	5760552	1
9159605	9159567	1
7657628	7657819	1
3994494	3756943	1
3307312	6181692	1
1253046	1253045	2
10424995	359921	1
5097873	4993800	1
12446427	12446418	1
6157051	6157528	1
10904679	10904680	1
7244698	7244697	2
969739	969740	1
