fend1	fend2	count
6406084	6406083	2
8032730	8033117	1
5651158	10448274	1
12772976	12721562	1
719406	719405	1
1765719	1765720	1
4575325	4575342	1
5572292	5572291	2
7980383	7980384	1
11860514	11860513	2
4350738	4350683	1
4407535	4407536	1
1991750	1989238	1
5526297	5526298	1
4713722	4713721	1
1602873	1602874	1
1267909	1267623	1
4664733	4670494	1
10814119	10814283	1
7696520	7695749	1
7863810	7863809	1
7180821	7180834	1
6634397	6634390	1
833481	827838	2
8665222	8665221	2
667689	667690	1
6947539	6947561	1
3903202	3903201	1
2644033	2644034	1
8684029	8678231	1
6210303	6210314	1
3334025	6376667	1
477332	477329	1
8475567	8475568	1
4372984	4469923	2
9989963	9989964	1
675825	675826	3
2309594	2309593	1
4186880	4187254	1
2792652	2792651	1
8917419	8917420	1
229317	229318	2
3199515	4053420	1
2096960	2096959	1
10653262	10666364	1
3195484	3195483	2
10827600	10827596	1
12429949	12429608	1
6873582	2726313	1
6014025	6014028	1
8192537	8192538	1
7178091	7178713	2
1312706	1312362	1
8990060	10172019	1
6002929	6002930	1
2452733	2450874	1
11704320	11700617	1
3247473	3247474	2
6906076	6906075	1
1691232	1691231	1
1773942	1773941	2
1016135	1005825	1
6144396	6144395	1
8606797	8606802	2
7227365	7227366	1
2809120	2809119	1
3118992	3078665	1
462626	781224	1
2264644	2264383	1
11831331	11832045	1
10257378	10257445	1
4255454	4255430	1
9480929	9482770	1
3754138	3754137	1
6194732	6194748	1
675821	675826	1
2164074	2168641	1
312006	312819	1
5731168	5731167	2
1453696	1453693	1
10779103	10779104	1
8566447	8566448	1
3196424	3196423	1
10230910	10231500	1
8546205	8546114	1
4055242	4055292	1
10446520	10446519	1
9658657	9658658	2
6002927	6002930	2
10126213	10126202	2
10075410	10075409	1
5693448	5693472	1
158983	158984	1
3307146	3307446	1
9692012	9692009	1
12475011	12475134	1
5981327	5981328	1
1549993	1549994	1
9058185	9058186	1
1988644	1988643	1
208142	208141	4
7196195	7196368	4
7906219	7903641	1
8314864	8314863	2
9091392	9080539	1
6280481	6280482	1
12590711	12590712	1
8997179	8997180	1
4563630	4563629	1
9763193	9763194	1
2474078	2474075	1
12457051	12457052	1
754280	754272	1
10214564	10214630	1
6695223	6695226	2
3195747	3195415	1
3360040	3360422	1
10922921	10922885	1
1276711	1276738	1
3558151	3558152	1
2085776	2085775	1
6555553	1510921	1
10156162	10156161	1
9677671	9677672	1
3556577	3556578	1
2164045	2164046	1
7273126	7273125	1
10101795	10102097	1
5607270	5731171	1
368953	368954	1
10131129	10132251	1
2328372	2328388	1
8163830	8163797	1
5547196	5547366	1
551063	551913	1
10211236	10212338	1
5591931	5591932	2
5888050	5888049	1
229319	229320	2
4235308	4236588	3
3272403	3272404	3
2165645	2165676	1
2025827	6213466	1
1574236	1574235	2
11897363	11897366	1
2594000	2593999	2
7446492	5373299	1
12590709	12590710	1
2854972	2854969	1
3588947	3588948	2
8348841	8348842	2
5918037	5918038	1
2125369	2125435	2
11860518	11860515	1
5870389	5867816	1
11190208	11190205	1
8427456	8427278	4
12736827	12736828	2
3731546	3733723	1
1069769	1069770	1
11792033	11792034	1
2149310	2148725	1
5087970	5087978	2
3352162	3352161	1
5797373	5797532	1
5075485	5075486	1
8175378	8175377	1
4785484	4785483	2
8024435	8014158	1
1453694	1453693	1
1071915	1071487	1
8896297	8896298	3
6695223	6695224	1
5582308	5582307	1
10151391	7889139	1
9232896	9232895	1
5754733	5754734	2
4006291	4006247	1
10714758	10714588	1
7428794	7429068	3
2729297	2729298	1
7538322	7538515	1
449409	449410	2
1784542	1784475	1
4053464	2356018	1
3985253	3985310	1
993489	993445	2
11045705	11049627	1
3817929	3821939	3
12734996	12734995	1
673033	792123	1
5958543	5958585	1
5221303	5217898	1
8749140	2740357	1
5968478	5015609	1
12799085	4722593	1
1463981	1463982	2
2815829	2815830	1
11860518	11860517	1
2149310	2148732	1
3677161	695910	1
7294138	7294137	1
11769176	11769147	1
1653230	1653229	1
12478080	12478752	1
429237	429238	1
2045484	2045483	1
1587655	1538532	1
11179524	11195250	1
999320	1059280	2
279613	279614	1
6184882	6184885	1
6223430	6223432	1
2849782	2849781	1
3263065	3263068	1
4582081	4582107	3
11343919	11343920	1
7781455	7781724	1
3955572	3955619	1
6010158	6010155	1
10415066	10415061	1
7055748	7092011	1
7578510	7578509	1
8585240	8585239	1
3660112	8213123	1
3743165	3743166	1
11382364	11382561	1
3370762	6515486	1
5864988	5864487	3
12463762	12463031	1
11906288	11906285	1
9280426	4253554	2
11906288	11906807	1
371021	371240	1
4589341	4589342	1
5016442	5016408	2
11906284	11906807	2
6720040	1005055	1
7555329	7555330	1
8769677	8769866	1
7956103	7960397	1
4070124	4069605	2
11156863	11156864	1
237615	237616	1
1176676	1176675	1
6803682	6803681	2
3124031	3124032	2
3883858	3883875	1
7446355	7446314	1
2807259	2807260	1
10214564	10214628	2
9253364	9253353	1
9025283	9025284	1
3287560	3287555	1
1516975	1516976	1
2101414	2104469	1
988735	988736	1
2974451	2974657	1
412854	412853	1
102569	102570	1
2477007	2477279	1
11551888	11551881	1
7826417	7826418	2
2610054	2610782	1
6571069	6571070	3
11923443	11923444	2
5705332	5705329	1
9578553	9578554	2
4745089	4745090	1
9463229	9463230	1
9674962	9673861	1
620287	620288	2
6283125	6283126	1
4260629	4260630	1
1962735	1962738	1
12461691	597400	1
7085378	7085377	1
9318780	9318779	1
4090877	4090736	1
3937177	1579061	1
5319219	5319384	1
12368892	12368895	1
9055710	9055709	2
6778676	6778675	1
3544542	3546234	1
7931854	7931853	3
12472460	12472457	1
3605947	3623681	1
9089134	9089133	1
3247475	3247476	2
8749140	8749139	1
9320175	9319555	2
434478	440065	1
3209795	3210258	2
4364359	4364360	1
963398	961878	1
9540205	9540206	1
6650656	6650655	1
954083	952232	2
7279294	7279312	1
12551788	12551791	1
11551888	11551883	1
5715070	5715069	1
8019978	8020272	4
5370061	5370062	1
11816664	11816644	1
477330	477329	1
6073946	6073945	1
2811399	10939207	1
12475321	12475333	1
10362822	10362819	1
2778281	2778282	2
4574167	4574170	1
6954351	6954349	1
7554306	7662976	1
2253050	2253060	1
6852384	6852383	1
8746616	8747178	1
3360426	3360423	1
8321176	8321175	1
12310345	12306925	1
6362728	6362725	1
4538748	4538747	2
11662232	11662206	1
8547328	8547320	1
9584380	9584383	1
10789902	10790219	1
12468623	828131	2
2807255	2807256	1
8976741	8976742	1
10222147	10221078	1
6838345	6838346	2
1906594	1906593	1
2825963	2825974	1
6088652	6088651	3
556891	556892	1
2571154	2571066	1
2618005	2618006	2
1395815	1395699	1
4695568	4695567	1
10025040	10048776	2
6178648	6178991	1
6082266	6082265	2
2298939	9637297	1
9757576	9757786	1
4455269	4455270	2
2126057	2126179	1
2721991	2721655	1
6598021	6598022	2
2100640	2091571	1
6014996	6015521	1
3661033	3661034	1
7286713	7286714	1
8088018	8088017	2
6186560	6186557	1
1103333	1103334	1
1422146	1422145	1
1675952	1675949	1
3247471	3247472	2
7548464	7548502	1
1443773	1443774	1
237488	227851	1
11036514	11035807	4
1712047	1711799	1
5879705	5876660	1
6958791	6958792	3
10630101	10630809	1
265049	265050	1
9027569	2738911	1
2724564	2724563	1
4140925	4140928	1
2794877	2795368	1
1543480	1498072	1
11088421	11088410	1
11367383	11367454	1
11500021	11500000	1
10171308	10171307	1
8822870	8836207	1
10282645	10284404	3
6580480	6684694	1
9695018	9695015	1
10896576	10896573	1
2452733	2452734	1
3133604	3133603	3
360043	360046	1
7384425	7384426	1
2147083	2147084	1
11908613	11908614	1
3119006	3078656	1
5816335	5816314	1
5086085	5088414	2
4184502	4184501	2
2398798	2398795	1
3455296	3455295	1
9566553	9566556	1
6318253	6318566	1
11613244	11609507	1
3960281	3960282	2
8671883	8671884	1
1499173	1499174	2
2898619	2898622	1
7696523	7696541	1
10895961	10895962	1
9327890	9327487	1
9490350	9490294	1
7446854	7447112	1
945528	939993	1
1100660	1100701	1
10953018	10998833	1
3522955	3523544	1
191088	192103	1
5564891	5588854	1
441225	441226	1
7933264	7933263	3
6108879	7201263	2
7923172	7923171	1
2610783	2610784	1
3691149	3691154	2
11660900	11660897	1
6161113	6161114	1
11386443	11386554	1
8009552	6749729	1
7397770	7397751	1
1453696	1453695	2
7330151	7330874	2
6873335	6873336	1
9313305	9313331	1
6985963	6985964	2
9894703	9894704	1
9151679	9151680	1
10213927	10213956	1
3089371	3110995	2
9030705	9030708	1
2112652	2113222	1
4847719	4847758	1
4006088	4006085	1
6757187	6757188	2
4563789	4668269	1
9419568	9419565	1
6701493	6701494	1
5130437	5130438	1
2225403	2225404	1
4350735	4373731	1
972132	972363	1
1948729	1948730	1
2952440	2952488	1
6094394	6094156	2
11387614	3287122	1
11388485	11388486	1
3817927	3817928	3
3739009	3739010	1
6429368	6429363	2
2529169	2529170	1
5918853	5017139	1
1237274	1237273	1
7017868	7017954	1
3511068	3511067	1
10935921	10935905	1
7385744	7385743	1
7841549	7841550	3
5877519	5877557	1
8979694	8979693	2
1526256	1526205	4
9176978	9176977	2
6199626	6199625	1
11923445	11923446	2
6051068	6051065	1
6856292	6856337	1
471418	866537	1
11525604	11524737	1
1655421	1655541	1
2740069	2740070	2
9100822	9100467	1
3301377	3301378	1
12323835	12323836	4
4200865	4180955	2
7990164	7990161	1
6159948	6159947	1
2721990	2722297	1
7968710	7967811	2
5558078	5557912	2
2469823	2469826	1
4011702	4011661	1
5577481	5577484	1
9045952	9045951	1
8837284	8837283	3
5192431	5194500	1
88594	88591	1
10974652	10974651	1
9488006	9368342	1
9488006	9488005	2
6183661	6183664	2
5962655	5968244	1
486212	486852	1
8522659	8520573	1
9692012	9692011	2
7202997	7202998	1
5635481	5635482	1
4455271	4455272	2
6202557	6202558	2
11791940	11792032	1
1691230	1691229	1
2499665	2499633	1
5994040	5994024	3
12259561	12259562	1
4958192	4957942	1
9530538	9530482	3
7644809	7646558	1
4277975	4277929	1
3620039	3619985	1
5838420	11253185	1
2983748	3044219	1
10369062	10369061	1
1106142	9250263	1
9975629	9975630	2
11923441	11923442	3
7873955	7873956	1
5934287	5934288	2
6576169	6576172	1
428917	420290	1
1884685	1884686	1
11384408	11384407	1
12315045	12311650	1
429699	429751	1
9073959	9073886	2
435360	435359	2
2164265	2164266	1
11386555	11386556	1
4236589	4236594	1
4282923	4284422	1
11790582	11790581	2
11966959	11966211	1
3595761	3594829	1
7923170	7923242	1
73409	73410	2
3500501	3500502	1
1112123	1112124	1
2068514	2068513	2
668045	530765	1
362273	368950	1
2668968	2668967	2
7863812	7863811	1
4760202	4760201	2
661149	661156	1
8279910	3552962	1
1119446	1119462	1
4414965	4415013	1
1596145	1596059	3
6814043	6814171	1
5550884	5550883	1
3119008	3119007	2
5070116	5070115	1
5629791	5629792	1
5634826	5636658	1
3576427	3576428	1
6634391	6634394	1
12456146	12456006	1
4013574	4013571	1
1463983	1463984	1
6097230	6097202	1
2561231	2561232	1
10189752	10193046	1
7063620	7063615	1
7112285	7112286	2
5350364	5350363	3
8758065	8646689	1
4643017	4643018	1
8876885	8876864	1
8426331	8426332	2
2952597	2953065	1
3910535	3910536	1
3198602	3198597	1
2469823	2469824	2
3744183	3744164	1
6529419	6529420	2
2443489	2443495	1
1918555	1918558	1
7786319	7786562	1
5980737	5983558	2
5717569	5715071	1
2817253	2817254	2
5351754	5351518	1
11229245	11229246	1
1295150	1295153	1
9606157	9606158	1
7433622	7433363	1
1242584	1242583	2
6027277	6027289	1
4277244	4277231	1
6516536	6516532	1
6573175	6573176	1
7447084	7447083	2
5362588	5362587	1
6036864	6036862	1
9540201	9540202	1
1980394	1980391	2
9107972	9107979	2
3289227	3288042	1
6965285	6965286	2
5932208	5932207	1
2163400	2163399	1
9582601	9582602	1
4055244	4055243	1
7980385	1562569	1
5902383	5902403	1
6519433	6519417	1
12446295	12446296	1
5731170	5731169	2
4739569	4739570	1
88592	88591	1
7305478	7302718	3
6737263	6737264	1
11396181	11396153	1
8261028	8261025	2
2746360	2746321	1
4769615	4760170	1
10181579	10181833	2
5833682	5833681	1
9825862	9825861	3
3263065	3263066	1
9984538	9985245	1
3095853	3286160	1
9757033	9757034	1
1786662	1786680	1
10891036	10891035	1
3455838	3455835	1
10557895	10559674	1
7854060	7854059	2
10386762	10386761	2
4427875	7661267	1
2929525	2929528	1
11836038	11836027	1
815549	815550	1
2038488	2038136	2
9013701	9013702	1
3549705	3549706	1
7446314	7446301	1
5538570	5515344	2
1112089	1111811	1
10145807	10145770	1
7117032	7117031	1
3034019	3034020	1
7418653	8459595	1
1114370	1114373	1
8891946	8891922	1
8543791	8543798	1
6413304	6413309	1
8018444	8018443	2
229321	4724109	1
11558548	11558547	1
5288769	5287202	1
8241596	8242641	1
7067492	7067491	1
10883041	10883035	2
9917357	11375478	1
381266	381265	1
2947064	2944491	1
356208	356406	1
1259389	1259390	1
9045956	9045953	1
5271564	5434815	1
9765183	9765184	1
364878	364877	1
998870	1045613	1
11712623	11712861	1
12690520	12690517	1
4827656	4827655	1
11761178	11436515	3
9584118	9582358	1
6701495	6654998	1
4842500	920246	1
5176667	5176668	3
2486692	2486691	1
12276582	12276581	1
4092379	4095404	2
701770	701769	1
5266524	5266523	2
7191231	7191052	1
6923139	6923140	1
6052652	6052651	3
3411228	3410702	1
1740338	1740341	1
6476078	6476035	1
3301247	11393141	2
1542264	1542263	2
4221557	4221558	1
4775393	4775394	2
4391227	4391232	1
12673091	12677419	3
9073793	9073794	1
9338436	9338435	1
6536021	6536022	1
6210301	6210302	1
3987912	3987911	1
12636107	12636108	2
7055492	7042555	2
249384	249381	2
2469825	2469826	1
6533081	6533056	1
6159476	6158750	2
11423410	11423409	1
5997431	5997504	3
3693220	3693219	1
8766566	8767578	1
11214442	11213698	2
1561609	1560825	1
10451059	10451060	3
10135052	10135049	1
4141808	4141705	1
12662632	12673875	1
5517823	5517824	2
473689	473690	2
857856	857855	2
6427953	6431676	1
10697911	10696924	1
11861665	11861666	2
6852549	6852550	1
9967973	9967974	1
10734553	10734831	2
11242000	11243756	1
12512305	12512306	1
11618692	11618691	1
5572610	5572609	1
7710003	7700634	1
1119071	1119072	1
89143	89087	1
8616085	8616086	2
7227354	7822092	1
4292124	4289327	1
5223339	5223358	1
4043693	4043694	1
5653155	5653156	2
2952587	2953065	1
6697046	6698679	1
10983778	10982754	1
4660731	4431533	1
10205836	10205831	1
449938	432372	1
11197007	11197008	2
9692010	9692009	1
478343	478358	1
10482855	10483283	1
10896081	10896100	2
3287448	3287446	3
9159168	9159210	1
1315859	1316129	1
7832180	6000283	1
33205	32969	1
10778627	10778628	1
8169596	8169595	2
12267988	12267987	1
10184853	5749637	1
1593363	1592661	1
9552832	9552830	1
4271682	4271692	1
6787439	6779967	1
8701687	6418448	1
4069604	4069603	1
3513606	3513605	2
11386310	11386302	1
7342939	7342940	1
4492335	4492336	2
6886387	6886388	3
11962811	11962812	1
3275656	9474916	1
2486690	2486663	1
4953468	4953577	1
3987474	3987471	1
3942003	3942308	2
4006084	4006083	1
4418390	4416789	1
6318251	6318252	1
6051064	6051063	1
103489	103490	2
7103417	7103418	1
3776312	3776282	1
5994042	5994041	2
5906285	5906286	1
7229879	7229690	1
5925645	5925646	1
6706573	6706576	1
590667	590670	1
3482739	3482759	1
8850157	8850158	1
2872233	2872234	2
1785035	1785036	1
11118674	11108163	1
5601360	5601371	1
7108581	7108582	3
1042809	1042981	1
9135981	9126550	1
12458967	12458968	1
8837303	8837419	1
11203485	11203488	2
7298898	7288028	1
6744068	3355844	1
4238116	335252	2
7826419	7826420	1
7335280	7340286	1
5705330	5705329	2
5965997	5965998	1
3489605	3489606	2
5856047	5856137	1
9610556	9538099	1
7112287	7112288	2
1101082	1101079	1
3273489	3273492	1
6698000	6697029	1
3281134	3280503	1
6779869	7989571	1
3475638	3475635	1
3988157	3988348	1
9355677	9355678	1
10672638	10672637	1
11390055	11390056	2
1443768	1444531	1
5350364	5350361	1
4300695	4300696	1
7134417	7134373	1
1353466	1353465	1
6750559	6750292	1
11416413	11416396	1
597417	12461279	1
8570363	8570364	1
7939427	7939428	1
12338037	12338040	1
2967618	2959059	2
5175651	5180129	1
1829161	1829162	1
3619234	3619077	1
6958738	6958737	1
12155113	12182491	1
4567969	4567971	1
11763645	11763639	1
11128155	11128156	1
5450337	6906077	1
5879431	5816857	1
21466	2709874	1
3036566	3036602	1
7932441	7933265	3
7058146	7058145	2
3871239	3871226	1
3306126	3306125	1
6779936	6779935	3
6796485	6796486	1
3724034	3724027	1
1671180	1671212	1
1570667	1570668	1
6208909	6209503	1
5510630	5380162	1
7232145	7150398	1
3410703	3410704	2
3990932	3990943	1
10063193	10063194	1
6718555	6718556	2
1969207	1969208	1
1316932	1316931	1
8822883	8822884	6
5806319	5806320	1
11087819	11087820	1
10797198	10797197	2
8360810	8361803	1
1233469	1233421	1
5761658	5761657	1
6751917	6751925	1
3057436	3136996	1
9548447	9548106	1
5192314	5192313	1
3271210	442921	1
9024548	9024547	1
2395686	2395623	1
9801804	9801062	1
6860827	6861829	1
11587069	11587072	1
7956855	7956858	1
4011704	4011661	1
11874842	11875304	1
301659	301662	2
9355683	9355557	1
12620359	12750239	1
4608542	4608541	1
11023351	11217966	1
6429364	6429363	1
7375479	7374971	1
10394854	10394863	2
10214629	10214630	2
6518640	6518578	2
6839710	6839963	1
5483698	10717767	1
3305229	3305235	1
4711865	4711866	1
12691567	12691336	1
1151645	1151648	2
11003620	11003639	1
7196191	7196192	5
978166	978169	1
2400344	4031760	1
5092131	5092132	1
1318467	1318474	1
3455300	3455297	1
10897870	10897857	1
6917236	6921459	1
2412497	2412498	2
9605184	9605187	1
4330049	4330050	1
7058479	7058147	1
1704526	1704523	1
3903164	3903203	2
11016004	11017787	1
9396945	9376016	2
3592644	3592634	1
5094375	5094412	1
287185	287188	1
5263526	5263530	2
11551888	11551887	1
11906286	11906285	1
7814502	7227365	1
7196193	7196194	3
6573173	6573174	1
9335294	9335293	2
11599979	11599980	1
3265713	3265621	1
422202	422229	1
5779429	5779421	1
1758481	1758403	1
4438405	4438422	1
1580910	1581116	1
3696876	3696858	2
10906543	10906544	2
8217595	8222491	1
5834560	5834593	1
10678248	10679374	1
4326748	4196624	1
1606825	1606826	2
1708869	1708870	3
12653705	12653706	2
7923172	7923242	2
675821	675822	2
5880468	5880459	1
11206406	11019398	1
435360	435357	1
167967	167968	3
1757105	1757106	1
8443626	8443625	1
11577597	11577766	1
9801741	9801101	1
10189325	10189314	1
4737687	4737688	1
11966959	11966960	2
7549136	7547696	1
4291363	4291364	1
5993686	5993714	2
3121637	3121651	1
5961776	5961775	1
5528139	5528123	1
3150666	3150665	1
9973725	9973707	1
6165539	6165540	1
7868512	7868263	1
7734278	7734277	1
8002294	8002119	1
5533270	5533826	1
109986	35775	2
5846777	5851277	1
1401967	1401962	2
9387808	9387807	3
4432125	4432126	1
12537012	12537011	1
1089470	1089469	1
7258477	7258478	1
9770876	9770719	1
3268237	3268238	1
11196893	11197006	3
1987463	9138281	1
906286	907194	2
7228296	7228293	1
7804494	7804844	1
169772	169793	1
5002924	5003204	2
8814683	3119773	1
112484	9135024	1
2605762	2605761	2
993487	993488	1
343504	343503	1
10205838	10205837	2
5572072	5572293	1
10814487	10814488	1
3691155	3691227	1
3153504	3153503	1
12629445	12629446	1
8803222	8803221	1
432378	432377	1
1101466	1101311	1
6649890	6649889	2
9035681	9035675	2
11884050	11884049	1
659227	658922	1
7196603	7196604	1
1785037	1785040	1
4711690	4712536	1
3952157	3952158	2
465624	790584	1
10029053	10029018	1
11615946	11615945	1
6309546	6309545	1
653634	653633	1
9545092	9545091	1
7299296	7300561	1
6796050	6796060	1
10914617	10914618	1
6718557	6718560	1
6519539	6522349	2
4326736	4326735	1
6695225	6695226	1
798219	798220	1
2584814	2584790	1
7734278	7734275	1
5201779	5231663	1
2571071	2571065	1
2309592	2309591	1
5955113	5955114	2
3423494	3427665	1
11625914	11626142	1
8663877	8663878	1
12296018	12296024	2
11884827	11884853	1
1578612	1580205	1
1396237	1396238	1
3246194	3246189	1
2800042	2800041	2
11923443	11923446	1
5210283	5210284	1
4546385	4546386	1
12439231	12439728	1
10627670	10627985	1
7417305	7417306	2
441004	440976	2
1871865	1866647	1
1662584	1662583	1
7248536	7248507	1
9977764	9977763	2
10874138	10874137	2
11189130	11189127	1
8471114	8470346	1
3196934	3197738	1
8808478	8808477	2
4255574	4255573	4
3329266	3329265	1
8834117	8834118	1
6895808	6867618	1
3627974	3627973	1
280022	280393	1
4236589	4236592	1
1501960	1501959	2
8847737	8847738	1
3888594	3888727	1
1038062	1038079	1
1006522	1006513	1
2439433	2439434	1
9555387	9555917	1
11860516	11860515	1
6409406	6409403	1
11906471	11906472	1
719005	820480	1
33735	33736	1
5918039	5918040	1
6884216	6884150	1
4557003	4557004	1
10378953	10379092	1
3966878	3954538	1
8041140	8041095	2
6698586	6698585	2
754284	754281	1
10275416	10275413	2
11103944	11103939	1
6895778	6895730	1
2025508	1970247	1
10075408	10075407	1
4990170	4990169	2
8616084	8613546	1
2085776	6378947	1
5485685	5486730	2
1657935	1675953	1
10021494	10021493	2
7395906	7395905	2
4702709	4702710	1
4538271	4538272	2
6143159	6143160	1
6779695	1076711	1
5104701	5104912	1
9578561	9578566	1
4278674	4278761	1
7461572	7460547	1
2812309	2812310	1
4391233	4391234	1
1631869	1623408	1
3421591	3421592	1
1205307	1205308	1
9549136	9549135	1
6040180	6041142	1
4816397	4815159	1
8952873	8952874	1
104525	104526	1
11151787	11150541	1
3531501	3531502	1
7766606	7766533	1
8954835	8954836	1
6698657	6698658	2
73411	73412	2
9071857	9060859	1
3860732	3860647	2
6413308	6413307	1
6798082	6797783	1
1170854	1170851	1
2282258	2282257	1
11663678	11663677	1
1017452	1017160	1
2592266	2592265	2
5946703	5946704	1
5918851	5918852	1
2906688	2921140	1
7413610	7423444	1
4746756	4632268	1
11908611	11908612	1
181053	174899	1
5130439	5130440	1
7684654	4435639	1
6704332	9740738	1
6010152	6010149	3
70387	86541	1
7696521	7696541	2
4074302	4074301	1
8730595	8730596	1
7883539	7883910	1
1237272	1237271	1
11922819	11922820	1
10911345	10911798	2
7475184	7475183	1
1738449	1738450	1
8946700	8636906	1
8426333	8426336	2
4269585	4271843	2
11730217	11729738	1
4525208	4525207	1
3235908	3236383	2
722919	820640	1
11248819	11248820	1
9819231	9848818	1
675821	675824	1
9962727	9962728	1
10101795	10102095	1
772053	12475747	1
3455302	3455301	2
11083054	11083053	1
3267228	3970273	1
215314	215313	2
7409268	7409267	2
9522512	12463740	2
4482869	4482872	1
10213251	10213252	1
6737309	6737969	1
4990172	4990171	3
11597576	11594028	1
1636167	1637587	1
7538419	7542849	1
8731395	8731396	2
9734601	9734953	1
9566549	9566556	1
6418005	6418216	2
7734276	7734275	1
8444519	8444520	1
6839009	6839010	3
6576173	6571068	2
6186063	6186064	1
4180954	4180953	2
11983334	9115953	1
2422410	2422405	2
8837645	8837714	1
9582603	9582604	1
6722553	6722554	1
6837257	6838423	1
4607334	4607341	1
8760514	8760511	1
9069614	9065756	1
2746320	2746319	1
7409270	7409269	1
2341578	2341577	1
7020659	7020660	1
6136674	6136330	1
7112289	7112290	1
9913215	9913252	2
11302167	11302170	1
5804648	5804647	1
12196713	12196714	3
9153276	9152553	1
3259557	3259318	1
9969804	7698287	1
5087215	5085967	1
6096795	6096753	2
8749138	2740357	1
5256667	5258152	1
5176669	5176670	2
12595659	12595660	1
9068090	9065323	1
11197007	11197010	1
1734140	1733997	1
509103	508583	1
8874657	8874658	1
1550117	7975114	1
1416018	1416309	1
3759978	3760016	1
3243437	3241823	1
3239505	3239506	1
5289163	6479213	1
1368735	1360787	1
3499989	3499990	1
4166580	4166579	1
9930749	9930750	1
10960518	10961447	1
7978993	7979317	1
3489179	3489183	2
5018527	5018913	1
7279313	7279314	1
11441008	11440813	1
4954999	4955314	1
12441727	12441728	1
8960808	8960804	1
5419804	5419801	1
590011	590300	1
7570947	7570948	1
9560371	9560372	2
4345704	4345665	1
1532259	1319082	1
6035963	6017388	3
9501513	9501514	1
3015885	3015886	1
2864684	2864683	1
8164442	8164441	1
441232	441231	1
9749677	9749678	1
279856	280023	1
11393234	11393233	1
10291413	10291414	2
7196193	7196368	1
8663877	8663880	1
1695212	1695211	2
8662482	8662481	2
5635479	5635480	1
435848	435847	2
1327358	1327357	1
3313906	3313902	1
2550063	2550064	2
6114677	6114678	3
705189	701771	1
6010158	6010157	2
9055708	9055707	2
6370316	6370315	2
11945030	11945029	1
587150	587136	1
2464103	2427411	1
6799182	8000709	1
1516977	1516978	1
8011296	8005700	1
7841547	7841548	1
6650661	6647880	1
5069691	5066519	1
9442443	9631696	1
968946	968945	1
11783367	11783257	1
761975	761976	1
9586398	9586397	1
11384402	11384604	3
8976743	8976744	1
5993299	5993302	1
6529421	6529422	2
7257395	7257014	1
10936262	10936224	4
4084742	4084874	1
7973826	7973829	1
5005443	5005012	1
8561824	8561821	2
3440927	3440928	1
1088148	1088131	1
8753902	8753901	1
10852260	10852446	1
12316580	1790409	1
1542230	1542227	3
9566549	9566552	4
1069100	1069208	1
8012427	8012428	1
8472961	643111	1
7810084	7809927	1
11461739	11461744	1
5220886	5220885	2
7688674	7534015	1
5761441	5773315	2
3946393	3946017	1
10071497	10071498	2
2868970	2868990	1
2164047	2164048	1
4407504	4407536	1
6118664	6120304	2
5887276	5883873	1
1233838	1747216	1
2868971	2997499	2
8849250	8849256	1
1515152	1509034	1
2850921	2851158	1
11196485	11196144	1
1276569	1276570	1
11134630	11134620	1
4853304	4853303	2
11088419	11088420	1
1651812	1651220	1
4578371	4576132	1
2174781	2175854	1
6087656	6087585	1
792285	792286	1
1281201	1281202	2
11577228	11577225	1
7333795	7333798	2
12478995	12478998	1
6984122	6981312	1
4236688	4236687	1
4760221	4760189	1
8577810	8577809	2
7227831	7200528	1
1217577	1217578	1
3738869	3754141	1
7941676	7941675	2
10386760	10386759	2
8959011	8959012	1
5702277	5702503	1
12250507	12250508	1
5898468	5898045	1
10719759	10719760	2
11382025	11382026	1
5900174	5900185	2
2778283	2778266	4
12118679	12118688	2
5003205	5003206	2
3942048	3942013	1
11061992	11055056	1
6852549	6852552	1
8012765	8012766	1
9989959	9989960	1
281152	281062	1
3243435	3243436	1
4260009	4260010	1
6355310	6464101	1
1264199	1266585	1
6132035	6131443	1
2831616	2831615	2
3095849	3095850	1
4011704	4011703	1
7865969	7865970	1
7162087	7159341	1
6532153	6532154	1
11203487	11203488	1
7956853	7956854	1
3416686	3416685	1
988737	988738	1
4582079	4582080	1
10719757	10719758	2
3206910	3206860	1
4364357	4364358	1
3876889	3878399	1
11461745	11461718	2
9988755	9988756	1
113718	119250	1
9395046	9393568	1
1738451	1738452	2
977517	977509	1
3583813	3588946	3
11150544	11150543	1
7832182	7832181	1
9582723	9582757	2
1163979	1163980	1
4045285	4045299	1
667691	3968158	2
5041541	5041542	2
6200462	6200008	1
7144551	7153744	1
10540376	10476472	1
504123	504126	1
6595060	6595070	1
3736766	3734843	1
10135054	10135053	2
1187794	1187790	1
8776051	8776056	1
538819	538820	2
3944400	3944399	2
4714539	4721828	1
7593500	7593499	3
4628113	4604133	2
2041126	2041125	1
3773617	3775405	2
9004870	9004867	1
5179470	5179467	3
7853940	7853824	3
6994042	6993876	1
12747976	12747962	1
435362	435361	3
1041490	1041483	1
7058479	7058145	1
8798581	8798618	1
1943227	2264106	2
1618743	1618715	1
8923967	8923968	1
1090361	1090362	1
3831869	1445722	1
12375334	12375333	2
6026327	5773596	1
6204429	6204430	1
11019399	11019402	1
2331011	2331012	1
4390714	4391417	2
6576169	6571068	1
7078885	7075294	3
5399438	5399851	1
2649157	2649158	1
7831780	7768326	1
9347840	4856174	1
9049554	9049553	1
4407504	4407534	1
7196598	7196530	1
2742073	2742074	2
8665220	8663876	2
8837286	8837285	3
4608542	4608539	1
5955115	5955284	1
9763195	9763198	1
2191747	2191748	1
3243435	3241823	1
3255260	3255257	1
4462102	4462208	1
8848695	8848696	2
4102339	4102340	2
6418005	6418218	1
7416718	8533749	1
11620385	11620135	1
8806187	8806209	1
7107154	8011974	1
6429368	6429365	2
915448	914614	1
4275192	4275191	2
12034760	12225131	1
2178170	2265784	1
7555331	7555337	1
8963322	8963321	1
3255206	3255205	1
3500524	3500521	1
3929750	3929749	2
6010156	6010155	2
5496312	5496311	1
11383176	11383175	1
11528983	11529028	3
5814069	5814070	2
10877332	10876970	1
12034764	12034761	2
422228	421799	1
6742854	6744307	1
8923969	8923970	1
10039514	10045136	1
12052567	12052568	1
4175034	4175942	1
8464612	8462486	1
4469805	4468208	1
860207	860208	2
2367445	2365305	1
8913812	8913811	1
2085774	6378947	1
590766	590765	1
10135052	10135051	1
2521871	2521872	1
7436591	8448795	3
4527538	4307251	1
5995929	5995930	1
5749634	5749575	2
6650656	6650653	1
10105722	10105789	1
12317647	12317327	1
11294484	11294460	1
10090619	10090526	1
6522348	6522330	2
11236319	11236320	1
481647	481648	1
11176707	1827099	1
9395048	9395047	1
9975631	9975632	1
5353135	5353228	2
1291501	1291476	1
6350504	6350501	1
9968243	9968285	1
3322759	3323199	1
761985	761986	1
3018166	3018394	1
5645173	5645143	1
3832053	3833256	1
9266624	9266623	1
3256210	3256071	1
10434737	10434625	1
12527054	12527053	1
4260894	4261641	2
2805723	2805724	1
10135050	10135049	1
2191749	2201381	1
477330	477327	1
3197623	3197624	1
5917699	5917700	1
9034583	9034588	1
11387556	11387555	1
435846	435843	1
11090467	11094361	1
432380	432379	2
12229764	12229623	1
427276	426933	1
4671418	4671417	2
7429069	7429070	1
10904438	10904435	1
8661522	8661536	1
3884950	3884934	2
6491409	6491410	1
5103114	6096746	1
6041356	6041353	1
2484209	2484220	1
2499663	2499664	1
11966961	11966211	2
6694367	6694957	1
7414770	7417306	1
9678802	9678799	2
2997820	2997812	1
3302880	3302647	1
5087979	5087980	1
7414770	7417304	2
9563175	9563226	1
7480214	7480265	1
1176570	1192217	2
6777943	6777944	2
11029812	11029776	2
5199668	5199707	1
992821	992822	1
11930650	11930647	1
12267986	12267981	1
3309423	3309498	1
1417706	1417669	1
11128368	11128291	1
8035820	8035819	1
12491589	12491488	1
6720537	6720538	1
9300355	9300356	1
10151395	7889139	1
10063195	10063196	1
3355845	3355846	1
9368345	9368346	3
11461739	11461740	2
5011619	5011676	1
4198779	4198632	1
6362730	6362729	1
11537787	11537790	1
8012382	8012426	1
7923174	7923173	2
11924751	10460561	1
9177167	9177149	1
3545496	3545495	2
3540804	3540803	3
2814417	2814403	1
4991390	4990755	1
5013602	5012688	1
1704528	1704527	1
3153502	3153501	1
3791114	3789003	1
1675947	1675948	2
432380	432377	1
5123681	5124970	1
3736768	3736767	2
4348040	4348009	2
2270290	2270289	1
3802768	3802767	1
11206406	11019402	1
10979812	10979801	1
2089410	2089409	1
784993	787955	1
10284053	10284658	1
7943451	7943452	1
432373	432374	1
756600	756599	1
4187322	4187268	1
875603	846811	1
3048051	3049445	2
9141217	9141532	1
9584065	9582268	3
759194	759186	1
4671416	4778307	1
3639785	3551256	1
9495773	9495774	1
10911384	10910678	1
7279294	7279314	1
5279353	5279356	1
6191356	6191359	1
7187479	7186549	1
1772067	1770875	1
654133	654134	1
2743794	2738029	1
1792899	1788759	2
44716	44431	1
2452735	2450874	1
10419383	11738895	1
4736954	4736478	1
10449629	10451463	1
7247437	7251885	1
10619903	10619898	2
4121247	4121285	1
7391301	7391302	1
8074548	8074547	1
582829	582832	1
653841	653844	1
11226123	4095164	2
6373483	6373916	1
12692313	12692067	1
11549881	11549882	1
9678802	9678801	1
10797477	10823645	1
12621192	12617381	1
4541409	4581784	1
5094935	5094936	1
6073948	6073947	1
3513608	3513607	2
5535174	11480106	1
9387806	9387805	2
4348008	4348007	1
10285606	10285605	1
5257217	5257218	1
7436589	7436590	4
3909468	3909556	1
4269585	4271845	1
3870929	3863343	1
4677356	4677355	1
6777941	6777942	2
5221328	5221327	1
3129708	3133578	1
8822930	8822929	1
1538533	1538534	1
4438405	4438424	1
8890267	8890300	3
4703027	4703061	1
5643541	5643315	3
2997822	2997821	1
9257061	9257533	1
7139804	7139803	1
7907852	7907851	1
67969	67970	1
4600781	4601356	1
3122051	3122052	1
9047506	9047505	1
12307061	12307030	1
3703623	3703624	2
10298887	10298888	1
9337762	9337761	3
7255380	7255379	3
10774515	10774516	1
1176574	1176571	1
1988397	1988398	2
12815003	12814552	1
5256222	5252822	1
11441010	11440813	2
6034864	6032293	2
10945457	10944312	2
6113889	6112858	1
9062758	9061980	3
8859834	8859831	1
6526835	6526836	2
11087817	11087818	1
3546235	3546236	1
9722475	9722476	1
7547869	7547874	1
3540186	3540185	1
2176736	2176735	1
9387806	9387803	1
619343	619687	1
8822932	8822931	1
6041143	6041144	1
968944	970262	1
3554190	3554189	1
5717569	5715069	1
5567135	5556496	1
12396553	12396554	2
2692807	2692808	1
5956676	5959071	1
5454374	5446561	2
10285604	10285601	1
6509919	6509920	1
2646349	2645259	1
3500524	3500517	1
8889459	8889460	1
11854390	11854282	1
3554188	3554185	1
9501515	9501516	1
1086457	1085302	2
8663879	8663880	1
12382826	12382825	1
5285478	5288291	1
5956430	5956463	1
1202939	1202940	1
11055121	11061610	1
2427491	2427509	1
8891803	8891776	1
1595945	1595946	1
10286163	10286234	2
4148272	4166195	1
11906288	11906287	1
6591386	2365773	1
2815827	2815828	1
6958793	6958737	1
7080577	5518767	1
441221	441224	1
2692805	2692806	3
1277657	1277658	1
6163061	6163068	2
10663595	10663547	1
1561607	1560825	1
2007809	2001202	1
5558080	5558079	2
270813	270816	1
3316766	3316817	1
9150243	9150244	1
9684343	9684237	1
4767495	4767496	1
3539641	3539185	1
5350360	5350359	3
10994157	10994082	1
6679869	6679872	1
3100271	3100272	1
10875251	10875270	1
10667979	10667989	1
4823909	4823910	2
5221588	5221587	1
12276379	12276380	1
9392221	9392224	1
4777915	4777916	2
7294222	7294139	1
3489181	3489182	1
1717893	1717894	1
2807257	2807258	1
7418	5409	1
10779105	10779106	1
10151395	7889137	1
1176574	1176573	2
6560618	7179255	1
1681950	1682864	2
2508285	2508286	1
2517257	2516507	1
2901572	2901571	2
6811702	6812389	1
11758812	11739134	1
5689371	5689372	1
5923160	5923159	1
9463231	9463232	1
5804646	5804645	1
7696521	7696522	1
10718849	10718850	1
1969081	1969208	1
5711335	5711336	1
11529029	11529030	3
797326	797398	2
1405071	1405067	1
1443775	1443771	1
4565911	4565912	1
12618979	12774583	1
8803250	8803223	1
6797607	6797608	1
9995281	9995265	1
7187288	7187382	2
6858981	6858982	1
8829122	8829121	1
2952587	2952596	1
9885608	9885531	1
8475218	8475564	1
4738966	4738459	1
10451061	10451062	1
8285268	8285265	1
10365955	10363882	1
1237267	1237270	1
2805357	2805722	1
9540203	9540204	1
735311	735328	1
7776815	7777445	1
10131847	10139945	1
5926649	5926650	1
7429030	7428905	1
9768507	9768508	1
817569	817670	1
2842945	2842953	4
7786308	7786318	1
2758423	2758353	1
7300560	7300559	1
5993114	5993111	1
8728910	8728909	1
5630428	5630427	1
11250855	11251266	1
11761180	11761179	2
10120906	10120903	1
10060890	10060898	1
10892796	10892538	1
8665224	8665223	2
6718555	6718560	1
9989961	9989962	1
2709240	2709239	1
4411467	4407539	1
1773419	1773457	1
10438419	10440165	1
6491311	6491361	1
6637577	6636174	1
9625747	9625757	2
902642	902641	1
12368894	12368893	1
7593498	7594126	3
8624535	8624271	2
10136480	10136479	1
3648484	3648483	2
3309773	7914224	2
11833381	3633478	1
5634830	5634829	1
6656848	6657128	2
5721034	5721855	1
6418217	6418218	1
3326512	3327532	1
2199267	2199268	1
8530373	8530374	1
8479557	8487805	1
8427458	8427457	5
6128359	6128360	2
12812664	12812663	1
8422112	4785485	2
1313587	1313612	1
3119774	3119773	1
10258277	10257743	1
5309870	5309839	1
3994063	3994064	1
6751915	6751916	1
11057165	11057168	2
6174281	6174282	1
8968227	8968230	1
5075483	5075484	2
996548	1000212	1
2796795	2796796	1
12616202	12616251	1
7873468	7873488	1
12237647	12237797	1
7973828	7973827	1
1556427	1630739	1
5130632	5130629	1
4753454	4753378	1
2809118	2808407	1
9461774	9463228	1
11286139	11286180	1
4589009	4588984	3
12753557	12753558	1
12310835	12310836	1
5273777	5273778	1
583143	583144	1
2903911	2903912	1
10606008	10608730	1
388564	388563	1
667124	442242	1
11742338	11742320	1
3043295	3043296	2
2225405	2225055	1
1455199	1455200	1
6192734	6192733	1
11120018	11119231	1
10184386	10184601	2
4278091	4274750	1
4768692	4768689	1
798221	798222	1
5690149	5690150	1
5350362	5350361	3
9355679	9355682	3
1568588	1568585	1
10029051	10029052	1
6010154	6010153	3
7868613	7868614	1
8885170	8885173	1
7135644	7135620	1
3905298	3905267	2
6739844	6739843	1
4417913	4416728	1
2102571	2102572	1
4263712	4263569	1
8578341	8579233	1
3119774	8814682	1
2164267	2164268	1
7889539	7889540	1
4555131	4555132	1
10814282	10814279	1
619503	837867	1
3736570	3736972	1
6798963	6812929	1
3953049	3953050	1
10136478	10136477	1
8361802	8360811	1
8880351	8880756	1
5975887	5975888	1
3457859	2628973	1
8866569	8866570	1
169107	169083	1
1040473	1040561	3
845902	845901	3
381947	374584	2
12318370	12318543	1
583145	583847	1
11502914	11502913	1
9013699	9013700	1
2817028	2817027	1
5239548	5239044	1
2199265	2199266	2
7033815	7033816	2
442736	442748	1
8993619	8997826	1
2952442	2952441	1
10895963	3632488	1
5134378	5134377	2
1948728	1948727	3
8298401	8298402	1
12000430	12000432	2
7878080	7878079	1
3754140	3754139	1
2791297	2791298	3
3028752	2921386	1
792223	792142	1
5954528	6039254	1
1884687	1884690	2
10571163	10571164	1
4391679	4391680	3
2356737	2356738	1
2416548	2416568	1
7363202	7363201	1
12628678	12628677	1
8375262	8374656	1
2422404	2422403	2
3306124	3306123	1
6585907	6585924	2
1550115	1550116	1
5486529	5017761	1
2183246	2183245	2
41149	41153	1
3450845	3450848	1
10477830	10478109	1
2595299	6584757	1
3852729	3852732	1
4745091	4745123	1
3605884	3601689	1
12258599	12258614	1
641999	642036	1
10009950	10009949	2
6536400	6536399	2
5088415	5088416	1
11441010	11441009	1
7626800	7635732	1
6165028	6165267	1
9522514	9522513	1
9514704	9514690	1
12472834	752655	1
8682604	2108548	2
3945034	3945033	1
4438423	4438424	1
2084303	2084304	1
6100550	6100549	1
1708889	1708939	1
11518054	11518053	1
1620272	1620271	1
3993660	3993659	2
4068406	4068405	1
1581463	1581426	1
11118676	11118675	1
9387804	9387803	1
8570361	8570362	1
1786664	1786663	1
9495771	9495772	1
1561607	1561608	1
2095469	2095470	1
12372606	12372527	1
4536149	4536150	1
6134477	1915365	1
4094209	4094319	1
4742520	4742523	1
10904436	10904435	1
5221572	5221324	1
913677	919027	1
1879910	1879907	1
9354017	9356843	1
5013604	5013603	3
9366251	9366772	1
7460546	7460545	1
5262554	4337844	1
4991271	4991274	1
8599247	8599286	2
6509917	6509920	1
4008014	4007973	1
7257013	7257014	2
3360647	3360747	1
5358019	5356249	1
85959	87554	1
539243	539244	1
354949	354932	1
10207522	10207521	1
2521869	2521870	1
6047695	6047696	1
1626455	1626456	1
12592630	12617070	1
3116681	3121254	2
2148733	2148725	2
2183244	2183243	1
10762375	1328188	1
7073589	7073980	1
11663676	11663675	1
8504783	8504784	1
11962809	11962810	1
12446297	12446298	1
7082947	7082948	3
1951707	1951708	2
6958793	6958739	1
8818656	8819193	1
8808476	8809247	2
2901005	2898618	2
6739666	6739665	2
8892583	8892530	1
9110831	9112006	1
3922302	3922357	1
6409646	6411160	1
2033487	2033493	2
8687411	8687691	1
6137479	5471885	1
2164263	2164264	1
158168	158167	1
5918037	5918040	1
6163057	6163060	3
11985125	11985126	1
3410705	3410706	2
8890301	8890302	2
4586538	4586537	2
956298	956929	1
5193957	5193571	1
5013602	5012686	1
3514065	3514066	1
279856	280393	2
2825433	10929354	1
2403315	2403436	1
4311653	4291362	2
11853935	11853936	1
3609283	3609684	1
5070381	5070216	2
10979713	10979718	1
7266919	7401113	1
8443626	8443623	1
6195142	6195141	1
3551885	3551886	1
6183665	6183666	1
9682407	9683217	1
11853865	11853950	1
2358976	2358934	1
12155746	12155494	1
7418460	7418459	1
10250683	5966009	1
8805831	8805832	1
4724110	4724109	1
71063	95487	1
3511371	3511369	1
4742427	4742464	1
5666522	5666521	2
11150542	11150541	2
6334545	6334546	1
8822928	8822927	1
3987476	3987475	2
2832565	2832602	1
4449960	4489000	1
6361066	6361027	1
1270238	1270237	1
6637360	6630139	1
5419800	5419799	1
2929792	2928711	1
2494718	2494715	2
7534913	7534914	1
5346816	5346813	1
11515861	11853273	1
477328	477327	2
3808459	3807298	2
4823907	4823908	2
486853	486854	1
10551645	10551747	1
3015887	3015888	1
11197009	11197010	1
6687391	6687392	1
7541853	7541854	1
6739842	6739704	1
9581635	9581636	1
9025289	9025297	1
5223895	5223896	1
7810086	7810085	2
8530473	8530505	1
8701683	6418448	1
1033988	1033969	1
3693220	3693217	1
952233	952234	3
10542749	10543220	1
7035600	7033591	1
143567	253391	1
2884984	2898161	1
11514050	11514049	4
11550493	11550494	2
11423410	11423407	1
12317567	12317531	1
6757185	6757186	2
8803220	8803217	1
9707435	9706302	1
3555350	3555347	1
4200865	4180953	1
2222374	2222390	1
5612660	5612659	3
3931785	3931806	1
422044	418414	2
8155335	8155360	2
3124033	3129279	1
965261	965336	1
412852	412851	1
3931783	3931784	1
2645119	2645120	1
8253671	8253637	1
1765721	1765722	1
6128357	6128358	3
6281553	6281556	1
6004651	6004663	1
857858	857857	1
6797611	6797612	1
2953553	2953558	1
6679871	6679872	1
9355526	9355556	3
10904438	10904437	1
12046422	9966213	1
11628305	11618693	1
6087584	6087583	1
12396555	12396556	1
896928	896927	1
1723630	1723414	1
9688517	9774567	1
6090699	6098189	1
3536882	3540187	1
6961941	6961922	1
887015	887084	3
10205840	10205839	2
9166504	9166494	1
10892488	10892487	1
10131127	10131128	2
9049552	9049555	1
4044190	4044048	1
6743805	6743790	1
10179383	10179364	2
2265179	2265180	1
7976566	7976565	1
10147540	10147758	1
10267039	10266422	1
7767346	7767343	1
3903164	3903201	2
2312138	2312137	1
3073740	3210474	1
2225403	2225055	1
10789522	10789113	2
5436193	5436194	1
6536023	6536024	1
11966210	11966209	2
4053445	4053446	1
3511981	3511693	1
3602204	3602203	1
5878042	5878094	1
7417273	7414767	1
7693048	7693047	1
1778270	11185049	1
8314862	8314859	2
456652	456651	1
6797609	6797610	1
6413295	6413304	1
7003704	7003703	3
1043020	1043019	1
4713724	4713723	1
10567476	10571200	1
8963320	8963329	1
8098691	8098689	1
1738449	1738452	1
6885604	6885593	1
1480081	1480098	1
6002927	6002928	1
556639	556890	1
5961881	5987430	1
1455225	1455203	1
4544323	4544324	2
4990168	4990682	1
4156946	4156945	1
4372119	4372120	1
4492995	4482670	1
3606927	3606928	2
1176572	1176571	1
11517330	11517069	2
3508015	3508016	1
7146550	7115259	1
9339387	9339002	1
266150	267474	1
2508149	2512414	1
590766	590763	1
7055323	7055324	2
4441141	4441593	1
1767084	1767053	1
249395	249385	2
3657075	3653733	1
1328189	1328190	1
2001205	2001206	1
4181056	4200862	1
2773774	3514042	1
12282095	12282031	2
12814553	12814554	1
11811848	11811847	1
3542959	3542960	1
659089	659090	2
4573716	4573737	2
7305480	7302718	1
5263531	5263532	1
5199505	5199510	1
6481417	6481441	1
11057388	11061586	1
11386557	11386558	1
5177	7419	1
7203455	7202924	2
588334	588333	1
4268074	4268025	2
9488004	9368342	2
10151391	10151394	2
2469835	6009822	2
7186341	7186342	1
9075102	9075101	1
5206289	5206290	2
12387109	12387829	1
10103564	10101546	3
5918851	5017139	1
5631417	5631418	1
1543265	1543266	2
5330408	5329519	1
10408923	10408924	1
4664627	4664628	1
6814559	6814569	1
620759	620286	2
4184500	4184707	1
11621015	11621016	1
6174283	6174275	1
9557181	9557175	1
4064086	4064083	1
11935709	11935712	1
10928491	10928434	1
10263422	11891318	1
10278920	10278917	2
6064328	6059715	1
12310941	12306493	1
6047625	6047710	2
3923393	3923394	2
7832182	7832179	1
11461741	11461744	1
5421913	7026857	1
3944398	3944397	1
10891918	11366002	1
3624216	3620564	1
6852386	6852385	1
77457	77458	1
10021496	10021495	1
4186741	4186727	1
4701810	4708576	1
11600655	11600629	1
10797196	10797195	2
7058144	7058143	3
6045763	6045764	2
6010160	6010159	2
7548496	7548504	1
3341550	3341549	1
8533668	8533667	3
3937369	3939497	1
1626457	1620273	1
2988776	158169	1
12646727	12646728	1
6200007	6200008	1
1596058	1596055	2
1298715	1299402	1
4407506	4407505	2
11295545	11295548	1
2244344	2245180	1
12552457	12552458	1
12721003	12524225	1
10542747	10542748	1
7103415	7103416	2
3153504	3153501	1
1295152	1295151	1
3868566	3870943	2
3547761	3547888	1
6352883	10207163	1
9988757	9988758	1
3149856	3149855	1
9496529	3987583	1
8254189	8254190	1
6188351	6188355	1
5918035	5918036	2
10079678	10079677	1
3955572	3955617	1
4186739	4186740	1
9050830	9046545	2
2855450	2855468	1
10902573	10904762	1
6680727	6606170	1
6650658	6650657	2
3687814	3687813	2
1738453	1738454	3
776737	783381	1
8639404	8639190	1
5256782	8404824	1
8847523	8847524	1
5590270	5590260	1
9941729	9941730	1
10463218	10463217	2
2584816	2584815	1
3943883	3943896	1
2494718	2494713	2
10371948	10371945	1
6001282	6001281	1
2403437	2403438	1
538821	538822	3
355180	355155	1
9376010	9376036	1
7036603	7054684	1
7741297	7741304	1
4767497	4767498	1
9545090	9545019	1
4291721	4294134	1
5855909	5855920	1
1327541	1327555	1
12219630	12219562	1
12458967	12458604	1
10334288	10338464	1
1455201	1455202	1
3660119	3660120	1
6118108	6118107	2
1176572	1192217	1
229321	4724111	1
11151787	11150545	1
11301094	11301091	1
7498166	7497985	2
7841551	7841552	2
5440635	7322177	1
3539626	3539625	1
2494720	2494719	2
7452040	6843734	1
4575323	4575324	1
7305480	7305479	4
9622457	9627822	1
5576952	5576951	2
10205286	10205268	1
4271844	4271843	1
7461362	7460821	1
5605992	5606029	1
11854133	11855744	1
753571	753572	1
5419804	5419799	1
4514418	4514417	1
10769761	10769766	1
8372529	8372530	1
1765791	1765792	1
6160561	6160562	1
12458969	12458604	1
9699322	9699321	1
1493152	1493151	1
590764	590763	1
5351519	5351520	1
2842943	2842944	5
4486428	4486427	1
9294888	9295535	1
2249508	2249505	1
11776092	11776095	1
3023258	3023255	1
6650654	6650653	1
3193397	3193398	1
10152432	10233804	3
9901215	9901216	1
5705332	5705331	2
5897160	5896277	1
9699320	9699319	1
6640698	6640697	1
2347106	2347047	1
6852551	6852552	1
10021487	10021488	1
6665138	6665327	2
622707	621625	1
11551882	11551881	1
6088301	6088302	1
1317654	1317288	1
1165910	1246278	1
5926645	5926648	1
10164368	10163722	2
9985384	9985492	1
3743167	3743170	1
4297172	4296129	1
11372410	11372551	2
916506	916505	1
9712060	9712085	3
12751929	12751930	1
6873337	6873338	1
5201778	5231742	1
5220884	5220883	2
11533359	11533360	2
9834459	9834794	1
6852382	6852381	1
9503815	9503818	2
2103318	2103327	1
6128357	6128360	1
7420653	7420714	1
4044045	4044048	1
3220708	3220052	1
1969081	1969206	1
7818655	7822981	1
7101463	7101464	1
6881944	6881943	2
11314184	11314183	1
2309594	2309591	1
4186885	4186886	4
2796919	2796588	1
5808827	8033502	1
1888811	1888862	1
9687410	9687409	1
11151787	11150543	1
381268	381267	1
3193399	3193400	1
4850856	4851178	1
2307887	2307800	1
7148410	7148409	1
9711751	9711754	1
4586468	4586467	1
9359230	9358924	1
1450647	1605969	1
11156861	11156862	2
3410707	3421590	1
8845104	8845103	1
5517827	5517828	1
446009	446010	1
4663646	4663645	1
3279876	3279875	1
3121102	3131432	1
3095851	3095852	1
5059499	5059500	1
6045250	6045478	1
11002547	11004645	1
10879195	10879192	2
6342572	6342577	1
2855452	2855451	1
9757035	9757036	1
1295150	1295314	1
8014180	8014175	1
8903279	8903280	1
73049	73050	1
10893160	10893159	2
5598705	5598726	1
4034840	4034839	1
1997106	1997096	2
6493756	6493780	1
7547875	7547876	1
88594	88593	1
11248817	11248818	1
7248635	7248652	1
7593500	7594126	1
343506	343505	1
7952205	7952472	1
6083639	6083640	1
10260693	10260716	1
5449591	5449592	1
11299990	11299939	4
12196711	12196712	4
1829163	1829141	1
1776488	1776485	1
6679869	6679870	2
1250034	1250033	1
8059730	4335892	1
10205416	10205415	1
7263124	7263123	1
1080922	1080919	1
485839	485911	1
4469922	4469921	1
5018151	5018156	1
33737	33738	1
7977809	7977810	1
11533355	11533358	2
12391986	12391985	1
6640786	6640694	3
3032110	3032107	1
8849183	6555430	1
7554937	7566001	1
7196191	7196194	1
7810854	7810853	1
5517825	7074844	1
6886750	6886749	1
7932441	7933263	1
8402401	8402405	1
7175305	7175267	1
2775250	2775249	2
7229877	7229878	2
525193	525194	1
3500520	3500517	1
10297267	10297268	1
5075481	5075482	2
1071421	1071422	1
2783048	2783047	1
11372412	11372411	1
2444253	2444230	1
3546237	3546238	1
6791003	6790424	1
3955618	3955617	1
8923965	8923966	1
6103961	6104264	1
5663806	5663798	1
10355155	10355184	1
10047933	10024808	3
2248997	2227418	1
435358	435357	1
10101547	10101550	2
11382027	11382020	1
8390296	8390225	3
10355135	10355136	1
12797198	12797197	3
1200423	1200424	1
1879906	1879905	2
5748234	5748231	1
2434975	2434976	2
2749989	2749990	2
12118689	12118690	1
5012687	5012688	1
2007809	2001204	1
861761	861762	1
368951	368952	1
7055321	7055322	2
9759459	3342007	1
9047504	9047507	1
4743841	4743764	1
3960283	3960286	1
10002573	10002545	1
5204210	5203713	1
6847687	6847688	2
3360731	3361059	1
12690520	12690519	1
8505598	8504782	1
3283335	3283338	1
352410	350926	1
1643410	1643409	1
3133602	3129725	2
4251239	4251270	2
10792191	10792192	1
6618991	6618992	1
675823	675824	2
1962739	1962691	1
1573927	1573928	2
2440595	2440585	1
969960	969972	1
5777692	5777691	1
12436780	12436775	1
2160198	2160197	1
5918035	5918040	1
2924850	2924849	1
6108828	6108827	1
9784603	9784604	1
8443624	8443623	1
6200462	6200006	1
12551718	12551713	1
9693729	9693690	1
11301445	11301446	1
6604380	6604379	1
8606796	8606795	1
3042950	3042949	2
7417281	7341483	1
6568017	6568022	1
2494714	2494713	2
6566271	6566439	1
12646729	12536217	1
2649159	2649290	1
10746568	3149857	2
8779026	8779025	4
11203485	11203486	1
4095405	4095406	1
1407569	1407446	1
2434592	2434587	1
12622608	12456742	1
4713724	4713721	2
11461741	11461718	1
7855690	7855558	1
843030	843460	1
969973	971031	1
11387557	11388685	1
4372984	4469921	1
8846317	8846318	1
9497482	9497481	1
11538720	11538716	1
1171004	1171028	2
2206833	2206736	1
7859529	7543863	1
3263067	3263068	1
7257395	7257012	2
7108583	7108584	2
8624377	8624270	2
5996315	5996316	1
6088446	6088445	2
2900967	2900825	1
8577812	8577811	3
9566553	9566554	3
6940872	6941021	1
4044190	4044044	1
5999530	5999527	1
477332	477331	2
4575323	4575342	1
1453675	1453676	2
994370	995386	1
10207512	10207511	1
131538	131537	1
9653909	9665559	2
5427713	5427714	1
7734274	7734273	2
8817503	8817504	1
12725498	12725503	1
4770087	4792021	1
11550495	11550024	2
9368343	9368344	3
247055	247056	1
6509917	6509918	1
8475565	8475566	1
811930	811921	1
4573947	4573948	1
9566555	9566556	2
426949	426950	2
12690518	12690517	2
