fend1	fend2	count
1652275	1653156	1
179026	170729	4
6447705	6447669	1
1299062	1298220	2
3032181	3033031	1
4274307	4274308	2
2853001	2853002	1
3036158	3036157	1
7922241	7922242	2
7457891	7457902	1
6591087	2927313	2
11259890	11260999	1
5713670	5713669	1
2878023	2878024	1
1771183	1771186	1
6255954	6255960	1
2335760	2335759	1
5971903	6159331	1
14777	12814	1
5324292	5324271	1
9542616	9542611	1
27247	11905059	1
2280784	2280787	1
161388	161387	2
11916115	11916015	4
11188432	112600	1
6196530	6196529	2
562476	562394	1
296405	296355	1
680617	680640	1
1133155	1133149	2
4293341	4292926	1
3034125	3031310	1
2910622	2929834	1
22537	22540	1
3049484	3049640	1
8427701	8427702	3
9294604	9294607	1
9591708	9591707	1
6810257	6718101	1
758013	757703	3
3326629	3326630	3
2758908	2758907	2
3196986	3196985	1
4305036	4305035	2
5082047	5075518	1
660771	660661	1
3108185	3108190	1
6114233	6114234	1
1759272	1759271	1
9161532	9161503	2
6688517	6688513	1
12538705	12511223	1
8161886	8161885	3
11875752	11875751	1
8632470	8624015	1
7806183	6198736	1
1604132	1604131	4
9951553	9952238	1
5733113	5733116	1
10877492	1831091	1
11135321	11107534	1
6545366	6545368	1
6093162	6093161	4
3112541	3041213	2
11124459	11184198	2
6119124	6117738	1
650894	650893	2
5425880	1792948	1
6672719	6585474	1
12521457	12521448	1
9297373	9297374	3
10376106	10375830	1
6052226	6052225	1
7637507	7629922	3
1621789	1621790	2
3302860	3302865	1
8053163	2412740	1
4657089	4657090	1
1480119	1480120	1
509573	509574	2
368139	324763	1
8289269	8312711	1
10077597	10077599	1
3515891	3515921	1
65278	65277	5
7243076	7243075	1
11691119	11690972	1
5247192	5247195	1
2472803	2472804	1
8493667	8609968	1
12613215	12613308	1
2294518	2186465	1
10828624	10828623	1
10193990	10188737	1
5059585	10233250	1
4287887	4287888	4
8072500	8072499	2
11338135	11338138	2
6857944	6857935	1
10621362	10641073	2
9324392	9324448	1
9167170	9167204	1
3114118	3067041	3
8761266	8761121	3
4141401	4141402	2
624584	624583	2
7876269	7652740	1
2602703	2530345	1
5240126	5261837	1
12170982	12380133	1
3609463	3607692	2
7902518	7908738	1
4544277	4506824	1
6990452	6845205	1
899147	3112365	1
8533521	8546150	4
911799	911800	3
3652443	3652444	4
8675196	8675165	2
6235593	6235596	2
10435329	10435454	1
6836703	6836704	1
2450219	2450220	1
373929	373930	1
8291948	8289712	1
1312313	1312314	2
2014635	2014640	1
3814337	3814115	1
2779193	2779173	1
2720517	3057525	1
8157788	8152662	1
2597982	2597987	1
10710610	10710603	3
9510649	9510373	1
4614880	4626214	3
2758308	2760586	1
6897873	6898785	1
844586	744676	2
9928994	9935947	1
5970040	5969896	4
12461581	12461592	1
6761673	6562805	3
6960181	6960175	1
12263155	12263156	2
7097656	7097655	1
7798757	5854907	1
1463487	1557881	1
9533980	9533632	1
5969029	5966719	1
4613971	4665151	1
11267285	11268949	1
10746720	10746719	1
236855	237857	1
7488764	7488763	2
11145896	11203670	1
8696453	8696456	2
7745137	7745347	1
4406189	4393504	1
3023187	3023188	1
4553015	4554888	1
10584154	10584153	1
6085484	6116162	1
9594148	9594179	1
2512590	2387008	1
9424580	9423473	1
8365756	8364341	2
3555561	3555562	1
7374462	7374461	2
1533851	1535462	1
11118023	11116750	1
8793161	8793162	1
11452713	11452714	2
5851382	5870233	1
544357	464242	1
817139	817160	1
6823238	6932935	2
2379379	2379362	2
5879462	5894654	1
899145	899146	1
5490009	5490010	2
11137348	5525763	1
9788336	9788335	1
7750050	7750035	1
8368663	8444745	1
10519154	10519151	1
1018011	1018012	1
9745087	4745041	2
1771185	3370435	1
4225085	4226901	1
6950049	7087433	3
6024526	6024525	3
1072662	1074215	1
7655883	7655913	3
6324750	6340642	1
9138752	9107598	1
10388624	10512515	1
6509713	6509689	1
2573312	2574349	1
1161723	1161724	1
3802489	3824276	1
11535337	1833623	2
11839701	11838730	1
4735330	4736710	1
8287275	8477028	1
937442	937375	1
4853392	4853389	3
704550	704549	1
12462511	12462512	1
4322539	4376342	1
4198920	4198923	2
2752627	2752628	1
351826	242857	2
7273096	7273060	1
12560767	12351519	1
5087604	5087603	7
11723218	11723255	4
6236717	7690502	4
6807299	6765842	1
10916445	10914679	2
782657	782658	2
9904605	9904583	2
6719174	1715443	1
892895	873001	1
2316362	11772530	5
5913924	5913923	2
11815967	11815969	1
930583	930584	2
4562585	4562593	3
7083841	7083842	1
9631476	9637888	1
3038497	6085760	1
10279683	10279688	3
6014101	6015958	1
2533645	2533646	2
9553431	9557278	1
3926018	6431276	1
6555593	6555594	1
5194580	5194579	3
4617258	4619330	1
5955055	5955056	1
5675537	5639329	1
6321322	6292318	1
5690927	5690928	2
6528465	6528461	1
12606038	12606035	1
7793845	7793846	1
6470579	6470408	1
9240374	9240377	1
5227387	5227390	1
3409221	3426634	2
7869834	8415865	2
7488762	7488761	5
9521132	9521129	1
5831343	5831344	1
1427355	1342143	1
2353456	2353514	2
10100991	10100992	2
5611700	8785162	1
10889826	56484	1
9108613	9108614	1
11363955	11363890	1
5478780	5290572	2
281771	281772	3
7745135	7745136	1
1117720	1293133	1
10593844	10678072	1
10450166	10441347	1
5811262	5811251	1
3047308	2633984	1
776313	776314	1
4522932	4438045	1
5876879	5876880	1
1099309	1099278	1
1604132	1604129	1
12602887	12602869	1
5784383	5676761	2
9152625	9083220	1
1579515	1579537	1
8401445	8401817	1
3112648	3112647	1
9946697	9946712	1
11276379	11276192	1
5931932	5931931	1
5650115	5650116	2
2201083	2552761	1
9019911	9131134	3
11629285	11637900	1
7499697	7499700	2
10750617	10741169	1
11613264	11655364	1
8755764	8755748	2
298167	298186	1
9684299	9447225	1
900307	884437	1
6594408	6594407	2
4419550	4593862	3
2010765	10242000	1
4437116	4468376	1
9147692	327916	1
11696794	11696793	2
2487351	2487426	1
1677027	1622135	3
786008	803931	1
3270096	3270115	1
5961973	5961945	2
12009560	12009559	1
11364209	11359000	1
2886783	2890885	1
1477268	1477281	1
770102	770281	1
6523922	6523921	3
3152895	3158083	2
10150973	11279182	2
9658497	9658463	1
7882416	7882317	1
446776	300960	3
9941463	9941468	1
7605660	7605672	1
4256588	4256577	2
10433446	10432038	1
9776966	9776894	3
10690677	10700593	1
5977414	5977413	1
465264	465263	1
6347521	6347551	1
2204861	2211496	1
2161081	2161082	1
2936475	2936476	1
1370749	1370750	1
551653	551654	7
11418589	11419017	1
5645755	5645756	1
11292857	11293105	1
3134462	3134461	4
8389810	8389807	1
4213564	4213563	1
356870	356869	1
399537	399449	1
4078937	4078938	3
8327744	8327743	1
11861604	11861606	1
11359010	11359009	1
11039056	11039055	1
11774509	11774510	1
1659610	1659522	1
4558433	4555936	1
11185722	9476298	1
12567462	12567461	1
4070649	12731822	2
1921082	1942949	1
5713430	5713482	1
3143370	3143512	1
9310664	9309979	1
4588131	4588154	1
10151210	10151146	1
11069179	11069182	1
663771	663772	1
11866308	11866323	1
11402112	11402130	1
6089549	6090863	1
8508027	8505979	1
4581991	4582086	2
2114352	2114357	1
5047964	5022693	1
6014823	6014824	2
65278	63939	1
4614236	4614231	1
3698175	3690578	1
8786629	8786202	1
12495300	12491052	1
9793425	9792805	1
7973930	7973923	2
883757	883758	2
1279796	1381819	2
4399001	4399006	1
10859749	51895	1
6288116	6322191	1
12186833	12186834	1
7254889	7255061	2
3570106	3570059	1
7104973	7104987	1
4581280	4581279	2
519438	519486	1
12250932	12249947	1
7248414	7305512	1
2715463	5952453	1
4509252	4509236	1
12783332	12783331	1
376706	376735	1
117296	117295	1
7224230	7224186	1
7979579	7979580	1
9033411	9104903	2
737136	737133	1
3018979	3018900	1
9457998	10494943	1
7881207	7881208	1
9639748	9649825	1
8640287	8640288	3
7059278	7059277	1
9161534	9161533	2
7868088	7795571	1
825428	1486516	1
3552089	3552061	2
5905923	5905924	1
9802809	9802810	1
883759	884172	2
1605619	1605622	1
7388608	3189540	1
7292681	7288345	1
4924518	4924510	1
7059575	7059576	1
2598339	2588913	1
252460	250775	1
4502391	4502392	1
1499005	1499237	1
891349	891428	1
11674310	11674309	1
8247257	8247258	1
3127631	3127632	2
7924892	7924891	1
12499189	12199887	1
6781504	6729148	3
2999428	3007403	1
12350518	12350517	1
8009966	8025023	2
1033308	1012903	1
1407616	1407618	1
4653675	4653678	1
6036298	6036297	1
1192865	1192866	1
9472420	9472384	1
10363929	10367570	1
5542759	5542716	4
4994666	4994874	4
1689953	1689954	1
10223049	10223055	1
89705	89706	2
9335528	9335703	2
10070834	10070833	2
1530779	1530780	2
7130089	9572642	1
5353882	5355222	1
9940744	9940743	1
5583157	5583167	2
2828863	2828866	1
5641221	5641038	1
9622689	9622690	1
343736	11967128	1
4362356	4362499	1
11053478	11053474	1
12606576	12606531	1
2764881	2764882	1
10394828	6021291	1
10266404	10267936	1
6703271	6703272	1
3789900	3717184	1
4215756	4318366	1
2678688	2678684	1
3134614	3134465	1
558343	559802	1
5913926	5913925	5
7747956	7876928	1
1336456	1336297	1
3289268	3289267	1
6656797	6656798	1
11130415	11130363	1
6761118	6761117	3
9029795	9029796	2
6802962	10081286	1
2348036	791226	1
762824	762793	1
5734714	5734708	1
808703	811179	1
6239975	6239959	1
7428701	7428787	1
8552597	8552600	3
10320649	6542175	1
11695480	11695479	1
2102510	7668733	2
747318	518290	2
1261431	1177400	1
6146758	6146753	1
7446469	2700924	1
1798434	3247691	3
7270392	7270405	1
2586955	2586956	1
4202160	4202159	2
6585856	6586118	2
94206	94478	1
7942257	7942258	1
5194580	5194577	1
7224233	7224938	2
10974689	10823584	1
10389726	10389725	7
6926313	6925759	1
10065300	10065299	1
4856495	4560252	1
2669134	2669133	1
4318972	4318944	1
3091318	3091317	1
11011391	11011392	4
7606394	5763150	1
4077050	7144011	1
10573357	10548350	1
7766393	7799824	2
4056328	4056331	2
5706718	5720234	1
4820851	4820869	1
125943	126042	1
3274951	3274952	2
3167238	3167243	2
5534410	5534409	1
2032227	2032220	1
1331194	1222178	2
3020697	9598753	1
944060	944059	2
2225244	2181432	1
404717	404718	1
4288006	9585585	1
1673024	1673037	1
4667237	4667217	1
4782823	4784026	1
6827479	6925308	1
10185657	10185639	1
5502091	5502092	1
99645	99646	1
4184823	4236885	1
6120226	6120225	4
10731676	10731675	4
423382	2735619	1
7139467	7173569	3
1648784	1419026	1
2866612	2863848	3
11702400	11702399	2
571593	465265	2
7992288	7992291	1
8655098	8655097	1
2335764	2335761	1
2094	2080	2
2323479	2323383	1
11469548	11291380	3
525060	525057	2
6517378	6517377	1
8338557	8338558	6
1221539	1212596	2
10612	18612	1
12462657	12462658	3
1192867	1191264	1
8177936	8177934	1
12671726	12671723	1
11528899	11528884	1
6102248	6102284	2
935720	935625	2
7738648	7738647	3
5249919	5249926	2
12450774	12450755	2
11595482	11530082	1
658108	658107	1
6432158	6432157	2
10100989	9324884	1
7783466	7783455	1
764535	764540	1
11365671	11575310	1
716167	716168	1
7740989	7741200	1
10070836	10070833	2
3442750	3442749	1
5150983	5151266	1
9505061	9500948	2
848274	848273	2
8821175	8820763	1
9882582	9889035	1
2751555	2751473	1
7160199	11982068	1
6626991	6626998	1
5187934	5221604	8
11792551	11792552	2
5858938	5858937	1
6416020	6473076	1
3979889	3984269	1
4644900	4644899	1
1771185	1771186	2
9944997	9945002	1
779639	779640	1
165524	165523	2
10355362	10355340	1
4603780	8216301	1
9475051	9704414	1
9955741	9955742	1
990259	990248	1
6519675	6519661	1
4169412	4167712	1
8967084	8968396	1
3439951	3439952	1
8848517	8846728	1
2500669	2500572	3
1139238	1139237	2
9816990	9816958	2
11161099	11161002	1
423384	423383	3
1046675	5238395	3
1046621	1046622	3
3235240	3235208	1
4988774	4988773	3
4603933	4603934	1
5454342	5454341	1
791227	791228	2
3186825	3207897	2
8465544	8492553	1
9760287	9760288	1
7747956	7876930	1
513558	501692	4
2799178	2799175	2
6532153	3934479	1
10343581	10343582	2
2533647	2533648	1
2903510	2903741	2
9801630	9798614	1
11607199	11322784	2
11785875	11771486	1
9946695	9946696	2
4275292	4275287	2
3059726	3059723	1
10860780	10860820	2
529524	587458	1
5078882	5077904	1
10059839	10059840	2
10318365	10318366	1
11625645	11625646	1
8397479	8392201	2
4447202	4447201	2
7472914	7688465	1
11912765	11912788	1
2462507	2218438	2
10193536	10193535	2
3421166	3682421	1
4329053	4329054	1
9298426	9298425	1
4846989	4846990	2
3408965	3408933	3
8443238	8443237	1
1753721	5570383	1
8514390	8514389	3
698137	698138	2
4114481	3990717	1
2169431	2169432	1
10433172	10433182	1
12346026	12345641	3
6600064	6600063	1
3023189	3023190	2
2986680	2986817	1
10124640	10124777	1
1521678	1521677	1
2472801	2472802	2
5261579	5261580	2
766769	766461	1
393331	393332	2
7108200	7109131	1
7924057	7924046	3
11181265	11181257	1
11400108	11401746	1
11069181	11069182	1
9862364	9867613	1
7168158	7168113	1
7734975	7734258	1
1169568	1169567	1
10605685	10605693	1
2574350	2574349	2
9802809	9802812	1
6346811	6346812	2
5006453	5006454	1
3557462	3558256	1
2738024	2745598	1
11132641	11132669	5
5876881	5875948	1
11589766	10710603	1
6914749	6914798	1
3064583	3064584	1
5535788	5366251	1
110655	111715	1
1571591	1572458	1
10617346	10754823	2
5995287	5994978	1
8254545	8254546	1
3364845	1715260	1
6023106	5885684	1
4611017	4710812	1
1016814	1158300	1
11380902	11380897	2
11031170	11031169	1
9273065	9273066	1
8176978	8080036	2
5921328	5921325	2
1094241	1094242	1
1530996	1530995	3
836657	836658	1
10907533	6783107	1
12150733	12150775	2
6885327	6885354	2
2143073	8382755	1
9442304	9442301	1
8516582	8516581	1
396275	5144	1
1573455	1791221	2
11001681	11001682	1
4303939	4296912	4
11259029	11257935	1
7829877	7681978	2
6484134	8824982	4
12600287	12600256	1
372918	372917	3
8222805	4588470	1
525060	525059	2
9244317	12352013	1
1082488	1080423	1
6742712	1073600	1
1754702	10187834	1
11096642	11096641	1
10467291	10464657	1
5581737	5484307	1
10309172	10309399	1
7494289	7553676	4
4522932	4438047	2
898425	867982	1
9240376	9240375	1
6409494	6420372	1
7018547	7018598	1
5654132	5654094	1
3142687	3136011	1
10220036	10220035	4
6440199	6441845	1
709999	710000	2
7492109	7492325	1
10977529	10979321	1
3688130	3716987	1
390452	390468	1
6096258	6096257	1
1441772	1441768	1
11119271	11002231	2
8296897	8296898	1
148413	6795696	1
2829576	2829575	4
5888715	5842102	1
1381818	1381817	1
389477	389478	1
8969654	8968434	5
10316487	10316488	6
4868145	4868152	1
3828444	12454780	1
4089879	4089880	1
6826301	6826285	1
8928954	8928950	1
3364718	5699804	1
11863252	11863266	1
10167051	10167036	2
750383	750384	1
11168598	11168597	2
6306406	6306405	1
3670537	3670538	1
10629520	3801443	1
1215347	1215348	1
11514021	11514022	1
11105187	11013736	2
6115377	6115391	2
3321943	3321973	1
7467437	7471799	1
3052001	3052011	1
7933199	10187278	1
10042276	10042275	1
3117364	3117363	2
5785683	5785717	1
7319787	7319788	1
10002929	10002930	3
6484787	6484811	2
9347510	9347509	1
1973727	6383569	2
8388072	8388071	1
10233991	10234001	1
702782	803699	1
996339	996340	2
4813999	4814000	1
7982485	7981803	1
1203597	1203598	1
6476872	6477078	1
1964140	1964139	1
7012527	7012535	1
5986471	5986472	1
3968799	3968800	1
5135590	5166191	2
9917442	9917378	1
11496785	11557223	2
10746720	10746717	1
12600289	12600256	1
8644284	9000693	1
11480511	11480505	1
5276803	5276563	1
12788939	12788977	1
7826015	7794664	1
11350739	11350780	1
10261661	10223125	1
12037426	12039574	1
9959765	9874076	3
3114119	3114120	1
8475030	8472025	1
608218	604702	1
6403927	9873049	3
8705957	8705958	1
12030020	12030017	1
7964008	7964350	3
384844	385096	1
791901	791882	2
11739074	11720481	1
6896105	7219551	1
10593823	10701339	3
1227704	1227703	3
9955743	9955744	1
6545369	6545372	1
583662	723433	3
4701672	4701671	1
9454749	9368764	1
7811051	7811057	1
12400154	12363692	1
370957	371294	2
10794899	2652653	1
9664659	9669705	2
5428622	5083706	2
3805348	3805345	2
4082218	3752670	1
5194374	5194377	1
195951	196285	1
12178487	12178492	1
766893	772261	1
11166091	11079202	1
4136096	4393676	1
2936734	2936727	1
69332	69464	1
7763659	7758363	1
9418465	9418466	4
175033	175009	1
723803	723804	1
199104	308322	1
4790106	4793477	1
3755529	3755530	1
7228619	7441315	2
525058	525057	3
11094066	11094053	1
1468128	1468106	1
9944997	9944998	3
11373096	11371826	1
3078887	3072722	1
5515756	5513348	3
386904	386873	1
8720466	199267	1
6499813	9812969	2
6150167	6150168	1
5286761	1206724	1
5672409	5672410	1
2778253	2778254	1
2761950	2761968	1
3328710	11192480	1
4836249	4836458	1
3767773	3754761	1
8902803	8902793	3
3598083	3598622	1
8516570	8516550	1
3257746	10189068	1
2084457	1922549	1
2783395	2783161	1
10375818	10375800	1
12411377	12411378	2
6285178	6285168	2
11455818	11455817	1
7510469	7510470	1
1422771	1422441	2
11047348	5266036	1
7858514	7859198	1
3988269	3988270	1
1257028	1491888	1
7314915	7335789	1
4334758	4344887	2
6455821	6455822	2
9663693	9663696	1
7873791	7873792	1
3524385	3521630	2
5782244	6037259	1
8614416	8614368	2
357605	349834	1
9905465	9905399	1
1126678	968615	1
1073599	6742713	1
5959880	6093163	4
1058967	1144485	3
2108341	2118580	2
7924905	7937728	1
5901877	777662	1
5455722	5455719	1
8710227	8709702	2
10593821	10701339	2
1504759	1504760	1
5641039	5641040	1
193646	200936	1
311732	402709	3
8416230	8416229	4
4817708	4817717	1
4413523	4413524	1
9996808	9996807	1
1609866	1609786	2
9924994	9925146	1
5802984	5802948	1
6743194	6801266	3
11739074	11720479	1
5903717	5903720	1
288456	413981	1
2678700	2678693	4
393329	393330	2
5552513	5553248	2
8013564	7934539	2
3321945	3321946	1
7382614	7380419	1
10977529	10979319	1
10393316	10393315	2
2853003	2852962	1
11451428	11451389	1
8324940	8488208	1
495273	564180	1
1479171	1479181	1
11596000	11595999	1
11164015	11164016	1
4994667	4995036	1
1604130	1604129	3
11766705	6672030	1
4377764	4240167	1
7725128	7725061	2
6806795	6800663	2
9663761	9663696	1
13395	12756	2
320005	320006	2
9389910	9390010	1
5600837	5600840	4
6918494	6918491	1
12035358	11968466	6
10100989	10100990	4
4068656	3737145	1
3135835	3135717	3
5194937	5503980	1
10016181	10016198	1
4722010	4719016	1
2796626	2796609	3
4825087	4827395	4
10555626	10652286	1
1330337	1317216	1
5931930	5931933	1
8676299	8676300	1
5434916	5434938	1
585493	675224	1
6709345	6450062	1
6487792	6487791	1
6441283	6441284	1
8338559	8338560	3
7225633	7225634	1
885909	697891	3
892606	742600	1
2432062	2432095	4
2573773	2564825	1
10092735	10103700	1
10761507	10761508	2
4068923	3763849	1
11513092	11512926	1
150469	150448	2
12717308	12752080	1
7086783	7086805	1
11832517	11829580	1
5911920	5911919	1
10573830	10389727	3
11520543	11538487	1
5420070	5420069	3
4108631	4108730	1
10864719	10864722	1
7516923	7494311	1
2796608	2796607	4
7354067	11341772	1
7006623	7324580	2
8750630	8750634	1
11446222	11446284	2
7225635	7218338	1
3732678	3476113	1
11565821	11565822	1
6289453	6289456	1
8367084	8320177	1
10904243	10904244	1
8926184	8926187	1
2829574	2828864	1
6936229	6932499	2
2217406	11790597	1
1680428	1680427	2
4407500	4407667	1
2631180	2631208	3
2939400	2939397	2
12326215	12329830	1
2947303	3081753	2
588897	588898	1
8735300	8735044	2
2553432	2607860	2
5515756	5513350	1
12804264	12804305	2
1983782	1983178	2
10059835	10059838	1
2936477	2936478	2
657231	657232	1
10974687	10823584	1
5931930	5931174	1
7125437	7124902	1
5441659	5171160	1
6082737	6083502	1
1515365	1507373	1
11096644	11096641	1
8369790	2315528	1
289109	63614	2
6536598	6535300	1
4000247	3996163	1
10229282	10229313	1
6274255	6274256	3
798245	863338	2
6815254	6815253	1
3247751	3244798	1
1090252	1090241	2
560123	557503	2
7807792	6444536	1
9591669	9448728	1
9152074	9152087	1
9507741	4019021	1
37735	37736	1
6022908	6022907	2
7856495	7856496	1
7034858	6928211	1
10272252	10268963	2
8189302	8151356	2
12799170	12799196	1
6090177	3038749	1
5261578	5240831	2
2348034	791226	1
5986475	5986476	2
3118370	3118369	1
4939090	4939087	1
9334875	9335160	1
3321945	3321973	1
12457678	12457677	1
8965066	8964557	1
4419552	4419551	2
2764105	1255837	1
6348656	6348659	1
352410	352141	1
10397539	10398240	1
11373953	11374668	1
10309400	10309399	1
4237679	4256711	1
6788765	6758954	1
11382570	11382600	1
7665841	7657219	2
6375470	6375469	2
5532361	5532350	1
8666989	8666996	1
7638410	7638382	1
1457477	1457374	1
6746514	6746513	2
940765	940768	1
10772870	10772869	3
4943027	4943028	1
10281552	10271155	1
8039204	8041482	1
2250502	10916606	1
6454853	6454059	1
1212597	1212598	2
10218720	10218822	1
12298236	12298235	2
8708711	8708712	2
8512589	8512842	1
1090831	1090832	3
8496006	8493348	2
430975	430976	1
10310819	10310922	1
329494	329347	1
11021374	11021372	1
1287723	1287724	1
11648944	7158127	1
1924613	1924614	3
4787523	4787524	1
10643163	10643166	1
3780805	3780806	1
3077932	3077931	1
10258480	10258411	2
6851213	6851214	2
11358815	11358816	2
1605414	1605413	1
431259	431871	1
9674935	9758093	1
10316483	10316484	5
404233	404234	2
2815262	2817199	3
990259	990246	1
2593265	2593169	1
1290421	1312312	3
7373903	7373904	1
2062747	2062748	2
7261948	7261960	1
12188208	12188207	2
6557556	6557555	1
10795515	10795534	1
2312210	2449018	1
188915	188916	1
3676905	3676733	1
11385241	11391951	2
685837	922058	1
3091767	3091770	1
1072273	1072277	2
755310	755309	1
12405282	12202292	6
10082884	10082661	1
1892955	1892956	1
5650594	5722227	2
7213737	7327073	1
2924769	3076031	2
1090833	1090834	2
8884173	8886195	1
310429	310430	1
11531736	11531735	1
11620808	11619942	1
9691773	382317	1
10382342	10449082	1
1728394	1728337	1
1357895	1357999	1
12378385	12369682	1
8761120	8761119	3
1938299	1938300	3
12153908	12153907	2
9310664	9310667	1
9792806	9792805	2
5551639	5148631	1
10944384	11095886	3
11582709	11582712	1
6822493	6822485	1
9071741	9011099	1
6926536	6926535	1
9462390	9462389	1
6649857	6649863	1
7253184	7246591	2
7935850	7935429	2
8839026	8839025	1
5785681	5785682	1
9519264	9519178	4
8092704	8092735	2
11862498	11862495	2
1225838	1600111	2
11526383	11539506	1
5890537	5890538	1
571593	465261	1
10533341	10533342	2
5317526	5317574	1
6626762	6626607	2
187833	420551	1
1172932	1172953	2
752952	752895	1
5722413	5717547	1
7632635	7632649	1
1973727	6383571	1
6628085	6628013	1
11332060	11340876	1
5542140	5542139	2
8370000	8369999	1
9097682	9097681	1
577997	578000	1
8608439	8608551	2
4798175	4736365	1
9057079	9057080	3
10193593	10193594	1
7586346	7581076	1
2534461	9743966	1
5265393	5265394	3
1272278	1272277	1
8727733	8734977	1
12202737	12208358	1
9240378	9240375	1
11344913	11345581	1
7711166	7711165	1
2796631	2796617	1
84019	457591	1
423903	10096056	2
1042554	1042588	1
8157074	8157073	1
10593819	10593820	7
12599271	12599272	1
902038	902037	7
2631182	2631181	4
1041130	1058197	1
844536	741720	5
1986419	1986328	1
10136245	10136246	1
6715648	6714731	1
8677442	8661101	1
10316483	10316486	2
1073216	1073453	4
8887525	8884097	1
4739388	4531903	1
467642	3398	1
1090629	1090955	1
10259399	10220035	1
11910592	11910591	4
6875827	6262233	2
9529035	9529377	2
1534666	1581263	2
603905	596727	1
5146973	5474472	1
11910968	11910967	1
2738024	2745596	3
751893	751894	1
4501943	4501944	4
4853388	3487981	5
11275963	11275795	2
11720778	11720777	1
288780	18863	2
2940821	2940752	1
11386508	11386507	1
561794	561812	3
1917252	1917251	2
8589518	8589515	1
4639601	4639264	1
11813604	11813603	2
9162189	9162176	2
4755634	4755629	1
1074901	1074902	1
6478795	6504312	2
10358646	10358912	1
2671192	2671191	3
2287488	2222965	1
9657457	9657458	2
4426423	4426424	1
777663	5901876	1
10127270	10120987	1
2907970	2907960	3
2101214	2092851	2
7249187	7249176	1
8974336	8974339	2
4116233	9689905	2
99838	99837	1
2263081	2358173	1
2653627	2653897	1
1367207	1350770	2
12477753	12477754	1
9515962	9515961	2
1515254	1515253	2
6373235	6487413	1
9121710	9121643	3
5201209	5201379	1
4496428	4496427	1
10895906	10895046	2
10043412	10043411	1
7782403	7706132	3
372912	372934	1
8909819	8909805	2
8517367	5487204	1
2669136	2669133	1
7030782	7030781	2
496112	496154	1
5903717	5903718	2
11978208	11978207	1
33341	33342	1
7924057	7924044	3
9315940	9297706	1
1761881	1761842	2
4033953	12452033	1
5590069	5590087	1
10795691	7584470	1
1958999	1959004	1
3257746	10189066	2
9907285	9906937	1
5407581	5417363	1
898623	901971	1
7343742	7338265	1
5257902	5257901	4
5628317	5628318	1
11535765	11535696	1
5699444	5696284	3
8228376	8228324	2
11674310	11674307	1
4076580	4076707	1
827797	673459	1
7530489	7520117	1
11868421	11868461	1
1067918	7266855	1
1645784	1640836	1
6299994	6299991	1
8844911	8844955	1
101816	319823	1
11567144	11487080	1
7551777	7551778	1
10219065	10219070	1
11792564	11792550	2
436512	436511	1
9143972	9143971	1
2306052	2306049	1
5517176	5517181	3
9956744	9956753	1
1605415	1605416	2
10881398	10881379	2
8096230	8096229	2
8524954	8524951	1
1834623	1834664	1
10280861	10280862	1
6375590	6375582	2
207592	207588	1
1346837	1346833	1
5358966	5952453	1
11916841	11916842	1
4708227	4708125	2
11348394	11363167	2
6414807	6413549	1
1125979	1125986	1
402953	402971	3
7910508	5835030	1
11619773	11620825	1
4662867	4618112	1
6428403	6423216	1
8957100	8971308	3
7284970	7284923	1
4646222	4520300	3
5257900	5257899	3
3336470	3336469	1
912556	912555	1
3298506	3298503	1
12303289	102604	1
21824	21823	2
735741	510864	1
6319984	6319974	1
2865303	2865306	1
147923	147953	2
423159	423160	2
5563652	5248285	1
7251804	7251794	1
2037989	2035754	1
7576685	7576681	4
2152481	5677337	1
10100859	10100879	1
3109681	3109682	1
5456926	5494257	2
848256	845395	2
11014825	11014826	1
10499511	10489651	1
8341982	8342649	1
802691	509231	3
1802611	3385507	1
6507850	6507847	1
196867	9127737	1
10950829	10950871	1
8945979	8966369	1
9147694	9147693	1
9298424	9298423	1
465262	465261	1
1192566	1018012	1
7543602	7543876	1
8294025	8295221	1
3665705	3891559	1
10850498	10850497	5
684094	679932	1
11014823	11014824	2
827198	827195	1
5614596	5614584	1
4622057	4619425	1
867408	867504	1
8788587	8788157	1
6147489	6147490	1
2807129	2807130	1
2348034	791228	1
870668	870671	1
12516027	12662735	2
12631878	12446289	1
9765471	9765472	1
11782106	11782103	1
807799	807802	1
431259	431869	3
5660375	5660376	1
522122	607483	1
2031733	6350700	1
453265	453266	1
7281783	7281784	1
5133637	5133638	1
12192005	12188209	1
6257227	6257264	1
5905921	5905924	1
11394375	11394376	1
3981955	3679720	2
693044	376199	1
3733963	3733942	1
11743800	11743807	1
208556	230751	1
3528405	3527659	2
2006709	2035529	1
65276	65275	4
10515245	10515178	1
3321947	3321973	2
6676625	6676628	1
8024529	8024681	1
551655	551656	5
8042235	8041130	2
4321442	4321441	2
12178487	12178490	2
11638590	11604658	2
11389110	11389146	1
11452715	11505836	2
1917715	1917716	1
6851592	6246579	1
4503050	4502999	2
10785851	10785852	1
339512	314976	1
10052460	10052466	1
6407509	6407510	2
11097103	11097104	2
1543934	1543939	1
11267283	11267284	1
11267372	11445759	1
10832622	10832306	1
11595155	11528123	1
11363419	11578741	1
2136350	2132215	1
11336388	11336385	1
7076525	7077170	1
883757	884172	2
2238746	2286017	1
1024220	1024219	2
2758910	2758909	2
10912199	10924657	2
11426498	11597669	1
6875825	6875826	1
6675831	6676020	2
8553832	8553625	1
10646222	10729848	1
7871931	7871952	1
2692090	2684013	1
5070725	5070733	1
5239594	5477969	1
9949172	10033626	1
2247399	2247400	1
8731965	8731966	1
2831874	2831979	3
5053524	5053544	1
7023401	7023402	1
10177553	10177556	2
6356720	6384000	2
7733630	7733428	1
4351030	4352810	1
293233	276542	1
9752679	9752680	2
7225027	7225006	1
9699473	9696852	2
6282338	6282234	1
10092631	10092632	2
7691143	7691169	1
8710225	8710226	2
2790849	2797242	1
1971644	1971643	1
11430195	11430174	2
8658022	8630622	3
2097969	2096742	1
7623572	7623560	3
5811540	5811539	1
5606103	5606104	1
9752682	9752685	1
9907258	9906937	2
927094	927096	1
8166649	8166332	1
7681979	7681980	2
2796627	2796630	2
12253471	376297	1
10044934	10044933	1
10193065	10206831	4
5120088	5120066	1
749549	752604	1
3033672	3031577	1
754191	755350	2
9762425	9762329	2
12260640	12279581	2
1119601	10800455	1
2172052	2168504	1
9392848	9392847	1
12380071	12380072	2
2348036	2348035	5
9658464	9658463	1
9585422	9585419	1
9720268	9720265	1
8416232	8416231	3
9131265	9131135	1
1446780	1598402	1
2274975	2275010	1
2808751	2801005	1
800614	2274534	1
5650962	5650964	1
2315529	8369822	1
1745448	1745888	1
4942030	4941098	1
5296483	5301029	1
6703702	6703684	1
1665194	1665202	2
5731235	5731236	1
11370995	11370996	1
11565265	11421562	1
7247853	7247854	2
10937984	10937983	1
521622	521607	1
3674517	3674518	3
6815252	6815247	2
12509843	12509844	1
10914924	10914927	1
661395	9478985	5
4477520	4477519	2
2612297	2612298	2
3274953	3274954	2
1660565	1660559	1
8610208	8567399	1
11915483	11915484	1
12452813	12452814	2
2160502	2145873	1
5106857	5106846	2
517590	126063	1
10050329	10050330	1
6554185	6554062	1
2133937	282922	1
942090	942078	1
179488	154136	1
3038263	3038264	1
2923962	2923959	1
11011393	11011394	2
6928030	6928052	1
1764444	3244118	1
7932455	7945926	1
4830412	4830411	1
4236893	4236896	2
1928622	1929050	1
8802686	8792404	1
851330	851327	3
7461204	7461203	1
6058193	5947887	1
7829064	7829063	1
7728356	5952453	1
7400617	4640254	2
5487102	5487101	1
4117249	4117872	3
4297647	4297648	1
7309968	7308977	2
3281279	3281280	1
12378385	12378386	1
3657887	3657888	1
560125	557503	5
1504761	948289	1
10414127	10414161	1
6235595	6235596	3
12747011	12388749	1
4183146	4183221	1
7849833	7849834	1
10548277	10580312	1
1631844	1377338	2
4016834	4016833	1
2750990	2750989	2
9347177	9347030	1
9233750	9233811	1
4713782	4713800	1
6763552	6763549	2
7464838	1100969	3
3907732	3907731	1
5352261	5353345	1
3110836	3110839	1
4790012	4790004	1
996829	996830	2
7916751	7916920	2
8266625	8266626	3
2744440	2734700	1
4374983	4374984	1
5336804	5336803	1
9600397	9600375	1
9036177	9036178	1
6549537	6466395	2
9276706	9276705	1
2014635	2015625	1
1247608	1247605	1
12813346	12813345	2
8965068	8965067	1
8324940	8479729	1
10519770	10433312	5
11053477	11053475	1
7998227	7998228	1
2461370	2461367	1
12600287	12600288	1
2854313	2786248	1
4552801	4552804	1
4078939	4078940	3
2881885	2881223	1
636111	636191	1
6115390	6115389	2
6935407	7104343	1
1776707	1776708	1
5913926	5913921	1
7793594	7793593	1
3264858	3264857	1
5888713	5888714	1
9001639	9001616	1
7473138	7473104	2
4232890	4232889	2
423351	423352	1
4725340	9761011	1
6350871	6326830	3
5969899	5969902	1
2910624	2910623	1
10846253	10846254	2
9746821	9614534	2
1170115	1171084	1
6353973	6353939	1
2111887	2112364	2
11696794	11891212	1
7530881	7530862	1
5043672	5207430	2
3539665	3539661	1
3511948	3511945	1
2792356	2691555	1
9294608	9294607	1
10593821	10593822	4
10496158	10546540	1
5824788	5824787	2
7297609	7062190	1
5911918	5911900	1
11466704	11466703	1
11392821	11392822	1
112124	97426	1
11237376	11556382	3
2838835	2839443	2
2429156	2391019	1
4752281	4739717	1
4066834	3888750	1
3240174	3240171	2
10765068	10763880	2
7059315	7059316	1
12263153	12263154	2
11468449	11468450	2
2574758	2576644	1
5569918	5584350	1
2460971	2460965	2
4515371	4515330	2
5422314	5422313	4
4068658	4068657	7
1940302	2110580	1
1486108	1733805	2
6943853	6828568	1
12614164	12617068	1
9058652	9058571	2
7287548	7287547	1
2796626	2796607	2
11311225	11311201	1
7756034	7755382	1
4447202	4447199	1
10553045	10553046	1
9351879	11872504	2
8508913	8505628	4
11731169	11731112	1
6270331	6269866	1
7059844	7059279	1
892238	881054	1
3196871	12723620	1
12123150	12005815	1
12323128	12323121	2
5194378	5194375	1
7018597	7018598	1
10295777	10295778	1
380287	380290	2
1075059	1075047	3
12278811	12294195	1
1530978	1530973	1
9320927	10774722	1
8965071	8963921	4
4839729	4839730	1
7217203	7216904	1
7361996	7252974	1
7450991	7450918	4
11773944	11808813	1
6582113	6582114	1
11696792	11891212	2
9126177	9126272	1
4502393	4566578	1
5912287	5912260	1
9780481	9780478	1
7980077	7979808	1
5495480	5369221	3
10292690	10292682	1
12570893	12571751	1
5864104	5864103	5
10692026	10528667	1
10956549	11105807	1
6090787	6090788	3
3027631	3027612	1
4852102	4852105	1
10185638	10185637	1
6993519	6855964	1
5519860	5114097	1
9363581	9363586	1
7813879	7813896	1
10448262	10383979	2
2828865	2828866	3
7037982	7037981	1
782364	782280	1
1964138	1964137	2
3717245	3867855	1
12810523	12810524	1
11934066	11696795	3
5542142	5542141	3
1483699	1483700	2
2583330	2366760	2
683702	683163	1
11469551	11464751	1
8843599	8834361	1
9067395	9067396	1
11167758	11167757	2
4281427	4297648	1
1650120	1650119	1
1943299	1943300	1
9937062	9938609	1
5876879	5875948	2
10297789	10297854	1
10678799	10678458	1
6937117	6937118	2
11576990	11577196	2
5722226	5722148	2
2392661	2392662	1
7578559	7578560	1
9061514	7238657	1
3630135	3764417	1
11358820	11358819	1
1922637	1922669	1
8961641	6450605	1
65274	63939	4
11862524	11862440	1
6801819	6438020	8
2494865	2494868	2
750959	750962	7
642197	642198	1
3778953	3778954	3
10042274	10005393	2
4334183	4334216	1
278047	278049	1
9625588	9625067	2
9793425	9792807	3
7308976	7308975	1
2411833	2411834	3
7374462	7374459	3
849590	849594	1
848195	848196	1
2429097	2395509	2
12337555	12150996	1
5377005	5376068	1
11819061	11819062	2
973804	973931	1
10554097	10554098	1
3674477	3674516	3
12218744	12218735	1
9098908	9098907	1
7762572	7854733	2
6641782	9775093	2
1854167	1860084	1
8446767	8446768	2
5591464	5591463	2
4377766	4377765	1
4787711	4787712	1
7296652	7296947	1
55348	3652442	4
9980803	9980828	1
1527861	1751350	1
3485787	3483108	2
2936479	2936480	1
2116030	1929090	2
371120	371119	1
7599291	7623576	1
10142396	10142395	1
6626989	6626990	2
5796930	5901872	1
11652095	11652114	1
2890884	2890883	1
4351042	4351040	1
2178110	868277	1
3607541	3594548	1
6924967	6924679	2
5667797	5667881	1
8897112	8896693	1
11374467	11374456	1
2447823	2447818	1
5921332	5921325	1
3942135	3942236	1
6356609	6375471	1
2280788	2280787	1
10100993	9324884	2
2894533	5614585	2
11740841	11825046	2
741510	741509	1
8031789	8031790	1
682515	682516	1
6421442	6815051	1
282096	2133958	1
12405284	12405283	4
6680652	6579151	1
8228378	8228377	3
11514547	11514580	1
4404809	4404861	2
3099046	3099848	1
5949415	5949416	1
4696249	4696250	1
6972770	6972769	1
3061976	3022963	1
1737517	1737518	3
6808011	6418092	1
11086114	11086113	1
2178878	2178842	5
3929938	3929999	5
4122257	3646706	1
782056	782055	1
9669123	9666320	1
2167070	2164449	3
9794759	9794760	1
8906822	3670737	1
12754597	12759150	1
5551003	5431667	1
7821198	7821176	1
1408943	1409181	1
12255758	12255757	3
5948639	5948645	1
9688807	9685126	1
11845253	11845254	1
9353745	9359895	1
3983515	3983811	1
10188618	3382507	1
12561562	12561561	2
9657459	9657462	2
2308745	2308748	1
8430673	8369411	2
7873791	7873794	1
2676374	2676396	2
718867	721462	1
8301220	8510328	1
8378404	8386856	1
3302864	3302861	1
11966637	11966480	1
10554885	10498261	3
1256732	2869033	1
4818433	4812944	1
6293795	6293843	1
6993508	6991007	1
5734149	5744000	1
11332058	11340876	2
6313953	6313911	1
6886473	6886036	1
631114	631116	4
7711166	7711163	1
7198028	7198054	2
3778888	3778859	2
1294205	1294206	1
8402359	8402865	1
4321444	4321443	2
8655379	8655373	1
6537952	6537987	2
5733034	5666566	2
10780081	10780008	3
8416972	8417013	1
6562804	6562803	4
9442302	9442301	1
5080990	5080989	1
4586144	4688602	1
12777304	12771026	1
7188961	8883206	3
1443566	1413494	2
10483552	10358408	2
12225429	12225372	2
9892091	9892092	1
372916	372915	3
2099692	2104551	1
49981	4085237	1
8552606	8552605	4
4287901	4287902	1
11552817	11552818	1
275555	2476699	1
12733008	12404659	1
1644958	1349293	1
4066838	3888753	1
3154350	3154349	1
3986858	3986851	1
8713589	8713576	1
6507850	6507849	2
616990	616997	1
4507541	4507542	1
11958435	12153840	1
6293483	6281709	1
1928870	2108121	1
1567216	1564939	2
5214189	5214190	3
7934914	7934906	1
974022	974021	2
3127445	3128181	2
10177557	10177558	2
12452815	12452816	1
518831	2331515	1
6200953	6200954	1
316915	316920	2
11365176	11365134	1
9783215	9725995	1
2454674	2566998	1
7374460	7374459	4
2146755	2146742	1
11934066	11696793	1
6150165	6150166	1
4509252	4509251	1
9775092	9775091	3
4032419	3862122	3
11063089	11063105	1
1394570	1394569	1
10082954	10082969	1
5927456	5927455	3
9521134	9521133	4
3284168	1094243	1
12613214	12390990	2
12221702	12221701	1
3321943	3321944	2
11206312	2628665	2
9418946	9418906	1
11727099	11727100	1
5367315	5368016	1
2421251	2456721	1
10605071	10604800	1
861605	781997	1
4674441	4674442	1
5325433	5325434	2
9196039	9195460	4
8745165	6043096	1
978103	977796	1
1780920	1780919	2
4012871	10396445	1
12458449	12328697	1
7782401	7782402	3
6130630	6130627	1
6147485	6147488	1
2006865	2036988	1
1530786	1530995	1
7138847	7138848	1
11852606	4715033	1
7741964	7783649	2
6428405	6423216	3
4602081	4601152	1
6897873	6898787	3
8791471	8787030	1
6636283	10368711	1
6845204	6845203	1
7964905	7964922	1
10059835	10059836	1
11911336	11910593	5
1662920	1662919	1
10750620	10379501	2
8347420	8481450	1
8817852	8957627	3
619526	547694	1
8832855	8832864	1
782058	782057	1
1284711	1284712	1
1751609	7276752	1
7778896	7778895	2
287785	301303	1
9637887	9637888	1
3977658	3972686	1
4789961	4792596	2
12337553	12337554	1
358798	358540	4
5628615	5628616	1
3453305	3402252	2
3596500	3596461	1
1239122	1239158	1
5475567	5475568	1
8180638	8180637	1
2065791	2065792	1
737132	737131	1
10017763	10017355	1
5622121	5622126	1
9443916	9597225	1
1660956	1660955	1
3652630	3652629	2
9983011	9977332	1
8316582	8316581	1
6641782	9775095	1
8546675	8603793	1
827194	827231	2
1195468	1195467	1
2307024	2306037	1
5554851	5554240	1
3274955	3274956	2
6429039	6429288	3
3232227	3232218	1
12462111	12462112	1
11312245	11347388	1
10283383	10295284	1
8518325	8517865	2
11984985	11984006	1
9802811	9802812	1
11164015	11163488	1
11840372	11840369	2
9946670	9946673	1
7652651	7672144	1
12389354	12642107	2
3674125	3684344	1
11718406	11721845	1
2589284	2571599	2
6678624	6678731	1
11350745	11350780	3
252462	252461	2
12225771	12225776	1
11675675	11675663	1
2486622	2388244	3
5422969	5422970	3
10435242	10516678	1
8687468	8687465	1
1958999	1959002	1
6593865	6593859	1
1932045	1932254	2
883755	883756	5
4946563	4946550	2
10979320	10979319	1
9337239	9338429	4
10409722	10562341	1
915790	915547	1
7659268	7833965	1
3952324	3784415	1
8427058	8427057	2
5332555	5332556	4
12749687	12744078	1
10072828	10072511	1
9310666	9310665	1
11332462	11276552	1
69332	150787	1
5459304	5490008	3
2075667	2068767	3
11411654	11416263	1
1227704	1227701	1
8256340	8256339	1
746614	746150	1
11326155	11332463	1
6328383	6328388	2
158116	158106	1
465264	465261	1
9951382	9951381	1
4555091	4555092	2
5888713	5842102	1
1651840	11153908	2
9057962	9057968	1
1499005	1499233	1
715825	687074	1
12779838	12798840	1
10198469	10198472	1
4559748	4559747	2
8202504	8211866	1
11840368	11840367	3
5797378	5797373	1
715426	715425	1
1562341	1562349	1
1919277	1919145	1
2712064	2712071	1
1355586	1355585	1
10082968	11855743	1
5512669	5513887	2
10295779	10295673	1
7494287	7494288	3
3862123	3862124	2
7489783	7489784	1
8263528	8074066	1
4198335	4198336	2
3923157	3638953	1
7979583	7887900	1
6454060	6454059	1
7716548	6989284	2
6407513	6407514	1
4402154	4402157	1
11284230	11283964	4
11317395	11317401	1
8409620	8409619	2
10170790	10171042	1
6023637	6023638	6
10201514	4937648	2
10492128	10492127	1
308189	304289	1
7430779	7430780	1
11093293	11112519	1
10953961	10953962	1
5368752	5374500	1
3895815	3895818	1
10383575	10383941	1
10935242	3351942	1
11647305	11647321	1
3451059	3427132	2
593426	593405	5
6389276	6244264	1
1559823	1559817	1
12125408	12125407	2
782655	782656	2
8047283	8048865	1
5507550	5507722	1
2279498	2279495	1
7067911	7065868	1
1042222	7848680	1
978125	973196	1
3081590	3081589	2
2865317	2865318	2
10561467	10560715	1
11373141	11582902	1
8409013	8409074	2
5645833	5628159	1
11557224	11557223	1
7039023	7039024	1
1360674	1657398	1
10150770	10150876	1
3109973	3111020	1
1073599	1073600	2
69332	5611268	1
8307818	8308132	1
11059467	11060261	1
7350735	7350736	4
12016000	12016198	3
11770102	11771312	1
522657	522651	1
6052234	6052227	1
12536084	12454989	1
1370247	1370229	1
7709230	7709234	1
12734797	12409244	2
9557279	9557283	1
8534453	8558497	1
160273	160274	2
9250945	9250946	3
5679151	5679208	6
1170111	1171084	1
9107994	9107978	1
219093	219213	1
9743499	9747132	1
252462	250775	1
2676605	2676606	1
6383570	6383569	1
10725039	10725057	1
5913924	5913921	3
7747233	7747234	4
5423072	5422378	1
5144973	5144976	1
4180633	4180628	1
990257	990246	2
9967566	9967573	1
9472332	9472421	1
3423833	3423834	2
5502409	5502404	2
6346813	1965590	2
5974845	5974846	1
5433004	5433003	1
6436432	6436431	1
12564655	12624559	1
12613865	12613868	1
10731674	10731673	2
9826499	9826516	1
135050	543798	1
8672609	8675864	1
831611	834318	2
7476931	6267618	1
320370	319960	1
1133651	990904	3
5913928	5913927	6
6274260	6274257	1
5462047	5462048	2
376198	376197	1
685723	598405	2
7708408	7707727	2
180063	2378726	1
7987915	7987913	1
6990454	6990453	1
6337644	6337630	1
6514683	6514657	1
9557811	9567857	1
7534136	7534139	1
2796627	2796617	1
6394973	6394985	1
668093	669352	1
2610298	2554894	1
3887175	3887176	1
2865303	2865304	3
3088563	3088564	1
5505249	5506377	1
10166290	10166276	1
10978368	10977438	1
10307871	10307872	1
7022021	7021163	1
2610301	2610226	1
10443896	10443893	1
7970724	7970752	1
8731057	8731058	3
3041397	3041478	1
5501033	5501034	1
119011	120018	1
10389728	10389727	4
212724	212607	2
4058212	10658456	1
9305186	9304979	2
2014641	2015625	1
11986057	12354668	1
1771183	1771184	2
6437007	6438021	1
10968000	11032742	1
2474463	2474449	1
5500155	5500156	3
2893961	2905214	2
1296885	1296874	1
562243	562244	1
1279278	1279277	2
4024296	4027216	1
11445913	11235886	2
6060490	5944061	2
5905914	5905913	1
734751	852938	1
5414277	5414388	1
2544540	2544539	2
9631476	9637886	1
10736284	10736465	2
1530786	1530997	3
7928768	7928786	1
7415602	7415652	3
234004	234001	3
5157991	5161120	1
431870	431869	2
6496579	6496591	2
7624137	7624186	1
902036	898706	1
1938298	1938297	1
519601	522123	1
10127348	10127337	1
6741243	6741244	2
559273	559250	2
8897992	8897738	2
9104902	9104901	2
371118	12254344	2
11466708	11466703	2
6676625	6676626	3
8403222	2096980	1
1696279	1696120	1
5366252	5366251	2
1090242	1090241	2
7624736	7510605	1
2902904	1273567	1
11167760	11167759	2
11118999	11119000	1
673253	669982	3
9055159	9055160	1
6572486	6572491	1
9239023	9239123	1
1665215	1676123	2
11391064	11391394	1
7097237	7096801	2
6824156	6824155	1
7979579	7887900	1
4009601	4009602	1
4447200	4447199	2
2703739	2640108	1
5653668	5653725	2
354413	354414	1
12481275	12481276	1
10220830	10220790	1
9162463	9162590	1
7682035	7682036	2
11118995	11118998	1
7430794	7430793	1
950400	834155	1
9657463	9661781	2
10851800	10851753	1
12596024	12597305	1
5209005	5080364	1
3492389	3395869	1
11829298	11836385	1
2411831	2411834	1
2026899	2026881	1
1653303	1653304	3
764535	764536	3
5194578	5194577	3
4747802	4747812	2
3704999	3705465	1
7396354	7396366	1
6512031	6512011	1
11180728	356869	1
1790540	3355405	1
7494287	7553676	1
4344900	4345015	1
6060490	5944063	1
11311221	11311222	1
11577190	11577195	1
1649550	1524293	2
1414302	1414268	2
1257588	1164191	1
9654782	9787010	1
12603424	12602645	1
6868115	6868184	1
2308015	2307918	1
1427680	1430088	4
9496259	9495366	1
10219835	10219836	1
12772055	12625523	1
724380	565397	1
7313038	7313159	1
4336843	4336831	1
4287899	4287900	1
5500157	5325432	2
2368578	2020797	1
2279498	2279497	2
1090956	1090955	5
3264856	3264855	1
5535788	5366253	2
10499624	9287283	1
5158555	5158556	2
1258114	1257936	1
6675829	6675830	2
930585	930590	1
5699903	5694403	1
8898689	8891300	1
10115533	10089963	1
5969897	5969898	2
1859887	1859888	1
11981129	3397620	2
9497121	9508111	1
1171985	1174475	2
6069865	6069575	1
459836	459835	3
5089571	5476842	2
2167223	2121065	1
11873351	11793227	2
6235593	6235594	2
5619315	5618604	1
11339585	11339332	2
8530352	8523338	1
871089	871064	1
4738375	4738357	1
10643161	10643162	3
4350308	4472491	1
5287346	5287345	2
12574074	12574088	1
5710804	5713671	1
2829574	2828862	4
1997166	1997060	1
13070	229169	1
4553340	4687946	1
5517178	5517177	4
9504061	9500434	1
6181015	6183942	3
8613500	8613546	2
1970095	1971361	1
776363	776364	1
5252874	5252804	1
1896980	2083818	2
5825763	5772423	2
11878109	11878110	2
9506987	9506989	1
6781338	6760208	4
427476	395931	1
1762316	1762362	2
11496785	11557225	1
4800015	4551010	2
9833030	9833096	1
2817430	6650232	1
8012123	8029226	1
4126239	4126240	3
12146130	12146951	1
7224185	7224186	1
8650344	8969758	1
283477	283478	1
7252975	7252976	3
8409015	8409074	2
6014829	5875386	2
9865137	9865138	1
4552244	4552243	1
4372266	4371895	1
5720237	5718858	2
418116	286133	1
755717	753527	1
11509498	11509497	1
12364421	12203111	4
126377	126923	2
10974346	7115971	1
2191316	2191398	1
7610953	7610971	1
8069379	8069377	1
8630929	9921933	1
10851752	10851751	2
11998127	11988876	1
12537165	12537142	1
10651909	10651910	1
6168444	6168153	1
3123190	3100497	2
4504634	4504802	1
11351958	11608086	1
902038	898704	1
8347647	8558991	1
12779324	12781256	2
7609639	7609642	1
697526	697401	2
11600854	11600845	1
8508148	8485717	1
5905921	5905922	1
329343	329344	3
8874998	8891884	1
2117040	2119049	1
1167632	1167629	1
4673601	4673602	2
4582087	4582088	1
10016497	10016560	1
418368	418408	3
3671808	3671786	3
11364219	11342004	2
6063795	6063796	4
10414545	10414546	1
5957112	5957111	1
5401569	5401570	2
9452821	9452822	1
11881118	11881120	1
6042051	6042584	1
9592823	9593130	1
10967109	10967110	1
9685093	9685094	1
2751553	2751554	1
7030198	7030163	1
7979581	7979582	1
5799819	5835030	4
10366863	10366864	1
5523864	5523858	1
11965432	11965431	1
332446	332445	1
2702480	2702479	4
3153894	3154326	2
11160187	11140937	1
5422316	5422315	5
2658076	2658075	1
10778511	10777953	1
4068654	3737145	6
11638492	11634557	1
12624558	848275	2
11890797	11890794	5
9164567	9164568	3
736893	939639	2
3321943	3321946	1
11164017	11163488	1
6222656	6222655	2
63615	63616	3
1605617	1605622	1
3862125	3862126	2
9503818	9503815	1
3459452	3459451	1
6421440	6815051	1
6091060	6090786	3
4265634	4405243	1
4068923	3763847	1
6495931	6496260	1
8791026	8812085	1
2299231	2298087	1
5733111	5733112	1
9852572	9843391	1
3682123	3682182	1
12048597	12048598	1
251386	251385	3
7500409	7500412	1
11994231	11994385	1
1752315	1752736	1
9121710	9121645	2
12659528	12659542	1
7522043	7506854	1
8509324	2316289	1
7856499	7753675	2
6191214	6191213	1
10238230	10238227	2
7722854	7723740	1
1176729	1176730	1
7210967	10215612	1
10566247	10566248	2
8716022	8716021	2
12521449	12521450	2
2121433	2121434	2
7626468	7626467	1
7173186	7173181	2
1172621	989505	1
7964155	7964262	1
7537726	7540004	1
10366861	10366862	1
3031928	3032061	1
3968795	3968798	1
996831	996338	2
8044608	8044607	3
9454694	9454750	2
860060	912555	2
4739710	4739018	1
11906935	11906916	1
9748860	9602936	1
8019834	7854743	1
3996103	3996104	1
243596	243599	1
979304	976587	2
2271086	2271065	1
2151400	2151399	3
2463761	2463762	1
2961508	2961381	1
2757262	2757141	2
6190590	6126645	1
1762314	1762362	5
1911341	1911342	2
5289213	5284993	1
4878762	5271069	1
1429298	1427488	1
11982096	11982099	1
7325439	7325421	1
2496024	2259510	1
12659761	12379782	1
1530788	1530787	2
9016783	9016825	1
10733424	10733162	3
11786216	8502609	1
9454747	9368764	1
6895749	6895750	1
11078747	6596662	1
5677336	5860021	5
11386495	11385671	1
8634228	8634222	1
2778255	2777862	1
7856083	7856041	1
10820685	10820686	1
949945	949946	3
3736007	3735129	1
1974053	1974054	1
11840373	11840295	1
6746514	6746511	1
6014823	6014828	2
9297375	9297376	2
6566214	6566251	1
64220	65685	1
423903	10096058	1
12383181	12383182	2
5453191	5453192	1
3151555	3151571	2
6821633	6819447	1
729022	741511	1
9720229	9720230	1
812623	812637	1
2442541	2442289	1
9888705	9888706	1
20411	36272	2
10393997	10393998	6
7225633	7218338	1
851456	737072	1
898705	898706	3
331740	472614	2
5493724	5493723	1
6861675	6861639	2
7300495	7300496	1
7807135	7807136	2
6345536	6345535	2
178959	178988	1
3384714	3384713	1
3284566	3284565	1
538589	735505	1
10319300	10319306	1
7114006	7114014	2
7778898	7778895	2
9776348	9773247	1
2181589	2181590	1
9009815	9009953	1
12501820	12501818	3
7778898	7778897	2
1322389	1322378	1
7237139	7234363	1
7446451	105646	2
5844630	5844629	1
2667937	2659288	3
1521674	1521677	2
6421440	6421443	1
10404796	10404795	1
11454731	11305955	1
12527517	12601857	1
4344668	4344738	1
8895395	8895396	1
6848221	6848222	1
4068656	4068655	7
8355812	8355811	2
12157241	12347894	2
11416299	11414743	1
7057807	7059245	2
2454677	2454615	1
5784381	5784382	1
11674308	11674307	1
832334	906294	1
10863698	10863697	1
8870605	8878505	1
3767773	3767774	2
7653354	7544081	1
12383183	12383184	3
2501285	2501286	2
2157265	2157266	3
4515942	4644457	1
3114827	3114581	1
10589801	10595037	1
3788686	3788685	1
10298343	2581605	1
10393386	10393317	2
2306050	2306049	2
7813929	7813899	1
12330655	12330491	1
9259154	9259118	1
551657	551750	1
6362129	6361142	1
10610037	10610038	2
2958805	2941287	2
385097	384845	1
5702420	5702481	1
4661183	4661199	3
9305727	9304194	1
7043766	7052071	2
644721	643155	2
5921334	5921333	1
12690122	12369176	2
5332553	5332554	2
12298234	12298237	1
2829549	2829587	2
2346153	2346226	1
4197875	4310477	1
264028	263957	1
2758085	2758030	1
3205093	3205056	1
11239343	11239344	1
1911343	1911344	1
10052465	10052466	1
4312262	4392674	3
2757605	2771169	1
6115379	6115389	1
7803306	7794086	1
8148184	8157487	1
5055261	5055262	2
1674324	1561991	2
2181192	2432069	1
9932186	2043034	3
8194404	8194328	1
11353384	11353390	1
2103729	2089853	1
3243480	3243479	1
6886517	6886534	1
930585	930588	1
6815254	6815247	1
4281427	4297646	1
12632011	12632037	1
6150881	6150885	2
3378223	3378024	1
7566177	7566546	1
10550094	10550093	2
1989319	1989307	1
11096640	11126861	2
11876877	11877169	1
6898786	6898785	2
7181750	7182073	1
2363727	2363751	1
2799178	2799177	2
4584863	4685081	3
3045859	3045860	1
1341913	1341914	1
7297631	7365665	2
1917259	1919841	1
1245410	1245407	2
281773	282905	4
11109677	11109767	2
2874487	2770825	1
515671	385225	1
469109	469110	3
2279496	2279495	1
1639011	1639012	1
1675354	1675353	1
11744562	11744561	1
10738044	10738070	1
342899	342900	1
12343603	12147152	1
8850016	8850224	1
9752681	12053813	1
1762316	1762315	5
8055732	8051841	1
4607299	4602837	1
1793031	1793042	1
373936	373935	1
12178491	12178492	2
8457390	8457389	1
2976384	2880048	1
4936300	4936289	1
10378162	8849423	1
12239248	12162893	1
6285777	6285778	1
1632366	1632352	3
4783789	4785381	2
6428403	6428404	3
6818121	6818073	1
3033629	3031615	1
6593602	6593553	1
2340250	2343248	1
10851346	10855528	1
3325539	3325540	1
10665299	10665300	1
2999657	3000449	1
6869373	7052811	1
8983332	8983331	1
6596989	8516139	2
9680078	9485142	1
11320868	11290968	1
11552420	11341541	1
1042308	1042454	3
2087170	1907117	1
11093113	11001593	2
12048599	12048600	1
4022911	4113137	1
5505910	3194647	2
5506433	5506446	1
12492984	12492983	1
2032943	1962873	1
6190588	6126645	1
827196	827195	2
10239222	10239217	1
2411831	2411832	5
5230384	5230382	4
8254547	8254548	1
9505705	9505692	1
353745	353746	1
9600374	9601417	1
7063467	7298738	1
11393187	11393190	2
11513208	11513207	1
4542904	4542990	2
5003567	5003568	3
8161884	7890266	2
4270504	4280740	1
206909	207038	1
358541	12466303	1
11496450	11488768	1
2827996	2827834	1
11578050	11560280	1
6263013	6263053	3
9635964	9640586	1
3003140	3003137	2
7724951	7917327	1
1012313	1012319	1
5660373	5660374	2
1054042	7471900	3
12716886	12716885	4
7671185	7671051	1
3903700	3903714	1
10238222	10238227	1
12645352	12386163	1
10394540	10394351	1
11718145	11718146	1
51084	51155	1
763018	764375	1
3658613	3480575	1
6593865	6593863	3
11804108	11804121	1
2598337	2598338	1
2584010	2578100	1
990247	990248	1
470345	481449	2
3159448	3133116	1
7123876	7123873	1
2802867	2802859	3
12454395	12454434	6
11358822	11358821	2
1801793	1804077	1
4116084	4116475	1
8980495	8980501	1
10153113	10153868	1
6567822	6683558	1
5974847	5974867	1
11528609	11528717	1
8338842	8236045	1
8813503	6444841	2
11350741	11350780	1
332448	332447	1
10700271	10700286	1
1621392	1621788	4
4348018	4348017	1
3734171	3734183	1
3379339	3379340	5
10293874	10293880	1
11578740	11578739	2
12295268	12293828	1
8284575	8284549	1
2554824	2554821	1
4716534	4716533	3
2385157	198898	1
9812968	9812965	2
9316734	9316774	1
12629180	12630873	1
4032916	4126267	1
500233	500266	1
6237116	6237060	3
3667916	3667475	1
2929866	2908618	3
4809643	4809660	1
1609257	1501086	1
4818310	4829323	1
5480398	5480348	1
768555	768556	1
10405059	10405011	1
1033934	1033928	1
5114606	5295181	1
6247481	6937215	1
3081588	3081587	2
8775176	9128018	1
1600110	1225839	1
10414259	10414255	1
1715427	1715428	1
7648592	7648589	1
3274876	3274961	3
9020863	9193428	1
3270341	3270364	1
757755	883663	1
780100	895681	2
11752466	11756667	1
11336386	11336385	2
4679325	4679357	2
4630870	4630869	1
873890	873911	4
3542640	3542639	1
10335185	10335186	1
6883182	6883134	1
6022910	6022909	3
2764733	2764893	1
8958291	8653026	1
7181052	7181051	2
1833604	1833607	1
3992091	3990243	1
11868629	11869826	1
10316485	10316486	5
4476029	4475342	1
10509240	10509239	3
9604095	9668026	1
1795403	1795404	1
7309898	7309897	2
11468451	11454630	2
2889409	2890882	2
11324159	11479092	1
12665747	12665748	3
2760963	2760991	1
6262855	6262856	2
12616821	12395959	1
8400263	8400264	1
3730729	3733283	1
10238222	10238231	2
473309	473310	2
3575721	3658280	1
4812953	4818317	2
2251127	2251084	1
10573356	10573355	2
4587153	4580295	1
4854594	4854586	1
170514	170811	1
11992567	11992568	1
3133778	3133747	1
2791123	2791124	1
6093160	6093159	3
12766835	12769611	1
4068658	4068655	1
8706871	8706845	1
6993475	6993476	1
5461722	5461713	1
35746	35743	1
12670718	12670727	1
4738855	4737272	2
2057931	2057963	1
6136537	6136946	1
8613502	8613501	1
2023065	1984857	1
2121429	2121434	1
11470256	7517918	1
12690127	766383	1
11900481	11900548	1
601900	602014	1
4777120	4777125	1
7287604	7287549	1
8726365	8994145	1
2348697	2348701	1
8173591	8173592	1
8083765	8083885	1
7490911	7490912	2
5730039	5730040	2
1089756	1089706	4
4734954	4734951	2
98852	98849	1
150786	69464	1
1408210	1408209	1
8815332	8648690	1
5055340	5055324	1
1008288	1008285	1
10240155	2041850	1
2111887	2111888	2
4947967	4947982	2
2655775	2656275	1
5469343	5488768	1
4313554	4316502	1
830756	829581	1
6346195	6346196	2
11530661	11530662	1
710014	709998	2
2002885	2002852	1
5453748	5448486	1
11609227	11602006	2
5474670	5472112	1
774238	751440	4
4108631	4108632	2
12574370	12574369	1
4950114	4950113	1
2441497	2443382	1
10763101	10763104	1
9339896	9346900	1
8863547	8863582	1
6014825	6014828	1
6388597	6274261	2
6339517	6339509	1
755308	823066	1
7966631	7966689	7
10545950	10635084	1
782655	782658	1
11099767	11099520	1
7873089	7905881	2
10092629	10092630	3
12290553	12331288	1
11613576	7360906	1
2293590	2464707	1
9825221	9826982	2
10335913	10335956	1
515911	360428	1
2779590	2742138	1
150021	153060	1
3702151	3950181	1
11814716	11814715	1
5927454	5927432	2
1271780	1271531	1
7433217	7433375	1
2666657	2666658	1
9083772	9152306	3
6090785	6090788	2
252337	252339	1
4410466	8343168	2
8409013	8409014	3
12225559	12342238	1
5462049	5462050	3
306249	306250	1
2121429	2121432	4
1276861	1276862	1
11517491	11514554	1
10078341	10078342	1
2689848	2689845	2
11099570	11099569	1
185548	807357	1
6225044	7953565	1
299652	400141	1
2745597	2745598	2
4276130	4276646	1
1368505	1368508	2
5502093	5502094	1
11062772	11062771	2
9811002	9811122	1
7741966	7741965	1
5145108	5145158	2
883662	885627	1
3196982	3196985	1
6030487	6030537	1
2735618	423352	1
1758675	1756804	1
6885498	6885337	1
3023396	3021447	5
5710428	5713979	1
3061974	3022963	1
883755	883758	3
12296369	12296372	1
11895633	11895615	1
1711856	1711855	1
6249282	6249420	2
10610042	10610038	1
2262440	2262484	1
8870603	8870604	2
5418298	5412601	1
12574641	12574642	3
2489618	2494864	3
8617465	8561627	1
9440870	9440869	1
8651297	8651300	1
11897371	11897372	1
6572490	6572487	1
5496182	5460645	1
7281491	1700321	2
11090210	9551803	1
4447204	4447203	4
11391395	11390986	2
5138194	5138193	1
9185529	9185547	1
10192904	3257532	1
1939485	2128526	2
11200101	11083110	1
1022175	1022176	2
358541	358542	1
3105298	3105288	1
8762840	11983533	1
7289549	7289550	1
4340068	4340021	2
9932044	9932043	2
12040557	12132395	1
1897044	2083509	1
9454747	9454748	1
395751	395752	2
946066	946047	1
7735081	2012054	1
4355932	8770182	1
2702478	2702430	3
2016754	2016753	4
12621	13060	3
6234029	6234032	1
10067139	10067140	2
551655	551750	2
7283043	7282761	1
12125039	12125003	1
6288983	6288918	1
252108	217075	1
5722392	5722412	1
10282634	10282563	2
10297855	10297732	1
2891083	2891084	2
8315521	8315522	2
1290331	1288844	1
1344216	1344215	4
7856495	7856498	1
1021090	1254130	1
6348155	6718812	1
4721823	4721743	1
2118589	2119295	1
8971309	8971310	2
179695	187100	1
10448518	10448512	1
10189067	10189068	2
7536623	7536613	2
9625066	9625065	3
9907285	9907259	2
993034	993033	1
10921932	10921936	2
12341847	12341848	1
10851800	10851751	1
9151787	9083784	1
7755954	10822465	1
735509	547588	1
10295672	10295671	1
11165052	11119092	1
9332489	9332490	3
7924045	7924046	3
10239222	10239219	1
2705151	2706820	1
7113020	7113019	1
283094	283093	2
3546409	3538874	1
9371394	9239919	1
157549	157913	1
7247851	7247852	2
5367285	5367310	1
5303161	5529713	2
10780083	10780008	1
8913686	8906628	1
5223771	5406692	1
1846389	1849052	1
11667192	11825712	1
138171	125887	2
7829064	7869395	2
11997449	11984802	1
6746512	6746511	1
10769262	10798360	1
8008807	8008813	1
5752420	5752400	1
12317972	9567193	1
12511881	12530002	4
7370606	7370788	1
12147993	12353528	1
9725874	8789880	1
2851353	2852455	1
4545889	4612235	1
3693181	3693182	2
12367736	12337665	1
7498496	7499696	3
458693	458713	1
3683559	3683806	1
10492123	10492124	1
8700021	8700022	2
8957100	8971310	1
4433119	4669952	1
7706830	7976162	2
11780914	8600840	2
774257	774258	2
6454853	6454061	1
9567959	9570778	1
10206139	10206105	1
117624	117623	1
11353888	11598213	2
4115191	4113126	1
6456841	6456857	1
8099522	8071546	1
10361687	10361688	1
11350741	11350744	2
8427056	8427055	1
8180636	8182791	1
1735026	1727442	1
11531809	11525677	1
6606259	9731812	1
10043535	10043536	2
3134460	3019646	4
7196512	7196511	1
10643161	10643166	1
7613890	7613886	4
11393187	11393188	1
11050081	11050082	1
2384354	2384300	4
3217939	3217940	1
6274224	6274254	3
5656023	11485387	1
12383181	12383184	1
11303445	11349220	1
5155884	5155803	1
9765447	9765448	1
3946685	3946650	1
332448	332445	1
10094832	10094595	1
3137668	3140456	2
2865301	2865302	5
12359876	12440451	1
1964132	1964121	1
1192566	1018010	2
5007236	5007231	2
3108183	3108184	1
2587272	2587271	1
8468597	8552340	1
3314088	3312677	3
11366734	11366656	3
11669526	11669525	1
9499385	9499341	1
8865288	8865287	1
11097101	11097102	2
1974226	1974224	1
4843041	4843042	2
4253503	4170856	1
7224230	7224184	2
2471593	2471596	1
1413495	1413496	2
431864	431836	1
10643165	10643166	1
7949774	7949773	1
11409700	11380667	1
8865286	8865289	1
860767	861419	1
7922243	7922244	1
8463465	8279061	1
5569933	5573934	1
2111889	2112364	1
509744	509743	1
10573830	10389725	1
8575304	8575102	1
5838750	5842912	1
10184192	10183995	1
1413497	1413498	2
704985	704970	1
6024526	6023636	2
2886783	2890883	2
3711491	3711492	2
754186	754184	3
861603	781997	1
11180728	356871	2
2573447	2573448	3
4643064	4637386	1
6075931	6078541	1
7972775	7744305	1
6924965	6924966	2
9696853	9696854	2
12557548	12557547	3
7673455	7673456	1
10136120	10136117	2
117298	117295	1
3857656	3857713	1
6812302	6812289	1
586678	586677	1
396379	409220	2
1563955	1564817	2
673154	674000	3
3066850	3064594	1
2793586	2694793	1
821124	821123	3
7191886	7199383	1
1733791	1729475	1
1015155	1015156	1
7852503	7852504	1
4257516	4237993	2
3812684	3816482	1
6388852	6388837	2
4836228	4836424	1
5208976	5208975	1
4438046	4438045	2
3003136	3003135	4
11084283	11084253	1
9423028	9423027	1
9012693	9156644	1
529454	529427	1
3112637	3112640	1
6524027	6522521	1
5507432	5507435	1
827198	827197	3
356851	356852	2
242680	242765	1
6664670	6664645	1
10402284	6563028	1
11133915	11133916	1
6190590	6190589	2
3481547	3402277	1
7059844	7059277	1
536413	547592	1
1319637	1319641	1
784887	784888	1
5070639	5070640	1
5590093	5590949	2
3555559	3555560	1
11312243	11312244	1
5699446	5699445	3
4405410	4405408	1
6090785	6090786	2
10650377	10650378	1
12802838	12811464	1
5673864	5634895	1
10443896	10443895	2
10805977	10806097	1
546373	533178	3
8823450	8823449	1
10280803	7882964	1
3382445	3382446	2
2114365	2114353	1
1794110	1794302	1
5513349	5513350	5
7187744	7331883	1
9639190	9642112	1
6172376	5999088	2
12185150	12188888	1
8815397	8764864	2
10868054	10868075	4
6044252	5724759	1
10215898	10217003	1
8818154	8818150	2
6091060	6090784	4
63617	63618	2
1772048	1772047	1
11967504	11967503	1
3552002	3552001	1
9674296	9674295	1
4673603	4673604	2
8479728	8488208	1
11069179	11069180	1
3274962	3274961	4
6345534	6387266	2
9703583	9798348	2
22537	22542	1
9316336	9314794	1
11967127	11967128	2
514794	2409144	1
7810318	7749157	1
990257	990258	2
1534606	1530778	3
5961794	5961793	1
9765886	9675502	2
9506209	9506214	2
380287	380292	1
2002883	2002884	1
10085873	9989514	3
11613264	11613263	2
11281667	11277979	1
8517864	8517863	2
8810216	8810215	3
851310	851309	1
11730317	11730318	2
3038495	3038496	1
875780	597970	1
7615607	7615583	1
3478107	3478029	1
8432260	8432275	1
10181978	10181996	1
8485973	8485970	1
8696451	8696456	1
7682093	7682094	1
6270979	6270271	1
10083090	11854390	1
4188979	4188980	1
9969951	7205074	3
7476188	7693983	1
2907061	2906727	1
8034393	8034355	1
5913922	5913921	2
4367246	11475156	1
2079499	2079527	1
10991394	10986082	1
4799913	4799914	1
5734707	5734708	2
1929091	1929092	2
4778124	4778127	1
11160187	11140939	3
11732704	11732655	1
6455818	6455820	1
3045861	3050538	1
2429097	2429098	1
682517	682518	2
3192698	3174124	1
10159766	10158414	1
7735786	7681913	1
9994769	9994770	1
5852106	5852799	1
1780795	1780836	2
1460006	1460005	1
1650142	1418529	1
8965071	8963917	1
570897	627696	1
9531781	9531782	1
8804372	8804371	2
5710664	5710057	1
9966203	1995332	1
2480148	2480453	1
8844843	8844844	1
6372260	6372259	2
7451764	7454367	1
6816036	6810500	1
2104833	2089369	1
1090830	1090829	2
2796626	2796605	1
9499336	9500204	2
12454228	12454210	2
11485157	11485187	1
6407509	6407512	1
6968062	6967549	2
6579121	6579151	3
10359697	10359698	1
7813755	7813874	1
7408333	7408334	1
11077344	9788705	1
3284170	3284169	1
11164013	11164014	3
2273064	2268745	2
5446287	5446288	1
10070836	10070835	2
155007	466451	1
5442225	5442226	3
11336388	11336387	1
6438405	6421674	2
5903719	5903720	1
148349	164405	2
11939909	11939867	1
11140938	11140937	2
5905372	5864997	1
1656926	1656925	1
2984230	2984229	1
2907962	2907971	3
2280786	2280785	2
952842	1506365	1
6926538	6926537	2
340940	340874	2
827085	828012	1
6115388	6115391	1
4414165	4414155	1
12202869	12202870	1
514424	514423	1
9720749	12790655	1
6875462	6875461	1
9357670	10530706	1
8352249	8352250	1
6519489	6525211	1
5038010	5038009	1
10798361	10798362	1
9341081	9343891	1
3379341	3382444	5
4541121	4536931	1
12617659	12617662	1
11322859	11322600	1
9786298	9786283	1
791817	882982	1
10215453	7210962	1
5456305	5456306	1
755960	761674	1
10418750	10538795	3
12492982	12502353	1
11014873	11130017	1
5969897	5969902	2
11330169	11330199	3
12518063	12559951	1
12766515	12766381	1
2203051	11883093	1
7455357	7454496	1
7109983	7109988	1
12506492	12506466	1
11358822	11358819	2
1269974	5250768	1
3943435	3943431	3
1937996	2195807	5
6593862	6593859	3
4830407	4830410	3
294684	454797	1
9671151	9670767	1
7734147	7733969	1
5859266	5864105	1
928613	928310	2
7277886	7277924	1
12640324	12383386	1
12405706	12407149	1
1670839	1625700	4
4188981	4188919	1
5986473	5986474	2
509746	509745	2
11831132	11831126	2
756507	756508	1
354419	765633	3
9944999	9945002	3
3767775	3754761	2
3274876	3274963	4
7711164	7711163	1
7037222	6996694	3
2851320	2851233	1
351351	192410	1
11070087	11070088	1
6224573	6223996	1
113158	779796	1
10898218	10898211	1
3610101	3610102	1
10143368	10143353	1
1698479	1771161	1
11548309	11548303	1
1500357	1500358	1
7172188	7172187	1
4543242	4543238	1
12188891	12459926	1
5743974	6066434	2
3922749	3922632	1
423911	199789	1
4368805	4423069	1
1605617	1605618	1
5907996	5908030	1
423382	423350	1
8270537	8270569	1
3052021	3052022	2
10597429	6210432	1
1771187	3370435	3
630920	630990	1
4300011	4300953	1
7958093	7958094	2
2873820	2809278	1
10610042	10610036	2
6071902	5808732	2
5849536	5849531	2
9521571	9521572	3
11838392	11856423	1
9335501	9331065	1
8405947	8417251	2
9477118	9479325	1
1900156	1893594	2
198473	504991	1
197582	197377	1
4437118	4437117	2
4913446	4913445	3
1464988	1464987	1
271950	271923	1
5302573	5302574	3
303897	888304	1
1458675	1458676	1
214761	214790	1
1572557	1572613	1
3460885	4663066	1
8232047	8482037	2
11901787	11890796	2
7436500	7436499	2
10785853	10785848	1
3534426	3534459	2
1597136	1685717	1
12253191	12253192	1
2563723	2563724	1
7094559	7094671	1
10065070	10065067	6
5859283	388474	1
11531813	11525652	1
9956746	9956745	1
10002943	10002927	1
2929835	2929836	1
940288	1484913	1
6702089	6702090	1
1454783	1114450	2
1722550	7461123	1
8364417	8110371	1
3615412	3615411	1
3106558	3196980	1
764537	764540	2
431258	184465	1
6027987	6027913	2
8722945	171648	1
9496884	9500240	1
12472532	12467904	1
4426425	4426426	1
12716884	12716883	4
3682086	3682111	1
3410761	3410762	1
2585007	2585008	6
4302044	4302043	2
6389120	6343961	1
10280863	11803685	1
11567262	11567260	1
5950330	5950324	1
10136116	10135788	1
5232622	5232631	1
7556705	7608477	1
99683	99839	2
2446766	2446045	1
20413	36272	1
4029569	4027958	1
5791442	5803405	2
1090252	1090243	2
12679752	12679214	1
3067729	3067730	1
6921539	6904788	1
1486585	1486517	2
1742117	1486954	1
2662164	2662163	1
641009	598199	2
10706531	10706532	1
5969899	5969900	1
8897994	8897738	1
12378387	12369682	1
7810479	7810486	1
10253329	10253580	3
12129588	12139261	2
10309172	10309401	1
3686987	9729656	1
8272390	8272322	1
2576175	2576225	1
7827073	7827074	1
2701254	2701251	1
6239975	6239976	1
698139	698140	1
65278	65275	1
3727197	3860438	1
5965962	1584650	1
11868703	11861519	1
126795	126796	5
996829	996340	1
20411	20412	1
7461980	7461979	1
2865301	2865304	1
3440976	3474531	1
7108350	7108349	2
8722711	8722605	4
405854	405853	1
6739693	6741360	1
7446287	4197394	1
3687627	3636162	1
7617230	7617336	1
10516680	10516602	1
3671810	3671809	2
1464711	1464742	2
10136116	10136121	1
7578437	7578440	1
6680652	6579120	4
1188158	1161847	1
901943	898671	1
7934008	8019038	1
4756574	4756495	1
2487044	2487043	2
5678796	5678184	1
6339448	6339255	1
11096644	11096643	1
6239977	6239959	1
5921332	5921329	2
3676864	3676863	1
6758958	6758692	2
5500155	5325432	1
1532166	1532165	2
3023187	3023190	1
8508799	8465936	1
1396002	1395866	1
9913046	9912993	3
9193704	9194830	1
7984770	7631508	1
687687	687688	1
8392693	8186630	2
5199046	5199045	2
289227	289228	1
3812924	3812932	1
4093260	4855092	1
2865305	2865306	3
4653677	4653678	1
220014	220001	2
9878767	9878785	1
7775859	7775825	1
3605764	3605739	1
12808243	12808244	3
6397288	6397291	2
1966196	1966195	1
7709097	7709098	2
294950	281082	2
8623462	8623459	1
3382596	3382595	1
12485069	12485032	1
11119143	11118994	1
1793621	1539500	1
8744583	8990716	2
389064	383123	2
930589	930590	1
3218964	3218963	1
3529476	3529372	1
12155073	12293737	2
3277712	3278335	1
2109170	2109167	2
5710804	5713669	1
578009	578010	2
423382	423352	2
8379636	8381975	1
1927264	2071578	2
2251759	2251760	1
10213394	10213417	1
4777124	4777121	1
10272934	10273247	1
8970047	9106094	1
77518	57945	4
1295755	1295759	1
1119599	1119600	1
54075	54100	1
3407770	3407767	1
5478182	5478181	2
1589786	1584443	1
7156381	7156382	1
2432066	2432065	1
9248067	9248099	1
1564258	1564269	5
602183	602186	1
4056330	4056329	1
1067350	1067349	3
3646019	3644204	2
9066650	9147995	1
2049505	2304757	1
8562095	8604051	1
10171533	9836044	2
9100930	9100935	1
12646057	12647760	1
6422438	7451671	1
7436786	7436785	1
22539	22540	1
10059837	10059838	1
6849578	6818853	1
11508026	11508025	2
12768085	12768002	1
8338559	8338539	1
12557819	12692388	1
852939	852940	2
1090831	1090834	1
2991656	11647590	1
6963026	6963025	1
2306052	2306051	2
8963920	8963917	5
9291888	9291792	1
2006865	2006849	5
7853270	7853644	2
3984458	3984422	1
10443894	10443893	2
3482973	3482955	1
12795321	12795322	1
12574643	12574651	2
6716088	6716080	1
1227702	1227701	3
10571152	10571151	1
10056512	10056596	1
4139121	4139122	2
3047356	3041764	1
8726747	8726726	3
11275433	11277955	2
7604727	7542698	2
3610103	3610083	1
8421575	8421576	1
1912664	1912663	1
5268259	5267826	1
7770147	10801838	2
919673	906508	2
8919886	8919838	1
9720268	9720267	1
4420012	4857367	1
10297172	10297171	2
5528232	5528218	2
12361292	12361291	1
1509428	1509427	1
3716584	3716339	1
4724169	4824146	1
7200784	7198385	1
283092	283095	2
8228378	8228324	1
5160505	5160506	2
7253186	7253185	2
7498496	7499700	1
665419	665420	1
2418016	2226941	1
6970186	7211313	1
6511037	9008191	1
7187770	7331882	1
3671810	3671786	1
750048	750047	2
773211	771923	1
1043891	1043892	2
5609924	5609923	1
12153920	12002514	1
834721	950077	3
5515757	5515758	1
6147485	6147490	1
2909027	2907961	1
6851215	6851216	2
8704163	8703612	1
10402284	10535666	1
2660670	2660669	1
11701852	11702317	2
1139341	1139342	1
7350583	7350584	2
1356847	1356848	2
11311223	11311224	1
5756164	2773774	3
6688512	6688511	1
9179470	9179431	1
10643163	10643164	2
596188	596185	1
7396087	7396088	2
11463379	11323439	1
7961933	7961763	1
4070066	4081369	2
5899943	5899827	1
6321146	6321218	1
6948020	6880195	2
6575142	6575115	1
5358940	5359449	1
736868	547738	1
1041924	1042056	1
9885554	9812195	2
10503925	10503926	1
4414437	4413998	1
3716822	3716794	3
1158948	1156015	1
8482918	8323932	1
7348285	7367102	1
2396837	2396838	1
2480149	2479876	1
5093480	5093449	1
6707311	6710639	4
9985187	9882668	1
7686879	7783776	1
10688698	10725075	3
10968712	10959117	1
713889	713954	2
360429	360430	1
7375093	7334045	2
12363723	12374530	1
3580869	3900150	1
4581696	740324	1
4022449	4023942	1
2797557	2809556	1
11504881	11284978	1
4543934	4799329	5
6422216	6420048	1
10817531	10817532	1
6451633	6451630	1
12810527	12810509	1
5263120	5262988	3
9780149	9780191	1
9081478	9081180	1
11528829	11538803	1
11234088	11234087	2
10059835	10059840	1
4351575	4351578	1
2775877	2775878	2
9151849	9151850	2
11916014	11916013	4
7665608	7664661	2
11993748	11993771	1
9894177	9894178	2
8965070	8965069	1
2432066	2432063	1
3134616	3134615	1
8211071	8210092	1
9663761	9663692	2
773199	773202	2
6507848	6507847	2
170145	169786	1
10623533	10623569	1
2642666	2651249	1
2753533	2981886	1
6396033	6395593	1
4424654	4424607	2
7683965	8068538	1
11393189	11393190	1
7430789	7430790	5
10029720	10029782	1
7018547	7018596	1
8683709	8684284	1
5804406	5804405	1
3466952	3466951	1
2464338	2464334	1
6345536	6387266	1
117294	117297	2
1201057	1201052	1
10259399	10220037	3
2292265	2405984	1
10100991	9324884	2
2736252	2744478	2
2283050	2283049	3
2043915	2044015	2
8843675	8843676	1
7309260	7309013	1
5006455	5006456	1
10746718	10746717	1
4662286	3459453	1
11051467	11051468	1
7181759	7181774	2
9493222	9493012	1
7223787	7177761	1
7645123	7645124	1
1762363	1762364	2
4414549	4443316	1
1521678	1521675	2
8773886	8801938	2
8494651	8465367	3
4821456	4821494	1
11470623	11467743	3
11326373	11584623	1
7488760	7488759	4
9775094	9775093	1
8907062	8906986	1
9842315	6876471	1
5907675	5890160	1
3528978	3529017	1
902036	898704	6
11554905	11347706	3
1251525	1218488	1
11148454	11148453	1
7094639	7094683	2
6983616	6983163	1
11566264	11446105	4
1024218	1024217	2
8676146	8676298	1
4547144	9671471	1
6929472	6820484	1
7333179	7333180	1
2573312	2574351	1
9830219	9830220	1
6052234	6052225	1
7891429	7891430	4
10383978	10383977	1
11053343	11053332	1
2387431	2391125	1
9121644	9121643	2
6676627	6676628	3
4287859	4287862	1
11196922	11196921	1
9386516	9515963	2
12225427	12225428	2
12715468	12366171	1
12467910	12467930	1
270975	270976	2
10710610	11589767	1
10852963	10852986	1
6289661	9925944	1
5140242	5140237	1
8031791	6183362	1
3983806	3983805	1
12392467	12392468	1
7871727	7871317	3
2828863	2828864	3
7305107	7259427	2
6223902	9615836	1
6887217	6880678	1
6457631	6457632	2
7858758	7858716	1
5158557	5158558	1
5849534	5849531	1
4751977	4751992	1
10512139	10512149	1
8369790	8369822	1
5799819	7910509	1
10641776	10641654	1
8846157	8846158	1
3158082	3158081	2
10393386	10393315	1
12169838	11999801	1
402080	2158024	3
2710783	2710416	1
3525862	3528103	1
51896	51895	1
11148452	11148451	2
3152895	3158081	3
5761870	5761880	3
8016498	7942985	1
7856497	7856498	1
860032	861751	1
3957521	3552000	1
1784791	1785153	1
2521749	2522975	3
5460655	5460653	1
5459304	5490010	1
2538976	2539961	1
6596861	6601217	1
7654915	7680050	1
332443	332444	1
11613262	11655364	3
1697065	1697066	2
7954849	7954853	1
1043893	1050586	1
362834	193366	1
313721	390067	1
5794777	5793875	1
2515176	2515163	1
10817533	10817535	1
7270926	7270721	1
12466303	8745855	1
10239218	10239217	1
5381221	5380613	1
11875173	11875174	2
11674312	11674311	2
2282569	2282575	1
309982	309920	1
8535594	6593858	2
1530781	1530782	1
1347995	1348025	1
2848369	2864681	1
8696451	8696452	2
10329174	10372412	1
3754199	3754200	1
9567562	9566179	1
8729059	8729060	1
12532997	12444734	1
12171981	12171974	1
9131875	9131907	1
4274303	4274306	3
1080757	1080747	1
1761879	1761880	1
2492756	2492752	1
380291	380292	1
5280163	5317762	1
560123	560124	4
2570250	2570253	1
6091060	6090788	1
3475520	3475519	1
919901	919888	1
9014988	8649655	1
1659607	1659608	2
8858267	8909658	1
10110745	5075582	2
443758	440729	1
861603	861604	1
3899371	3696895	1
2432064	2432063	2
3462582	3455404	4
6484136	6484135	4
9658497	9658465	2
5506417	5492641	1
12576049	12564584	5
7025560	7026205	1
11296728	11296747	1
5954774	5957113	1
1974227	1974223	1
2992636	2988524	1
645706	646896	2
7049492	7049002	1
4108633	4108730	2
8670334	8955122	1
2875661	2849797	1
6909611	6909612	2
10096057	10096058	2
2108248	2119290	1
10573830	10389729	3
2636964	2636659	1
2681967	2987488	2
5421675	5401568	2
2533632	2509015	3
6598662	6598818	1
12149058	12130986	1
8814802	8817851	2
6262735	6262736	1
2796606	2796605	4
6678097	6678081	2
9020718	9020717	1
11720480	11720479	1
6565639	6401175	1
8215494	4586102	1
8897994	8897993	1
1461124	1460763	1
11351172	11350781	1
8326984	8327016	1
343736	11967126	1
10508613	10508625	1
11497561	11265095	1
12485274	12485217	2
7087432	7087431	4
9855240	6429435	1
11526630	11531797	1
7876929	7876930	1
10448262	10383977	2
4358865	4358805	2
11567809	11576766	1
11307701	11498457	1
6903601	6903557	2
5831341	5831342	1
901940	901944	1
2429099	2395509	2
9483263	9483264	1
1419629	1414001	1
772472	772471	6
9721891	9721881	1
483006	4388310	1
6468455	6469233	1
11466708	11466705	2
4297448	7016779	1
5507436	5507433	1
6014825	5875386	1
7339495	7339479	1
2151398	2151397	5
5213515	5127221	1
4653675	4653676	1
7964035	10748578	1
4557926	4557936	1
12484289	12484292	2
5272323	5272342	1
12048601	12048602	1
5438253	5438249	1
8052223	8154022	1
3082624	3082623	1
2306935	2306966	1
5460876	5460875	1
4556578	4556575	1
1804325	1789528	1
4628116	4628100	1
117977	111687	3
2489618	2494868	1
4001463	3887164	1
5100854	5100857	1
10647341	10647251	1
940769	940770	1
6165608	6165611	2
1696119	1696396	2
1170111	1170114	1
32693	32728	1
4478209	4478022	1
6317713	6317684	1
4352811	4352812	1
7912205	7912024	2
7174457	7174497	1
10731963	4045841	3
4509250	4509236	2
782058	782055	1
9932042	9946974	2
4034730	4032866	1
3880549	3880551	1
1169566	1169601	1
5186323	5186302	1
6339450	6339449	1
11989327	11984009	1
5350496	5340446	1
5075928	5075921	1
9260181	9260563	1
5415521	5415486	1
10358649	10358613	1
827196	827231	1
12374531	12374532	4
8953839	8968534	1
5932118	5932108	1
710306	786818	1
9488116	9488090	2
7556980	7556979	1
6024524	6023636	3
393329	393332	2
8528032	2455891	1
5288160	5288523	1
4581282	4581281	2
3724562	3724567	1
520688	520737	1
9819700	9819697	1
8638302	8638301	1
9644876	9643692	1
6281123	6294380	1
11333079	11478137	2
5462969	5486641	1
5512848	5512814	1
11148654	11148863	2
1407187	1559903	1
2676269	2676393	5
7632634	5963230	1
7567278	7567341	2
10452080	10454006	1
2799176	2799175	2
11811986	11811906	3
9193480	9193572	1
3484525	3483861	1
277543	277548	1
4120424	4120444	1
8254549	8254552	1
2714260	2715048	2
2503732	2503731	1
10706529	10706530	1
9511950	9511746	1
1294203	1294204	1
12127606	12127605	1
8001901	8001902	1
77520	77519	4
5140184	5140236	1
5676416	5676415	1
8832172	8833105	3
10138543	10143877	1
953881	953884	1
10416756	10420825	1
6127557	6127728	1
106877	629786	1
3093755	3091571	2
11160186	11147401	1
22537	22538	2
5734714	5734706	1
5576298	5576287	1
6430842	6432159	3
1005739	1001865	1
2050345	2031708	1
3375980	3375979	1
1670708	1661434	1
10052460	10052464	1
6960148	6960174	1
7559829	7559830	2
2875659	2875660	1
12629479	12514273	1
474214	614351	3
1535437	1577725	1
9694740	9624279	1
12808202	12811679	1
10117070	12466303	1
204137	202034	1
2909621	2909602	3
551653	551750	1
2424605	2424608	1
10410772	10410809	1
3871704	3726142	1
3067071	3067728	1
1777222	1777217	1
2178449	2388772	2
3940083	3940562	2
11079527	11079521	1
1715429	1716372	1
9982844	9982843	1
12749683	12550224	1
10316485	10316488	1
7579633	7778778	1
5454759	5456132	1
8338561	8338539	2
1088845	11548907	2
6482223	6482178	1
1967176	1966878	1
1090629	1090957	4
4402676	4145069	2
2014623	2014624	1
94121	334817	1
7139146	11343915	1
