fend1	fend2	count
3499416	3499415	1
483071	483074	1
10364865	3867355	1
6926027	6904187	1
12434153	12434154	1
6549431	6549432	1
1568565	1568566	1
8004905	8004906	1
917888	917887	1
1153902	1153901	1
2399674	2399673	1
3271563	3271564	2
11193578	11193577	1
3724031	3724038	1
9546523	9546524	1
9228899	9228900	1
2096922	2096921	1
11631628	11631623	1
6054655	6054553	1
2255712	2299170	1
332891	332892	1
12777406	12777324	2
4948912	4948911	1
6205340	6205348	1
7202623	7202624	1
563348	563347	1
8970228	8970227	1
3981734	10865776	1
12791211	12791690	1
1191486	1191485	1
2406848	2395889	1
586183	585588	2
4702971	4702974	1
2443882	2374160	1
6013631	6013632	2
5208128	5208119	1
9566769	9566770	1
6446121	6446122	2
7075791	7075792	1
945215	7418021	1
2666270	2666269	1
11121263	4001981	1
1019038	1019037	1
6761206	6761205	1
321665	294753	1
3429142	3428362	1
2008497	2005703	1
4784574	8548568	1
4551985	4551982	1
9165115	9165116	1
9313580	9304569	2
12765269	11207855	1
1112481	1112482	1
1492865	1492866	1
9424988	9424985	1
2321935	2321936	1
9841609	9841603	1
8066656	8066655	1
1278806	1278803	1
9026787	8640133	1
5995862	6046257	1
4958825	4958827	1
10776780	8101521	1
4283869	4283870	1
2528123	2527920	1
5223075	5223077	1
9979978	9979977	1
8267255	8267256	1
7227363	7227364	1
1225100	1184824	1
737697	737698	2
8184674	8184673	1
6961488	6961483	1
10993731	10993278	1
10288207	10288208	1
3252413	2961402	1
6876468	6876467	1
10575317	10575318	1
2666541	5273073	2
9958260	9958259	1
9801024	9801023	2
2299418	2299417	1
2279486	2279485	1
8046335	8046336	1
8508235	8505073	1
8519897	8519900	1
5821448	11283310	1
12341457	12341458	1
11121261	11121262	1
8596609	8482235	1
8482707	8482708	1
5802470	5802469	1
11725720	11725719	1
5428727	5428728	1
10912828	10912786	1
4684508	4675593	1
6054824	6054823	1
12134734	12144925	1
5358467	5358476	1
5667684	5670410	1
11564009	11564010	1
11596102	11596101	1
2282649	2283101	1
6005673	5845118	1
7033662	6954547	1
1347699	1347700	1
6054822	6136763	1
11975788	9745518	2
9075230	9075229	1
4474361	4474362	1
11938813	11938814	1
5720383	5720384	1
11145359	11145360	1
2265276	2464226	1
8043860	8063046	1
12465259	12471569	1
12522997	12522977	1
5847231	5847232	1
6907518	6907524	1
9115455	9115456	1
9120398	9120393	1
6408817	6408818	1
2037750	2037749	1
7227359	7227360	1
6827702	6827701	1
9899974	9900803	1
10938624	10938623	1
9081585	9081491	2
2703363	2858156	1
8293651	8293652	1
11371832	11371831	1
6700909	6700912	1
4702971	4702972	1
4344350	4335857	1
374717	374718	1
3926193	3926194	1
3634485	3634442	2
8285589	8285590	1
7727148	7727147	1
8205917	8207457	1
2895347	2895348	1
7635681	7670764	1
8532509	8532510	1
12128693	12128698	1
8330606	8329220	1
9538451	8129074	1
3499475	3499417	2
6448291	6438228	1
7524789	7524794	1
7607144	7607143	1
12730803	12730804	1
261922	261921	3
4300383	4341526	1
5722989	5722990	1
7819457	7819743	1
8232239	8232843	1
11372886	11372885	1
7131276	7131281	1
12719473	12719474	1
4720894	4534292	1
6983412	6991720	1
6040440	6038847	1
11106015	11106016	1
11584265	11584260	1
10013395	10013396	1
12348150	12348149	1
2280863	2282506	1
7945805	7945925	2
6465483	6465441	1
2596144	2596143	1
8236340	8235542	1
8209494	8209493	1
7786545	7470223	1
11367829	11367830	1
10762699	10762700	1
2326571	2162865	2
10682838	10683311	1
924307	924301	2
9597242	9597239	1
7561383	7561384	1
8102806	8102809	1
9597761	9683858	1
2098668	2098667	1
4554873	4554804	2
767313	767605	2
1952226	2505909	1
7191263	7191264	1
1538795	1748318	1
4577364	4577363	1
8461728	8461725	1
6827703	6827704	1
11631630	11631629	1
923647	949612	1
7334298	7334297	1
3307520	3307503	1
6881380	6877133	1
9902694	9902693	1
1284890	1284889	1
9058449	9058450	1
212693	205493	1
12501793	6096892	1
8978915	8978903	1
9360834	9339771	1
9943530	9943535	1
11663645	11663648	1
3078737	3077932	1
5651456	5651455	1
6804231	11909600	1
1602936	1602935	1
10408228	10408227	1
8158756	8158780	1
2073	89503	1
787063	787064	1
10654045	10654046	1
6697950	6697949	1
6056766	6024939	1
11008967	11008968	1
95699	95700	2
6013633	6013634	1
10553081	10557650	1
5334993	5334994	1
11844625	11845782	1
7382817	7382818	1
483632	483631	1
6699416	6699398	2
5559431	5559432	2
4790674	4788518	1
11490270	11490269	1
9239530	9241648	1
2450139	2450140	1
548550	548547	2
1825115	1825117	1
7036427	7036428	1
8883011	8883012	1
6571076	6550593	1
7482700	7482698	2
6410647	6409473	1
922068	922065	1
4956489	4956490	1
10621229	10535918	1
3041787	3041790	1
4412970	4415200	2
2008617	2008618	1
10800457	10803507	1
8038390	8038367	1
1598094	1686968	1
1019363	1019364	1
12234677	12541664	1
2703727	2703728	1
11726899	11728927	1
8529834	8530036	1
3988781	3988782	1
10979181	10979177	1
2655814	2655813	1
4498387	4498400	1
8041341	8041342	1
755889	755890	1
9479303	9479304	2
3067120	3067119	2
6777826	11927452	1
9438010	9438009	2
4815573	4815568	1
6176342	6176333	1
9060712	9060711	1
4020492	4020491	2
4020659	4020660	2
9251572	9251571	1
52416	52415	1
2108111	2108112	1
6531740	6531746	1
3904002	3911719	2
9526765	9526766	1
2604521	2604522	2
2403581	2403582	1
742001	742002	1
8802255	8802258	1
2619908	2619902	1
11106017	11107519	1
5370391	5370392	1
7327964	7328015	1
2594057	2594058	1
1115999	1116000	1
8155643	8156320	1
11033334	11033341	1
8057774	8057773	1
1451254	1451277	1
1168242	1168054	1
4587895	4587898	1
369840	369837	1
2114890	2107549	1
11894567	11893524	1
10042601	10044622	1
11720246	11720245	2
4554805	4554806	1
1980298	1980286	1
12781529	12781530	1
6841465	6841460	1
6446123	6446128	2
5368084	5368074	1
9979976	9979984	1
1686964	1686963	2
7843574	7842439	1
8094589	8099334	1
1568561	1568562	1
249880	249907	1
4455980	4455979	1
2809162	2809143	1
2379735	2380027	1
5153611	5153612	1
6580399	6580400	1
1903752	1903861	1
6169823	6169824	1
9546525	9546526	1
514083	514084	2
2887757	2887673	1
11959452	11959424	1
6827200	6922435	1
2898626	2897776	1
4038914	4038911	1
9665481	9621627	1
6348270	6397491	1
5375314	5375295	1
9333751	5465593	1
12162625	12162626	1
8653871	8653872	1
8579141	8579124	1
9838233	9838234	1
9235365	9235366	1
7372764	7372757	1
2703729	2703730	1
1855710	1861111	1
2547397	2547398	2
6253643	6253649	1
10450639	10450640	1
7135583	7139282	1
641240	641239	1
3912444	3912443	1
9291890	9291889	1
6921990	6907297	1
2315392	2315391	1
1046054	1046053	1
5704580	5704577	2
1841615	1843277	1
5436182	5367428	1
11352089	11352090	2
7401469	7404416	1
5156988	5156987	1
5788447	5788448	1
2603885	2603886	1
2032731	2032717	1
10374986	10374985	1
2281426	2281425	1
5661839	5661840	2
10101240	10101239	1
2307837	2307838	1
8419344	8419343	1
852022	852021	1
9433895	9433896	1
6941340	6941339	1
11557243	11557244	3
9302062	9302061	1
10134970	10130511	1
10695790	10691141	1
4598084	4598083	1
8419342	8417924	1
12739995	12695887	1
9380548	9380528	1
5571881	5571882	1
9895145	9888748	1
2929564	2929625	1
8209498	8209497	1
10573891	10573916	1
10644902	10321613	1
10530321	10530322	1
359014	359011	1
6741082	7912280	1
3514433	3514434	1
3709237	3709143	1
584081	584084	1
10013398	10013397	1
6682049	6682050	1
5192047	5192147	1
11836806	11928341	1
12261232	12261231	2
1533145	1530559	1
6452824	6452827	1
8501928	8501930	1
8271541	8271542	1
8261118	8261329	1
11521836	11521835	1
3472242	3472254	1
12642264	12653110	1
8427089	8427090	1
5570850	11039289	1
5439946	5539008	1
9816451	9816452	1
4952925	4952928	1
2335546	2336155	1
2318109	2318173	1
6437695	6437696	1
1730881	1732053	1
11112114	11112167	1
8181872	8042295	1
11039234	5570851	1
3644126	3644125	1
2580341	9884532	1
5738177	5738180	1
7022627	7022628	1
12278079	12277946	1
6815939	6633521	1
769762	771626	1
2569088	2598557	1
474560	203103	1
12315999	12316000	1
2472315	2472316	1
2350904	10355721	1
11682166	11682562	1
10049885	10049886	1
4205257	4205258	1
12014202	12014201	1
9472121	9472111	1
6019777	5753539	1
1492016	1492015	1
11938811	11938814	1
5970089	5970090	1
7542557	6361495	1
8406775	8405071	1
9120402	9120401	1
6471340	6473081	1
4390556	4386509	2
225836	224610	1
1568563	1568564	1
8375992	8375991	1
6029024	6029022	1
4360457	4360119	1
6050518	6050517	1
6491720	6491719	1
321693	329525	1
3656092	3430835	1
9394507	9394508	1
8799063	8798972	1
8470461	8470462	1
8332625	8473389	1
10328646	10328751	1
11567821	11567939	1
2308773	2308774	1
2817164	2817159	1
752442	752441	1
7042073	7042070	1
1925677	1925558	1
6254161	6254162	1
9931689	9931690	1
9952102	9952099	1
6446119	6446120	1
1897750	1897771	1
8427055	9515967	1
1184827	1184828	3
7818796	7818807	2
12717223	12718121	3
6228677	6228678	1
7425588	7425587	1
2564751	2564752	1
1602932	1569259	1
2279488	2279487	1
853593	853598	1
4652931	4653460	1
7254291	7410561	1
7890079	7715952	1
9871127	9925481	1
6043944	6043943	2
7140037	7140038	2
9297157	9297158	1
10557165	10557170	1
4663608	4624458	1
8006073	8006076	1
12269460	12377360	1
1901654	1901653	1
8869596	8869593	1
12316215	12316222	2
11982065	11982066	1
3548061	3548045	1
2487307	2487308	2
8379008	8379007	1
7702330	7702024	1
12544051	12543996	1
5392777	7769146	1
7723224	7723221	1
7064447	7064448	1
12128697	12128698	1
10754897	10754898	1
12671933	12671934	1
6376557	7884645	1
1711288	1711262	2
11497528	11444207	1
2482940	2482939	2
8105145	8105146	1
205362	205376	1
11725718	11725717	1
7549549	7549591	1
1793604	1793567	1
8184672	8185464	1
5364478	5364482	1
9302060	9302059	1
8102064	8101533	1
3908981	3908982	1
2655237	2655238	1
722321	722322	1
6254159	6254160	1
5192470	1303451	1
12029691	5518803	1
8251487	8251595	1
6474913	6481612	1
391981	382934	1
11070092	11070096	1
4094099	4094100	1
10604954	10604953	1
3032770	2684595	1
7446451	8683319	1
8431519	8431520	1
2647994	2647321	1
10281969	10281970	1
11765556	11763906	1
5037191	5037194	1
4390399	4391246	1
571724	8386953	1
9291892	9291891	1
923645	923646	1
11938809	11938810	2
10919783	10919768	1
222289	222290	2
11283944	11283943	1
9416261	5323393	1
391980	374716	1
11057555	11057558	3
6778347	6778348	1
7191263	7191266	1
3924076	3924075	2
6158248	6158247	1
12647751	12647752	2
1165019	1369258	1
7909410	7909210	1
712735	712736	1
10223393	10223399	1
5879511	5879512	1
4303652	4303685	1
1832652	3146409	1
9193119	9193120	1
6025557	6024799	1
4024205	4024206	1
6390281	6390282	1
12769458	12770574	1
9902692	9902691	1
11198053	11198037	1
1582450	1574310	1
9524821	9524824	1
1227358	1178491	1
9706756	9706755	2
287470	287469	1
11127715	11127716	1
5995866	5995865	1
9798010	9798152	1
2472313	2472314	1
5358472	5358464	1
8878931	8879278	1
7639633	7626416	1
5991739	5991740	1
6452828	6452827	1
3296015	3296016	1
4369067	4136014	1
3888987	3888988	1
1272727	1272755	1
7059025	6998312	1
3695607	3695923	1
8073206	8074098	2
8018817	7935972	1
889027	889001	1
11417184	11417128	1
8452249	8452250	1
11990382	11990381	1
1855947	1855948	1
7614661	7614662	1
9305044	9305043	1
10620051	10352962	2
3229018	3229017	1
10210440	10210439	1
2082096	2239417	2
11798634	11798633	1
10101238	10101241	1
10450641	10451931	1
10116930	10116929	1
9884533	9884534	1
5412075	5412076	1
5994927	5905559	1
4313968	4674640	1
7086453	7086454	1
8783947	8783944	1
7415672	7415671	1
889643	889668	1
12745652	12800825	1
5880839	5880886	1
6922535	6922536	1
5513279	5513276	1
8230738	8231657	1
11844836	11846283	1
10803857	11041927	1
6632192	6632191	1
8735015	8735016	1
5372841	5372845	1
8804748	8804747	1
2728145	2709621	1
8303495	8303496	1
8587194	1946663	1
3138204	3136402	1
6864127	6863939	1
6100760	6100759	1
2655812	2655811	1
3902950	3902949	1
8287244	8287243	1
2522587	2522585	1
3022201	3022202	1
3478851	3397467	1
9552543	9579575	1
10422375	10428091	1
12730121	12730270	1
3911065	3911066	1
2905237	3728658	2
11768484	11768483	2
381061	381062	1
7945704	8866070	2
2666268	2666267	1
2787845	2787846	1
8557825	8547642	1
3145172	3145467	2
9976531	9976532	2
2266008	2265934	1
6632190	6632135	2
752442	752439	1
11728839	11728840	1
4995034	4995124	1
12543997	12543998	1
2703727	2703730	1
7199127	7199128	1
9320591	9320551	1
9866194	9866191	1
4756197	4756198	1
2321933	2321934	1
6096120	6096163	1
6186595	6186596	1
343391	343385	1
960006	960005	2
8374732	8374721	1
3042690	3488298	1
12290930	12290927	1
739297	728923	1
7572821	7572815	1
10472493	10472494	1
5447490	5334992	1
9853133	9853496	1
10449106	10448462	1
3729423	3729424	1
9972988	1500927	1
8176894	8176893	1
11720150	11759380	1
2341226	2341225	1
2708166	2708163	1
9470886	9471956	1
9368639	9368658	1
6597539	6655322	1
5339303	5339304	1
1703595	1703596	1
6978894	6978460	1
6230303	6230306	1
7471230	7471265	2
124070	124171	1
1167967	1167968	1
9823685	9823686	1
6005865	6005866	1
11198049	11198052	1
4788835	4788479	1
10490676	10490683	1
8582938	8582667	1
8176902	8176895	1
6452826	6452825	1
11032279	11032281	1
3912438	3912447	1
11853958	11856756	1
7572819	7572820	1
52414	52301	1
169564	169559	1
5104769	5104772	1
12422351	12422352	1
5883619	5894435	1
2569090	2569089	1
12784486	12784485	1
3133080	3133187	1
7667577	7667578	1
4007163	4089130	1
6813764	6810501	1
9352572	9352571	1
1956048	1956047	1
11799338	11799337	1
3063289	3063332	1
4083301	4054774	2
752440	752439	1
9652040	9652039	1
426880	426883	1
6032033	6032034	1
1282248	1282247	1
7875516	7875704	1
3049084	3049038	1
3621574	3621573	1
5379464	5379463	1
10374988	10374987	1
8858179	8858180	1
5291445	5291446	1
12730805	6136230	1
10976472	10980649	1
5561456	5561455	1
11497532	11497531	1
9840997	9840998	1
9606468	9606467	1
8047079	8256080	1
9165117	9165118	1
4196897	4196898	1
12651347	12651348	1
5309713	5309716	1
7457182	7457181	1
8027012	8020635	1
3962343	3962144	1
9235363	9235364	1
5971101	5971102	1
511210	511207	1
11243296	11243295	1
2175234	2175231	1
6152654	6152651	1
2032729	2032730	1
6499586	7873585	1
705807	705808	1
3430801	3411377	1
10920262	10920134	1
7610000	7633074	1
11695410	11695479	1
12046212	1458159	1
8677026	8677300	2
10909354	10909353	1
9067783	8798070	1
8542764	8095629	2
11076576	11076575	1
9393423	9393424	1
6052983	6052984	3
5598138	5463895	1
9597759	9597760	1
12565559	12565562	2
1165017	1165018	1
9946319	9946289	1
12250587	12521748	1
7328014	7328013	1
4168871	4245809	1
12784002	12783999	2
10282489	10282490	1
1587009	1586939	1
3282471	3282472	2
5110978	5149634	1
2318882	11075363	1
8373538	8373531	1
4656797	4656794	1
11003209	11003210	1
301548	281552	1
2343512	2343511	1
6807626	6807620	1
1627784	1627783	1
12422349	12422350	1
7086290	7086293	1
8533622	8533949	1
5995868	5995867	1
4701778	4484546	1
8967659	8967660	1
10225584	10225583	2
2539094	2752036	1
9931687	9931688	1
8288253	8281938	1
1876611	1879557	1
6080253	11482825	1
7178416	7019250	1
11833917	11833918	1
5571883	5571884	1
9980793	9980794	1
8277299	8277300	1
4697100	4697099	1
8043543	8043362	1
2091180	2091179	1
5340889	5340890	1
9347394	9347149	1
5644677	5644678	1
8160325	8160326	2
114564	114563	1
2991589	2991590	1
8171260	8176248	1
9601920	9600636	1
4377910	4283868	1
404015	403949	1
5240055	5240056	1
9833141	9806836	1
8375990	8375989	1
149447	149612	2
11327150	11327142	1
10986759	10986760	1
1975681	1975685	1
7987521	7987522	1
6904752	6904817	1
5424488	5424487	1
1584807	1584841	1
5909770	5847230	1
6561918	6562301	1
4589755	4589756	1
10688689	10688679	1
6274491	6274492	1
1867641	1867603	1
3372973	9778905	1
3539062	3539061	1
10750762	10750759	1
1740988	12051291	1
7204356	7204283	1
10058261	10058262	1
6373754	6373753	1
10705066	10705065	1
602734	603158	1
2065124	2065123	1
7238387	7238388	1
10930173	1779941	1
9339571	9291263	1
8591134	8172992	1
4303654	4303685	1
2223999	2547396	2
2655810	2655809	1
2364915	2364916	1
9742168	9742167	1
5438317	5438265	1
4527684	4527703	1
10481862	10573330	1
9976533	9969807	2
2487309	2487319	2
10347456	10345711	1
10277017	10277020	1
11372886	11372881	1
12630774	12630800	1
11283942	11504727	1
9930515	9889838	1
7341399	7341400	1
5372849	5372850	2
8055031	8055032	1
11089238	9640783	1
4182936	4182935	1
9249486	9427935	1
7022629	7022630	1
11601753	11601754	1
7747294	7705796	1
9742170	9742169	1
5616821	5666694	1
7202698	7202680	1
8577203	8577204	1
7553160	9358110	1
5358465	5358466	1
1632097	1632098	2
8615396	8615395	2
12583895	12583846	1
12046215	12046216	1
6928583	6928604	1
7857669	7857670	1
8505750	8504864	1
4146704	4147054	1
3986610	3986609	1
3282473	3282508	1
2731873	2718079	2
161675	161673	1
5047335	5003653	1
9704509	9705140	1
8439350	8439422	1
7446322	7446319	1
11695183	11695186	1
8280260	775072	1
5696173	5696170	1
558104	558101	1
735436	735429	1
7060392	7060391	1
7749367	7749378	1
11297280	11228495	1
7915538	7915443	1
10276199	10278032	1
10210442	10210441	1
12244125	12244128	1
5428903	5428904	1
3986682	3986681	1
4838980	4652685	2
10879617	10879620	1
762609	762669	1
9690349	9690350	2
7037956	5133393	1
1745053	1743935	1
9880795	9880798	1
6244570	6244569	1
5335279	5335259	1
7007008	7007007	1
8003952	8003998	1
7555241	7554004	1
9004331	9004334	1
7957441	7957442	1
7300535	7300574	1
10579694	10579693	1
12745425	12748581	1
198737	272051	1
9957213	9957214	2
9814817	9814818	1
5847287	5612923	1
6879855	6879858	1
5908037	5908038	1
8939252	8939257	1
9622821	9622822	1
1958146	1958145	1
3390443	3390444	1
6685175	6685176	1
10746720	10705882	1
8466339	8466334	1
6797223	6797224	1
4941307	4941308	1
5908035	5908036	1
10225582	10211099	1
5663585	5663612	1
7513038	7516131	1
8008947	8009420	1
169573	167589	1
5550723	5550747	1
1961452	1960049	1
6525482	6525407	1
9260401	9249459	1
10663217	10663218	1
7032833	7032834	1
7019912	7019954	1
5272845	5272837	1
10325151	10315912	1
5355148	5355147	1
9795602	9795601	1
3928763	3928764	1
8701640	8701639	1
11485566	11485568	1
9510601	9510602	1
3934671	3934672	2
9315760	9315759	1
7706860	7706859	1
2730254	2730253	1
12635267	12636122	1
10700274	10695587	1
5334316	5336545	1
6904949	6904954	1
799086	761796	2
4206711	4206712	1
3644124	3644121	1
5638863	5641031	2
9058451	9058452	1
5470308	5470307	1
9679931	9670990	2
5844419	5844898	1
11497530	11497529	1
1568242	1568241	1
8453115	8453112	1
8822002	8822001	2
8960032	8960031	2
766463	766854	1
8082924	8065531	1
9064203	9064161	1
11406731	11406713	1
11487715	11487243	1
8579492	8579495	1
6797221	6797222	1
12673448	12674741	1
4639030	4639029	1
6130401	6130411	1
555803	555804	1
10225586	10225585	1
2125351	2126047	1
8798071	9067800	1
11360190	11360189	2
4205259	4205260	1
9507445	9507484	1
8449082	8449081	1
7130855	6963730	1
5017372	10881248	1
7766063	7766064	1
8316141	8316142	1
4278514	4278158	1
952740	952739	2
9582143	9583749	1
3511353	3511354	1
8358859	8358860	1
12047837	12047839	1
9464705	9464708	1
8871095	8871099	1
11039234	11039289	1
5965430	5965429	1
12661895	12661760	1
9358877	9360882	1
1534687	1534683	1
7951982	7950852	1
6825795	6825796	1
4013063	4093903	1
2289285	2587988	1
4479636	4479635	1
8701635	8701636	1
6036674	6036673	2
3282471	3282508	1
9392160	9392159	1
11251508	11251507	1
4717540	4717539	1
2645292	2675240	1
4957087	4957093	1
10104623	10049931	1
12137901	12135988	1
10225588	10225585	1
12808222	12808221	3
3908954	3908953	1
8812603	8812606	1
5103426	5103431	1
7327113	7327116	1
4241193	4238047	1
8968494	8968457	1
4702973	4702974	1
5262585	5262551	1
4702969	4702972	1
7446428	7446367	1
2023483	2023582	1
896635	896636	2
161738	161735	1
2272161	2272164	1
1549971	1544002	1
8302831	8296959	1
5398010	5398033	1
8004907	8004908	1
9766281	9627717	1
4822332	4822880	1
6209697	5965431	1
10577761	10540810	1
1297746	1297811	1
530675	525395	1
1703593	1703594	1
2588093	2588018	1
10371927	10371920	1
3442384	3639684	1
3676943	3676901	1
3542551	3542552	1
9465692	9465689	1
5156405	12291511	1
5723211	5910656	1
603807	490985	1
11497545	11497533	1
3386299	3386300	1
414409	764947	1
8241441	8241442	1
2933115	3022554	1
11198036	11198035	1
3247821	3247822	1
9816453	9816454	1
9115457	9059904	1
4559827	4559828	1
7351267	7351268	1
6151577	6156885	2
9980616	9980792	1
5475648	5474115	1
6004943	6004944	1
7060394	7060393	1
8379086	8379009	1
11646304	11644528	2
6681643	6681644	1
10362883	10564887	1
6073801	6074536	1
10898824	10992862	1
8570171	8570168	1
7966100	7966138	1
2591320	2161256	1
11252392	11250077	1
2549153	2549154	1
343390	100737	1
11637161	11637043	1
8476863	8476864	1
5447492	5447491	1
4438421	4438655	1
7590953	7590954	1
8507357	8507358	1
10750764	10750763	1
2069281	2258512	1
5424747	5424763	1
2960191	2959954	1
2228778	2240478	1
2783058	2663657	1
2099957	2099977	1
10753817	10753818	1
2072880	2072879	1
12316001	12316002	1
7253939	7253944	1
10894839	10878132	1
5057488	5057487	1
1539007	1747153	1
1250816	1250815	1
1566653	1566654	1
12811397	12811376	1
12767975	12767776	1
5896931	5896932	1
93136	93135	1
10325481	10325482	1
1269249	1269250	1
51937	43968	1
4702834	4686723	1
444494	442138	1
8713953	8715566	1
1530558	1530557	1
734653	734646	1
806581	806582	1
5773362	5772548	1
1141900	1054903	1
8589640	8589639	1
4527686	4527685	1
11330270	11330269	1
5788428	5788446	1
8714707	8714708	1
2105711	2104561	1
7727146	7727145	1
2279488	2279485	1
2255965	11465927	1
6975661	7311019	1
12783998	12783995	2
12669041	12669042	1
5385805	5261783	1
4853850	4853910	1
1047297	1047298	1
12661433	12661434	1
8485442	8485441	2
10543294	10543291	1
2384373	2384374	1
12457600	12457613	1
5932378	5934065	1
8399709	8399642	1
11277488	11273482	1
6766127	6766128	1
6533296	6533293	1
4655450	4666261	1
6114903	6114631	1
5370389	5370390	1
6910329	6910225	1
7015827	7014142	1
9484935	9484936	1
2649165	2861453	1
2742343	2742383	1
7214337	7214347	1
756459	756456	2
1401579	1401580	1
7101429	7105111	1
10824450	10824477	1
5612527	5612528	1
4434148	4434214	1
1537963	1537954	1
3192802	3828657	1
9470888	9470887	1
5577846	5576919	1
2367778	2387214	1
7727722	7727721	1
52709	52710	1
10949725	10949712	1
11814962	11808410	1
7615061	7585651	1
12685091	12684643	1
5994921	5994926	1
12055436	12055419	1
10027718	10020549	1
10133437	10133438	1
6694349	6695046	1
2380026	2380025	1
6638991	6638992	2
8965923	8965924	1
624971	624972	1
6224305	11723456	1
9438008	9438007	2
9713858	9713857	1
6064713	6037381	2
12404279	12449255	1
9789001	9664470	2
1639385	1639325	1
2773187	2773215	1
6552820	6552819	2
4486014	4486021	1
1390240	1390242	1
5665242	4707436	3
12188962	12188961	1
5571879	5571880	1
5500603	5477741	2
6774944	6774943	1
11008969	11008970	1
1257103	1257104	1
10879615	10879616	1
8701638	8701637	1
4477279	4477280	1
9908608	9908607	1
5501273	5501258	1
12225812	12225772	1
11521828	11521827	1
11444208	12667292	1
8281376	8330675	1
6834690	6834689	1
4021458	4021457	1
4527466	4527469	1
5339305	5339306	1
8452247	8452248	1
11468085	11468086	1
9065561	9117633	2
11132284	11132283	1
4095050	4088373	1
6366700	6366699	1
11349382	11349381	1
4717538	4717374	1
7113347	7113506	2
12451687	12451688	1
12661893	12661894	1
4143710	4201764	1
2073008	2394406	1
9300682	9522100	2
6080887	6081105	1
6671121	6670939	1
5443237	5443238	1
11126924	11126890	1
9063647	9060717	1
10472495	10472496	1
11490266	11490265	1
10324495	10490722	1
5701844	5701843	1
4203237	4203232	1
5571895	5571896	1
3126300	3126231	1
3032771	3032772	1
5477338	5477337	1
136093	194547	1
7457180	7457179	1
9972988	9972961	1
12784004	12784003	2
12727239	12724047	1
10134486	10127179	1
484199	483341	1
7610841	7610844	1
553187	553188	1
2346904	2346901	1
10254559	10254568	1
6743980	6744035	1
681979	613271	1
1505865	1505866	1
6069206	6069205	1
436503	203515	1
5269032	5269015	1
4599519	4600237	1
2698769	10837481	2
8964334	8964333	1
8181872	8042297	1
8263708	9441988	1
4173180	4173179	1
1370003	1370004	1
2098666	2098669	1
9723599	9723480	1
1086958	1088124	1
6288762	6288761	1
9063647	9060713	1
10753809	10753812	1
10707440	10707439	1
2875670	2875734	1
7007006	7007005	1
12242424	12242423	1
8468057	8468497	1
9376600	9363535	1
9297159	9297180	1
483340	483339	1
2403583	2398608	1
11147511	11147512	1
11267766	11267765	1
9360883	9315761	1
9470890	9470889	1
1496758	1496761	1
7844843	7844844	1
1412109	1412060	1
10762697	10762698	1
6051642	6051641	1
5298056	5297411	1
9063647	9060711	1
6016872	6016869	1
6825797	6825755	1
61289	61087	1
101767	347613	1
11728926	11728841	1
524794	524793	1
7136643	7146584	1
890559	890571	1
5239737	5239681	1
3912446	3912445	1
12814161	12814162	1
9687922	9687939	1
1908909	1904940	1
11372884	11372881	1
2829197	2829198	1
11337546	11337549	1
9357345	9357346	1
7930587	7907698	1
10926907	10926908	1
10271917	10271874	1
4699978	4700440	1
334176	337825	1
8382613	8466949	1
7171938	7173919	1
5239735	5239736	2
10832037	10832038	1
8708	9068	1
9606466	9606465	1
12747872	12788970	1
8575627	8575628	1
5665243	5665244	1
1842036	1842035	1
2721112	2721111	1
6434043	6434044	1
11938811	11938812	1
9892837	9892834	1
8529984	8532295	1
8405336	4751267	2
6500005	6500006	1
2354808	2354807	1
6657000	6657003	1
1358825	1358826	1
6405123	6405127	1
11601755	11600837	1
8153719	8247028	1
11525321	11525077	1
5240061	5240062	1
12128693	12128696	1
3827116	4022836	1
10313708	10313707	1
1748589	1540110	1
7857671	7857672	1
10322613	10321718	1
4685623	4685624	1
1870193	1870951	1
8606971	8470840	1
8587196	8587195	1
6448692	6447683	1
8754268	8747187	1
9190203	9190204	1
6973328	6973327	1
9812903	9813216	1
6366704	6366699	1
7724911	7724926	1
3826239	3852409	1
11851162	11851161	2
2296717	2296708	1
5101066	1389401	1
36264	36263	1
11169396	11169395	1
5353108	5353107	1
10557165	10557168	1
6512073	6512137	1
7060394	7060391	1
4063113	4063140	1
4577362	4577344	1
12747874	12747873	1
914731	873856	1
7191265	7191266	1
6015430	6015429	2
6606653	6606654	2
9989867	10081250	1
7729869	7695294	1
6288617	6288583	1
2534607	2534608	1
3642468	3642462	1
4678531	4678532	1
6462803	6462804	1
6904816	6904815	2
12501187	12501188	1
1404032	1487771	1
463600	463599	1
1404034	1404033	2
11615149	11615150	1
1581764	1589913	1
8555323	8555326	1
4434150	4434149	1
7084406	7081581	1
7572817	7572818	1
12341453	12341456	1
11635504	4590101	1
1046793	1046796	1
974307	974312	1
5977927	5977928	1
7873773	6500206	1
3133082	3133081	1
756457	756468	2
9166638	9166637	1
3049084	3049036	1
12697035	12697036	1
7614659	7614660	1
8269550	8269557	1
1706599	7827449	1
12801798	12807039	1
10075581	10075582	1
4185805	4189365	1
2604523	2604524	2
8516122	8516121	1
9423991	9423992	1
8008738	8008737	1
72535	6241	1
2441544	2148166	1
9911418	9911065	1
6999422	6999421	1
2412018	2412017	1
2724041	2724042	1
6075786	6073727	1
3099816	3099815	1
5351772	5353109	1
7420394	7426551	1
11912894	11912893	1
10483732	10540811	1
800858	800857	1
100450	88797	1
9801022	9800852	2
2008495	2008496	1
3390441	3390442	1
4073656	3854417	1
10502531	10497244	1
327519	327520	1
9552541	9552542	1
7253650	7253608	1
169571	169572	1
8965632	8964335	1
10904069	10904070	1
2360193	2360194	1
9149580	9151213	1
12199848	12189145	1
3958261	3958262	1
9052563	9052564	1
1705539	1705540	1
606938	606935	1
5327732	5327775	1
618152	754800	1
5249481	5249484	1
8739669	8739670	1
7376231	7411784	1
4550574	4550571	1
11521931	11521946	2
11277490	11277489	1
6238962	6238961	1
9235367	9235391	1
38303	10705067	2
5644679	5644680	1
1575499	1575500	1
7253652	7253651	1
9501881	9501882	1
7157399	7157400	1
8621548	8621546	1
5399686	5399689	1
10047093	10047094	1
2044952	2044973	1
4957085	4957086	1
293501	293524	1
1593825	1593826	1
9828163	9828164	1
7368031	7368032	1
4723749	4723712	2
2095074	2095073	1
189911	189912	1
10235822	10235821	1
8750764	8750763	1
4283701	10008065	1
3126230	3126229	1
12543999	12544000	1
12808224	12808223	3
5470310	5470309	1
4286749	4286750	1
11851164	11851163	2
4904435	4904436	1
5739588	5739587	1
7174835	7174836	1
8428116	7398068	1
4864736	4864830	1
1153900	1153564	1
12162627	12162620	1
596382	596389	1
806579	806580	1
6365521	6365522	2
3642533	3642534	1
5577103	5577104	1
1009655	1402363	2
11591600	11588049	1
112765	112766	1
10223682	10211156	1
6574170	6574169	2
10227032	10227031	1
10905101	10905102	1
7008378	7007013	1
7767373	7767374	1
5268288	5268287	1
11008965	11008966	1
10926909	10926910	1
8151252	8151255	1
9626080	9566302	1
12512141	12512142	1
11550157	11591662	1
8431517	8431518	1
2271433	2271434	1
4860358	4865255	1
4916668	4997997	1
871602	869406	1
11490272	11490271	1
9162046	10680721	2
1958144	1958143	1
2829272	2829271	1
6356243	6356246	1
10926907	10926910	1
2831530	2831529	1
442472	442471	1
10603636	10603690	1
2829199	2829200	1
2942025	2941932	1
1703597	1703598	1
9755882	9755759	1
5443235	5443236	1
7300533	7300534	1
7415674	7415673	1
4087713	4087120	2
7395006	7290779	1
2818575	2818576	1
5400512	5400511	3
5131063	5477507	1
7036429	7066059	1
814115	813601	1
8395595	8395596	1
10225588	10225587	1
5644681	5644682	1
4262494	9150282	1
9831257	9837017	1
9524865	9524820	1
9804631	9782892	1
972778	972777	1
5412073	5412074	1
11607535	11607529	1
10707438	10434064	1
9664471	9664472	1
3555748	3555747	1
12046598	1589211	1
442468	442467	1
7050988	7050987	1
9470478	9470408	1
9532383	9532388	1
1580783	1740016	1
10172822	1769357	1
8794782	8793937	1
5697835	5697836	1
12149733	12149690	1
11276025	11275997	1
10391317	10391336	1
4278516	4278515	1
6452830	6452829	1
7945919	7945920	1
8847322	8847318	1
685333	685334	1
12810475	12810460	1
4078128	4078127	1
2374687	2374705	1
11515528	11515527	2
4587899	4587900	1
5307688	5309719	1
11974610	11974563	1
940277	940280	1
3258773	3258774	1
12697037	12697038	1
10338212	10338215	1
9352570	9352569	1
5059557	5048539	1
1076456	7993370	1
7596135	7596136	1
10458609	10458669	1
2377022	2377020	1
12512467	12512360	1
2430678	10368023	1
381353	381169	1
1602938	1602937	1
12155223	12155224	1
7605771	7605772	1
6756849	6756884	1
11814548	11814547	1
10787912	10787911	1
9086203	1880736	1
11408833	11408834	2
9718949	9625747	1
10925002	10924387	1
4271439	4271738	1
7113345	7113346	2
1747867	1748270	1
11031755	11032280	1
4168869	4168870	1
8510172	8510171	1
4564592	4564591	1
7368498	7366322	1
1537955	1537956	1
6922551	6922552	1
9384435	9384436	1
1380611	1380612	1
820267	827100	1
5700442	5700438	1
3591567	3591550	1
10123711	10021278	1
11212076	11209998	1
6147717	6147693	1
6750920	6751019	1
3048322	3051064	1
4020665	4020666	1
386384	386370	1
664287	664284	1
11145494	11145493	1
11557241	11557242	1
5661841	5640179	2
2848915	2848916	1
5705409	5705134	1
6593526	6593631	1
9679929	9679930	1
750878	685332	1
2252897	3899218	1
3196296	8106726	1
12373012	12373011	2
1199245	1199271	1
11267764	11267763	1
514081	514082	1
6879859	6879864	1
9183158	9183161	1
2210186	2210185	1
12143865	12143685	1
6348270	6397489	1
4702966	4702968	3
442470	442469	1
7706017	7706018	1
11878585	11878586	4
6075790	6075787	1
2344875	2344876	1
11912892	6938659	1
4687499	4687500	1
11147511	11147514	1
3470613	3478876	1
6763347	6763348	1
12806352	12806462	1
6431651	6431657	2
5442809	5442810	1
1857149	1843514	1
7200243	7201065	1
10687759	10687778	1
7647287	7647288	1
3369887	3368916	1
5990711	1669697	1
6095463	6095486	1
4350387	4229004	1
11465926	11465925	1
5995868	5995865	1
7582752	7585715	1
8157722	8157725	1
10408226	10408225	1
4032171	3789596	1
9059063	9043453	1
6474911	6474912	1
144913	149456	1
8306520	8306526	1
7448961	7448935	1
9554118	9554114	1
2882302	2882283	3
5399688	5399687	1
11856636	11856635	1
1265218	1150862	1
8373094	8373070	1
10347533	10347534	1
11252203	11252204	1
516719	516720	1
12247492	12247673	1
8957776	8957775	1
1396989	1396990	1
10226454	10226453	1
972776	972775	1
7702332	7702331	1
2829270	2428234	1
8830373	8830370	1
2604525	2604526	1
1976663	1984736	1
12173749	12006507	2
8869592	8869607	1
12237569	12237595	1
11130668	11130665	1
964763	964754	1
294292	294291	4
7865229	7865230	1
3974807	3974498	1
9064484	9064411	1
8635845	8635846	1
8422359	8422360	1
7878588	7878383	1
11990380	11990377	1
9957215	9957534	2
2216219	2124896	1
9686032	9695875	1
10898536	10898535	1
3912508	3912503	1
3313682	3316606	1
5186346	5126023	1
12316213	12316214	2
2316342	2316366	1
11763365	11763366	1
7415676	7415675	1
584085	584086	1
2564749	2564750	1
8557688	8557690	2
4474610	10285155	1
12690785	12803832	1
7399303	7399325	1
9772436	9748257	1
2163965	2166003	1
6120359	6120387	2
10663219	10663277	1
1453091	1453092	1
10760387	10760388	1
11609808	11609805	1
492511	492496	1
7930585	7930586	1
1891930	1891927	1
4070226	4070225	1
9465679	9465680	1
8261328	8261327	1
5656610	5656609	1
7074649	7086909	1
1897770	1897769	1
4473600	4473669	1
159241	159242	1
381168	381167	1
8923192	8843729	1
5229307	5229308	1
10907287	10905717	1
5395462	5395403	1
11936844	11936793	1
6516258	6516260	1
725022	725027	1
2477694	2477693	1
7181218	7181192	1
334180	334179	1
915599	8605911	1
149613	149614	2
433851	433730	1
12814163	12814164	1
1190382	1189902	1
1987146	1987145	1
12440808	12440807	1
4078130	4078129	1
9622933	9622934	1
571730	571725	1
1047326	1043348	1
4109734	4109737	1
11308120	11308798	1
8512648	8512651	1
5292304	5246189	1
8087357	8087360	1
3261720	3261719	2
4702969	4702970	2
82409	84396	1
3261718	3261717	1
11490268	11490267	1
6229650	6229646	1
8564078	8564077	1
11521832	11521829	1
1281901	1282249	1
3485255	3928762	1
2936433	2936434	1
3884475	3884476	1
6015141	5983819	1
2933897	2933898	1
613477	600992	1
4514565	4514566	1
2768488	2768733	1
6193812	6193811	1
6571243	6574171	2
10855435	10859456	1
5339303	5339306	1
5372844	5372843	1
8962227	8962228	1
2774496	2774495	1
8009421	8009422	1
7857667	7857668	1
746153	746489	1
11639321	11639324	2
2211846	2211849	1
2022514	2034670	1
8148975	8543729	1
8654139	8654140	1
8269004	8269046	1
2035030	2035029	1
9750483	9748902	1
8349441	8359014	1
10343236	10343235	1
6005671	6005672	1
11592422	11592308	1
3421180	3421179	2
5561454	5561453	1
3962690	3912509	1
8164246	8164237	1
2880964	2880963	1
9926018	9926017	1
3220298	3220297	1
9148304	9148303	1
6187983	6187984	1
9339770	9339767	1
10946128	10832842	2
10530323	10530324	1
2177174	2177179	1
10573888	10573924	1
9473376	9473375	1
8499562	8499559	1
8960030	8960029	2
12607669	12607672	1
6111420	5735092	1
8712145	8712146	1
633529	633534	1
2655231	2655232	3
35135	35136	1
8470459	8470460	2
3155792	2848511	2
8545028	8545027	1
2279491	2279494	2
4201536	4201535	1
11074041	11074105	1
6917594	6917516	1
1602934	1602933	1
5782176	5781978	1
6968171	7109701	1
7199129	7198865	1
7092968	7092974	1
12236146	12236145	1
11963863	11963920	1
2069279	2069280	1
12663334	12663333	1
2670444	3029201	1
5127805	5127806	2
757326	757347	1
442474	442473	1
9621626	9621625	1
11330268	11330265	1
10451930	10451929	1
5873277	5869761	1
2315390	2315389	2
2147656	2243231	1
283798	283732	2
7997205	7997206	2
12242426	12242425	1
1513138	1370002	1
10235820	10235825	2
8213188	8213187	1
12145536	12145535	1
11253299	11337784	1
12380103	12380104	1
6015428	6015427	2
17532	15211	1
9783855	9783856	1
4397200	4397199	1
10377281	2404564	2
5100150	5100142	1
1461566	1461563	1
2793941	2793942	1
6812787	6812788	2
11132286	11132285	1
1905370	1905369	1
5014728	5013371	1
11631622	11631621	1
7704891	7704882	1
12676425	12554045	1
7610845	7610846	1
8630497	8630498	2
3137209	3137212	1
11930017	11930018	1
10403850	10403822	1
6561581	6561584	1
11303867	11304526	2
7094584	7094583	1
3411376	3411375	1
7948800	7948799	1
11703721	11703722	1
11479318	11479308	1
5280356	5280355	1
11606463	11427344	1
1780997	1780975	1
6100758	5705662	1
4715169	4714349	1
4089131	4089099	1
9566771	9566772	1
7676908	7676907	1
6174538	6174691	1
2840330	2837693	1
2936435	2936436	1
12269376	12269375	2
5356297	9780499	1
2882282	2882281	1
1588086	1588089	1
594876	595577	1
712731	712732	1
5368402	5369001	1
8464079	8464080	1
11780125	11778876	1
5970091	5970092	1
6366704	6366701	1
8294175	8279506	1
3477620	3477619	1
9683117	9683299	1
8043862	8043861	1
8041343	8041339	1
4587632	11399858	1
6904951	6904954	1
4177746	4175521	1
6929763	6929764	1
7219698	8391405	1
4583902	4499852	3
5957741	10830247	1
2006906	2006899	1
11360188	11360187	2
8485440	8489528	1
8560910	8557071	1
7994676	7994675	2
1461324	1461349	1
787065	787073	1
3129577	3129578	1
6081104	6081103	1
9496220	9496226	1
12050891	12035072	1
2525841	2525842	1
11089441	11089442	1
10363645	2166600	1
11387649	11387320	1
3472840	3472838	1
6592865	6592868	1
9166636	9166635	1
3228781	3220963	1
4615500	4615480	1
4020661	4020662	1
541287	541288	1
5656039	5655945	1
8042296	8042295	1
9780495	9780496	2
7086782	7086781	1
2372903	2371821	1
5933743	1793357	1
4187586	4187585	1
3557235	3551221	1
11720239	11720240	1
7173785	7173399	1
2519620	2519643	1
7081580	7081579	1
11018631	11021735	1
8656489	8656490	1
2545786	2574329	1
11442210	11442250	1
4613825	4786096	1
5156990	5156989	2
1088127	1088131	1
3252098	3252097	1
9768613	9768614	1
5632179	5632180	1
11596104	11596103	1
2655233	2655234	2
1401581	1401582	1
2441544	2338853	1
12645088	2262570	1
11364916	11364915	1
10008927	4282348	1
7665144	7665253	1
10165914	10167506	1
7108957	7108960	1
11589381	11589384	1
3910677	3910634	1
3565791	3565813	1
5424762	5424990	1
6170413	6170432	1
8209496	8209495	1
6825014	6825013	1
11251506	11251509	1
5477340	5477339	1
10082858	10082869	2
6816016	6816015	1
10989452	10989451	1
5707667	5707669	1
3884473	3884474	1
8488135	8488136	1
11408835	11408836	1
8165577	8164826	1
5947261	5946958	1
10424295	10430623	1
6213320	6213299	1
624969	624970	1
9153427	9153428	1
2666728	12720976	1
9866190	9866195	1
1161497	1161498	1
10068975	9904256	1
3605013	3605014	1
11664889	4356227	1
1046052	1046051	1
7515268	7515267	1
7917411	7917412	1
7086451	7086452	3
1831834	1831832	1
5271741	5271783	1
11756744	11756743	1
1761718	1761806	1
3506930	3506973	2
2518437	2518205	1
7358941	7357767	1
7282861	7282443	1
742342	742233	1
7187502	7186898	1
6561585	6561588	1
8606057	8606079	1
1888420	2101331	1
381059	381060	1
1018125	1018131	1
8699900	8699903	1
11695414	11695411	1
6046882	5707589	1
4687501	4378558	1
6650900	6803933	1
761231	761234	1
7174833	7174834	1
82142	82131	1
4652684	4652681	1
9780497	9780498	1
8391961	8392056	1
5525279	5525280	1
11322604	11321594	1
2032729	2032717	1
1019040	1019039	1
8316139	8316140	2
2547399	2547400	1
11602144	11602143	1
562479	562482	2
2728143	2728144	1
11341554	11349393	1
9437582	9439902	1
122725	122726	1
6032035	6032038	1
11695419	11695472	1
3731797	3727228	1
11055543	11055445	1
12598254	12602671	1
1400545	1400546	1
9473381	9473382	1
5291447	5340888	1
12269378	12269377	1
10254554	10254553	1
12751439	12751430	1
7775040	7774196	1
7847035	7847036	1
11057553	11057554	3
11628810	11628809	1
11862165	11800191	2
2732566	2746903	1
4756195	4756196	1
8920244	8920243	1
6484120	6484119	1
91800	91247	2
6365517	6365520	2
2307835	2307836	1
11123871	11118240	1
7526843	7526844	1
3443459	3443467	1
8332623	8332624	1
8825765	8826211	1
12341463	12341464	1
5204624	5522886	2
7702332	7702024	1
1139977	1140060	1
10872502	10878180	1
9255613	9255614	1
5995864	5995863	2
7472871	7472855	1
3089707	3089708	1
8756976	8757157	1
1510027	1513355	1
4756187	4756188	1
8609012	8609011	1
3883661	3883662	1
11993780	11993779	1
5054172	5054938	1
11763367	11763368	1
5116199	5116202	1
2441546	2441545	1
11029994	11029989	1
2252895	2252896	1
7328656	7328718	1
6922549	6922550	1
809475	884879	1
8252092	8250756	1
6968169	6968170	1
6167646	6096851	1
9352568	9352567	1
8287242	4051219	1
11147513	11147514	1
2932277	2932280	1
4473241	4473242	1
7304775	7304776	1
12366794	12366793	1
2533185	2533186	1
7976818	7976813	1
2555291	2555304	1
11521834	11521833	1
