fend1	fend2	count
7527325	7527616	2
7110229	7111267	1
5783696	5778394	1
3724394	3724393	1
11779671	11779672	2
8610399	8609320	1
7500159	7500162	1
3457818	3457835	1
3314845	3314848	3
967973	6903495	3
12212906	12212905	2
11220265	11221731	1
9697056	9697055	1
2457411	2457396	1
4858256	4858255	1
2777434	2775681	1
413522	412926	1
9103994	9103648	1
4564826	4564825	1
8369520	8369519	2
8602237	8602238	3
3246634	3246683	1
7377117	7377118	1
12795370	12795446	1
800013	800014	2
11806534	11807330	1
4406345	4406073	1
3314844	3311404	2
6378477	6378478	1
9465070	9463852	1
3102333	3102334	2
12766723	12766687	1
517436	519060	1
10976013	10975395	1
7446317	7446318	1
5617938	5617282	1
1150953	1156528	2
4693824	4693823	1
6787740	6787735	1
11186657	11186658	1
2376532	2376457	1
3454827	3454828	1
1667304	1667303	1
4692065	4692370	1
8672983	8672984	2
8303602	8232439	1
1920052	1919640	2
6275962	6273684	1
1720877	1720952	1
2709107	2709108	1
275633	275345	1
8259393	8259289	1
2897427	2896142	2
6934270	6934276	1
10426477	10426344	1
1804919	1804920	3
7900714	659721	1
8342303	8342304	1
9504426	9502730	1
7528383	7528384	2
2358696	2357517	1
3574339	3558882	1
3281733	3281734	1
11275311	11275095	1
4879010	4879866	1
7454327	7454328	1
8099537	8098250	1
12246876	12246875	1
4634948	4638851	1
5756940	5751306	1
47714	47722	2
10572334	10565885	1
11371843	11629534	2
9572042	1459356	1
5003515	5003516	1
3941867	3942718	1
5420433	5418381	1
7508427	7508428	2
3739061	3739062	1
4031434	4723941	1
5817326	5817325	3
1515753	1514754	1
6802854	6810198	1
429128	1759789	2
9522508	9522966	1
10278168	10278210	1
11341259	11341194	1
3901495	3901583	1
2711610	541875	1
11184057	11191929	1
6368291	6368289	1
6735077	6735034	2
5150029	5150030	1
12766270	12766269	1
5368764	5438433	1
6930721	9437042	1
11496492	11496491	1
2367379	2366010	1
10218557	10219001	1
3361726	3361725	1
2737911	2737883	1
4599209	4601603	1
1509788	1509827	1
8065850	8244900	1
8090886	8089735	3
2069058	2069057	3
12606187	12606188	1
5678482	5674279	2
6131703	1750064	1
6690507	6690508	1
11304132	11304243	1
1138833	1138620	1
7852520	7852010	1
9273081	9281698	1
1866289	1866342	1
8810598	8810597	2
6223231	6223246	1
339889	340758	1
4424090	4425094	1
843637	843638	1
7466102	7466099	1
648234	655722	1
6796940	6790937	1
7955884	7955827	1
2521622	2521838	2
11515775	11515778	2
2040795	2040657	2
417559	417560	1
6793363	6814348	1
8035443	8035419	2
686191	686194	1
10208811	10205123	2
6744811	6744806	1
6757546	6757228	1
6873767	6873768	1
5919208	5919202	1
6144812	6144811	1
8341612	5225465	1
9081354	9081353	2
908332	908300	1
7899353	751738	1
4568374	4566326	1
5815558	5815395	1
1093481	1092856	1
7066652	7066651	1
1759231	1758118	1
12529778	12529435	1
2006158	2006157	1
8308711	8306103	1
6824657	6825305	1
12444318	12442139	1
11587080	11587012	1
8078913	8078914	1
9945293	9945198	2
11531227	11529857	1
7272191	7271589	1
2554877	2554751	1
4087545	4087349	1
11158681	11158682	1
9074608	9075086	1
7735770	7735769	1
4359356	4349829	1
2767141	2767612	1
2818306	2818190	1
5564447	5564448	2
6174405	6174406	1
4125096	4124982	2
3902104	3902103	1
791074	790173	1
2826874	2834056	1
1458966	1458965	1
8806649	8816578	1
3812884	3829370	1
686284	687469	1
3558883	3558884	2
12631865	12631847	2
3038225	3038271	1
7980631	7980632	1
10212308	10212303	1
5088366	5088365	1
4118059	4101726	1
6565263	6565252	1
6981421	6981466	2
814600	814595	1
5758004	5758001	4
11563974	11563995	1
12452204	12452492	1
1581763	1582036	2
10742117	10742118	1
12290021	10479343	1
9838020	9837790	2
10461957	10461959	2
6420549	6422174	1
10999696	5908786	1
11154496	11154495	3
2960421	2960303	1
9854458	9854382	1
10411606	5355425	3
9454734	9454690	1
5420769	5420770	3
11968515	11968387	1
7915451	29830	1
4492524	4492472	1
4723519	4723258	1
836360	836379	1
3206249	3206268	1
9492501	9492530	1
2143396	2143395	2
7855242	7855241	1
2733245	2731320	1
8293316	8292809	2
8010579	8010580	1
10534353	10534356	2
7571823	7571821	1
7788334	7788333	3
7244485	7244486	1
9724201	9676496	1
7446435	7446387	1
9881767	9881768	1
8838937	8838632	1
1697421	1697422	1
8779059	8799230	1
7645192	7646350	1
7700088	8284363	1
7754767	7754775	1
3506998	3506997	1
3793924	3793914	1
3508678	3508719	1
10838750	10838798	1
7243130	7242974	2
1832228	1832256	1
8904834	8899889	1
619176	618648	1
5231746	5049385	1
11067926	11067806	1
5196158	5019967	1
4901499	4901844	1
5290615	5290631	1
8401542	8401789	1
1333416	1333371	2
3117082	3116365	1
9483523	9483524	2
11515779	11515780	2
7280807	7280808	2
6856160	6856110	1
9540425	9537426	1
9055407	9055412	1
3459880	3459864	1
2078179	11192084	1
7434308	7434398	1
10268706	10268718	1
7863688	7863693	1
2951158	2951157	3
3509332	3509352	1
1035499	1065950	1
10294787	10295085	1
9144817	9144818	2
6893374	6893396	1
5181856	5181894	1
4594226	4594196	1
10953960	10933123	1
5450175	5450040	1
1070802	1070801	1
6124106	6124103	1
5356080	5356532	1
6333112	6330935	1
9069474	9069080	1
10514805	10514714	1
6157185	6156960	1
8165348	8165345	3
6808811	6807957	1
12306506	12306218	1
3143637	3142315	1
10660451	10660755	1
10041954	10020708	1
7362743	7362733	1
8603923	8603926	1
5553099	5553100	1
6278595	6278596	1
11501402	11498632	1
5501485	5501486	1
4174377	4174380	1
2265388	2265493	1
10123461	10123462	1
2594944	2594943	1
8107238	8106883	1
11148349	11153132	1
5361900	5361899	1
4688004	4687963	1
1739462	1739461	1
1523522	1523521	1
6741587	6741566	1
412875	412876	2
775482	775481	1
1244663	1244661	1
6316715	6316716	1
3975751	3975752	1
1419459	1419254	1
9509308	9511656	2
3142314	3142313	1
6031341	6031342	1
4346340	4346339	1
1669751	1670401	1
8399545	8399522	1
10998303	9111818	1
1592154	1592452	1
11798569	11798867	1
2445409	2445410	1
9545066	9545113	1
5210461	5210462	2
11562629	11562630	2
1084154	1084153	1
2749459	2749420	2
10252811	10252893	1
8302364	3473687	1
2673000	2672992	1
5918851	5918165	1
12629297	12629298	1
3034887	3034775	1
389539	389540	1
8443861	8443862	2
3746903	3746904	1
6000175	6000093	3
12305016	12305015	1
4683737	4018841	2
8251010	8251009	4
10291582	10277123	1
7773782	7773788	2
6023243	6023201	1
7054515	7054516	1
9941782	9941826	1
7805568	7805565	1
2143597	2143598	1
6172517	6035191	1
5354946	5354941	3
1252766	1252566	2
11521820	11521819	2
4777566	4777565	1
8011772	8011715	1
9922229	9922232	1
2107019	2112454	2
3580368	3580957	1
1893129	1893617	2
9447205	9447206	1
12174460	12174459	1
7465788	7465787	1
994372	995603	3
8406290	8406289	1
2358114	2358137	1
6424035	3943175	1
3191629	3191630	1
2137449	2137450	1
2782531	2788426	1
680772	680771	2
1201491	1201485	1
7726245	7726246	2
8520024	8517848	1
3746905	3746906	1
4782235	4782236	2
12806717	12804913	1
622633	626874	1
3527087	3527088	4
1659611	1659614	2
5805652	5805554	1
6126136	6126896	1
10454243	10450270	1
946468	946467	1
2000549	2000550	1
8689354	8689428	1
5763371	5762861	1
2020776	2020775	1
8065030	8065021	3
12295117	12369289	1
1659611	1659616	1
6044198	6044197	1
1341502	1341542	1
9530572	9530519	2
188340	188339	1
4734983	4027863	1
5823239	5824880	1
423803	423993	1
7483437	7480355	1
5186565	5186566	1
8178034	8178033	3
8165344	8164707	1
4608007	4607325	1
10493461	10493480	1
6282472	6282454	1
10508703	10508704	1
6790253	3886831	1
3107876	3108132	1
2174549	2173428	1
4608678	4608674	1
11269122	11270182	1
2178430	2178429	1
6783013	6783014	1
6124106	6124105	1
977300	977437	6
11642957	11637100	1
11996828	11996705	1
5828698	5828805	1
12032641	12032636	1
2941778	2941777	1
11727869	11728402	1
7267379	7266238	1
11525863	11525864	1
6788018	6788017	1
12043447	12041931	1
8404669	8404670	2
5522873	5522935	1
8890110	6019250	1
10600361	10600614	1
971082	971135	1
6721036	6721069	1
394131	394132	1
6849247	6849251	1
11579852	11579851	1
4483046	4484030	1
8039987	8039895	1
10814364	10814336	1
12164250	12164257	1
5184391	5184433	1
216339	216340	1
11365248	11365253	1
5582807	5588946	1
8029174	8028856	1
8762297	8762515	1
11303358	11303355	1
8103372	7985003	1
1901045	1901046	2
10610849	10610850	1
7225070	7225958	1
7959067	7846625	1
2218973	7751886	1
6888486	6888485	1
11478502	11478501	3
4132891	4132992	1
879730	879673	3
10900884	10897060	1
6343819	6343841	2
6790936	6790935	1
3056805	3056808	1
3250172	3250171	1
5202322	5207800	1
8009776	8009725	2
4091456	4091452	1
7965726	7965696	3
658048	658047	1
7997353	7997354	1
8430270	8430266	2
1878721	1878722	3
10050139	10151567	1
5482473	5482476	1
4865665	4865375	1
7456003	7456021	1
9577478	9577670	1
10398380	10398377	2
1779462	1779424	1
10341352	10342033	1
10763332	10761443	2
5358002	5362243	1
2228565	2228568	2
11854010	11854009	1
2537355	2537338	1
1610706	1610705	1
1972519	1972520	2
664804	664797	1
10574646	10574435	1
3506998	3504421	1
7867007	4298638	1
973249	973231	2
1626715	1626625	1
2584887	2486022	1
3155600	3154707	1
7418814	7418813	2
5937529	5936429	1
4481307	4481308	1
1177458	1177444	1
10877616	10877615	2
6705056	6705055	1
10890209	10890064	1
5747502	5747501	3
2798990	2799062	2
7516169	7516170	1
7544799	7544800	1
5378460	5378459	1
10374416	10374211	1
4526539	1773445	1
12607980	12607953	1
10364005	10364006	1
10556701	10551930	2
4009800	4009799	1
9244333	9244330	2
7224643	5903093	1
664800	664797	4
10061076	10061104	1
6098118	6098109	1
4478330	4478329	1
7359338	7362129	1
7419969	7420632	1
3984727	3984730	1
7285135	7285151	2
6011642	6011641	1
11531225	11531226	1
8406193	3925472	1
4261212	4261211	2
9655414	9640951	1
7210725	7210728	1
1834252	1833642	1
3108378	3108705	2
10320397	10315200	1
1670841	1671270	2
2148953	2148954	1
5823239	5824882	1
12743221	12743222	1
2856406	2856405	2
10809983	10809992	1
1092894	1090505	1
6649681	6649682	1
10337458	10337149	1
599193	599194	1
6750237	6750239	1
12743790	12743827	1
1674679	1674680	1
7296833	7296956	2
3786282	3786195	1
5916986	5915981	1
263712	263707	1
11936171	11936172	1
3466567	3466568	1
3728709	3730215	1
10517782	10517781	4
2818308	2818307	1
251661	10160003	1
7602808	7602807	1
9668069	9668070	1
5293537	5293572	1
6558796	6557928	1
9330989	9330990	1
2270042	2269923	4
11612689	11612690	1
4681159	4681160	1
1367464	1367463	1
9113560	9111967	2
1739049	1739050	2
3875977	3875978	1
10933294	10933293	5
9359440	9359439	1
2247537	4851554	1
6218844	6218726	1
4491184	4487042	1
9831914	9833362	1
11872231	11872242	1
4021826	4021824	2
2664268	2664191	1
11421034	12789134	1
9524002	9524006	1
3943174	3943173	1
9431818	9431843	1
3735113	3735088	1
7697527	7695013	1
4222315	4222316	1
6929165	6929166	1
2580836	2580835	1
7434310	7434309	1
5517609	5517612	2
720299	720319	1
2014086	2014085	1
2384052	2383861	2
12374586	12374580	2
5572681	5572682	1
11846786	11846785	1
7413825	7412890	1
5744868	5744867	1
6030460	6030457	3
7112039	7112040	1
10682728	10683582	1
5631120	5631828	2
2019336	2019335	1
4608931	4608932	1
11789169	11788410	1
2584889	2486022	1
3723309	3723310	3
4549493	4544317	1
1592232	1592247	1
4238722	12124641	1
4109478	4109477	1
6090833	6090788	1
7708178	7708181	1
8466674	8466673	2
9800152	9801493	1
2600646	2600643	1
8672035	8671983	2
5653912	5653911	1
1196645	1196829	1
10513044	10513043	1
10190461	10190462	1
11127053	11127054	1
187772	4619960	1
6065581	6065560	1
10848401	10848402	2
12786643	12785758	1
5974553	5974554	2
9993273	9993555	1
7864962	7864959	1
4108817	4108818	2
10202724	10202439	1
7114910	7114909	1
836360	836381	1
3501076	3501075	1
3524553	3524554	1
11537670	11497864	1
8108685	8108916	1
5542214	5540222	1
3233176	3236006	1
2088793	2088794	2
8722082	8722127	1
11983294	11983293	1
7775618	7775511	1
3415063	3425558	1
12528813	12521586	1
11238949	11241954	1
12520800	12520802	1
629759	629423	1
11110001	11109985	1
6755056	6755055	1
9530572	9530571	1
10364007	10364008	1
6686262	6686261	1
7296832	7297005	1
10509532	10538794	1
8419258	8023235	1
9091004	9090996	1
5959954	5959836	1
7292523	7292721	2
12204158	12204164	1
3131327	3131328	1
6391409	6391410	1
9853692	9853658	1
1549171	1551006	1
2405195	2406178	1
11563804	11563803	1
4362295	4362123	1
12637714	12637713	1
4398421	4398403	3
1306057	1307757	1
1623153	1623154	1
991221	989369	1
5154055	5153818	1
3734618	3734617	1
5822699	5822700	2
10006172	10006171	2
11726615	11726616	1
2703953	2697859	1
12451730	12452675	1
2417295	2417348	1
3032342	3032341	1
9241455	9309556	1
11388647	11388605	1
6014042	6018448	2
2424303	2424304	1
5796584	5796579	1
4246377	4246378	2
2402668	2477710	1
809534	809531	1
7641108	7641105	1
8720966	8721342	1
3899798	3899873	1
9343065	9341138	2
10983563	10983551	1
7737083	7737026	1
2479701	2479702	1
10404274	10402173	1
2975603	2975583	1
2137451	2137452	1
6810390	6810389	1
3988269	3988270	1
11444084	11589425	1
656678	7008506	1
7533209	7533210	1
12173452	12173451	1
4793081	4790636	1
1129766	1129765	1
2975601	2975602	1
5279424	5279423	1
6852625	6852562	2
11166050	11166042	2
9417687	9417688	1
3208155	3208156	1
1887089	1887090	1
12252649	12455771	1
6698417	6694419	1
6971488	7010715	1
8823350	8823309	1
644776	644775	1
6145498	6146386	2
10922171	10921203	1
6670964	6670961	1
619866	5355425	1
10127958	10127956	1
6903494	6903493	3
10655453	10655454	1
899928	906308	1
12814798	12815044	1
2447255	2447256	2
11562627	11562628	2
3301541	6421427	1
9523160	9522427	1
1892559	1891914	1
4136694	4136719	1
212163	212166	1
6502493	6502500	1
2481468	2479198	1
4681697	4705838	1
6300641	6300340	1
10429461	10432631	1
9571756	9572142	1
2321302	2323971	1
3802853	3802854	1
12291348	12291347	1
4473939	4473312	1
593700	593699	2
1971254	1971262	1
1697714	1697727	1
6177461	6177462	2
8078921	8078912	1
4481309	4481426	1
788711	788712	1
9905450	9905443	2
861933	861934	2
8402010	8402009	1
6810566	6811936	1
7611852	7611851	1
4261212	4261209	1
9292767	9292785	1
11532586	11532585	2
9640940	9641234	1
9251137	9251163	1
1046055	1046056	1
12424422	12424518	1
4117955	4118425	2
10738255	10737195	1
9428933	7078569	1
11532584	11533680	2
8006603	8006591	1
4470586	4469368	1
3816689	3816690	1
2513166	2513165	1
5655315	5655316	1
9422089	9422090	1
3459880	3459862	1
3527089	3527103	3
11705977	11707266	1
10768309	10768327	1
11884880	11884879	2
12309855	12309811	3
8009435	8009436	1
371778	371899	1
8788166	8788165	2
10504824	10504771	1
2772691	2772684	1
630050	630049	1
1523517	1523523	1
4821652	4821651	1
4548131	4548132	2
7845127	7926298	1
3723305	3723308	2
6705039	6705040	1
5817328	5817327	1
3952206	3952205	2
1164158	1164157	1
1302720	1242159	1
7373781	7373782	1
4835294	4835293	1
11236495	11236496	1
4768209	4564827	1
5086693	5086003	1
3531771	3531772	1
2924002	2923999	1
11833737	11833738	1
6589056	6602455	1
5914863	5914864	2
2008128	2008170	2
941524	2245127	1
3574339	3558884	1
6416651	6416654	1
6820145	8270691	1
2110859	2110860	1
11578384	11578383	1
773011	775483	2
3522183	3524267	1
2851827	2846178	1
11959347	11959348	1
2647664	2647663	1
4218240	4215268	1
6051003	6047640	1
10294786	10294761	1
9595847	1671550	1
9828610	9829313	1
11370535	11370538	1
7788332	7788331	2
7544797	7544798	1
5824881	5824882	1
7432241	7432242	1
5748928	5748927	2
3834348	3834339	1
941488	941487	1
6367565	6367566	2
12467701	12467702	1
632569	632525	1
9354208	9354492	3
9959277	9959254	2
10805321	10799305	1
5606058	5606427	2
10539697	10539698	2
742297	742306	1
11072583	11072054	1
5452099	5453490	1
151661	151645	2
273348	273347	1
3078642	3078071	1
11239700	11239699	1
9655416	9655415	1
11175851	11181138	1
1571152	1571149	1
2430032	2430130	1
664721	664722	1
11706701	11706618	1
11576718	11576279	1
8672823	8676230	1
9375419	9375488	1
2143398	2143397	2
9811361	9811699	1
2237586	2237585	1
2652522	2652237	1
5011326	5011833	1
7412610	6732533	1
6282190	6283708	2
4140010	4140769	1
4557792	4750347	1
11521818	10698391	1
8786337	8786175	1
6773983	6773984	1
7611850	7611833	1
9788400	9788041	2
12641661	12641695	1
4264982	4264981	1
7456407	7456408	1
6809365	6800317	1
4385498	4385709	1
7234560	7234547	1
10878170	10878169	1
9834482	9834107	2
1217556	1217555	2
4575840	4575837	1
9520968	9518668	1
1739051	1739052	2
10814174	10814173	2
799267	799277	1
10647071	10647086	2
973245	973246	3
417561	417562	1
8399545	8399520	2
11626994	11635147	1
3017387	10055811	1
3947436	3947435	1
2752277	2752255	1
483317	483318	1
9499353	9622529	1
9149156	9149155	1
6711822	6711821	1
11077759	11075901	1
4806867	4806868	2
11272764	9520166	1
4429633	11521601	1
5230892	5230780	4
915509	915510	1
5461158	5461175	1
9838022	9837790	2
9244281	9244282	1
8401787	8401788	1
8410532	8410575	1
10349985	10353669	1
3357395	3357396	1
5946095	5946096	1
1289862	1289857	3
3043930	3043929	1
1348764	1350747	1
237593	240829	1
3793868	3793863	3
12052674	12023369	4
3734528	3864952	2
8055455	8055456	1
6005291	6005074	1
6641358	6641294	1
7579137	7574413	2
5903701	7224642	1
6032934	6032933	2
8304313	8304316	1
5341634	5340044	1
268666	273211	1
6738206	6738255	1
386940	387054	1
2244782	2244758	1
8632943	8632944	1
2000258	2000294	1
2521903	2523078	1
12369288	12369287	1
8006582	8006576	1
10084032	10084031	2
3214660	3214655	1
794319	794320	1
9331666	9331665	1
7136207	7135745	1
2280333	2280297	1
4122412	4114283	1
12033098	12032995	1
11176316	11183364	3
5229845	5229846	1
973247	973231	1
7848127	5202055	1
3032340	3032339	1
1430927	1431043	2
6870935	6870945	2
10284334	10282713	2
7851840	7851816	1
1626447	1623152	1
12685889	12685890	1
3902104	3903579	1
1659911	1655683	1
8443859	8443860	2
844615	844736	2
4264978	4264977	1
2402757	2402116	1
413415	413437	1
2419181	2419182	1
2846559	2881324	1
5795025	5794638	3
3058316	3058356	1
5692438	10996702	1
9149158	9149157	1
5292639	5292642	1
7610244	7610105	2
7645194	7645193	1
633269	633321	1
6442052	6441527	1
4874953	4874954	1
1530282	1529852	1
6112422	6112425	1
3958780	3959677	1
9909087	9909084	1
400833	400799	1
6851178	6851175	1
8814252	8814251	1
3310155	3305159	2
10904056	10903995	1
4023543	4023538	1
664804	664801	4
8157970	8157969	1
2262305	2262401	2
5086693	5086694	3
7377119	7327410	1
11432003	11247911	1
5420909	5420821	1
8573337	8573341	1
2450372	2469590	1
10925710	10925709	1
11119041	11119042	2
3506949	3506950	1
5487965	5487744	1
10904999	10905000	2
9163983	9163984	1
9518746	9518540	3
10893387	10893329	1
10164262	10164261	3
395436	395164	1
11502064	11502063	1
1834124	1834123	2
3167955	3167956	1
9482607	9484266	1
11051969	11051970	1
3111742	3111772	1
7423701	7423576	1
164054	164057	1
5225466	8341613	1
7661633	7661634	3
3168008	3167954	2
9284552	9284558	1
7775618	7775513	1
10749152	10749151	1
2083425	2084320	1
5153323	5153324	1
3901311	3901312	1
3741177	3741627	1
8730139	8730140	1
11333686	7793335	3
3368439	3368440	1
10127960	10127959	1
10761110	10761109	1
2132303	2132306	1
6192319	6192313	1
4016263	4005322	2
4041816	101345	1
8021083	8417641	1
897658	897371	1
957394	957393	1
2417830	2389672	1
1101886	1103466	2
216341	216342	1
4139283	4140168	1
967971	6903493	1
10384853	10384854	1
5243854	5246309	1
7579135	7574413	1
1431457	11983295	1
8387231	8387232	1
9597899	9597988	3
8475151	8475152	1
3947438	3947437	1
9834106	9834105	2
4363374	4363373	1
8814250	8814244	1
7771716	7771715	3
9802490	9801759	1
9454736	9454735	1
3880011	3880033	2
2452938	2452572	1
8373094	8372697	1
10875322	10875257	1
8651401	8652618	1
8730141	8729704	1
364611	365226	1
9792513	9793197	1
4955292	4955295	1
767064	767045	1
823725	953409	1
973245	973231	1
3967820	3967819	1
5505440	5505577	1
2637612	2636772	1
6077725	6077726	1
2417293	2417294	1
3047478	10064703	1
11582044	11581887	1
10989281	5827341	1
10727631	10727632	1
2725930	2725909	2
11490720	11491252	1
1555224	1555223	1
6631131	6631238	1
1089793	1089794	1
8846861	8846862	3
8730137	8730138	1
4120071	4120075	1
7951339	7951349	1
12238278	12245908	1
3125887	3128648	1
1606675	1606676	1
4368236	4368269	2
11404285	11404286	1
6732965	6732993	1
5862761	5862700	1
9899998	9901119	1
266524	266523	3
5505771	5505772	2
4148514	4148547	1
1094721	1094722	1
10656409	10752606	1
2016354	2019345	1
797930	795771	1
2791309	2791310	1
6273524	6281024	1
10300090	10299836	1
4374038	4372465	1
9854383	9854384	1
4086848	4087514	1
8307896	8307933	1
10248928	10248923	1
11688507	11688508	1
7532359	7476857	1
7446298	7446303	1
8010581	8010582	1
3250174	3250173	1
2644087	2644088	3
10904921	10905031	1
6640619	6640681	1
12599103	12609323	2
5360889	5361275	1
12124283	12124258	1
8659825	8659843	1
4025637	11542627	1
4831519	4831529	1
5358004	5358003	2
8676231	7581061	1
9095358	9095696	1
6828663	6828987	1
8820147	8820145	1
5664402	5664414	1
5321957	2506433	1
12663560	12663559	3
6845276	6845293	1
435343	8554197	1
10237074	10237980	1
2644028	2644086	3
1539689	1538493	1
453253	278854	1
5975855	5975856	1
6321852	6254055	1
6276499	6276500	1
5098035	5098036	1
10277122	10277121	1
1608279	1608369	1
8351631	8351569	1
8251290	8250593	1
593706	593703	2
2327879	2328301	1
5600438	5616143	4
2600646	2600645	1
10645502	10645501	1
8451170	8451154	1
9292034	9292033	1
4073196	4005554	1
6693042	6693420	1
9424556	9424822	1
9446221	9447447	1
5282071	5282076	1
11073182	11069780	1
7480354	7480353	1
7898874	7898873	1
5949442	5949350	1
10216489	10216563	1
1157185	1156544	1
7855365	7855243	1
6257878	6273469	1
866199	866165	2
666765	666766	2
5444840	5444814	1
8554194	8554187	1
359096	358997	1
11084996	5854383	1
12545049	12545066	1
3540173	3540174	2
7175030	7175044	1
1662679	1662680	2
1956353	1956364	1
5927682	5927685	1
12205981	12204565	2
2697858	2697857	1
9129929	9127579	1
171053	171063	1
8651992	8651985	1
11235715	11235716	1
1532657	1532658	1
4514088	4514149	1
5602969	5602970	1
6035697	6044931	1
6121386	6120888	1
9523164	9523161	1
6516613	6516614	1
7685029	7685030	2
10157093	10157176	1
4324479	4324480	1
2729843	2728881	1
12182824	12182823	1
3056803	3056808	1
3506996	3504421	2
7917431	7917432	1
7234560	7234559	3
7632210	7632209	1
8946636	8946635	1
12688272	12688271	1
6750105	6750110	2
7809485	7809681	1
9104091	9104025	1
2097767	2092302	2
4225353	4225354	1
6443021	6440624	1
7301637	7301650	2
10031577	10031578	1
12283756	12283755	2
9338252	9331667	1
8536179	8536183	1
1033918	1033496	1
9554667	9554686	1
9335859	9231076	1
3341997	3324928	1
1985870	1984359	1
3380282	3380285	1
9274160	9274159	1
11580852	11580524	1
3200117	3382719	1
3450273	3450274	1
435343	8554199	2
8437805	8437808	2
10873752	10873751	1
4086178	4086177	1
4518578	4518567	1
6411178	6409710	1
633267	633268	1
5333857	5333858	1
9682231	9572786	1
4540080	4540061	1
51766	50629	1
7883146	7881063	1
7678069	7678070	1
3454656	3454826	1
4228437	4228438	2
9794690	9794689	1
5786751	5786752	1
11480228	11480227	2
12452674	12452615	1
6550766	6553394	1
7604883	7605167	1
1650056	1650055	1
2758670	2754623	1
6511429	6511430	1
3186213	3186690	1
5903701	5903093	1
7200407	7200408	4
4535901	4535867	1
3983768	3983711	1
9017382	9016084	2
3388220	3388207	1
7835153	7835252	1
5312463	5312319	1
10218544	10218543	1
1463712	1463706	1
8603419	8603420	1
11864050	11864126	1
7840782	7840781	1
4473257	4473258	1
10324814	10325318	1
9814351	9814312	1
8568929	8568932	2
7715797	7715792	1
997618	997528	1
12697168	12697214	1
1937175	1937176	1
4124881	3206284	2
3739990	3739989	2
8078919	8078920	2
6948531	6948532	3
4004611	4004614	1
6641295	6641296	1
8846859	8846862	1
4092414	2548428	1
10099254	10099253	1
1405599	1405600	1
2043771	2043765	1
12017480	12017477	1
1483999	1484002	1
7412612	7412611	1
5604363	12053979	1
1410727	1410728	2
9829906	9829924	1
6828387	6828381	1
366302	367726	1
11763433	2173031	1
3563451	3563772	1
3609659	3609662	2
2861313	2871740	1
9473408	9473407	1
2923967	2923996	1
12305016	12301168	1
9319056	9319119	2
4787351	4567144	2
6054288	6054287	2
4517231	4517232	1
6124108	6124107	2
2517605	2517606	2
11907562	11907571	1
10345696	10345695	1
7579133	7579136	1
8348545	8348546	2
12185959	12186002	1
4789176	4789159	1
593717	426354	1
5290093	5288919	1
12467699	12467700	1
5003376	5003341	1
2325043	2325044	1
2796081	2778341	3
3142554	3142977	1
11521822	11521821	2
6248252	6248502	3
1482631	1483393	1
2623782	2623640	1
3941863	3941866	1
6535520	6535519	3
110196	109811	1
2495175	2495685	1
12422986	12422985	1
2886205	2886206	1
6616347	6616348	1
7025843	7025844	1
3415061	3415062	1
5948037	5949146	1
10228590	10228589	1
2296328	2296325	1
1373559	1373571	1
4707603	4707527	1
12743223	12743224	1
2114620	2114619	2
3018211	10961360	1
5294041	5294042	1
7697404	7697277	2
2115121	5632564	1
8791025	8791026	2
8319247	8319248	1
5748926	5748795	2
4416632	4416415	1
6989305	6989182	1
3998875	6205544	1
9530572	9530521	1
10190463	10190436	1
1928570	1928569	1
5444840	5444812	1
11390740	11390761	1
2897425	2897426	2
1301551	278311	1
6583770	6584114	1
8395309	8394449	3
1730143	1730144	1
8790448	8787205	1
9390671	9390672	2
5391896	5392139	2
4139283	4140170	2
7466700	7466664	1
5818563	5818636	3
9248522	9571756	1
1515863	1513338	1
12315669	12316545	1
1626513	1622303	2
2445411	2445423	1
3799556	3799555	3
8456668	8456693	1
4421677	4421724	1
3599772	3599771	1
4713799	4713800	1
12431654	12627701	1
7452681	7451895	1
4446769	4446770	1
12773395	12773190	1
6000092	6000091	5
3024316	3028006	1
10803255	10803211	2
8845481	8845470	1
533165	533166	1
9793703	9793704	1
11159447	11159450	1
1715454	1715458	1
5160054	5160079	1
12026734	12026476	1
2218973	2221963	1
6542171	6542172	1
1826483	1826445	1
2573363	2573364	2
5384890	5384889	1
967973	6903493	1
9460457	9460468	1
5333878	5333854	2
2845464	2845271	2
6036192	6036158	1
280574	280507	2
3884698	3884695	2
8890112	8890111	1
6168086	6167729	1
12806715	12806716	1
8475153	8475154	1
4483046	4483049	1
4264984	4264983	1
11252382	11245720	1
9476143	9476144	1
9495770	9495820	1
861940	861866	1
1609738	1609860	2
5809979	5809980	1
8861219	8861358	2
12461632	12461631	1
9642650	9642649	1
1878326	1878328	1
10027656	10026044	1
3944732	3944824	1
4476977	4476960	1
9660368	9657470	1
7465176	7465157	1
4129771	4129772	1
5086695	5086003	1
11728401	11728402	2
5185036	5184125	1
11903987	11904696	1
3689369	3690096	1
8504385	8507126	1
967971	967972	4
5817330	5817327	2
6093704	6093703	1
7362735	7362736	1
4860540	4860741	1
974595	974837	1
6157353	6158906	2
1734564	1734563	2
2543678	2545227	3
6332745	6336576	1
11184766	11184765	1
4086176	4085046	2
4127542	4125063	1
7418816	7418815	2
2357516	2357515	1
6802856	6802855	2
11595718	11595717	1
4208616	4208619	1
11648858	11650641	1
1326181	1326187	1
1096627	1096628	1
10233251	10233261	1
366152	366151	1
11241372	11241318	1
6755674	6755795	1
4141248	4141247	1
8639699	8639700	1
1631429	1627723	2
10778782	7729774	1
1077260	1077259	1
6199534	6199511	1
11123493	11119040	3
10233247	10233250	2
6696718	6696740	1
4082157	4082158	1
6886824	6886909	1
2860094	2991660	1
2325039	2325044	1
8307876	8307778	1
7301651	7301654	2
6627415	6627416	2
4683737	4018843	1
10752517	10752518	1
9469481	9469486	1
5533948	5531404	1
7438209	7438210	1
10252999	10253002	1
8506963	8506964	1
11500878	11500311	1
9853563	9924453	1
7687783	7688310	1
10391927	10391928	2
5628573	5628574	1
8505015	8505941	1
10894788	10894164	2
4806698	4806706	1
8016238	8035430	1
1997343	1997346	1
5427197	5427198	1
886488	889030	1
7309712	7309711	1
8000372	8000371	1
11538899	11538900	1
8814252	8814244	1
11123493	11119042	1
827351	827352	3
9327833	9327887	2
8381335	8381306	1
11746817	11746781	1
3132156	3132155	1
8399521	8399522	1
1164893	1164898	1
6090099	6090100	2
12173450	12173098	1
5482471	5482472	1
2270044	2270043	3
1501227	1499096	1
5617279	5617284	1
6155829	6148935	1
10234601	10234602	1
1389368	1389367	1
12387442	12387413	1
3937486	3937485	1
10389922	10388062	2
2819266	2819262	2
66421	65280	1
8416705	8416707	1
6549944	6549951	1
3809341	3809344	1
1319379	1319397	1
215542	216345	1
8375245	8375260	1
4264976	4264975	1
1057206	1057205	1
7435875	7435876	1
3830345	3832058	1
6797152	6797131	1
11380027	11380028	1
2063284	2062442	1
1640916	1640915	1
7906775	7906776	3
12570543	12552174	1
2110861	469732	1
5227503	5227506	1
9522967	9522968	1
6849245	6849246	1
836380	836379	1
8601175	8602101	1
3106413	3106416	1
3833109	3776684	1
6590910	6591494	1
345001	345002	1
2276124	2271009	1
7140313	7747551	1
7050361	7051878	3
869415	869416	2
10877146	4381561	1
6589359	6589360	1
9979169	9979151	1
6378479	6378465	1
3441313	3441367	1
6149506	6054203	1
7553048	7552911	1
8222950	8222949	1
5221035	5220346	1
6028950	6026512	1
7274206	7274205	1
5385993	5385996	1
3497175	3497176	1
5761077	5761078	1
315330	3780436	1
8317229	8317230	1
3143637	3142313	1
5586541	5586115	1
5756819	2125628	1
3715671	3715458	1
3253814	3253037	1
6500052	6500145	1
644770	644777	1
2374993	2374994	1
11219612	11219582	1
11153133	11153134	1
11404283	11404284	1
6893395	6893396	1
7418671	7418672	1
9924205	9924206	1
10392667	10391926	3
1437385	1437554	1
5228555	5229643	1
453255	278854	1
374055	374056	1
1921142	1920953	1
4749240	4749235	1
6375837	6375550	2
3326584	4264807	1
671972	671974	1
257899	366319	1
3300328	3300325	1
3996267	3996268	1
5692837	5692818	1
413522	412876	1
10399480	10289932	1
4679739	4679740	1
5974134	5974149	2
6030605	6030580	1
2382211	2382212	1
7151856	7151855	1
2573363	2573368	1
3593292	3547819	1
11416795	3027407	1
3630024	3629993	1
4385595	4407793	1
6106101	8405107	1
7280809	7280810	2
8941200	8941195	1
4264974	4264973	1
7780513	10896586	1
1976586	2094948	1
5655078	5655077	1
1284663	1284639	2
7183361	7183366	1
9633745	7172775	2
10218547	10218541	1
1697415	1697422	1
77741	7302025	1
2114621	2114290	2
5347120	5348169	1
1132402	1122355	1
12028766	12028769	1
4364502	4364853	1
6719343	6719461	3
8726734	8726733	1
11551906	11552368	1
3302553	3302554	2
10900111	10900099	1
1577102	1577099	1
656680	656679	3
3950160	3946331	2
4289964	4289954	1
152246	152245	1
1739049	1739052	2
2000296	2000295	1
8907778	8907775	1
10975976	10975285	1
12463694	12463693	2
5534118	5534124	2
382341	382600	2
2537337	2537338	1
8466672	8466683	2
2664190	2664189	1
6916268	6916280	1
1739460	1739038	1
2846179	2846180	1
7909559	7909560	3
10510866	10600880	3
3717305	3709511	1
752499	4504523	3
8364876	8364923	1
3233535	3233536	1
2656387	2629603	1
6209488	6209485	1
5534121	5534094	1
5377743	5377740	2
9111965	9111966	1
8049248	8049247	2
1804917	1804920	1
11748603	11748621	2
11625554	11625553	1
11576718	11576277	1
493079	483636	1
7272169	7271586	1
8440203	8440111	1
12017480	12017479	1
11962969	11961575	1
2156345	2152961	1
7041611	7041612	1
8335792	8336383	1
11689315	11688359	1
273346	273239	1
10439828	10420664	1
809530	809529	1
6893374	6893394	1
5971405	6178500	1
7256412	7256411	2
1391461	1390532	1
2336791	2336793	1
937166	937165	1
892520	891885	1
9481578	5914864	1
302123	5847177	1
10391725	10391738	1
662363	669033	1
6440331	6443230	1
11108858	11107229	2
12446876	12446896	1
11541746	11541743	1
8861359	8861360	1
1058204	1126175	1
5743278	5737947	1
7337989	7333754	1
6899129	6899132	1
854324	8582739	1
1830976	1831001	1
5444289	5444688	2
8440987	8440988	5
897370	897369	1
170354	169715	1
11064470	11064449	1
3820661	3820662	1
5813714	5813713	1
8009775	8009776	1
9668067	9668070	2
6236080	6223649	1
3734570	3724395	1
5427199	5427509	1
8517568	8517567	1
2306943	2307028	1
593715	593716	1
7280813	7280804	1
5809981	5810006	1
6770177	6767423	1
8334912	8334927	1
9064389	9069239	1
11884810	11884881	3
5822697	5822700	1
7965728	7965727	4
4369965	3329071	1
4195989	4196012	1
8000245	11336821	1
7953896	7954899	2
1593486	1591398	1
11352927	11353759	1
2695867	2695641	1
10920585	10914715	1
8565709	8565698	1
7446401	7446406	1
6686260	6686259	1
7418806	7418817	2
4708194	4711583	1
3509342	3509341	2
2405193	2405194	1
11257381	11257417	1
9526953	7098073	1
1389366	1389365	1
6719953	6720348	1
7446405	7446406	1
753531	753518	1
1867273	1865893	1
3246638	3246637	1
1996477	3731915	2
9715727	9715267	1
8972961	8972962	1
8441626	8441623	2
4115380	4115379	2
3320846	3320845	2
2019164	2010130	1
10880159	10880160	1
994374	994373	3
943170	943211	1
8799229	8799230	1
11022001	11022002	1
9588245	9588253	2
2579600	2574230	2
9524510	9528113	1
3403400	3415989	1
11166043	11166044	2
11706646	11705603	1
8023234	8023233	1
4115378	4115377	1
5493367	5493368	1
4087537	4087540	1
8005093	8004274	2
10743177	10743234	1
6036194	6036193	1
5737547	5737552	1
11239174	11238628	1
11083972	11083971	1
7367306	7367601	3
389541	391149	1
9164644	9164311	1
7553266	7553215	1
3086107	3086199	1
4696040	4696039	1
6686084	6686083	1
12649986	12650001	2
2665879	2666769	1
4601584	4601583	2
6929165	9533285	1
2590918	2590915	1
4139281	4139282	3
10059262	10057047	1
8744094	8744078	1
9581757	9581758	2
6869004	1159444	1
11134163	11132644	1
6300639	6300640	1
10517780	10518234	2
1181664	1181643	1
650720	652221	1
4247375	4246376	2
8867807	8867695	1
9814349	9814312	1
10742843	10724004	1
1536711	1573223	2
2444234	2554552	2
12205526	12205525	1
2000062	2000108	2
2263583	2264535	1
11765217	11765223	1
2689094	2689093	1
47313	47314	1
8437803	8437804	2
11761218	11761047	1
751483	749476	1
8437007	8437008	1
2245128	2245127	1
2475123	2475126	4
6101270	6101582	1
9021014	9022246	1
782671	782055	1
4256156	4256155	2
2667249	2668360	1
2083865	10218024	1
2475127	2475122	3
5234013	5233978	1
10167330	10164263	4
2889385	2888759	1
6157599	4789621	1
12130490	12130487	1
11127051	11127052	2
187774	187773	1
11292457	11292578	1
7492949	7492971	2
11388590	11388644	1
9823684	9823683	1
6024515	6026856	1
6020122	6026623	1
9241455	9309554	1
2510426	2510414	2
10496627	10496628	1
9190777	9104505	1
3531773	3534264	1
3006168	3006187	1
2538709	2538850	2
6888488	6888487	1
9788432	9789913	2
12046606	12046614	2
2993089	2992608	1
3658791	3658792	1
1972218	1972217	1
8886972	8887121	2
1046057	1046058	1
8276586	8272477	1
8697020	8697466	1
5658073	5658095	1
11477023	11477024	1
3463052	3463069	3
5444813	5444814	1
3561107	3634380	2
593702	593701	2
8375261	8374604	1
3195864	3214287	1
8180362	8180361	1
10363162	10363185	1
11217974	11220040	1
3404340	3404610	2
6049975	6049976	1
405983	405391	1
6346696	6346693	2
794321	794322	1
11158677	11158678	1
8788168	8788167	2
8110516	8081586	1
10756073	10756691	1
10464141	10464177	1
6852623	6852624	2
10781706	10781705	1
10208428	10208427	1
3167606	3167442	1
10738247	10738248	1
7805952	7806064	1
6316086	6316092	1
7986258	7986427	2
4688023	4688005	1
9707127	9705321	3
2417349	2415172	1
3615298	3615727	1
5747502	5747261	1
12287983	12287984	3
3107878	3107877	1
370114	370113	1
5747500	5747261	2
6697760	6697789	1
165135	165888	1
4865661	4865662	1
4677304	4686910	1
3398109	3398110	1
11525805	11525862	1
5252886	5248225	1
1741915	1741916	1
9081682	9081681	1
10363184	10363183	1
5637691	5637693	1
1971898	1971904	1
7347488	7347485	2
6796940	6790935	1
6044930	6044927	1
4087515	4087702	1
104967	104968	1
5838942	5838941	1
4919917	4920399	1
6670962	6670961	1
3390039	3875315	1
10738249	10738250	1
4441576	4441575	1
6686604	6689713	1
453253	453254	1
3358594	3358566	1
12765757	12765758	2
6676320	6676366	1
5356082	5356081	1
3133797	3132157	1
2677704	2677703	1
11779671	11780686	1
7206965	7206341	1
10738251	10738252	1
9162218	9162258	1
7815157	7815129	1
3708770	3708817	1
4834362	4834361	1
2267250	2266130	1
10921608	10921607	1
2749421	2749422	2
6416655	6415225	1
3256007	3255051	1
4111048	4111047	1
7109823	7109824	1
7605166	7605163	1
986051	986052	1
8052064	8052063	1
10598871	10598872	1
7648211	7648130	2
8582317	662201	1
3254370	3254369	2
3993953	3996484	1
4115378	4115259	1
5828478	5828482	1
5946101	5946102	1
3382805	3382806	1
2529005	2528485	1
6717408	6717507	1
10398378	10398377	1
4597087	2558989	1
4078277	4011989	1
869648	869647	2
9365935	9365936	1
8996968	8996598	1
10273711	10273712	2
6888493	6829937	1
3734616	3734615	1
231890	335282	1
4564824	4564823	1
8654639	8654489	1
11288979	11288980	3
11133748	4033789	1
6705037	6705038	1
751598	749477	1
3491153	3491180	1
7611717	7611718	1
7309710	7309709	1
7557928	7558840	3
6640617	6640618	1
4051805	4040987	1
1715454	1715457	1
2281215	2281221	1
3463054	3463053	4
650529	650532	1
11939557	11858600	1
3326230	3326229	2
1366815	1366817	1
4087348	4087347	1
2358606	2359513	1
3266645	3266646	2
3454656	3454828	1
3942955	3942956	2
4523858	4523857	1
12291346	12289594	1
9789428	9789441	2
11406504	11406503	1
4548129	4548132	2
10161025	10161026	1
1457543	1457544	1
8757077	8757080	1
3534585	3534616	1
180563	183232	1
11873476	9822035	1
615410	613982	1
9584919	9584906	3
9332409	9332425	1
6696539	6698630	1
4994289	5004906	1
7484673	7484674	1
6916844	6917095	1
9251105	9251157	1
12241480	12238224	1
5153286	5153320	1
6505409	6505410	2
7155567	7154980	1
1498985	1498988	1
12314998	10359266	3
776780	800548	1
7107611	7107502	1
1450024	1449435	2
5355424	619867	1
10831385	7722038	2
9586774	1458967	1
4014758	4014780	1
6809365	6800315	1
8692784	8712078	1
7408966	7410549	1
9770504	9772079	2
10052893	10051611	1
4004615	4004616	1
12409528	12409527	1
3105092	3105075	1
2164221	2217262	1
8698629	8698610	1
11338775	8000232	2
1449876	1476638	1
5831559	5831516	1
9792901	9792902	2
2881395	2881311	4
12356547	12348387	1
2886811	2886944	1
3739988	3739987	2
8493812	8498505	1
8605146	8605143	1
5635347	5635348	1
5787254	5787175	1
12226615	12226623	1
2293678	2293850	1
3144425	3144432	1
4568943	4568948	1
1375013	1127751	1
10394116	10394107	1
2144491	1849692	1
151644	151643	1
8575692	8575936	1
6552396	6552395	1
6193892	6194405	1
11878169	11663373	1
3923069	3923033	2
633452	633572	1
11936169	11936170	1
10376184	10376258	1
7476492	7475332	2
10869837	10869838	1
12121701	12121702	1
10933292	10933268	5
4005371	4005386	1
3359873	3359874	1
2228569	2232092	1
12445914	12445913	2
1184735	1184738	1
7280811	7280812	1
11807047	11807079	1
5695319	5694544	1
8395818	8395984	1
5789539	5790872	2
1003686	980193	2
2709109	2709110	1
10288261	10741776	4
1280093	1280122	1
4406343	4406073	1
5442945	5442762	1
2278484	2279602	1
6466600	6466624	1
4199704	4199703	1
7404995	7404996	1
7757474	7757482	1
10284336	10284335	2
12770413	12770675	1
3232566	3232565	2
7743657	7743658	1
2362649	2362655	2
2042487	2042490	1
11505161	11503539	1
10689736	10689548	1
792186	792274	1
11688505	11688506	1
3884700	3884699	1
12772067	12772068	1
8720483	8720486	1
812091	812092	1
3459863	3459864	1
8026215	8026216	1
5478787	5478886	1
3695028	3695074	1
8513365	8513366	1
825354	820878	1
6628088	6632271	1
10331594	10331419	1
8239235	8239236	1
7944298	7944297	1
5864722	5864725	1
5818637	5818638	1
9068169	9068165	1
7487077	7511256	2
7114908	7115236	1
10498497	10498456	1
7708185	7505628	3
2648964	2648991	1
8090888	8090887	3
6899136	6899135	2
7530966	11725253	1
9473406	9469889	1
794323	794324	1
8847083	8847084	1
9685944	1749844	1
10738253	10738254	1
1038919	1038922	1
2424305	2424306	1
12435183	12435142	1
3527087	3527103	1
3031448	3031439	1
11035377	11035351	1
8326842	8326851	1
377905	377812	1
4363372	6528608	1
10920581	10920584	2
53736	53735	1
10498569	10498457	1
3466970	3466969	1
1951445	1951446	1
8573971	8573705	2
11991941	11994236	1
5946097	5946098	1
370973	370115	1
9822027	9822035	1
786991	788735	1
6585963	6584395	1
9504431	9504363	3
4041818	4041817	1
442814	1650057	1
7206598	7206597	1
9790227	9790081	1
7006895	7007959	1
11562923	11562896	2
8529880	8529830	1
6100976	6100810	2
6152214	6152213	1
5333859	5333860	1
1724316	1724315	1
7361253	7362734	1
8568933	8571936	1
5349408	5348613	1
4004617	4004618	1
10084030	10084019	2
6720991	6720992	3
9691869	9691870	1
7743655	7743656	1
3181291	3181100	1
10920587	10914715	1
1033920	1033919	1
11766395	11766387	1
10350040	10348232	2
6691144	6689445	3
1628794	6487714	1
1532659	1532696	1
1613864	1614040	1
4009798	4009797	1
8814682	8814245	1
6134440	6134520	2
7862084	7862083	1
1093532	1101027	1
3368441	3368446	1
11480279	11480229	2
12009620	12009347	1
10741777	10741778	3
8603553	8612610	1
5356242	5356241	2
4129769	4129770	1
10410616	10410615	1
7264694	7258163	2
10224271	10224254	2
11078732	11083973	1
4870630	4877198	1
10448042	10447422	1
1347244	1345199	1
12616342	12616341	1
10296666	10297387	2
6477840	6477623	1
2226044	2225816	1
6111417	6505408	2
12289604	12275965	1
5926937	5926938	1
10655551	10655552	1
1725977	1725941	2
5606486	5606537	1
9971812	9971873	1
2148699	2148595	1
9309555	9309556	1
9754331	9754314	1
11159449	11159450	1
9075757	9075758	1
7944302	7944299	1
5196487	5196488	1
11853991	11854011	1
7878655	7878768	1
7771539	7770961	1
11043063	11043066	1
4122732	4122582	1
6125266	6123871	1
3043305	3043306	1
12369553	12369514	1
1332479	1331910	1
1985870	1984357	1
2264266	4222578	2
5507757	5507726	2
7516167	7516168	1
10301227	10750348	2
5356367	5356334	1
3852982	3852996	1
12775762	12775722	1
2881310	2881325	2
4253686	4275649	1
8170189	8174114	3
1591524	1594731	2
4048510	4048537	1
3549913	3548042	1
12663558	12663557	1
2772767	2773428	1
8388288	8401786	1
9094743	9094734	1
1028417	1028424	1
1659615	1659616	3
9693865	9693710	1
1981337	1981315	2
6375268	6381077	3
723164	723163	3
800015	800016	1
1129895	1135024	1
1795771	1795772	1
7151854	7151853	1
11624931	11625555	1
4077762	4077572	1
11812305	11812306	3
3564991	3564860	1
7855809	11282631	1
6349222	6349173	1
2883928	2883925	3
10920585	10920586	1
1984946	1984969	1
6343838	6343618	1
6916345	6916280	1
8904900	8899886	1
3900037	3899942	1
4948400	4948399	3
9240480	9240471	1
12715473	12686119	1
10530750	10612420	1
5553101	5553102	1
7782705	7658203	1
3324637	3326969	1
7936616	7936615	1
5970622	5970126	1
366537	266525	3
1252567	1252787	1
7751887	2221963	1
3557382	3557381	1
10408875	10408057	1
3307185	3309616	1
10568564	10568563	1
1697415	1697420	1
4483048	4484030	1
1132404	1132403	2
6535518	6535571	2
11094655	11094933	1
11788365	8837973	1
8766337	8766338	1
10031579	10032281	1
7400341	7436659	1
7840780	7842868	1
11762640	11761156	1
2573365	2573368	1
4812933	4812934	1
1730139	1730144	2
5572675	5572680	1
6358324	6358320	1
1083075	1084150	1
2594725	2594726	2
4855849	4855837	1
5196489	5196492	1
6272479	6456380	1
3135895	3127059	1
11991846	11989221	1
6549717	6374077	1
159854	159864	1
4776961	4776964	1
674917	674918	2
879732	879731	2
2143394	2142709	1
1577098	1574981	1
1919685	1919686	2
12689634	12690269	2
4544760	4535898	1
3617195	2017743	1
4842274	4843464	1
2383860	2383857	2
5320701	5317436	1
802589	803379	1
1249763	1248449	1
7112037	7112038	1
840303	840277	1
11445491	11445488	1
1934941	1935161	1
6515187	6515185	1
2555679	2555680	1
5503216	5503215	1
1715459	1715460	1
1089795	1089767	1
7780546	7781152	2
9479799	9479839	1
7599041	7598320	1
1396704	1392453	1
11882315	11881958	1
8807147	8807148	1
2042491	2049389	1
12529436	12529435	1
11288977	11288978	4
886490	886489	1
5282077	5354554	1
8990094	8990086	2
2348290	2348289	1
3286196	11764955	1
7349821	7349332	1
2490223	2490224	1
360350	360349	1
4691091	4691127	2
12351225	12351173	1
3570470	3570501	1
6607963	6607964	1
11159451	11159452	2
3524553	3523562	1
6670964	6670963	1
3524555	3523562	1
8416140	8416558	1
7955963	7955885	1
6193892	6193891	2
374339	272932	1
12777942	12784818	2
7985629	7985630	1
4948375	4948401	3
8527111	8527114	1
6592571	6591030	1
1523833	1523836	1
11365643	11368895	2
1659613	1659616	1
984224	983442	1
2072508	2071003	1
2488065	2488068	1
9854339	9854356	1
2900808	2901577	1
7260359	12344421	1
7151856	7151853	2
2018536	2018535	3
7631576	7631563	1
7837905	7837923	5
8603421	8603422	1
599175	787622	1
1184737	1184738	1
8673704	8673703	1
10829434	10829433	4
11740760	11740759	1
3786006	3779721	1
7160218	7163085	1
4113553	4122415	1
4857114	4857070	1
9163088	9163087	1
8052066	8052065	1
10386258	10386466	1
4018842	4018841	1
10814172	10814180	1
1739053	1739054	4
1883487	1883447	2
6096079	6096068	1
4787763	4788021	2
1878319	1878320	3
12433521	12433336	1
8568032	8569631	2
6114936	6119305	2
4608369	4608370	2
11562920	11562919	1
163242	163239	1
5923169	5923170	2
3909680	3909683	1
11341195	11341196	1
8581662	8574155	1
5919203	5919204	1
4121820	4121819	1
9491172	9491171	2
5864722	5863086	1
827353	827372	2
3208130	3208154	1
7590865	7590836	3
3312346	3311873	1
12662992	12662962	3
10574483	6048233	1
9081918	9087766	1
6897510	449210	1
1770068	1770074	1
12563466	12563277	1
9616763	9616764	1
7092834	7094043	1
8357061	8357252	1
9814349	9814350	1
5633673	5604033	1
3677337	3677083	1
10998795	10998761	3
5454281	5454282	1
5717594	5715997	1
5907523	5907480	1
12606189	12606193	1
12529778	12529437	3
7604537	7604637	1
7408968	7408967	1
1109242	1109241	1
1460227	1460262	1
8004291	8004292	1
11079387	11079382	1
1541388	1540763	1
6117866	6118104	1
8791027	8776736	1
10259402	10099255	1
7864013	7863689	1
2381297	2377434	2
10044645	10044564	1
3041870	3041654	1
3989070	3989106	1
9152299	7069619	1
633573	633798	1
1499592	1499609	1
10538748	10509533	1
1901053	1901044	1
11611452	11613173	1
2517603	2517604	1
7694597	12455047	1
10730569	10730577	1
3935725	3935726	1
4188416	5770611	2
8573371	8573372	2
3391269	3391295	1
8870115	8861304	1
4376744	4372386	1
8323573	8323574	1
3808863	3806081	1
4186528	4186525	1
10339544	10339543	1
7661593	7660823	1
11434559	11434111	1
4792851	6119927	1
5511031	5511612	1
6705010	6705009	1
7476090	7476089	1
954002	953701	1
5800936	5801360	1
6032934	6035186	1
12439015	12439016	1
8105222	8105219	1
1575647	1575648	1
7655989	7655990	1
1972216	1972189	1
11657696	11565050	1
9555923	9555924	2
11159447	11159448	1
5706340	5706337	2
5086695	5086696	2
10777330	10777329	1
8888121	8888122	1
12191163	12191200	1
2347345	2347348	1
8345206	8348243	1
10084017	10084018	1
1405606	1405605	1
4848730	4848727	1
11810548	11715928	1
1981467	1982351	1
8843257	8843258	1
1526796	1522136	1
10860024	10860023	2
47297	47312	1
3975736	3975750	1
963962	964154	1
5561427	5561449	1
2357778	2357777	1
4022859	4022617	1
10380629	10377004	1
3478603	3398108	1
9909604	9909603	1
6415224	6415223	2
3689367	3689368	1
8678166	8673705	1
1730139	1730142	1
10821122	10821106	1
6773981	6773982	1
1759490	1758567	1
9251137	9251159	1
8452304	8452301	2
10253716	10253723	1
1627722	1627721	2
7808906	5592920	1
3580754	3580753	1
6538373	6538374	1
8361840	8363543	2
7937773	7937774	1
7605774	7605824	1
4115376	4115259	1
6691144	6689447	3
6967161	7095500	1
2019334	2019333	1
11239698	11236494	1
5192407	5192309	1
5762842	5760994	1
5153321	5153322	1
7248524	7248523	1
2246477	2246506	3
1366544	1366543	1
6104561	6104562	2
4261461	4261098	1
1193094	1721621	1
10377644	10377927	1
1705227	1701049	1
2488063	2488064	1
10507744	10508702	1
3049747	3050442	2
11375105	11375106	1
5817330	5817329	1
8455537	8455538	1
6511423	6511428	2
1499555	1499525	1
11174654	11174653	1
5787005	5787006	1
7781153	7781156	1
8554198	8554197	1
12719636	12719635	2
2953826	2953761	1
8524805	8524780	1
7278622	7017318	1
2088478	2088477	1
8673702	8673701	1
2291709	2292126	1
3341241	3339576	1
4238725	4238726	2
217914	217437	1
12428274	12428271	1
2312856	2312870	1
1945447	1944641	1
3903049	3903050	1
11828929	11828930	1
994374	995603	1
3458743	3458744	2
7991227	7991228	1
8766339	8766340	1
4850811	4850812	1
6004108	3510963	1
1895347	1895348	2
1697413	1697414	3
8513386	8579551	2
7579133	7579134	4
9844694	9844693	2
10850762	10850761	1
11561339	11561356	1
1734562	1559967	2
5450173	5450174	2
3233642	3233534	1
827196	827202	1
2082149	2079260	1
9504429	9504430	3
9324220	1699959	2
2516379	2512016	1
8843259	8844269	1
8957754	8958085	1
1330638	1254149	1
9359442	9359441	1
7422854	7337041	1
12290514	12287982	3
4406343	4406344	1
5296516	5294040	1
5604044	5604030	1
2495175	2495683	1
1686632	1690324	1
6224416	6224415	1
1626511	1626512	2
8643323	8643328	2
3937484	3937471	1
5695612	5695691	2
8317233	8317270	2
1897641	1925740	1
1126221	1124755	2
2847504	2847503	1
9668067	9668068	1
3944571	3944572	1
11648709	11648661	1
1849532	1849531	1
1682159	1680575	2
1397067	1397081	2
4369050	4573828	1
7775512	7775511	1
1171440	1171345	2
8634105	8634108	2
10353635	10353636	1
4619961	4619949	1
12369515	12369516	1
7754536	7754535	1
8434852	8434851	1
6942287	6941419	1
2043926	2042530	1
3038567	3038686	1
8348545	8398041	1
4696042	4696041	1
2910205	3114350	1
4526535	4526536	1
1295872	1294772	1
8351258	8353877	2
6522025	6506505	1
4994291	4994330	2
5086693	5086696	1
633272	633266	1
10123463	1330274	1
7505629	7505630	2
8239237	8239224	1
5822697	5822698	2
7852310	7852531	1
10061078	10061077	1
7466098	7456169	1
355758	355638	1
1953745	1954306	1
4549036	4549563	1
2557904	2557462	1
4276095	4275565	1
6698417	6694421	1
12637716	12637715	1
9913289	9913313	1
4991535	4991901	2
4812874	4812932	2
9921440	9922732	1
12765603	12772071	1
10206663	10209981	1
1405593	1405598	2
10976877	10976888	1
8573376	8573370	2
9844692	9846049	2
2430974	2430977	1
12428270	12428269	1
412927	412874	1
6168059	6168087	1
10878170	10875572	1
3042671	3041439	1
10383075	10383155	1
6816376	6816350	1
8175699	8067772	1
6552394	6552393	1
7792319	7852625	1
6722592	6722599	1
7434463	7435033	1
2555681	2555684	1
3463089	3463094	1
4261135	4261136	1
8466676	8466675	2
9568030	9568027	1
2220429	2217517	1
8761866	8761887	1
3553662	3556541	1
807996	807995	3
11532077	11532142	1
10550115	10531700	1
7406769	10251835	1
7234558	7234547	1
7557199	7602809	1
12490465	12490395	2
11512957	11512952	2
9492410	9492409	1
9916878	9916877	1
8229654	8227662	1
4240288	4240287	1
635932	631770	1
10254382	10136842	1
7708180	7708179	1
8632945	8632012	1
9530520	9530519	2
2541275	2541749	1
1107353	1107003	1
1524008	1524007	1
4767643	4767675	1
6693044	6693043	1
5598667	5598357	1
11501124	11501853	1
11278669	11278670	1
2966793	8194357	1
8794647	8794652	2
4215695	4215898	1
2162837	2162838	2
9581759	9581599	2
10877614	10878776	2
7856856	7856855	1
5931603	5931635	1
5880447	5880441	1
1659613	1659614	1
10968018	10968306	1
9149158	9149155	1
11517548	11263955	2
12164256	12164255	1
9628230	9628327	1
2269964	2270336	1
1708322	1706668	1
1879363	1879366	1
3902102	3903579	2
9833363	9833364	1
11703399	11705804	1
1877741	1877742	1
12645555	12645633	1
10204132	10201264	4
10976889	10976890	1
2167582	2168716	1
2988484	2988666	1
12339138	12343023	1
11739737	11739738	1
11689313	11689314	1
4060352	4060491	1
7773784	7773783	2
2800007	2925670	2
11127051	11127054	1
6806061	6805132	1
1402229	1402230	1
3581948	3581971	1
3052761	3026298	1
12134700	12133567	1
2936136	2936126	1
9452977	9453321	1
9838022	9838021	3
11476916	11477022	2
2612467	2613083	1
227528	227527	1
11332823	11329358	1
10353383	10353634	1
10053499	10053095	2
4865663	4865664	1
6864504	6864474	2
12799577	12799578	1
3522660	3522535	1
6523251	6523199	1
4874237	4874127	1
6493718	6493717	1
918011	918012	2
2307721	2312491	1
12187988	12187987	1
10542510	10542509	1
6428714	6428713	1
9081179	9080734	1
5564449	5561448	1
2772689	2772690	1
8000370	8000413	1
3925363	3925865	1
6348674	6348671	1
9274162	9274161	1
6825715	6825336	1
941524	2245129	1
11113418	11120914	1
787623	787624	1
6441915	11386671	1
3496037	3495972	1
6929167	9533285	2
5894022	5894035	1
4767367	4767368	1
3689367	3690096	1
5507932	5507931	1
3095348	3098157	1
6916345	6916278	1
8602239	8602291	2
8323567	8323572	2
7688782	8066663	1
10389920	10388062	1
2847900	2850360	1
1460225	1460226	2
12124640	12124639	2
3739063	3739064	1
9966952	9966512	1
2018534	2018533	3
10342578	10342588	1
7768893	7768894	1
6343840	6343839	3
11779673	11780686	1
115303	115353	2
1878328	1878327	3
3041440	3041439	1
9267	9354	1
2374406	2357779	1
4122414	4122413	1
5881862	5882006	1
2417293	2415172	1
1463712	1463704	1
7277376	7276334	1
10227831	10227832	3
3421962	3421940	2
8237876	8237875	1
5790873	5790874	1
5357506	5357503	1
3288121	3288156	1
4261210	4261209	2
986462	986050	3
2886702	2883482	1
12183154	12183201	1
8575937	8575938	1
1519033	1519043	1
3877836	3776303	1
6124102	6124101	2
10118435	10138202	1
4660958	4665674	1
9306120	9301508	1
6374962	6375053	2
7751191	7747738	1
7405038	7404994	1
1240178	1239945	2
989292	989289	1
3317493	3317496	1
10755465	10755466	1
1691126	1444102	1
10461955	10461956	2
10348233	10348234	1
10006172	10006299	1
8515418	8515417	1
210906	207633	2
2558988	2558987	1
12627700	12627699	1
10824854	10824852	1
638741	638728	1
8885884	8890128	1
5361003	10299068	1
2116981	2112919	4
8062121	8063731	1
7904448	7875920	1
2811575	2811576	1
7991221	7991226	1
6925653	6926949	1
11174325	5735280	2
6899134	6899133	2
618413	613590	1
12148225	12147958	1
524518	524524	2
2045783	5380671	1
2244759	941489	1
906889	913197	1
10496592	10496591	1
7774092	7774091	1
1685636	1683192	1
7157065	7157068	1
2960464	2960456	1
628669	628970	1
1985872	1985871	2
1655682	1655681	1
11813439	11813184	1
1804917	1804918	4
376922	376921	1
5789539	5790874	1
7957668	7839016	1
6733303	6733304	1
9032895	9032896	1
10883392	10882786	1
9998175	9997406	1
11257416	11257415	1
12546016	12543965	1
9089651	9089961	1
5209999	5210000	1
4754325	4667467	1
7997355	7997356	1
4319340	4319648	1
9492219	9493378	2
1578159	10153581	1
4608933	4608679	1
5020951	5020954	1
2619137	2493322	1
5130833	10320552	1
8292286	8287017	1
7918785	7918928	1
1085540	7474746	1
4006996	4001222	1
2218762	2226130	1
10452376	10452375	1
152248	152247	1
8651973	8651974	1
8400890	8400898	1
591614	592943	1
9626124	9626175	1
532608	533164	2
7001576	7001575	1
10398400	10398381	4
554544	554113	1
4388890	4389150	1
1189775	1187803	1
3484410	3484409	2
3356585	3356097	1
675120	674916	1
11918449	11918575	1
6130204	6016178	1
4057380	4057372	2
2407565	2411740	1
8294337	8317609	1
9881738	9881737	1
1154263	1154266	1
9375550	9375548	1
9750563	9750373	2
1126170	1127767	2
11994392	11994391	1
11386670	11386669	1
11448293	11448294	1
7992588	7994077	1
10398380	10398379	1
1920170	1920915	4
1463707	1463708	2
9854458	9854384	1
12350997	12350998	1
298080	298079	1
7477337	7479181	1
10875324	10875323	1
3901370	3901368	1
9129133	9129134	1
11158679	11158680	1
3649252	3651445	1
3910374	3910373	1
10463196	10463448	1
4262905	4263116	1
9158846	9155053	1
5696767	5694654	1
11580525	11581882	1
4380614	4380613	1
9913312	9913311	1
413522	412874	2
9390669	9390670	1
8838935	8838936	1
7071254	7074332	1
4469650	2178107	1
8399543	8399544	3
8074091	8074043	1
11568055	11568030	1
12182826	12182825	1
3364928	3365125	1
9646143	9647187	1
4140169	4140170	1
2777981	2776915	3
2440677	2440672	1
1571148	1570305	1
12470079	12470071	2
5800124	5801213	2
8416018	8416017	1
7700091	7700092	1
5491139	5493360	2
12031594	12010215	2
4548129	4548130	2
8348547	8398041	2
5392521	5392522	1
11807493	7858717	1
12487749	12487750	1
9390669	9390672	1
1868632	1868631	1
11237032	11237002	1
941526	941525	2
6539067	6539172	1
3250333	3250334	1
9052591	9051077	1
11283111	11406502	2
10179954	10180895	1
1873392	1873482	1
10298203	10192298	1
2006156	2006178	1
9498234	4426320	1
5512615	5512616	1
7985589	7985590	1
5585642	11424882	1
423992	424490	1
1739956	1741914	2
9142159	9142160	1
11612912	11612948	3
4012686	4012685	1
2444234	2554550	1
12649388	12648108	1
2384054	2384053	1
890107	890225	2
2703953	2697857	2
10782227	10782228	2
350610	347678	1
11373508	11361745	1
5354993	5407059	1
4057373	4057374	1
11485568	11486454	1
3988271	3988272	1
2811575	2811578	1
9163090	9163089	1
5420775	5420752	1
9252161	9252162	1
10520344	10548114	1
6055906	6055903	1
9530570	9530521	1
4628499	4628500	1
5758024	5758005	5
2851023	2892140	1
995602	995601	4
2908244	2908243	3
4140012	4140011	1
1397083	1397084	1
4575970	4575969	3
338753	338754	2
10036156	10035117	1
10411607	5355418	1
7777245	7777246	1
8793125	8793930	1
5362241	5362242	2
11174417	11174418	1
7475101	7468258	1
3102331	3102332	3
9354210	9354209	3
983620	985766	1
650818	650821	1
8018128	8018131	1
656678	656677	2
3510958	3510957	1
12314638	12317991	1
10409747	10414235	1
680770	680769	2
4619404	4802220	1
2445407	2445408	1
11129911	11129786	1
6381244	6453814	1
11543711	11543831	1
599189	599192	1
12692519	12692752	2
7379293	7272734	1
8903187	8903431	1
11833740	11833419	1
6129598	6129500	1
6732992	6731631	2
6011640	11241325	1
1659611	1659612	2
4227883	4229321	2
10075872	10075707	1
6649679	6649680	1
1878317	1878318	2
8761868	8761867	1
5473090	5473024	4
5956846	5956766	2
1455816	1455815	2
7685027	7685028	2
6144814	6144811	1
2463052	2463051	1
7193270	427587	1
5764258	2033182	1
7455003	7454987	1
973247	973248	2
630298	630295	1
11816643	11926911	1
12054112	12054111	1
7903059	7876839	1
10915346	10915123	1
8165810	8167465	1
7579135	7579136	3
1686634	1686633	1
12167519	12167824	1
1496760	1496759	1
2232064	2232093	1
680768	680767	2
6391405	6391406	1
2488069	6539563	1
11709385	533107	1
8382075	8382142	1
1985142	1985164	1
8974797	8974232	1
6380626	6380714	2
1432250	1432249	1
9664501	9664676	2
10396055	10396885	1
3372919	3373085	1
9137538	9137499	1
6800316	6800315	1
3141248	3141247	1
10218546	10218545	1
1463712	1463708	1
10461955	10461959	1
6735035	6735036	2
9119665	48939	1
1216646	1220692	1
5130540	5130548	1
3797344	3797388	1
8036745	8034895	2
6132049	6132050	1
11183005	9474645	1
9520455	9522948	1
3267620	9136578	1
3246636	3246635	1
5418378	5418377	1
2019338	2019337	1
9171404	9174501	1
10506086	10508054	2
2358120	2358117	1
3726427	3726289	2
3690271	3690292	1
8317231	8317232	2
5003761	5004531	1
10006170	10006299	1
11102861	11102862	1
7953345	7953355	1
1662681	1662682	2
10508420	10508419	1
6051870	6051867	2
5418380	5418379	1
9559747	9559694	1
1468495	1491926	1
776265	776053	1
5577607	7916345	3
4690695	4690696	1
10508418	10508417	1
8779732	8779305	1
387768	389538	1
5177481	5177511	1
9500285	9500286	1
4851555	4851591	1
2939560	2939559	1
6032184	6032177	1
3291207	3291149	3
5832189	5832223	1
4588367	2173545	2
11257381	11257415	2
6416655	6415223	1
9552845	9553037	1
4481307	4481426	1
5443524	5443509	1
11234949	11237321	1
7956898	8560371	1
12366008	12366039	1
883030	6375291	1
5863087	5863088	1
5522700	5523128	2
535095	534313	1
4716753	4716754	1
11294851	11296926	1
5197405	5197411	1
6032932	6035186	2
6359924	3507749	1
2692808	2692271	1
8863872	8863869	2
1606677	1606684	1
6807881	6807882	1
233899	233900	2
6193890	6194405	2
4108817	4109546	2
9769342	9769341	1
2457041	2302134	1
9099426	9099425	2
2731269	2721169	1
7432243	7433040	1
12313991	12314082	1
3903615	3900651	1
6147260	6147230	1
11014342	11014341	1
8531802	8531799	3
632565	632568	1
1160068	1157911	1
6428712	6428711	1
2428952	2435629	1
4994287	4994274	1
1534592	1534591	1
7700089	7700090	2
7008507	656677	1
11121248	11121247	1
7355874	7355873	1
12688270	12688269	1
10563522	10563521	2
10375870	10375874	1
9568237	9586783	2
11050375	11051132	1
6391407	6391408	1
2296181	2296193	1
798914	797274	1
5225466	5225465	1
6791212	6790311	2
3150977	3150978	1
8607321	8606075	1
7912863	7912951	1
11757240	11757245	1
6145499	6145500	2
12198029	12199550	1
12352793	12352794	1
6371833	6371868	1
6806059	6806060	1
6066807	6070500	1
1101888	1101887	2
9251162	9251159	1
1087727	1879289	1
5811169	5811920	1
4787763	4788019	1
8680484	8680509	1
3934186	3933481	2
1972515	1972518	1
8455455	8456677	2
2811577	2811578	1
8534271	8534751	1
8396152	8396182	1
5891026	5891025	1
12171333	12171311	2
7924465	7924154	1
10613550	10613648	1
10208426	10208396	1
10727629	10727630	1
6144814	6144813	1
3681054	3681713	2
10747931	10747907	1
11576278	11576277	1
9742754	9742751	1
12775723	12775724	1
5152315	5152325	1
8588283	8588286	1
8779059	8799228	3
1451614	1451166	1
8847085	10883569	1
4178860	4178859	1
12228893	12228894	1
1457383	1543877	1
3999669	3999670	1
1109240	1109239	1
11003715	4660352	1
3150979	3150980	1
5914863	9481579	1
2484317	2484107	1
3052737	10062905	1
380043	379182	1
1463705	1463706	1
5086697	5086003	2
5305411	5315851	1
8863874	8863873	3
2307073	2307074	1
2374406	2357777	1
6367567	6367572	1
4229190	4229189	1
10208421	10208176	1
11516748	11516745	2
5456698	5463270	1
9324221	9324331	2
10220075	10219859	1
9351668	9345834	1
3260147	9453217	1
3551243	3551244	1
6233667	6232473	1
11147434	11146601	1
681469	686190	1
11558683	11558684	1
7381523	7381524	1
2430032	2430132	1
9101828	4015356	1
4044920	4044933	1
10976876	10976875	2
11727869	11728400	1
11422614	11422613	1
3885705	3885706	1
5420771	5420556	2
36723	36011	1
5851363	5850757	1
3358334	3358954	1
10513042	10513041	1
6124104	6124103	1
4853969	4853970	1
3925020	3923028	1
8006913	8006502	2
6735077	6735036	1
11562627	11562630	1
2447257	2556874	1
6897852	6897848	1
11422616	11422615	1
3790589	3797426	1
4025063	4025064	1
2613725	2611946	1
11005962	11006091	1
8254553	8254538	1
9079937	9079953	1
8763482	8765208	1
8894200	8893042	1
10987694	10987693	2
2430131	2430132	2
656150	654514	1
3960910	3960915	2
12423837	12423838	1
7280042	7281077	1
1972515	1972520	1
4108819	4109546	1
9320622	9320600	1
9164310	9164309	1
1504902	1504733	1
2561609	2561776	2
4526537	4526538	1
10548792	10548791	2
9063235	9063236	2
11180690	11174662	1
2018172	2018160	1
10378539	10379256	1
6402724	6402723	3
8546812	6532470	3
7815580	6495481	1
2020526	2020777	1
8010583	8010604	1
6054286	6054285	3
1348689	672652	1
12731376	12731460	2
1526798	1526797	1
2609829	2212573	1
9354113	9354116	1
2584887	2584888	1
9244283	9248705	1
9129135	9129136	1
5162323	5162324	1
1919683	1919684	2
8225316	8226296	1
5569250	5569249	2
10124925	10124928	1
4552524	4552523	1
2001043	2002069	1
12627455	12627456	1
2358566	2358542	2
7406113	7406193	1
344114	344217	1
12426580	12426577	1
7766994	7767544	1
9329651	9356095	2
11561632	11569389	1
7045966	7038372	1
3884694	3884693	2
10839701	10841504	1
2562387	2367378	1
10497126	10497706	1
8217124	479623	1
346557	346558	1
9536915	9536916	1
1020980	1023748	1
6157218	6162364	1
9190775	9190776	1
5230894	5230893	1
1850688	1850687	1
8884476	6033968	1
7745204	7745201	2
6969963	6920868	1
11749458	11749457	1
6516556	6517865	3
5606770	5606769	3
6446233	6440330	1
2839383	2836142	1
3506974	3507005	3
8549831	8545375	1
934334	934333	1
10324853	10324854	1
1962373	1962664	1
6351292	6324718	1
3484418	3484417	1
1184735	1184736	1
5736635	8668573	1
6916279	6916280	1
8015867	8015868	1
11357547	11357629	1
5914861	5914862	3
10600017	10600085	1
6081810	6086132	1
7279858	1280006	1
4178858	4178514	1
1599100	1599106	1
1878326	1878323	3
11127411	11074578	1
11327514	11327034	2
10900886	10900885	1
6839132	7153101	1
12329237	12329238	1
12435143	12435144	1
233530	232460	2
628177	617968	2
2600644	2600643	1
5946099	5946100	1
6030456	6030453	3
8719726	8719725	1
12573944	12573251	1
6788010	6793605	1
6916268	6916344	2
1670838	1671834	2
5818404	5818403	1
4347673	4347676	1
2259440	2259437	1
9329650	9331487	2
10685953	10697021	1
8879687	8879688	4
6705054	6705011	1
5474805	5474806	1
1374404	1374445	1
12640085	12640094	1
3042671	3041441	1
12268740	12268746	1
12017478	12017477	1
7092025	7092026	1
12769303	12766271	1
8178032	8178064	2
3003601	2998136	1
6119304	6119303	1
4575856	4575841	1
3038269	3038270	1
440993	441004	3
2866975	2866958	1
4702137	4700651	2
12522742	12520943	1
3914510	3914228	1
3351925	3351929	1
308343	308344	1
8554253	8554577	2
10584119	10585594	1
6950688	6950994	1
6825717	6825336	1
8903652	8903651	1
11626308	11627056	2
6689446	6689445	2
4985826	4984887	1
2852534	2849155	1
11570103	11570104	1
7037942	7041610	1
6583512	6583601	1
3750325	3749808	1
2554551	2554552	1
6793084	6793608	1
6840114	6840110	2
2571817	2571737	1
4367496	3325608	1
3484408	3484449	1
5770966	5770965	1
11863482	11861017	1
5966625	6093705	1
8397942	8397941	1
4707592	4707327	1
7655987	7655988	1
10878168	10875572	1
8439304	8439360	1
3802993	3802852	1
12471586	10538485	1
5353141	5353544	1
2849154	2849153	1
1009668	1008334	2
8078921	8078914	1
2020774	2020773	1
10802415	7736393	2
324848	324695	1
6544566	6549536	1
12009346	12009343	1
6694420	6694419	1
259220	259267	1
8555223	8555224	1
8582134	8582133	1
7317692	7317691	1
2254956	2253802	1
11304242	11304241	1
11516744	11516772	2
5952867	5952868	1
6609077	6609078	2
12305014	12301168	1
1580978	1580981	1
3540175	3538530	1
4228439	4229182	2
7980629	7980630	1
5321495	5321488	1
4739905	4740686	1
11902151	11781245	1
10364735	10364568	2
1914393	1917033	1
5710502	5710508	1
8108917	8108918	1
12430984	12431115	2
8701858	8701844	1
8779057	8779058	3
778020	778019	2
4446767	4446768	1
6873769	6432455	1
4853989	4552525	1
9511593	9511594	1
1755891	1755898	1
12327430	12509856	2
4140768	4140019	1
655723	655726	1
1406075	1406076	2
8846859	8846860	3
9063237	9063238	2
7534935	7534936	1
8602543	8604135	1
3799558	3799557	3
6950995	6950996	1
7092027	7092028	1
5442546	5438937	1
59480	29429	1
8154878	8155119	1
11831279	11833736	1
7143910	7143888	1
12041930	12041929	1
9866721	9866763	2
4171612	4171611	3
17368	17367	1
4025065	4025066	1
3087987	3085007	1
8692786	8692785	1
5186567	5186568	1
12800142	12800141	1
11370539	7603129	1
7946526	7946525	2
12125021	12125022	1
2537355	2537336	1
10282712	10284451	2
7326865	7324673	1
921366	918022	1
5609002	5609001	1
3559368	3559044	1
10444459	10444480	1
11728959	7789967	4
4015025	4015026	1
2191359	2191360	1
8871585	8871049	1
1301153	1301340	1
10450271	10450499	1
10655553	10655452	1
7398752	7397653	1
3017387	10055815	1
3056803	3056804	1
1496758	1496755	1
7655987	7655990	1
10932950	10931385	1
10174360	10173921	1
3326747	3324429	1
6262	6265	1
10933259	10933269	2
1112381	1112384	1
7728917	10887157	1
3415061	3425558	1
