fend1	fend2	count
2853372	2853448	1
3276057	9391788	1
3429402	3429401	2
5588192	11287147	1
5441299	5439456	1
418891	418894	2
4708381	4708372	1
6908817	6908818	3
9574089	9574092	2
9979770	9979769	1
593780	593775	1
9161228	9161231	1
4295382	4293291	2
11586504	11586502	1
10389003	10389004	6
1717605	1717625	1
6549936	6549935	1
439698	439697	2
1534798	1534797	3
4817265	4817268	1
1671126	1671367	2
10318217	10318220	1
8296732	8296729	1
6119542	6119541	1
1795566	1795563	1
5907050	5907049	1
12324394	12324247	1
10704157	10704158	1
1263056	341614	1
8866680	6488837	1
11515181	11515182	1
4736716	4736713	1
11911471	11910823	1
7470977	7470980	1
2067143	2066446	1
12401752	12401751	1
7720608	7721404	1
11935047	11935048	5
12615323	12615324	1
2355761	2355762	2
5670453	5670454	1
443909	443910	1
1438287	1438288	3
7433149	7433150	1
4069776	4069775	1
10173919	10173794	1
4288875	4288878	1
10565523	10562350	2
4619752	4619751	1
197532	197512	1
4559562	5051062	1
6531821	6531818	1
9804484	9804488	1
11521080	11521125	1
10104232	10104226	1
2877762	2877761	1
11753435	11831369	1
129200	129199	1
5300687	5300688	2
1478497	1478498	1
2051380	3938091	1
4330747	5494557	1
7353001	7353002	1
11505145	11506494	2
34809	34810	2
4293290	4293287	1
6792787	6658994	2
10572459	10683375	1
8474811	8473986	1
3286817	3286818	2
4336720	4336719	3
10415501	10742002	3
6424325	6424326	2
7971183	7971184	1
6919673	7200246	3
1397099	1396856	4
6449652	6449651	1
4687380	4687383	1
769690	604136	1
4359786	4359734	1
3975498	9396446	2
1864080	1858039	1
4052486	4052718	1
6233822	6233772	2
10095368	10219736	1
10283080	10283079	1
10256181	10256182	2
4987204	5290123	2
10717439	10717440	1
5084174	5084173	1
11601243	11601244	2
1473225	1473226	2
3808395	3808396	1
7758592	7758591	1
6566080	6555470	1
5751246	5751245	1
10509633	10509634	1
1608953	1740538	2
12797734	12797716	1
10290764	10290763	1
6846456	6818541	2
7811034	7811033	2
11415008	11415064	1
1324354	1325496	6
10027546	10014029	1
5262548	5262547	1
5637580	5637577	2
11940769	11185265	1
505176	505175	1
1673288	1673287	2
593778	593775	3
4530372	4530371	1
8449335	8449290	1
11004211	11037829	1
4550051	4550107	1
11509322	11509548	5
1333024	1333023	1
10298624	10298657	3
10752260	10752259	1
4606492	4606650	1
5549272	5549271	2
2600176	2597420	3
1220965	1220966	1
7869771	7868808	1
7649016	7700737	1
4474907	4474684	1
11958812	12318278	1
10550932	10550973	1
6051052	7218777	1
8449337	8449290	1
6508853	6508855	2
1329982	1329981	1
5820125	5820237	1
6104027	6104028	3
10506447	10506462	2
8865372	8865472	1
4640129	11295105	1
4254982	4322681	1
141478	141477	1
5867472	5867471	1
2349823	2349824	2
1861887	1862568	1
4482380	4482315	1
12016825	12016826	2
11871594	11871591	3
6331513	6331514	3
12201051	12196413	1
3507566	3507565	1
1585011	1585132	1
7647328	7679957	2
6883687	6885275	2
4033660	4002798	3
1059030	1059029	2
8996232	8996248	3
3366929	3366930	1
4547102	4547101	1
8631068	8631067	2
7898658	7897467	1
11206354	11206327	1
8225947	8225948	1
4994893	4994894	3
2451840	2448538	1
8831060	8832414	1
3596983	3596964	1
3685039	3479167	1
2976664	2976663	3
778646	778645	1
8760883	8758155	1
9621042	9621041	3
9477610	9477645	1
3616423	3616428	1
336952	336951	3
4789192	4579079	1
384083	384090	1
7137784	7137783	1
966763	966764	1
10268605	10268606	1
295863	297982	1
10748910	10748909	1
2120733	2123694	1
342975	342988	1
7665156	7665073	1
3739101	3739102	1
7720931	7664879	1
6039163	5961631	1
12176562	12176561	1
10988147	10988148	3
10677483	10677518	1
9843304	9843138	1
59892	59891	1
1321310	1321295	1
9895101	9895087	1
5834010	5834009	1
12167541	12167542	1
196333	196363	1
11730330	11730329	1
8858298	8858257	1
6184843	6114291	1
3236490	2903437	2
8045378	2357112	1
6887971	6425058	1
1100255	1100258	1
2539988	2539987	1
11777923	11777924	1
4002799	4002800	2
665940	665939	1
9542623	9542624	1
4143052	4143051	3
10291240	10291239	2
4065697	4005828	1
3523538	3523537	2
6067093	6067096	2
9867119	9867120	1
9669112	9668556	2
5360463	5363824	1
9896512	9896511	2
4530198	4530248	1
9027714	9027620	1
7455884	7455883	1
12244425	12244426	1
9361350	9361749	1
9421111	9421112	2
756017	756018	4
343393	343396	1
4052019	4052022	2
12297383	12297384	2
10920916	10921013	1
6095592	6095591	1
11287148	11287147	3
3419353	3419354	2
11981457	11725135	1
1040702	1040699	1
4010408	4010407	1
9045424	9045289	1
7811278	7811277	4
2176996	2894775	1
11415688	11415685	3
1890210	1890209	2
468109	468050	1
1177600	1177599	1
6390171	6390172	1
7454860	7459421	1
2469725	2469726	1
11423333	11423255	2
8512739	8512740	2
1998626	2023902	1
5877910	5877909	1
6725067	7349137	2
9927433	9927472	1
5885451	5885420	2
7883057	7883058	1
12744995	12550622	1
9623429	9623430	1
3770509	3771153	1
7756934	10165308	1
785697	785699	2
8524621	8524579	1
5018183	5018186	1
7462601	7462602	2
9850616	9850615	1
1606147	1606148	2
7858950	7858945	1
361941	361930	1
8871025	8874681	1
7638259	7668041	2
11601239	11601240	2
1652050	1652087	3
9538048	6232960	1
5600659	5600698	1
10636712	10636711	1
7161345	7087179	1
9161501	9161598	1
10288234	10288233	1
4550108	4550107	1
66679	66680	1
2725320	2725317	1
9635113	9635114	2
10941417	10941418	1
826466	771345	1
4237864	4237863	1
12511249	12511250	1
7890241	7890242	2
8758006	8760717	1
10632775	10571462	1
10422157	10421942	1
11164128	11164127	2
8732768	8732767	2
9686981	9685518	1
10033969	10039514	1
6898298	6898293	1
3087436	3087439	1
5606302	5606308	1
2491620	2545286	1
3313282	3313304	1
5749239	4827296	1
3733173	3735103	1
11212341	11208724	1
4478718	4478717	1
10950285	10944039	1
5993248	5993247	3
9114194	9113412	1
9090851	9172702	3
967039	967040	1
4333080	9412470	2
6946122	6946121	1
10074217	10237913	2
7031004	7031003	1
4689100	4689099	1
6158969	6158973	1
8829234	8829231	2
11436231	11434401	1
10401153	10498303	1
12639748	12639747	2
9506843	9506844	1
12676448	12676259	1
5681613	5681614	1
3518366	3518365	2
3203654	3203653	2
8062348	8062347	1
11103138	11923463	1
9349914	9556267	2
150848	337137	1
8357744	8357658	2
3480680	3480679	1
4261827	4261830	1
4255318	6439795	1
7685306	7662220	2
6253649	3704666	1
910538	910541	1
6383022	6383065	1
1628526	1628528	2
1567639	1567640	1
7614780	7621248	1
10592022	10592028	1
1092462	1092453	1
6866670	6866669	1
387074	387073	9
4767501	4767502	3
5163961	5224257	1
9018614	9001746	1
9143973	9175370	1
6407526	6408103	3
8225949	8225950	1
6744807	6360981	1
12151367	12151368	1
6521106	6521105	1
5537231	5536553	1
1152102	1152101	1
152171	152172	1
7574903	7575305	1
11870950	11880698	2
3586219	3586200	1
2066349	2066350	3
3775236	3782308	1
4582699	4582712	1
7649016	7700735	1
12670255	12670281	1
12224840	7026041	3
1299047	1364563	1
219159	219160	1
11928044	11942531	1
10511198	10511197	1
11903810	11904407	1
6793159	6596966	1
4619750	4619753	1
3687429	3687430	1
9166303	9166316	1
6061208	5984112	2
7836687	7836688	3
2005615	2005616	1
11038588	11038587	2
8504735	8504736	1
2491757	2491758	1
3209785	3209786	1
975686	975716	1
5378460	5378011	1
2873554	2873553	1
6494749	4357117	1
3055419	1080241	1
11435271	11435294	2
10302676	10302673	1
12236343	12236344	1
8174276	8174271	2
6799271	6797913	5
11255211	11255633	1
3081659	3081660	1
4286506	4291693	1
2780293	2780140	1
8711815	8711816	1
2998039	2264519	1
7107007	7107008	2
3466239	3465738	1
11062276	10810693	1
6833679	6836874	2
4956558	4956654	1
9514982	9514981	3
10291242	10291241	2
6073959	6115281	1
2835621	2835665	2
696004	695976	1
6847411	6978089	1
4049787	4049788	2
1335916	1335897	2
10117929	10117930	2
5353533	5353534	4
5221383	5224104	1
4100775	8967540	1
9851950	9856551	2
8335261	8335262	1
11636012	11573392	1
9243021	9243022	1
6416604	6413956	1
5562275	5564037	1
8285370	8283864	2
1228746	1228745	1
6483837	6484405	1
9445783	644780	1
7223183	7210771	1
8083103	8083104	2
2020128	2012305	2
622225	621883	1
9431750	9461814	4
10430541	10430546	3
6403335	6396628	2
10656695	10658901	1
11955954	11955953	1
2430884	2430871	2
12254908	12254911	1
10854640	10854639	1
1089325	1089382	1
7081954	7081952	1
6497881	8652787	1
2078849	2078850	1
5096023	5095824	5
6741926	6742737	1
4054775	4054781	2
7879786	7879785	1
9940782	9938722	1
3141103	3377790	4
10112432	10112464	1
2395294	2398341	1
4584709	4550658	1
155137	154565	1
6147810	5893374	2
4005829	4005830	1
7330303	7302987	1
5415877	5414572	3
5562156	5562153	1
11546237	4112508	1
5164365	5224567	1
9673048	9673047	3
10134170	10971484	3
5712413	5712414	3
6706327	6706328	2
2041225	1954332	2
10068186	10068733	1
12753830	12753829	2
2430903	2524161	2
7972242	7972241	1
2596532	2596531	3
9509262	9500834	2
2827340	2827963	1
5262552	5262549	1
783990	783987	1
1868487	1868651	2
11322415	11322416	1
12149733	182705	2
8300482	9781057	2
9097735	6274095	2
8065752	8065755	1
351044	351043	1
2193981	2194251	1
4031912	1347601	1
8630902	8817902	2
9471652	9471651	1
9114192	9113412	4
12198223	11999828	1
12493339	12252675	1
12318968	12318964	2
6180170	6180169	2
4257694	4257767	2
5560553	5561285	1
2126546	2126545	3
6874302	6874301	2
4189069	4252888	3
6238178	6238190	1
12445944	12445940	1
983477	983478	1
3752503	3709397	1
9312538	9312537	2
11482568	11482588	1
10813409	10813410	1
2282620	2282623	1
9366170	10780333	1
7189737	7189738	1
966765	966766	2
3719069	3719070	1
12273839	12380234	1
4926583	4926112	1
2307014	2304824	1
1833915	1833916	4
4052019	4052020	1
4047759	421202	1
11766953	11766954	2
658517	657655	1
11171580	11171579	1
5421353	5421354	1
5576482	5576481	1
9583020	9584704	1
1091543	5688680	2
4068861	2906757	3
5262299	5262300	1
8163740	8163739	1
9007910	9007907	2
737924	737923	1
6787418	6359513	1
3312512	3312511	1
2359306	2359305	3
4776086	4776085	2
5656438	2892184	3
4802002	4801998	2
10484985	10484986	1
5606704	5606721	1
2522875	2349856	1
10131035	10131036	1
8966309	8966312	1
300925	300926	2
144494	191104	2
1131458	1131455	1
7858944	7858943	2
4024638	4024635	1
7748051	4054383	1
11814276	11814275	1
1673294	1673287	1
97296	97295	1
4597960	4587282	1
4701415	4701339	1
207809	192826	1
5073030	7240780	2
3974349	3974350	1
341636	341635	3
388923	388926	2
7492554	7492553	3
7720933	7664879	1
2796426	2796957	1
8377196	8377156	1
10626592	5392042	1
7926639	7719411	1
4052154	4052022	1
1721882	1721862	2
6104025	6104028	1
1287641	1287644	1
12502172	12502171	2
1472509	1472510	1
10909894	10909537	2
1326224	1333546	1
9147933	9147934	1
3302832	3302831	1
6883686	6885267	2
10761990	10760789	2
9296343	9296344	1
8449992	8449991	4
3425843	3425844	2
1499316	1499315	1
3825160	3815042	1
4994895	4994896	1
950433	950434	1
6677431	6678433	1
11274819	11444075	1
5536850	5536849	3
7932378	7732234	1
3166121	3159476	1
2975052	2975048	2
5562154	5562153	3
10838937	10838940	1
2187849	2183830	1
1889227	1888812	1
6079206	6079205	1
11679991	11680213	1
3863953	3863954	2
8210884	8266405	1
10648559	10766155	1
2380997	2381017	2
9740457	671294	1
2940327	2941749	1
2673056	7491004	1
7222606	7222572	1
3422971	3422969	1
10316638	10316637	2
9314866	3319165	1
2877758	2877761	1
9822243	4331928	1
6656829	6656830	1
1317486	1317483	1
103570	103594	1
10023335	10023213	1
1872805	1872826	1
196941	201436	1
2967450	2963505	1
10762322	10762484	2
3866819	3545687	2
11322415	11322418	1
6096662	6096661	1
6847258	6847240	3
2309031	2309032	1
1651871	1531071	2
6345110	6343580	1
4107413	4107414	1
9666342	9708508	1
7907540	7906670	1
9312723	9312724	3
10389005	10386134	3
2374303	11688928	1
10758651	10758652	2
311525	528885	1
10597383	10597384	1
8998898	8998897	3
7896768	7898328	2
1330001	1329983	2
10807814	10935817	3
3769363	3761791	4
2377452	2370671	1
3675225	3675241	1
10354283	10354286	1
5235331	5233248	2
9089278	9089277	1
908518	908506	1
12392781	12260624	1
7872437	7872438	2
5360680	5364046	3
1636344	1641513	1
12049206	12298216	1
859710	859709	1
10824764	10824776	1
2818280	2818279	1
81478	81477	2
374205	374206	2
3625769	3658339	2
9070173	8947949	1
5436715	5436716	1
1657238	1657292	4
9069903	9069908	1
852378	852306	1
975684	975716	1
8583554	8413572	1
1154282	1154281	1
6670775	6670776	2
11099132	11101366	1
6090358	6140213	1
3011716	3011715	2
3536162	3536148	1
7964699	8031098	1
12426532	12426531	1
6243306	6243298	3
9622149	9622152	1
10450626	10450623	1
4680630	4680629	4
3197298	4052718	2
9530785	9530786	1
7974086	9352266	2
6424327	6424328	2
7352620	7352994	1
12262419	12262420	1
5550823	5289142	2
9696529	9673049	2
10592022	10592026	3
10906615	10906065	2
11327157	11327182	1
1013551	1010393	1
7653003	7653017	3
11344112	11344111	2
11636010	11573392	1
3626793	3626794	1
9634310	9634309	1
7854319	7854320	2
4745012	4750181	1
10515371	10532888	2
1995747	2964976	1
638250	638247	2
12320049	12320050	5
3429404	3429401	1
10754081	10754084	1
7991889	7991964	1
10308832	10308809	1
10662183	10480095	1
8707620	8707619	3
3999279	4054865	1
11909248	11909530	1
11894926	11894925	1
11734012	11734536	1
4343678	4338116	1
12401130	12401753	3
3927280	5550959	1
6274171	6274181	1
4997232	4997227	1
4744946	4744950	1
11593094	11593091	1
10450626	10450625	2
7668648	7667125	1
10011538	10011514	3
5150458	5142457	1
11430393	11430394	1
2774085	2784762	3
6307790	6300118	1
7351644	7351642	1
1666413	1664098	2
5804325	5807602	2
10218285	10218364	2
11257872	11257871	1
11203689	11203690	1
9769315	9768646	1
2285483	2285403	1
1633191	1633192	1
1022800	2733952	1
5954405	5954408	5
6908819	6851975	1
6861378	6880331	2
7409778	7409777	3
9085790	9085789	1
9652028	9652027	1
6313997	6313998	1
6752082	6752081	1
6813028	6813027	1
1285322	1285321	1
5048135	5564379	2
7446428	7446483	1
3868257	3868260	1
9796910	9777767	1
4388754	4388753	2
9589970	9589037	3
8367639	8367640	1
9652026	9652012	1
6631845	6631871	1
11596136	8280624	1
10647726	10647684	1
12623998	12623997	3
12448308	12448299	2
228149	228150	1
2511857	2511862	1
4657327	4853383	1
4283807	4283865	1
11593096	11593095	3
2596535	2596536	2
12320049	12320054	1
1617036	1617035	1
10063320	10063319	3
11663826	11663793	1
2983140	2983127	2
7991965	7991968	1
7441924	7441897	1
3241500	3242301	1
79747	6679348	1
8029125	1762293	1
5555505	5555358	1
7099635	7158319	1
8821282	10909537	1
11421057	11421058	1
4052154	4052020	2
11415684	1379064	1
1297564	1298263	2
1789121	1789122	1
4421721	4421703	2
6766948	6766945	2
5829018	5728105	1
3370833	3370834	2
954799	954844	1
12290732	12290731	1
7125875	8405488	1
8502903	8491957	1
8243431	8242650	1
1460769	1460770	2
9432529	9432794	1
7291814	7291813	2
9771941	9694063	1
1189779	1189607	1
4556098	4680631	3
12250110	12250109	1
693655	693739	2
7974671	7974329	1
8538258	8538257	2
11167081	11167037	1
5534805	5534636	1
9461816	9461815	2
10804355	10804323	1
6124355	6124356	4
10743447	10678286	2
7528837	7531728	1
2026714	4075714	1
7634806	7634829	1
9378201	9378202	3
1627949	1561761	1
10624705	10624706	1
7265394	7407222	1
4301465	4301468	2
8235684	8235683	1
2726263	2726264	1
9124446	9124445	3
4387882	4388447	3
11438509	11436141	1
7811031	7811032	2
7382112	7384319	3
2207567	1867018	2
7585977	7585978	1
9378203	9378206	1
8008488	10750858	1
92518	92510	1
2921038	2921037	2
10420268	1040703	1
10264626	9511655	1
5515715	5515716	1
6442502	6538181	1
12149729	12149732	1
5068229	5068230	1
10380482	1110697	1
4717066	4717092	1
6260621	6260624	1
6494526	6494525	3
5957765	5957766	2
6105589	6105590	1
6243094	6558025	1
1364556	1364555	2
11566897	11566900	2
12488446	12485864	2
9159459	9154873	2
6814958	6814989	3
1328226	1328225	2
986157	985288	1
1149663	1149666	1
4478720	4478717	1
3833591	3831557	1
10291238	10293440	3
8449992	8449989	2
12026817	12026818	1
10318531	10315573	1
8040765	8040766	1
11960785	11960788	1
9974017	9973980	1
5669671	5669672	1
4198032	4434119	2
1419262	1423323	2
8169384	8169383	1
12650067	12650068	1
11343436	11344111	1
7847330	7847321	1
11797835	1537379	1
10892773	10892774	2
474448	474447	1
2372458	2372582	2
6066378	12465697	1
2622419	2622424	1
8496080	8496083	1
1285320	1285319	1
3618200	3619226	1
1438289	1438290	1
5435976	5435975	1
7118574	7118573	1
9498089	3984908	2
2607652	2607651	1
11476364	11476410	1
5376518	5376754	2
5597417	5597446	1
7846087	7846088	1
4441255	4441256	4
10882462	10882461	3
4000999	3964017	1
783992	783991	3
3517739	3517539	1
2193981	2194249	1
8250431	8250432	3
7912952	7913603	1
11594213	11593088	1
4416517	6817724	1
3380585	2923984	1
7362229	7361909	2
784948	527580	1
7743578	7468510	3
4700086	4700083	6
6458703	6456398	2
10636850	10636854	2
4851625	4851626	2
10050871	10050852	1
2241894	2133581	1
5855999	5856000	1
5346580	5343180	1
668404	668374	1
9520279	9520284	1
11314331	11314334	1
10226793	10233081	3
1246402	1246401	2
4642091	4642094	2
10813063	10813064	1
461140	461139	1
3964150	3964149	1
1128727	1128728	3
7750293	7750294	1
8665833	8665834	1
6515996	6516013	1
5729234	5813389	1
6129041	6128443	2
6048501	6048502	1
1105059	1105038	1
270840	270839	3
9825661	9825664	1
9424344	9424343	1
1225688	1225687	2
6611858	7660992	1
7294880	7294838	1
3007401	3007547	2
3913304	3913303	1
1971233	1971234	1
4323714	4323713	1
8775915	8775916	1
12246070	12240286	1
388477	388480	3
9009800	9010038	3
8006761	8006762	3
3354595	3354596	1
11349648	11361577	1
11903892	11903929	1
11886471	11523600	2
4104619	4104622	1
8893603	8893604	1
2561781	2561903	1
9496540	3976948	1
8686095	8686098	1
9577941	9577942	1
7205480	7205479	1
7617641	7617642	4
3306278	3306277	1
2142670	2142667	1
12669725	12506493	1
3307028	6932783	1
7670633	7670634	3
11524259	11524591	1
11421059	11413006	1
915753	901400	1
5577566	7738568	2
5506593	5507181	1
5244593	5244594	2
5011694	5011693	3
1529833	3317231	2
7062107	7062108	1
11293857	4673969	1
11553834	11553833	3
8835347	8835362	1
653139	653142	1
3606575	3820281	1
9622149	9622150	1
1117740	1118100	2
4578907	4578842	1
4686730	4704755	2
5710312	5608244	1
8958455	12420255	3
66654	66678	1
9114194	9114193	3
6977255	6977556	1
2044319	2068739	2
2354607	2520986	1
9021575	8708310	3
11988327	11988434	1
6991373	6991374	3
4010563	4010564	1
7789486	7790687	3
8387636	8387538	1
1608323	1608324	1
4663624	4663623	3
12610095	12610105	1
6273048	6653836	1
5230071	5230072	1
9378205	9378206	1
10537963	10537964	1
3421100	3439547	1
6518296	6418011	1
12228255	12227622	1
1534798	3964149	1
11282062	5817646	3
1081043	1081044	5
3531805	3531796	1
12225592	12225571	1
6816711	6816356	1
12185051	12185030	1
1178172	1178182	4
3927797	3927798	1
7368225	7368226	4
4106256	4106255	1
8055748	8055747	1
8194290	3790520	1
3569833	3569834	1
951162	951155	1
5982371	5969079	2
6104000	6103999	1
4559475	4559476	2
10147858	10147857	2
9299546	9299543	1
3413421	7592520	1
2572371	2572372	2
9530787	9534784	1
194747	226281	1
10562349	10562400	1
10291242	10291239	1
12552114	12552113	2
12610294	12610293	1
9197021	9197204	1
12557621	12557715	2
6180283	6180171	2
6479969	6479972	2
11332528	11364487	1
6769104	6769103	1
6162021	6162022	1
5286519	7490244	1
7679458	7679457	1
10435550	10435644	2
4261831	4260834	1
4319380	4319379	2
11486794	11486792	1
7446454	7446453	1
7770805	7770806	1
6479971	6479972	2
3786186	10201334	1
11138239	11138240	2
2873556	2873553	2
11503386	11503389	1
11780800	9567857	2
10862376	10862375	1
5286517	7490244	1
1109781	1109782	2
7092025	7091594	1
2194250	2194249	1
8055757	8055759	1
7813968	7813967	2
5657334	5657333	3
7087567	7087568	1
4136297	4136298	3
2907	2908	2
3758930	4035721	1
4121079	4121080	1
3989241	3710041	3
5022338	5022337	2
5895997	5896872	1
577654	808384	1
1285356	1285355	3
5896864	5896863	2
6538474	6538473	1
8219527	8219612	2
9431756	9431755	1
12796913	12796996	4
11540214	11595216	1
4074705	4074336	3
11364216	11364215	2
170674	170673	1
6127153	5966891	1
5913914	5913911	1
9747280	9747292	2
6328673	6328823	1
5020354	5020304	1
6446681	6446684	4
7335182	7335181	1
6113216	6113215	1
2533938	2549239	4
1490428	1477647	1
5039014	5039013	1
2664522	2664521	1
7890243	7881258	1
10797087	10797088	2
6724636	7363733	2
5238036	5238047	1
5611396	5611395	2
4627159	4627141	1
1364154	1364139	1
6629114	6647953	1
6067091	6067092	1
6902366	6902365	1
7732276	7732279	1
10327899	10327900	3
10665356	10664814	2
4470467	62300	1
6631845	6631869	1
8257908	10774321	1
6895990	6895977	2
4550051	4550109	1
6826645	6826646	1
6658995	6658996	2
11457253	11457353	1
7679929	5098946	3
6176545	6176546	1
1621451	1602729	5
1609017	1628008	1
4092799	4092846	1
7759007	5329407	1
1015121	1015122	1
10882464	10882461	2
5989205	5989254	2
5663330	5663329	1
8672217	8672020	1
4602880	4602919	1
936217	936218	1
10539380	10538063	1
2645348	2645946	1
3680345	3632270	1
4660719	4660720	1
2837329	2837723	1
324067	324070	1
9639230	9639227	1
4677912	4677909	1
10059312	10059311	1
5353147	5353148	1
2526976	2526975	3
7878041	7846088	1
9647173	9647174	1
761086	761103	2
6288566	6288563	1
6621226	7109922	1
10943071	10943072	1
7689915	7689916	1
2127073	2062900	2
8379471	8379489	2
7837335	7837317	1
6334441	6333863	2
9947775	9959078	1
404548	404547	3
7283259	7283260	1
6794889	6794890	1
2749459	2749460	2
3451223	3451224	2
2021369	2021370	1
4554824	4554823	2
8388689	8388690	1
8734013	6532218	1
8866680	8866679	1
6475981	6268881	1
4866649	4866650	1
8175200	8175197	1
9738695	9738696	1
11284257	11284338	1
3414258	3414238	2
5937380	5937610	1
4527061	4527062	2
7617639	7617640	3
12650065	12650066	1
5361130	5583941	1
11808563	11808564	2
898211	898212	3
10620366	10620500	1
8242961	8242973	1
1458722	3314446	2
9364032	4117935	1
4052774	4052773	1
4498481	4498482	1
4131382	4131401	2
7779712	7779711	2
6470600	6470599	1
7857577	7857578	2
3902952	3902951	1
3611717	3611718	2
11822846	11822845	1
1753907	1753908	1
10338745	10324547	2
1987903	1987904	1
2755766	2755753	1
387076	387075	8
9305830	9305827	1
1149663	1149668	1
7441889	7441890	1
4255318	4255317	2
11591937	11591938	1
4020854	7949165	1
11436229	11436230	1
5699495	5699496	1
8535475	8535476	1
6185326	6169771	1
11081247	11081248	4
4549372	4550304	1
11771726	11669631	1
2557503	2572370	3
4398508	4398496	1
8288538	8288537	2
9263850	9263849	1
11322413	11322416	1
7681400	7703232	1
5044977	5044978	1
4927105	4927154	4
6775869	6781802	3
7469211	7466603	1
7370437	7368990	1
11601837	11601838	1
5602249	5657335	3
9424342	1027975	1
5361907	5502261	3
9318894	9318893	5
9040113	9039806	1
7718735	7717814	1
8000931	8000934	2
1734728	1498411	2
6538315	6538316	1
8507714	8507700	1
906083	906084	1
1732656	1732655	1
404592	404591	4
3859982	3859986	1
2106259	2106320	2
9905916	9919302	3
6651201	6651202	1
5804998	5804997	1
3889780	3889779	1
9377673	9377759	2
5353531	5353534	2
11686562	12169746	1
3964337	3964415	1
591517	591520	1
159000	157992	1
3366931	3366932	2
6568749	6568764	2
6438408	6438405	1
6098766	6098765	1
10510868	10510867	1
4469973	4198876	4
2505978	2506007	1
8831802	8831781	1
241217	241186	1
3370524	3370523	1
1788219	1748344	1
4220791	4220792	1
936671	414698	1
10657552	10657551	1
6507304	6507301	1
11870934	11870933	1
11460842	11460841	2
9906507	9906604	1
7531727	7531728	2
6730503	6730504	1
3789450	3789449	1
7456329	7456333	1
12639752	12639749	1
12495367	12659115	1
4841432	4841431	1
4377091	4377092	1
1979779	1965892	1
4077391	4075676	1
6420501	6420831	2
12611621	12623620	1
8169444	8169441	1
1653541	1653542	1
3646288	3646267	2
2263218	2263217	1
5373626	5373625	5
10170228	10170227	1
2514878	2514877	2
10936274	10936207	1
10402593	10402600	2
7463611	7463493	1
11038590	11038589	1
2715083	3039269	1
8449988	8449987	5
1392386	1398953	1
8450690	8450689	1
4052486	3197299	1
10734008	10734007	2
12474854	12473982	1
1712208	1662598	3
12811695	12811696	1
10035128	10035199	2
10359117	5748599	1
7780863	8014363	1
11271255	11271256	1
4261825	4261826	1
3278634	4108252	1
9773055	9771223	1
1711606	1711601	1
10763537	6106304	1
3525032	3525031	1
6341618	6286111	1
2425184	2425188	2
4071936	4071935	2
965211	965408	1
7686445	7686481	3
10124523	10224153	2
2993618	2873215	5
10741057	10594669	1
5644182	5644181	1
12539882	12536182	3
4672828	4672827	1
1222405	1222407	1
1401555	1401556	2
1605116	1605115	2
11350233	11350227	1
447977	447978	2
2314051	2314052	2
11610460	11610409	2
8194721	8194722	1
11937042	11937039	1
11038592	11038589	1
2352175	2352849	2
4078869	4456650	1
12676588	12676587	1
6696327	6696333	2
12353581	12353582	1
3919238	3919237	1
5711243	5711244	1
4520101	4520102	2
2539982	2539981	3
11526563	11526564	1
3195729	3195730	3
1783343	1783344	3
3359091	3359092	1
9544742	9544741	1
622068	622067	1
2355763	2355764	2
10386195	10353468	2
4427745	4427746	3
6384274	6344510	1
11541245	11541246	1
10349568	10345684	1
780105	780106	2
2114912	113025	1
1745616	1500885	1
1710604	1716937	1
7779710	7779709	2
6871413	6872807	1
2974280	2974279	1
8337543	8337102	1
10779941	2647653	1
10296770	10296769	1
915757	901400	1
5562158	5562157	2
557547	557548	2
2559317	2559327	2
1956279	1956280	1
8054468	2503879	3
3497050	3497065	1
4393955	4393958	1
5562326	5562315	1
10433577	10433578	1
12732848	12732847	1
653141	653142	1
9298643	9332024	1
11570618	11570617	1
8892151	8892152	4
465648	465647	1
1068523	1066422	1
3489127	3489130	2
5989255	5989258	2
12448999	12450737	1
2357620	2361352	2
11103134	11923463	2
10172646	10188440	1
11921925	11921926	3
3634272	3634271	2
2959673	2959676	1
9164413	9124447	2
1496345	1495802	1
4072343	4071932	1
1802131	1802134	1
6999194	6999266	1
4183731	4183732	1
11104860	11104859	1
11185462	11186162	2
729472	789839	1
3282226	3282225	1
11515098	11515185	2
8190877	8190005	1
3716923	3716925	1
10701621	10701622	1
11196968	11196967	1
11285642	11285641	2
3975500	3975499	1
3129030	2749652	1
5879555	5879556	2
7107009	6872088	1
7712890	7712887	1
8831116	8831115	1
185163	183420	1
1749335	1749378	2
8233325	8148026	1
8179103	8179104	2
6286123	6286105	1
5432792	5430007	1
1461782	1212304	2
1360979	1360980	1
5963622	5896865	3
2805028	2805025	2
4064022	3322947	4
9635115	9635116	2
9974921	9974931	1
8230962	8230961	2
11038586	11038585	4
179322	179760	2
11306329	11306330	3
10907963	9566241	1
6118378	6118217	1
8786994	8779095	1
2685631	2685636	2
10011515	10011516	2
989729	989730	1
435574	435543	2
12287835	12288069	1
11770451	11661276	1
3596694	3596693	2
182193	154143	2
2859090	2859089	1
2487872	2462529	2
12497214	12496941	2
2671723	2671753	3
11482585	11492306	3
4118433	4118434	2
4109346	4109345	1
12119922	12119931	1
6692423	6706328	1
10216785	10269852	2
7707201	7707204	1
9771819	9771820	1
8009090	170070	1
2685481	2685482	1
11360037	11360118	1
5780075	5699494	1
683594	9749906	1
452018	418873	1
11937628	11937654	1
137870	5388	2
5794568	6069660	1
333776	322916	1
7097796	7097717	2
10419151	10419172	1
9087689	9087690	1
42723	42436	1
9709348	9709345	1
3680343	3680344	1
10668367	10668370	1
6704625	6242423	1
10557247	9336883	1
3396775	3444762	1
7686443	7686481	2
1311142	1311146	2
6166065	6166066	2
6390205	6390206	2
882397	882398	2
1531433	1531250	1
1322662	1322661	2
11194753	11194708	2
10033491	10033492	1
4556310	3493349	3
8997792	8997789	1
825642	825641	2
7346133	7342985	3
11787084	11789721	3
3630538	3630537	4
404770	5751184	1
6948318	6947913	1
10196363	10196862	1
422527	422590	1
10896632	10896625	1
2552938	2490247	2
7757891	7661177	2
9007532	9007531	1
3794850	3794847	2
66474	68841	1
6538046	6467937	1
9243019	9243020	1
4437926	4437925	2
337136	337133	1
8543273	8543336	1
9670251	9670252	1
7720608	7720607	2
9437423	9437424	1
12804786	12120942	1
3531557	3531558	1
9653939	9722427	1
9124209	9124210	1
9615417	9615174	1
11960787	11960788	4
10061108	10058720	1
8956898	8956817	1
207809	207812	5
12759275	12759276	1
11611355	11611360	1
9963454	9963453	1
5813859	5813860	1
10709305	10709499	3
10002810	11113378	1
1830000	1829997	2
6659288	6659344	2
11719736	11719735	1
1149667	1149668	1
3166123	3159476	1
3549281	3616700	1
1406032	1269462	2
5240227	5240228	1
34879	34880	1
3970511	3969867	3
1263056	341612	2
10432021	1046392	1
2867536	3108906	2
369096	369095	1
8288536	11554033	2
6718398	6718397	1
4377564	4377568	3
1766150	1766149	2
4642091	4642092	1
11245838	11245837	1
10800019	10800020	1
237526	10829160	1
3203652	3203649	1
1029373	1029376	1
4478720	4478719	1
10656534	10656771	4
4072341	4072342	2
3866819	3545685	2
7981034	7986815	1
569837	569838	2
3513692	3513691	2
12427328	12426934	1
4711404	4711415	3
57072	57071	1
2744157	2744158	1
11960785	11960786	4
8362661	8362769	1
8253323	8256262	1
7927510	7927509	3
4622051	4622122	2
3523536	3523535	2
2355761	2355764	1
2734250	2734265	1
3116869	3116870	1
12623125	12624252	1
11188608	653778	1
8094681	8094682	2
12537792	12537527	1
10283430	10283433	1
10407779	10409454	1
7966434	7966418	1
4437924	4437951	1
10625109	10624706	1
5022336	5022335	1
8370911	8370375	1
1460771	1460772	2
8582159	8582160	1
1550040	1550039	1
1539025	1539026	2
6904720	6934142	1
119934	119923	1
6531821	6531816	3
4596601	4596602	2
7545502	3602175	1
830932	830920	2
5993902	1713783	1
156031	156114	1
8823705	8840001	1
1453562	1453697	1
11557774	11557773	1
11967016	11967000	1
1727773	1660967	1
5712407	5712412	1
6582685	6582686	4
7496774	7496722	1
9482240	9482246	1
10386193	10386194	2
1201031	1201037	4
357150	357149	2
12048996	12048995	1
203075	244943	1
8428527	8428528	1
7810575	7810749	1
4074078	11601836	1
5491855	5491856	1
4291692	4291691	1
12749489	12749640	2
3282226	3282188	1
5529387	5007274	2
3817494	3634391	1
8174272	8174271	1
6242608	6242607	1
9926219	9926220	1
6267610	6267609	2
11593092	11593091	3
10361706	5608169	1
11558823	11391464	1
1379883	1379884	2
8038872	4074061	2
10589310	10255937	2
12176552	12176549	1
4683750	4683749	2
5378010	5378009	1
11350228	11350227	2
7774622	7774341	2
8786994	8779097	1
11730212	11730331	1
7446361	7446367	2
5176907	5176904	1
1890208	3610011	3
6107556	6107561	1
6521108	6521107	1
4033369	10710953	1
7352624	7352623	4
3634272	3634269	2
6461817	6461802	1
4348688	3519397	1
8158775	8174991	2
6393364	6394761	2
5538249	5529387	1
9060870	9029667	1
3794850	3794849	1
3675244	3675239	1
871670	871669	1
10884204	10883823	1
6060906	6060943	1
5994373	5896923	1
8647378	8647373	1
11296585	11296588	1
12132294	12132283	1
4033660	4002800	1
5843225	5843226	1
8211856	8263542	1
9431758	9431757	1
5139612	5139611	1
11231202	11231201	2
5942292	5786595	2
7781601	7781602	2
4784934	4784933	2
1079549	1079550	1
4117934	4117916	1
8338246	8338245	1
6532082	6309819	3
7171749	7073785	1
9252629	9252630	1
9730494	9730493	2
6771980	9095221	1
4162561	4336631	2
965211	965410	1
341604	341639	2
1384034	1384033	1
7131546	7131543	1
8826377	8826386	1
12227227	12227246	1
10226791	10233081	2
7813205	7812388	2
5305658	5305661	1
8190369	4199230	1
3679266	3679264	1
5206268	5469843	1
8515415	8403118	1
2859092	2859091	1
400803	400748	1
5102874	5042140	3
12659430	12659447	3
103694	103693	1
781662	781661	3
11524268	11524276	1
6161704	6161703	5
6368844	6368846	1
3658443	3654432	1
1511025	1510941	1
7033570	7121413	2
7131980	7131979	2
5809886	5808278	2
10807815	10935819	1
8725827	82746	1
6132300	6132299	1
11767888	11768083	1
105736	213879	2
4427698	4427744	4
6494330	6494329	1
4277395	4277396	1
4572005	4572006	1
7805784	7805783	2
3863951	3863952	2
2223435	2218196	2
3624189	3398216	1
12147052	12147051	3
1010392	1010391	1
1880677	1878750	1
1289165	1289166	1
11894924	11894927	1
8429027	8429028	2
720132	720131	1
3536165	3536166	1
2412435	2412411	1
11577528	10655469	2
9670247	9670250	2
4538292	180138	2
10031591	10031592	1
9950387	9948222	1
8365506	8378254	1
8023607	8023608	5
2883999	2883871	1
12151244	12151243	1
9868746	9868745	1
783560	387559	2
7767367	7767368	2
4689970	4689969	1
4276396	4276446	1
7097274	7097252	2
8219508	8221784	1
7956636	7959349	2
4009549	4009550	1
754578	754606	3
8432316	4075360	1
2263218	2263206	2
12802189	12802190	3
159792	159789	2
8658886	8658885	1
6766528	6766527	1
12395681	12395704	1
11305631	11305614	1
1037909	1037910	1
3113960	3113959	3
11683662	11704032	1
2360062	2360059	1
464267	464268	2
4877746	4877725	1
1784103	1786102	1
2229543	2239681	3
6659189	6659205	1
7718489	7718496	1
1698971	1551666	1
4443423	4482315	1
7700586	7700585	2
6764425	6764418	1
6067527	6066269	1
2139486	2357409	1
5279188	5279187	1
3989239	3989240	3
4441257	4441258	3
9366172	9366171	1
9021573	9021574	3
6235374	6235373	1
2137185	2137186	1
12803417	12803430	1
6200645	6200648	1
3790469	3787419	1
5730073	5730074	2
4700518	4698580	1
10841465	10841466	1
5737006	5736999	1
10213372	10213371	1
6611954	2581509	1
7753061	7659544	1
7341658	7341657	5
8883521	8888174	6
6997433	6997434	2
8675684	8675683	2
2188177	2188178	2
10770115	10770123	1
8686099	8628286	1
887632	887631	1
3523543	3523544	1
8259968	8259965	1
7811278	7811275	1
5541272	5200169	1
9298467	9298468	1
12626897	12626898	1
11038599	10030438	3
10871502	10872172	1
5269733	5269734	2
2374301	2374302	1
7954430	7954429	3
9829010	1995324	1
10081476	10200150	3
1392922	1515252	1
7995159	8012950	2
10074215	10074216	2
6107580	6107579	1
7178002	7178011	3
10941415	10941416	2
2885428	2885427	4
3051344	3038324	2
8427878	8427877	1
11409701	11409702	2
8014358	7844960	1
11362367	11362368	2
432423	427041	1
11121304	11121303	2
11135689	9255898	1
11777920	11706309	1
6873997	6873998	2
10172634	10172633	2
1351326	1472537	2
1751580	1751577	1
8152349	8152350	1
3484380	3482337	1
437611	437612	3
10042311	10001346	1
11728316	11738350	1
10211284	10211265	1
12613828	12613873	3
12620381	12620382	1
2223437	2218196	1
3322946	3322945	1
5542443	5542454	1
7519967	7519968	1
9365770	9367527	2
7241046	5070225	1
3379643	7593848	1
10536929	10550332	2
2993620	2993619	4
6288568	6288567	3
1836877	1836878	2
2271692	2271682	1
8630902	8817900	3
11655366	11655365	1
10487604	10487603	4
5128013	5128014	1
4019350	4019216	1
6694445	6694193	1
5410587	5410588	1
2581508	6611955	1
7423578	7423577	1
6365976	6365973	4
7362229	7361911	1
11904475	11904480	2
5407644	5311200	1
3321381	3321062	2
10332376	5118877	1
8733696	8733713	1
12611581	12611277	1
2899694	2899889	1
8064389	8822015	2
4024634	4024633	3
2850860	2850897	1
9498298	9314544	1
8152041	8152042	2
3266726	9497621	1
3789450	3789563	1
3886096	3886091	1
11153717	11153718	1
11103138	11103135	1
11204726	11204725	1
6923347	6924026	1
3445612	3445611	2
8663815	8671287	1
11301228	11301227	2
2026707	2026708	2
1727102	1639518	1
10291224	10291223	3
8531648	8531647	3
1138538	1138533	1
418889	418890	2
9659726	9659742	1
12476675	12476676	2
2383417	128826	1
6464674	6464673	1
11479657	11479660	2
936198	936197	3
4166092	4166091	1
5181692	5182349	1
7312746	7313322	1
587068	583225	2
1710647	1710648	2
4736716	4736715	2
9108501	9086947	1
2862722	2862721	1
11606789	11606797	1
53534	54106	1
9169989	9169990	1
2715081	2715082	2
890180	888651	3
2759656	2759632	2
6716053	6715786	1
5885324	5900774	3
4368465	4257331	1
1097086	1097085	2
131422	132918	1
2323620	2323619	1
3457078	3457077	3
9366261	9589546	1
474184	474369	1
445235	445236	2
7499018	7499017	1
11103136	11923463	2
10838020	10952523	1
8803780	2485774	1
10569772	10569816	1
3708811	3708812	1
8468447	8468448	2
6449941	6449973	1
9380498	9380926	2
10873569	10873286	1
445158	445155	1
4325620	4158180	1
4183733	4195903	1
4744964	4744961	1
8750796	2418111	1
2490917	2490918	1
7708305	7708306	3
6560563	6561616	1
1400274	1400271	1
362970	362969	1
452400	417781	1
631230	619021	1
7368235	7367118	4
10659478	10659480	1
7401122	7380912	3
6498350	6498355	1
2223514	2216425	1
5825545	5821967	1
11356545	11356546	1
4863891	4863283	1
7803932	7803931	3
9076261	9076262	1
372753	372759	1
8247291	8247292	3
10282964	10283081	1
4323942	4323941	1
9470525	9470528	1
7335182	7335179	4
9017851	9017854	1
3523545	3505318	1
1063312	1063413	1
9963456	9963455	1
4526840	4527060	2
322903	11027381	1
11038599	11038600	2
9191524	9191502	1
4218130	4445947	1
8362661	8362771	1
5184020	5566136	1
8805971	8798354	1
4573335	4415964	2
3861822	3863458	1
5385102	9436198	1
1167169	1167489	1
988800	992573	1
10865480	11117609	1
4048378	4048083	1
5273372	5271230	1
4295382	4293287	2
9685794	9765205	2
9653838	9653837	1
1051841	1051842	2
2949212	2949211	2
10211195	10211783	3
12796876	12124560	1
34877	34878	1
761100	529266	1
8259970	8259969	1
3718577	3718578	1
3741073	3740638	1
1354974	1355196	1
9959965	9959986	1
2085731	2085732	1
12207650	12207564	1
8152347	8152348	2
5117399	5117400	1
167726	393272	1
7172714	7172713	1
4404637	4404638	3
1291741	1291742	2
5276030	5276029	1
12224842	7026041	1
3769964	3764402	1
11719734	68271	1
12552112	12551399	1
12700109	12696718	2
7797508	7761434	1
7626970	7626967	1
6732530	6755430	1
5960633	5943028	1
10620900	10620897	1
2438428	2438425	1
6424603	6424604	1
4687382	4687381	2
12234701	12234702	1
11324922	3292749	1
1213285	871282	1
9023096	9022937	1
3956015	3956016	1
1621449	1621450	4
7352622	7352621	1
2974242	3000995	1
4283783	4283784	1
3451226	3451225	4
4406409	4406410	3
12801159	12802632	3
10069285	10069286	1
2815397	2815398	1
4190655	4190658	2
312201	312202	1
4402776	4402773	1
8220525	8220629	1
6708422	6708501	1
269743	269744	4
9312534	10203343	2
642885	642886	1
11900464	11896968	1
2214647	2244828	1
6435833	6435834	1
5955864	5982938	1
8799204	8799203	2
3097661	3097664	1
11164900	11164899	1
11904477	11904480	1
1207919	1207920	1
11730326	7031005	1
7299874	87339	1
11233249	11234098	1
4823673	3939395	1
6538046	6467939	1
8860866	8860865	1
665938	665937	2
2355765	2355766	2
1762231	1759884	1
62301	62302	1
4255316	6439795	3
4134720	4134706	4
1661011	5060975	1
12239049	12239627	1
12148232	12148231	1
1929315	1929506	1
10213370	10213133	1
10354287	10354277	2
3490377	3648428	1
8023607	8023610	1
4215942	4466985	1
1557917	1557918	4
9252561	3816280	1
6342369	6342377	1
6500857	270558	1
1849288	6785444	1
3241502	3241501	1
6407529	6446765	2
6024608	6056537	1
9009802	9010038	1
5242694	5256456	2
6363470	6361411	1
7927508	5554984	3
5436711	5436714	1
11591935	11591936	1
3758932	4035698	1
1285324	1285323	3
7459290	7459289	2
9602132	9602131	2
4700086	4700081	1
11377796	11377789	1
12507369	12507370	2
7926782	5554125	1
2132902	2132901	1
5893375	5893376	2
4196247	4196248	1
2130666	7847652	1
12459098	12460395	2
1757331	1757332	1
9318927	9319318	3
8553577	8485945	1
11564251	11562039	1
2469475	2469476	1
8798006	8798005	2
7639261	7640520	1
4753080	4697177	2
8849043	8848440	1
9769313	9769314	1
4598491	4598447	1
781735	781663	4
4684341	3937532	2
2976664	2976717	1
3866818	3866321	2
205198	7446450	1
4856621	4856622	1
12195324	12195323	1
4572605	4572619	1
10288999	10289002	1
4024638	4024633	1
8686095	8628286	1
11301226	11301225	3
2955182	2955198	1
1137507	1137508	1
893970	894866	1
3903267	3903726	3
1253806	1354187	2
11368087	11368104	2
9102615	9101999	1
1301191	1102034	4
2081121	8052488	1
8710328	8708655	1
8065754	8065753	1
5345860	5345857	1
3449037	3449044	1
7668040	7668035	1
7433143	7433148	1
10368464	4023673	1
4860080	5065569	1
8042990	8160918	2
1913773	1913655	1
3747383	3747384	1
6118376	6118217	2
3634269	3954753	1
10285813	10285814	1
3975133	3975060	1
5503263	5503264	1
7528837	7531726	2
5161626	5161663	1
6408369	6447254	1
5059973	5059974	1
170672	170671	1
2873643	2963082	1
11563962	11563428	1
8967541	8967542	1
11032485	11032486	3
1368422	1368421	1
8424662	8380626	1
4762930	4762929	1
2622695	2622696	1
4206143	4206144	1
1686188	1686187	1
3006372	2264841	1
5906553	5973010	1
11002307	11002297	2
12005042	12254781	1
10142733	10142734	2
10276678	10276677	1
165015	11529747	1
7062107	7062110	1
8255468	8475609	1
11969104	11968824	1
243373	243374	1
8204227	8278323	2
607582	584411	2
387069	387070	1
12501668	12492294	2
2561078	2561085	1
9762315	9762316	1
2568321	2568322	4
11544606	11544710	1
10888938	11864849	1
3732922	3732921	1
6224198	6224217	1
5014405	5014406	1
3523540	3523539	2
2158583	2158584	1
9597896	9597895	2
7171746	7171739	1
4177411	4177462	3
5935707	5843224	1
7955775	7955776	2
5741428	4828402	2
4386123	4386124	1
3314391	1460043	2
10636710	10636709	1
4106254	4106253	1
1762130	1762129	1
8645489	8645490	1
1139448	1139458	1
1320583	1324011	1
3788641	3788648	1
8565297	8565298	1
6289083	6289084	1
7660923	7660992	1
11818778	10059313	1
11436227	11436228	1
8416666	8416665	1
2158585	2158586	1
2795224	2796329	1
288097	1267074	1
1250687	1250688	2
11863847	6103366	1
6312561	6312712	3
9277402	9277401	1
9807560	9808446	1
7957141	7957174	1
3260803	3116172	1
11729027	11698465	1
6704845	6641332	1
4283864	4283781	1
167890	167893	1
9271324	9271320	1
2321357	2321358	1
9989007	9989010	1
10062841	10061740	1
3152018	3152024	1
7189783	7308031	4
2695975	2695976	1
4289423	4289424	4
9253385	9253388	1
4551279	4551280	1
4071934	4071933	2
1345844	1345843	1
5299008	5299007	1
11903385	11843417	1
9299686	9299683	1
12609912	12612923	1
477323	477326	1
6051935	6051969	1
8849041	8848440	2
8490382	8490381	1
8688768	8688774	1
5769535	5769536	4
7989824	7990180	2
3451026	3463234	2
11686676	11686675	2
1789489	5273374	2
6527296	6431926	1
4198034	4434119	2
7446321	7446322	1
511042	487196	1
3195114	3195113	1
11889187	11889260	1
11601239	11601242	1
9730498	9730497	2
12243301	12381355	1
2645476	2645475	1
1516396	1595262	1
4024636	4024635	2
3440902	3440901	2
1081045	1081046	4
4072343	4071930	1
12454658	12626894	2
5244875	10323261	1
6742374	6359151	1
6744800	9972040	2
3038243	3038244	1
4685230	4685229	2
6234305	6379958	2
10611859	10611860	1
6814988	6814987	3
6814958	6814987	1
7951505	7951506	1
7139983	7129036	1
2117734	2117733	2
8158371	8158372	2
4283778	4283777	1
10988145	10988148	1
10629244	10629279	1
8531486	8528245	1
3761790	3761789	2
2474259	2474260	1
10123580	10123579	1
8901358	8843430	1
1916585	1916586	1
535256	535255	1
10559833	10559678	1
9832737	9833236	1
10214805	10210430	1
8530561	8535490	2
2349332	2349331	1
768516	768515	1
8653889	8665235	1
6556377	6556378	1
8514929	8514930	1
9591529	9591523	1
3521676	3521685	3
4828346	5741926	1
2773322	2773312	1
11852079	11852082	1
10720041	10720042	1
8901360	8901359	1
7214387	7341659	5
8848441	8848442	1
9354234	9354122	1
3195727	3195728	2
9351198	9527551	1
1995220	1995219	2
8860866	8860863	2
4624882	4624881	1
1330001	1329981	1
10099193	10103959	1
6243299	6243300	2
11919346	915991	2
5562156	5562155	3
4370261	4370262	1
8642349	8642350	1
973173	973889	1
9857758	9857757	1
9431475	9431476	1
4189526	4189525	1
9119447	9119473	1
2281445	2204794	3
7702338	7702337	1
3116359	3116364	2
12275327	12275328	2
12752449	12729869	2
3794848	3794847	1
3956017	7950517	1
5401433	5335373	2
5538781	5538782	1
6618479	6618482	2
7260208	7299167	1
2349818	2349817	1
8212322	8212413	1
7036596	7036671	1
9733402	9761086	1
11794639	11794640	1
2227943	2229282	2
534798	535257	1
5536852	5536851	3
303927	304242	1
3441484	3442995	1
4428584	4427598	1
4514206	5497112	1
11919413	11919433	1
1262406	1315691	1
2324119	2324126	1
8250433	8250457	3
6068340	5789510	1
8955075	8955078	1
1171792	1161453	1
5436711	5436716	1
3789448	3789563	3
6520264	6520263	1
693595	693596	1
131441	132036	5
6843877	6984904	1
1832368	1832425	1
3210997	3210998	1
9114939	9114940	1
6474759	6473383	1
2143470	2143132	1
10376493	10376498	1
7878041	7846086	3
955944	9618835	1
7754758	7729097	3
1420383	1420391	1
5544943	287027	1
11633563	11648127	1
4473141	4473142	1
6652681	6652682	1
9422990	9423027	1
3043662	3040933	1
8198728	8201812	1
12264955	12265027	1
3210999	3211000	1
2495733	2495734	1
8682540	8682539	1
2693731	2693732	2
63147	63150	1
12176548	12176545	4
7803934	7803933	4
10739723	9467916	1
453763	9177205	1
8367641	8367652	1
11090716	11090713	2
336568	336567	1
10074213	10074214	2
9299702	9299701	2
145273	145274	1
4336722	4336721	3
10714052	10714051	1
6274466	6275962	1
3501887	3510584	1
6556379	6556380	2
4228493	4228494	3
8605147	8605148	2
1760508	1592960	1
3291476	3268641	1
4614056	4614071	1
6853284	6853283	2
4349800	6361725	2
5088760	5088627	1
4250232	3419354	1
9117625	9117636	1
955986	955564	1
4866651	4866652	1
11423942	5936704	2
2368712	2368711	1
11295102	11295101	3
1052667	1052500	1
1608333	1496073	2
6778039	6778042	3
2375412	2375397	1
5425211	5425212	3
9045424	9045287	1
5527761	5527774	1
6750465	6750466	3
906081	906082	2
823540	810497	1
2361188	2361187	3
12172779	12172780	3
11296901	5895996	1
4078865	4078866	1
7604460	7604644	1
7145441	7269601	2
10660189	10748148	1
1225376	1225373	1
7279535	7279536	1
10317904	9303835	1
9989007	9989008	2
1611044	1610601	1
2903825	2904519	1
4699100	4699099	1
9102295	9102296	2
8888182	8888390	2
9073012	9108583	1
2725406	2725358	1
8213696	8222629	1
6958930	7060486	2
6288564	6288563	2
1027998	2727875	1
10235133	10122871	1
6152964	6150038	1
1592977	1592978	4
3010010	3010009	1
10290838	10290837	1
3577943	3484686	1
5541334	5541333	1
5256290	5256285	1
8371514	8578468	2
9963452	9963647	1
4009547	4009548	1
1250685	1250686	2
5597381	5003816	1
839345	12623996	1
394186	390896	1
3519614	3519613	1
9090727	9090732	2
7156137	7125782	1
12151231	12151232	1
6232333	6469202	1
5919514	5878417	2
1557879	1550041	1
5450196	5320923	2
6692423	6706326	2
1831955	1832099	1
9698333	9665326	1
668402	668374	1
9022877	9022917	3
10968316	10968315	1
10802107	11136839	1
7031163	7031190	1
2567155	2567858	1
10031589	10031590	1
10713843	10708001	1
3425847	3458399	1
4696371	4689438	1
12121165	12121170	2
2406490	2406849	1
7248960	7248959	1
3289857	3289286	1
10131037	10131038	1
7357927	7357869	2
10339667	10339676	2
11821691	11821692	5
9115433	9000466	1
7314897	7315426	1
1804873	1779778	1
11520187	11520074	2
3486203	3486204	1
4850740	4850739	1
11441539	11441540	2
9693971	9693972	1
4607182	4607181	2
9531143	9535480	1
7031192	7031191	1
1723350	1723324	2
7446366	7446365	2
1715117	1715118	1
12515121	1826310	1
2832937	3030947	1
12176552	12176551	3
1445762	1445792	2
7331351	7353422	1
11167760	11178982	1
11221519	9252364	2
12026815	12026816	1
5396478	5325980	1
7771613	1999639	1
8849538	8849615	1
5890082	5891227	1
100307	100308	1
5109685	5149544	1
1648531	1648532	1
1287047	1287048	1
5092040	4989497	1
4048380	4048379	1
7454251	7454199	1
3533329	3533730	1
341613	341614	1
9836203	9836204	1
1541274	1541273	2
4851444	4851624	2
2378633	10679606	3
11669222	11669221	1
557547	556444	1
1438462	1421596	1
3032139	3247009	1
2374301	11688928	1
5579709	5579710	3
3320419	3320420	1
5626549	10909537	1
95987	95996	1
5191379	5172589	1
1534796	3964151	1
6007725	6007726	2
2954618	2954613	1
11925731	11186864	3
849597	849598	3
4745025	4474630	1
9430399	9430400	2
3977263	3977264	2
4998906	4999033	1
12362427	12367505	1
3449045	3449046	1
8456089	8456090	1
2693729	2693730	3
2514824	2514879	3
3731705	3731687	1
6120019	6120020	1
3209783	3209784	1
872241	872242	1
8468437	8468446	2
1984708	1984697	2
7686443	7686444	4
10875250	10875246	3
1948867	11799994	1
5454681	5454688	1
1994493	1875286	1
4271456	4323258	1
1384032	1384031	1
6755431	6755432	2
6243306	6243300	1
12493258	12493257	3
9030504	9030503	1
10540422	11857610	1
2877760	2877759	1
5689032	5689031	1
9493783	9493784	3
11917902	11917878	1
12266153	12266154	1
9319319	9319320	2
8710457	8710458	1
11568600	11568599	4
4994152	3519084	2
11343436	11344113	2
1109783	1109784	1
4136299	4136300	2
147029	147030	1
5233992	5234485	1
3418826	3419352	3
969199	1285357	2
6104025	6104026	4
6755628	6755627	2
6158969	6158970	3
2827340	2827965	2
3675225	3675239	2
1757799	9582584	1
4330749	5494557	4
1854645	1854646	1
1407441	1406777	1
4818237	4818272	1
1379832	1379831	1
2497655	2497658	1
6104000	6103997	1
9624866	9451481	1
1185484	1185318	2
4107415	4107416	1
4040981	4040982	1
4106188	4106187	1
7779708	7779728	1
11524257	11524258	1
10882660	10825225	1
4578909	4578842	1
11362024	11362350	2
7510253	2792866	2
5048125	5048126	1
1776019	1775986	1
8798004	8798003	2
1158454	1157057	1
10981594	10981593	1
4199231	4199232	2
12462084	12462083	2
7732278	7732277	1
746836	746680	4
5432794	5432793	1
7109473	7109476	2
10975978	10975977	1
1976871	1976698	1
3244707	3152338	1
3125178	3125173	1
1586659	1586671	1
9044969	9044972	3
12026813	12026814	1
5573037	5573038	3
9652013	9652014	1
1232171	1232172	1
3010012	3010009	2
488126	374992	2
5767648	5923131	1
1657240	1657292	1
5420698	7874373	2
11474877	11474884	1
3910249	3910250	2
10565523	10565524	2
892206	6130547	1
3596981	3596982	1
922758	922757	1
5697061	5696013	1
3299093	3299166	2
8766160	8766368	1
1093135	1093159	2
1686191	3970631	1
1178955	1181174	1
4714282	4714276	4
11839509	11839510	1
4708363	4708308	1
4714450	388476	3
3208297	3050965	2
10663276	10644514	1
6039163	5961633	5
10519877	10317905	1
9296341	9296342	2
6108934	6108933	1
5767315	5767316	1
6614970	6325626	3
205198	205197	2
4394322	4394319	1
5452898	5302524	1
2357622	2357621	2
11993629	11994815	1
8285255	8285972	1
5573039	5573040	2
10411633	7120198	1
3306205	3309965	1
2497659	2497660	1
3936702	3936701	2
7345728	7345721	2
7082973	7080742	1
11353137	11352089	2
2511552	2511554	1
8508297	8503745	3
6449179	6449180	1
3534141	3534142	1
6589525	6589528	1
7171370	7171363	1
4469971	4469972	5
4414959	4414955	1
5484962	5484961	1
2469477	2474260	1
10383449	10383450	1
8639576	8639597	1
11586331	11586367	1
7951511	7951504	1
1273992	1229370	3
5712411	5712412	3
5495405	5495406	1
4993565	4993566	1
3295107	3293967	1
6581387	6581390	2
8947952	8947949	1
6235930	6235929	2
1036452	1036450	1
6549934	6549937	1
4107206	10688468	1
8325877	8325925	1
7361447	7979528	1
4065623	4064695	1
1097152	5489335	1
362972	362971	1
2546222	2538084	2
10610812	10610863	1
56717	53032	1
8449990	8449989	3
6522171	6582684	1
10714050	10714053	1
12596262	12596261	1
2268364	2268363	2
7374833	7374817	1
156031	156116	1
7720931	7720932	1
8388687	8388688	1
8437649	8437652	2
6340478	6340477	1
10374525	1795042	1
3173439	3173446	2
8794245	6613393	1
1501164	1501161	1
5806780	5806742	1
1142725	1142726	2
5615046	5615043	3
7763351	7624719	1
2330458	2126549	2
8754776	8754678	1
6120403	6120404	2
10750859	7929664	1
2861491	2876282	1
9596015	9596017	1
4115221	10799046	1
10498277	10505275	1
10610385	10585323	2
8012951	8012954	1
6540669	6540681	1
3029828	2759066	1
10988347	10988190	2
4836931	4837917	4
8647584	8647578	1
36647	4047	2
9008600	9007911	1
1026609	1026610	1
1620383	1616793	1
7720042	7720075	1
2458866	2408326	1
3531802	3531792	1
1347352	1254745	1
11593094	11593093	3
3500766	3500763	1
10486035	10494187	1
10250930	10083086	1
7857579	7857580	1
10665234	10665233	1
10647046	10566350	2
10938460	10938459	1
4080861	4080862	1
2873556	2873555	1
12168302	12175575	2
8490380	8490178	1
12610093	12610094	1
954960	949601	1
5358559	5503678	1
10302122	11415064	1
638246	638245	2
4436959	4441254	2
1287045	1287046	1
7558929	7558930	3
9474284	9475316	1
669179	669451	2
1408315	1833916	1
6094598	6121720	1
7771436	7771435	1
9500514	11317906	1
1262408	1262407	2
6074541	6074542	3
8417077	8417081	1
11507786	11508773	1
3750483	3750532	2
4421721	4421701	1
4289013	4289056	1
6872623	6860946	1
8868619	8868620	1
2932000	3012106	1
9461956	9463389	1
4289013	4289054	5
9276525	9276512	1
8319044	8338218	3
1016432	1016431	2
5267457	5267502	1
1534036	1534026	1
4642093	4642094	1
10466732	10466731	1
4308139	4308131	1
1578647	1578648	1
1346462	1346485	2
2713282	2713246	1
4035402	4035401	1
3800798	3800797	2
2793728	3220906	1
2430884	2430873	1
4252889	4252890	1
7837173	7837174	1
3118703	3118704	2
9102291	9102294	1
1249200	1249199	1
11712029	11712032	1
12802191	12802192	2
7091510	7091969	2
6420501	6420833	2
7210312	7210311	1
11189304	11189365	1
5159144	5159143	2
5588192	11287149	2
9312725	9312726	3
8475590	8475589	3
4218622	4445779	1
6275755	6275756	1
4604824	4604823	1
3775083	3775061	1
11544608	11544710	1
11121302	11121301	2
8947952	8947951	2
7585777	7585778	1
5361599	3930060	2
6400914	6593462	1
2846046	2846816	1
1876400	1867090	1
8871027	8874681	3
11189256	11190673	4
9264460	9264459	1
7127196	7127267	1
5961632	5961631	4
10698048	10011735	3
10378130	10378129	1
11080823	11080824	1
1538942	1538941	2
1686189	1686190	1
10486140	10486038	1
11940767	11940768	1
11635115	11579579	1
12639746	12639745	2
8825813	8825814	1
12322221	12319705	1
4054885	3999268	1
12521382	12521339	1
2931419	3000046	2
3173437	3173438	1
8860644	8860643	1
7764049	7764050	2
7992123	7992124	1
10565521	10562352	1
404594	404593	2
8000931	8000936	1
2169367	2169365	1
7492549	7492558	1
11188617	657682	1
5456012	5455994	2
4794938	5600289	1
9070173	8947951	1
6222556	6222555	2
11619071	11619072	4
3549974	3549990	1
7281590	7281634	1
1252439	1252450	1
12541680	12543304	1
12476677	12476678	2
10775273	10774965	1
10460633	10460634	1
10802105	10802106	2
11872829	11872830	1
4473143	4473144	1
10603885	10603881	1
2667133	2667118	1
7564116	7564115	2
12552114	12551399	1
9070173	8947953	3
480182	314418	1
10808626	10808625	1
2282926	2282621	2
5838335	5832299	1
10216273	10215944	1
1675866	1675907	2
8261240	8261363	1
2614066	2614063	2
7907028	7907000	1
6200989	6200990	2
1512413	1507614	1
3826537	3826538	1
4185994	4192025	1
2170859	2170796	1
3425845	3425846	1
7811276	7811275	3
7792697	7792698	1
6007456	6005101	1
4421702	4421701	2
1562527	1623988	3
798561	798562	2
7363117	7377168	2
9514980	9514977	3
8866678	6488837	1
6056782	6157885	1
6444533	6444534	1
12176550	12176549	3
290125	193542	2
9311337	9311340	1
4090557	4090558	2
1431404	1384379	1
10648559	10766157	2
9318892	9318891	5
4083565	4083566	1
6109469	6109470	1
6030402	6037815	1
3659544	3659543	3
9031713	9031714	2
4056920	1107786	1
5447187	5447188	1
2718015	2718018	1
5060948	5060947	2
7174277	7174278	2
11509325	779190	1
7796448	7796445	1
6019970	6094882	1
7844283	7844284	1
86209	91345	1
3011714	3011713	2
1451203	1451159	1
9116437	9116626	1
8172984	8235029	1
8860015	8860016	1
11484327	11484328	1
4955707	4955710	1
5174205	5576692	1
404546	404545	3
3998619	3998655	1
9009805	9009806	1
6889099	6888246	1
6530701	6530738	1
4107413	4107416	1
1102389	1102390	1
11360119	11360120	2
5574781	5264142	1
568562	549246	3
9686252	9686217	2
9989009	9989010	2
12380424	12380423	2
5527108	5527066	1
5464621	5464526	1
780117	780118	3
9883090	9883089	2
8424662	8424661	5
2932719	2932720	1
6725145	6725146	1
2868895	2793230	2
11909755	11909758	3
7757861	7757894	1
10620626	10620625	1
1486811	1487300	1
5963961	5963962	2
10021786	10021785	2
5566221	5561861	1
9836205	9836206	1
7700736	7700735	1
6104004	6104051	1
4005305	3828267	1
4531421	4531422	2
12404982	12404981	1
1796078	1796077	1
3012109	3012110	1
11160251	10003177	1
9938094	9938093	1
2055687	2055633	1
3535513	3535514	1
8775874	8775873	1
465650	465649	1
2330458	2126547	1
6521104	6521103	1
9341966	10297984	5
6129043	6129040	3
12557184	12557183	4
2749051	3118702	3
10106907	10106563	1
207813	192826	3
12693261	12693306	2
11238889	11242015	1
8000935	8000936	2
5563572	5562270	1
1584075	1592978	1
927799	928244	1
789838	789837	1
2976662	2976717	2
2445964	2445955	1
9480571	9314867	3
3082513	3031202	1
2985971	2986064	4
4427883	4427858	2
6781805	6781806	3
1604472	1615774	1
8288540	8288539	4
7296785	7296786	1
4737582	4737578	1
1002318	1002324	1
2432907	2432774	1
7726970	7726969	2
7207588	7204073	1
7671242	7671241	1
9378207	9378208	2
7758264	7758263	1
11036540	10801848	2
10059310	10059309	1
11188716	11188715	2
10562754	10563137	1
2901144	2901143	2
9634022	9634144	1
10432531	10432532	2
3429406	3429405	4
1758035	1757330	1
8296730	8296729	2
2637382	2637381	1
4858716	4858571	1
5127582	5127581	1
2815681	2815686	1
5568869	5568870	1
6755634	6755629	2
8295918	8295917	3
7750291	7750294	1
522141	522142	1
1478179	1478180	1
351042	351039	1
474450	474449	1
68840	68839	1
762860	4557569	1
4738609	4738593	2
1408315	1833912	5
6755429	6755430	2
1701155	1751673	3
5045037	5045299	2
2708021	2708022	1
3675223	3675239	1
8345906	8344005	1
3673296	3673270	1
6617419	6617420	2
5060973	10319056	1
6358448	6708609	2
3782060	3781250	1
11470336	11470370	1
11051148	9324708	1
6008448	6008447	1
584408	584407	2
6111484	6111483	1
5538780	5273094	2
12437737	12497082	1
11509325	11508508	1
3549275	3549276	1
11391615	11391632	1
4546479	4689101	2
4576429	4576430	1
8855676	8855675	1
4238209	4238210	2
11850002	7868502	1
6553325	6553487	1
4023731	3976667	2
1944309	1943826	1
6844829	6844830	1
10604770	10604803	2
3634272	2499460	1
11061135	11061138	1
1755699	1755700	1
4337227	4500471	1
8528418	8528405	1
6947486	6948529	1
6043208	6043205	3
2597421	2597422	2
4399067	4394325	1
6272825	6272816	2
5453671	5463018	1
6322051	6322052	3
9006793	9006818	1
273132	273131	1
1570153	1758339	1
10316735	10316740	2
1116647	1116648	1
9421113	9421207	2
7858950	7858947	1
11470371	11470990	2
5703461	5701082	1
11602945	11602958	1
11164130	11164129	1
11601241	11601242	1
4047752	4047751	1
7737784	7737783	1
6755429	6755432	1
6521034	6520583	1
11672611	11672616	1
10068186	10068731	1
2159774	2159773	1
12368945	12367887	2
6397448	6401570	1
2612531	2612532	2
7141533	7149430	3
9943108	9943107	2
12418573	12417876	1
5253777	5253928	1
1609014	1608320	1
4188815	4210360	1
9727801	9727820	1
7585647	7585648	3
4389169	3510142	1
6764206	6764205	2
1186788	1186664	1
1981517	1981518	1
7609342	7609105	1
8871023	8871026	1
11896654	11896653	1
3644528	3644527	2
4289055	4289056	1
1932931	1932932	2
8256653	8253730	2
4614065	4614072	1
1222827	1232170	1
9624037	9621743	2
584410	584407	1
5554985	5554986	2
12801804	12801803	1
6810971	6810972	1
4917084	4910230	1
8288538	11554033	4
4708331	4710739	1
4599953	4599954	1
12029885	12030225	2
7468386	7468385	1
8449335	8449336	1
5890832	5890362	1
2312785	2312786	1
1874993	1874676	1
1159117	1159118	3
5328095	5332322	2
8496933	8496934	1
2645474	2645504	1
12626895	12626896	2
10312898	1102388	1
10612091	10612087	1
9878674	9878692	1
9132722	9022833	2
2035003	6692315	1
783988	783987	1
9613606	9613605	2
8205003	8205004	2
12314607	420739	2
7252661	7170210	2
6390173	6390204	2
5770411	5770412	1
3403	3404	1
4078867	4078868	3
8888558	8888458	3
3438663	3438697	1
5200262	5269038	1
5778771	5779771	1
12720309	12674776	1
9476882	9268297	1
3240538	3240478	2
1666411	1666412	1
1871412	1871473	1
7298392	7298391	3
6816711	6816354	1
11897072	11897071	1
2280924	2280919	3
6217013	6223504	1
5915921	5915949	1
3692965	3692966	1
10486035	10494192	1
3659544	3707445	1
1078020	1078019	1
10050869	10050870	1
8083105	8083810	1
1965221	1965394	2
1583105	4627392	1
5230069	5230070	2
7917071	7917091	2
4386125	4386126	1
881469	880705	1
8190715	8190716	3
12151157	12151200	1
7990775	7712882	1
2005478	9815211	1
10988609	10988610	2
6887101	6887102	2
1759683	1759684	1
9681339	9685843	1
7549234	7549233	1
2339286	2500327	1
3832841	3748877	2
6934221	8685047	1
2495293	2495294	1
11360121	11360122	2
3537750	3538756	1
1979203	1979204	1
10494186	10494192	2
12462086	12462085	2
9299704	9299703	2
3286819	3286820	2
8158368	8163805	1
477323	477324	3
11500429	11486007	1
8995555	8726538	2
8584829	8584830	2
10276676	10276675	3
4274028	4274049	1
5739252	10890718	1
11475836	11475787	1
279023	279024	4
5531365	5531366	1
4283098	4283097	2
8416231	7398107	1
5275730	5276031	1
10325133	10434063	1
5059975	5059976	1
8639732	8199864	1
7694282	7694281	1
8169442	8169441	1
7757941	7757942	1
6340197	6286427	1
11265279	11265282	1
11756405	11756406	1
170670	170673	1
1621449	1602729	1
3956016	3956009	1
9974520	9974357	2
508175	508170	2
5345858	5345857	1
6833981	6833982	1
3245167	3245168	1
11477504	11477503	1
2981456	2981554	1
1305770	1191594	1
4104623	8982102	1
4049017	4049003	2
1233423	1233424	1
5809888	5809887	2
3826535	3826538	1
11594637	4078272	1
3549277	3549280	1
8359925	9903661	1
6525833	11319636	2
11038601	10030438	1
464040	464039	1
8865483	8865486	1
6136242	5962881	2
9959079	9959080	2
1432708	1432722	1
6801796	6802301	1
11467983	11467230	3
2734810	2735188	3
9595307	9286639	1
3121839	3121840	1
6371359	6371360	1
432421	427041	2
4621535	4621536	1
882554	882528	1
3138992	3138083	3
11551965	11551968	2
1059032	1059031	2
5870256	5870255	1
1225376	1225375	2
7977097	7977100	2
5664578	5664577	1
3322932	3322940	1
309401	309414	2
10259250	10259183	1
509742	509741	1
7218991	7217871	1
8568700	8568699	3
12314640	12312595	1
7954428	7954427	2
5092235	5100161	2
7409780	7409779	3
293337	293340	2
8535473	8535474	1
4818235	4818236	1
4557219	4557220	1
8849540	8849539	1
3313617	3313618	2
11421057	11413006	1
2799832	2799750	2
2305213	2305236	2
1913567	1913570	1
849596	849595	2
3308092	3308091	1
11769731	11769719	1
8875933	8876266	2
9796902	9777767	1
11935899	11935900	1
11909562	11909561	2
205196	7446450	1
6420832	6420831	2
7395155	7372691	1
1285322	1285319	1
129605	129606	2
11795352	11793723	1
915753	915756	2
9544754	9544743	1
9713009	9713010	4
3203654	3203649	1
3418826	3419354	1
5879557	5879031	1
8169444	8169443	2
1317295	1317267	1
4350926	4362653	1
3640731	3640732	2
3675240	3675239	1
8617773	8617774	1
12803853	12646950	1
5282258	5279894	1
2612409	2612429	2
11477498	11477497	2
6098768	6098767	1
6199187	6199181	1
5893055	5893056	2
7195077	7195075	3
953726	953725	2
3142819	3386848	2
4642102	4642090	3
3999082	4013175	1
12680964	12680963	2
3518502	9479858	1
9522864	9521753	1
3306280	3306277	1
5012270	4988353	1
12016827	12016828	1
12224842	12224841	1
1014023	1014024	1
4064694	4053171	1
8152426	8152425	1
7795006	7795069	1
6342350	6289206	1
7361910	7361909	1
6847258	196182	1
2794384	2794692	1
2109347	2109350	1
7809009	7809011	1
10433575	10433576	1
5670455	5670446	1
1761717	1735026	1
11038592	11038591	3
9857756	9857728	1
7572058	7572060	7
5798207	5798304	1
12236347	12236348	1
3641901	3643894	1
7682902	7681546	2
7417459	7417420	2
11789051	11789054	1
4052723	4052724	3
12620796	12747295	1
5295925	5295926	1
11865989	11866216	1
173235	175562	2
11287067	11287102	1
6333862	6333861	1
7858946	7858945	1
4220793	4220794	1
6099474	6099473	1
1001700	1016685	1
9829008	1995324	1
4455791	4455794	1
6713635	6713636	2
4288873	4288874	1
290125	5079232	1
9479872	3518503	1
4538292	180140	1
3427939	3584296	1
6460488	6460487	2
7813966	7813965	2
7601425	7599314	1
12348161	12348373	1
1945770	1945769	1
6650258	6650257	1
8164329	8155707	1
4087051	4087052	2
10005030	10005029	1
10760786	10760783	1
8512741	8512742	2
10882464	10882463	2
9378203	9378204	2
8493903	8493904	1
7219964	7219963	2
3945274	5276332	1
9829010	9829009	1
5528216	5528204	1
3630536	3630535	5
7859026	5341404	1
11749850	11749858	1
4034804	7744001	1
2990828	2772967	1
10620624	10620622	1
12366654	12366634	1
61309	61310	2
1712344	5993247	1
7621249	7720928	1
10275605	10275606	3
4919402	4919399	1
11036616	11036615	3
6023287	6023288	1
5441990	5444686	1
11038594	11038593	4
12338847	12338850	1
5109684	5141271	1
12535260	12535259	1
11458268	11458267	2
3606575	3820283	2
8354812	8354747	1
4701415	4701337	1
11189364	11189363	1
5358557	5503678	1
7308030	7308029	3
7405955	7405956	2
6767109	6764342	1
7234376	7235032	3
9544754	9544741	1
3798259	3796909	1
4420319	4420340	1
1214179	1217946	1
8407654	8509622	3
6467938	6467937	2
7227993	7228297	1
2796286	2796326	2
12029323	12029127	1
11139803	11139804	1
680311	9750652	1
1157307	1157623	2
243712	243711	1
12792950	12792949	1
9194212	9194223	1
11364890	11364906	1
3364695	3366335	1
3394972	3620943	1
1545320	1545319	1
1562525	1562526	2
12401749	12401742	2
9302629	788966	3
7382497	7112233	1
4689968	4601715	1
5691205	11391623	1
4073101	9578902	3
591869	591870	2
10856407	10856390	1
9701804	9701803	1
8638476	8641570	2
3984073	4045656	1
5168383	5168384	1
3173437	3173446	1
10780326	1541439	1
4136301	4136302	2
12793187	12793210	1
11598477	11598478	1
9926221	9926222	1
10220298	10220297	2
11525225	11658452	1
5527110	5527109	1
2472877	2472878	1
7166633	7166616	2
3212426	10792510	1
11483326	11483307	1
4858560	4858535	1
12448214	12448296	1
7585649	7585776	2
3978635	3978636	1
4531423	4531424	1
6046123	6045854	2
9115431	9115432	3
2488300	2488299	1
11351187	11351188	3
6554532	6794888	1
4721362	4552983	1
9855924	9855923	1
5534183	5534200	1
9537167	9537168	1
11194335	9293069	1
11577370	4610118	1
593780	593779	3
8296732	8296731	2
5933652	5933651	1
6556376	6556672	1
6867873	6867874	1
2818567	2818555	1
4520103	4520104	1
8388687	8388690	1
9007534	9007533	1
9299709	9299680	1
8179103	8179106	1
8659595	8621670	1
8041796	7873145	1
6158971	6158973	3
5885545	5885546	1
2866535	2866536	1
6405295	6636082	1
1631634	1631627	1
8977087	8977088	1
2685729	2685784	2
270840	270837	1
6420500	6419602	2
751494	751490	1
4092617	4092618	1
10915731	10915732	2
10553509	10553510	1
7066650	7061230	3
316799	316802	3
3813706	3813703	2
2905692	2740504	1
9040111	9040112	1
5168947	5067922	1
5229265	5229266	1
11036618	11036617	3
12791219	12611620	1
4083567	4083963	2
2931443	2984787	1
10895091	10895092	3
1401557	5506592	1
2407179	2407180	1
9982520	9982519	2
9665080	9665079	2
3808397	3808398	1
10068732	10068731	1
11362026	11362350	1
2511855	2511856	1
9831542	9854926	3
4018595	4039460	1
9299548	9299547	1
6335236	6335953	1
638003	637972	3
416515	168138	5
8029933	8029934	1
10282964	10283079	1
2252610	2252609	1
10302674	10302673	2
2408541	2409186	3
8282664	8286821	1
9053143	9047659	1
2929566	7587010	1
5127438	5122736	1
6509620	6482147	1
3023779	3023780	2
5961630	5961629	3
2170797	2170798	1
5598057	5598060	1
8023272	8023271	1
11994582	11994581	1
2159827	2159828	1
3337192	4043534	1
11764334	11736389	1
9471650	9471653	2
10909894	8821283	1
4300005	4299351	1
6798584	6798619	3
9533703	9533246	1
4989647	4989648	1
4181341	4181371	1
10748908	10748911	1
4028095	4027990	1
7921187	9584345	2
96220	96219	1
1131454	1131453	1
6208746	6207474	1
3627519	3640025	1
729472	789837	1
7974669	7974670	1
1061543	1060320	1
7772832	7455688	1
5299006	5299005	2
9954734	9953527	1
3695776	3754655	2
6825744	6825810	1
2261521	2386650	1
7046071	7046061	1
1317270	1317267	3
5248996	5248995	1
8175181	8175201	1
9701808	9701805	1
9390579	9388115	1
1860934	1860867	1
8841146	8843940	1
9445932	4066700	1
4620191	4620192	1
6755652	6755651	1
215480	215479	1
4089212	4089211	1
7210310	7210309	1
4265235	4282596	1
7230714	7230713	3
3312510	3311832	1
8407656	8407655	2
11569117	11569118	1
10735158	10735157	1
10988145	10988146	4
5248998	5248995	1
9361748	9361747	1
2588084	2571835	2
4024638	4024637	2
4699102	4699101	1
4054364	3195251	1
7558931	7558922	1
2001255	2001256	1
6089822	6089821	2
5723128	5825395	1
12737759	12737760	1
5304841	5304844	2
2637380	2637379	1
6353726	6365973	1
2715081	3039269	1
12611439	9133067	1
4817267	4817268	1
2165234	2334179	2
2511176	2511175	2
4904559	4904519	1
9099541	9099308	2
10318312	10314498	1
9067390	9078422	3
12402055	12402056	1
300999	301000	1
12133687	12137160	3
29438	29437	1
12401130	12401751	2
642887	642881	1
7759007	7759008	2
9635742	9635715	1
2043163	2046764	1
585997	585821	1
3405	3406	1
6118210	6114378	2
6353726	6365977	4
2780094	2782055	1
10507216	10507258	1
10575719	10575728	2
6345150	6345149	1
7363784	7363777	1
10676727	10676730	1
6642703	6642704	2
792953	792924	1
1246404	1246403	3
5580924	5581084	1
3531803	3531804	2
369076	369092	1
2366679	2366633	4
2252289	2252286	1
11362026	11362025	1
9098855	9098856	1
3340576	3340573	1
11759698	11759697	1
1069701	1069724	1
5538374	4532930	2
3822329	3824380	2
4648754	4649885	1
9730496	9730495	2
12173349	12173169	1
1766162	1766151	2
3762608	3760427	1
1347352	1254747	1
7496178	7496505	1
1889227	1889228	1
11188396	11188395	1
9947462	9947461	1
6479969	6479970	2
3939077	3939078	1
12639750	12639749	1
4476761	4476762	1
11052438	11052432	1
10125170	10123658	1
10988612	10988611	1
12301830	12301829	1
3081655	3081658	1
3948928	3642687	1
3426216	3477701	1
9352945	9346487	4
362988	364781	2
1958521	1958519	1
9057262	9057271	2
9953982	9953988	1
6732530	6755428	3
3578908	3578907	1
4189068	4190654	2
8805973	8798354	2
8101274	8275138	1
3675225	3675245	1
6030403	6030404	1
1673294	1673289	2
4472061	4472062	1
2059349	2059350	2
4069723	4066255	4
5694071	5694072	1
3937533	3937536	2
9312579	9312585	1
11591791	11591766	1
6505888	6509633	1
827947	953724	1
7495461	7481275	1
11188352	11188311	1
5055178	5183455	1
7152314	7152313	1
266585	266561	3
6312713	4918114	2
4341991	4166093	1
8658888	8658885	2
11721803	11721804	3
4132988	4132996	1
5593232	5593205	1
3886244	3456883	2
7974668	7974331	1
2276712	72339	1
763104	529316	1
7851903	7851990	1
4736714	4736713	2
5522087	6744341	1
4052154	4052018	3
11098823	11098824	1
8871025	8871026	4
378885	378898	1
44631	7352006	2
11121304	11121301	2
2825909	2827114	1
12796997	12796998	4
9021027	9021030	1
8911986	8911965	1
9715004	9675417	1
2469475	2474260	1
5788608	5788607	2
9008600	9007907	1
8515222	8515221	1
6037810	6037809	2
7275908	7275872	1
9900982	9900964	1
5626785	5626786	2
7986560	7986501	1
7648739	7647277	1
1751354	1751353	1
5209978	5209977	2
7609860	7601945	1
3977265	3977246	1
7430138	7430137	1
6574517	6550003	1
1726896	1639919	3
2744155	2744156	3
9621044	9621043	3
9305830	9305829	2
1711356	1595798	2
2942885	2942886	1
10498273	10498276	2
5297939	5297942	1
3322944	3322943	1
2382901	2384079	1
12620383	12620384	1
8565299	8565224	2
6129043	6128443	1
4828344	5741926	2
8230960	8230957	2
8321125	8321060	1
10431742	1286498	1
11680592	11680946	1
11814307	11814275	1
4813854	4813853	1
4502935	4595570	4
10052269	10051978	1
2735545	2735181	1
10205885	10205886	1
7362927	7362928	1
12141369	12161387	1
139666	139659	1
4516069	5462671	1
5141018	5260441	1
5051071	5051450	1
3377791	3377792	4
8860017	8887798	1
8531624	8531649	5
6185970	8580706	1
7963458	7963455	1
10285815	10285816	1
2305246	2305245	1
4510944	4483209	1
9747278	9747292	1
12573708	887028	1
10354285	10354286	1
11499823	11499824	2
6005100	6005099	1
346255	345879	3
2242087	2111411	1
2622417	2622418	2
6728330	6728329	1
5309675	5371175	1
11601241	11601244	1
1516399	1558798	1
1751586	1751581	2
2223435	2223436	1
5825547	5821967	1
12454024	12450332	4
2063833	87150	1
11316658	11315479	1
6371359	6371362	1
4544017	4544007	1
3036961	3032240	1
9938110	9938095	1
10317831	10318469	1
8129451	8130322	2
10562401	10562365	1
11594213	11594214	2
3673092	3673299	1
2842177	3025004	2
10869944	10869941	1
12379320	12379035	3
2981555	2981556	1
3306280	3306279	1
3535521	3535510	1
9001745	9001746	1
2993476	2993473	1
8450684	8450681	1
4067397	4067638	4
4994352	4994351	1
6798128	6798126	1
248324	248297	2
1923819	1923820	3
1396276	1396275	1
6162491	12466044	1
341638	341637	2
11935043	11935046	4
11103138	11103137	2
3373063	3373041	2
10021788	10021787	1
9533701	9533246	1
5236039	7422714	2
7378604	7378603	2
4816278	4816275	1
3993371	11993281	1
1652050	1652085	2
6833236	6833235	2
6022196	6022195	2
1558183	1558184	1
10265276	10265066	3
7221692	7221691	1
12592503	12545149	3
9972764	9971698	1
9000465	9000466	1
9533701	9533702	2
960415	960406	2
781382	781381	1
10337128	4081901	1
7073760	5165290	2
8947950	8947949	3
2415169	2473281	1
8737884	8737883	2
1250685	1250688	3
12181168	3936504	1
9606533	9606535	1
10052988	10053447	1
4087053	4087499	1
1652086	1652085	2
815456	815455	1
4806604	4806569	1
5485403	5485383	3
9675151	9675152	1
12673501	12673296	2
10765827	10765951	1
3063303	3097011	1
8892153	8892156	3
6446685	6446686	2
6371361	6371362	1
9133537	12044462	3
8046697	8046692	3
402621	402622	2
263146	506952	1
966661	966780	2
7645778	7644202	1
1606145	1606146	2
11342752	11342751	3
8087182	7190311	3
1711835	1711836	1
2656569	2656572	1
2998957	2997239	1
1267876	1267873	1
12743730	12729436	1
6507287	6507305	1
9769313	9768646	1
12781424	12781423	1
12173148	12178377	1
9439353	9439354	1
381383	381384	3
7631256	7607006	2
6755650	6772962	1
10405656	10405649	2
9100891	9080273	1
1944307	1943826	1
10717441	10298880	1
10941228	10941227	1
2283658	2161048	1
11416305	11416306	1
9087962	9087105	2
1070723	1070403	1
6693455	6693447	1
12290759	12290730	2
3975500	9396446	1
9264458	9264457	1
7451895	8007535	1
6767315	6759745	1
2159829	2159772	1
985708	985851	1
10226791	10226792	4
3060158	3060161	1
11644039	11644040	2
2092333	2091646	1
9996364	10031588	2
5943847	5943934	2
5095825	5095826	5
5211388	5175901	1
7585649	7585778	1
827231	791349	1
353655	353656	1
11708999	11709000	1
1584075	1592976	5
8229776	8231011	3
7334441	7334442	1
4002235	4002236	2
1473227	1473228	1
363216	363213	1
5577671	11850065	2
3291476	3268643	3
2374905	2374906	2
8958453	8958454	3
6222322	6220816	1
7977832	7977831	1
11141473	11214754	1
4265279	4266230	1
3888240	3816258	3
8976897	8966308	4
12438340	12445910	1
10762485	10762486	1
3372131	3367643	1
7103183	7104020	2
4251559	4251581	1
5127714	5127713	1
9755123	9751865	1
8475592	8475591	2
6538317	6538318	1
8555073	8412141	1
6474906	6474909	1
5619717	5619718	2
1473225	1473228	1
11196966	11055004	1
953728	953727	3
3195250	3195249	1
11359231	11359332	1
11615923	11615926	1
9624034	9277077	2
544253	552805	1
8766955	9148222	1
7439891	2573771	1
7437470	7440699	1
3137185	3137173	1
5925492	11860457	1
10775273	10774967	1
4482380	4443422	1
9738931	9738934	1
11477699	3369547	1
497788	878761	1
7210312	7210309	1
11725010	11725009	1
6728332	6728331	1
11674095	11674096	1
10814383	10813408	2
1516396	12515120	1
12742223	12748253	1
2940809	2940810	1
10729349	10731718	2
300301	286568	3
11314411	11314506	2
11991062	11990506	7
2785795	2795324	1
3826535	3826536	2
558371	558805	2
6919089	6919090	1
6023197	6095136	2
6568949	6368483	1
6764127	6699548	2
720130	720129	1
9506839	9506842	2
8849041	8849042	2
7822544	7819433	1
11160620	11160619	2
1601064	1370351	1
162379	172728	1
6439794	6439793	3
9584908	9584925	2
882399	882400	3
11981457	11725137	1
9007908	9007907	2
4540039	4539344	1
6460484	8902327	2
5159142	5159141	1
2081641	2081642	1
7564120	7564117	2
3545686	3545685	2
2374907	2374908	2
12664309	12664310	3
11549511	11549525	1
7679459	7647375	1
5353531	5353532	3
8744952	8744017	1
11451374	11451373	2
11604528	11604527	1
9043204	9043203	2
3736145	3913503	1
7670635	7670642	3
445161	445153	1
1442223	1442224	1
6687885	6688051	2
12236345	12236346	1
9117824	12654194	3
6340193	6286427	1
7931339	7931455	1
9298643	9332022	2
3651388	3651387	1
3933859	12181169	2
10644494	10644020	1
7359427	7359591	1
5153278	5153277	4
6652036	6651200	1
8190717	8190718	2
5553796	7920411	1
4196249	4195971	1
4575162	4551278	1
2921038	2921035	2
11721803	11721806	1
4393957	4393958	1
11037785	653607	1
2047610	2047616	1
9462399	9462400	2
9073014	9073013	3
798561	776444	2
7362819	7362926	1
7164137	7164119	2
11113803	11113813	2
9948730	9948729	1
1146920	1146919	2
8779096	8779095	1
9299541	9299542	1
1565110	1559951	1
7977830	7977855	1
6334550	6334483	2
1377981	1412588	1
5541270	5200169	1
1196367	1196417	2
2370995	2370170	3
1660492	1660478	1
1345975	1345978	2
5345860	5345859	1
9706376	9706375	2
10407763	1148344	1
9126266	9126263	2
2539984	2539983	3
12527416	12524596	1
10097576	10097135	1
4817263	4817264	2
2924651	2943887	1
7926877	3956950	1
2026709	2026710	2
12172781	12172860	2
6582683	6582684	3
8424660	8380626	4
2519451	2519445	1
11523397	11523698	1
1047428	10432530	1
7690969	7691634	1
269745	269720	3
7765061	7765179	1
10283189	10283552	2
1220285	1291740	3
9093697	9093698	1
8179105	8179106	2
4607184	4607183	1
7399168	7399012	1
4621097	4621102	1
9659140	9668609	1
4435733	4435696	1
10637305	10637316	1
10735056	10735053	2
10272396	10272399	1
3038245	3051427	1
10433575	10433578	1
341604	341637	1
6476690	6475422	1
8895057	8895058	1
5300685	5300686	2
10354283	10354284	1
331045	331046	1
2611100	2611099	1
1833913	1833914	3
1487308	1487301	1
3775060	3775059	1
139666	139661	1
486208	570228	1
2022545	2021368	2
4390393	4390394	2
6778039	6721536	2
557549	556444	1
4526840	4527062	1
10503882	10347996	1
12515304	12485678	2
7458724	7458197	2
237870	237869	1
6932450	6932449	2
8456091	8456048	1
8313216	8313215	1
4499704	4499703	1
4100775	8967542	2
1145712	1145711	1
5911330	5911329	1
12134987	12134988	1
8673368	8673367	2
7161977	7158480	1
7413939	7368229	2
4648756	4648755	1
6549441	6549446	1
8895055	8895056	1
10454314	10440116	1
3282224	3282188	2
2906841	4068860	3
3429404	3429403	3
1999651	1999639	2
11167829	11167761	2
10909894	5626548	1
6351856	6349245	1
1762803	8008207	1
2990239	2990240	1
6352247	6352250	1
2776478	2777648	2
12026809	12026812	1
10400186	1049019	1
8805971	8805972	3
3268642	3268641	3
7352622	7352994	2
11212348	11212347	1
12652212	12652209	2
8174276	8174273	2
7814508	7814507	1
7275134	7275133	1
11420993	11420994	1
10766156	10766155	2
4069768	4069765	1
8083103	8083810	1
10808624	10808627	2
11425773	11425774	1
9505969	9503658	1
11918892	11918891	1
11096581	11096582	2
653139	653140	2
11896652	11896651	1
4272743	4270198	1
400051	400052	1
9004637	9004638	1
2677066	2677065	2
4105357	4035772	6
9331999	9331389	1
870012	869450	1
9510988	9510981	1
7462603	7462598	2
1016430	1016429	2
3822110	3821463	5
156115	156116	1
3371260	2829494	1
11322413	11322414	3
8283865	8283868	2
7067028	7055239	1
4746902	4746901	1
12485038	12431434	1
8628342	8627793	3
1188601	1188602	1
1643149	1643145	2
2188179	2188180	1
2235729	2235730	1
9467335	9467323	1
1996781	10220178	2
4114277	4114278	3
12012495	12012498	2
11993627	11993628	2
6080926	6080925	1
12265781	12265782	1
341832	341831	2
2529482	2529546	1
9197835	9197836	1
2719740	2721353	2
7696491	7964990	1
159796	159789	1
9102289	9102294	1
9530785	9534784	2
8538751	8538752	1
5295927	5295928	1
9820297	9821258	1
529317	529318	1
9518168	9518167	4
7418160	7418159	1
6496644	4359576	1
3052317	3045659	1
12353583	12353575	1
1616146	1616145	1
6286110	6327284	1
4708375	4708376	2
10588565	10588566	1
159796	159793	2
6287743	6287744	1
4699102	4699099	2
2694461	2693728	2
2020874	1923818	3
8056677	8056771	1
1250689	1250690	5
779034	775946	1
7489911	1863405	1
2496147	2496148	1
2942883	2942884	1
1962133	1962134	3
10285897	10285900	3
5825545	5825546	2
6797912	6797911	4
2102827	2102846	1
12208775	12208749	2
8493905	8493906	2
5244298	10308722	2
180139	180140	1
5268859	5277493	1
4553312	4552974	3
7066652	7066651	4
2538659	2538660	1
5788606	5788575	1
2573800	2536162	2
4854133	4473145	1
4587930	4681635	1
9110206	9110044	1
814894	407572	2
240143	240144	5
9829973	9829968	1
8512743	8512744	2
9173011	9172681	1
137820	137723	1
2756018	2755741	1
7747905	7747916	2
6113214	6113213	1
2873824	2961773	1
6434768	6439667	1
1795650	1795649	1
5382981	5382977	1
5976455	6021816	1
3801484	3801497	1
5152223	5152226	1
3671111	3730086	1
6118378	6118377	1
2209116	2209115	1
4228495	4228496	3
9602130	9602036	2
10849459	10849460	1
1109847	9465387	1
6757644	6757612	1
12163130	12163127	1
7957138	7957020	3
2909	2910	2
4830379	4830376	2
10553314	10553313	1
1209577	1209490	1
9103140	5784724	1
1626033	1626034	2
5856524	5973776	1
5060950	5060949	1
1207917	1207918	1
6798618	6798617	3
7637110	7637109	2
12610833	12610859	1
3537753	3539443	4
7364010	7361612	1
5095827	5095828	6
9115433	9000464	1
11137357	11137624	2
3131651	3131652	2
4383406	4383405	2
1253807	1254232	2
1244464	1245425	1
9387371	9377405	2
8228439	8228330	1
10196361	10196362	2
7697671	7680523	3
10734912	10734911	2
11186163	11186164	2
10734914	10734913	2
5318792	5307781	1
8871023	8871024	5
7267623	7368995	1
7294155	7302128	1
2109345	2109346	2
8468437	8468448	2
4174423	4174424	1
783990	783989	1
9151915	9101407	1
8530559	8530560	2
5373624	5373715	3
8089676	10792873	1
7974669	7974329	1
922760	922759	1
1510600	1510599	1
12493260	12493259	2
12198914	12199049	1
4795551	4795552	4
11773052	11772816	1
2999992	2999991	1
9718866	9718861	2
2233141	2293432	1
11385614	10995063	1
3429400	3429780	2
4493639	4493794	1
7335178	7335202	3
1604189	1604190	1
2592583	2591928	1
11164898	11164917	1
6781803	6781804	3
9657143	9657144	1
8656947	8656948	1
5637399	5637779	1
3968628	4126541	1
5094691	4950468	2
4828346	4828345	2
10302676	10302675	1
12639752	12639751	1
621884	621883	2
11900239	11900150	2
4040576	3329318	2
9462401	9462402	2
1723550	1723549	1
4998946	4999181	1
4002014	4002013	1
465646	465643	1
3317795	3305178	2
2588086	2588085	2
5196834	5139613	2
9299681	9299682	2
10676731	10676732	1
6820322	6825435	1
9627008	8352030	1
3675223	3675224	3
3429402	3429780	1
2980449	2984325	1
10288997	10288998	1
164579	165014	2
9343262	9343261	1
11189304	11189363	2
8022149	8011777	2
5536852	5536849	1
4172013	4172016	1
11959674	12398229	2
4393955	4393956	1
2854717	2854718	1
290127	193542	2
11233172	11368808	1
12254910	12254909	1
270838	270837	3
11060355	11051760	1
10379218	10379237	1
9055738	9055737	3
5452209	5304840	3
1925589	1925590	3
1748291	12769339	1
7952336	7952293	1
11992576	11992575	3
7118572	7118569	1
138465	233755	1
167892	167891	2
8836484	8836507	1
884576	884654	1
1015412	1015411	1
1642425	1642426	1
4136299	4136302	1
12384469	12384470	1
3010012	3010011	2
3913184	3830282	1
7189783	7308029	1
3606038	3606037	1
7357925	7357926	3
4858266	4858260	1
4653451	4105054	1
2070899	2071216	4
2715078	2733155	4
5826510	5826509	1
10748040	10748037	1
9701808	9701803	1
5954403	5954404	5
12757128	12757127	1
10739174	10739285	3
12019952	12021416	2
5158078	5158064	1
11350233	11350229	2
7813968	7813965	1
6103998	6103997	1
5870241	5870306	6
9479872	9479858	1
6968805	6968806	2
9927168	9927167	1
9368789	9368790	1
11578721	11646307	1
9801818	9761317	3
2268380	2268379	1
3866872	3771152	4
10140739	10131342	1
6554797	6540623	1
7436315	7436177	1
6788540	6788539	1
9538822	2000843	1
1346741	1346742	1
5784677	5784619	1
11734066	11761636	1
11085506	11037096	1
6531817	6531818	2
1538947	1539027	1
6902543	6902544	1
11338526	11338525	1
9312536	9312535	2
2533940	2533939	2
9661008	9666888	3
1013551	1010391	1
10053446	10052989	1
3396472	3423809	1
1015841	1015842	1
671293	671294	1
5389024	5388925	1
9346400	9346399	4
1228739	1228747	1
3597835	3612880	1
465652	465651	1
7038217	7044942	1
7803934	7803931	1
8860864	8860863	1
565765	565745	1
1254746	1254745	2
11804774	11804773	1
6522171	6582682	3
9796910	9796903	1
11775652	11822527	1
8129199	8128665	1
9775779	9776174	1
2880690	2892631	1
162858	162857	1
9858135	9858136	3
2889440	2889425	5
6852208	6852205	1
6642705	6649900	2
10099193	10103961	1
11416303	11416304	1
10565521	10565522	2
3973897	3973455	1
5223940	5223939	2
3910251	5439912	2
3585054	3589603	1
4257728	3535512	1
4107793	4103633	1
5516495	5516496	1
6752842	6752841	3
4616218	4616211	3
3776260	3776256	1
7750291	7750292	1
11295104	11295103	1
965411	965412	2
7910470	7910467	1
4520099	4520100	2
9551844	9551843	1
4571643	4571644	1
11605962	11605961	3
4644448	4607181	1
6355271	6355272	1
2081639	2081640	2
8847384	8847388	1
2268378	2268377	1
4989636	4989646	1
7638257	7638258	2
9377358	9377339	1
92520	92519	2
6488723	6488730	1
2167333	7485998	1
11809662	11809661	1
9701758	9701809	2
10192055	10192056	2
1081039	1081040	5
12168300	12175575	2
277256	278487	2
11553832	8292109	2
1757927	1757928	3
10829148	10829163	2
9021029	9021030	1
2348070	2281445	1
3629903	4003744	1
10752258	10751616	1
9940502	9940797	1
12506492	12506489	1
11594215	11593088	1
4109291	10663143	1
6414269	6223702	3
11904475	11904476	1
975686	975685	1
8048255	8048258	1
8149370	8149498	2
12233000	11980413	1
4558406	4558405	1
7972133	7972150	1
11098815	11098822	1
5190693	5296718	1
6085878	6085877	1
8174278	8174277	4
2921036	2921035	1
2239851	2239834	1
4436959	4441256	1
1482615	1489237	6
6582268	6272670	1
922762	922761	1
11719224	11719249	1
6065566	6065569	1
4499706	4499703	2
4330747	4330748	3
8951027	8951040	1
8231964	8231988	1
8219525	8219526	2
5338506	5338505	1
1059032	1059029	1
10540424	10540423	1
9018614	9001744	1
9553643	10153464	1
5748330	5748329	2
7767729	7989985	1
5095825	5095828	1
8631072	8631071	1
3889782	3889781	1
5132589	5145451	1
1084173	1084174	1
3859984	3859983	2
10168589	10168688	1
2417992	2417991	2
9057270	9056677	2
11521627	11521628	1
11515184	11515183	1
7168059	5165258	3
7996726	7876286	3
8040763	8040764	1
6460317	6460320	1
3999906	4027254	1
4499094	4279833	1
11903884	11903883	1
3359911	3359912	1
9969140	5316610	3
8429029	8429031	1
1564116	1563378	1
9009802	9009801	3
5478344	10323944	3
3287193	3287194	2
936200	936199	3
4858562	4858535	1
10761975	10761978	1
4640129	11295103	2
6222554	6224558	1
3820282	3820281	3
12672499	12672536	1
6686978	6686977	1
3559796	3609479	1
1217947	1217956	1
11620595	11619070	4
7375470	7391479	1
10488460	10488459	1
3588799	3588802	1
8109237	8109235	1
2904515	2904516	1
8450684	8450683	4
5769534	5844610	2
1858819	7488163	1
5258067	5495599	1
11296901	5896872	1
4225452	4226549	1
7499026	7499019	1
4257728	3535514	1
6195402	11864399	1
8972704	8972672	2
798563	776444	1
4644448	4607185	1
7829742	7828468	1
5855162	5855161	1
11717206	11717203	1
1516396	1826310	5
4708354	4708330	1
7180260	8022221	1
11008100	9734567	1
7789011	4085048	2
5341635	5341636	1
12454353	12455102	1
4198034	4198033	1
2359913	11385615	1
11203687	11203688	1
5183454	5183453	1
8091894	8092407	1
7062109	7062110	2
2263216	2263206	1
5139958	5139957	1
10433967	10433968	2
63147	63148	4
6873999	6873995	2
9567318	9761068	3
2633166	2648601	1
4107738	10983622	3
4474081	4474221	2
4499706	4499705	2
10395862	10395861	1
10761975	10761976	1
7415423	7415424	1
4052021	4052022	2
3148959	3218405	3
8493390	8495725	1
1510598	1600178	1
645439	645440	1
7397684	7397681	3
3507507	3507567	1
7654323	7656964	1
761102	761101	1
179761	179762	1
761313	761314	3
4276365	4276366	3
4558408	4558407	1
10829148	10829161	1
6418513	6418516	1
6086792	6086783	2
1152865	1160507	1
11364892	11364891	1
4817265	4817266	1
7384318	7384317	2
11409703	11409704	2
5701403	5602712	1
1127248	1127229	1
7097796	7097719	2
10610010	10610007	1
290125	290126	2
4362667	4362663	1
8403895	8403766	1
6406129	6406101	1
4736718	4736717	2
1999651	7771612	1
9661010	9661009	4
1408315	1833914	2
6816270	6400668	1
3212778	3212777	1
477325	477326	3
2767479	2767480	1
2066351	2066352	2
1640085	1640266	2
11759696	11687248	1
1720132	1721416	1
10492891	10492873	1
10398988	10398987	2
740241	740122	1
6933715	6933741	1
1777896	1777895	1
10100497	10100498	1
3406609	3406610	1
9076773	9076774	1
1690448	1691390	1
10094965	10094968	1
5891929	5961052	1
2388201	2338814	1
1131458	1131453	1
12508545	12507561	1
1639554	1639531	1
8449990	8449987	3
11943446	11943944	1
11797561	11797562	2
9098857	9098878	1
9545506	9307739	1
10839117	10839120	1
2395190	2395189	1
4412972	4412971	1
1127261	1127262	2
11411595	11411602	1
9740457	671292	2
5499705	5314339	1
8998904	8998899	3
4002450	4002479	1
8023609	8023610	5
313895	315998	1
5710308	5710430	1
3992439	3269837	1
1712344	5993249	2
8571354	8571351	1
10070593	10070594	2
8734004	6532025	2
2865476	2865475	1
10562351	10562352	2
9305828	9305827	2
1137509	1137634	1
4386123	4386126	1
2827964	2827963	2
5907048	5726592	1
4647770	4091557	1
920042	920041	3
5670429	5667341	2
10836012	10836000	2
11408311	11380343	1
5769537	5769538	2
5248998	5248997	1
11725136	11725135	1
6412747	6763335	1
8750798	8750797	2
5698522	5698521	2
1337743	1347137	1
1002219	1002843	3
8450682	8450681	2
9193104	12502173	2
1561969	1561970	1
1477514	1481325	1
3513690	3513687	2
4552982	4552979	1
2032016	6378860	1
7385697	7440868	2
4499708	4499707	5
10592027	10592028	2
12480832	12486457	1
4644448	4607183	1
4034567	4036119	2
11899519	11901342	1
1081041	1081042	5
11142608	11142472	1
7949156	7949155	1
3989754	3989753	2
3328102	3328101	1
4518839	4518840	2
9858137	9858138	2
9332023	9332024	1
2205375	2205246	2
6734320	6734284	1
11572908	11573522	2
8268693	8227705	1
2958784	2955280	4
5197126	5197123	1
11130476	11131850	1
6778732	6778731	1
11038590	11038587	2
1640083	1640084	3
5478346	5478345	2
137476	188828	1
6113216	6113213	1
12530895	12173330	2
11208270	1649247	1
6778043	6721536	2
4858562	4858561	1
849594	849593	1
10147856	10145352	3
9518166	9518176	3
4131384	4131383	3
2019931	2019932	1
8728399	8728404	1
9129975	9129973	1
2712911	2712908	1
8361902	8361899	1
3644804	3638744	3
4057868	4060191	2
8673366	8673537	2
12198050	12198049	2
6587527	6599175	3
9377760	9377759	1
7027290	3352775	1
8958808	8960414	2
4071931	4071932	1
5299698	5299235	1
6847057	6856262	1
8504429	8504561	1
8780157	8780158	1
9622151	9622152	1
5348659	5179568	1
158808	158807	1
546932	542041	1
1609496	1609805	1
5943845	5943846	2
7716901	7717189	1
5712411	5712414	1
5250983	5250984	1
584410	584409	2
12511268	12511248	1
2773413	2758952	1
1764250	1764248	1
2592236	2592163	3
7446351	4859825	1
7564125	7564033	1
6998512	7000173	1
11673016	11674279	1
3505413	3505414	3
2133580	2332486	1
2807063	2946958	1
7796423	7796449	2
6126050	6125965	1
12320051	12320054	4
2022998	2022997	2
853785	870207	1
7280534	7280533	1
8710455	8710456	2
7765059	7765060	1
8940611	8940586	1
1755701	1700512	1
9092735	9092115	1
1840414	1568926	1
6699549	6699567	1
8896378	8896383	1
756019	755653	3
1097084	1097083	2
2588086	2571835	2
7391044	7391041	1
6656667	6656668	1
9096527	9096528	1
10468533	10468538	1
6901452	6901451	1
1534744	1534752	2
9330610	9330679	4
12811697	12782631	1
10260082	10260089	1
118757	118745	1
1889229	1888812	1
1833913	1833916	2
2588842	2588841	1
2133940	2294125	2
7582389	7579657	1
2794341	2794342	1
6792787	6658996	1
10201969	10179663	4
7335180	7335179	1
333577	329490	1
10450624	10450623	2
10270650	10270649	1
4790960	4790959	1
8246154	8219509	2
9340748	9340754	1
9465386	1108792	3
8973783	8973784	1
9377673	9377761	1
10565525	10562350	2
6042513	6042514	1
9022838	9022833	1
2044321	2068739	1
3523538	3523535	1
3634270	3634269	1
3965848	3965847	1
5096023	5095826	1
3166121	3166122	1
4206712	4206711	1
4106260	4106259	3
8152218	8152217	1
3194180	10785683	1
6636290	6636283	1
8714364	8714363	1
404594	404591	1
8001937	8001938	1
6636173	7131040	1
6816355	6816356	1
6434882	6434775	6
4990670	4990669	1
10941415	10941418	1
6642703	6649900	1
4212554	4212553	1
9696529	9673047	2
9744264	9744263	1
4228497	4228498	2
9171714	9171713	1
2756430	2756429	1
3691217	3753089	1
1078018	1077994	1
8531971	1716410	1
5833467	5832937	1
9119338	9120253	1
3486201	3486202	1
7935432	4068645	1
8153040	8053707	1
11415008	10302123	1
3419183	3419184	1
10395093	10506720	2
10556680	10556835	1
12610091	12610092	2
139660	139659	2
8822031	8822136	1
10462878	1282547	1
6051167	6051168	1
8901597	8901568	1
9787559	9787553	1
7720606	7721404	2
6866814	6866771	1
2126548	2126547	2
12602726	12602725	2
4578843	4578844	1
8073083	9581820	1
4048181	3709630	1
6147412	5893054	4
2357622	2361352	1
10465766	10745428	1
1401555	5506592	1
7762477	6856375	1
10166381	10993669	1
12729437	12729438	1
1545144	1832338	1
11601841	4078327	1
6264061	6264064	1
23080	23069	1
1657240	1657239	3
9304775	9304776	1
3141103	3377792	1
8638829	8638996	1
8155724	8163713	2
4471739	4471804	1
11497110	11497092	1
4276400	4276397	1
1218886	1218851	2
10315572	10315571	1
10730486	10730485	2
10129961	10264838	1
2292473	2177204	1
63637	63638	1
5259665	5259666	1
9644909	9644910	1
10403947	10404302	1
4343679	4343698	1
10860067	10860068	2
5766096	5766088	1
11544608	11544607	2
7548708	7548722	2
11167188	11122396	1
7234378	7234377	3
619263	623465	1
2924979	2780624	3
9336067	9336058	1
8661045	8661048	2
8656774	8656784	1
8308360	8308359	1
12772913	12619000	1
7564120	7564115	1
7827263	10118322	1
11721805	11721806	2
6696325	6696326	2
7675893	7678203	1
5541272	5541271	1
7097718	7097717	2
10666778	10666777	2
3123709	3083039	1
3640729	3640730	2
8247289	8247290	7
4049789	4049790	1
2343125	2343126	1
2345892	2345891	1
9021027	9021028	1
3701863	3700902	1
2964705	2964706	4
4191991	4192004	1
3659542	3707445	2
10031589	10031592	1
8732609	8732610	2
11605964	11605963	4
12454339	12454340	1
4078252	6650369	1
11979748	11979747	1
4593385	4593388	1
6752840	2010244	2
2113900	2113899	1
3313907	10442939	1
1635468	1636070	1
6007457	6007458	2
6976460	6976459	3
5044979	5044980	1
3880057	3880058	1
9007534	9007531	1
6167827	5957764	3
1939164	1960386	1
11311637	11309165	1
8817901	8817902	4
4669651	494009	1
3776262	3776261	2
9947775	9959080	1
8211664	8211725	1
3011077	3009861	1
4124133	4124134	1
2999116	2998759	1
2416129	2416574	1
10625109	10624704	1
10547126	10599910	4
5257642	5300208	1
4341991	4166091	2
7023750	7023749	1
8666930	8666929	1
5660313	5660314	1
9378205	9378208	1
1038137	1038138	1
3974353	3974354	4
10829162	10829161	2
5247515	5247980	1
1857769	1961047	1
4114602	4114594	2
1374950	1374949	1
10447965	10449158	1
7413887	7413877	3
7299874	7299873	3
5238340	10332080	1
6288566	6288565	2
9124207	9124208	2
7118713	7118714	1
216562	216699	1
4397308	4397307	3
965409	965410	1
7718640	5413179	2
9276523	9276524	1
5712407	5712410	4
1421785	1408724	2
1334395	1334396	1
11032483	11032484	1
10147858	10145352	1
12176560	12176557	3
1783387	1783376	2
2524224	2524223	2
2645505	2645506	1
1795568	1795567	1
8680854	8680853	1
63149	63150	4
3206085	3206088	3
12338847	12338848	1
7318787	7318788	1
6677211	6677212	1
12426534	12426533	2
6044278	6010586	1
5658809	5637499	1
5657552	5658037	1
1752578	1752577	2
622225	621885	2
11860461	11860462	1
4179362	4179361	1
5095837	5096593	1
7221075	7017046	1
8794245	949366	1
6475566	6253635	2
8017756	8017709	1
1534796	3964149	2
6457810	6457809	2
6614974	6614971	3
5572873	5468359	1
528649	528650	1
3657970	3658087	2
9380546	8254028	1
7259819	7259820	2
1317295	1317271	3
9536550	9536549	1
4246979	4246835	1
6560561	6560562	1
568564	568563	6
11027278	11027277	2
4612185	4659848	1
1476901	1476879	2
8367639	8367652	1
384081	384082	1
1545309	1543713	2
2146817	2147744	1
10017952	10232283	1
11821687	11821690	5
6408186	5303506	1
6106305	6106306	1
12384467	12384468	1
7291502	7357385	1
4090555	4090556	2
9149503	9149504	1
10200819	10200820	2
1529828	1529827	2
12168302	12168301	2
5845109	5845110	1
8849540	8849615	2
11740294	11740293	1
11955955	11955956	1
5566137	12316036	1
5837487	3048026	1
584420	584406	3
3221395	3221396	2
12426534	12426531	1
10713841	10713842	1
836565	547833	2
808767	808738	1
11360532	11360561	2
2496124	2496149	1
1301329	1533057	3
7582387	7582388	1
203429	203430	1
1478169	1478178	1
12269720	12269713	1
4329337	4348886	1
5546892	5285867	1
8288540	8288537	1
6597766	6597468	1
9306222	9308671	2
1015410	1015409	1
10313276	10313312	1
2351997	2350269	3
2044319	2044320	1
768514	768164	1
7368227	7368228	3
6005098	6005095	1
2985342	2808363	1
4556098	4680629	2
7187135	8579877	1
7759009	5329407	1
8760881	8760882	1
9238774	9238773	1
