fend1	fend2	count
2462639	2462640	1
556834	556830	1
4859645	4859646	1
9855148	9855147	1
2442643	2266389	1
3038323	3038324	1
1556396	1592779	1
12392814	12392813	1
11924503	11924391	1
6350644	6350636	1
5098720	5098709	2
9022180	9022179	1
9598325	9614138	1
9780482	9780457	1
2227811	2227115	1
10308778	10308777	1
2573181	2587272	1
12172618	12172570	1
7162927	7162928	1
5712997	5747168	1
10195343	10195353	1
6526037	6273228	1
4189469	4189470	1
9847453	9847454	1
9082591	8889434	1
9174932	9174931	1
8864522	8864521	1
6419060	6419059	1
3698278	3698275	1
5235245	5235734	1
10945685	10945686	1
11678373	11678394	2
4388277	4388278	1
2449627	2449086	1
11995958	11996000	1
1876513	1875414	1
7485191	7485192	1
6161359	6161316	1
8686587	8689360	1
9604045	9604603	1
5361095	5361031	1
2101201	2101202	1
2195710	2195687	1
2115360	1892609	1
1237863	1167660	1
4051958	4051957	1
9525705	9525708	1
1756202	1563823	1
9330602	9330601	1
5120056	5248443	1
2457550	2456018	1
1193268	1193267	1
2731161	2731193	1
5868057	5868035	1
1315306	1315305	1
4427550	4435346	1
9592525	9592615	1
716977	918093	1
10383324	10383261	1
6791289	6794308	1
2204874	2204873	1
4087868	4087865	1
3260747	3260705	1
4224784	4226723	1
10470032	10470031	1
3708579	3708580	1
7446402	7446401	1
7020746	7020745	2
3096754	3100775	1
9419213	9423536	1
3761380	3715712	1
9552806	9552805	1
2343169	2343130	1
12239795	12239796	1
8746764	8747449	1
4446532	4446529	1
7037573	7038074	1
10061666	10103699	1
10395488	10395490	1
7634853	7798364	1
8243910	8243909	2
4276539	4430423	1
10123648	10123647	1
8286404	8286403	1
11406809	11406629	1
2770702	2770699	1
8223895	8223896	1
3421747	3421741	1
8781685	8781686	1
5986652	5986651	1
10600394	10600393	1
12442105	12442106	1
11598363	11598364	1
1455978	1455977	1
8090180	8098347	1
11774716	11774795	1
11409453	11409454	1
1597744	1473164	1
2935181	2935182	1
10700892	10700891	2
3749913	3750069	1
6023634	6023633	2
2388291	2381671	1
9578379	9603855	1
5664436	5664523	1
6022553	6022556	1
5125412	5125409	1
9729484	9753515	1
1360571	1360572	1
965056	964609	1
10724826	10724825	1
6529461	6528762	1
3834745	3833906	1
5266314	5266313	2
2991121	2991122	1
4843969	4843970	1
3882522	3882521	1
705502	705548	1
8398351	8395445	1
3939220	3939219	1
9604043	9604044	1
11584463	11585514	1
120995	95145	1
7378473	7380245	1
596007	596008	1
11286702	11286699	2
9103948	9103947	1
10961347	11101085	1
12779259	12779260	1
8513099	8506711	1
3165979	3165980	1
233225	233226	1
2322725	2322726	1
1041984	1030882	2
530887	530895	1
5539964	5351588	1
1716005	1716006	1
5609159	5609151	1
2431348	2431345	2
9582073	9582074	2
12803677	12803537	1
4684798	4718586	1
5422216	5421346	1
4707792	4704178	1
1753050	1753049	1
9711351	9912432	1
10490249	10490250	1
5523363	5523374	1
7186773	7186774	1
10470098	10470107	1
2367511	2347292	1
11674104	11674086	1
7476322	7476321	1
4682317	4522080	1
7098281	7098260	1
11208144	11208141	1
9683246	9683245	1
10037033	10037034	1
5627116	5640708	1
6413736	6413735	1
87117	87090	1
10602012	10602011	1
1037324	1037321	1
8609449	8609450	1
8582646	8582654	2
5321347	5321305	1
8424469	8424984	1
2672256	2672683	1
842247	844315	1
5309709	5309710	1
5923473	5923474	1
4194542	4194541	1
421358	421449	1
3250718	3250717	1
6133670	6133669	1
10121901	10096338	1
10092091	10092092	1
5443812	5443811	1
4573333	4573284	1
3038318	3038320	1
5606125	5606168	1
6196421	6196422	1
3300267	3300268	1
10203468	10203555	1
1241837	1129120	1
8965864	8965887	1
6308532	6308535	1
8286402	8286401	1
9064459	9064460	1
2380822	2380859	1
2957103	2957104	2
12002969	12002970	2
5805921	5805922	1
7945261	7945401	2
8263600	8253658	1
1994483	1994484	1
2481552	2481384	1
6601291	6601292	1
7863982	7863398	1
3943869	3928814	1
4233332	4233331	2
2079139	2170386	1
7616842	7616630	1
1902134	1902133	1
8411087	8411088	1
2627336	2627335	1
2939068	2939071	1
10460152	10460184	3
2535697	2535501	1
11068793	11068794	1
8168376	8171356	3
6116298	6116297	1
461188	683918	1
1621910	1621891	1
5862830	5862829	1
2333143	2333148	1
4051420	4051959	1
1758555	1760707	1
8712806	8712805	1
10489911	10489912	2
5955065	5961134	1
801619	801622	1
7765807	7765808	2
12515227	12516027	1
6124054	6125025	2
8025485	8025551	1
12285286	12285283	1
4441705	4441706	1
12789935	12789936	1
1078910	1078909	1
446367	447246	2
12434113	12434114	1
4801862	4801861	2
10494364	7107995	1
10302523	10301826	1
12457724	12466340	1
8500534	8517691	2
2428668	2420695	1
805149	805150	1
11528859	11520253	1
12345765	12345747	1
64556	64308	1
6281221	6281767	2
8870280	8870279	1
5947981	5972069	1
9386168	9386167	1
11116820	11116819	1
11058620	11144143	1
10641423	10641426	1
11498439	11498210	1
7735941	7735942	1
7394660	7394659	1
7263650	7264032	1
2198542	2198551	1
6147322	6147369	1
4456289	4455335	1
9913119	9919677	1
12516014	12516123	2
1133780	1133779	1
9245753	9418006	1
6695636	6769420	1
3994078	3993307	1
10010209	10010211	1
6410078	6412071	1
2607740	2607489	1
7411337	7411338	1
3071868	2973785	1
8831303	8780532	1
10980280	10980277	1
6522454	6522418	1
5576026	9057057	1
12008175	12008238	1
5955835	5955836	2
8502497	8516206	1
7993519	7992004	2
6754071	6754030	1
6139960	6138657	1
5293133	5218472	2
12614953	12614954	1
12778700	12778827	1
12645055	12645056	1
3651636	3651635	1
9817492	9817491	1
5839419	5840319	1
5791543	5785524	1
3931774	3931769	1
4092546	7981300	1
7189151	7190287	1
3048377	3048378	1
7537895	7684150	2
5836079	5840314	1
6041261	6041262	1
1341942	1341956	1
6769608	6695368	1
7462508	7462507	1
12224526	12224516	1
11306556	11306555	1
6558022	6557754	1
623094	433619	2
7774931	7775092	1
10808176	10808111	1
6007913	6007914	1
7117278	7117277	1
5979073	5979074	1
3637552	3604153	3
11783421	11783387	1
1625692	1625725	1
3907474	3789825	1
6157644	6157643	1
7787836	7787833	1
12172624	12172570	1
2495696	2495695	2
6042487	6042488	1
7639395	7639396	1
11441703	11441704	1
3048365	3048368	1
11987875	11987876	1
5049800	5049799	2
7191503	7191436	1
12258794	12258762	2
11917463	11917449	1
4318769	4318770	1
46059	46060	1
8085447	8155061	2
6648108	6648107	1
7803411	7850758	1
1552831	1552832	1
5245694	5245691	1
9712949	9712950	2
10774152	10774151	1
158903	12244817	1
7409600	7261628	1
1351844	1351841	1
11057176	11057016	1
817231	814518	1
4526353	4530809	2
888972	888967	1
3591021	3591022	1
722462	722461	1
252667	252668	1
11208122	11208121	1
1428707	1428708	1
7277750	7277740	1
4137681	4137682	1
5399010	5399009	1
3214151	3214152	1
4813969	4813970	1
6105401	6105402	1
8330362	8330361	2
7215514	7215517	1
1314383	1314384	2
9356792	7842493	1
8993518	9125460	1
9779637	9779638	1
7345303	7345283	1
10154603	10154606	2
3785158	3785147	1
3453453	11739260	1
11546635	11547216	1
10879635	10879636	1
8941462	8941459	1
4777539	4777542	1
4328777	4521826	1
4822862	10033937	1
5096784	5048270	1
11035735	11035736	1
4834257	4834258	1
1956436	1956435	1
11614030	11614029	1
5557637	5558056	2
6777117	6777118	1
7722672	7722671	1
5178842	5178226	1
11432445	11432491	1
3338887	3339024	1
339602	339605	1
12466075	12429901	1
4526347	4526350	2
311890	311889	1
11712134	11712153	1
5117086	5117085	1
4911692	4914490	1
4091095	4105501	2
1553071	1553072	1
8830673	8830674	1
1497855	1497856	1
6275989	6276582	1
6785477	6785478	1
4176	4172	1
8865882	8865994	1
1828171	1828172	2
6957473	6945211	1
6073749	6073752	1
8650378	8650377	1
6532998	6528714	1
9043232	9042858	1
7935047	7935048	1
2840430	2840158	1
10454739	10454740	1
11289009	11286597	1
7663758	7663757	1
9770803	9770827	1
7604966	7604961	1
3113655	3113656	1
3123217	3122912	1
9493043	9493044	1
2594546	2434926	1
1092128	1092127	1
10981783	10966645	1
3154654	3154011	1
1425384	1425383	1
1618805	1618806	1
1722205	1718929	2
8519682	8519681	1
6556554	6715918	1
3701419	3701420	1
8381884	8381883	1
7912053	7912054	1
10188593	10188610	1
8810479	8808866	1
10892241	10892311	1
12156698	12156697	2
11009436	11009435	1
10440973	10440974	1
5204035	5204036	1
10894067	7849807	1
1491421	1491422	1
6126705	6126592	1
3574239	3574240	1
7942183	7942184	2
9670187	9670188	1
1192916	1205252	2
8381890	8381889	1
10009000	10008999	1
4427252	4402655	1
7432968	7433059	1
8884115	8884389	1
12506111	12295741	2
10184788	10184787	1
8341135	8315097	1
2349979	2349980	1
4772291	4772292	1
12632857	12632858	1
10206848	10206851	1
2239042	2239041	1
793572	793571	1
6110322	6110321	2
12815058	12815057	1
10154601	10154602	2
2700480	2698785	1
7538253	7538278	1
12683433	12683434	1
4620929	4638503	1
3878591	3878619	1
11760989	11760990	1
1190050	1212220	1
12606315	12605697	1
686998	687033	1
12614968	12614997	1
11649092	11480763	1
1482056	1502798	1
12177874	12142803	1
5897741	5897711	1
8330200	8251284	1
6680645	6680646	1
9889204	9885872	1
10215203	10210554	1
5331491	5331492	1
8231132	8240903	1
5783094	5783081	1
9233013	9233010	1
5865609	5865558	1
9030901	9028628	3
3067375	3067350	1
11406790	11406618	1
11009419	11009435	1
5188612	5188611	2
2784413	2784414	1
3024292	3168167	1
4324438	4324693	1
2443569	2443570	1
2312610	2312609	1
2756219	2640780	1
3731580	3731579	1
4246809	4401049	2
3358468	3358465	1
4447414	4446748	1
6410315	6410316	1
10901638	10901617	1
3993631	3993648	1
6110320	6110319	1
5443817	5443848	2
5125523	5312160	1
6446401	6446402	1
3605939	3605851	1
1370410	1468239	1
7102145	7107250	1
12778626	12778693	1
8407205	8430629	1
978200	978199	1
7639556	7639542	1
10493655	10422993	1
6883252	6883251	1
3396263	3396264	1
10682425	10682369	1
1624841	6160298	1
11934930	11876351	1
1919667	1919668	1
7653095	7653096	1
6528126	6528124	1
451949	454452	1
12165853	12165907	2
2426183	2617008	1
10220088	10208827	1
96429	96425	1
4182206	4182190	2
5443814	5443811	1
774248	774247	1
2547898	2547890	2
1618807	1618808	1
978198	4761303	1
3939218	3939217	1
12666473	12666474	1
1784249	1618802	1
9607237	9774835	1
7380936	7381299	1
7098279	7098280	1
8002280	8002784	1
3457494	3457535	2
88908	88907	1
3561498	3561512	1
8026388	8025544	1
11490962	11490135	2
5049804	5049801	1
8217202	8217201	1
4348259	4348260	2
5564468	5564467	2
4392637	4235028	1
7828247	7870562	1
9832859	9832860	1
3421740	3421739	1
3706824	3706800	2
11277438	11440636	1
4566414	4566413	1
12239793	12239794	1
9034927	9034851	1
1235373	1235374	1
3358464	3358461	1
2795157	2795139	1
8640505	8639088	2
9030897	9030898	3
4801648	4801647	1
1297402	1297401	1
9942564	9942563	1
7603468	7666106	1
3483096	3488649	1
10692567	10692568	1
9246941	9246942	1
1225389	1420331	1
10605840	10605833	1
6057305	6057276	1
2112	2176	1
10980280	10980275	1
2215554	2215553	1
11091474	11065764	1
9423446	9423456	1
5706364	5706337	1
5299640	5139473	1
3772237	3628035	2
6217856	6235972	2
9189820	9189808	2
6438946	6438945	1
3915451	3915452	1
2440170	2099469	1
9816191	9816192	1
881157	881158	1
1898990	1898989	1
12200393	12200394	1
10671011	10671012	1
7897642	7897732	1
9360210	9360207	1
2813747	2813748	1
2900802	2900801	1
1535590	1535971	1
3688423	3688424	1
7571050	7571005	1
11404586	11404585	1
4295829	4295830	1
3556012	3556755	2
2163312	2118614	1
7446324	2712597	1
5947399	5947400	1
5377247	5377248	1
7243019	7241752	3
9571609	9719558	1
12153866	12153865	1
5698014	5698013	1
1402460	1402459	2
9419184	9423480	1
937625	748655	1
2158639	2159972	1
3938282	3938279	1
8554535	8553850	1
9251097	9245622	1
7223128	7221641	1
2311720	2311719	1
7952763	7952764	1
2779966	2779965	1
6698650	6698618	1
5302771	5302772	1
8578790	8577056	1
8556961	8556622	2
6333743	6333744	1
1349954	1505284	1
10234644	10234643	1
9741113	9741114	3
8485482	8485481	1
3265807	3265808	1
4771523	4771526	2
2178482	2169488	1
8438940	8438939	2
3266747	3194905	1
1420332	1420331	1
11152887	10967605	1
10328504	10328507	2
11671041	11671042	1
5670206	5669895	1
4174091	4174092	1
8884888	8884887	1
10724828	10724827	1
3579377	3578550	1
3677540	3518374	1
1050306	1050303	1
9645472	9666896	1
5997723	5996965	2
6110306	6110323	2
4361841	4361847	2
5587728	5587727	1
2847269	2847288	1
10778716	10937162	1
6885775	7061450	1
7380302	7378373	1
3387530	3387529	1
4772293	4772294	1
2899931	2899826	1
9887583	9887584	1
2489628	2489600	1
10434251	10434254	1
10749669	10749670	1
9685003	9683247	1
3939362	3939361	1
1925541	1925544	1
6226459	6231350	1
8086620	8086619	1
8093718	8093717	2
10572002	10571981	1
8571874	8572442	1
11463108	11463325	1
6357749	6356969	1
1148255	1321804	1
5215932	5129330	1
10042606	10042605	1
6671672	6671671	1
10235927	10177390	1
470996	470995	1
5429187	5429138	1
11356177	11356178	1
10079967	10078231	1
10283058	10283057	1
1464821	1346987	1
177806	177805	1
10339472	10339471	1
6773978	6772552	1
8608629	8611729	1
9309213	9318671	1
8518220	8518217	1
3522029	3522044	1
11452929	11453054	1
10648899	10648891	1
2175868	2175867	1
1037324	1037323	1
2827787	2833685	1
1225389	1420333	1
4876745	4878807	1
8752638	8752651	1
1266737	1208223	2
6030771	6030772	2
352300	352299	1
4800748	4800745	1
8265319	8167505	1
10892308	10892307	1
10119182	10123298	1
10233061	10233064	1
8170053	8170060	1
149483	149456	1
8881612	8881611	1
2813749	2813751	1
263297	263298	2
1102707	1102708	1
9345512	9345547	1
5443816	5443815	2
2527093	2526967	1
10724824	10724811	1
11938502	11938501	1
8922440	8922449	1
8608605	8611454	2
6373340	6693115	1
10456489	10456485	1
3639633	3639613	1
8174731	8183552	1
11444263	11444455	2
7493857	7502494	1
11356650	11361312	1
10152449	10152454	1
3605328	3605327	1
10198898	10198897	1
9789772	9789771	2
8558903	8558904	1
4540366	4540361	1
10650156	10650155	1
8518350	8518347	1
12040125	12040128	1
11463110	11463109	1
8951454	8951453	1
11136937	11117004	1
8015414	8015393	1
11812956	11799707	1
8030476	8030475	1
206429	293505	1
249306	252635	1
262744	262743	1
10873327	10895252	1
4441707	4440289	1
6762174	6762173	1
5818451	5818452	1
7960920	7960944	2
2653435	2653436	1
5593264	5593266	1
12747349	12747350	2
11998304	11997817	1
470996	470886	1
11879591	11880214	1
9103949	9103950	1
6116300	6116299	1
12290381	12152430	1
3802697	3802688	1
7471865	7471866	2
8884113	8884114	1
1315498	1315497	2
6604019	6601290	1
11854399	11860721	1
7650362	7650361	1
3605326	3605333	1
9648393	9648401	1
1473163	1473164	1
3688425	3688458	1
5363965	5363978	1
9022178	9022177	1
6296581	6296678	1
791164	871928	1
357519	357686	1
343614	343657	1
8088114	8088113	2
9527589	9527590	1
2036097	3975322	1
7191501	7191502	1
7446331	6403712	1
3634206	3754729	1
10142038	10142007	1
10254714	10254717	1
12570815	12719394	2
11220765	11220766	1
11819411	11820258	1
4233330	11354831	1
750220	881156	2
10297076	10283059	1
5377216	5377215	1
2411243	2593806	1
3447445	3447446	1
10764437	10764438	1
7327410	7327409	1
11732715	11732737	1
7669181	7722975	1
5713677	5713678	1
3829421	3829406	1
8060920	8058513	1
5052087	5052088	1
10720932	10720927	1
626914	623788	1
9346251	9346252	1
11009419	11009437	2
5825075	5825076	1
2782643	2779969	1
7062301	6931900	1
6768082	6768081	1
2495698	2495697	2
552402	552401	2
10796493	10796541	1
2506773	2607298	1
1621832	1621831	1
4283991	4283950	1
3701421	3701422	1
9741115	9741130	2
1283126	1283043	1
6906363	6954715	2
6114135	6164780	1
11696732	11696731	1
8103689	8103690	1
370370	370367	1
2767319	2767320	1
1968607	1996112	1
8518822	8518821	1
83058	77189	1
11658492	11658491	1
1133778	1133777	1
10650158	10650157	1
689388	689387	1
3011836	3011835	2
9429735	9429929	1
9557535	9557499	1
1595605	1595606	1
7612180	7612255	1
6310968	6310982	1
4080417	4080051	1
6648111	6648089	1
1425386	1425385	1
5654018	5654017	1
4095355	4095359	1
5798030	5798027	1
6671101	6671131	1
11542354	11542353	1
10097997	10097326	1
4389025	4389026	1
8968588	8968587	1
8894727	8894650	1
12501784	12501783	1
3715564	3715563	1
8447777	8447778	1
5151001	5151002	1
11877913	3072874	1
1030793	1030794	1
9718238	9925583	1
2481176	2481169	1
5523361	5523362	1
3092886	3093768	1
752355	752460	2
6227383	6227233	1
3978292	3978158	1
4106552	4105550	1
2274592	2274595	1
1265691	1140439	1
3633929	3625974	1
1828163	1828164	2
4377599	4377600	1
1149453	1264454	1
4254404	4254419	1
1003714	1164468	4
7428017	7428018	1
11537208	11537207	1
1248402	1246627	1
4087870	4087869	1
9719868	9720023	2
2874496	2874508	1
4456287	4456288	1
11498310	11616152	1
9670172	9671208	1
4801646	4801645	1
11136216	11136215	1
7454291	7454292	1
750718	750221	1
10963319	10963314	1
604356	604353	1
5970500	5970497	1
7168676	7168719	1
12815065	12729573	1
1186887	1186890	1
884697	884681	1
9055609	9055610	1
7740600	7740597	1
1631746	1629642	1
6576336	6444686	1
517455	516799	1
10398327	10395391	1
9856011	9856014	1
5188448	5288242	1
1037322	1037321	1
9529793	9529794	1
9396379	9381076	1
3915453	3915454	1
4431759	4732717	2
4253445	4253450	3
233227	309637	1
6073519	6066120	1
12732772	12732771	1
2491465	2491466	1
11180866	11192150	1
6581197	6186603	1
10584844	10584765	1
7512572	7512571	1
12654393	12654394	1
10146913	10146914	1
7575715	7576306	1
11515501	11620392	1
4258749	4258750	1
4388275	4388276	1
1066111	1189855	1
7761923	7762714	1
10123650	10123649	1
1139826	1139838	1
2495700	2495699	1
3134345	3134290	1
10008998	10084064	1
11970533	11967280	2
6208487	6208089	1
11188368	11188349	1
10092984	10092090	1
10138706	10138703	1
2653433	2653434	1
1982469	1982470	1
1475151	1473353	1
5697072	5697076	1
9595191	9595087	1
703588	703556	1
9541321	9414905	1
5746988	5741893	1
8406971	8406972	1
12553272	12514700	1
4956958	4956946	1
12390675	12390676	1
6727423	6727424	1
6030773	5985180	2
4291025	4291026	1
4848478	4819721	1
7598550	7609234	1
8897008	8897419	2
7278950	9107032	1
7174280	7176790	1
3538978	3538977	1
242697	241859	2
3273129	3272981	1
4880694	4880693	1
12374382	12374381	1
10265494	10265493	1
5952706	5916737	1
2602268	2602267	1
1583629	1583630	1
1048167	1048170	1
12240131	12240152	1
224872	224871	1
8034763	7960947	1
4259877	4259878	1
9477185	9476698	1
10339943	10339473	1
12133401	12158464	1
6130006	6130005	2
9995549	9992641	1
518239	520008	2
8881604	8881720	1
3203239	3203240	2
11515840	11476414	1
815059	815198	1
5049804	5049803	1
11079869	11078937	1
10774158	10774153	1
5528073	5528074	1
10060991	9988505	1
5712991	5712996	1
1097718	1097717	1
6351894	6383376	1
320583	320194	1
1784654	1784626	1
8479188	8482426	1
1423623	1660475	1
1114905	1114907	1
2676532	2676545	1
3715562	3715561	1
1758173	1758174	1
11935641	11935642	1
8407205	8430627	1
5392669	5392649	1
7740596	7740595	1
3213208	3213267	1
10473143	10481625	1
12166684	12174771	1
10807170	10807188	1
6088898	6016417	1
4608759	4608760	1
12570798	12570795	1
10657294	10657293	1
5484600	5484663	1
5748523	5748209	1
3090217	3090220	1
11633676	11634256	1
4843971	4843972	1
4738592	4738591	1
1702079	1702693	1
4284757	4284758	1
10299000	10298989	1
11000851	11000962	1
7394485	7426762	1
4431757	4431758	1
10238567	10238568	1
8781687	8781688	1
4687516	4690718	2
2957105	2957106	2
3518095	3518091	1
9184867	9178284	1
9648804	9648806	1
6105564	6105563	1
10090311	10090312	1
10553913	10553914	2
4815987	4815990	1
1959463	1958688	1
1292168	1292162	1
10490248	10490247	2
2308778	2308777	1
6759920	6758541	1
2446568	2446567	1
3276077	3276078	1
6040187	6040188	1
9095450	9073046	1
12302787	12302788	1
10328508	10328507	1
12172622	12172621	2
10265492	10265497	1
5945679	5945680	1
3403884	9245470	1
7572052	7572310	1
4123224	4123223	1
3263701	3263702	1
6370353	6375867	1
1184611	1184702	1
10308776	10308779	1
1067196	1067195	2
5351177	5351178	1
1107526	1107450	1
8842559	8707669	2
4241493	4241474	1
2925555	2938438	1
1647784	1647699	1
2544148	2544145	1
10690024	10690023	1
12543322	12543332	1
2237084	2237083	1
4834259	4834260	1
4848742	4849337	1
750337	881129	1
5045712	5045711	1
1279425	1279426	1
1876057	1874679	1
604358	604357	2
2106832	2106831	1
12392812	12392811	1
12774967	12774968	1
2768424	11962045	1
1722203	1722204	2
4331752	4171648	1
10896828	10896826	1
594401	594402	2
3127243	3127244	1
7241753	7241754	3
7970440	7970437	1
2312608	2312605	1
11002981	11002774	1
2553449	2553367	1
10374444	10538894	1
833164	833163	1
6712336	6712415	1
4475677	8611457	1
11003553	11003544	1
10159509	10159510	2
5485430	5485422	1
1716136	1715941	1
3901823	3895438	2
11296735	11296736	1
1034351	1034354	1
7918856	7919116	1
5569108	5568799	1
5970500	5970499	1
7064200	7296643	1
759499	759500	1
4228216	4228019	1
2766230	2768599	1
4093288	4093287	2
689390	689389	1
12035023	12034911	1
865947	865948	1
6168123	6168124	1
9473742	9510078	1
1034908	984280	1
4046527	4046528	1
12012383	12012386	1
3444678	9260409	1
10731876	10731879	1
8243908	8243907	2
2159973	2159974	1
6393570	6393569	1
3608809	3668886	1
9629407	9630298	1
9607229	9607230	2
1298781	1298720	1
6321618	6321560	1
2985065	2997978	1
10129674	10129695	1
7668563	7668564	1
3740212	3919567	1
3494985	3494986	1
11375096	11375095	1
8340710	8340471	1
8432707	8433617	1
470992	470886	3
11254962	11254959	1
4003517	4004126	1
507545	507546	2
11326202	11334140	1
2693222	2677134	1
6573104	6573085	1
7470287	7470290	1
2109932	2109931	1
7942185	7942068	1
9445109	9445110	1
11774718	11774717	1
1034413	988420	1
5583976	5583979	1
6643586	6643493	1
11057991	11057992	1
7575693	7575694	1
9499003	9497108	1
3856886	3856885	1
6121589	6116393	1
9720521	9720517	2
11171357	11171358	1
3521005	3520998	1
470994	470886	1
2535673	2552145	1
1494902	1603782	1
6742287	6742331	1
3153031	3213003	1
10669381	10676869	1
3649322	3710799	1
6615336	6612284	1
2779769	2755990	1
11981421	11988700	1
11125487	11125488	1
10136607	10136614	3
11126554	10994888	2
8842613	8834161	1
9859803	9859804	2
6392270	6413737	1
4365073	4365078	1
2948657	2948658	1
10892310	10892309	1
2613128	2613127	1
11721731	11721725	1
1034528	1038127	1
8582282	8582279	1
1642383	1521419	1
1030810	1030792	2
2826616	2826615	3
9741115	9768987	1
2088468	2088425	1
10475560	10475559	1
614285	614286	1
6883267	6883253	1
5904827	5864831	1
9915606	9915010	1
2308782	2308779	1
1519111	1633125	1
1872953	1869151	2
7190286	7190285	1
7525857	7525858	1
3128514	3011834	1
4427735	4427736	1
3633927	3633928	2
6800284	6611951	1
10735707	10574806	1
12267607	12302129	1
9847662	9847524	2
3866056	3866055	1
12469621	12467856	1
3781931	3781932	1
8430628	8430627	1
7160100	7159783	1
6697096	6697093	1
5218571	5218572	1
9370514	9370441	1
9477695	9477696	1
12801975	12801976	1
7825142	7696987	1
7331551	7411336	1
8919158	8919157	2
9670189	9670190	1
4254414	4265397	1
9741131	9768987	1
1034355	1034356	1
3834194	3834197	1
10739004	10739572	1
4613304	4613301	1
309114	307558	1
9913117	9919677	1
5674971	5674972	1
5497194	5563184	1
10177712	10177711	1
7852161	7854261	1
3708587	3708588	1
6461473	6461474	1
11885106	11768580	1
3103082	3102852	1
6073059	6073060	1
562842	604275	1
9419188	9419187	1
7880218	7880213	2
11090866	11090795	1
8572701	8572844	2
7640243	7640244	1
6039275	6039276	1
10397692	10397689	1
1708953	1709013	1
9419186	9419185	2
8775395	8775408	1
10177818	10177817	1
7269328	7414398	1
5213771	5178843	1
11360198	11360195	1
964652	964871	1
1269724	1328773	1
6055998	6056003	1
11509341	11508944	1
7378471	7378472	1
562691	561858	1
2075592	2082124	1
6573018	6572910	1
312475	284244	1
12178032	12142603	1
3970800	3707763	1
3729944	3729943	2
4087061	7932970	1
3070654	3070642	1
666794	666764	1
9828843	9827713	1
6697092	6524010	1
9142487	9004393	1
8919156	8918598	1
5048071	5048072	1
2022759	7444842	1
401695	401696	1
12641655	12792934	1
3142024	3141998	1
11076750	11079413	1
3353689	3366004	1
3740214	3740213	2
5741110	5740804	1
343641	341606	1
669915	669927	1
5496481	5496482	1
1744578	1744552	1
1333783	1333660	1
6671130	6623662	1
7278665	7278666	3
6023632	5901936	1
6010160	6010145	1
11622513	11597390	1
6187391	6187457	1
10470100	10470099	1
9574748	2054816	1
5985181	5985182	1
947151	947152	1
2315947	2315948	1
10331180	10331179	1
1343293	1343294	1
9607231	9607236	1
10636649	10766013	1
172033	172034	1
11221231	11104325	1
4328510	4434642	1
5974642	5908117	1
10159505	10159508	1
1801776	1800513	1
5285584	5285583	1
10293392	10293385	1
366375	366376	1
5955833	5955834	2
1649008	1650709	1
11128840	11128839	1
12682929	12689726	1
11888539	11887757	1
11057989	11057990	1
1562200	1562199	1
10155927	10155928	1
5049802	5049801	1
11801314	11882000	1
6631161	6631162	2
2998458	2797322	2
8207917	8207920	1
7625811	7640574	1
9789774	9789773	2
5203660	5203657	1
3799948	3799586	1
4792892	4792926	1
842391	842392	1
5794973	5812010	1
11937759	3077659	1
11052007	11060005	1
42334	44708	1
6881730	6881729	1
2981968	3021040	1
10154599	10154600	2
7186462	7186461	1
5258301	5258304	1
10445115	10445116	1
11546633	11546634	1
12570800	12570799	1
10724696	10724693	1
4566412	4571136	1
4253445	4253437	1
45508	45507	1
1653493	1653494	1
906646	906645	1
4657778	4657777	1
12774969	12774970	1
8433223	8433224	1
6691590	6471412	1
12718347	12718350	1
2059713	2059714	1
1875681	1875659	1
6197760	6197759	1
4401048	4401047	2
8996792	8996791	1
11397997	11397998	1
6865327	6865328	1
10437350	10437349	1
777805	645006	1
2537638	2537780	1
470994	470993	3
3460746	3550594	1
3371357	3371360	1
11208124	11208123	1
12676404	12676428	1
11186895	11186898	1
12147534	12147533	1
7177488	7177433	1
3213587	3213527	1
8518216	8518228	1
9562525	9562526	1
6951965	6939438	1
5279209	5266464	1
7717309	7717414	1
1556409	1556410	1
2938456	2938455	2
5248516	5238733	1
12805326	12654610	1
11128562	11128561	1
9300094	9300092	1
10980543	10971714	1
11203513	11203514	1
11640634	11557658	2
8767554	8762954	1
1102703	1102704	1
10947773	10947774	2
7167396	7175934	1
4714261	4714262	1
4018953	4018954	1
9626926	9626923	1
11595549	11595685	1
7837949	7837950	1
3387532	3387531	1
1556421	1592822	1
9262290	9262289	1
7891831	7897213	2
1078771	1078772	1
7335474	7334279	1
275268	275267	1
7414230	7414227	1
2808620	4958452	2
9991556	9991553	1
4631157	4631427	1
5350838	5356721	1
10490248	2393984	1
1102705	1102706	1
971386	971441	1
5159484	5159554	1
7666109	7822694	1
5277430	5276758	1
1568285	1567505	1
1553073	1553074	1
3208217	3206498	1
8175664	8178210	1
1365900	1365899	1
3875446	3671194	2
4365071	4365072	1
12152548	12222938	1
7406823	7259678	1
8833618	8833617	2
12211346	12211341	2
9769419	9611770	1
9888526	9888533	1
4080415	4080416	1
9007200	9022181	1
3698274	3698273	1
2779065	2779063	1
3719993	3891556	1
8026824	8026826	1
8998091	8998092	1
4738598	4738593	1
12747351	12747352	1
5700386	5700383	1
537225	537226	1
11154021	11154022	1
10237332	10237297	1
587863	587866	1
8952548	8958066	1
11876344	11875842	1
8874696	9088216	1
3920724	3994351	1
5674973	5674976	1
832947	832950	1
9107035	8877055	1
9592523	9592524	1
1982467	1982468	1
4831287	4831224	1
5921772	5921771	1
5666966	5665653	1
4071704	4071707	2
5505885	5505879	1
10736545	10325664	1
759501	759502	1
2984317	2887411	1
8869023	8867669	1
793576	793573	1
3019657	3045460	1
7394483	7394484	2
6041263	6041430	2
7190359	7190364	1
4587965	2526387	1
10235925	10235926	1
6986963	6986986	1
2158635	2158638	2
4433762	4694839	1
6163418	6163417	1
5902527	6012531	1
7938435	7963636	1
10558307	10558473	1
8330360	8330359	2
8257782	8263848	1
11871443	11871444	2
8828750	8828749	1
11959011	12002968	2
12522653	12528814	1
4607575	4607576	1
8325223	8330127	1
4789598	4819149	1
5103545	5048070	1
5923475	5923476	2
939622	939621	1
5432348	5432347	2
10762178	10762181	1
7227956	7227695	1
7226628	7226497	1
12165908	12165907	2
7897644	7897643	1
5996964	5996963	2
1046585	1046588	1
6000143	6000122	1
781317	781318	1
6886730	6886729	1
3307108	3307107	1
7650360	7650359	1
9110631	9110632	1
12295740	12295739	2
11924410	11924215	2
3581399	3511847	1
12399363	12399364	2
11152884	11196245	2
10741098	10744329	1
9378593	9378594	1
5698012	5700715	1
3080650	11940078	1
805129	805148	1
2932901	2853066	1
5058106	5058142	1
10340996	10340993	1
9078777	9078705	2
9138922	9138919	1
966318	966112	2
5355241	5355242	2
1048165	1048166	1
11170534	11182503	1
4361400	4361399	1
2781278	2781699	1
8775393	8775394	1
5432346	5316630	1
4637166	4641832	1
3093769	3093770	1
7493759	7507010	1
11306554	11306600	1
10553911	10553912	2
10456487	10456488	1
9945886	9945883	1
7990024	7990023	1
12654235	12661015	1
3856131	3856132	1
3203241	3203242	1
5681481	5681482	1
950644	747344	1
2831832	2831843	1
1272536	1272535	1
4596448	4604496	2
556159	695132	1
10913730	10917259	1
8968586	8967883	1
9476594	9477182	1
12172620	12172619	2
9939538	9939537	1
2315961	2321809	1
6667740	6668683	1
9097708	9098654	1
2107632	1897138	1
6205865	6205866	1
9328519	9328512	1
11568964	11568961	1
8688729	8689425	1
10945683	10945684	2
8551054	8551053	1
11391010	11389808	1
9179590	9179563	1
11208120	11208119	1
8228960	8228963	1
4304355	4304064	1
6486472	6486471	2
331047	327960	1
3691959	3691960	1
2213824	2213822	1
181061	181054	1
2470282	2558755	1
10159503	10159508	1
11589427	11589418	1
6482812	6381504	1
336937	402215	1
2951529	2951530	1
7954001	7954002	1
11509081	11609167	1
8005462	7996288	1
6511784	6511783	1
7082616	7082592	1
5312063	5052086	1
7362231	4117966	2
11289008	11289007	1
2237095	2237205	1
9419199	9419202	1
7383871	7383928	1
5068943	5068944	1
10749624	10749668	1
2175576	2175561	1
613710	649515	1
12452505	12451913	1
12507576	12401116	1
2101782	2101777	2
7776444	7776568	1
8482298	8485594	1
7666107	7666108	1
2954726	2929436	1
5103542	5047996	1
5918473	5918474	1
5606570	5606371	1
2448589	2448477	1
7795328	7795312	1
7174282	7174281	1
12399361	12399362	1
11398521	11397992	1
1476010	1311785	1
8108618	8108115	1
13486	13485	1
2827231	2826432	1
6311393	6311394	1
9053159	9053160	1
11795237	11851172	1
666796	666795	1
10424077	10424078	1
8519675	8519676	1
7401294	7399715	1
9030899	9030900	3
8938219	8979316	1
10614579	10579210	1
11515681	11492501	1
4380101	4384815	1
1295074	1296618	1
4484179	4484187	1
1457680	1457419	1
1768594	1768593	1
11614030	11614027	1
2199187	2198736	1
2613126	2609747	2
10405069	10405070	1
11529573	11529574	1
3199488	3199782	1
6847672	6847684	1
7291587	7293198	1
2456019	2456024	1
2948638	2948656	1
3804169	3804170	1
5860645	5860646	2
6390835	6390836	1
6722248	6722262	1
1562204	1562201	1
3754728	3754727	1
10982470	11004467	1
6739587	6739588	1
6465272	6465271	1
9480072	9480049	1
11658486	11658483	1
949533	949534	1
12466341	12466335	1
4483511	4308968	1
5117084	5117083	2
10091670	10098211	1
7401303	7401321	1
7223130	7223129	1
6636105	6636106	2
2553451	2553367	1
5479758	5399118	2
2440344	2443496	1
826424	825644	1
9705446	9613156	1
8918599	8919185	1
12165832	12294053	1
1398222	1395413	1
7375757	7413922	1
3117494	3122999	1
1097716	1097682	1
10487978	10410038	1
2077302	2077301	2
3022908	3267774	1
12260987	12260988	1
2454665	2454707	1
7664935	7664936	2
7554809	7746689	1
6642461	6642462	1
1563075	1563076	1
11128563	11128256	1
8833598	8833616	1
7981694	7981987	1
6340982	6340981	1
12282164	12201269	1
3096756	3096755	1
3882011	3882774	1
3250722	3250719	1
9085726	9085725	2
12774971	12774972	1
11289196	11289195	1
9468891	9848158	1
2018899	2000653	1
11392505	11391147	1
493416	495536	1
7946734	7946733	1
12204776	12302786	1
9195066	9195051	1
8831231	8780444	1
11719147	11719148	1
7484707	7484708	1
4276538	4279867	1
9117894	9119984	1
2478431	2478067	1
10407885	10421036	1
2063808	2063807	1
1258054	1257359	1
3285359	3285360	1
3274042	3274062	1
10141047	10084840	1
7854654	7854653	1
1675609	1675432	1
11875849	11875750	1
4185401	4314311	1
445217	445218	1
12557269	12557270	1
4613300	4613299	1
2793382	2803679	1
5222623	5221071	1
624483	672511	1
10444229	10444230	1
9529793	9529796	1
10408359	10407867	1
1875338	1886855	1
4018561	4015538	1
6636107	6636110	1
5576672	5573384	1
3169162	3169161	2
9036236	1236228	1
8635627	8623433	1
5670211	5670212	2
7196332	7193555	1
5239152	5239151	1
5536712	5536711	1
2395016	2395146	1
4639967	4636111	2
9872022	9872021	1
6210548	6202898	1
1672327	1672260	1
461001	461002	1
9978551	9978552	1
5500525	5496483	1
11582128	11582127	1
7446329	6389221	1
9869510	9869509	1
1026903	1041993	1
5443814	5443813	1
5535638	5429186	1
1405366	1658854	1
10617340	10617339	2
6468406	6468355	1
1556411	1556412	1
5970498	5970497	1
6790262	8038010	1
1618809	1618804	3
2603828	2602269	1
6484443	6486473	1
12570813	12570814	1
2751883	2751918	1
5997723	5996963	2
9142485	9142486	1
10292309	10292310	1
2036548	2036299	1
6346228	4754752	1
5840315	5840316	2
8180354	8184809	1
7668558	7668557	1
5285586	5285585	1
515839	515840	1
3128718	3128717	1
3732252	3732251	1
10363712	10524611	1
10427592	10652177	1
10895637	10870999	1
8411085	8411086	1
3656999	3657000	1
7730663	7730664	1
5399119	5399120	1
1583627	1584747	3
365273	194017	1
4617281	4697062	1
4253451	4253437	1
11688300	11688299	2
4208885	4208886	1
9083158	9083157	1
5627119	5627138	1
2535695	2535696	1
1390499	1390500	1
5764622	5764621	1
10174859	9855518	1
7881472	7881505	1
12272523	12272426	2
6192541	5976129	1
8520417	8473424	1
1609342	1609341	1
2871693	2871733	1
7453748	7453747	1
9529795	9529796	1
5502425	5578628	1
2637132	2637167	1
11880215	11880216	1
7598608	7672970	1
1170337	1170338	1
2728515	2728516	1
46061	46064	1
7446245	10800668	1
7902245	7902297	2
6769542	6807888	1
4186928	4176761	2
9451952	9451949	1
433681	433637	1
10514059	10514088	1
12622723	12622724	1
8240902	8240901	1
1213698	1213812	1
2195458	2193771	1
10414026	10412200	1
6788909	6788899	1
9246943	9422606	1
10218603	10218755	1
1067757	1067758	1
11313985	11316038	1
7663756	7821248	1
8654597	8654598	1
517453	517454	1
2666678	2665938	1
12199867	12325331	1
3189853	3189854	1
3741573	3741574	1
1149451	1149452	1
12548499	12548503	2
3055624	2936240	1
7917244	7920149	1
9280646	9374117	1
3878362	3878361	1
2658802	2658801	1
2603830	2603829	1
2865860	2865870	1
10335600	10335571	1
3475141	3475174	1
9386166	9386165	1
8456304	8456551	3
9607231	9774835	1
1084971	1078770	2
4684798	4718584	2
8381888	8381887	1
2021587	2023828	1
8054308	8054066	1
1645271	1645272	1
12431791	12431838	1
1671566	1671565	1
7485436	7484708	1
11397993	11397996	1
1113707	1531835	1
10980276	10980275	1
805029	704047	1
9309211	9309212	1
10962771	10962772	2
1535970	1535969	1
3651634	3812287	1
4318771	4318772	2
6573084	6573083	1
3485536	3485533	1
6163544	6163543	1
7837406	7837403	1
11262307	11262308	1
6232654	6232691	2
1278988	1279252	1
11540831	11540832	1
9858781	9872023	1
6743697	6743698	1
7668561	7668562	1
11049265	11122686	1
3133799	3133800	1
5248547	5248548	1
11931435	11931415	1
7476320	7478073	1
12525348	12536973	1
8835765	8835766	1
994307	1016715	1
8648366	8758563	1
8485480	8485615	1
12172624	12172623	2
1088894	1088804	1
2187794	2187793	2
8058159	8058160	1
3649324	3649323	1
8919158	8918598	1
7735903	7735940	1
11128842	11128841	1
9611277	9612921	1
11153796	11153793	1
7920607	7920771	1
7168903	7168904	1
2187792	2187791	1
11598365	11598366	1
10154543	10152471	1
7891273	7891318	1
3537391	3536753	1
5351231	5351176	1
8647033	8646998	1
11634257	11634258	1
3206699	3206610	1
7882325	7882326	1
11599755	11599756	1
3866888	3866658	1
10191829	10191827	1
11607644	11607636	1
12808817	12808818	1
4636739	4636740	1
12281495	12201494	1
11391029	11390684	1
4691842	4685682	1
4293841	12562412	1
2034341	2107186	1
3518095	12228174	1
2561007	2426845	2
2101180	2101200	1
6040128	5962517	1
4481037	4481038	1
9508848	9525704	1
3406985	3406986	1
7225377	7228239	1
11465349	11465271	1
10519939	10519804	1
172402	172401	1
3363326	3363323	1
10198135	10198136	1
5409094	5409097	1
11830326	11831735	2
566405	567469	1
3742830	3745091	1
4675556	4675555	1
1265689	1265690	1
263299	262606	1
11476697	11476700	1
1409748	1415811	1
1594116	1402461	2
4046529	4046530	1
6639404	6668692	1
4056836	4050613	1
5230528	5230527	1
1257358	1257357	1
11069338	11069337	1
5245723	5245686	1
4607573	4607605	1
10532398	10657295	1
10156491	10156505	1
4036919	4036920	1
6324950	6349166	1
8881610	8881609	1
11102892	11045524	1
4304065	4304066	1
4754729	4754812	1
11924595	11924596	2
1954083	2061858	1
4053202	4053489	1
52224	45509	1
6354791	6354802	1
315159	313140	2
11432423	11432444	1
1267873	1267748	1
10218754	10218753	1
623789	623790	1
1114903	1114904	1
9717348	9691404	1
6168125	6168126	1
3865445	3628191	1
4807682	4807674	1
11002979	11002980	1
11102891	11121696	1
9755836	9755835	2
5569537	5569538	2
10772132	10772131	1
4599915	4599916	1
1314505	1315499	1
5266312	5266311	1
6308353	6308533	1
1140195	1479498	1
9855150	9855149	1
4111009	4101536	1
5203656	5203655	1
7240789	7240790	1
6870859	6873917	1
2918317	2758823	1
9807101	9859858	2
10913946	11003169	1
4878806	4878805	1
6695638	6695637	1
10159503	10159504	2
11978636	12003622	1
10774756	10774159	1
11488729	12626593	1
6333741	6333742	1
10233065	10224525	1
6135638	6135629	1
11538360	11538359	3
623791	626377	1
10488033	10487991	1
207082	207079	1
482364	434479	1
7931864	7931855	1
8178211	8178212	1
11540380	11534775	1
2553449	2553450	1
4036921	4011659	1
7670993	7656583	1
6849409	6904030	1
3743883	3861685	1
340441	395412	1
11585539	11585622	1
3419921	3419922	1
8654595	8654598	1
8155883	8155900	1
11409468	11409452	1
2485705	2485706	1
5246660	5243866	1
2008502	2008534	1
8832550	8758995	2
9077407	9077408	1
2349981	2349982	1
12312513	12312492	1
2374572	2311721	1
537215	537218	1
10444231	10444232	1
4574857	4574858	1
5120543	4994399	1
1351845	1351846	1
9992442	9992441	2
9236611	9236616	1
10362816	10504254	2
10195352	10195351	1
2021191	2009454	1
5183038	5181654	1
11454619	11366038	1
7793903	7795327	1
10424077	10495652	1
3290909	3290910	1
7221848	7221847	1
4301465	4301447	1
6684048	6804746	1
8768962	8768961	1
6296679	6296680	2
2448078	2448077	1
6474197	6473763	1
4940976	4940903	2
9974268	9974123	1
10373336	10514058	1
8685727	8692998	1
10324405	10324406	1
9541319	9541320	3
10731404	10730961	1
7765807	7720833	2
9939536	9939539	1
12683397	12683432	3
4071504	4034596	1
6477232	6478064	1
7981301	7981302	1
784220	849545	1
2000652	2000651	1
2772258	2772231	1
9328517	9328518	2
5947401	5947402	1
10042604	10042603	1
7710908	7710940	1
4631144	4631450	1
1532680	1532677	1
3790399	3856360	1
1597744	1473162	2
139301	139302	1
7512574	7512573	2
4371448	4371540	1
8518222	8518221	1
537219	537220	1
2324446	2324455	1
8960730	8960748	1
5779820	6011629	1
1133782	1133781	1
2458397	2458398	1
10468767	10468279	1
8611458	8611202	1
6163416	6163415	1
7423270	7422509	1
3151760	3151115	1
5825073	5825074	1
1621422	1621430	1
12506109	12506110	2
6534196	6534089	1
3507325	3507326	1
9419190	9419189	1
4233360	4233357	1
11490964	11490963	2
4830445	4828918	1
9419192	9419191	1
12444132	12444131	1
5967933	5876635	2
10244985	10244986	1
7693233	7693239	1
12354434	12354433	2
5068945	5068946	1
8355699	8355711	1
12752933	12753376	1
12475213	12475214	1
11871439	11871440	2
11160368	11160367	1
4526351	4526352	2
12318081	12317991	1
8654595	8654596	1
8996790	8996789	1
7734418	7547273	1
9671947	9670186	1
5797005	5797006	1
10424079	10495652	1
9789770	9789769	1
8429221	8429222	1
3715404	3715403	1
7485436	7484706	1
354621	423747	1
95265	112614	2
10059830	10059829	1
9312084	9310953	1
7245766	7245802	1
10262620	10263715	1
6081096	6026766	1
10406429	10406357	1
139303	139304	1
900985	659601	1
9195657	9195067	1
2068887	1956437	1
1251996	1251995	1
6073061	6073062	1
7054474	7054526	1
11557659	11557660	3
519645	519646	1
11249068	11249015	1
12669049	12740861	7
3224185	3224186	1
11871441	11871442	2
2497190	2591780	1
479499	479462	1
11228790	11228989	1
297715	297716	1
1584746	1583628	3
2491463	2491464	1
5280460	5280490	1
1148660	1268590	3
3779364	3779704	1
3651983	3652006	1
8881608	8881607	1
1691465	1691474	1
10764433	10764374	1
4603592	4603591	1
142030	142027	1
9085724	9085723	1
7453746	7453743	1
8295073	8402795	1
1850261	1914087	1
8381886	8381885	1
11705996	11711678	1
6707276	6707299	1
12231771	12231800	1
1396358	1396473	1
10971359	10971360	1
3335000	3341139	2
8582278	8582277	1
10777764	10772520	1
10076805	10081788	1
11171355	11171356	1
9994375	9994376	1
10088784	10088781	1
6276143	6276148	2
3123065	5043009	1
12732770	12732777	1
11256957	11256960	1
10618498	10641959	2
5979075	5979078	1
8413015	8413018	1
9758897	9760181	2
2920845	2920848	1
6484117	6484138	1
1624446	1624457	1
10470100	10470107	1
12694756	12540855	1
6504388	6504387	1
11577862	11577861	1
6992655	7128480	1
8700313	8700218	1
465074	594400	2
1139402	1140182	1
10532297	10532302	1
7444843	7351232	1
11966840	11967144	1
6581195	6581196	1
4020795	4020737	1
2868457	2846155	1
1773185	773428	2
10730202	10730300	1
808518	807187	1
11476701	11475700	1
703557	703558	1
8551054	8423906	1
4264840	4263258	1
3939364	3939363	1
4118970	9981514	1
445219	445220	1
7847618	7847620	1
10283056	10283053	1
7349426	7348339	1
12662771	12662772	1
1625049	1546257	1
11102888	11102887	1
2718272	2718271	1
1994485	1994491	1
9583575	9583373	1
5819724	5819723	1
7454275	7454290	1
7863885	7863886	1
8273422	8249346	1
5812011	5812012	1
12165853	12165909	2
5345451	5345071	1
963497	963498	1
9913117	9913118	1
4595878	4595875	1
11942379	11944522	1
708198	708285	1
252665	252666	1
9532902	9532900	1
5103544	5103543	1
9541000	9315594	1
9107033	9107034	1
4914616	4914615	1
5536714	5536713	1
4547773	4547774	1
1202829	1203263	1
7776446	7776445	2
10990608	10991407	1
7598363	7598930	1
7532473	7532478	1
1919669	1919670	1
2813747	2813751	1
11875751	11875752	1
9036236	9036235	1
4201500	4202764	1
12306242	12306350	1
1553075	1698723	1
4335384	4335379	1
4017833	3936499	1
6697098	6697097	1
9738243	9708760	1
3534937	3534938	1
10652176	10652175	1
3379326	3375104	1
5918589	5918590	1
8572440	8572447	2
6011410	5962507	1
7023970	7023969	1
626574	614284	1
5366930	5366923	1
7601486	7601485	2
10123299	10123300	1
44219	54477	1
5849808	5856220	1
5199665	5385380	1
6121358	6972527	1
12223310	12223307	1
4436618	4328876	1
4540360	4540023	1
4699950	4699949	1
7575714	7575713	1
3361172	3361163	1
4751014	4750971	1
8768966	8768963	1
7848550	7848549	1
9903107	9713790	1
12399365	12540456	2
6790715	6795743	1
8395448	8511213	1
4880692	4880689	1
4843973	4843974	1
2689554	2661097	2
9070023	9069212	1
2893966	2893965	1
3290911	11993244	1
1903135	1903146	1
722460	722463	1
12483851	12483872	1
3955887	4125638	1
699806	699805	1
6521057	6496968	1
7881474	7881473	1
12715151	12715152	1
6470364	6470406	1
3066565	3066615	1
9675755	9675756	1
1236229	9036235	1
1953091	1953092	1
5052089	5052090	1
4445034	4445031	1
5266387	5266388	1
7436589	7436543	1
4483512	4483498	2
9637094	9626726	1
4657668	4657779	1
236560	236559	1
9578341	9578342	1
4708295	4708296	1
949156	949155	1
9592624	9592623	2
12484057	12321898	1
759497	759498	1
4240186	4398131	1
6160299	6160300	1
10319611	10319531	1
921739	750269	2
3866054	3867437	1
7699440	7699439	1
4741119	4696127	1
7251337	7251227	1
5151000	5150999	1
8045297	8045376	1
3965859	3965855	1
2268696	2268695	1
3610212	3711851	1
3931776	3931775	1
10003670	10003642	1
2158639	2159974	1
7260246	7123392	1
11108334	11099242	1
1494904	1603782	1
12626813	12631326	1
3224187	3227703	1
170	548	1
3816900	3816894	1
11585653	11585683	1
7132625	7132921	1
7617191	7617192	1
491715	491533	1
5970496	5869837	2
10895635	10895636	1
3993306	3993305	1
4665384	4633812	1
273704	121611	1
11444454	11446786	2
12483849	12483850	1
2462127	2493144	1
6010162	6010161	1
2818349	2818388	1
10475558	10474033	1
9859805	9872020	2
10769546	10769705	1
297713	297714	1
2591191	2591192	1
5722625	5722626	1
10010768	10135666	1
6333268	6333267	1
7401301	7401302	1
5219475	5219476	1
3931778	3931777	1
4766573	4766574	1
8502496	8502495	2
64309	64310	1
7765809	7720833	2
6361105	6361087	2
6648106	6648105	1
9992440	9997752	1
1542249	1397644	2
6040189	6040139	1
11758167	11758168	1
597471	597474	1
4634959	4634960	1
537213	537214	1
9942125	9942893	1
4807681	4802790	1
8205312	8205311	2
4181316	4377598	1
12207627	12207668	1
10098210	10098209	1
932557	936567	1
2157226	2197315	1
8996792	8996789	1
5196750	5196794	1
3055626	3055625	2
9445107	9445108	1
7215520	7215519	1
52224	45507	1
8609953	8601714	2
335024	334368	1
10911126	10911125	1
7600953	7600954	1
2986811	2986812	1
11960855	11958460	1
5250249	5250250	1
7760672	7760665	1
11723910	11731771	1
3633923	3633926	2
1366987	1366988	1
6232656	6232655	1
4876743	4876744	1
7751677	7751678	1
537211	537212	1
8551052	8423906	1
11440383	11440384	1
1876778	1877448	1
6872671	6872716	1
1008514	1008509	1
8870278	8870281	1
11082330	11082323	1
4269185	4268933	1
2088793	2088794	1
2203408	2200879	1
6361467	6308736	1
498414	507544	1
3696792	3696791	1
5587576	5587575	1
7243679	369754	1
2779968	2779967	1
7951462	7952762	1
6681669	6530247	1
2031584	2031832	1
8447779	8446551	1
11128844	11128843	1
11623199	11623200	1
1079473	1079432	1
2332267	7188985	1
3899608	3899576	1
2885631	2885632	1
3464518	3465373	1
10880773	10880790	1
10594234	10594233	1
8895602	8779834	1
3740214	3919567	1
10982470	11004469	1
4768588	4768585	1
10331178	10331177	1
2576689	2576662	1
10220089	10221378	1
11515842	11515841	1
9645446	9727873	1
275266	275265	1
1102083	1103179	1
9853505	9853506	1
3670404	3670447	1
10166083	10170802	1
1828165	1828170	2
9857206	9857446	1
4270128	4270126	1
7704248	7704251	1
2196050	2196130	1
11476695	11476696	1
2322113	2322100	1
2955428	2955427	1
12158465	3062629	2
5587730	5587729	1
1360688	1360483	1
10617342	10617341	2
865662	865661	1
5392406	5392443	1
1295076	1295075	1
6315094	6314500	1
10111227	10239179	1
8688727	8688728	2
1754862	1754845	1
11909185	11909186	1
1104195	1104196	1
10870669	10906635	1
11614028	11614027	1
11128844	11128841	1
7335475	7335468	1
10705319	10705320	1
3243811	3243812	1
9592622	9592621	2
6857135	6857148	1
832945	832946	1
6316053	6316054	1
6157642	6161943	1
3194571	3199250	1
