fend1	fend2	count
8286399	8286113	1
9699484	9564109	1
9081062	9046731	1
7662169	7662141	1
2519707	2511677	1
8970923	8320586	1
2076427	2076425	1
8287383	8204853	1
6593554	6687694	1
1412294	1418211	1
9597263	9597264	1
11436900	11437445	1
4366779	4367151	1
2777608	4405973	1
2905673	2905674	1
3042193	3040719	1
9811967	9811968	1
9992882	9992879	1
9879560	9879559	1
8522251	8535867	1
10741555	10741556	1
6552518	6577235	1
2204760	2204759	1
7249618	7248003	1
7967681	7967682	1
6829307	6829308	1
9106869	9106870	1
2905675	2905680	1
12788828	12788827	1
1390022	1390021	1
8786213	8786214	1
10786359	10793250	1
12476180	12476179	1
8786204	8786212	1
2789677	2940101	1
7849247	7849248	1
9878872	9878871	1
6241909	6241916	1
2494892	2440707	1
6741914	6741911	1
12196035	12196036	1
204296	205690	1
8517536	8517572	1
9327329	9327199	1
12476087	12476181	1
2076424	2076419	1
10026081	10026082	1
1829821	1828856	1
9878870	9878869	1
12181748	12196034	1
8399497	8399487	1
6480666	6480702	1
2065665	2066308	1
7849256	7849246	1
785789	785790	1
7368138	7368536	1
12731733	12731616	1
5003552	5003549	1
3881552	3881551	1
1977258	1977257	1
7138118	7228684	1
3871224	3871223	1
3760731	3760732	1
785785	785786	1
3716035	3716036	1
12551297	12542717	1
785787	785788	1
12597057	12596999	1
3186047	3186048	1
