fend1	fend2	count
10900403	10900361	2
2832302	2832077	3
8154304	8154285	1
4726729	4726730	1
11063001	11063002	3
10938020	10938017	1
9274644	9266320	1
7621702	7621701	1
11636371	11636374	1
9045547	9043688	1
4722473	4722474	2
3559512	3559511	1
7699837	7699573	1
5723989	5723997	1
5008624	5008623	2
204808	204863	1
144236	144624	3
12804251	12809608	1
12470796	12735255	1
9782267	9782268	1
10446250	10446545	1
1553761	1553766	1
10725383	10725384	2
10787664	10787628	1
1019335	1045360	1
11873668	3872620	1
8796815	8796816	1
668299	668596	1
12304484	12305031	1
6057338	6057341	1
11438660	11440612	1
10919766	10919765	1
3830352	3830049	1
1545245	1544951	1
233023	233028	2
1345737	1345727	2
7462748	7462747	1
12372496	12403150	2
9492214	9554251	1
9907639	9907640	2
11720897	11720898	1
1928396	1928403	2
1127031	1127032	1
5217497	5217498	3
7176598	7176595	3
936961	936962	3
7859170	10874266	1
10907585	10907586	1
4936744	4936765	3
3778721	3778722	4
9261288	9228197	1
9826198	9827305	1
10463714	10463713	2
3486766	3481135	2
5246234	5249175	1
5066718	5066716	1
4468645	4468640	2
9140148	9140147	1
685969	685970	1
1324072	7805488	1
8566666	8566714	1
120923	120924	1
4684727	4685755	1
6678945	6678946	2
10899586	10910526	1
9826580	9827142	1
7781358	7781357	2
6379613	6376061	2
6168347	6162067	2
12463537	12463538	1
6462419	6462364	1
176580	176571	1
4315459	4315460	3
5321748	5321747	1
4827965	4827968	1
6734314	10993140	1
4507692	4315192	1
9520461	9521035	1
4706340	7062185	2
8692375	8685242	1
7106990	7106989	4
1992025	1992026	1
3269198	3269197	1
9086508	9086507	1
1613528	1613527	1
10808061	10808240	1
8562153	7098514	2
3619644	3619643	1
11612131	11612132	1
9793394	9793393	1
2995537	2995538	1
11062418	9272124	1
909923	909928	1
6552604	6551998	3
8904664	8904667	1
3368989	3368990	2
1059727	1048914	1
11380740	11380739	1
10254307	10254308	1
3272531	3272515	1
3987342	3218069	1
1485214	1463059	1
7787955	7788058	1
4016924	2814827	2
10384577	10384578	4
10466603	10466712	1
1116532	10188202	1
12439305	12439306	1
4478500	4478449	1
8419491	8419492	1
8403047	8403048	2
577311	577312	1
6799947	6799948	1
7112946	10193009	2
10197654	10197653	1
6715630	6715380	1
4411808	4417167	1
1298328	1298325	2
11850232	11850231	6
1359940	1359939	1
2528444	2528441	3
3542199	3537604	1
11439544	11439198	1
12483460	12483459	1
3266760	3266762	3
4737025	7914441	1
1075885	1075886	1
408562	408559	1
9194385	9194386	3
6789862	6789861	2
8231834	8231833	1
2224004	2220195	1
11424982	11424981	3
2108424	2108423	1
4711262	4709937	1
4302235	4302236	1
7149533	7149534	1
3362017	3306908	1
10193687	10193412	1
6731005	6731006	1
1767144	1767121	1
11788243	11788244	1
10528255	10527809	2
9610325	9610435	1
1690450	1399023	1
7852763	7852764	1
5467385	5364842	1
648911	648914	1
8530522	8529436	1
9725796	8301069	1
9465886	9465739	2
1699000	8023490	2
4258301	4258276	1
3029723	3031667	2
5375860	5375859	1
110995	80507	4
1587803	1587804	1
1928396	1928401	1
4276546	4276545	1
206890	206889	1
9012612	9012611	2
3287875	3287418	1
8922470	8922469	1
8827761	8827762	1
9817086	9929720	1
882837	880345	1
521054	521076	1
4481081	4632251	1
3202421	3202422	3
7462750	7462749	1
5502317	5502318	2
10501279	10501854	1
10230362	7866714	2
7338144	7338154	1
39972	40823	1
956698	956697	1
11867250	10273652	1
954895	954873	1
272108	272107	1
8081584	8080770	2
4864160	4864375	1
4514335	4514336	1
5270380	5270377	2
5501065	5502316	1
10984438	10984435	2
7554325	7554326	1
8253482	8253481	1
6189395	6189378	2
5555501	5555502	1
1717409	3364566	1
8379864	8379876	1
3928442	3928441	2
2528440	2551201	3
10523325	10523326	1
5265962	5256047	1
2012197	2012605	2
7221114	7220823	1
745406	745405	1
535224	535211	1
417561	417562	1
4064442	4064441	2
11929937	11929938	1
10315803	10315804	1
2641570	2641573	2
11583155	11583156	1
11596390	11596389	2
6789860	6789857	1
10889635	10889636	1
7975372	7975371	1
5267062	5266756	1
52739	52742	2
6100062	6100059	1
7047551	7047512	1
3129838	3129911	1
400695	400696	1
8423867	8423870	2
4573796	4573838	3
11401835	11401836	1
10266726	10266759	1
10360502	10360501	1
1585772	1585771	1
5578683	5578684	2
1780939	1780940	1
3539935	3539936	1
8406312	8404475	1
1323216	1323215	1
10275531	10275532	1
7488721	7488722	1
2343379	2343361	1
7995762	7930111	1
375422	375323	1
10702886	10702885	1
3687970	3687969	1
1294477	1294478	1
7430363	7430364	2
7326018	7325990	1
3584759	3584760	3
9231768	9231800	1
9868223	9868224	1
9385061	9385062	1
2444521	2444819	1
5201960	5201940	1
4738738	4738737	1
7139393	7139394	1
7806085	7814935	1
1283602	1283601	1
9483634	9483631	2
9861620	9818101	1
6691621	6704904	1
3410311	3410312	2
1352563	1352455	1
896663	896666	1
6126345	6124870	1
5199294	3932697	1
11035739	11035740	1
10889633	10889636	1
5923372	5923371	1
7567232	7567229	2
6113696	6113695	3
12420997	12421022	1
6276906	6276968	1
4794063	4794064	2
2084415	2084416	1
6458618	6458253	1
12044679	12044680	3
7915592	7915591	1
5869465	5869466	1
559171	559172	2
12165702	12165699	3
4256712	4256711	1
7757453	7757454	1
5702337	5702338	1
8674636	8674635	1
1352561	1352562	1
4630388	4630387	2
896380	896379	1
5240757	5239629	1
11272712	11272711	1
8907474	8907637	4
1844861	1844876	1
932269	932991	1
3296744	3296743	1
10342880	10342877	1
11222937	11222938	1
3285427	3285428	1
7479182	7484936	1
6889393	6889394	2
6280629	6279887	1
816863	817021	2
5478222	5478221	1
7316857	7316858	1
4552406	4552403	1
11476530	11476529	1
7401896	4843270	2
5347386	5347385	4
7816467	6490127	1
8893415	8893416	1
4799976	4799973	1
5723987	5723988	2
3059972	3055021	2
2461203	2461204	1
8008285	10922961	2
8316253	8316229	1
5289647	5289648	3
9947356	9946153	1
11199555	6121409	1
4613623	4613626	1
2220997	2220998	1
6789862	6789857	2
12603875	4201423	1
4437315	4437316	1
5510780	5510773	1
7997934	7997933	5
3194608	3194607	5
7310327	11600924	2
4433773	4433774	1
11005231	11005237	2
5378439	5378201	1
4124956	9022658	1
3829710	3829839	1
4136798	4137047	1
3897844	3897843	1
5733276	6293679	1
12325973	12325974	2
11399616	11399618	2
3149646	3149643	1
6110814	6110813	2
12043225	12043226	2
9236317	9236318	1
3681817	3681818	1
6513296	6513293	1
8307526	8304530	1
1008580	1008389	1
1838984	1839005	1
9480068	9480067	1
7911507	7911510	2
7601568	7601539	1
1582031	1582032	1
8427076	8427551	1
10912661	10912674	2
706298	706305	1
5673759	5672753	1
7828938	7828937	1
1874427	1874445	4
142073	143919	1
3382935	8001770	1
7379419	7379432	3
616358	615904	2
5514171	5514172	1
10408378	10408375	1
9791039	9791040	1
6113583	6117705	1
6843217	6843218	1
10823778	10823615	1
969046	969199	1
8515221	8511909	1
5794885	6002079	1
1740881	1741042	1
5045248	5043963	1
4054941	4054887	1
11006381	11007142	1
163280	163287	1
4608500	4608524	1
10656915	6102299	1
9523990	9523989	1
11156938	11156937	1
3271188	3271187	1
5024295	5024296	1
10721422	10725382	1
440476	440475	1
6297442	11767083	1
1685701	1685702	1
10382627	10382628	1
4954903	4954904	1
4043692	4043649	2
5978162	5896296	1
5512339	5512340	1
1321256	1308924	2
8501937	8501938	1
6441809	2779575	1
3829712	3829839	1
11437069	11441680	2
6057338	6057343	2
644198	644197	1
7509876	7510741	1
10678350	10678349	1
7106988	7106987	2
8324696	8324695	1
4620872	4620871	2
10537742	10537741	1
1622576	1622575	1
8076978	8076975	2
8403049	8403050	1
71600	2220998	1
586958	589557	1
9439241	9439605	1
11430110	11430107	1
10900360	10900359	2
6561148	6560895	1
3302578	3302653	1
10037573	760779	1
10901736	10901735	2
4598845	4598846	2
7781359	7781360	1
2319955	2317460	2
5087335	5087336	2
1301832	1301827	1
10765404	10765403	1
4041893	4041894	1
4587582	4587581	1
12372501	12372502	2
3482457	3482452	2
1342922	1345584	3
6152216	11198157	1
5692210	5690195	1
3194963	3194964	1
11106266	11106265	2
6354708	6354707	2
11740585	11740592	2
7914770	7914769	2
4298422	4298421	1
4784032	4784029	2
11555421	11555428	1
5104409	5104410	2
6027964	6027514	1
7462750	7462747	1
6749179	6749064	1
3619432	3619429	1
2374633	2374634	1
3370111	3370112	2
10751796	10751795	1
7997932	7997929	1
1075015	1075016	1
10379487	10379478	1
1724436	1724528	1
1850128	1849896	1
4784028	6906079	1
4284796	4284795	1
12379648	12379577	1
8097342	8097341	2
9101643	9101644	2
3904626	3904625	1
3256564	3256546	1
4001898	3058859	1
9194389	9004201	1
1640028	1637742	3
11473934	11473933	1
12416996	12416999	1
10938020	10938019	2
7536143	7536144	1
10635150	10635152	1
1352559	1352560	2
12300673	10456122	1
2487096	7974269	2
6420509	6420510	2
1945952	1945951	2
1093934	1093933	1
9101641	9101642	2
7781356	7781361	1
4525891	4525886	2
1317352	1317351	2
12808392	12808391	1
8171554	8171553	1
1625499	1654452	1
5351734	5351733	1
3321322	3321321	1
7048956	7048955	1
8283075	8281993	2
956721	956699	2
5104786	10509673	1
4287719	4287720	2
11411752	11411751	2
8204597	8204822	1
10241999	10254343	2
9949565	9949835	1
6458829	6458830	1
10342878	10342877	2
11367344	11367343	1
6026163	6026164	2
7980579	7980580	1
1116534	1116533	2
2779337	2778860	2
10342880	10342879	2
9375985	9264875	1
1834122	1834121	1
8376772	8376592	1
6515062	6513069	2
7844388	1315927	1
5237961	5047746	1
1733460	1645807	1
10911129	10911130	2
8088887	8088888	1
301983	301984	1
3461935	3461932	1
4080928	4083242	2
3156424	3364502	2
2952946	2952944	2
5399950	5398352	1
668597	845412	1
6621191	6630262	1
8880543	8880418	1
3140557	3140558	1
9874235	9874236	1
8416435	8416333	1
12367296	12368149	1
6702773	2318019	1
8922718	8922717	2
808314	707839	1
265006	265005	1
3321322	3321319	1
5041703	11671292	1
7747330	7748692	2
5888976	5887966	2
363552	363551	1
6635140	6635118	1
6683842	6683841	3
11679034	11679027	1
7540363	7540374	1
3703610	3703609	1
7624186	7624189	1
5445556	5445555	1
2924046	2924045	2
6491761	6498244	2
12438985	12438986	1
7772348	7772347	2
6057340	6057339	2
11327493	11326139	1
1393615	1393616	1
10292208	8872060	1
4080125	4073808	2
5327748	5327745	1
1949722	1949721	3
275646	275645	3
3148267	3148454	1
10905109	10904878	2
8680062	8680061	1
7471307	7471308	1
8225385	8399640	1
10155859	10155803	1
3987344	3987343	2
11435183	11436338	1
3287872	3287825	1
9418562	9418585	1
10881501	10879400	1
11346242	11347343	3
11709774	11709869	2
11599630	11432859	2
8842000	8838856	1
1570595	1570596	1
4794061	4794062	3
7508590	7508407	1
10504478	10504475	2
4732685	4732686	1
8394189	8394186	2
6051384	6051342	1
10138935	10138936	3
8820137	8820138	2
2234351	2230670	2
2115329	2115330	2
10612114	10612113	1
8060324	8060319	2
10901740	10901737	1
12333852	12333851	1
5775493	5775494	1
9829927	8312732	1
9077271	9077272	1
11013366	11013382	1
1030908	1030907	2
8435803	8437475	1
2393070	310457	1
7997930	7997929	5
8766349	8766350	1
668297	668298	1
1069834	11795672	2
7806607	7806608	1
5382897	5382898	2
7575399	7575390	1
10918499	5376823	1
1592455	1592456	2
7009353	7009354	2
6169171	6169177	1
7463617	7463618	1
104792	104922	3
9338977	9338978	2
5058469	5058470	1
7853762	7850719	1
9053541	9042750	2
3206523	3206495	3
3183808	3185120	2
8471846	8470130	2
7253670	6846535	1
4020477	2775194	1
2731529	2732075	1
1133986	1134299	1
10953966	10953965	1
5566661	5566662	1
8045793	8045794	2
8249856	8249855	1
1970102	1970101	1
11110838	11110837	2
71600	2220996	1
5384247	5384248	1
8281992	8281994	2
1916503	1915774	1
8560435	8560436	1
10770602	2604838	1
3812618	3812617	1
2215598	2152318	1
6057342	6057341	2
3937618	3937617	1
10984438	10984448	1
6985182	6969897	1
12546138	12546137	1
1773062	1773061	2
11610146	11610145	1
12352657	12368501	2
7010378	7010377	1
9133257	9133258	3
4640029	4640030	3
12423343	12423344	1
3008989	3008990	1
10052675	4261344	1
11651017	11651018	1
10881755	10233268	1
11035388	11035387	2
6501070	7829137	2
654758	654757	1
1648914	1648957	2
3009458	3009457	1
6426598	6426590	3
8353893	10008288	1
4576047	4576048	1
2041880	2085385	1
1208153	1208156	1
205163	198584	1
349761	349762	1
6027964	6027961	1
8428645	8428726	1
1840629	11516236	1
837639	837634	1
11473932	11473931	1
1473261	1473534	1
9923551	9924929	2
6925486	6925376	1
8497055	8497200	2
5192124	5192123	3
2357554	2357553	1
5465537	5465538	1
11765320	11765319	1
12044629	12044678	3
4405631	4405636	1
9343032	9343031	1
11720895	11720896	1
5213886	5213885	6
9587477	10217257	1
7488719	7488720	1
9697176	9697253	3
2843004	2843003	1
9107108	9107169	1
12037754	12037751	1
3389109	3389110	2
992211	992212	2
3998160	4072365	3
8416277	8416278	1
6737399	6737509	1
6282340	10776608	1
2228456	2228455	2
12205494	12205493	2
612760	599289	1
6512126	6512125	2
2907974	2907977	1
9098130	9098328	1
8210908	9726533	1
7924034	7924033	1
7446407	7446412	1
4799976	4799975	1
8283075	8281994	2
10239222	10239216	1
2895938	2895934	3
265004	262285	1
7084772	7084769	1
286567	286827	1
8643258	8643367	1
2280463	2280464	1
4547820	7437272	2
11423676	11647248	2
3492630	3638113	1
3385140	3385139	1
7723441	7723442	1
2623782	2623706	1
137064	137078	1
683467	683468	3
6276908	6276907	1
11197734	11196222	1
771753	760442	2
8097340	8130421	1
3153252	3153251	1
7839034	7842972	1
890080	890079	1
9978576	9978575	1
7860819	7860805	1
6174485	7273173	2
7176645	7180074	2
3504388	3504406	1
10008284	10008295	2
705593	705594	1
11004016	11004019	3
3541408	3542554	2
6696568	6696567	2
8417824	8420782	2
10384150	10384576	4
11000908	11000907	1
11336432	11336500	1
11548148	3277434	3
11888744	12283458	1
9012610	9012609	1
4361967	4361968	1
5898854	5898853	1
9151588	6205758	1
4615247	4607123	2
7952426	7952429	1
11668075	11668076	1
1657818	1657817	1
109802	105751	2
5649765	5649768	1
93401	93404	1
5267060	5266756	2
7915715	2108425	1
7857312	8850157	1
1208153	1208154	2
7136270	7136495	1
5515422	5539853	1
744555	744560	1
3122770	3122769	1
5927069	5927070	1
7550594	7550593	1
8903742	8964035	1
10783895	10783898	1
681400	681409	1
10901734	8019475	2
11106264	11106263	2
4737900	5107526	1
11800813	11800814	1
7605727	7604184	1
3202055	3202056	2
4690999	4691005	1
1031130	1031311	1
2183891	2159830	1
3693712	3693709	1
4210449	4209322	1
7527572	7527571	1
2019490	9418289	1
4540057	7817376	2
8665162	8662876	1
10449181	10384911	1
1608976	1680884	3
10676051	10676024	1
4554908	4554907	1
3082960	3072520	1
127568	127567	2
2358942	2358967	1
791369	791372	3
8266155	8266156	1
4361504	4361503	1
7223211	3904447	1
10388001	10388002	1
9418719	9418737	1
3867808	3998694	2
12204558	12204557	1
2502396	2502360	1
9077273	9077274	1
11846055	11052703	1
1599053	1599054	1
5466657	5466518	2
421961	421962	1
11035327	11035328	2
3463632	3463631	1
10172802	1199942	1
11272708	11272707	2
8399250	8399249	1
6500423	6500424	2
3869176	4010450	1
4375924	4375811	5
11850230	7477993	5
4376545	4376546	1
1330372	1330371	1
5086710	5086696	1
3302652	3302651	1
7009355	7009451	1
6124003	6122263	3
7446413	7446414	1
3310241	3310243	1
218730	218694	1
5399556	5399555	1
5021109	5020498	1
6166956	6166953	1
3973338	3973337	5
8796813	8796816	1
413411	412838	1
8834255	8833186	1
8676515	8676516	1
4722504	4722472	3
11785062	11784720	1
6189379	6189380	2
5318891	5318936	2
3163348	3163345	2
7768844	7768196	2
3593878	3593877	3
10402257	10402213	3
7199807	7199808	2
10875280	10875301	1
10938018	10938017	2
5578683	5579097	1
1051879	1051880	2
5210087	5210076	1
3301955	3301956	3
4347503	4347504	1
7119893	7119894	1
10711440	12303580	1
4259808	4383507	2
8993079	8993072	1
9418717	9418718	1
135891	135892	1
506642	506641	1
5599977	5599978	1
2294038	2438103	1
5810261	5810262	1
2171331	2171334	1
12632984	4477616	3
10212235	10212236	1
7771452	7771895	1
12487442	12487439	1
6015394	6015393	1
5466990	5466989	1
4549000	4549507	1
5897218	5897217	3
4740830	4740829	1
6110268	6110267	2
745404	745401	1
4565699	4565680	1
755123	755124	1
9645371	9645372	2
7608621	7608622	1
11131645	11131646	2
5384789	5384790	1
3696464	3696463	1
2899453	2899364	1
2874255	3020296	1
4507613	4507679	1
9235026	9385232	1
10075664	10075201	1
5951458	5953628	1
4704317	4704318	1
2039457	1322611	1
7028436	7028435	2
808316	808315	1
4602685	4483003	1
7748616	7748615	1
2767015	2767013	2
6113696	6113693	2
2041393	2046197	1
10095732	10095731	1
1008387	1008388	1
6233555	6233556	1
12428999	11278537	1
10357333	10357338	3
7431464	7431492	1
7504991	7504992	1
4116955	4116958	1
7995758	7930111	2
8635870	8635869	2
8907636	8907635	4
171351	171401	2
4623780	4620916	2
8195279	8195280	1
68547	68550	1
5384787	5384810	1
8419695	8419693	1
4146605	4146606	2
12387345	12387346	1
7860778	7860777	2
7867254	7867584	2
8629898	8629895	2
3551171	3551154	1
12044681	12044682	3
6378966	6378814	1
3552782	3552781	2
11155446	11155445	1
10212498	10212497	1
3389109	3389112	1
11554641	11556262	1
10907583	10907584	2
6221596	6221595	1
6309305	6309306	1
12036967	12036968	2
12778655	12778658	1
7146828	7146944	2
3639154	3639318	1
11112097	11220171	1
10907297	10907736	1
7594732	8064887	2
1168169	1168170	2
7853537	7854132	1
4150282	358695	1
12485248	12485247	1
1585770	1585773	1
7844392	7844389	1
3313424	3313423	1
10197656	10197655	1
9194387	9004201	1
4811822	4811817	1
6799949	6799950	1
8574604	8574623	2
8060320	8060319	2
1824772	1824771	2
3979393	5709128	2
7641686	7787118	1
11424988	11424981	1
8373347	8373350	1
10486473	10486474	1
8692171	8692226	1
11110836	11110812	1
276337	275647	3
12535168	12535260	1
11697013	11687802	1
8222625	8222626	1
144625	144626	1
11052704	11052703	2
11345134	11351726	2
12143703	12143704	1
10384150	10384578	1
8611110	8511610	2
1647362	1647361	1
7267821	7267822	1
6193347	6193409	1
8399639	8399640	2
7970533	7970534	1
8566668	8566714	1
2042376	2042373	1
1843516	1861254	1
8893413	8893416	1
11619798	11620250	1
10795248	10795247	1
5229231	5229232	1
956721	956697	1
5478226	5478223	1
4527211	4527212	3
11402381	11401836	1
6168659	6168660	2
4677758	4677757	1
7970535	7999721	1
8448952	8448951	1
10164026	12531727	2
1431967	1431958	1
6610851	6610852	4
1705143	1702045	1
12431866	12431865	1
3551171	3551152	3
5786805	5786806	1
7632813	7633139	2
12035416	12040297	1
669842	670667	1
12627560	12627559	2
11492281	11492282	2
2373317	2374161	1
5916127	5916233	1
11377496	11377495	1
12043225	10239978	1
6180948	6180889	3
11402381	11401834	1
9280792	9280791	1
9528228	9524585	1
8683359	8683371	3
5473084	5473083	1
6945482	6945481	1
2025135	2025140	1
10230967	10230965	1
5951460	5951459	1
7744286	7744003	1
4083243	4083032	1
888996	6718876	1
6442466	6442397	1
437875	440477	1
1824774	1824773	2
9294476	9294490	3
5042340	5042334	1
7389710	7389954	1
2808657	2808658	1
4357394	4357393	1
8283073	8283074	4
10766318	10766561	1
10212105	10212106	1
3202052	3202054	2
7274093	7274096	1
7200437	7200505	1
7902092	7994947	1
648911	648916	1
12044629	12044680	1
5119642	5119615	2
12008907	12007336	1
3622089	3622090	2
9076185	9076186	1
10212107	10793287	1
3958135	4064427	1
52737	52738	2
1173460	1173459	1
3923811	3923812	1
1359668	1359939	2
3194734	3194733	2
7684290	1075884	1
422240	422237	1
9293598	9293597	2
10696970	10697049	1
4582783	4582784	1
5384247	5384250	1
408563	408893	1
3240070	3240073	1
8837916	8837915	1
7265311	7440601	1
11407717	11407718	1
5097735	5099033	2
4491315	4491230	2
6022099	8270436	1
4539645	4540454	1
8433208	8433205	1
3829712	3829711	1
10354968	10354967	3
794352	794351	1
9820298	9820297	2
5500746	5498973	1
8129208	9500810	2
11474242	11474241	1
12481176	12481175	1
456271	456272	1
1394824	80507	1
12205488	12205493	1
11823273	11823274	1
7472701	7472706	1
2892802	2892801	1
3913257	3913280	1
3153256	3153253	1
7378507	7378508	2
11437069	11441682	1
994322	993748	2
4315461	4315462	2
1987964	1987963	2
2471998	2471997	1
10752079	10752080	1
5240123	5240124	2
2502398	2502397	2
4560420	7108384	1
207716	2541745	1
4752050	4752049	1
2007918	2007917	3
1563871	1563872	1
11619110	11610147	1
10315805	10316073	2
12043227	10239978	2
4811818	4811817	2
2160001	749523	1
9816007	9815970	1
12426988	12426899	1
4375810	4375803	3
9078255	9078256	1
10412283	10412284	2
6802525	6800696	1
2039457	2039458	2
12808390	12808313	1
10197656	10197653	1
1235049	1233294	1
10443787	10443788	1
248122	247994	1
9293596	3496299	2
11835950	11835947	2
7412615	6083884	1
6460992	6460991	2
11441681	11441682	3
11476984	11477084	1
6101674	6101671	1
6896277	6897753	1
11636367	11636370	2
5838609	5838610	2
1702115	1702116	1
10984434	10984448	2
2099568	2102483	1
492780	604097	1
10259686	10259683	1
2843002	2843001	1
8985395	8985396	1
4936128	4936127	2
3903576	3671874	1
604388	604387	1
9093800	9093825	1
10254309	10254310	1
10886092	10886089	1
8674634	8674633	1
1030906	1030905	2
6111122	6110815	2
7950083	7950086	2
8109559	8109562	1
9430861	9430884	1
11620866	11620865	1
1504201	1504204	1
2864252	2864251	1
1052257	1052260	1
1163763	1163482	1
9388389	9388390	1
8350434	8350433	2
11065215	11065210	1
12008903	12008906	1
2775200	2775199	1
3517950	3517949	2
6562278	1296587	1
4068946	4068945	1
12376300	12376241	1
10728264	10728263	2
6728066	8184172	1
6948604	6959644	1
22295	22296	2
5933769	5933743	1
7507847	7507848	1
8301540	8301537	1
7291335	7291336	1
11444317	11444318	1
8039176	8039203	1
11779976	11779975	1
7950909	7950910	2
12041178	12123172	1
7291337	7291338	1
4514563	4514334	3
2358942	2358941	1
8285562	8175306	3
5996370	8450841	1
12796034	12799201	1
10195904	6738301	1
10408363	10408356	2
3789884	3789883	1
9261288	9228195	2
11232784	11232783	1
3305975	3305996	1
12485246	12485245	1
7901077	7901080	1
9025017	9025018	1
6164027	6164028	1
5838245	8076977	1
5353637	5353638	1
2838474	2838477	1
11006379	11007142	1
11568110	11568109	2
2001142	2001141	3
9625859	9626939	1
1711925	2908979	1
12493551	12493556	1
3960815	3960816	1
5078123	5078124	1
6507802	2280789	1
6636106	6636077	1
9834861	9834794	1
1677774	1677669	1
11699740	7460863	1
10613156	10542488	1
12491188	12491187	1
10721191	5420041	1
6188517	6183593	1
9948641	10734812	1
9962247	9962232	1
8985418	8985415	1
6121408	6121407	2
11381202	11380741	2
5042741	5042750	2
9868217	9868218	1
8385873	8387377	1
3275621	3275622	1
11086339	11086315	1
10881501	265093	2
8831249	8831256	1
3389107	3389108	3
408560	408559	1
299054	299053	1
6020026	6020025	1
4525889	4525890	2
8245735	8096262	1
2884699	2881251	2
8667151	8667152	1
9779899	9057183	1
3622856	3475282	2
11929939	11198330	1
10740876	10740875	1
8473022	8473021	1
5105365	5105366	2
8445397	8445398	2
7777974	10811231	1
8171189	8171190	2
2042276	2042362	1
3194738	3194733	1
6878278	6878277	1
362444	362441	1
2852832	2853003	1
11219565	11219566	1
4706342	4706341	3
5930899	5930900	1
4818824	4819598	1
8580218	8580217	1
8011448	8011453	1
2346978	2375440	1
992209	992210	2
11348335	11348336	1
1945176	1945175	1
10646019	10646020	3
1680887	1680888	1
3104752	3104755	1
2360364	2352351	2
10812171	10812172	1
2528446	2528445	3
11409845	11409846	1
12168554	12168553	1
11661305	11661307	2
4023775	4023932	1
7745225	7745226	1
7395702	7395663	1
5215923	5215924	1
6494407	6494408	1
1116530	10188202	4
4357392	5530058	1
4301655	4301656	1
3768361	3768362	1
8672766	8676862	1
11003355	11003102	2
6313823	6313824	1
1023573	1023592	1
8674440	7757452	1
5691005	5690978	2
4459683	4506354	1
363550	363549	1
10193979	10185034	1
10186960	10186959	1
8795696	859361	1
1330374	1330373	1
11402203	11402204	2
1082794	1082793	1
8618493	8613733	1
7719320	7719319	2
10622521	10622522	1
416384	416552	2
3270089	3270091	2
8690468	8690467	3
1085349	1085812	3
12670838	12670835	1
9601304	9601303	1
3559827	3559828	3
10906007	10906008	2
1116534	1116531	1
1838984	1838983	1
6513294	6513293	1
9527296	9527295	1
2924044	3107803	1
10924337	10924338	2
7550596	7550595	1
1317350	1317347	1
4595462	11524341	1
4680237	4680240	1
10822563	10822566	5
1398018	1398017	1
1294221	3266417	1
2486754	2487302	1
8837683	8837678	1
6536311	6365032	1
6199890	6199887	1
649514	648315	1
10290465	10290466	2
5374910	5375861	2
8634334	8634331	1
11293227	4495871	1
11597820	11595085	3
11784124	11787219	1
12408	7329	1
2225062	2224899	1
4546399	4546400	1
12009511	12009516	1
362444	362443	2
3612100	3612099	5
10889110	10883501	1
5327744	5331039	1
8253480	5698133	2
3550706	3550705	1
755125	755126	1
455055	455056	1
6093026	7419022	3
265321	265322	1
11021238	11021237	1
7446810	7446807	1
2099239	2105204	1
6529889	1391930	1
894948	894868	3
4107219	4107222	1
10308326	7171443	1
8383389	8383390	1
10381149	10381160	2
5099032	5099031	2
1315954	1315959	1
10751794	10751797	1
11866686	11866676	1
12184152	12184151	2
8324698	8324697	1
7769988	7770226	1
7108252	4088450	1
7875705	7875321	1
7836988	7836987	1
1702117	1702171	1
12379578	12379577	1
5754371	5754372	1
4259102	4259099	1
3135973	3135974	3
5702333	5702338	1
9480128	9480127	2
5887263	5887264	1
8244911	8244912	1
10546662	10546655	2
1968898	1968862	1
1534089	1534126	2
5932214	5932211	3
1699862	8418622	1
8373345	8373348	1
8248303	8249857	1
9792709	9792710	1
8294414	8294413	1
1959292	1959291	2
9106791	9106730	1
9385063	9385064	1
6789858	6789857	1
780372	780331	1
269853	269825	1
10663004	10663003	1
12036969	12036972	1
2878181	2878182	4
6692496	6703458	1
8375299	8375339	1
5018568	5020701	1
10142435	10142436	1
4919273	4919274	2
6020033	6020029	1
5086970	5087334	2
666194	666189	3
10529527	10529528	1
8386638	8385994	1
655994	655991	2
6699070	6699067	1
1666215	1666216	1
9976596	9976593	1
367928	367922	1
6258100	6258095	2
6740797	6740798	1
513462	641105	2
3328256	3328255	1
936408	936407	3
4926371	4926372	1
10426945	10426946	3
5702333	5702336	2
7941152	6628208	1
8225385	8399638	2
11021975	1659882	1
5539858	5515423	1
11985169	11985170	1
7911511	7911512	1
3120695	3120696	3
11113468	11113310	1
5513438	5513085	1
248035	247995	1
10212233	10212234	1
5672515	5672516	1
2611512	2601235	1
3041348	3040735	3
2560369	2560370	1
7996607	1437361	1
4268122	4265999	1
10906582	10906581	2
6425219	6425399	1
8379866	8379865	1
11110836	11110810	2
8692263	8692170	1
5286653	5286654	4
10779620	10779538	1
10900403	10900359	1
9601308	9601305	1
6696566	7450392	2
9637612	9629916	1
2817595	2817596	4
10587385	10588832	1
11139869	11139698	1
3729672	3750197	2
792212	792211	4
3144596	3144590	1
2383042	6781716	1
4752052	4752051	2
8467764	8467763	1
11719626	11719625	2
6119846	10648329	1
7530634	7477793	1
7033930	7033929	2
993749	993750	2
6477545	6488711	1
5937981	5937982	1
2560939	2552087	1
4734274	4734273	1
4799972	4799971	1
8031316	10911128	2
11634306	11634309	1
12205130	12205118	1
611243	611246	1
10727615	10758210	1
5327018	5327017	4
8373792	8373791	2
493216	304305	1
1047077	1047080	1
9864027	9864028	1
2148371	2148372	1
7605729	7604184	3
1949766	1949723	2
11363488	11367345	1
8354852	8357623	1
10636238	10636232	1
8004769	8004770	2
7737519	7737510	1
10652985	10652983	1
11023976	11023975	1
11612907	11612908	1
8216155	8216156	2
1303217	12474270	1
744769	744846	1
792210	11474243	2
7514532	7514531	1
3120699	3120700	3
9782264	9782266	1
10508958	10508834	1
265092	10879400	1
9834860	9834859	1
450472	450137	1
4676142	4676141	2
10888678	10888656	1
11674470	11695651	1
8993073	8993074	1
8571335	8571340	2
233029	233030	1
6361003	6361049	2
93399	93400	2
3986034	3986033	1
7240578	7240571	1
5078125	6970924	1
127570	127569	3
1940159	1940758	1
11704539	11705108	3
951877	951878	1
7780067	7782450	1
7866904	7862848	2
4299262	6350049	1
4447460	4447457	1
11424990	11424989	5
8284916	8284915	2
6817516	6817515	2
10742368	10742365	1
9465443	9465488	1
6731007	6731008	1
1928400	1928397	3
1709796	1709795	1
8562023	8562024	1
2615574	2615573	1
322247	314795	1
9816595	9816596	2
9076456	9076455	3
7534049	7462751	3
433103	654450	1
5010367	5206740	1
10889633	10889634	1
8574158	8574108	1
4811822	4811819	2
12634841	12634817	1
10014321	10030941	1
8466296	8466573	2
10831309	10831310	2
1163984	1163983	1
2995754	2995751	1
5981455	5980454	1
10729288	10729287	3
1321676	1322301	1
894175	4543755	1
6727889	6727890	2
8466294	8466573	1
5213884	5267201	4
7304533	11633228	1
10906009	10906010	1
8611177	12778167	3
2173047	2172050	1
5185800	5185799	1
4685181	4686355	1
3512109	3512110	1
11006379	11006380	2
5466655	5466656	1
12180211	12180212	1
1704931	1557936	1
9480070	9480069	1
4602629	4602636	1
3932708	5199295	1
3120697	3120698	3
3020295	3020296	1
5649769	5649770	1
7991075	7991068	1
5537827	5537865	1
5050840	5050843	1
5578685	5579097	1
8280018	8280172	1
7745221	7745224	1
6371656	6364466	1
10774749	10777163	1
645990	645987	2
7446806	7446805	1
12364998	12201829	1
1294390	1290737	1
5904200	5904197	1
1780941	1780942	1
8104847	8104848	2
972976	972975	1
11673776	11673775	1
6017198	6017203	1
2580543	2580546	1
6874738	6874737	1
8566668	8566667	2
10182269	8151401	1
1346577	1263018	1
5951460	5953628	1
10187216	10187215	1
7823304	7823301	2
8273992	8273984	1
9112707	9112708	2
3302654	3302651	3
12439327	12439304	1
1826167	1798449	1
8216154	8218476	1
10796887	10796888	1
2817593	2817594	4
1824770	1824769	2
2461205	2461206	1
7479189	7479190	1
1999098	1999093	3
9907641	9908446	2
1584520	1584519	1
4701216	4701215	1
12000441	12000442	1
3302578	3302655	3
5276170	5276617	1
6686755	6686765	2
2352350	2352349	1
6593315	6593298	1
12300671	12300672	4
3778723	3778724	4
5467385	5364840	2
148611	148612	1
3008987	3008990	1
11719624	11719619	1
10849029	10849030	1
7769507	7769508	1
12335346	12334830	1
896378	896405	1
3891948	8150715	1
2621024	2619133	1
585550	585552	1
909713	908149	1
4734272	4734545	1
9746704	9746703	1
1017235	1041485	1
781468	781467	1
6113694	6113693	2
9605868	9605863	1
7451084	7695823	1
9165683	9165661	1
10682789	5936756	1
4721613	7313763	1
8665965	8665966	1
7350516	7350515	1
11285941	11293226	1
4040071	4040069	1
8562635	8562636	1
1677761	1677762	5
10909622	10909621	2
954876	954894	1
3551153	3551154	3
11198226	11197802	1
11743205	11743206	1
3155842	3155841	1
6774031	1662103	1
11218829	11219079	1
1766500	1766499	1
8818307	8818308	1
8060324	8060321	2
9718985	9718570	1
7758766	7758765	1
1047079	1047080	1
11110811	11110812	2
10523337	10523326	1
3928444	3928443	2
8742278	8742275	1
6312358	6311457	1
6010836	6010862	1
3927446	3927224	2
1241759	1241790	1
7243958	7243957	2
1974622	1975819	1
11300298	11300297	2
2908883	2908884	2
8342284	8342287	1
6846097	6846098	2
3368083	3368084	2
3190086	3190091	1
5932210	5932209	3
4445411	4445414	1
7178694	7178693	2
7223248	8535553	2
12387343	12387346	1
12183057	12181472	1
4804879	4804880	2
12634766	12729778	1
12222856	12221863	2
7995762	7995759	2
3693712	3693711	2
6804391	6804486	1
972103	972104	1
11460871	11460872	2
11679026	11679025	1
2874255	3020294	1
1602163	1649720	1
5567648	5567647	2
1874425	1874426	1
6653918	6653917	1
11346244	11346243	1
5086972	5086971	2
3208574	3208578	1
1393601	1393602	2
7446429	7446430	2
4827967	4827968	1
12789514	12789509	1
4673826	4673825	3
5631927	5631928	2
6737395	6737509	1
5270380	5270379	1
8066186	8066185	1
8231512	8231511	1
8269192	8259491	1
5364841	5364842	1
244855	244856	1
10220530	10094481	2
3993357	3993597	1
3274241	8729059	1
1870471	2013970	2
8042326	1284563	1
11989825	11989826	1
3497102	5923817	1
10938016	10938015	1
7992553	7992554	1
2781034	2781033	1
1552075	1551790	2
7866907	7866908	2
5384787	5384790	1
9610434	9610433	1
8383294	8383388	1
2506184	849068	1
5137812	5134562	1
2817593	2817596	1
11208126	11207460	1
4572498	4570560	3
3368987	3368988	2
8985397	8985398	1
10473514	10347288	1
683041	683466	2
8350436	8350435	2
7941009	7941010	1
12290689	12292860	1
10045625	10045626	3
3257840	3257637	1
5537827	5537874	1
7810112	7810107	2
12002536	12002531	1
4804881	4804882	2
5384787	5384788	2
10620249	10620250	1
5008626	5008625	2
1190767	1232117	1
4752054	4752053	2
4480770	4480769	2
1780939	1780942	1
10239979	11888420	1
10903552	10903551	1
4726731	4726732	1
3124363	3124553	2
7769509	7769750	1
11869083	6380314	1
6494333	6494334	1
12036965	12036966	3
2840248	2841002	1
9352315	9352316	1
9852182	9853814	1
6122262	6122261	2
3894860	3894775	1
12333854	12333853	1
7867598	7867597	5
10392536	10393345	1
186132	186131	1
6577361	2686111	1
2843000	2842999	1
10170331	10170543	1
6318320	6277797	1
972103	972106	1
9438939	9438947	1
8076978	8076977	1
4095309	4095476	3
2979307	2979310	1
12350239	12350240	1
10998063	10997924	1
10419968	10420141	2
8546718	8569344	1
6091903	6091242	1
9485180	1205038	1
1730989	1730990	4
4753365	4814533	1
6106098	6106097	2
8028079	8028080	2
1639639	1639640	3
8076976	8076975	2
1879913	1879914	1
9172684	9172683	1
10639371	10639434	1
5375841	5375842	1
972974	972973	1
5611082	5611081	2
11319618	894752	2
4598847	4598848	1
3812659	3812694	1
7857779	7857780	1
8421638	8421619	1
3383142	3383141	1
10461676	10461724	1
3135975	3135976	2
11084958	11084957	1
11341664	11341663	1
8881877	7723440	1
9108713	9108423	1
2183889	2183890	3
4841525	4758417	1
676373	678147	1
8231514	8231511	1
11719624	11719623	1
8861754	8861753	2
2711246	2711245	2
3194606	3194605	4
932267	932991	1
2982420	2982428	1
1030908	1030905	1
5217499	5217502	2
7951898	7950908	1
6101670	6123012	1
6961289	80507	1
10205239	10205223	1
4722504	4722474	1
3008987	3008988	1
7902098	7902095	3
10197650	10197649	1
6324340	6324339	1
8562025	1669712	1
4375802	4375801	2
6473524	6473523	2
6774118	6774105	2
10170804	4681154	1
3302650	3302649	4
11750064	11750063	1
2808659	2806607	1
3819487	3815192	1
6678947	6678948	1
1444425	1444426	1
11168186	11204190	1
1322199	1322202	1
552499	552500	4
8096261	8096262	3
2007916	2007915	3
6856652	6837484	1
4740822	4740831	1
1603743	1649366	1
5993806	5993805	2
4760039	4760162	1
8925860	8925859	1
10014320	8396392	1
5493144	5492998	1
9293731	971407	1
7451693	7451797	2
9040676	9039913	1
4516279	4516280	2
2778861	2778862	2
8881503	8881504	2
3122768	3077548	3
7033928	7035230	1
11957118	11981051	1
9699234	9699233	2
5249131	5249132	2
11587689	4844822	1
3094724	3032963	2
6408559	6408642	2
3359950	3358844	1
12806054	12806053	1
8667149	8667150	1
5010468	5010467	2
3973336	3973335	2
7772350	7772347	3
5478226	5478221	2
5485168	6412043	2
184351	184352	2
9025015	9025016	2
9963008	9963007	2
8231514	8231513	1
9928903	9928889	1
8148390	8148389	1
12438983	12438984	1
1677783	1677760	4
9092278	9092326	1
8011121	8011124	1
9770634	9776825	1
5143541	5143542	1
11757700	11761687	1
10797164	10795833	1
1445657	1445658	1
7483980	7483979	1
9914745	9914746	1
3302828	3302640	2
5270378	5270377	1
4535939	4535940	1
808497	808498	2
10275533	10275546	1
1163019	8624862	1
2105380	2064788	1
822025	822026	1
6020024	6020023	1
11035741	11035742	1
5648262	5648266	2
10371866	10371788	1
8109559	8109560	1
8532687	8532688	1
7997932	7997931	5
6195477	6195478	1
2516513	2516460	1
5599979	5599980	1
8692263	8692226	1
110995	6961288	1
11292392	11292387	2
7000237	6899799	1
3289111	3289114	1
6017196	6017203	1
6835595	6825128	1
5535650	10894460	1
4452479	4658882	3
7106985	7106986	1
1731096	1730022	1
9166257	4107214	2
2333623	2333624	2
8323512	8323509	1
8028077	8028078	1
5755546	5755543	1
7641688	7787118	1
6111123	6109164	1
6803067	6803068	1
8076978	5838244	1
7947975	7949303	1
8265971	6148498	1
10008287	10008288	2
9792711	9792708	1
5214351	5214352	1
5147013	5327019	1
1086264	1086263	2
10002171	10008285	2
8449408	8449407	2
5249133	5249134	2
8187290	10234082	1
5445558	5445557	1
10954200	10954199	1
3194991	3194992	1
8532679	8532686	2
10258213	10258214	1
2490145	2490146	1
3218068	3218065	1
11483491	11483462	2
9847188	9845984	1
972976	972973	1
11590072	11590071	1
8922478	8922475	1
10993692	10993691	1
11327305	11327490	2
1992023	1992024	1
3493571	3493573	1
2115591	2115592	1
2163615	2176818	1
5990290	5990289	1
435770	437921	2
2001140	2001126	3
9439659	2029264	1
10729284	10729281	1
2165042	2164916	1
12535261	12535262	1
408892	408891	1
12746236	12746211	1
744847	744848	1
772414	537946	1
1398020	1398019	1
11969791	11969792	3
2107400	2107390	1
1945173	1945174	1
1657258	1657824	1
460206	460283	1
7780825	4115995	1
9787938	9787941	1
5775491	5775492	1
10259686	10259685	1
2864250	2864249	2
11197026	11197025	1
1074413	1074462	1
5443320	5443319	1
10560591	5852521	2
7810112	7810109	2
12501324	12501323	1
11219428	11219431	1
3192940	3192939	1
10000080	9997252	1
2487980	2487979	2
6660879	1804902	1
5356141	5356144	2
12431709	12431712	1
7048954	7048372	1
7945423	7943209	1
10533422	10393424	1
2560939	2552085	1
9094439	9094440	2
11092525	11092526	1
7872768	7790648	2
279326	3201804	1
9926090	9926317	2
11424988	11424983	3
908224	7927143	1
8508193	8508190	1
8214217	8214199	1
12762454	12762000	1
10347289	10347290	1
11144145	11144146	1
4602629	4602630	1
9047412	9047377	1
148663	148610	1
5229605	5214907	1
466606	3129839	2
3869676	3868193	1
552501	552502	4
6017198	6017197	1
1393099	1393163	1
972105	972106	2
792210	11474241	1
5524760	5524759	3
12527013	12527905	1
1472831	1472832	1
8011517	8011449	1
1051879	1051882	1
6789860	6789859	1
9286432	9286431	1
3963778	3963777	1
1871718	1889338	1
3703608	3703607	1
5561962	5561961	1
2007914	2007913	2
3321324	3321323	3
11880331	11879795	1
6499983	6499984	1
654752	654723	1
4768615	12533351	1
1757798	1757797	1
1149143	1159747	1
11589653	11589677	1
10529493	10529526	1
3029847	3029897	1
8399248	8399247	1
3492634	3492631	2
5008626	5008623	1
1030897	1030898	1
11587688	11587707	2
2528444	2551201	1
8374147	8374148	3
1107237	1107597	2
7880243	7924035	3
11553168	11356491	1
6376062	6376060	1
9419698	9356815	2
6405731	6405961	1
6213272	6213271	2
11205	11244	1
399484	400933	1
8925806	8925861	3
511778	511777	1
5456348	5456351	1
5749543	5749544	1
10874267	10874268	1
12313993	12314533	1
630662	629361	2
6843215	6843216	1
5051313	11796691	1
12661766	12666132	1
7808129	8023298	1
2188521	2188522	1
2231136	2333622	1
12205488	12205495	2
1197786	1200131	1
5548138	5550241	2
12316141	12316773	1
8796813	8796814	1
6199888	6199887	2
6419691	6424388	1
2832194	2837110	1
7225545	8447095	2
3283390	1075891	1
972992	972965	1
11083514	11083034	1
4572331	4572318	1
11880327	11880330	2
8355604	8355603	1
11084956	11084955	1
5050038	11796686	1
7772350	7772349	2
6580600	6580599	1
2492375	2492376	1
7852760	7852757	3
7975374	7975373	1
4375806	4375803	1
4740822	4740829	1
7583691	7583692	1
505285	499777	1
7551231	7749542	1
1786066	1786071	1
4552402	4552401	1
7806609	7806804	1
4028295	4039836	1
7866906	7866905	2
1843519	1844181	3
8375297	8375298	1
11846055	11052705	1
5247587	5247572	1
10925272	10926110	2
3820505	3820840	1
6875435	6880168	1
976588	976587	1
11035386	11032634	1
2405414	2402739	1
8893411	8893412	2
3567095	3567096	1
11292396	11292393	2
10992902	5272542	1
9418713	9418716	1
8308154	8307619	1
10832646	10832800	1
11679036	11679035	1
3475283	3475284	2
3869678	3869677	1
11966775	11966778	1
174325	176581	1
4242515	4230643	1
12153656	1270627	1
2444397	2444398	2
269802	269852	1
8375158	8375532	1
8171187	8171188	1
10889525	10212284	2
8231516	8231515	3
5589089	5589404	1
9330622	9330619	1
1652043	1652044	2
6199890	6199889	3
591196	591193	2
5810255	5810260	1
5451081	5451082	2
91114	91090	1
2014871	2014872	1
4298420	4298396	1
7410614	7410613	1
6585993	6586158	1
10381161	10381162	2
12204559	12201745	4
9745095	9745096	2
10197648	10197647	1
9418736	9418733	1
5105753	5105855	1
2260941	2138474	3
6769186	6769066	2
8666294	8665964	1
7857310	8850157	1
157969	157974	2
9232157	9231917	1
6673463	6763102	2
10924339	10923056	2
1035160	1035159	1
7028434	7028433	1
7200280	3208692	1
9747171	9747172	1
5897216	5897215	2
1830202	1670693	1
4989324	4957088	2
2711244	2711243	2
4809148	4809147	1
8419670	8419694	2
3216715	3216716	1
10729286	10729285	2
2029195	2029209	1
8373349	8373350	2
9239427	9239428	1
3114262	648865	1
4687795	4687796	1
648915	648916	1
6801232	6801231	1
8288174	8288173	1
7064476	7065525	1
3102116	3102115	1
7594734	7594733	3
11826424	9428385	1
7431464	7431488	1
3940537	3940444	1
8028077	8028080	2
4435055	8547004	1
6301797	1703577	2
5589087	5589088	1
3550702	3548689	1
4552406	4552401	1
4673824	4673823	3
3287824	3287823	3
10725696	10765405	1
5559362	5560598	1
6682762	2149735	1
7446375	7446376	1
5993962	5993916	1
9830754	9830753	1
6480611	6480828	1
8728737	8728740	1
5190963	5191410	1
3145873	3148266	1
10252513	10256940	2
5353647	5353648	2
3743792	3743791	2
8373347	8373348	2
4602631	4602636	1
9467526	10189723	3
4526337	4526338	2
7745459	7550744	1
5818252	5818221	1
6792119	6768676	1
7446407	7446414	1
11833913	11833914	1
11156344	11156802	1
1928402	1928401	3
763326	763325	1
1121260	1121534	1
3987342	3218065	1
6547456	6547455	1
5384791	5384810	2
2956981	2956982	1
3069153	11427815	1
8545164	8545245	1
12730505	12747715	2
3370113	3370095	1
11058564	11058567	1
8299802	8368411	1
10747115	10747116	1
10837698	10837223	1
265008	265007	1
11007240	11007255	2
408562	408561	1
1635135	1634036	1
9194387	9194388	1
715383	715384	2
5695076	5694953	1
8084142	8083968	1
2099066	2099069	1
5808731	3832593	2
9324766	9324765	1
2336582	2336581	1
11390381	4311426	1
3155840	3363216	1
2716706	2716705	2
3382933	3382934	1
8129215	8129209	1
2949958	2949966	1
6895635	6895636	1
6507804	6507803	1
9743531	9743369	1
1696046	1695488	1
9280794	9280793	2
6570261	6600321	1
4673826	4673823	1
5626304	5626303	1
11476528	11476527	1
1985067	1984172	1
9898979	12225457	2
1727944	5562570	1
6700283	6700284	2
9816597	9816598	1
7872356	7872355	2
3890976	3887877	1
8158267	8158250	1
1599675	1599687	1
1508945	1509018	2
10906007	10906010	1
5384789	5384810	1
3743790	3743789	1
3927448	3927447	2
11087195	11088097	2
4167084	4167081	1
276335	276336	2
7181977	7181975	1
9522703	9307093	5
8383395	8382312	1
7706858	7706877	1
3495160	9086521	1
6513296	6513295	1
973306	973305	1
2936093	2936094	3
8659279	8659280	2
6412042	6412041	2
1757796	1723710	1
10371867	10371492	1
9418713	9418714	1
9336680	9336679	2
10900783	10900784	1
6227781	6227782	1
11860658	8006206	1
7274097	7274098	1
11956054	11956053	1
4789599	4789593	1
12794196	12794189	1
8011123	8011124	1
2935309	2935310	1
5132147	5131318	1
8683357	8683358	1
5273920	5273922	1
2936095	2935310	1
7941007	7941008	3
9491716	9491684	1
1538294	1538289	1
8416279	8416280	1
4809146	4809143	1
7744286	7744001	1
10289893	7678863	1
5575924	1335696	1
6416318	6416317	1
6672390	6672330	1
2536961	2537132	1
8445399	8445400	1
3122772	3122771	2
1208155	1208156	1
7389712	7389711	1
11677862	10885800	1
1460186	5579846	1
12334831	12334832	1
2865714	2865711	1
5520825	5520256	3
4397701	4397702	1
9960409	9959814	1
8353893	10008286	1
5657692	5645017	2
879441	879336	1
10259684	10259683	1
3681291	3681292	1
6027960	6027514	1
5566659	5566660	1
4919271	4919272	3
8045817	8045341	1
3862721	3859275	1
5692756	5692770	1
7666973	1987613	1
4703799	4703800	1
6188135	6188136	4
3992590	3992135	1
9418719	9418733	1
11632353	11632229	1
9022659	9022660	1
2842998	2842997	1
8680017	8676514	2
826448	826447	1
6308147	6308148	1
5054183	5054173	1
6728068	6728067	4
8435812	8441785	1
6166544	6166543	3
6106367	6105485	2
11675851	11675852	1
11058200	11063280	2
8109561	8109562	1
3389111	3389112	2
2148883	2150832	1
8780037	8780038	1
8690520	8690519	1
1359668	1359941	1
1580284	1580235	1
10831435	11021239	1
7926983	7929855	1
10970690	10972109	1
5537864	5537874	1
10355336	10354653	1
8674632	8674629	1
4658883	4658884	1
8085701	8085702	1
6547454	11765321	1
6254493	6254494	2
11779984	11779977	1
591198	591197	2
2025141	2025225	1
6673461	6673462	1
10455624	10648562	1
7580177	7580139	1
9605864	9605863	1
1047077	1047078	2
9140150	9140149	1
1051881	1051882	2
11823275	11823276	1
3313370	6313049	1
10186972	8845862	1
4723339	4724027	2
7176594	7176647	1
11092530	11092524	1
9352313	9352314	1
8893413	8893414	1
11351727	11351728	1
2160488	2160498	1
8384591	8429977	2
7769507	7769750	1
6093029	6093030	1
11110629	11094784	2
10060077	10060078	1
965900	966657	1
1822519	1822520	1
3550704	3550703	1
4543997	4544343	1
3932708	3932697	1
8039067	771690	1
3678360	3671290	1
907581	515895	2
5489552	5489551	2
1984288	1972640	1
7407259	7407103	1
3194738	3194735	1
12036967	12036972	1
11258503	11258504	1
11038205	11039541	1
363552	363549	1
8576354	8576338	1
2173044	2171489	1
9011242	9011220	1
11719622	11719619	1
6188137	6188142	2
3549400	3549338	1
8466296	8466295	1
12486075	12486076	1
9140150	9140147	1
165056	165055	1
8666335	8666336	1
7225026	7225544	2
3192938	3192005	1
4397703	4397706	1
8014344	8013762	1
363548	363551	2
11166561	11167069	1
3202423	3202424	1
4788533	4788534	1
3296742	3296733	1
2204939	3459997	2
7610852	7610847	2
984472	984476	2
7860780	7860779	1
1116532	1116531	3
8858922	8858730	1
61976	61899	1
4675260	4675259	1
7644778	7644771	1
1352561	1352455	1
10924663	10924664	1
2343117	2343118	1
5205327	5204998	2
10732861	10732862	1
3622856	3475284	1
1838982	1839005	1
3981621	3981627	1
8580216	8580138	1
3410356	3410355	1
2230671	2229882	2
5021084	5021186	1
2636315	2636316	1
936868	2837140	1
8373345	8373346	3
4452479	4658884	1
3015383	3000233	1
10729286	10729281	1
7425239	7343972	1
7828630	7810936	2
3368991	3368992	1
11272710	11272709	2
10900781	10900782	2
8581457	8581436	1
8574403	8574394	1
12387343	12387344	2
12759873	12761179	1
11937369	11937370	1
2908885	2908886	1
9025015	9025018	1
6896275	6896276	1
10702959	10702960	4
11657029	11657034	1
3379585	1832825	2
7895734	7895274	1
4468199	4468204	1
3114147	3114148	2
2579296	2576680	2
11933698	9336678	1
12403151	12403154	2
218759	218760	1
4470674	4472341	1
4594220	4602628	2
6801825	6801826	3
1804903	1804904	1
1727946	1727945	1
10298203	10298205	2
7640578	7640577	1
6520602	6520724	2
744553	744554	1
5289649	5113378	2
93405	97846	1
4375810	4375807	1
11607475	11545118	1
890082	890081	1
7567228	7567231	1
12515982	11080966	1
4397701	4397706	1
4118788	4118787	1
1957740	1957739	2
10244798	10244810	1
6026165	6026166	1
2838476	2838475	1
4527137	4527174	1
4788532	4790457	1
11015623	11015746	2
816689	816706	1
12509314	12509313	2
10831939	5875695	1
8220309	8206937	1
272106	272097	1
11718559	11718553	1
348989	1096954	1
7606752	7606749	1
8823629	8825401	2
5042751	5042754	1
9308021	9309173	1
10831435	11021237	1
11284031	11279656	1
12487444	12487443	1
5267062	5267061	2
6711513	6712195	1
5473251	5473237	1
610774	608690	1
5540817	5528014	1
8414996	8414989	1
6946820	6987470	1
5157910	5157909	3
6213268	6213273	2
3787079	3787109	1
447537	2732025	1
11066948	11066947	2
9605868	9605865	1
9943595	9943596	2
8326945	3876633	1
3253198	3252332	2
10079882	10079881	1
5524758	5524755	2
11943853	11944102	1
2936095	2935308	1
944003	944004	1
7781693	7781719	2
1752776	1752779	1
4547822	4547821	2
12130417	12130370	1
7676710	7676709	2
7550596	7550593	1
4936764	5252738	1
6028454	6026162	1
669273	11334815	1
4676134	4676143	1
8378878	8378808	2
7002621	7002624	1
9823305	9825336	2
2580541	2580542	1
7430365	3555103	2
8245735	8096260	3
5238191	3301010	2
8342788	8342787	1
5445558	5445555	2
12453414	12453463	1
12527904	12527903	1
3701940	3702036	1
12606354	12606353	2
7733421	7733422	2
7605727	7605728	3
447660	447803	1
6006151	6006152	1
10959656	10936802	1
3890510	3890505	1
9529302	9529741	1
4405629	4405630	1
11855427	11661531	1
6359367	6359343	3
7783512	7783473	2
1360101	1360481	1
2358940	2358967	1
4677756	4677759	1
1545244	1545243	1
56934	56985	2
6801230	6801229	1
11833911	11833912	1
1966429	1966430	1
7152378	7152380	1
10186958	10186955	1
4100928	4002064	1
1191362	1191361	1
8375852	8375841	1
12379648	12379579	1
7641688	7641687	1
4285123	4285124	2
1928400	1928403	1
2505910	7976493	1
2904513	2904514	1
7810108	7810107	3
6526426	6530836	1
1025476	1025475	2
1843517	1843518	1
3108440	3108689	1
2171247	2171838	1
2766197	2766234	1
8584787	8583375	1
12403299	12403300	2
3545117	3545144	1
11551051	11551052	1
932267	932268	1
9485963	9482824	1
10861466	10861465	1
5214349	5214350	1
8307595	8307596	1
7970472	7970471	1
2177352	2174655	1
3816795	3586197	1
8288240	8288175	1
3556436	3556435	1
1504205	1504206	1
2828074	2827182	2
3584761	3584762	2
2167904	2163465	1
11062420	11062419	2
8574401	8574402	1
2552086	2552085	1
9480126	9480206	1
3321320	3321319	1
967001	967429	1
2388110	2368579	1
4203264	7446338	2
6426609	6423048	1
11288967	11263377	1
4481912	4593658	2
2079514	2077069	1
5220931	5220932	1
8776234	8776233	1
6526826	6526825	1
8531591	8531592	3
