fend1	fend2	count
12299752	12299751	1
12601802	12604603	1
4557295	4557296	2
9896479	9896480	2
10433267	10433268	1
1477706	1423694	1
10242841	10242842	1
5450258	5450255	3
6607230	6607229	1
3430097	3430210	1
1479587	1479588	2
3576112	3689335	1
4449822	4449800	2
12691694	12691680	1
10283430	10283432	1
8245714	8245113	1
4180084	4198557	1
7466583	7466584	1
1699919	1699922	2
12529667	12529670	1
4208603	4208604	1
9272414	9272346	1
10649631	10649632	1
9420773	9419792	2
2298152	2297591	1
3424917	3509133	1
9601085	9601086	2
6124621	6125487	1
11817563	11257120	1
10458672	10455381	3
1642997	1642998	1
338921	338922	1
1773472	1774057	1
4991482	4992224	1
296356	296355	1
10611181	10611184	1
4051354	4051353	1
1056980	1151976	1
8299547	8299548	1
1484478	1484244	1
7371765	7371766	1
12602795	12602796	1
10024253	10064608	1
11522424	11522423	1
11940883	11940862	2
11717999	11718057	1
1502970	1502969	1
6705141	6704182	2
5601949	5601952	1
12304239	2165481	1
43689	43690	2
6127282	6521394	1
3048039	3048017	1
11023191	11023192	1
1400671	1400672	2
7065545	7081677	1
8030680	7984621	3
7793144	7793143	1
10184596	10183837	1
5722186	5723504	1
2426907	2533492	1
6263430	6263429	1
1458124	7403867	1
2632347	2632348	1
2587254	2587183	1
5009959	5009343	2
6023339	6023603	1
4539980	4539985	1
1698988	1698960	1
11574661	11574664	2
226606	226601	2
11419718	11419757	4
11244443	11244440	1
6124799	6124756	1
347368	352481	2
185787	185889	1
7587194	7589620	1
4820382	4816904	1
1112435	1112436	1
5970835	1839503	1
3139795	3139815	1
11384829	8129475	1
4880298	4880297	2
1356781	1355156	1
6353789	6353790	1
6698228	6698201	1
2124483	2124484	1
6389947	6390031	1
2321091	2321097	1
7928809	7928810	1
6569443	11335548	1
12120419	12119928	1
4143472	4143471	1
2562660	2562659	2
6801295	6801297	1
11497977	11490227	1
10330523	10330524	1
1502968	1503468	1
50632	50654	2
6229460	6229459	1
11854001	11853990	1
10687780	10687771	2
1761821	1761822	1
889421	889546	1
3990818	3990817	1
3498726	3498725	2
10905058	6021669	1
7076787	7076788	1
2997818	2999090	1
9385863	9385864	1
6123191	6123192	1
11867412	11867340	1
8864826	8865482	1
2240833	2240834	1
6447488	6448699	1
951965	951975	3
11194725	10823706	3
9730992	9730991	3
12424825	12424816	1
4064596	4065188	1
6254950	6254953	1
7967296	7967597	3
641109	641110	2
1223980	1223979	1
2486196	2486179	1
8834883	8834884	1
5268514	5275244	2
9694802	9694799	1
3173815	3173816	1
11571294	11571307	1
12165247	12155522	1
8647264	8647263	1
3315963	3315925	1
3495639	3495640	1
3080716	3080715	2
10567388	6347547	1
12795319	12795056	1
7968229	7991884	1
1290111	1290112	1
4268522	4268518	1
1453586	9772477	2
4312262	4312261	1
6555015	6555658	1
9106792	9106769	1
3573873	3573876	2
7173560	7173607	1
2602028	2607653	1
3959560	3959559	1
6125704	6125776	1
10009686	10009685	3
2992101	2992146	2
2403098	2403097	2
10091486	10234174	1
2894346	2894345	1
12618322	12618314	2
9614812	9614811	2
6176531	6176532	1
9229710	9229709	1
9558920	9558924	1
5052363	5052391	1
2555138	2555137	1
875049	8534839	1
5186660	5186589	3
7688815	7688811	1
9826832	9826848	1
568836	568703	1
365573	373865	1
735395	2556971	1
2509574	2538467	1
3138893	3138917	1
1720331	7384126	1
3641482	3559950	1
2968212	3037312	2
4768070	4768069	4
5318804	5318807	1
1685337	1685338	1
3813037	3812935	1
5602379	5602380	1
11785315	11785316	1
1790730	1790729	1
10727974	10727973	1
7219822	7219819	1
770469	770470	1
8526446	8526445	2
10099619	10099624	1
7129748	7129713	1
1512754	1512753	4
1235162	1235161	1
5061042	5061041	1
6073977	6073922	1
9933129	9933130	1
1407278	1407275	1
5221587	5220743	4
10755330	10755329	2
3866257	3866258	1
4143470	4143459	1
2403100	2403099	2
853988	854017	1
7942859	7942890	1
101760	122226	1
7842143	7842144	1
10675224	10675223	2
12381419	7961415	1
11838688	11838687	2
1383843	1433906	1
10693589	10693582	1
2636921	2636922	1
6050103	6077370	1
6849286	6848852	1
10850997	10851000	1
290969	9016622	2
9598110	9598113	1
11932796	4053117	1
6165234	6165233	1
12003439	12003440	1
7151657	7151658	1
9919463	9919464	3
6196800	6196799	1
3578904	3578901	1
2104893	2104773	1
5237192	5236685	1
10254761	10254762	1
2019896	2019895	1
6833514	6833513	2
7934997	7790197	1
12018353	12045585	1
4768068	4768013	2
7042919	9818284	2
4336938	4342771	1
11595257	11594092	1
7778670	7779059	1
11091357	11091358	1
8190263	8182472	1
9544285	9544286	1
11421980	11421972	1
7169048	7148745	1
1325639	1325640	2
10584519	10584520	2
6260984	6737892	1
11748526	11748525	1
12208889	12208876	1
6694533	6694534	2
6727598	6727601	1
7044644	7044643	1
12238455	12238456	1
3100615	3115284	1
11892347	11892348	3
6907651	6907658	1
10076223	10076224	2
6401410	6401329	2
3215594	3215593	1
12423891	899520	2
2467020	2433581	1
10033605	10033606	1
1584507	1584543	1
177832	177829	1
11907923	11939547	1
4670638	4761009	1
3186613	2966537	1
10011496	10011679	2
5637642	5637733	4
10212628	10212623	1
345841	345842	1
9370409	9373174	2
8103607	8103695	1
6117565	6117576	1
1414325	1414326	1
12801487	12801490	1
6905408	6905405	1
6710698	6710670	1
11357740	11357736	2
2107902	2112902	1
6168840	6168868	1
2563743	2563744	1
3595581	3595705	1
7043035	7043036	2
8391566	8392062	1
5880232	5878665	1
774785	774786	1
7925677	6180053	1
5558496	5558495	4
10001885	9898769	1
2393632	2396317	1
1448872	1445553	1
11883154	11883158	5
3763172	3763132	1
1009421	1006326	1
8293564	8292975	1
8895586	8867137	1
10660274	10660273	2
891014	891009	1
3907098	3907097	2
814657	814663	1
3241349	3355711	1
908097	908098	2
2144379	2144057	1
9251807	9252469	1
6642748	6642747	2
322011	322012	2
9341041	9341042	2
4673000	4672999	1
7692275	7837491	1
8727292	8727291	1
2314980	2315030	1
10078124	10279354	2
11402568	8439040	1
10455675	10455678	1
5534458	5537165	2
11336408	10060982	1
2681163	2681164	1
6156803	6107136	3
4121079	4121080	2
62466	60298	1
11405439	11405440	1
6151563	6151564	1
833533	832156	1
8774667	8774670	1
2653719	2657958	1
4383111	4383112	1
1009041	1009042	1
1734008	1734005	1
8449240	8443642	1
8692230	8689695	1
6714623	6686216	1
9884187	9882595	1
9119307	9119308	1
5771187	5762871	1
10213293	10213294	1
8898621	289815	1
4654240	4654239	1
1672102	1672082	1
6973724	7058955	1
5767143	5767201	1
12529988	12529987	1
11337306	11337305	1
7709387	7709388	1
798483	798484	2
12473129	12473130	1
9025622	9025617	1
4208605	4208606	1
34995	32793	1
2841936	2841935	2
3498576	3498575	1
6359790	6359789	1
4366225	4366235	1
2032175	2032176	1
687449	691869	2
836366	1636080	1
4677778	4677777	2
11328510	11329190	1
11922876	11922875	1
459876	459871	1
1044281	1205493	1
7508675	7508639	1
6574567	6574568	1
2825096	2815108	1
5747053	5747054	1
11465195	11465268	1
3711936	9140218	1
7329897	7060530	1
4358787	4358788	1
2509576	2509575	1
3986606	3986605	1
4921022	4920996	1
8178208	8170192	7
6758877	6759112	1
978500	978412	1
4786047	4786048	1
7347848	7420611	1
10022490	10022483	1
459870	459869	2
183176	183097	2
6762421	6762426	1
6046870	6046869	1
5585514	5585513	1
242115	244643	1
8021885	6363777	1
9617928	9242352	1
10486366	10486365	2
10213296	10213295	2
10983690	10983689	1
9866726	9866725	3
10057908	10055164	1
5771552	5771545	1
4048799	4048800	1
1587696	1587695	1
5460258	4824316	1
2515133	2515124	2
4559697	4559698	1
921327	921328	1
9299207	9299208	1
737895	737896	1
10007845	10006747	2
3596473	3596474	1
8605713	8605714	1
7136391	7383325	1
1231965	1227182	3
10204842	10253444	1
1709659	1709640	1
7967308	7967307	2
9035539	9025946	1
5654550	5654549	1
635333	635334	1
7191237	7185043	1
12572153	12387941	1
5881242	5881239	1
374034	270295	1
3053554	3053529	1
1871061	1867811	1
2434593	2434594	2
8455815	8455816	1
780988	780848	2
11552473	11552499	1
5612460	5612408	1
4441550	4437320	3
10753323	10753324	1
3378425	3375813	1
6145149	6145150	1
9558603	9558604	1
3477988	3477987	1
9089912	9089911	1
8580139	8580140	1
10455768	10455767	3
9153001	9152992	1
443759	443760	1
7193613	7196358	1
8462504	8462456	1
8631392	8631389	1
7704319	7703986	2
2032949	2032960	1
10332936	10332935	1
6016272	6016241	2
7091968	7091967	1
6071975	6071976	1
7303459	7303460	1
6751141	6751040	1
4710373	4710357	1
8684289	8684290	2
12656583	12657277	1
2934255	2934256	1
4026576	4026575	1
6229462	6229461	1
203130	203129	2
10398296	10398295	1
12120416	12120418	1
333164	333801	1
6165232	6165231	1
7905763	7905764	1
11903871	11903872	2
5581478	5581483	1
1798046	1798045	1
11010226	11010843	1
7049976	7049975	1
226600	226389	1
10287233	10287234	1
10565561	10565562	1
9674457	9674458	1
6986205	6986284	2
7382141	7382142	1
3590261	3590262	1
5568931	5568932	1
1517359	1517364	3
4704376	4600231	1
474419	474420	1
2672734	2646901	1
10217303	10217093	2
6370836	6370835	3
5295414	5295413	1
12367426	12367389	1
1536811	1536827	1
8887894	8887893	1
6103784	6103771	1
2183284	2183135	1
5042785	5042786	1
7335397	7145275	2
1008086	1008264	2
4609227	6177840	1
1734010	1734009	2
5009957	5009958	1
8683017	8683056	1
11878644	11878502	1
833138	833113	1
8720542	8720541	2
11944449	11943217	1
3911103	3911108	2
432995	433063	1
10134349	10134354	1
6928592	6928916	1
3150421	10267397	1
406929	320137	1
1835965	1835968	1
6526048	6526198	1
7422661	7422798	1
8425734	8425733	1
1437182	1437147	2
4631270	4631269	4
3911120	3911119	1
12658889	12658890	1
2965831	2788618	1
4789188	7446201	1
8835677	8835678	1
9855788	9821143	1
11259204	11241190	1
11598464	11602005	1
10139379	10138387	1
9169945	9169955	1
10257482	10257454	1
781749	713793	1
8031758	8031757	1
10925836	10925835	1
10257455	10257456	1
11554565	11554566	1
1441779	1441780	4
11802517	11802544	1
10522523	10522489	1
8533308	8533307	5
3352607	3352608	1
1568271	1756350	1
10429979	10430023	1
4568701	4568702	1
11069703	11112051	2
1429392	1476358	1
4262982	5853776	3
10232749	10232750	2
11611385	11611388	2
8521767	8522146	1
839341	839342	1
11881599	11881602	1
888067	888068	1
4393879	8337358	1
7101740	7101763	1
3679903	3679904	3
7993836	8002544	1
839346	839345	2
9066331	9066332	1
801218	801217	2
6115421	6124795	1
3037483	7296242	1
11493644	11492094	1
14240	14239	1
2105295	2105296	1
11328028	11328049	1
6071516	6071974	2
3745123	3745164	2
6494701	6494704	1
6698182	6698172	1
8793425	8698923	1
4037853	4037885	1
8464229	8464230	1
4361460	4361459	1
9464362	9464361	1
11465269	11465270	1
2724779	2724780	1
9804788	9777077	1
3702124	3702123	2
1478925	1478926	1
348059	288410	2
6797216	6797286	1
9491398	9491397	1
8355780	8355779	1
9792468	9795580	1
968262	1012278	2
3993824	3993823	1
5257620	5257619	1
9336678	9336677	1
10797995	10797996	2
6068616	6068615	1
9814800	9815247	1
5206202	5206177	1
4388967	4388968	1
7681180	7796045	1
10946063	10946073	1
23710	23709	1
11922283	11923551	1
5217612	5448379	1
11934034	11934033	1
6014878	6014877	5
9252464	9251954	1
3826172	3826167	1
8395460	8395459	1
4004775	3858916	1
9312431	9312432	1
6223387	6223388	1
4332987	4332893	1
3631283	3630956	1
12792566	12792565	2
6840987	967588	1
3542656	3542655	1
6647993	6647994	1
10981985	10977670	3
11923130	11923118	1
111192	111191	1
1801185	1611479	2
7604825	7604826	1
9502211	9490740	1
10332956	10332935	1
5918674	5918423	1
4138363	4138388	1
9528091	9528318	1
894720	894719	2
9112696	9112695	2
934145	932674	1
9147025	9147792	1
7856871	7856879	1
11330387	11330388	1
9591495	9589778	1
7242301	7164831	1
6196649	6196652	1
8194861	8194862	2
3375812	3375811	1
894718	894717	2
5231654	5231653	1
5154866	5154865	3
2057978	2058170	1
352480	352479	2
2675915	2676734	1
4301296	4527746	2
9240385	9240386	1
12678527	12678528	1
9180197	9180198	1
3064533	3064534	1
6636683	6636684	1
3385276	3385279	1
11587899	11587900	1
5631150	5834443	3
9826455	9826475	1
8586746	8466078	1
7033832	7033831	1
2655265	2655277	1
8077002	8922958	1
7118536	7089425	1
7743144	7743143	1
1865083	1865088	2
2860157	2860158	2
4312260	4312257	1
5803898	5803935	1
5185492	5185491	1
8487539	8487540	2
5663241	5663242	3
4788851	4560486	1
1566137	1196077	1
7549035	7549036	2
4005872	4006564	1
368923	369032	1
1761817	1761820	1
12419466	12419465	1
3858920	3858919	1
4993979	5118950	1
4052540	4051355	2
2565284	2565283	3
1826077	1826078	2
626876	626875	2
9925737	9928362	1
12147597	12147598	1
6941489	6941490	1
7423338	1716699	1
5801338	5801337	1
7883981	7884079	1
11884451	11884452	4
9467507	9467935	1
3709406	3709405	4
9826455	9826473	1
10213298	10213297	2
7413206	7413205	1
1373109	7444374	1
6972426	6972381	3
8642152	8642151	2
261848	261847	1
9773870	9776116	2
5705309	5705310	1
10389569	10389559	1
6140321	6140322	1
6179027	6179028	3
11497012	11464816	1
8866538	8826181	1
10658486	10658483	1
6009007	6009870	1
377585	428560	1
6014884	6014881	3
1112433	1112434	1
5318235	5318339	2
8355778	8355777	1
4121084	4121081	2
8613442	8613441	2
8902509	8883582	1
9447477	9447478	1
8560613	8560614	2
6320228	6472179	1
8473457	8473469	1
6228478	6228593	1
4737440	4737438	1
3100847	3108056	1
5869284	5627216	1
5842721	5842722	1
7691436	7691390	1
6199346	1110429	1
6765500	6758874	1
1518804	1518803	1
7658564	7658563	1
10704458	10704457	1
8291589	8291590	1
12607766	12607744	2
338965	338920	1
12525221	12518395	1
3990816	3990815	1
11721466	11721465	1
9394113	9394114	1
4591337	4591232	1
5912408	5912407	1
1371468	7297858	2
12651043	12651044	1
7787377	7787380	3
11867414	11867413	1
8173565	8173568	1
8692533	8692534	1
7117902	7118072	1
12244569	12244570	1
5970835	5970836	2
9882594	9882593	1
8505740	8507710	1
715076	736791	1
11818009	11818010	2
6587463	6587464	1
167830	204927	1
10545204	10545203	1
350531	355998	1
6602449	6602450	2
6915923	6915552	1
11283451	8941966	1
8355781	8363659	1
1251372	1251371	1
8552651	8552652	1
4019187	4019132	1
12801487	12801488	2
9361734	9376741	1
7444375	7444376	1
3271766	3271765	1
5923102	5923101	1
5783594	5783588	2
4829871	4829872	1
1470082	1505451	1
978413	978414	1
4013722	4013721	1
10183918	10183917	1
1091648	1091653	1
4789188	4789187	1
7466043	11371745	1
11256734	11256729	1
2112905	2112906	1
8533306	8533305	4
2508621	2508641	2
2711025	2737225	1
10969984	10969983	1
3425870	3425869	2
1285981	1285982	1
12686411	12645612	1
11918950	11873423	1
2602032	2602029	1
10838459	10838460	2
12608734	12608729	1
11304702	11303158	1
1940886	1940883	4
7010627	7010623	1
5871351	5871192	1
4986051	4986052	1
4838362	4838467	1
11589368	11589367	1
2288631	2288734	1
2618347	2578375	1
8623483	8623484	1
6124619	6124620	1
7411340	7411585	1
7850278	7850277	2
6281359	6281360	2
5044213	5044771	1
2509574	2509577	1
12459612	12459611	2
10543247	10543248	2
11120335	11120336	3
6570259	6570260	2
8427157	8427282	1
6132909	6132910	1
1670204	1669109	2
6781956	6781955	1
10241412	10241387	1
504832	504831	2
323168	323045	1
11882749	11882750	1
7065543	7065544	1
11513547	11513566	1
6265530	6263470	1
4852915	4852919	1
3082192	3081791	2
7187282	7191482	1
8062804	8062803	1
11117069	11117070	1
11018242	1940887	4
7294090	7288772	1
10796746	10796745	3
6165677	6165680	1
150765	150378	1
8270202	6294477	1
2850793	2850794	1
11075334	11213921	2
7810115	7810116	1
6162441	6162442	1
8487541	8487542	1
5322676	5322675	1
8418784	8418783	1
2557891	2557892	2
11409524	11409523	1
8172439	8172479	1
9510748	9510747	5
10801929	10801930	2
8074485	8075386	1
4587666	4589290	1
1695701	1359172	1
3524838	3548284	1
6377666	6377665	1
10093558	10256922	1
4249038	4248790	1
4543299	4543300	1
4050640	4050465	1
6193543	6193544	1
426154	426151	1
9890623	10375911	1
1793901	1793902	1
6462871	6465411	1
10347385	10347386	1
9380352	9380347	1
6727600	6727599	1
8499736	8499874	1
10545779	10545780	1
588009	591510	1
1769421	1769422	1
4516740	4516739	1
11452140	6485711	1
9273617	9276720	1
6139514	6139513	2
1664124	1664123	4
9997023	9933104	1
3988746	3988745	4
10801931	10801988	2
4789186	7446201	1
10838461	10838462	1
5915249	5915250	1
10352352	10352142	1
2508640	2508639	1
2636982	2636920	2
11546881	11546882	1
9160448	9160456	1
5735697	5735699	1
859996	859995	1
10547940	10547939	1
10620694	10620693	2
7876382	7882605	1
3352798	8469129	1
12644098	12644095	1
7855222	7855221	1
11335406	11335405	1
446000	8148839	1
10192669	1269056	1
3853106	3853102	1
4774713	4774653	1
7658565	7658566	1
6289921	6289922	1
1558861	1559512	1
4198552	4298346	1
11004507	11004508	2
8962664	8962663	3
11129441	11129448	1
11194723	11194724	3
12052866	12204103	2
12662220	4037170	2
6156384	6156332	2
10796742	10797994	2
4078964	6342713	1
5280524	5280523	1
7034923	7034924	1
7300879	7300880	1
6088374	6088373	1
1566624	1235163	1
7336387	7336438	2
916099	913947	1
10032021	10032022	2
5060683	4986730	1
3616723	3616724	1
5512277	5512278	1
3503623	3503624	1
4312262	4312257	1
4267781	4288532	1
7106380	7106379	1
5262715	5262716	1
4361462	4361461	1
9502210	9502145	1
10542836	10542835	2
4238365	4238380	1
6905846	6905882	1
338961	338964	1
10182120	10182119	1
7418027	1693015	2
4532669	4532670	1
10436227	10436228	1
8031733	8031759	1
8580141	8580142	1
2795016	2795021	1
3528454	3528453	1
6337724	4053858	1
1865106	1865105	1
5896936	5896935	1
6116615	6113315	1
5240317	3774961	1
1376874	1376873	1
10796744	10797994	1
12536636	12536635	2
4714285	4713366	1
2100623	2100624	1
6014886	6014885	5
10737700	10610302	1
9830296	9830295	1
11764908	11764869	2
7044710	7044643	1
10260727	11056041	1
5021053	5021066	1
10025355	10008823	2
12286683	12286684	1
11542763	11542764	1
2238591	2238616	1
4543331	4543950	1
10628176	10628175	3
6023341	6023603	1
5729460	5842554	1
7353374	7353390	1
5503738	5503759	1
6568312	6568321	1
10532421	10532422	1
1998358	1998357	1
5645057	5645058	1
7194753	7194754	1
8415905	8415906	1
3993824	3993821	1
60297	60298	3
426267	9012569	1
6998056	6998053	1
2344882	2344969	2
2627310	2627309	2
1303900	1104694	1
3538348	3538347	1
5995400	5994928	1
3706866	3706865	1
35277	35280	1
11479841	11498816	2
878290	884248	1
7975933	7975934	2
5783596	5783595	2
6298835	6298836	1
11478447	11478448	1
5165412	5165411	2
5287842	5289540	1
5584679	5584682	1
6895509	6895020	1
11408600	11409525	1
4564891	4741184	1
11937891	11937892	2
10501315	10501316	3
7979632	7979631	1
4379323	4397931	1
12423069	12423070	1
8201257	8201351	1
1787810	1784560	1
5970833	5970834	3
7638068	7630890	1
3424916	3429776	1
2212585	2133809	1
4566549	4566550	1
929261	929208	1
3680672	3674021	1
3498564	3498575	2
4281136	4281135	2
7535596	7535599	1
11738213	11738314	2
4577602	4577601	1
12805409	12771768	1
10220600	10219019	1
8631388	8631387	1
4142890	12184610	1
7672969	7785545	1
8052911	11310937	1
3784760	3784763	1
551207	546005	1
784923	784924	2
8974897	264887	1
9615010	9615009	2
496411	496414	1
11913215	11913224	1
8851335	8851336	1
2525982	2461335	1
167728	167731	1
8011053	8011054	1
7917615	7917620	1
3337165	3337254	1
1038296	1038293	1
1452198	1452249	1
3113550	3113549	1
1422243	1422244	1
4527616	4301299	2
3419881	3419766	1
781892	783211	1
8765371	8765418	1
1296184	1295323	1
3032126	3032125	1
8589402	8589399	3
2288735	2288736	1
7219824	7219823	2
5399666	5399665	1
2452358	2452357	4
1578753	1578743	1
3364617	3364618	1
6350221	6245085	1
1578278	1471696	1
11122165	11122168	1
11355435	11359194	1
9466793	9466794	1
6922248	6923580	1
2355448	2336498	1
11180129	11180079	1
9988802	9988894	1
7382785	7382433	1
7641433	3471442	1
3851724	3851742	2
11320025	11320026	1
1241037	1241038	1
10809288	10809287	2
7792639	7792640	1
8843910	8843927	1
4948276	4948273	1
849657	848657	1
11429542	11429539	1
7895074	7895079	1
5558188	5480775	1
4339944	4340141	1
5248421	5248402	2
3337143	3337148	1
1232809	1580941	1
4017222	4017260	1
10704460	10704459	1
2737562	2737561	1
2309451	2309673	2
313576	321886	1
6941477	6941478	1
6833512	6833509	2
11611360	11611357	1
8688795	8688796	2
5376578	5376577	1
11330820	11276955	2
10402994	10402993	1
7406453	7384992	1
8874500	8874497	1
11266113	11286690	1
9873119	9873120	1
7701919	7874003	1
12786528	11702372	1
7807840	7807839	1
9772476	9772469	1
5930673	5930674	2
6382747	6375371	1
6575761	6575762	2
5601947	5601952	1
6574511	6574512	1
12153061	12153091	1
5238370	5238369	1
2018528	2018527	2
4102602	4102601	1
11776154	11822601	1
10894430	10894532	1
3671543	3832756	1
4576116	11472292	1
2576326	2588846	1
11407336	11407335	1
1517359	1517362	1
34993	34994	1
875080	8532313	1
4336139	4336153	1
11457051	11457052	1
572252	572251	1
4386046	4388964	1
2756153	2756274	1
519945	518813	1
5221585	5220743	1
5425729	5425716	1
5042787	5042788	1
4445193	4445047	1
5602188	5601638	1
8410912	8410911	2
12329601	12329602	2
11052330	11053052	2
3961673	3949606	3
1223658	1223732	3
5989643	5989644	1
12352510	12602752	2
9765975	9770605	1
2877702	2864499	1
2477226	2441236	1
8955137	8954924	1
2237014	2237013	2
6350221	6350222	1
2834146	2834145	1
11720492	7656877	1
10910819	10910820	1
6979218	7084361	1
207844	208006	1
8570821	8570822	1
12577246	12749058	1
11525097	11563972	1
471257	471266	2
9926151	9926073	1
10182508	10182507	1
8337077	8337080	1
8605716	8605737	2
10708859	10708841	1
11867772	11867842	1
8190261	8190262	1
6177153	6177154	2
606104	606047	2
4836286	4836285	1
9795596	9795178	2
5021051	5021052	2
8292292	8287254	3
428315	428316	1
6183654	6183660	1
3727998	3727997	1
12239450	2143163	3
2250083	2250084	4
6038766	6038765	1
12303226	12303560	1
10990628	10990670	1
8676363	8676374	1
6253540	6253539	1
9385870	9385869	1
3387186	3387181	1
1982350	2012075	1
4567457	4567539	1
11786191	11786192	1
4880300	4880299	1
12652284	12652344	1
5373874	5373865	1
10801929	10801988	2
8337081	8337110	3
518812	518811	1
10625404	10625411	1
2770416	2770415	1
11378820	11378819	1
12011040	11063453	1
8426008	8426007	1
6088372	6088375	1
1458930	1458929	1
428758	430988	1
7331615	7216865	1
6397508	6398182	2
10264983	10264984	1
10212636	10212635	3
8401511	8401512	1
5732891	10325500	1
5587695	5587696	2
2278208	2277242	1
830774	830758	1
7639475	7639476	1
11336408	6308000	1
60480	60626	1
10294929	10294930	1
10742206	10764461	1
9579108	9579105	1
7119913	7119914	1
678584	678583	1
6344551	6344472	1
4055895	4055896	1
11822804	11824632	1
6064458	6057284	1
6351814	6371936	1
6649458	6652652	1
6624617	6710613	1
3044783	3044784	1
7161641	7161642	1
7069402	7069453	1
4429212	4429211	1
5208231	5466184	2
4544009	4544012	1
11464813	11464814	2
11042719	11042701	3
5576672	5576671	1
3934970	3930969	1
12642102	12719408	1
6493640	6493639	1
5662796	5662380	1
9763138	9770600	1
9334480	9331317	1
4865318	4865317	5
3425933	3440739	1
10435454	10435406	1
9585943	9585944	1
10970485	10969985	1
9517624	9517619	1
6229462	6229459	1
5827843	5856711	1
4455816	4455815	1
321391	321384	1
2900663	2903355	1
3811363	3811051	1
1491464	1519576	1
651528	651527	1
7589644	7589643	1
1404209	1404210	1
7436101	7436102	1
3246977	3247107	3
8778709	8793065	1
2374773	2374776	1
2542564	2542470	1
3986604	3986603	2
6007753	6007754	1
5964611	5964612	1
6494676	6494675	3
99521	99522	1
11207164	11207163	1
11408600	11409523	1
11042700	11042699	4
6376912	6377284	1
12229831	12229836	1
9825846	9825845	2
4981472	4981471	1
744187	934681	2
2841931	2841932	2
12529983	12536112	1
6007373	6007374	1
8011161	8011050	2
11039570	11039334	1
4048820	4048819	1
4470514	4221039	6
5058190	5058189	2
42180	47947	1
10904976	10904975	1
896560	896566	1
167730	167729	1
3578902	3578901	3
5513221	5513204	1
10624763	10624764	1
4115388	4115387	2
6766430	6766425	1
736944	736943	1
11478487	11478488	1
12144754	12144753	3
9719261	9719262	1
7822000	7827167	1
10053106	10052509	1
11581411	11581418	1
10822111	10821628	1
3235194	3235193	3
5116163	5124264	1
8388109	8388110	1
10041943	10040784	1
5859775	5859776	1
12457977	12457985	1
4568266	342854	1
3578904	3578903	2
2587254	2451276	1
2659349	2659052	3
7952827	5923358	1
2208454	2208495	1
9300636	9300758	2
3945075	3945076	1
345845	345846	1
8301860	8251502	1
4268542	4266794	1
1701314	1708049	1
7675127	7685040	2
9896481	9896482	1
6702864	6548984	1
12526819	12283601	1
3866960	3889091	1
10148446	10147132	1
7349788	7348410	1
10277851	10277995	1
4795789	7114620	1
1517330	1517327	1
11833168	11833167	1
10818514	11785493	1
3631281	3631282	1
10486360	10486359	1
21128	21127	1
1099370	1100452	1
1934279	2066999	3
6417065	6417066	2
4853549	4853690	1
7751460	7749916	1
10910821	10910826	1
11406856	11406786	1
2616978	2616977	1
12376185	12375082	1
9767588	9765266	1
5660290	5660289	1
7106382	7106379	1
6010663	6010666	1
12299746	12299745	1
352478	352475	2
12527510	12525049	1
3903279	3903280	1
8368040	8369945	1
3799841	3799848	1
11650728	11650782	3
7150755	7150825	1
11449816	11449815	1
5830603	5830604	2
8266708	8266352	1
11988945	11988946	1
9475201	9475447	1
537775	537658	1
7346366	7074405	1
3425868	3425750	1
2230999	2230996	2
7144191	7144192	1
7646874	7646873	2
5601870	5601869	1
1349262	1349338	1
930580	929455	1
2642955	2642328	1
4383103	4383110	1
10182071	10182104	2
7384718	7384717	2
3456764	3455860	1
8863437	8863438	1
12785001	12779272	5
849655	849656	1
10158249	10158233	2
8260723	8260760	1
10547120	10547101	1
6472575	6472576	1
7072844	7071589	1
7288619	7288621	1
4301298	4301297	2
7760581	7760582	1
7098052	7098051	1
10230025	10230026	1
4531471	4531777	1
9472969	9472970	1
10799361	10802151	1
11293461	7173906	1
1661572	1661569	1
11173569	11173570	1
5602701	5602356	1
1202451	1202397	1
1437714	1438291	1
6827582	6827575	1
10637222	10465645	1
8299392	8299546	1
9169194	9169193	2
4650823	4650776	1
1563853	1236138	4
4334195	6888785	1
12779273	12779274	4
9825264	9825263	1
510528	510527	3
8336159	6620809	1
9267888	9267887	1
3889130	3889129	1
1236139	1236140	3
2583713	2583714	1
4854095	4854096	1
6257618	6256477	1
2852551	2852552	1
3576112	3689339	1
12805334	12805333	1
2286615	2364134	4
4352081	4352082	2
6784024	6784023	2
3688243	3688244	1
5376576	5376573	1
5238368	5199054	1
5249019	5249033	1
9628891	9628892	1
7333315	7333316	1
9772470	9772469	1
6583927	6583928	2
12208142	2122958	1
6474073	6474545	2
7384288	7384287	1
2770831	2770832	1
5726127	5726158	1
2889794	2889793	2
7297711	7297712	2
10116129	10116848	1
3003759	3003796	1
1184718	1185118	1
592885	592886	2
5181854	5181853	1
2767101	3041791	1
43249	56784	1
10222713	10222714	2
10241485	10241486	1
11321720	11330016	1
999497	991175	1
12375997	12375998	1
5730557	6176053	1
8208748	8208767	1
5726125	5726126	1
8899611	8899612	1
7860875	7860949	1
1765787	1765757	2
1179421	1172359	1
3705506	3705505	1
11868416	11868412	2
9113866	9154893	2
7266382	7266381	2
6356282	6355967	1
5631201	5672710	1
2500076	2496148	1
11750280	11750238	1
10016763	10221699	2
9800145	9800146	1
449968	449974	1
9801888	9801887	1
2079903	2019885	1
6947857	6947858	1
7163023	7163024	1
10241483	10241484	2
9625372	9566732	1
3234451	3237155	2
7699564	7705078	1
891006	891005	1
1133005	1133006	2
1011120	1011119	3
8068345	8068401	1
7762383	7762384	1
8387114	6742873	2
6040400	6040399	1
246605	247039	1
11797380	11797379	2
3326751	3326760	1
3826166	3826378	2
2143166	2143163	2
4113078	4113068	1
10801989	10801990	3
2830024	2830007	1
5322905	5322906	1
6568806	6568313	1
8244760	8217276	1
11051655	9920373	2
10403010	10403009	1
11274762	11382636	1
2331592	2331589	1
6298833	6298834	1
12299741	12299742	1
11493996	11493977	1
1221577	1221582	1
11934032	11934035	1
8600004	8600001	1
7173715	7173716	2
1721568	1721567	1
5708242	5708241	1
7119915	7292009	1
1680829	1680830	1
754599	754600	1
9032608	9032328	2
9514475	9514476	1
1696881	1696882	1
3616414	3573872	2
6054436	6055110	1
1532614	1532632	1
12459614	12459613	2
7434446	3911102	3
4468917	4346519	1
6714022	6714021	2
8031733	8031757	1
10699342	10699582	4
1249256	1003329	1
4315458	4315457	1
11833166	11833174	1
12774921	12774928	1
6172784	6172783	1
5160964	5160963	1
8337077	8337078	2
10334919	10334958	2
11149899	11152416	2
79791	79792	1
10102522	10102521	1
11427796	11427795	1
8681233	8687840	1
5264005	5262710	1
7686413	7872580	1
10433262	10433259	1
3420659	3419428	1
8617568	8617112	3
7043033	7043036	3
4309147	4309152	1
8281539	8385836	1
12372760	12499807	1
10280461	10280485	1
10734511	10734512	1
11383716	1786634	1
2593541	2593542	1
10233852	10233851	1
8412086	8412107	1
400266	400263	1
11712133	11712134	1
7446204	7446201	1
4445048	4445047	1
10462165	10462166	2
11425162	11426854	2
7352335	7352357	1
1022093	1021922	4
10475097	10475499	4
12810166	12810165	1
12421414	7879170	1
1154732	1154725	1
915110	874629	1
11378687	11378688	1
7026556	7026555	5
8439446	8439445	1
10491712	10491852	1
8552664	8552663	1
11215805	11014508	1
6494674	6494673	1
3584996	3584995	2
10419664	10419663	1
3134724	3134723	1
9355365	9355896	1
4055897	4055898	1
6532505	6438992	1
8962662	8962647	2
11385753	11385754	1
3907791	3907792	1
5804304	5804303	1
7644542	7641346	1
10425120	10425272	1
5878073	5878076	1
2100621	2100622	2
6105146	6076623	1
5989877	5989878	1
2896600	2897009	1
4789190	4789189	1
4445193	4445049	1
9727810	9720887	1
1325123	1325084	1
7885863	5732603	2
11163936	11163935	1
6393500	6393499	1
10395835	10395059	1
2428817	2428818	3
788539	788540	1
10501313	10501314	4
4609593	6172596	1
5293135	5295792	2
7297713	7297714	2
2474082	2474081	1
5324720	5142856	1
258642	258641	1
395819	6796694	1
1595729	1595730	1
5341157	5341158	2
5805050	5805047	1
9165323	9165324	1
9854747	9854750	1
6552025	6552213	1
5295415	5295416	1
10911186	10911209	1
8826246	8868011	1
10403008	10402995	1
7755592	7755591	3
881219	1727379	1
1396099	1396100	2
10581082	5569988	2
5626369	5626352	1
10483987	10492285	2
3271768	3271767	1
8521395	8521261	2
11611358	11611357	1
2931166	2931165	1
9782921	9782924	1
6172782	6172781	1
2358730	2358729	1
7735366	7587712	1
5225058	5259832	1
377585	428558	2
3260252	3260272	1
4809516	6609944	1
2108937	2108861	1
12658891	12652735	1
12517154	12517153	1
3639620	3639934	1
295348	293921	3
9025624	9025619	2
3201119	3201122	1
9704479	9704480	1
12431183	12431186	1
12380960	12236029	1
4474183	4474184	1
6918533	6916059	1
1668168	1614325	1
5866360	5866355	1
7084884	7084887	1
2705795	4435410	2
9946649	9946610	1
11904526	11905493	1
3514860	3680245	1
11461271	11461272	2
3853108	3853107	2
8982982	8982981	1
11623151	11623152	2
3211801	3211804	2
2469292	2409704	1
6727746	6728715	1
1481901	1481902	1
11079006	11083847	1
9579112	9579105	1
10212632	10212622	1
327435	327433	1
11577404	11596623	1
226606	226389	1
5957346	5957421	1
9272416	9272415	1
2461339	2461334	1
2112472	2112471	1
7384284	7384352	1
6760029	4670034	1
10491394	10491390	1
11207164	11207161	1
5612464	5612408	1
10605506	10607466	1
5371295	5483976	1
6714022	6715023	1
440933	440515	1
4625072	4625071	1
1427341	1427342	1
1670546	1670550	1
2308931	2308932	1
6637733	6637734	1
12764375	12419666	1
11740033	11737605	1
1232807	1232808	2
8713196	8713195	1
9739239	9739240	1
8516986	8516985	1
11457051	11457054	1
2100621	2100624	2
8290919	8290920	2
7604833	7604842	1
4773243	6618949	1
6883298	6883207	1
6434170	6434648	1
9336707	9336708	1
1508199	1508200	1
9931365	9933323	2
7175587	7175588	1
5624986	5617938	1
11587562	11587561	2
1009333	1009664	1
9601965	9601966	1
919845	845748	3
2979252	2850792	2
6472573	6472576	2
4539409	4577843	1
3498315	3498311	4
3113579	3113580	2
5759685	5759686	1
5673957	5832302	2
4677523	4677494	1
12691538	12691537	1
3366166	3366253	1
11502232	11503004	1
9609070	9609069	2
12551559	12388114	1
3091230	3091229	4
12189421	12189543	1
8998091	8998092	1
5208264	5208232	1
6558995	6561977	1
4505271	4505263	1
2892320	2892335	4
196347	242110	3
668985	656312	2
6196649	6196650	1
12771749	12496904	1
7046190	7046189	4
7997657	7992792	2
7282364	7271540	1
906268	905504	1
4880302	4880301	1
1383841	1383842	2
7043033	7043034	5
4543330	4543329	2
3892787	9076328	1
3913784	8531470	1
3548203	3548204	1
596587	596588	1
11936836	11936835	1
7044710	7044645	2
52270	51966	2
9421590	9342610	1
9937278	9937277	4
11568088	11568087	1
6030051	6030052	1
5537851	5537854	2
2845005	2847665	1
1312937	1312938	2
12689719	12677879	1
5740420	5740419	1
10814917	5643018	1
748591	748515	1
2075728	2075297	1
10180992	10180991	1
11988943	11988944	1
8728900	8728899	1
4191225	4190656	1
3795094	3773969	1
5331659	4747160	2
1841589	1841590	1
3928179	3928180	1
3337143	3337150	1
9319267	9319069	1
2466153	2466156	1
1021921	1276471	1
2313835	2313840	1
11905869	11905870	1
6901854	6901853	1
3252123	3252029	1
11589069	11589070	1
1102693	1123036	1
12230331	12230332	1
3867528	3869985	1
6047109	6048276	1
6282554	6282553	2
8344798	8344797	2
6590878	6590877	1
8170193	8170194	4
1101977	1303429	1
635331	635332	1
6797287	6797288	1
6871213	6871214	1
9508186	9508185	2
3129465	3129466	1
792747	793235	1
6138122	6139515	2
7996151	12729535	1
3744734	3744733	3
9969591	10082320	1
5530798	5530760	1
7814924	7814923	1
9112452	9112451	3
2688753	2688754	1
1588202	1588178	1
923229	923230	1
8040478	8040477	1
426145	426148	1
10734513	10734410	1
9318679	9318680	1
9944577	9944765	1
1009331	1009332	1
7093797	7093294	1
4136779	4276219	2
11010143	11010227	1
5354546	5354545	1
10501094	10500643	1
8720540	8720539	1
5185935	5186255	1
8728889	8728890	2
7090270	7090269	1
3332098	3326963	1
10040337	10214102	1
7253361	7253362	1
6540963	6540964	1
1761817	1761822	1
11479899	11479900	1
5998183	5998184	1
640673	640674	1
11602294	11602301	2
9730157	9730237	1
5914218	5914221	1
6712681	6636682	1
4380811	4380812	1
6895021	6895022	1
10022482	10022485	1
4265278	4265216	1
366060	366022	1
11132605	11173556	1
12765651	12765209	1
9579112	9579109	2
2229445	2229441	1
10902421	9584229	1
11845688	11923755	1
6450864	6450863	2
5911325	5905266	1
9789237	9430896	1
5923519	5923520	2
8729336	3578905	2
431203	431204	1
12257213	12257218	2
4383101	4383102	1
12329599	12329600	1
10237695	10237696	1
10371226	10371246	1
3117754	3117598	1
7574679	7574680	1
7546387	7546388	1
6974220	6974219	3
10896016	10896000	2
12450829	12450830	1
11103083	11103084	2
2466148	2466152	1
3264526	3264525	1
8729336	3578901	1
10488209	10488210	2
6920581	6920582	1
9935719	9935735	1
9089914	9089913	1
5806093	5806094	1
3668949	3668950	1
3246975	3246976	2
1713677	1713678	1
3554178	3554177	1
6047015	6047018	2
6157632	6159165	1
5673957	5832300	1
12356107	12355788	1
9951698	9951697	1
6043682	6043695	1
7345740	7345923	2
4254771	4254772	1
7034925	7034926	1
5785983	5785984	1
10542834	10484415	2
1879408	1879407	1
478533	478534	1
4302917	4506465	2
3993824	3993819	1
12500894	12501223	2
12355053	12355025	1
4198865	4180291	1
3893190	4120884	1
8074483	8074484	1
9805010	9805009	2
11439230	11609922	1
703020	703108	2
12204007	12203921	1
9802259	9802260	3
7737587	7472445	1
2684002	4455817	1
10893830	10893829	2
9551235	9551236	1
8068347	8068401	1
5974797	5974798	1
5194906	5194905	1
9925710	9941014	1
603260	603259	2
2985757	2985758	1
4736440	4736443	1
5348896	5255447	1
2382602	2189232	1
11915152	11915167	1
6014228	6008054	2
11751150	11751149	1
8039976	6420664	1
4808665	4808518	1
1138893	991311	1
11663812	11663915	1
5573048	5573047	1
1084034	1085023	1
11479897	11479898	1
203128	203092	1
6445173	6444970	1
5749248	6903659	1
5561426	5561425	1
9761431	9746307	2
4041037	4112706	3
9475214	9475238	1
4238381	4238382	1
6431466	6431465	2
1837170	1837272	1
2238827	751613	1
8662677	8662678	1
2426905	2533492	1
346876	180530	1
5657462	5657459	1
6837374	6836668	1
8791179	8687400	3
4702938	4702937	1
6053253	6053087	1
5912920	6132438	1
8425732	8424890	1
2240831	2240832	1
3019237	3019238	2
248950	248903	1
4790029	4790030	1
10212626	10212625	1
1325641	1325642	1
3548219	3548220	1
4076403	4025055	1
2803856	3098585	2
10501311	10501312	4
6442472	6442471	1
10938985	10939188	1
1230766	1233435	1
5970833	5970836	1
9011102	9011101	1
9461450	9461456	2
6994215	6994568	1
1865087	1865088	1
8074405	8074406	1
1587694	1587693	1
7305285	7403246	2
5663243	5663270	3
1735573	1735589	1
5240486	5240467	1
3352109	3352110	1
10687151	10687152	1
11529551	11528965	1
12238508	12407555	1
9741950	9738595	1
8094973	8094965	1
9180201	2966001	1
7288628	7288627	1
3229406	3229405	1
11464815	11464816	2
1210140	1210139	2
9775934	9775849	1
6947187	6947188	1
2251181	2251182	1
2208476	2208473	1
11063004	11063003	1
5216213	5216216	2
5581482	5581479	1
6431722	6431725	1
320478	320473	1
3945067	3945074	1
5139410	5139409	1
2145708	2145720	1
2621979	2621982	2
11122161	11122164	2
2810307	2810393	1
10799310	9852440	1
6014884	6014879	2
7130569	7044634	1
11081800	11081818	1
342851	342852	1
9357987	9355354	2
7155533	7155534	2
4312374	4312373	2
1900560	1900554	2
5515312	5400187	1
5260748	5260747	1
3308832	3239049	1
4239115	4239926	1
706880	706879	2
10814684	10814713	1
2057671	2057672	1
1396101	1396102	1
8533308	8533305	1
9025947	9025950	1
9122359	9118524	2
10804478	10805868	1
3528452	3528449	1
2438249	2438218	1
5902043	6143554	1
12677469	12716698	1
526893	526894	1
1921155	1921156	3
10617947	10617950	1
10568507	10571705	2
8010136	8010780	2
11544352	11540540	1
3337149	3337150	1
6919076	6988888	1
4415772	4415691	1
3574657	3574658	2
2796869	2796882	1
11913225	11913226	1
1167147	1167148	1
10855624	10316314	1
431201	431202	1
7384716	7383708	1
6601937	6620939	1
6219967	6219968	1
3468300	3468299	2
7219709	7219710	1
3913786	3913785	1
4492792	4492537	1
10310050	10310108	1
12577225	12577226	1
476789	476790	2
10226745	10226746	1
4505262	4505261	2
6004409	5746345	1
1019267	1019268	1
9854745	9854746	1
10322546	10322957	1
762547	762548	1
2944619	2944654	1
899184	7202631	2
844592	844591	1
1483237	1483238	1
1735253	1735254	1
11469463	11469464	1
11042698	11042697	4
3709398	3709397	2
11365848	11365159	1
9650963	9650964	1
157804	157523	1
7737482	7754097	1
8238434	8238433	1
2000319	2000320	1
9086219	12247481	1
7266386	7266381	1
8758912	8759134	1
8844622	8844621	1
1169373	1169910	2
2830024	2830023	1
10308565	10308568	1
7223861	7223862	1
6714020	6715023	2
10543247	10543250	1
2426905	2426906	2
10332956	10332937	2
11922876	11922873	2
10216038	10216041	1
12621454	12621453	1
10412650	10413816	1
4738513	4803636	1
9007500	8976645	1
6209363	6167329	1
4085688	4085356	1
3934309	3525940	1
7458207	7467300	1
278335	278336	2
9102951	9103256	2
6064474	6063143	2
6193541	6193542	2
8541149	8541086	1
867810	7819992	2
7985942	7985941	1
4575282	11438107	1
1711234	1711059	1
7178633	7178634	1
10147794	10147838	3
11207162	11207161	1
5856379	5867974	1
10110025	10110026	1
2835538	2835345	1
3545476	3544948	1
4271879	4271880	1
8688797	8688798	2
12245240	12245239	1
12784220	12784374	1
5830605	5830606	1
2632173	6957912	1
6528365	6528366	1
4670036	4670035	2
2138076	9076153	1
1544654	1754080	1
3876531	3876532	1
5641104	5643313	1
10925446	10925183	1
11146706	11146705	1
8582431	8612423	2
3706864	3706855	1
5165373	5166437	1
6707377	6707343	2
10233854	10233853	1
7621004	7632655	1
4025609	4025054	1
1881906	1881905	1
4011184	4011179	3
3826172	3826169	3
6905410	6905409	1
2621129	2488717	1
1022459	1022449	1
7314050	7311670	1
9160242	9163109	1
10291019	1586771	1
5419994	5420070	1
10470413	10470416	2
5202786	5202783	1
3091228	3091250	3
5185935	5186257	2
12237666	12237665	1
7110860	7110859	1
9832974	9832973	4
4178942	4178919	1
671827	671828	1
10731365	9421445	1
3883001	3883002	1
4543355	4543170	1
8533304	8533303	5
5645055	5645056	1
675893	159990	1
451302	520723	1
10110027	10110028	1
6729740	6727603	1
6812059	6812060	1
2565286	2565283	1
456573	456417	1
3247206	3245365	1
9492472	1470534	1
12526630	12526700	1
1867810	1867809	1
5713242	5713241	2
6094741	8587257	1
11031514	11031513	1
5784810	5784830	1
5585829	5585880	1
5926421	5926422	1
5801340	5801339	1
11173565	11173568	1
7119322	7119321	1
7623274	7626177	2
6626371	6626270	1
6826575	6826571	1
1613130	1613094	1
9472967	9472968	1
8011459	8011463	2
3498564	3498577	2
6901852	6901851	1
2566154	2543787	2
1865083	1865086	1
10457176	10457175	1
2996284	2996283	1
4903370	4903404	1
7337155	7251092	4
1512001	1516155	1
5322678	5322677	2
11748524	11748527	1
4826431	4826432	2
4520717	4521303	1
2096893	2096894	1
4261536	4261525	1
5573050	5573049	2
3805022	3805021	1
9066329	9066330	1
10343100	10405750	1
11941187	5275695	2
1739419	1739420	1
7384125	7384126	1
11410047	11410048	2
4284868	4284805	1
11593879	11593884	1
7288626	7288625	1
8454513	8454514	2
10398981	10342629	1
2964306	2964300	1
5706934	5706933	1
2964298	2964297	1
10596303	10596318	1
12057720	12057719	1
5705913	8013474	1
1664122	1664223	2
4737763	4809443	1
9815246	9814834	1
11328512	11328511	1
4361462	4361459	1
1262533	1255607	1
9968572	9968569	1
454240	454239	2
4051354	4051351	1
10392245	10392246	1
6593656	6575760	2
9527357	9527360	2
6959554	6959476	2
8188921	8189540	2
11779471	11779472	4
10032023	10032587	1
6502137	6502138	1
414085	414074	1
1801835	1798845	1
8496374	8608189	1
8247179	8247180	1
3071056	2565280	1
8024840	8024839	1
7087709	7087710	2
10600681	10597968	2
6715962	6715961	1
3805024	3805023	1
7371767	7371315	1
8986895	8986896	1
9770981	9749666	1
10458672	10455379	1
62466	60296	5
12607753	12616043	1
1249258	1249257	1
5246111	5246112	1
10337249	10337288	1
5342604	5342603	1
10687780	10687773	1
12009819	12009829	1
7101746	7100786	1
4315456	4354158	1
7065654	7065651	1
698654	698634	1
4579470	4566060	1
1079374	1079754	1
8227393	8227394	1
8257023	8257024	1
9355717	9970677	1
3993822	3993821	1
916882	916879	1
2942469	2986757	1
9608418	9597091	2
3211427	3191770	2
9522112	9522111	2
3117739	3117597	1
1982352	1982351	1
6673077	6673078	1
8302935	9245441	1
3947781	3947784	1
8747936	8747962	1
6316119	6316369	1
11611360	11611359	1
4039502	4039497	2
1239486	1239485	1
8238436	8238433	1
1383840	1383340	1
12147597	10374524	1
111238	111244	1
6206819	6207756	1
12265933	12265934	2
4672187	4671943	1
10904974	10904939	2
8357584	8358572	1
8324969	8324972	2
11556645	11556926	1
6972426	6972379	1
10676481	10676482	1
7996886	7996889	1
869670	869669	1
2040455	2040456	2
9996421	10005694	1
11090564	11091892	1
671822	671826	1
6147410	6147492	3
1789552	1789547	1
1282768	1282767	2
9020400	9020399	1
7975139	7961781	1
11751152	11751151	1
6827185	7446341	3
4535622	4535621	1
6187944	6187943	2
9555647	9555648	2
7430450	7430858	1
6156918	6171434	1
2704045	2678020	2
9552868	9552867	1
6168005	6168310	1
6082193	6082398	1
11740031	11740032	2
216334	216338	1
5138330	5139411	2
7671449	7671452	1
10753325	10741933	1
5179713	5179694	1
11727847	11727848	1
5139382	5139221	1
1295178	1295186	1
9772476	9772471	1
6711290	6711287	2
9920320	9920319	3
5801341	5801342	2
7979634	7979633	1
5868707	5868708	1
12478372	12478353	1
7129748	7129747	2
6468093	6468094	1
3826168	3826167	2
3728500	3728499	2
11310314	11310322	3
7214749	7175235	1
8111089	8111090	1
7348690	7342183	1
3797386	3797730	2
4505260	4505259	2
8475525	8475526	1
11339601	11339612	1
11026568	11026567	1
8151285	8151286	1
426147	426148	1
12452626	12452597	1
12046165	12042197	1
10338163	10338384	1
6085178	6085177	1
7427688	7427687	1
11204549	11204550	1
9025624	9025623	3
9830294	9830290	1
5529698	5529697	2
1847563	1845286	1
8868976	8877527	2
7647405	7647406	2
7129746	7129713	1
8388594	8388593	1
2852553	2852574	1
2019894	2019893	1
11525272	11525271	1
10358123	10358124	2
2197606	2197605	1
831298	831297	2
4348339	4348099	1
4079669	4079684	2
9604831	9554372	1
5728960	5728959	1
7772722	7772721	1
12667408	12667407	1
6525671	6525672	2
5371197	5371198	1
5186256	5186255	1
2307943	3977375	1
8649656	8649655	1
751612	2238826	1
428559	428560	1
8640203	8636407	1
6046872	6046869	5
12178467	12178503	1
6171566	6171317	1
9025622	9025619	2
570489	681387	1
3575909	3590513	1
10136969	10218389	1
9842900	9843628	1
273124	268826	1
10796744	10796743	2
5655707	5655784	1
1165637	1165640	2
10631654	10558831	2
12239450	2143167	2
9112450	9112449	2
5367475	5367476	2
6071516	6071976	1
7535598	7535597	1
11130241	11130242	1
6413303	8060571	1
400271	400272	1
10684711	10684704	1
11530247	11530250	1
3601753	3641793	1
3023248	3024277	1
8531761	8531762	1
11224011	11224013	1
8871530	8871529	1
10868098	10868095	1
11662678	7742432	1
2909739	9183855	1
5719105	5772427	2
7046192	7046191	2
3468302	3468301	1
11544662	11623150	2
10008822	10008821	1
4186046	4185938	1
9311672	9311828	1
2433508	2409965	1
416522	457182	1
6418904	6419812	1
8386761	8386188	1
12284991	12147723	1
5585431	5194907	2
945931	945936	1
9169192	9169191	1
4554251	4557705	1
8367322	8367319	1
2955355	2962744	1
5886793	5886759	3
6071653	6071654	2
10495637	3290646	1
11547742	6563746	3
12265935	12265936	2
8737285	8737286	1
2490836	2490552	1
813220	813219	1
3864654	3864644	1
2018526	2018525	1
5523077	5523080	1
2841927	2841930	5
3597501	3577765	2
10138913	10138914	1
647456	647521	1
3194079	3194080	1
5735695	5735696	2
3058659	3164998	1
3805029	3805030	1
7997655	7997656	3
12719409	12719410	1
11053392	11053341	1
8913377	8913378	1
5044915	5050504	1
11623913	11623914	1
10660276	10660275	5
6957445	6887016	1
9578791	9578769	1
9931363	9931364	2
1589581	1589582	1
7685041	7685044	2
10308565	10308566	1
7351888	7352451	1
774787	774566	2
762309	597288	1
4366897	4366898	1
1562323	1562324	1
3873129	3873130	1
3284416	3284415	1
2298291	2418363	1
1653629	1653630	1
8095603	8053208	1
8487537	8487538	2
5587601	5587550	2
4533405	4533443	1
6717824	6717823	1
6162443	6164132	1
5311068	5311067	1
788537	788538	1
9272349	9272353	1
10124121	10124186	3
2012436	2012453	1
5746195	5746201	1
10597739	10533714	1
7144191	7144207	2
9510746	8419929	4
5554043	5553854	1
11429538	11429537	1
7188798	7188797	1
6153407	6153408	1
9430213	9430208	3
1286853	1287038	1
7773527	11393672	1
12261589	12261590	2
11155307	11155099	1
6344109	6344110	1
6249808	6250115	1
3961926	3961426	1
776920	776919	1
447197	448743	1
8371486	8531687	1
678586	678585	1
3139862	3139861	1
4090915	4090920	3
7165349	7172261	1
865164	865174	1
8337079	8337080	3
10958091	10958092	1
6813326	1966439	1
89039	83489	2
3945067	3945078	1
11909723	11908316	2
11147468	11147457	1
8255540	8255414	1
6191281	6191299	1
3814597	3814598	1
3113552	3113551	1
12489911	12407018	1
12045586	12045585	4
10455770	10455769	2
7485634	7476737	1
2959447	2959729	1
7004121	7004193	1
8842628	8842642	1
2307941	2307942	1
7106382	7106381	1
10190685	10190690	1
4854097	4854098	1
4807721	4807724	1
5359727	5359728	1
4034695	4033628	1
6271252	8706999	1
12645613	12645614	1
2393633	2393634	1
7563831	7563832	1
12801489	12801490	2
5746193	5746194	1
6194040	6095672	1
5757095	5757096	3
4026098	4026097	1
8108172	8108171	1
318740	318967	1
9066327	9066328	3
531495	530357	1
9601380	9601406	2
11419720	11419719	3
5119340	5124265	1
10220409	10220412	1
6378867	6378864	2
2572142	2572141	2
882254	882253	1
4210764	4209721	1
3462334	3438557	1
1537368	1539515	1
10660272	10660271	1
6588820	6588813	1
6040398	6040397	1
2446221	2446240	1
3102715	3103315	1
2733283	2733292	1
6124287	6115369	3
12541565	12541566	2
4431138	4431148	1
1485919	1489281	1
7411584	7411583	1
5998185	5998186	1
7672958	7672955	2
7726681	7726684	2
521602	521126	1
11054208	11054239	1
1982354	1982353	1
4847760	4848633	1
10543249	10543250	1
1871061	1867809	1
5238357	5238354	1
7792166	7731754	3
11867414	11867340	1
11601735	11601681	1
9430897	9428557	1
1361349	1361352	1
5582879	5581479	1
869668	869667	1
479358	479413	1
9724529	9709634	1
10704011	10704015	1
11826749	11679363	2
6521758	6521813	1
7111968	7111967	1
2940722	2940772	3
5677515	5677516	1
5728962	5728961	1
2723279	2723265	1
12430530	12430539	2
5554043	5554044	3
10976018	10976017	1
10657466	9342384	2
12688460	12688459	1
7413201	7413202	1
12232378	12529666	1
7129750	7129749	3
5249017	5249018	1
11943917	11943888	1
9101835	9101703	1
4006860	4006859	2
4830007	4829992	1
6414730	6414744	1
8245126	8180750	2
6190777	6189818	1
8320325	8320327	1
7746059	7746060	1
6599680	6599106	1
2621983	2621984	2
4469094	4469093	1
11092176	11092150	1
8423736	8422891	1
2387215	2384932	1
6378207	6378208	1
3139860	2996393	1
8552661	8552662	1
1529037	1528203	1
1857395	1858063	1
4593264	4593267	1
12003672	12003671	1
3429420	3429436	1
649572	897676	1
1939598	1939597	1
9759022	9759006	2
1570510	1570509	3
125373	125378	1
11505161	11500769	1
10158247	10158248	1
6874964	6875029	1
1213679	1288864	1
9522481	9522503	1
9527355	9527356	2
10777735	10777893	1
3899665	3899666	1
12257211	12257212	2
5216217	5207479	1
7251093	7251094	3
11721911	11721912	1
6883300	6883299	3
11383292	11383291	1
1646184	1649285	1
3106994	3108630	1
5221585	5221586	4
606069	605834	1
3822903	12155485	1
7539565	7539566	1
10922922	10922925	1
10901165	10901166	2
8623454	8623482	1
9475641	9475642	1
2723277	2723278	1
11335819	11335820	1
8159646	8159645	1
5923103	5923104	1
6442470	6442469	1
1320013	1320014	2
1236141	1236142	2
5803399	5914543	1
8560611	8560612	2
4202210	4202502	1
11962330	11962329	1
8013098	8013097	1
3872657	3872806	1
7446392	2676243	1
5341344	5341341	1
9506809	9506810	1
3858918	3858917	1
1962009	1962027	1
8736587	8737282	1
11762505	11763771	2
7939465	7939590	1
3586679	3586680	3
11381581	11381406	1
9887174	9887173	1
47906	49031	2
10628174	10628173	2
9053986	9022818	1
5600475	5600476	1
11596762	11597693	1
8443462	8443461	3
4593486	4593690	1
6444236	6444679	2
5881240	5881239	1
9148805	9148824	1
4063590	4063589	1
6350223	6245085	1
8355780	8355777	1
8247177	8247178	1
2616982	2616979	1
1467539	1323054	1
4687139	4687140	1
6658883	7363222	1
1988447	1988450	1
4361480	4361463	3
636197	640006	2
3381014	3380545	1
6588814	6588813	1
2736745	2736746	1
11587726	11587815	1
5703736	5703733	1
8329050	8329049	3
2548373	2546810	1
10734849	10731364	1
8409941	8408448	2
1135352	1135351	2
3979263	3975765	1
9466452	9466451	1
6268125	6252108	1
8486608	8486612	1
2815109	2815110	1
8761356	8736466	1
10207611	10207588	1
12445197	12445198	2
3290650	1787484	2
1749165	1747670	1
6556019	6556024	1
8600004	8600003	3
8758843	8759010	1
9894700	9894576	4
8454515	8454516	1
6712679	6712680	1
11428220	11428117	1
5143550	5143547	1
7074128	7074133	2
4878130	4878166	2
3993818	3993817	3
9066329	9066332	1
3037579	3037580	1
5805054	5805051	1
9526983	9526959	1
2304503	2304504	1
11487409	11487505	1
4825396	11544466	1
4617076	4617075	2
2488716	2488715	1
8600002	8600001	4
4069091	4069099	2
8047098	8047067	1
8673652	8673739	4
4216164	4205246	1
1673853	1673854	1
491974	491960	1
7689048	7689369	1
10308567	10308568	1
8874500	8874499	1
3337161	3337164	1
3268312	3267127	1
4383259	4383260	1
1723270	1723253	2
7117944	7117876	1
6827576	6827575	3
7575480	7575479	1
5154870	5154867	1
2921305	2921282	2
7277624	7277623	1
813207	813219	1
1194672	1195501	1
8547797	8547855	1
143071	143299	1
6406078	6406958	1
1972743	1972776	1
2616982	2616981	1
11274765	11383167	1
4715523	4715524	1
12779072	12789297	1
2627312	2627311	1
9084148	9084147	3
1278798	1278797	1
3031624	3031623	4
4577604	4577601	2
402716	115196	1
3322157	3322350	1
3024013	3024456	1
6417059	6417062	1
1951502	1947203	1
6130491	6130494	1
12296753	12296754	1
553293	553294	1
11587560	11587623	1
8443462	8443459	1
9802261	9802266	2
12207433	8022705	1
4546012	4546011	1
4050614	4055158	1
7060427	6947856	1
4806781	4804404	2
1244699	1256004	1
8374390	8374389	1
1568337	1531469	1
11299215	11299222	1
7060604	7067753	1
10261389	10260725	1
3679905	3679887	2
6298781	6298782	1
4272864	4272838	1
375516	375515	3
1822808	1826076	1
11903869	11903870	2
430499	430107	1
11965069	11965070	3
6341501	6341502	2
4506306	4503343	1
5894257	5894258	1
11458159	1319607	1
8535938	8535932	1
12257211	12257218	1
3945077	3945078	1
2257428	2257427	1
6445025	6445026	1
3517333	3517215	1
2387213	2384932	1
2830022	2830007	1
8309700	8307994	1
4039629	4039735	1
9508188	9508187	2
1694875	1694876	1
6726069	6725996	1
4353954	7243073	1
6825002	7055504	1
9924432	9924431	3
101597	101663	1
8569919	8569920	2
6590880	6590879	1
7835499	7835500	1
5231658	5231655	1
10176254	10176253	3
66084	61132	1
288411	288412	2
12425103	5504402	1
6171316	6171315	1
4516725	4516726	1
8898437	8871298	1
5473750	5470883	1
647458	647457	1
12295803	11982470	1
10252317	10252318	1
3037305	3037339	1
7898732	7898714	1
7915875	7915248	1
4810233	4803121	1
4042178	4040005	1
4013724	4013723	1
5805423	5805452	1
11359168	11355339	1
5376536	5376535	2
6298348	6298347	2
9949105	9949106	1
2894344	2894343	1
5989879	5989602	2
4441552	4441551	3
11418847	11418848	1
4707009	4836287	1
6323935	6471988	1
8844617	8844620	1
4516727	4516734	1
9273481	9273616	1
2069444	1952755	1
9928211	9928216	1
4270388	4265926	1
9728744	9729378	2
10507213	10507214	1
7341265	7341266	1
9671802	9671801	1
2549751	2549768	2
9585581	9585582	1
7224501	7207987	1
11193486	11193476	1
6108918	6108917	1
3544698	3544700	1
3031125	3032724	1
10084704	10067867	1
2738049	2642001	1
3949886	7778906	1
7837476	7692229	1
8554147	8554454	2
3165474	3165473	1
8612422	8612421	1
1046379	1394337	1
7654867	7657204	1
10256256	10019651	1
7088373	7086857	1
640078	637697	1
274620	301959	1
282842	282848	1
4677667	4677713	2
1712216	1712200	1
11615615	11623912	1
12692608	12719241	1
10352983	10352995	1
2030675	2030680	1
3565757	3564814	1
5774079	5774082	1
3979259	3979260	1
5348706	5520712	1
8087653	8087654	1
7996888	7996887	1
3585793	3585794	1
2240149	2240150	1
7792641	7792642	1
7589621	7589622	2
7671447	7671448	1
1353062	1353061	1
6079243	6079258	1
5181601	5181602	1
2115866	2115865	2
12138559	12138560	1
5601729	5604017	1
5859777	5859792	1
1236843	10190740	2
9826360	9863651	1
9345256	9506724	2
8842696	8842699	1
8058605	8058606	1
10014421	10014426	1
5868926	5868706	1
9910453	9910454	1
4732516	4732515	1
1320928	1320921	1
1195704	1195703	1
5532561	5521138	1
11544664	11623150	1
2928905	2928940	1
9386518	9386397	1
1454033	1454629	1
9025618	9025617	2
1023511	9591494	1
5370985	5368340	1
4374272	4374271	1
629710	629709	1
10254126	10254124	1
2362124	2362191	3
10908581	10908531	1
7340631	7340632	1
12207906	12729907	1
9653121	9653123	2
7969123	7968625	2
6147414	6147492	1
6560394	6560385	1
9289372	9289371	1
10213289	10213292	1
5154868	5154867	3
5143271	5142599	1
875042	875037	1
12651041	12651042	1
1167149	1167150	1
345843	345844	1
7996682	7988480	2
2433510	2433509	2
5537990	5537857	1
474463	474418	1
8673652	8673737	1
10502518	10502517	4
9801886	9735949	1
7050519	7050736	1
3611340	3611343	1
92012	93363	1
6827582	6827577	3
10252471	10252316	2
9238988	9275669	2
6921404	6921401	1
396381	399237	1
9066091	9066092	1
336715	323018	1
4869185	11259048	1
8169017	8169012	1
11500856	11500855	1
5935232	5935227	1
1356287	1356296	1
6823334	6825097	1
7264388	7174544	1
9545170	9426256	1
3156746	3156811	1
4346037	4346059	1
4104166	4104210	1
6153179	6153368	1
8225517	8225518	2
3012205	3012504	2
2390747	2390748	1
8529637	8529638	1
7296243	7296244	1
10188524	10188523	1
11998261	11998262	1
10080203	10080204	1
3122651	3122510	1
2964311	2964299	1
6612118	6612117	1
8992964	8992963	1
12741210	12624926	1
865172	865165	1
619843	1698023	1
9557549	9557550	1
11052332	11052331	2
11680825	11679189	1
2627033	11694972	1
11740474	11740548	1
254215	254216	1
2435944	2436012	1
4349641	4349642	2
2675461	2674771	1
8690233	8690234	1
6046868	6046867	5
11998263	11998264	1
10060983	6308000	1
3020163	3020164	2
9064606	9052166	1
8053209	8053238	1
11299223	11299224	1
2372155	2372147	1
11048119	11048120	1
1084110	1084107	1
11795901	11795902	1
10299542	10299541	1
577206	577205	1
595152	6892048	1
7117949	7089473	1
2374047	2374078	1
7253989	7253990	1
3679901	3679902	3
1822808	1826074	2
7028943	7028928	2
3610758	3610732	1
9591620	9642355	1
11922874	11922873	1
6258608	6258607	1
2952225	2952226	1
9430679	9430680	2
1407160	1407174	1
9019783	9019784	1
4746993	4746956	1
10543243	10543244	1
6192983	6192986	1
11626010	11624619	1
1574695	1574044	1
7323687	7323688	2
8455774	8455551	1
12478273	12478274	1
10015632	10015625	1
11299527	11299530	1
5834442	5834441	3
651955	651956	1
12165104	12134281	2
1737264	1735614	1
8100338	8222930	1
8106832	8106829	2
5051909	5114389	1
9640180	9640179	2
2632345	2632346	1
10078127	10182258	1
4791485	4792335	1
50634	50633	2
11462057	11462060	2
3294855	3294856	1
11280115	11280809	1
6559092	8059169	1
10532419	10532420	2
469175	471256	3
1766983	1766984	1
7260909	7260910	1
10927245	10927246	1
8493050	6794792	1
1620600	1620547	1
11906219	1624365	1
8418318	8418367	1
11915166	11915165	1
8578171	8578354	1
4560624	4386943	1
11779469	11779470	3
10153244	10153220	3
211062	210798	3
11872625	11872626	1
5385996	5385987	2
5712564	5712563	1
6842615	963140	1
10346939	10346942	1
8972647	8972648	6
2846600	2846599	1
11263157	11260138	1
6772265	6772266	2
12521212	12521160	1
4437145	4438446	1
12632093	12632141	1
6689743	6689744	1
10795331	11730806	1
9571823	9571868	1
4053116	4053115	1
2452356	2452333	3
4670476	4671171	2
12153479	12153387	1
5057344	5057343	1
10780494	5662520	1
768477	769443	1
12675652	12715481	1
7495076	7495079	1
647960	644538	1
5771552	5771547	1
6727602	6727601	1
9346245	9346246	1
9341039	9341040	3
9911438	7127111	1
3826172	3826378	1
577859	577860	2
1241703	1311050	1
5510321	7863995	1
6112557	6112558	1
11655142	11655141	1
7550305	7550071	1
10759974	10759973	1
6068614	6068608	1
7341498	7341497	3
8443460	8443459	2
4243328	4247616	1
8805242	8806912	1
3156746	3156813	1
10372551	10371227	1
11910476	11906218	1
11445235	11445236	3
2034416	2034471	1
5376536	5577863	1
11611362	11611361	2
8290298	6370837	4
12018353	12045587	4
5637732	5637729	1
8151287	8151317	1
554109	554110	1
634292	634291	1
6532248	6532247	1
12664512	12662786	5
8068345	8068346	1
10406667	10385493	1
11544664	11544663	2
6894252	6900826	1
6199513	6199347	2
3959560	3959557	1
8404759	8404762	1
2105297	2105298	1
264886	264885	2
9273617	9273618	1
11497981	11498071	1
11412544	11412533	1
7242299	7242300	1
5311609	5311580	2
7194753	7194756	1
11117965	11116891	1
11419756	11419755	4
1165374	1251074	1
5002773	5002796	1
2894342	2894339	1
1665509	1665666	1
10145637	10145663	1
8955079	8955080	2
7685984	7710568	3
798527	798482	2
8737283	8737284	1
7241337	7241372	1
5530800	5530799	2
5231658	5231653	2
6584805	6584806	3
6082023	6082024	1
4002166	9130183	2
5002972	5002712	1
6574502	6574510	1
1777352	1777401	1
11079727	11073653	1
2565286	2565285	4
1900405	1900406	1
11308160	11308233	1
9333534	9331083	1
3138169	3138140	1
647458	647521	1
5611294	5614290	1
4366895	4366896	1
6218880	6218879	1
4665510	4665480	2
12423388	4115904	1
10653103	10653104	2
10157440	9905808	1
7734864	7734863	1
1251370	1251369	1
6729740	6727599	1
7446417	7446418	1
9327974	9327973	1
9556828	9556827	1
6528367	6528368	1
10455378	10458679	1
183412	182562	1
5216961	5216986	3
7398587	7376167	2
2414496	2414495	2
11781422	11781421	1
11916428	11916427	1
743336	743335	1
9432628	9432627	1
5154870	5154869	3
4156154	4156152	1
9023707	9023652	2
456627	539472	1
10882462	10882461	1
3557944	3562958	1
7382139	7382140	2
10822109	10822110	1
6876416	6454794	1
4663960	8467776	1
994681	994695	1
1390225	1390226	1
3576112	3689337	2
4077725	4110609	1
830357	846948	1
5376534	5577863	1
3554769	3555013	1
632729	662046	1
2352329	2352223	1
6719806	6601485	1
925616	925672	1
8429210	6316436	1
3510637	3510638	1
9417778	10172354	1
4399017	4399018	3
3548217	3548218	2
11204006	11204043	1
8388592	8388591	1
3116980	3116395	1
10230532	10230518	1
11825577	4333303	1
9729130	9685608	1
10894844	10894843	1
11543357	11543479	1
5597566	5597605	1
6046872	6046871	1
11475017	11475018	1
11220011	5343763	1
11672563	11672584	1
5909944	5857992	1
1657408	1657405	1
4034164	4034161	1
2681165	2681166	1
395817	395818	1
2018425	2019096	3
5708240	5708234	2
3316752	3316585	1
217920	217923	1
7149457	7149465	1
7055361	7055483	1
3354373	3354374	1
3852818	3852817	1
804533	804536	1
2668831	2672196	1
3337159	3337160	1
11497012	11464814	2
11357104	11357321	1
7397322	7397321	1
6239595	6239574	1
11884258	11868216	1
2311257	2311260	1
7049974	7049971	1
4385095	4385096	1
6848289	6848290	1
6181989	6182872	5
4180831	4180832	1
7854507	7854508	1
10660276	10660271	1
6947667	6947670	3
11720695	11720707	1
9749667	9749668	1
8849677	8849678	1
11157637	11157644	1
12468039	12468365	2
8650616	8650615	1
1723252	1723251	2
10633690	10606884	1
11719655	11719656	2
9615204	9615190	1
5470882	5470877	1
12334089	12334090	1
11394879	11394880	1
308876	308881	1
5735709	5735022	1
4956149	4956072	1
7671457	1964311	1
2293955	2293943	1
5013679	5013680	1
4051352	4051351	2
10930312	11023749	1
1957962	1957940	1
7607989	10792362	1
8714051	8714032	1
5964902	5964901	3
2217478	2217477	1
2927593	2927170	4
1323055	1323056	1
7219711	7219712	1
1001641	1001642	1
9502213	9490740	1
4853547	4853548	1
3183598	3183553	1
7994930	7994936	1
3246975	3247107	1
2335753	2339862	1
4157428	4157441	1
8431965	8431966	1
12503961	12503962	1
7808878	7806487	1
7862465	12729178	1
5359729	5359732	1
11490818	11490817	1
11129439	11129440	1
8550445	8550446	1
318966	318965	1
6136121	5899404	1
7066615	7064054	1
5392656	5392655	1
1704275	1704276	1
1153175	1153185	2
2467798	2467797	1
4546348	4546365	1
7792662	7792638	1
899184	7202633	1
8329048	8329047	2
7775038	7775213	1
2964311	2964297	1
8357482	8356792	1
9665467	9665468	2
3643191	3643192	3
6795541	6795741	1
3932994	3932993	1
6130489	6130490	2
6532246	6532249	1
9165325	9165327	1
6658838	6658876	1
4244480	4244469	2
11210964	11211031	2
4593267	4593268	1
5011777	5011805	1
5479678	5479677	1
12147722	12147721	1
6620929	6620934	1
5124361	5124362	1
9377773	9378043	1
5573046	10685066	1
8702131	8699729	1
6393498	6393497	1
9579153	9579098	1
11147169	11147170	1
6588820	6588815	1
11411048	11420620	1
12779075	12779076	1
6667044	6667043	1
12472933	12472934	1
4516725	4516734	1
7718268	7718259	1
10660274	10660271	2
2640068	2639164	1
7202632	7202631	1
3590315	3590316	2
10250796	10250576	4
11789895	7649506	1
4312264	4312263	2
426145	426146	1
5640990	5640989	1
9738016	9738011	1
12331679	12331632	1
104606	11508	1
311251	311199	1
3003757	3003758	1
710570	752548	1
6901854	6901851	1
11663546	11661715	1
8920844	9080397	1
7693689	7693690	3
2993310	2993342	1
1619788	1675540	1
11650530	972471	1
11593886	11593885	1
6097497	6097487	2
2675459	2675460	1
1404202	1404201	1
1604492	1481900	2
5204049	5204050	2
1793899	1793900	1
12789276	12789275	1
2659347	2659348	3
5641108	5641105	1
1881908	1881907	1
2864082	2864081	4
1587696	1587693	1
8554373	8554402	1
3911124	3911121	1
5074867	5074850	1
634294	634293	1
3639622	3639621	1
421040	426574	2
9665875	9722167	1
3541212	8827740	1
3909448	3909476	1
873048	7966785	1
7017632	8972646	6
2385534	2385533	2
3826170	3826169	2
12324648	12324647	1
4847225	4847093	1
8492803	3818042	1
6884219	6884198	1
1442752	1251023	1
8870749	8870750	1
6223785	6223786	1
5374633	5374599	1
4669467	4669470	1
894094	12419467	1
1395065	1397442	1
12151114	12151113	1
7104040	7110861	1
7363247	7362988	1
5668425	5668426	2
751551	751613	2
5994943	5994957	2
12228512	12228377	1
4677782	4677779	2
3385614	3384374	1
6361999	6362000	1
10143154	4237435	1
9161978	9161926	2
6143863	6144037	1
5058261	5053550	1
5743282	5743851	1
8555360	598755	1
7266386	7266383	2
2112903	2112904	1
8257749	8257737	2
5554045	5553854	2
10033603	10033604	1
2599280	2600014	1
11206368	11902287	1
10455380	10455379	3
7024019	7024020	1
7996886	7997731	1
4311529	4311553	1
1778563	1778566	1
5905267	5905268	1
932249	932280	1
8437904	8437903	1
4258857	4258993	1
10283428	8892730	1
5991142	5990990	1
5937754	5937811	1
706882	706881	2
10106071	1017247	1
1525423	1525424	2
7219087	7219748	1
7405797	7308770	1
6047017	6047018	1
5601725	5601728	1
4047300	4056186	1
9873121	9873122	1
9289594	9289618	1
5557608	5557631	1
4837020	4837034	1
6130713	6130714	1
9770054	9770053	1
10212628	10212627	2
3597837	3594115	1
9039651	9039652	1
6491383	6491391	1
1417551	1417552	1
2296934	2291815	1
4937865	4937868	2
4677784	4677783	2
3089211	3089214	1
5428565	5428570	1
8041267	8041270	1
5934515	5934516	1
3889132	3889131	1
5105453	5105454	1
12450925	12450926	1
5706947	5706935	1
2855310	2644912	1
5946464	5946459	1
10462090	10462089	1
9311388	9311599	3
5341159	5341160	2
11375327	11374838	1
10039902	10033577	1
7376794	7376793	1
2841931	2841934	3
5835785	5835786	2
9391662	9387552	1
8759011	8758842	1
8397152	8288059	1
5265669	5269109	1
7041411	7042920	1
7342182	7342181	2
10204284	10203952	1
5643728	5635281	2
6986212	7083086	1
430989	430990	1
5843435	5843436	2
8384497	10199596	1
3156812	3156811	1
11327797	11327798	1
5346004	5345993	1
2387213	2387214	1
3826172	3826171	3
8732978	8734629	1
4029248	4029245	1
8026084	8026117	2
8009095	8009096	3
7411340	7411583	1
2815129	2819417	1
3754035	3754036	1
10004286	10004022	2
5534461	5534462	1
3241566	3241565	1
8716215	8716216	2
5771546	5771545	1
3627167	3627168	1
8729336	3578903	1
1734011	1734012	2
10901640	1059062	1
43707	43688	2
5585680	5584463	1
596589	596590	1
10378949	10378952	1
7049574	7049573	1
2428819	2428568	2
3257513	3257428	3
12516661	12516662	1
12761369	12761370	2
1344981	1344982	2
4880302	4880297	1
8225461	8225457	1
1870258	1869551	1
5052361	5052362	1
3019239	528955	2
12280913	12280914	1
1604492	1481902	1
9882530	9882529	1
9655596	9656094	1
6486321	6486322	2
11853885	6028035	1
11204721	12461333	1
5601765	5601871	1
8673738	8673737	3
12633145	12633148	2
6492278	6492786	1
1657410	1657409	1
7842785	7842792	1
2147944	2146610	1
5558685	5164125	1
8900864	8900863	2
3080714	3080713	1
6014880	6014879	3
10227054	10227053	1
7604827	7600300	1
6023339	6023340	1
7277626	7277625	1
6168869	6168870	1
599330	599329	2
1595727	1595728	1
1413063	1413064	1
5283938	5433744	1
7718326	7720386	1
796694	796829	2
4826433	4826436	1
3284414	3191779	1
6238243	6238244	2
6051705	6052408	1
5881242	5881241	1
289889	289890	2
7678630	2897982	1
11081798	11081818	1
4580527	4539574	2
9177702	3719084	1
4473015	4474121	1
1900831	1872725	1
11633947	11598197	1
8019530	8021884	1
571057	571058	1
5757097	5765604	2
3034730	2745816	1
7031098	7031097	1
2208454	2208372	2
8298905	4311259	1
7746062	7746061	1
4468917	4346517	1
782675	783206	1
265340	276075	1
5537856	5537855	1
5463763	5463764	1
4011178	4008239	2
1081402	1086666	1
2309707	2309710	1
845751	920065	2
8964640	8964639	3
6943585	6943654	1
1928766	2328166	1
2648619	2846044	2
5842110	5842191	2
6729740	6727601	1
10060059	10060033	1
4750803	4751014	1
4479078	4479080	2
3661572	3668716	1
5888902	5888926	1
11081800	11081799	1
441811	441812	1
5262717	5262648	1
889257	889258	1
9790953	9791077	1
4795789	4795672	1
9579062	9580372	1
6021186	6021185	2
9585566	9585565	2
798525	798526	2
5408874	5411328	1
4489719	4489720	1
1356131	1356132	2
9343321	1769476	1
2452702	2454033	1
614927	614928	2
4810564	4810563	1
1084564	1079375	3
8521393	8521394	1
7049976	7049971	1
9282947	9366177	2
11457053	11457054	1
12771769	12771772	1
7970313	7970314	2
817635	817636	3
5101920	5101919	1
5897726	10907381	1
1606018	1601356	1
8107028	8107080	1
890071	890072	1
1778748	1781709	1
3256673	2557890	1
2609407	2609408	1
12774919	12774920	2
10109365	10108558	1
4654242	4654241	1
8613440	8587363	2
8265123	8265124	1
3959558	3959557	1
1625912	1472295	1
8431963	8431964	1
1826075	1826076	2
11190474	11190487	1
655545	655494	1
7509983	7510089	1
7678628	7678631	2
12548269	12548270	1
5905902	5905906	1
11833616	11833203	1
10691173	10691109	1
8585956	8585880	1
5853430	5631093	1
6743764	6744813	4
6130436	6130435	1
4569804	4569801	1
3409459	3409428	1
9491604	9969812	1
7111964	7111960	1
8896035	8895497	2
10957474	11020226	2
1329433	1329142	1
8462919	8463588	1
6972380	6972379	4
3167718	3167636	2
3884429	3884533	1
5158355	5158370	1
9311242	9311679	2
11774296	11774308	1
6030049	6030050	1
1721566	1721565	1
10420068	10484420	2
8283086	8286667	1
3200063	3086842	1
10455578	10455674	1
7539567	7539568	1
4577604	4577603	1
7735044	7735043	1
11720603	11727255	1
7607987	7607988	1
274843	278666	1
1789546	1829388	1
10901163	10901164	2
6169381	6168450	1
10016718	10020450	1
5630328	5630197	1
11781420	11780902	1
4814871	6617181	1
4037171	4037172	1
3689336	3689335	1
9813519	9816220	2
10268378	10268308	1
6047015	6047016	1
10461614	10741298	1
3674020	3674019	1
6997263	6997264	1
9990651	9990602	1
10451897	10451898	1
5805330	5795021	1
6130489	6130494	1
11702373	12787656	1
9078138	9078063	1
2841933	2841934	1
5332169	5332170	2
5883548	5883547	1
3634836	3634835	1
7169233	7253163	1
7173793	7173569	1
8531759	8531760	1
6147414	6147411	5
5573048	10685066	1
8250707	8251861	2
10239410	10239553	1
3376940	3378628	1
6003719	10905128	1
10416963	10416900	1
4903124	4903163	1
3668951	3668952	1
10744964	10888897	1
296354	522152	1
11990939	11990962	1
11418475	11417701	1
7220093	7222880	3
4075872	4075871	2
8387118	8387115	2
9996382	9996377	1
5576670	5576667	1
597827	596686	1
1253138	1253156	1
11916417	11916418	1
10212624	10212623	1
10488211	10488223	2
5092835	5092836	1
8272943	3686510	1
6287624	6287623	1
898026	898024	2
1508201	1508202	1
3003757	3003796	1
2660711	2660777	1
8362756	8363076	1
99793	9695253	1
5364898	5365115	1
10212626	10212623	1
592887	592895	1
12299743	12299744	1
12621057	12784708	2
8842846	8842845	2
12799292	12795680	1
9946649	9946612	1
7149455	7149456	1
11497012	11464812	3
7119324	7119323	1
6472573	6472574	1
11903324	11903390	1
9510748	8419929	1
2329363	2328474	1
11268735	11268736	1
9470458	9470743	1
5657458	5657461	1
5202782	5202780	1
5349129	5527899	2
3037303	3037304	1
11187269	11187270	1
2578127	2492190	1
2474080	2459230	1
12615885	12606669	2
1263124	1263123	2
6417063	6417064	2
853995	854374	1
11931864	11932491	1
6310420	6310414	1
9946611	9946612	1
10882460	10882459	1
11067327	11999810	1
9311390	9311389	3
5583260	5583259	1
7891998	7876120	4
2616980	2616977	1
3298634	3294854	2
3979261	3979262	1
1684691	7380876	1
7358305	7358306	2
5056988	5056987	1
10755333	10755301	1
2335326	2335323	2
3993820	3993819	2
1018625	1019223	1
4176988	4176987	1
11719653	11719654	2
9325620	9325619	2
10897178	10897196	1
1982359	2011929	1
7597866	7596324	1
6127427	6128616	1
5227931	5378838	1
11513364	11513363	1
6110477	6110364	1
2621977	2621978	2
4346518	4346517	1
3162882	3167903	1
7282708	7282707	1
9558459	9558171	2
10628172	10635312	1
3000747	3000748	1
8153413	8211513	1
4115386	4115385	2
11127915	11127929	1
4319043	4319044	1
8646501	8646488	1
10484414	10484413	2
10979253	10979254	1
12471052	12471051	1
9770050	9770053	1
5342602	5345039	1
368627	6119078	1
10609874	10609907	1
8679546	8679218	1
7930542	7930541	1
6151565	6151566	1
7073250	7073249	2
9516218	9503832	1
5668635	5668424	1
9996085	9996222	1
4533521	4532668	1
7815743	7815719	1
4880302	4880299	1
5601947	5601948	1
8540880	890999	1
651539	651540	3
4683890	4652128	2
775635	775640	1
11192711	11192715	1
8642392	8642319	1
11883159	11883160	3
334659	129042	1
9628895	9628896	1
5238370	5199054	1
4024984	4024875	1
12607766	12607746	1
3745115	3967733	2
2208373	2208495	2
12054173	12054176	1
12607745	12607746	1
1274133	1274136	1
7122094	7086216	3
1835969	1833534	1
1067521	1067522	2
1334181	1349709	2
2078366	2078365	1
1352024	1351967	1
5924162	5924161	1
577861	577862	1
10596301	10596302	2
6387268	6356747	1
3861125	3856894	1
2892334	2892333	3
6007755	6007756	2
5376534	5577865	1
10687772	10687771	1
7024021	7023872	1
1111047	7184865	1
4258992	4258991	2
4531814	4531278	2
7657203	7654854	1
6010667	6010662	1
6907649	6907650	2
7743194	7743145	1
11364175	11263437	1
12633243	12633165	2
2999685	2999686	1
1743911	1735252	1
6899079	6867474	1
12786528	12787656	1
12688900	12688899	1
3031622	3031631	3
3728498	3728497	2
12179946	12179945	1
10984720	10984810	1
2150909	2150916	1
2248942	2248941	1
4919697	4919700	2
9895473	9894143	1
3705504	3705503	2
8282216	8232292	1
2471898	2112217	1
1870313	1870653	1
8217300	8217299	1
4535624	4535621	1
5742948	5742947	1
5061040	5060946	1
8568943	8568944	3
7111966	7111965	1
6440928	6441825	1
7161759	7161640	1
3468302	3468299	1
872866	872863	1
10584863	10585518	2
8472104	8472103	1
203771	203772	2
609089	609090	1
12784375	12784376	1
1438292	1438291	1
926867	926868	2
9894577	9894578	2
9285676	11558050	1
2224378	2075243	1
4543295	4543298	1
5324309	5324310	1
8564797	8564791	2
1209618	1207850	1
6924656	9834360	1
8261429	8261430	1
6075601	6075502	1
4296125	4699225	1
4535624	4535623	1
1763763	1763764	1
8238436	8238435	1
11323929	11323930	1
3183620	3183599	1
2403096	2403064	2
829370	829369	1
5989877	5989602	1
8395458	8486755	2
183178	183177	3
9770052	9770051	2
869666	914029	1
2562826	2563742	1
7419608	7419022	1
1537662	1537632	1
2490888	2490885	1
2776876	6612119	1
1787812	1787811	1
6108920	6108919	1
951963	951964	4
6552023	6552024	1
10488209	10488223	1
1396099	1396102	1
1483863	1483868	2
5008949	5008950	1
7147842	7147839	1
5842720	5842719	1
8040476	8040479	1
12761371	12761852	2
9362690	9362689	2
2132315	2132316	1
5052361	5052391	1
1736658	9501235	1
1594475	1594465	1
10879525	10879526	2
1312922	1312921	1
3642049	3642150	1
9757734	9757733	3
9805008	9805007	2
10040335	10040336	1
1417553	1417554	1
12481198	12446023	1
7144193	7144207	1
10576683	10576684	2
9091538	9092613	1
7041410	7043041	1
5318806	5318805	1
7858812	1611479	1
12779073	12779074	2
7671445	7671446	1
9272347	9272348	2
1397112	1397117	1
4375256	4687845	1
4841143	4790669	1
8642393	8642394	1
1037259	1042200	1
12400226	12384000	1
6196651	6196652	1
2669631	2669632	1
6283772	6283783	1
7216601	7216590	1
