fend1	fend2	count
11723911	11716677	1
6436218	6436217	1
2057966	2055568	1
310674	310673	1
12779727	12779908	1
10041116	10040531	1
4843313	4843274	1
6329051	6329052	1
8575731	8575732	1
11826003	11826004	1
7094578	7101819	1
9138955	9139029	1
5604044	5604016	1
2270532	2270839	1
3567027	3567028	1
7109923	7109924	1
7882413	7882423	1
3545655	3545624	1
7868337	7868296	1
6591195	6591203	1
6590641	6590642	1
5261223	5261198	1
8591025	8312857	1
8384424	8384423	1
1515232	1515231	1
4294770	4295545	1
1599800	1600188	1
4636815	4636753	1
2020591	2020440	1
12397705	12469545	1
12767696	12767733	1
6489014	655781	1
10624538	10624537	1
44887	44845	1
2687565	2686401	1
8211514	8211513	1
2719233	2719234	1
10944216	10944213	1
2335763	2335764	1
9947730	9947546	1
2832345	2832346	1
7560781	7560782	1
11149461	11149462	1
9557387	9557388	1
10201608	10201385	1
4234232	4234231	1
9151587	9150860	1
10572976	10572975	1
9011871	9011884	1
766620	766619	1
5785718	11027002	1
7024387	7024388	1
1515234	1515233	1
3665330	3665329	1
12185037	12184827	1
11021810	11021809	1
6767277	6766401	1
10413724	10413907	1
10692473	10692293	1
9365631	9366963	1
1489621	1489622	1
4798881	4798739	1
6043063	6043123	1
5325547	5411820	1
2746645	2746860	1
2719235	2719217	1
10379558	6767276	1
6479941	6479942	1
3898315	3898316	1
4278558	4279162	1
1114546	1114521	1
10648430	8384425	1
12233101	12233102	1
1544035	1544032	1
4247593	4248122	1
4344316	4314808	1
8615739	8615744	1
10573558	10572977	1
5699350	5699349	1
10624536	10624441	1
11624851	11623356	1
10769505	10769506	1
2563027	2563030	1
4843275	4843276	1
6329049	6329050	1
10966098	10944217	1
11149463	11148936	1
7776804	7777034	1
12150910	12150867	1
8173331	8173332	1
11753749	11753750	1
3066277	3066278	1
5644639	5644640	1
10675287	10675290	1
5361156	5361096	1
2272739	2272735	1
7216785	7216786	1
5639068	5639065	1
10201612	10201609	1
51712	43366	1
2475071	2475072	1
9011869	9011870	1
7109481	7109922	1
3665282	3665331	1
8615737	8615738	1
1274123	1274124	1
3615357	3615358	1
7581541	6063815	1
2892191	2892192	1
6417801	6417802	1
1624057	1624383	1
6431166	6431165	1
1515230	1515229	1
6648081	6647955	1
8242314	8238513	1
2832343	2832344	1
421627	444458	1
5976122	5976121	1
6923439	6923379	1
9659244	9659241	1
10926575	10926576	1
762119	762120	1
2083725	2083717	1
12767698	12767697	1
112754	117641	1
3678472	3678494	1
4224881	4224882	1
7778434	7778448	1
2020441	2020442	1
9659246	9659245	1
8192662	8173330	1
10283310	10283309	1
8192664	8192663	1
12236533	12397327	1
1353610	1358576	1
9117738	11038847	1
2083723	2083724	1
12150912	12150911	1
5924342	5924191	1
8575727	8575730	1
6696982	6696981	1
10981220	10974162	1
1489619	1489620	1
6648079	6648080	1
11397882	11397881	1
7370409	7363369	1
2542562	2542558	1
6431164	6431163	1
8684550	8686135	1
6568917	7536252	1
11662330	11661988	1
8946190	8946189	1
1290687	1288932	1
766618	766146	1
4494889	4494927	1
6043122	6043121	1
8946188	8946187	1
1722929	1722796	1
4956133	4956134	1
8220318	8220308	1
12602199	12601845	1
5691770	3567026	1
9011885	9011886	1
11861214	11862643	1
9514400	9513347	1
5538397	1188612	1
11268422	11266069	1
4265868	4267111	1
6417799	6417800	1
11753751	11753753	1
6001946	6096163	1
309629	309620	1
5708630	5708530	1
1713353	1713406	1
3031150	3031158	1
11583174	11585419	1
1372530	1370964	1
3547274	3545619	1
3875058	3875057	1
10126848	10120789	1
4344318	4344317	1
3066273	3066276	1
1486521	1486515	1
12469544	12469543	1
4493673	4493674	1
6107389	398569	1
11524098	11524097	1
