fend1	fend2	count
11006665	11006666	1
9465418	9465417	1
1391623	1391624	2
7913648	7913647	2
294509	298817	1
3492323	3492326	2
1498020	1498017	2
6366915	6366926	1
10539263	10539264	1
2773591	2773520	1
7552066	7560278	1
2374589	2374590	1
12287205	12287206	1
8747333	8746127	1
8642877	8631126	2
10292702	10292699	1
6105730	6128119	1
10446091	10446092	1
5632229	5632233	1
584285	584286	1
212301	212318	2
12196147	12196148	1
9761633	9761634	1
4532449	3979505	1
1455921	1455922	1
4990464	4989654	1
3904166	8424820	1
7008963	7009062	1
11467570	11467569	1
2869522	2869521	1
909253	909256	1
11726609	11726610	1
6405213	6405221	1
2229651	2251621	1
12656966	12656965	2
8836771	3387850	1
9028697	9024583	1
3950946	3950943	1
7175619	7175620	2
10133821	10072090	1
2996022	2996141	1
69477	69480	1
10316289	10347905	1
1132300	5696958	3
295670	295669	1
4472417	4474734	3
1499634	1745586	1
2268870	3250212	1
12795337	1432694	1
4844170	4844198	1
1797127	1797128	1
7165551	7165552	1
9341341	8560765	1
6935101	6935102	2
912391	912440	1
1110861	1110915	1
12656968	12656967	2
12312738	12312737	2
10896612	10896542	1
6679114	6679110	1
7472716	7472715	2
6188385	6188346	1
10045139	10045140	1
5654056	5654062	1
10891269	10891270	2
10109647	10109703	1
9566048	9566047	1
7948465	7948466	1
4447980	4447979	1
119010	128925	1
9778101	9778102	1
1504658	1504657	1
10493987	10496752	1
9953415	9953416	2
8313592	8313598	1
12384611	12470172	1
12154855	12154869	1
865991	742972	1
471601	471604	1
2294651	2294652	1
6060514	6077801	1
7515096	7515095	1
136227	136230	3
3749747	8777869	1
3228406	6026465	1
8428656	8428655	1
2376471	2376472	1
7505124	7504661	1
5494999	5492832	1
2267699	2268684	1
8093625	8093643	1
5574670	5527489	1
8784272	8784271	2
5172272	5181992	3
6815217	6817047	3
3609968	3609965	1
8574433	8574434	1
1482668	1483297	1
5302545	5302546	1
5944562	5944170	1
11509548	2581293	2
1242712	1243242	1
12345423	8002990	1
9342552	9344743	1
3783366	3783363	2
6747640	6747639	1
8395027	8395064	2
3294969	12561096	2
4834314	4793172	1
4422285	4422286	1
7694329	7694330	1
2266049	2266050	1
3243885	3353060	1
11456951	11473259	1
9473161	9473162	1
8480456	5390313	1
7833285	7833288	1
2375819	2339044	1
1563838	1556243	1
12167568	1331700	1
11666829	11666877	2
7298895	7298896	1
2793658	2793657	2
9097277	9091910	1
8024000	8024003	1
11629307	2610557	1
8531254	8531354	1
7870115	7870116	3
780975	817414	1
8631127	8631128	1
12157411	12157413	1
7412574	7412501	1
169048	5640829	1
7830076	7830069	1
4474501	4474502	1
827545	827546	1
8962453	8953243	1
271780	271813	1
3369345	3369483	1
8697744	8697754	1
1419872	1444603	1
7147442	7147439	1
4825719	4825734	1
12389174	12389177	1
10214493	10214528	1
11042532	8795060	1
817422	780974	1
12194326	12194321	1
11628417	11628418	1
966276	966289	1
7048087	7048088	1
4748471	4748472	1
10290584	10479152	1
5525094	6450210	1
2251931	2251932	1
12275985	12285171	2
7343406	7343405	1
11799791	11799792	1
9022479	9139128	1
8484697	8484698	1
11961178	5739100	1
2147481	2147484	1
6350382	6351672	1
2272963	2272871	1
11446243	11446204	1
5692918	5692930	2
12174746	12174743	2
12600416	12600415	1
9641973	9641974	1
12809571	12809572	2
4941634	4941633	1
12285170	12285169	2
9566044	9565980	1
1010766	1010048	1
194013	194014	2
8169475	8169785	2
10517940	10517909	1
3946722	3946721	1
5681377	5681438	1
5792639	5792661	2
10594198	1315174	1
9172743	9175751	1
299678	299737	1
11802124	11802121	2
5200940	5200937	1
4783808	4652907	1
10744315	10744087	3
2512872	8456094	1
10704204	10703456	1
6032622	6032491	1
4292102	4292101	1
12186993	12202835	1
10740241	10204718	1
7963624	7963623	1
6221207	6221208	1
913004	913001	2
3793474	3792883	1
540285	540286	2
3674372	3674371	1
9993598	11879123	1
11036134	11036130	1
11221587	11221611	1
12622977	12622980	1
7049713	7049714	1
6391975	6391976	1
2618837	2618838	1
3148177	3147996	1
5554049	5554050	1
7515976	7536674	2
7446471	7446472	1
7249259	7249260	1
3825263	3825264	1
7184897	7012460	1
9701378	9701377	1
1508086	1508085	2
141414	141336	1
6890763	6890764	1
7772226	7772225	2
1029578	6330333	1
2164230	2164229	1
6221205	6221206	1
4986728	4986727	2
1589468	1589462	1
1306785	9003679	1
8998714	8998713	3
1710836	1710812	2
5913512	5917189	3
11158317	11158318	1
2664117	2664118	1
295973	295974	1
4352728	4165167	1
4271576	4271575	1
2960177	2165166	2
3831611	3831612	1
734346	734289	1
12531827	12531824	1
12193634	12194215	1
2165510	2170983	1
4506281	4506282	1
1737551	1737523	1
3227695	3227696	1
10713531	10713552	1
907057	906991	1
8635811	8635767	1
1290400	1268478	1
586363	8029172	1
8610752	8481018	1
5708284	5708283	1
2258357	2258358	1
10712240	10712239	2
7289902	7265327	1
5826906	5826898	1
771529	771530	1
4737140	4737137	1
5157459	5139498	1
2033099	2033214	3
5833987	5763119	1
3913679	3913680	2
6513819	6513820	1
11337237	11341035	1
8070027	8070028	2
3174030	3174029	1
10127985	10127986	1
8775370	8767454	1
3688882	3688881	1
12305605	12305606	2
6696845	6705995	1
11475009	11475040	1
3492341	3492342	1
8892377	8892335	1
11656465	11656466	1
6497922	6497921	1
8520376	11634310	1
3609970	3609969	2
11563527	11563330	1
20453	20454	2
11241652	11419477	1
7223741	7063406	1
6961900	6961897	2
2242418	2242417	1
3961682	3961677	1
6702701	6702702	1
620848	448755	1
940691	940692	2
6043033	6043034	1
6147588	8490687	2
4255384	4255383	1
9104295	9103920	1
12617938	12617937	2
5899016	5899015	1
9174765	9174766	3
6038427	6038428	2
3820479	3820620	1
1311092	1311087	1
9307001	9307002	1
375480	375479	1
7402443	7360770	1
6691491	6691492	1
6099629	6099624	1
11681113	11767430	1
402880	402720	1
242697	242700	1
3997980	3997979	1
6663015	6663016	1
12287207	12287208	1
5094370	5094367	1
3316265	3312107	2
29145	29105	4
1173324	1173323	4
191182	191181	1
9442293	9442270	1
4441382	4441428	2
502695	502696	1
5827189	5827196	1
4655841	4655842	1
10969983	10969990	1
9279532	9279531	1
1269149	1269150	2
7945341	10298158	2
1726491	1726494	2
2159567	2159570	1
10297141	10296651	1
12724246	12724238	1
4469837	4469840	2
8427540	8427537	1
6677295	6677296	2
3157834	3157833	1
4268800	4777108	1
2503754	2499674	1
8427538	8427537	1
11425393	6410506	1
10472825	10469848	1
8498769	8498770	2
10712238	449072	1
9065482	9065481	2
796457	796458	1
10091301	10251335	2
10121744	10121771	1
6407972	6407971	2
2249901	2180980	1
850307	850294	1
7542390	7542145	1
10192771	10192762	1
3791697	3791703	1
10198515	10302478	1
6391977	6391978	1
5796348	5796347	1
6509755	5486315	1
9336355	9336356	2
3939573	3939576	1
3042199	3168075	1
432112	431454	1
10755297	10755835	1
7072840	7072852	3
40254	40197	1
10409328	10409298	1
7856893	10121583	1
5310977	5310978	3
6690153	6690154	1
5542499	5542500	1
711159	711160	1
7646007	7646010	1
5930395	5930396	1
8744209	8744631	1
10959598	10959597	1
6651056	6651055	1
1776398	1776395	1
3210461	3210464	1
4108632	4107036	1
11617671	11617672	1
9465923	3328673	1
5194425	5194428	2
7390955	571763	1
5132037	5132027	2
10771159	4240576	2
351917	351918	1
6540223	6540224	3
11852142	11906790	1
1616544	1616543	1
8615754	8615710	1
9792029	9792032	2
8574435	8487863	1
4782480	4782479	1
12755979	12755980	1
2481772	2481771	1
7789579	7789179	1
10836890	10851103	2
8783249	8783252	2
10214545	10214546	1
8809386	11205693	1
5304860	5304859	1
391704	391692	1
9850107	9850108	1
11044554	9137940	1
3027097	3027098	1
2256950	6190941	1
9388730	9391087	1
2282480	2282475	1
9236213	9236214	1
7815783	351916	1
5826906	5826905	1
6176417	6176418	1
1216819	1216822	1
8672384	8672383	1
1017253	1017254	1
6115393	6143354	1
3522066	5082785	1
12665902	12665895	1
2221800	2221709	1
5392723	5392724	1
5238932	5238931	1
9022545	9022546	2
3670330	3671063	1
6407973	6408080	2
8390737	8397479	1
3508153	3526696	1
10798081	11001723	1
2376473	2376474	1
1929840	1929839	1
4468841	4468842	1
11369061	11369055	1
3873187	3873188	1
1157185	1157192	1
2000796	2000791	2
3492354	3492340	1
7609398	7609397	1
10809880	10809879	1
2086247	2086250	1
3688371	12403645	1
11934887	11934888	2
12612296	12612989	1
6165659	6165660	2
4353679	4353680	1
8097848	8097847	1
12477921	12477922	1
886577	886269	1
9471687	9473081	1
8093360	8092320	1
6617653	6617656	2
2630447	2805358	1
9698851	9698852	2
2460327	2459454	1
8786257	8746129	1
4265205	4265206	2
7270591	7270592	1
6946035	6946036	1
3621138	3587117	1
10560249	10560250	1
4511427	4511428	1
6834754	6947978	1
3967614	3967611	1
944061	944062	1
7304374	7304373	1
8008607	8008582	1
9620289	9634300	4
4695565	4698377	1
1253448	1253447	1
10417863	10417864	1
2457422	2548081	1
11217481	11217482	1
11305991	11305956	1
7514342	11193053	1
11839245	11843170	2
4565368	4565367	1
10972479	10972480	1
899051	890725	1
2147481	2147482	1
393596	392952	4
5628801	5628802	2
11357452	11357451	1
4701412	4701411	1
10340919	10340920	1
3688884	3688883	3
2636690	2636687	1
4648360	4648368	1
3522067	3522068	1
9139874	9139873	1
6161520	6161526	1
10252725	10252694	2
7986108	7986107	1
7845148	7893476	1
6405211	6405212	2
9731133	9731136	1
10018749	10018750	1
1701382	1701154	1
12724248	12724245	1
364748	364731	1
11489494	11489420	1
5861265	5861266	1
6728206	6681240	1
6563352	6563535	1
8659672	8659671	1
5720972	5812673	2
7305818	7307763	2
6961900	6961899	2
151622	145754	1
5735430	5735429	1
3604281	3604282	1
2793656	2793655	2
9700807	9694342	1
11373275	11373276	1
11075619	11075620	1
6806496	6359038	2
5266494	5265183	1
4531826	4530042	1
10238299	10238300	1
10758223	10623934	1
6132383	6132366	1
7766195	7766196	2
9681209	9680814	1
11113067	11112950	1
398850	8648723	1
12724932	12724965	2
5847143	5847924	2
2553389	2095421	1
4904254	4904253	1
12495015	12495018	1
11647464	11647466	1
2558358	2558357	1
12336554	12336553	3
5098491	5098492	2
6185903	6185904	1
12451834	12451816	1
1229048	1229047	1
4070896	4070895	2
10583979	9923808	1
12396568	12398020	1
3267021	2258857	1
5536990	5536987	1
9537754	9537753	1
6330144	6330143	3
9563089	9563090	1
1988525	1988526	1
12474537	12474456	1
5311697	5311706	1
554369	554373	1
4456189	4456190	1
11942441	11942444	1
1671404	1671945	2
9131408	9131407	1
9292348	9292339	1
12340360	12340359	1
6961902	6961901	3
5518274	5518273	1
12548352	12548351	1
7555066	10272223	1
903325	7990356	1
8186337	8186338	1
1034055	1034056	1
11183906	11183905	1
7457182	7457181	2
12561097	12561098	1
12527261	12527173	1
8385353	8385315	1
10083973	10084450	1
3027998	3027977	1
2329550	2328783	1
4784013	4783998	1
5626645	5613613	1
12477155	12477148	1
10070080	10061879	1
9170393	9170394	1
2064654	2151626	2
12346321	12351687	1
4515326	4514319	1
9566410	9566409	1
3640133	9531166	1
6507403	6507404	1
1453643	1453644	1
973264	973283	1
9367109	9367110	1
10970665	10970668	3
2230067	2230068	1
4989093	4989043	2
6674206	6673535	1
2683248	2683247	1
3828269	3828272	1
6702855	6702856	3
4637947	4637889	1
7252109	7252112	4
217421	226895	1
11666876	11666875	1
11495513	11495514	1
3774632	3774625	1
11591846	11591845	2
1666973	1632350	1
11477892	11477891	1
5400244	5398776	1
12660822	12659512	2
10244562	10144376	1
8663957	8663954	1
2201266	2201265	1
10970669	10970674	2
2734747	2737238	1
8497062	8515789	1
9156207	9156208	1
2443433	8427541	2
12247178	12228714	1
3251038	3240609	1
4193800	4193799	1
4503376	4503379	1
3632753	3615447	2
4427020	4427023	1
12782328	8505935	2
8542605	6109513	1
9234076	9234075	1
2576278	2576277	2
10159207	10159208	1
1210960	1210991	1
9761526	9761525	1
12308531	12308532	1
6167760	6167742	1
8655916	8655913	1
7175137	7170665	1
5944566	5944563	1
3893415	3906427	1
142997	197776	1
10193862	7862589	1
4572997	4572998	1
6305345	6305346	1
4348469	5729693	1
9144519	9144520	1
759486	759485	2
1607675	1607676	1
11278481	11617796	1
8427604	8429028	1
11924774	11922776	1
11103608	11103167	1
12036650	11958023	1
1485621	1455920	1
12721604	12721603	2
5569384	5569383	1
6751479	6751480	1
4666057	4666058	1
8071196	8071195	1
5449082	3055311	1
7078960	7078959	1
366251	12308532	1
903100	905079	1
11099939	11099940	1
12198414	12198413	1
4844576	4844590	1
8036498	8036493	1
7685268	7685267	1
6593852	6593849	1
11411221	11469257	1
981407	981774	2
4989040	4989039	4
12315045	757835	1
9277150	11120160	1
1515648	1515795	2
2933229	2936714	1
3898842	3898838	1
3770960	3774059	3
12724244	12724247	1
10755112	10755085	3
4597484	4597483	2
3458656	3458659	1
4391762	4391761	2
1011194	1016281	1
2258359	2258360	1
6209579	6209580	1
7165553	7165554	1
9515172	9514997	1
8664685	8664686	1
3026277	3029627	1
12523133	12523011	1
6138734	6196277	1
1937935	1937936	2
9022479	9022480	2
11864445	11865547	1
8542583	6109513	1
12805959	12805960	2
2120816	8661698	1
7062974	7062973	1
8784270	8784273	1
7106580	7106585	1
248758	248757	1
7703775	7703962	1
9904105	9904106	1
11456164	11456163	1
4739015	4793323	1
9268483	9268518	1
832553	854177	2
11747826	11747825	1
9098950	9098947	1
7678106	7678087	1
3828269	3828270	2
6012486	6012452	1
1534854	1534260	1
5718717	5718768	1
7061233	7061234	1
12489718	12551540	1
7389188	585319	2
6516848	6516847	1
8331537	8331495	1
9277088	9277087	1
4622897	4622900	1
11111909	11111910	1
3671779	3671780	1
4894	5484	1
11133871	11077162	1
6716753	3074157	3
6694061	6694062	1
6069006	6056763	1
266823	266814	1
10855997	10855998	1
3019227	3019230	3
7684223	7684140	1
585483	585553	1
3492327	3492247	2
11290992	11290991	1
9729033	9729034	1
9328062	9428199	2
248873	248874	2
2632569	2632570	1
12040669	12040670	1
3265468	3265467	2
4256441	6541996	1
1994977	7467388	2
9822022	9822677	1
454816	454813	2
9393387	9393388	1
6204325	3828268	3
10006145	10007057	2
10127656	10127655	1
7270682	7270697	1
6425948	6426013	1
10413867	10413868	1
882130	882239	1
10084963	10084964	1
3265340	3265318	2
375980	375983	1
9833590	9834971	1
5160440	5213881	1
9512491	9512492	2
10493453	10493454	1
12692652	12692651	1
10239708	10239705	2
10219692	10219689	1
7824231	7824236	2
9428887	9428889	1
1337278	1337277	1
8920733	8920734	3
4274878	4274877	1
10479153	10479154	1
6361289	6355243	1
9897497	9897498	1
2716807	2716810	1
12463163	12463116	1
8337832	8337845	2
10108811	10083185	1
4537395	4537396	2
4251742	4251739	2
11830842	11830841	1
3673617	3673711	2
11469899	11469902	1
10147775	10147776	1
2674711	2793677	1
11324883	11324876	1
10910267	3285679	1
9968007	9968010	1
2655785	2655789	1
1082130	10397828	1
5381272	5381839	1
750903	915353	1
3228333	10954080	1
9317604	9317603	1
2473786	2489724	1
9167839	9167840	1
8000575	8000294	2
6079661	6079603	1
10970665	10970670	1
5381838	5381837	2
12490639	12490674	1
8948692	8948691	1
1773168	2549823	1
424401	424402	2
858860	867010	1
2263589	2263590	1
6518136	6512461	1
10775685	10775686	2
11525089	11607729	1
5437494	5437471	1
1210813	1210791	1
2312152	7455767	1
961264	961263	1
5961878	5961877	1
12228087	12228088	1
8290960	8444188	3
2660776	2660775	1
4948997	6292567	1
9731127	9731128	1
6176375	6176376	4
10383832	10383831	2
6200189	12421900	1
4681493	4681513	1
4586979	4586462	1
7820774	7819208	1
2178028	2178039	1
3132484	3134392	2
903101	8011350	1
4792356	4792353	2
12163575	12163576	1
11385340	11385339	1
5681375	5681376	2
181345	10136	3
3097498	3097497	1
1253450	1253449	1
591105	590925	1
10910368	10910365	1
69479	69480	1
11882051	11882052	1
2304603	2304604	1
6507336	6507335	1
8471965	8471987	1
11473258	11473257	1
9717109	9710612	1
4038660	4004797	1
5288176	5288173	1
935554	935553	2
8410826	8470849	2
9120581	7314701	1
6200025	6200026	1
804388	804385	3
7766192	7766191	2
527830	527933	1
519952	519951	1
1448863	1446291	1
3279676	3279675	1
9170391	9170392	1
10488425	10488426	2
8385312	8385311	2
5253844	5253799	2
3340846	3340845	1
646533	646536	1
3604283	3604284	1
12161028	12161027	1
3904165	8424820	1
6844930	6843688	1
11208692	11208691	1
12194326	12194325	1
7870117	7870107	2
9387270	9387269	2
2341673	2341674	2
7801239	7801242	2
8103530	8089498	1
7858111	12150027	1
9793086	9790177	1
11899824	11900052	1
11473665	11473638	1
2282886	2282883	1
3440098	3440097	1
1322794	1322793	2
728009	728003	1
10254201	10228828	1
12623438	12623437	1
10320742	10320677	1
164548	164547	1
7488709	7488710	1
12744921	12744941	1
12599273	12599278	1
2092117	2092118	1
3065264	3068485	3
11627531	11627532	1
8186337	8186340	1
2591897	2591898	1
11584152	11584151	1
3619198	3619197	1
3808834	3808833	1
7520215	7526689	2
10911140	10911109	1
6078266	6074269	1
3104632	3105447	1
11548197	11578534	1
11132783	11132784	1
6846250	6846249	1
3680875	3680876	2
8356865	8356866	1
3774058	3774057	3
3792873	3792876	2
4543943	4543944	1
882240	882239	2
5370445	5370455	2
6105897	6105898	1
4064497	4064479	1
3497559	3497572	1
7811959	7811960	1
3556906	3556905	2
6998771	6998774	1
11323604	11326095	1
1533130	1533127	1
2180654	2180465	1
12664032	12666211	2
5340915	5340916	1
10292770	10292703	2
10346915	10327937	1
9138416	9138413	1
6851256	6859648	1
10467894	10462482	2
4519147	4519148	2
9760278	1250127	1
11594383	4354325	1
11981517	11981520	1
9002076	9002073	1
10684080	10683274	1
2655890	2648009	1
1322796	1322795	1
1533139	1533140	1
11978456	11978455	2
7165711	7165712	1
11356474	11356473	1
8746628	8746614	1
3000488	3000487	1
7140	88222	1
11782680	11891109	1
10087158	10086694	1
10151163	10250868	1
12194324	12194321	1
5863278	5863277	1
6062002	6061888	1
11986908	5719721	1
650209	650241	1
5770535	5770625	1
3673710	3673709	2
7561331	9604150	1
154616	5770223	1
7529031	7529032	1
699522	699521	2
10202304	10202235	1
3246676	3246671	1
2213380	2213066	1
933752	4533272	1
10165583	10165584	2
5150735	5150764	1
9753070	9590614	1
7078958	7078957	1
9142649	9142466	1
10483630	7459815	1
7952139	7952140	1
7076432	7076431	1
8873951	8873952	1
3251481	2260841	1
5808468	11968274	2
1476620	1476619	1
7077299	7077300	1
3190465	3190468	1
9064519	9064993	1
3097496	3097564	1
12301987	12301989	2
12392464	12392463	3
3141383	3141384	1
11447678	11447677	1
9342554	9342553	1
5021308	5209508	1
4404840	4404839	1
5533573	5533574	2
7709773	9902789	1
291677	288114	1
11142649	11142651	2
10735129	10735132	1
7340451	7340452	1
1215029	1215030	1
6953993	6953999	1
899051	890727	1
12515861	12515862	1
9435358	9435357	1
7548812	7548809	1
2249993	5506241	1
940693	940696	1
4084782	4084795	1
4089536	4089543	2
3909599	3909602	1
7567869	7568583	1
3034163	3033140	1
4289630	4289629	2
4838308	4838307	3
1523165	1523166	1
3978622	3978621	2
9022525	9022526	1
8040877	8041232	1
8746113	8746114	1
6157948	6117293	1
11958483	11958484	1
3495617	3495618	2
1722505	1722522	1
11434103	11434104	1
10556743	981132	1
3960505	3960674	2
455236	455235	1
7633301	5081791	1
9452784	9452561	1
2756144	2756146	2
1750408	1750407	1
565404	2497761	1
3965556	9437162	1
6513310	3268616	2
1804063	1804201	1
5564584	6123341	2
10720081	10720076	1
12750341	12750342	1
11198723	11198724	1
10906843	10907127	2
7603615	7609399	1
11461285	11461288	1
4322748	4322747	1
4311941	4311942	1
11641569	11641570	1
10797232	10797060	1
1479166	1479165	2
1927596	11802125	1
6593852	6593851	1
6632930	2201951	1
7685270	7685269	1
1494680	1494675	1
155767	155768	1
11161711	11161720	2
11114485	11128010	1
7984540	7984561	1
10213515	10213516	1
11295236	11295232	1
9143734	9142510	2
7061235	10439826	1
8903919	8903911	1
6044415	6044428	1
11940883	11940884	1
10115073	10115074	1
10197666	10197663	2
295975	7680245	1
12154394	12151633	2
773312	599337	1
1253450	1253447	1
3173641	3173642	1
3086914	3086913	1
10031864	10031863	1
1914470	1914469	1
5712204	5710658	1
9849370	9848306	1
7072340	7072343	1
5420756	5421864	1
10768695	10768696	1
7742291	7742292	2
227527	227528	1
5576617	5576613	1
2304599	2304602	1
4737136	4737135	1
5139503	5141222	1
7030119	7030120	1
8828959	8828960	1
11206439	11206440	1
3610843	3610844	1
8541892	8540748	1
7850705	4538208	2
7777309	7777310	1
6125870	6125869	2
6254614	6221204	1
10183091	1802851	1
1730430	1730516	1
3827972	3827969	3
4197682	4197681	5
5310979	5555870	2
11525211	11525212	1
3805126	3805125	1
4202107	4202108	1
8617126	8617265	1
9367111	9367112	1
5449089	6545598	1
4545345	4545346	1
2851051	2851052	1
8553639	8151430	1
2512339	775120	1
12419764	12455667	2
8186339	8186340	1
2731065	2731066	1
8979079	8979137	1
10910425	10990100	1
10077760	10077759	1
2345690	336468	1
8844472	7460462	1
7566186	7566119	1
1534856	1534855	2
4372670	4372669	1
12207320	12207319	1
7411008	7411007	1
7181451	7181452	1
2585954	2588309	2
366251	12308530	1
8945941	8945939	1
7712458	7712450	1
6998261	126293	1
3552169	3932442	1
9563996	9563995	2
7661576	7613726	1
1944765	1951611	1
8673875	8673774	1
1556741	1563804	1
2281120	2281117	1
682883	4429410	1
3901201	3901202	1
8350602	8350597	1
1731093	1428613	1
10349180	10349179	1
5300758	5300757	1
10147777	7561067	1
887778	887768	1
7739145	7742290	1
319994	941557	1
5094970	5094969	1
592244	659519	1
6497920	6742468	1
2557724	2557727	1
10003644	10003646	1
6070116	6070115	1
510300	510299	2
12006489	12006490	1
6585629	6586038	1
8615756	8615755	1
5973299	5973304	1
9336353	9336354	2
12449179	12449182	1
1727745	1727752	1
8640548	8640545	1
2132108	2132105	1
135289	190140	2
836557	836558	1
6182526	11208607	1
6193592	12493506	1
12599271	12599272	3
2665291	2665292	1
3763003	3763006	1
8206847	8206848	1
4747256	4726380	1
420916	420919	1
759165	759166	1
7989016	5145039	1
4804255	4804241	1
12495863	12495864	1
11325460	11325459	2
12628641	12628722	1
8572554	10777327	1
2370050	2370049	2
6050988	6050991	1
9021783	9022524	1
1867117	407699	1
7106584	7106583	1
7309321	7309304	2
9904103	9904104	1
372088	372084	1
8548724	8548721	1
7777804	7777803	1
5867380	5828291	1
11313991	11313969	1
5228262	5228265	1
4271703	4271723	2
6417365	6417366	1
11075422	11075431	2
11454728	763531	1
5263260	2777311	1
4990581	4990584	1
4610345	4610348	2
888068	888128	1
4620739	4620740	2
704115	704116	2
5757673	5759180	1
9022477	9022478	3
6788877	6788878	1
7010135	7010136	4
7289906	7289903	1
825732	825497	1
888070	888069	2
6437761	6437762	1
12607124	12606925	1
7298897	7298898	1
6709168	5433198	1
8207338	8207294	1
2804154	2804192	2
4539682	4539681	3
12147796	705035	1
9582018	9582017	1
1312016	9923832	1
7666083	7666084	2
624123	624124	1
6575123	11123085	1
1485621	1455922	1
1993602	1993601	2
8921388	8921387	1
8395283	8395454	1
7646607	7646468	1
11998471	11998472	1
11890219	11890220	2
11447676	11447673	1
5191660	5191649	1
4589869	4589870	1
9112989	6956856	1
3362903	3362906	1
9564691	9327748	2
7071935	7071958	1
6320408	6320407	1
6068381	6068384	1
2632740	2636691	1
4650202	9642578	1
8990802	8990801	1
9129165	9129147	1
11071435	11071436	2
1979015	1979016	1
1215478	1215455	1
2617252	2617251	1
511742	511737	1
4112921	4851237	1
3983468	3984953	2
4795117	4795118	2
3768139	3766273	1
840358	840348	1
10298200	10298199	2
295410	485557	2
2016584	1956731	2
887789	887790	1
11726607	11726608	1
6195481	6195443	1
9085370	9085369	2
7882691	7882678	1
3851882	3855190	1
10801837	2390284	1
1258387	1258388	2
2622574	2622571	1
7177372	7178842	1
11381610	11373274	2
5511382	3371162	2
6426014	6426013	4
6262872	6262871	2
6348655	6348656	1
2034996	2034993	1
7515094	7515093	2
3086030	10336231	2
6619003	6569615	1
2656241	2655919	1
1263243	1259616	1
5828595	5861009	1
654141	654142	4
11763682	11738242	2
3229347	3251784	1
12174744	12174743	2
4795916	4795915	1
3325915	3325941	1
6031945	6031946	2
6415572	11252962	1
4289632	4289631	2
2282882	2282881	1
6863083	6863071	1
12245444	12245443	1
11132735	11132736	2
4196956	4196950	1
2225151	2225152	1
9883329	9867197	1
204813	203874	1
759505	759487	2
12623027	12622980	1
12027702	12027701	1
1767015	1767018	1
1514183	1514184	2
2788880	2788879	1
1985890	1985885	1
1468678	1468675	1
2236933	2236847	1
3455861	1002553	2
6792377	6792617	2
1247208	1228119	1
804384	804381	1
6036442	6036441	1
6708443	5446139	1
5654058	5654062	1
7511916	7510757	1
8361347	8366895	2
11746968	11743111	1
4549809	4555262	1
7400759	7400760	1
4455951	4454965	1
8939054	8939053	1
6006532	6006508	1
2568414	2576277	1
7848654	7848653	1
3129700	3129699	2
10465585	3548266	1
10656803	10656805	1
1924438	1924415	1
7581501	7581504	1
3050373	3050374	3
12470173	12461487	1
3301873	3146181	2
669614	8032341	1
10485626	10485625	1
9890492	9890491	1
5343537	5343538	1
920648	920658	1
290842	12300352	1
9797099	9797100	1
7649197	7651654	1
8514903	8515124	1
1629871	1630467	1
4565369	4565370	1
7057979	7057980	1
128910	128909	1
3319648	9466679	1
417288	11394938	1
8395204	6160453	1
8746624	8746614	2
6599647	6596766	1
7520769	7488706	2
11295238	11295237	1
7609394	7607930	1
7513200	7513047	2
7986106	7986118	1
8303809	8303810	1
11395396	11395395	1
6859338	6859337	1
5302536	5302538	1
5842237	5842240	1
3259035	3263579	1
8783253	8783254	1
2741280	2741277	1
7694168	7694167	1
424379	424380	2
6179652	6179632	2
7257880	7333442	1
12764061	12764062	1
10658824	10658823	1
6674208	6673535	1
1767013	1767014	1
10503067	10502926	1
5331110	5331109	1
9866105	9896147	1
280632	8827029	2
4605665	4206423	2
5589613	5589558	1
8397478	8397477	2
565119	565120	2
9481033	5011644	1
12611771	12611772	1
11328528	11328527	2
1605975	1605976	1
10912762	10912761	1
3577420	3570703	1
5468972	5471522	2
3965558	9437162	1
12186509	12186510	1
10899106	2324862	1
6507236	3246494	3
7694331	7694392	1
7031590	7031589	2
11524887	11606751	1
1767357	1767376	1
5086529	5086530	1
4851165	4851166	1
1889899	1882467	1
4262221	12253676	1
1596691	1596692	1
6372438	6372437	1
12290056	12290055	1
11206437	11206438	1
10109647	10109701	2
4362878	6563518	2
8756422	8657286	2
11423942	11395215	1
11728869	11728870	1
11381614	11381611	2
1017251	1017252	1
7623610	7623609	1
700385	700386	1
1131368	1131367	1
4305991	4305992	1
5465149	5461891	1
12721602	12721619	1
5483148	5525072	2
401793	401794	1
1640172	1640151	1
5139501	5139502	2
6862657	6862658	1
5917184	5917207	1
3052294	3052215	1
11783415	11783416	1
5930400	5930399	1
4322415	905279	1
776992	776987	1
11719509	2853978	1
10109702	10109701	1
2600949	2148852	1
10999535	10999536	1
3923424	3935958	1
3145629	3145630	1
6466073	217123	1
7138833	7249260	1
12466525	12466526	1
9640510	9640933	1
4524394	4524393	1
5880047	5880048	1
9633662	9633659	1
11537054	11536999	1
1730432	1730431	1
2239408	2201267	1
6209583	6210605	1
7340449	7340450	2
6262870	6261642	2
9387268	9387659	2
4525909	4525968	3
7893496	7893495	1
4777142	4383139	1
87975	88235	1
11179035	11179036	1
12392462	12392461	3
7893477	7893478	1
913006	913001	1
10913131	10913132	1
10648692	10422373	1
12494918	12494917	1
6998771	6998772	1
4733342	3281429	1
10140008	10140733	1
2282886	2282881	2
10382822	10382821	2
1789790	1705919	1
9793271	9793272	1
3271002	6508155	1
4090593	4090594	1
9548225	9548228	3
4804294	4804240	1
1335939	1335931	1
7411010	7411009	1
3227697	10951597	1
8379698	8379697	1
9537756	9537755	1
7594616	7595188	1
2509181	2509182	1
7120568	7120567	1
6738488	343200	1
2120941	2120942	1
2270887	7822764	1
6385190	6385187	1
944043	944060	1
2213382	2213381	2
12474537	12474454	1
10990099	10990100	2
11534360	11532671	1
2123688	1792707	3
4587342	4587341	2
9700303	9700304	1
7454715	7454716	1
10936982	9146195	1
1630964	1630961	1
6797134	6797151	1
7515092	7515095	1
12463262	9672675	2
12694521	12694522	1
2097934	2095132	1
244013	244014	1
6092688	9444038	1
3325913	3325914	1
3569207	1443643	1
10512974	8726422	1
3229847	3229848	2
4197683	9976395	1
5527488	5527487	1
4351148	4351147	2
3653944	3653941	2
11456951	11473257	1
8429029	7821974	1
9770606	9765533	2
7826103	7826104	1
3103486	4799384	1
12719461	3958318	1
7138916	7138913	1
8385314	8385313	1
6703804	227182	2
4116295	4116303	1
6890761	6890762	1
1086338	4258302	2
10723849	10723852	3
4261344	4267430	1
1381376	1380664	1
375478	4955583	1
3668959	3668960	1
11581100	11580846	1
1243519	1243507	1
11146522	11146502	1
9393389	9393390	1
3953084	3956562	1
6896561	6896460	1
7446402	7446401	1
4305993	4305973	1
8555615	8555793	1
1612318	1612317	1
5978364	5978362	1
3726566	3726565	1
6105899	6105902	1
4116302	4116301	1
1344692	1344691	1
2813124	2813121	1
6912083	6912084	2
10510268	10510267	1
10296952	10296944	1
7372191	7372192	2
981405	981406	2
6362025	6362026	1
3754147	3874571	1
9324071	1876861	1
7424207	7424208	2
6708447	6708442	2
11340328	11340366	1
9828548	9899080	1
825496	825495	1
6729955	6729958	1
6463576	6463573	1
11903103	11903117	2
5776197	5776200	1
3513525	3513491	1
6101092	6101091	1
675606	675538	1
8581101	8581102	1
10053109	10053110	1
1599975	1599976	1
11861780	10268639	1
11493688	11493687	1
5856745	5856746	1
7528256	7526359	1
702111	949410	1
4653901	4653902	3
7725848	7591355	1
7457178	8837483	2
8921386	8922838	1
5309341	5509064	2
540283	540284	2
12154394	12151631	1
303493	292203	1
12151732	12151731	1
11885855	11885965	1
10009039	10001444	1
9635041	9622780	1
4849338	4844593	1
11048401	11048362	1
391633	390798	1
5371191	5371651	3
5210756	5210751	1
979852	979909	1
2173370	8719696	1
1215027	1215028	1
11624545	11624546	1
10214293	10214294	1
5762933	5763027	1
6776851	6776852	1
12655424	12654158	1
9701380	9701379	1
691946	692872	1
2081266	2084546	1
9317606	9317605	1
6844930	6843690	1
9516720	9516719	1
6148658	6148657	2
4132681	4132682	1
3293191	3293192	1
9463286	9758331	1
11721674	11721673	1
8655916	8655911	1
402882	402881	1
7265314	7265313	2
10762301	10762302	1
9138328	9138338	1
6612083	6612084	1
9295387	9476921	1
5015210	3378335	1
7581444	7576423	1
9812192	9812439	1
1354769	1354770	2
4257133	682668	1
8727599	10919589	1
8813673	8813674	1
3651658	3651657	1
10762303	10762304	1
5730754	5730714	2
3096954	3096970	1
3157832	3157836	1
584283	584284	1
6209494	6209493	1
1859533	1859509	1
5639834	5639924	2
4511425	4511426	1
8456095	8456096	2
1741705	1726490	2
6672832	6668245	1
8058994	8074911	1
11098046	6164713	1
5218832	5218801	1
9981138	7516027	1
6209581	6209582	1
3965558	3965557	1
10970745	10970746	1
2719714	2719713	1
7835152	1254869	1
9976394	4197683	1
1710813	1710814	1
177310	177309	1
4779441	4779442	1
11536899	11536900	1
3646256	3646255	1
6335916	6335940	1
11327286	11326900	1
4432306	4432305	1
3633292	3633279	1
10970669	10970670	1
1212615	1212618	1
988086	988104	2
9021449	9021454	1
1315260	10594308	1
790355	4817679	1
6567434	7454714	1
6284986	6265549	1
271348	271339	1
5360141	5360144	1
2270878	2270881	1
10858337	10858342	1
619051	619045	1
6408097	6377399	1
613601	613602	1
9519609	9519610	1
10237574	10237740	1
2617748	2617741	2
5094968	5058946	1
7801243	7801244	1
7548841	7548813	1
10538778	10538076	1
6811490	6811489	3
1494959	4592873	1
9700805	9694342	1
6921151	6921152	1
6362023	6362024	1
10072489	10065794	1
1259844	1259843	1
6046092	6046091	1
11514240	1253729	1
1499661	1499662	1
8515432	8515431	1
7771565	7771511	1
6442775	6424744	1
9336351	9336354	1
11643990	6439497	1
4990579	4990580	1
7573037	7573173	1
185693	185694	1
10086695	10086696	1
3378333	3378334	3
3050575	3050633	1
5525073	5558408	1
5692931	5692932	2
3210465	3210368	1
710529	710530	1
3690301	3690302	3
2264182	2264154	1
6125872	6125871	1
3328750	3328753	1
8193027	8193028	1
4610396	4610399	1
5930393	5930394	1
5569382	5472180	1
5009730	5009729	1
5896203	5896204	1
6124857	6124858	1
5183444	5183443	1
3505202	3510888	2
12245445	12245446	1
7556813	7553187	1
4808831	4809083	1
12501024	12501023	2
12174175	12173374	1
3905718	3905717	2
6029018	6132452	1
11206441	11206442	1
9723171	9723178	1
2665297	2665290	1
3058498	3066550	1
10053145	10053108	1
9486566	9486559	2
5444511	2943104	1
599814	599813	1
1692056	9635146	1
4580120	4572235	2
3827952	3827951	1
9377308	9377307	2
4527685	4527686	1
3890432	3890431	1
4323608	11307540	1
12450147	12450118	1
1882385	1934544	1
3246558	3250177	1
8345241	8345285	1
3280102	3280099	1
3328413	9465632	2
4263543	4260922	1
2556090	2556089	1
4787469	4271702	3
2758337	2757989	1
7687311	7687312	1
12361823	12361840	1
9530043	9530186	1
2145437	2147478	1
3740925	3741931	1
12763957	12763958	1
4223329	4223330	1
3615478	3615477	3
9736985	9737008	1
6608229	6607993	2
2656996	2656995	1
7949328	7949327	2
5483997	5483998	1
6628364	6628351	1
7516026	7516025	1
8655912	8655911	1
2050819	2059062	1
8939052	8939051	3
3688882	3283792	1
10512974	8726420	1
1167194	1167048	1
12721025	12721026	1
10990807	10990814	2
543549	2356351	1
12204782	12516968	1
202104	96763	1
2082216	2164423	2
8605058	8213962	2
10916487	3288859	1
6286474	6286473	2
6422306	5103231	1
7645976	7646006	1
5113236	5113251	1
7402418	7402415	1
5374432	5374431	1
6547175	6547176	1
12778539	8352952	1
10921639	6753154	1
3768137	3766273	1
8432187	8432204	1
8498141	8498142	2
2514668	2591896	1
12181943	12181944	1
1363441	1363442	2
10383830	3089855	2
6958048	6958047	1
2058046	2058045	1
1772245	1772246	1
1311086	1311075	1
4679364	4679363	1
12527172	12527169	1
9606754	2716399	1
5515886	5515965	1
7952137	7952138	1
8176134	8176131	1
8051269	8051270	2
6205319	6205273	1
7340588	7340587	1
11111305	11111306	1
9961564	9962132	1
4842890	4842871	1
5234344	5234343	1
12764063	2779823	1
4989042	4989039	1
3904322	3904321	1
4195662	4195534	2
2836180	3287515	1
244285	241149	1
2263591	2263592	1
6044429	6044430	1
5310977	5555870	1
5234346	5234345	2
5021777	5021778	1
4619715	4619717	1
3870893	3870760	2
3216749	3217010	1
5266536	5266782	1
4271842	4271839	2
5494993	5494994	1
4810412	1546832	1
9133618	9139002	1
8016674	8016671	1
445056	445055	1
12003266	12001395	3
11790507	11790508	1
10975814	11165991	1
8208792	8208791	1
12809573	12809574	1
1776610	1776609	1
6463572	8231975	1
890726	890725	1
11323608	11323605	2
11833716	11834549	1
6070382	6071666	1
1951732	1952443	1
12207370	12207369	1
9789027	9789028	1
8451475	10970639	2
8672386	8672385	1
5569693	5569886	1
12549871	12534687	1
6070136	6070117	1
10811355	10810922	1
6417367	10891079	1
3356923	3356924	1
4149082	4149081	1
12037270	12037240	2
3240092	3243967	1
1710683	1710684	2
9338392	9317239	1
11128649	11081789	1
1499659	1499660	1
3103899	3103900	1
12750263	12750310	1
10349008	10348219	1
9174767	9174768	2
6055119	6055046	1
11158610	11158564	1
619049	619050	1
532363	532336	2
4578210	4657566	1
12623027	12622976	1
11882053	11882054	1
11071437	11064854	2
4030200	4027243	1
11846487	11846488	1
4577691	4579544	1
3768137	3768138	1
366251	12308534	1
4690370	2825461	1
3828271	3828272	2
6640662	4493380	3
7284024	7284005	1
3881906	9999349	1
9327749	2998034	1
7141082	7140848	1
1744762	1744761	1
9524906	9525636	1
8556075	8556076	2
4328944	4328965	1
8247483	8247597	1
11904075	11904076	1
10550417	10550459	1
8858123	8871464	1
3501902	5090240	1
7454980	10919682	1
9566046	9566045	1
7827284	10274402	4
3657307	3657316	1
6480064	6480073	2
407389	407723	1
12236265	12235420	1
2264614	3269818	1
6179654	6179653	2
3688907	3688908	1
10109705	10109706	1
12204020	12204004	2
1533060	1533059	1
10051206	9996341	1
9878592	9878439	1
10326856	10326855	1
11627531	11627579	1
9065480	9071484	2
2378518	2390588	1
10441802	10441799	1
8873949	8873950	1
3686897	3686898	2
2015021	2037646	1
7067361	7067362	1
1772247	1772248	1
12617936	12617890	2
5952765	5952767	1
4319329	4319330	1
7340922	7339097	1
10287527	10287528	1
4275935	4281352	1
8894616	8894325	1
7107036	7106768	1
10330129	8817981	1
7639784	7639814	1
8885580	2461958	1
10704467	10704468	1
9598294	9608735	1
2750387	2750388	1
5312593	5312594	1
6044549	6044550	1
7144920	7144919	1
1660851	1660695	2
7750719	7750715	1
903955	5292021	1
7369620	7369619	1
4263584	4263581	1
11689137	11689138	1
5249332	5242341	1
4831726	4831685	1
10683063	10683233	1
3688891	3688892	1
1736199	1736200	1
3670332	3671063	1
1076744	1076743	1
11509550	11509549	1
9131406	9131409	1
8446936	8446844	1
10989367	10989368	4
8990920	8990919	1
9519611	9519612	1
9499831	9499832	1
4819899	865570	1
2537619	2602120	1
9487684	12371109	1
3615443	3615444	1
2581621	2581622	4
11534327	1033702	1
5503647	5522250	1
5803249	5782778	1
8642877	8631128	1
7072859	7072860	1
10352638	226586	1
12811964	12811961	1
11909319	11909511	1
8681801	4783898	1
619047	619048	1
4425162	4432307	1
4729582	4729522	2
7070459	7076433	1
4786378	4786336	1
11069948	11057077	1
12522391	12606518	1
5668980	5655481	2
4432581	4148721	1
2808253	2808254	1
7924810	7924809	1
8371433	8371434	1
63621	63622	1
3756835	3756838	1
6289312	6281053	1
9345123	4115290	1
9429423	9327235	1
1859120	1863952	1
1896426	1896417	1
7644455	7644456	1
4792352	4792266	2
11495445	11491895	2
9681179	9683636	1
6257610	6257609	1
12529541	12529493	1
11520657	11520658	1
10069607	10069610	1
9116009	9116010	1
1178150	1178174	1
1093135	1093251	1
5856743	5856744	2
11890829	11890830	1
5880041	5880046	1
6642755	6642756	1
3913681	3913682	2
8129295	8129216	1
9260849	9260850	1
5596598	5596597	1
11474258	7296684	1
6979720	6975451	2
3764525	3764526	1
9797097	9797098	1
3652619	3652620	1
8189646	8189643	1
3740923	3740924	1
4505606	4505609	1
11422343	11422344	1
7917194	7917191	1
11580847	11580848	1
4404838	4404841	1
10325101	10325130	1
5681373	5681438	1
6407972	6407939	1
12428361	12429682	1
10077767	10077772	1
3427522	3427817	1
8304341	3905719	2
7772170	7772236	1
3495619	3495620	1
5098491	7844743	1
12459033	12360520	1
7848658	7848655	2
11964575	12281295	1
6696843	6696844	1
4854164	4854163	1
1365782	1365916	2
8542583	8542604	1
6781741	6784130	1
4941632	4941631	1
4133573	4133574	1
12477919	12477920	3
5302539	5302544	1
6167760	6167744	1
5880049	5880050	1
5759181	5759182	1
2640113	2640118	3
7942919	7940111	1
8483522	8483525	1
8980610	8982446	1
11093210	11090342	2
8540749	8540750	1
12317317	12317318	1
5506859	5506860	1
9440544	9441394	1
10969983	10969992	1
7419463	10381194	1
11315422	11315421	1
9533991	9533992	1
6445554	8076464	1
7839074	7839073	1
7941462	7943139	1
7822844	7822843	1
2730144	2728980	1
1660694	1660693	1
12312739	12312740	3
7289865	7289866	1
4613431	4613432	1
1884236	1887479	2
2247129	10974073	1
7980835	848747	1
6703804	227184	1
1314967	1314794	1
4851167	4851168	1
7433460	7433457	1
5770537	5770625	1
12174746	12174745	2
7242330	7232775	1
10757565	10757596	1
6408081	6408082	2
7953483	7953481	1
3692338	3691138	1
5859827	5859828	1
3067755	3067756	3
356285	4361275	1
7165692	7165710	1
9747305	9739248	1
10077764	10077761	1
1993975	1993976	2
2164228	2164227	1
1457975	1457968	1
6907995	6907996	1
2851049	2851050	1
10199623	10199624	1
9310315	9360666	2
1776400	1776395	1
6549005	2993969	1
7241866	7241865	2
1611102	4090590	1
6629571	2830398	1
10085168	10085171	1
3144927	3144766	1
6181249	6181250	1
2347026	2347133	1
3190832	3190831	1
3997982	3997981	1
1309438	1309458	1
1514185	1514228	2
7765938	7765937	1
12466303	12199286	1
9633728	12796000	2
6385190	6385189	1
7511869	7576900	2
3120400	3120399	2
6510909	357389	1
1730434	1730433	1
9778103	9778104	1
7520213	7526689	2
5326576	5327269	1
5288217	5288218	2
6275087	6275088	1
1316040	12183980	1
2561702	2442417	1
8058323	8058324	2
11465649	11475199	1
12151632	12151631	3
447351	447352	1
4609676	4612286	1
9949898	9929969	1
7810213	12164011	1
5324449	5324450	1
882130	882241	1
4324470	4324469	1
12392460	12392459	2
12662127	12662128	3
5649240	170127	1
7393644	7393643	1
1559450	1607674	1
2086243	2086246	2
3982971	3982972	2
821027	471545	2
8672406	8672543	1
10469849	10469850	1
8515635	8515636	1
4666047	4666056	1
589543	7185672	1
11537676	11528414	3
3340828	3340847	1
2000798	2000797	1
3781563	3781564	2
10112864	10112863	1
9269682	9269681	1
5119611	10800767	1
11276	8091	1
6690155	6690165	1
7313728	7287039	1
3544115	7451326	1
4469839	4469840	1
6604149	6604150	1
4625878	4625877	1
3440100	3440099	1
8746126	8746119	1
4549807	4549808	1
1148785	1148786	1
8790971	8791031	1
3948902	3948899	1
11013070	6750598	1
741602	871810	1
9731137	12459640	1
3470901	3470258	1
10301291	10301294	2
11924774	11924773	1
2266236	2263584	1
6729955	6729956	1
5392343	5390391	1
1294334	1294333	2
1667287	1667288	1
7394823	11532112	1
5200942	5200937	1
9563994	9563993	2
6890765	6890766	1
3252349	3252350	1
10684893	10684907	1
11250019	11250020	1
9026301	9155107	1
887151	909662	1
3288250	3288249	2
7870708	7957504	1
4223323	4223326	1
7050798	7050795	1
2837485	2837546	1
4496132	4496131	1
7364040	7364010	1
8285494	8285483	1
10880776	10880775	1
4338036	4338035	1
3249714	3249713	1
10795718	10795704	1
7451327	7451329	1
1830070	11877567	1
1554947	1554948	1
3301873	3146179	1
4160690	4160687	1
3235827	4820640	1
11607311	6625749	1
9898423	9991399	1
11093683	11093684	1
6604147	6604148	1
1037396	1037338	1
11607883	11607751	1
8468789	3657306	1
1251923	1255085	1
6593850	6593849	1
7459546	7459577	1
3999904	3862935	1
7905590	7905573	1
2636334	2636375	1
7379443	7438377	1
5701238	5701237	1
6044415	6044430	1
4715876	4715875	1
6176413	6176418	1
8378127	8378129	1
856776	857545	1
1804061	1804201	1
8051267	8051268	2
9926276	10040199	1
4136399	4136400	1
8384099	8387456	1
3205021	3205022	2
1827993	1827994	1
3395547	3395548	1
7704611	7723295	1
12269967	12270004	1
5584922	5584076	1
5744075	5744076	1
10274503	10274504	1
1037396	1037340	1
4521109	4525460	1
12233270	12233267	1
6787502	6787487	2
7767314	4203708	1
2249192	2249216	1
9694960	9694953	1
3740219	3740216	1
1532328	1573645	1
12392863	12392864	1
11924583	11924980	1
12631405	12631406	1
8759947	8759948	1
6596343	6596344	1
2582160	2582159	3
8583896	8583895	2
11434741	11434882	1
7424203	7424206	1
9584065	9584158	2
11063507	2375288	1
1354773	1340674	1
10113951	10113198	2
6385188	6383979	1
9080606	9080605	2
9622948	7896282	4
3546187	5999461	1
1173322	1173321	2
12724941	11011270	1
3660127	3852040	1
370239	391203	1
11625009	11625010	1
2293957	2293960	1
2390589	2390590	2
586972	586971	2
4953602	4953601	1
9793086	9790179	3
3726566	3726563	1
1164371	1164372	2
2133157	2133153	2
5813433	5813655	1
1667290	1667289	1
12233268	12233267	1
8066116	8066108	2
452768	452767	2
7410649	7410657	1
3519661	3519662	1
191180	191179	1
4385306	4385305	1
11083229	11076453	1
1753421	7917195	3
3719031	3653067	1
10813278	10813288	2
5492586	5492585	1
4792356	4792266	1
3825613	3825614	1
3120398	3120891	1
3246670	3246673	1
9847790	9847789	1
3294969	12561098	1
5623761	5623762	2
11806671	11806672	2
10392914	10392912	1
1630964	1630963	1
10556719	998268	1
3890434	3890433	1
4839327	4839309	1
9604485	4112428	1
254081	11201985	1
11878668	11878667	1
4359678	4163680	1
7289863	7289864	1
2368320	2368319	1
6538190	6538189	1
4205382	4205377	1
9429409	9429422	1
11464491	11464489	1
1827997	1827980	1
633715	633692	1
208405	208397	1
8322987	8322988	1
11736023	11736029	1
1700260	1700177	2
5428894	2934346	1
6504914	6504913	2
3993987	3993990	1
5577369	5577311	1
9090445	7179364	1
6425948	6426015	3
5827189	5827192	1
8411210	8411209	1
2595689	2595692	1
11856848	10024907	1
12659593	12659780	1
9590976	9590975	2
961262	961265	1
7223514	7223513	1
6276081	6281941	2
4347429	136226	1
9812681	7715928	1
6358229	6360689	2
8784274	8784273	1
11162558	11164658	1
5248944	2812178	1
6127580	6127609	1
11979436	11979435	1
3680881	3680882	1
10836021	10836024	1
586219	788484	1
11504090	11503777	1
1922801	1923327	2
8560793	8560794	1
10122775	10122610	3
2237956	2237850	1
10441800	10441799	6
12495995	12496000	1
4581747	4580503	1
6811488	6811487	3
9079511	9079512	2
2656994	2656991	1
6407970	6407939	1
707502	914647	1
3726564	3726563	1
6160694	6002703	1
4281868	4281867	1
7820077	7820072	1
8157484	11260342	2
5744077	5722782	1
8527185	8527186	1
6861233	6861234	1
7158430	7158429	2
8392068	6151870	1
11127014	11127004	1
7714300	7714291	1
7964067	12319389	1
1664098	1668606	1
8065868	8065865	1
10714883	10714841	1
7744697	7764234	1
1739345	1739346	1
11564398	11571278	1
3252347	3252348	1
8888698	8888697	2
4025149	4029332	2
7400066	7400065	1
4198461	897530	1
2836993	2830764	1
11185692	11185777	1
4729584	4729583	2
3587116	3587115	1
7030633	7030691	3
5522684	5518275	1
4740225	4740243	1
7074673	7078687	1
2622570	2622569	1
6729957	6729958	1
9544259	9553317	1
10147775	7561065	1
5101601	6341479	1
2451113	2451114	1
7986605	7986606	1
2192744	2192743	1
3827966	3827965	2
1299657	1298177	1
6188484	6188483	1
5859829	5852652	1
2568414	2576279	2
6690153	6690165	2
6702857	6710184	2
100813	103733	1
9155105	9155106	1
8305343	8305344	1
9600407	9600509	1
5915474	5915473	1
4567190	4567187	1
335254	335253	1
526679	452864	1
11354822	11354821	1
2617740	2617739	1
3873189	3873190	1
5792638	5792634	2
12422491	12423622	1
6293215	6293216	1
6385190	6383979	1
5669613	5667685	1
4606370	4606369	2
9584159	9584160	2
8551288	1161498	1
12593180	12593177	1
4537403	4537556	1
3288248	3288245	1
6366927	4844577	1
1616542	1667211	1
306653	306654	1
7943524	7943632	1
1555797	1555818	1
6026916	6026915	1
4539180	4539179	1
9658157	9658158	1
5145602	5145912	2
2961688	2961710	1
6312721	6312717	3
11336683	11318320	1
940159	940690	1
11718388	11718387	2
3728686	3728685	1
6180577	6180578	1
8453972	8453652	1
6755493	6755494	1
1596418	4789503	1
8002696	8002695	1
5751677	12368257	1
3931351	3931352	1
11171567	8925979	2
8348722	8348721	1
3437673	1180963	1
6181793	6181794	1
11695787	11695833	1
11522146	6890535	1
12778550	12778538	1
11917016	11917052	1
7758128	6631033	1
8487862	8487859	1
12606924	950558	1
9819281	9819282	1
4824786	4824785	1
6331453	4987243	1
11871664	11871663	1
8377406	8348721	1
3001984	3002153	1
11501961	8502488	1
6657406	6656858	1
3645255	3660289	1
10491706	10493452	1
942607	942608	1
8244681	8244682	1
4653909	4653910	1
3252499	6515589	1
7905587	7905591	1
8429422	8429765	1
6508029	6507337	1
4733457	4733458	1
4007260	4007259	1
10214565	10214621	1
8053345	8053346	1
1255766	1255677	1
8411208	8411205	1
12616392	12616391	1
9175750	9175747	1
2465173	2465174	1
3568259	3570466	1
749351	749365	1
1017247	1017248	1
8600403	8600404	1
11572186	11572185	1
10292698	10292697	1
3680883	3680884	1
9598352	9598377	2
4385304	4442435	1
5046217	5056095	1
4055436	9346883	1
4634782	6402391	1
3862934	3862938	1
10140006	10140009	1
10282761	10282762	2
4833244	4812715	1
12523133	12523013	1
4709825	4709601	1
5826904	5826898	1
9473163	9519608	1
8783249	8783254	1
11668741	5706741	1
5364394	5364393	1
12474531	12474456	1
11146524	11146523	1
8466337	8466338	1
2147483	2147484	1
10162010	10160093	1
3352098	9799547	1
12634843	12634838	1
7446383	7446403	1
9465982	9465981	1
9315875	9315831	1
3965925	2252962	1
4573570	4557778	1
3827968	3827967	2
2278764	2246091	1
8057867	8058570	2
4251742	4251741	2
1601142	1601145	1
565121	11601605	1
4879926	4879925	2
10663089	288089	1
48180	48171	1
3731696	3731695	1
11580849	11580850	1
5362866	5362865	1
7664850	7667965	2
6932096	6881580	1
10018763	10018725	1
10875508	10875507	1
12515863	12515864	1
4689405	4695560	1
482671	483017	1
8918337	11085014	2
3251744	3251743	1
3873614	3873613	1
7549232	7549342	1
11739058	11739057	2
6397560	6584040	1
932681	932682	1
5245590	5245589	2
4208033	4208034	1
11718386	11718385	1
807022	806965	1
3259808	3259854	1
4947704	4947664	1
5041065	5041066	1
6188486	6188485	1
6588652	6585865	1
10645393	10645394	1
1037339	1037340	1
9726149	9726098	1
471544	471543	1
4538820	4538819	1
12599277	12599278	2
9544614	9235280	1
4833244	4812717	1
8363518	8363517	1
5537123	5539486	2
11871568	11871665	1
11772741	11772742	1
2996024	2996023	1
3002482	6618556	1
11148945	11148957	1
5200936	5200973	2
10157215	10157216	1
8928241	8928242	1
5875698	5890006	1
7730417	7448359	1
616406	616450	1
11719507	11719508	2
8556077	8556078	2
12806335	12806336	1
9865173	9862650	1
3609966	3609965	1
2758572	2808633	1
12474455	12474456	1
5749336	5749341	1
7870106	7870105	1
9028023	9026771	1
10880778	10880777	1
6956740	6946606	1
5719739	11963540	1
5363347	5363348	1
4601408	4601405	1
2448908	2318816	1
8924112	8818962	1
1490324	1490323	1
882242	882241	1
4506863	827267	1
11425465	11425466	1
5112897	5113372	1
3256710	3256680	1
1738045	1738038	1
9430096	11689136	1
3246672	3246671	1
10961389	10961390	1
3447638	3447637	1
2269351	2269353	1
11871912	11871911	1
8016676	8016675	1
8559771	8559804	1
2622715	2622716	1
203202	6958049	1
109095	109120	1
10777448	10777447	3
12181945	12181946	1
7699035	7699036	3
8295904	8295901	2
5995653	5995081	1
10910425	10990098	1
8783728	8783727	2
8290895	8290896	1
2585335	2594137	2
7424231	7424232	3
7207484	7207483	1
4399129	933403	1
8516178	8516177	1
4059506	4059355	1
5634456	5634451	1
6179892	11179034	1
8551956	8551955	2
2225150	2225147	1
11642487	11642506	1
5670587	5670220	1
5899051	5899052	1
8427540	8427539	1
1619199	1619446	2
11511996	8498140	1
12315045	757837	1
10441802	10441801	4
12412169	12761692	1
12404986	12404860	1
7717482	7717481	1
6446146	6280334	2
1074616	1080836	2
7986601	7986604	1
1223450	1223471	1
3378329	3378332	5
1596816	1596815	2
3128666	3131190	1
3007851	4715891	1
10485628	10485627	1
3360097	6170457	1
5770535	5770536	2
9159562	9158812	2
5654058	5654057	1
3982973	3982974	2
10077766	10077765	1
3879156	3879155	3
5701236	5700546	1
7417503	7417511	1
11852550	11852549	1
11116811	11114836	1
10196798	10196841	1
2537330	2536071	3
6798217	6817044	3
96419	96420	1
6148304	8395927	2
4196953	4196974	2
8604202	8601975	1
1287131	1287132	1
9676032	9676031	1
5576591	10998143	1
3941432	6192414	2
12048288	12003701	1
3752041	3752042	1
5145470	5145467	1
7307762	7307761	1
7037483	7037120	1
6493576	6493599	1
11743110	11743109	1
185695	187887	1
4739013	4739014	1
9076088	9076176	2
12174748	12174747	4
8693548	4070897	2
4586729	4586730	2
8348720	8348719	2
1912063	1912068	1
7138833	7249258	1
5754133	5754151	1
1804061	1804062	1
6356720	6356719	1
836953	836954	1
863539	863540	1
7964398	7904646	1
8374131	8374132	2
5770547	5770548	2
7443046	7443115	1
6946033	6946034	1
7037151	7037152	1
1463306	1463311	1
5525737	5525738	1
2263464	2263463	4
332871	2345195	1
2229232	2252593	1
1979017	1979018	1
1307483	4261632	1
6335611	6335529	1
624125	625652	1
10676800	10676799	1
1009275	1252946	1
1531349	1531350	1
6734267	6734206	1
7773475	11852857	2
2793654	2793653	1
4057184	4057253	2
704727	704728	1
10970665	10970674	1
8377827	8377753	2
5216007	5216008	4
1734225	1734226	1
1042461	1042462	1
4569979	4569980	1
10382820	10382782	1
2425090	2425089	1
12371694	12371693	1
977682	977525	1
9996340	9996339	2
4722134	4722133	1
4572938	4572937	1
3655920	3653945	1
11356475	4346522	1
11607310	5416513	1
9038672	9039219	1
6874799	6874800	1
10757597	10757595	1
9823562	9823537	1
8377406	8348723	1
1540145	1538964	1
921051	7984775	1
2756240	2756254	1
4115636	4115722	1
8306609	8306612	1
3104380	3104382	1
8186127	8186128	1
7421034	7420136	1
700387	700388	1
1843549	1843550	1
4812716	4812715	1
10616540	10616547	1
7810215	12164011	1
768044	768025	2
3709569	3709570	3
6651054	6691472	1
11305587	11357652	2
6246723	6246727	1
7033210	7033205	1
6656231	6656232	1
12328924	12147803	2
10698156	10698125	1
7536665	9978492	1
2729491	2748762	1
2374591	2374592	1
532057	532058	2
7580478	7580475	1
11425391	11425392	1
12726084	12541803	1
12811430	12811154	1
3437914	3437927	1
1376386	1376385	1
3229849	6035584	1
11206418	11206417	1
11497894	11531807	1
6148660	6148659	2
1577087	12518971	1
11096938	11096937	2
35283	35200	1
6411289	6410976	1
5763053	5763054	1
10989369	10989372	3
798103	811140	1
1746001	1746002	1
6016267	6016268	1
5098491	5098494	1
930954	930953	2
11395398	11395397	2
8292172	8292334	1
12719460	12719457	1
913006	913005	2
7830068	7830045	2
4229137	4230530	1
3792877	3792878	2
2943105	2943106	1
11871568	11871663	2
4946625	4946679	1
7253082	7253081	2
11488224	2727136	2
11867554	8028634	1
9079513	9079514	1
5200942	5200941	1
11205728	6494216	1
128924	128923	1
9563992	9563991	2
7066854	7067621	1
8395206	8395205	1
10721807	10721808	1
9082936	9086167	1
4038396	4038661	2
4705973	4705974	1
5474532	5474531	2
2238535	7758332	1
3773776	3773785	2
8534714	8529572	1
11276827	11277544	1
1613876	1613875	1
2792965	2792958	3
1822931	1823040	1
2239629	2241976	1
5471523	5471524	2
5622703	8070026	2
4598314	4598313	1
12732484	12732483	3
4377371	4377372	1
2245301	2226080	1
1305218	12317316	1
10415392	10557395	1
5283206	5283205	1
7998591	7998599	1
3086912	3086911	1
9079781	9162167	2
11826760	11826738	2
8208046	8187959	2
6288653	6288638	1
9700805	9700806	1
4391764	4391763	2
3709571	3709486	3
8129293	8129294	1
3688891	3688919	1
1770148	4545717	2
5542199	5542185	1
11210919	10367809	2
3609968	3609967	1
12610635	12609843	1
5453540	2921915	1
10806813	10806930	2
2137968	2068610	1
3678764	3660695	1
5515964	5515963	1
9953396	9953419	1
6811494	6811491	3
10274501	10274502	1
2727597	2727598	1
12781515	12782331	1
8998712	8998711	1
467020	467017	1
2811453	2811454	1
6563532	6563523	2
3980186	3980214	1
8013186	8013185	3
7442666	7445454	1
3315962	3315961	1
3065266	3065265	2
12754174	12760121	1
6538188	2991686	1
9249988	9249987	2
4949982	68988	1
1710685	1710686	1
11447672	11441917	1
11627533	11627579	1
10760080	10763379	1
4904237	4904238	1
3722587	12690783	2
10972134	11192043	1
8738724	8738723	4
5494995	5494998	1
12015834	12015831	1
4610349	4610350	2
2334391	2334394	1
2264149	2264150	1
1070016	1069982	1
7553551	7553552	3
6272935	6272936	2
3797795	3875388	1
9131412	9131407	1
11456549	11456550	3
3749555	3749556	1
9883322	9883321	2
8630070	8630069	1
5098495	7844743	2
11628986	11628985	1
8672388	8672387	1
2415721	2415722	2
5181993	5181996	2
7769762	7769761	1
10727326	10727204	1
8271387	8271388	2
295668	295667	1
1219509	1219111	1
6890534	11522147	1
3728688	3728687	1
3633374	3631655	1
3103901	3103902	1
1368251	1383534	1
2086657	2086609	1
7486237	7486238	1
1828594	1828589	1
10638261	10627270	1
4251740	4251739	2
9234077	9234078	3
7327808	7327803	1
7205998	7207475	1
3637262	9951026	1
11731276	11731275	1
4748473	4748474	1
12755977	12755980	1
7998598	7998597	1
8659672	8659669	1
7371766	7375033	2
11342754	11346376	1
8664142	3358794	1
3251746	3251745	1
7844303	7847470	1
7107038	7107037	1
6767069	6765176	1
5355312	5355401	1
7712822	7712821	1
10769392	11549101	1
927756	7881179	1
3484276	3418098	1
3271155	3271156	1
3935959	3935960	1
9393393	9392476	1
3062825	3062711	1
1136518	1135233	1
746616	940158	1
6523145	6523148	1
10077767	10077770	1
5262045	5262046	1
5616900	5616899	1
11072498	11145659	1
2786505	2786506	1
7753122	11928981	1
10644486	10644485	1
1386739	1386752	2
2857606	2879219	1
7561066	7561065	1
7842436	7842435	1
2293961	2293962	1
41961	191042	1
5533593	5533594	1
11446907	6793644	2
3941179	3941170	2
8826602	8826605	1
7659933	7653472	1
7457180	8837483	1
7017268	7017256	1
10347113	10347114	1
7289867	7290114	1
2407208	2407182	1
4130301	4836098	1
3336447	3336389	1
7367347	7367348	1
6269015	6269016	1
5965868	5854418	1
9643919	9643820	1
7903721	7903722	1
5634450	5634453	1
2529553	2529556	1
8390737	8397477	2
9005109	9005110	2
3825599	3825612	2
5226532	4804240	1
3099475	3099476	1
9418184	9418199	1
3207223	3207224	1
6690151	6690152	3
10912764	10912763	1
6612354	6618101	1
4500234	4498401	1
12631045	12631046	1
8112935	8112774	1
7472714	7472713	1
4587444	4587443	2
759530	759529	1
6133542	6133541	1
6372440	6372439	1
1761149	1761830	1
2815737	2815738	1
8389098	8389097	3
3666813	9905855	2
3668961	3668968	1
11036289	10982460	1
12599273	12599276	3
5796350	5796349	1
3039013	3167093	2
7871496	7873841	2
193726	194012	2
5813433	5813653	1
4263984	4265981	1
11205291	11205339	1
88231	88232	1
4521109	4521110	1
1452523	1452059	1
3231325	3231338	1
7555223	7555224	1
6510307	6510296	1
6436185	6436189	1
5098493	5098494	1
142976	197772	1
6871209	6869522	1
12228337	12247179	1
2359180	2363495	1
9635129	9635130	1
11325369	11366486	1
8397893	6135700	1
11446205	11446206	1
3739626	3739625	1
6143433	6143434	4
7037481	7037482	1
2326100	2182469	1
4470221	4274069	2
1741827	1729434	1
2876870	2876869	1
8251976	8261254	2
12647701	12647702	1
10212302	10212111	1
1073247	1073444	1
5358975	5358976	1
2320862	2459644	1
9771123	9771124	1
299736	299735	1
9317265	9317249	1
9548229	9548230	1
12182379	12182236	1
9817668	9902398	1
8159951	8159920	1
6178650	6178649	1
6413542	6413545	3
6677297	6677298	1
6350384	6350383	1
5436596	5436595	2
11451490	11451487	1
7188283	7188284	1
4372668	4372667	1
1727743	1727744	2
3517453	5632144	1
1490350	1490349	2
7986562	7995326	1
10212110	513782	1
9131406	9131335	1
10200325	10200176	2
4238408	4238358	2
4583619	4580425	1
266815	266816	2
7135245	7069442	1
2834424	2834410	1
3692340	3692339	1
4809082	4809081	2
7991928	7991925	1
774189	774190	1
1389428	1389497	1
5155092	5138967	1
4790051	4272017	1
8553438	8553437	1
202106	202105	1
3707226	3707225	2
7061233	10439826	1
11132737	11132738	2
8673881	8673882	1
1559451	1567203	3
797856	578035	1
3385707	3385694	2
9850105	9850106	1
565121	565122	1
4946675	4946676	1
1738250	1738249	1
11217501	11132782	1
11797667	7635713	1
2238307	2238308	1
5388054	5378015	2
3400411	3400412	1
1131599	1131577	1
12627244	12627243	1
6114062	6114061	1
5283504	5283539	1
4780834	4601011	2
2434835	2434836	1
12527168	12527167	1
5927693	5927694	1
6148783	6148784	1
6541947	6541948	1
1190575	1190576	1
5671075	5671076	2
4304062	4303297	1
448763	448764	1
1050594	1050593	2
710013	750821	1
7296456	7271926	2
6867273	6867254	2
5470616	5469123	1
1479164	1479163	2
2740161	2740162	1
9621561	9621642	1
10320676	10320723	2
6616549	6616550	1
4104835	4104860	1
6320368	6318816	1
9421697	9427069	1
10330127	10330128	1
1479162	1483839	1
3277541	9526556	1
8109689	8109674	1
7081728	7088296	1
9109190	9116212	1
4176456	4176455	1
3602745	3633156	2
4469134	4469133	1
4441687	4441646	1
3293193	3293194	2
6158524	6158529	1
3087071	3087072	1
11100494	11100497	1
3978620	3978619	1
3697279	3697280	1
4174601	4174567	1
3585102	3585101	1
6167743	6167744	1
96672	7657944	1
9336351	9336352	2
899729	899730	1
6958787	6958788	2
3901203	3879880	1
309812	523987	1
11456551	11457044	2
12664037	12664038	3
1827983	1827984	1
12528404	12528403	1
7568584	7568583	1
9900515	9900516	3
3930596	10996305	1
5470203	5470235	1
5360655	5360656	2
11071435	11064854	1
11861782	11861781	1
1023035	1023036	2
11422345	11422346	1
1226469	1226449	1
12369599	6185028	1
7072346	7072349	1
9722976	9722975	1
11221584	11221575	1
5326031	5326024	1
10162012	10162011	1
9635277	9635282	1
7949329	7949348	1
8096518	8096517	3
9736013	9735983	1
227529	227496	1
5302537	5300759	1
4611754	4610397	1
12616394	12616393	2
7207482	7207485	1
759490	759577	1
12732486	12732485	3
10317737	10314797	1
12565458	12555970	1
12378110	12377780	1
6843663	6843551	1
2061224	2061223	1
1110859	1110860	1
6208875	6208878	1
7801237	7801238	2
757836	757835	1
996083	1835695	1
1142993	7446308	1
3213770	3213769	3
1400540	1400539	2
431415	8873970	2
8664142	3358798	1
12141678	12143399	1
1335930	1335935	1
8629892	8629890	2
11079027	11079028	1
1533120	1531219	1
1424544	1499795	1
9421601	9421821	1
4271574	4271573	1
10308515	1926058	1
11412466	11412481	1
10757563	10757564	1
11635189	11635190	1
7239842	7239817	2
2267697	2267698	2
3391224	6419921	1
10261067	10267157	2
4230248	4255957	1
775774	775773	1
4767145	4767146	1
10349182	10349181	1
5854420	5854419	3
12790690	12481608	1
4044829	1663430	1
6217852	1983399	1
440241	440242	1
1983979	1983980	1
8672258	8672407	1
11597484	11601929	1
7488707	7488708	1
11783413	11783414	1
11719507	2853978	1
6507401	6507402	1
956829	7861806	1
3774634	3774633	1
1552726	1552891	1
10732148	10735507	1
4807259	4807266	1
3749557	3743973	1
5896569	5896570	1
10676829	10676830	2
3697281	3697282	1
5813654	5813653	1
10122613	10115015	1
6185901	6185902	1
6035305	3228740	1
11613486	11615140	1
10749578	443036	1
1601144	1601143	1
9729035	10213285	1
4505608	4505583	1
5098493	7844743	1
7738324	7707025	1
4271578	4271577	1
1173320	1173216	1
11924772	11922776	1
1619175	1619178	3
12033880	12033877	1
3972930	3972959	1
6984572	6984538	1
7942917	7942918	1
3159094	3159087	1
6187857	6187665	1
6694617	5282875	1
5999871	6094156	2
9582016	9582015	1
5587039	5587318	1
2440771	2440780	1
1302945	1301193	1
5475182	5475181	2
8385351	8385352	2
775987	775988	1
1354771	1354772	2
3024829	3024881	1
9077387	9077388	1
1367668	1367665	1
4262494	4262493	1
9793273	9793274	1
3210459	3210460	1
8065039	8065296	1
2104460	10891268	3
830361	3527872	1
4537064	4537063	1
10683720	10683712	1
2955591	2955483	1
2754423	2754410	1
10350702	10350701	1
8304339	8304340	2
1229525	1243640	1
6534083	6532605	1
9782159	9782160	1
565123	11601605	1
5246173	5245227	1
11445387	11445376	1
1611474	1613877	1
3602723	3602744	1
6674208	6674207	1
827381	827386	1
11347547	7086026	1
2226429	2230066	2
9022481	9139128	1
12377167	12377168	1
12015883	12015014	1
6066707	6066708	1
9790178	9790177	2
11806673	11806674	1
7410964	7411011	1
12661996	12661995	1
3358795	3358798	1
12308533	12308534	2
7457180	7457179	2
7520213	7520214	2
8671664	8754154	2
2128077	2128083	1
8051271	8051272	2
473727	10724301	1
632232	632231	2
5313877	2560363	1
4573524	4573575	1
8710594	8710593	1
5125275	5124190	3
3797793	3797794	2
2042445	2042446	2
447353	448762	1
3246320	3251420	1
5918729	5819824	1
5417924	5417923	1
12617891	12617892	2
9465980	9465979	1
6825455	8040851	1
5437482	5436597	2
3766272	3766271	2
7766593	7766190	1
739647	739626	1
2126991	2134714	1
6440695	6441405	1
9533989	9533990	2
10292702	10292697	1
4205384	4205383	1
6430284	7932721	1
3651047	3650504	1
5440246	5440236	1
4263226	7811151	1
6836085	6836086	2
11674279	11674323	1
3146180	3146179	2
5620414	8651577	1
2468579	2468004	1
8560795	9340760	1
11656155	11652866	1
5755761	5755808	2
6571988	6617652	2
3404039	3404042	1
11846485	11846486	1
9839086	9839083	2
8504755	8526808	1
7765929	7765939	1
9156048	9156045	2
99823	98643	1
7725897	7725898	1
164548	6127091	1
6666507	6666508	2
5162836	5162835	2
6032694	6032693	1
12613036	12405166	1
3733325	3733326	1
5523069	5523070	1
10479008	10479005	1
7528645	7528668	1
1994973	1994976	1
7486231	7486236	1
9461778	9461736	3
1790587	7108047	1
190515	190516	1
11315420	4346303	1
10721596	10721595	2
2247127	2247128	1
7138831	7138832	2
9236215	9236216	1
10338722	10338731	1
7100320	8392612	1
12572965	12572973	1
11892873	11892882	1
1135229	1135232	3
7231056	7231055	1
12207318	12207317	1
7867574	7867573	1
6410507	6410508	1
7500037	7500038	1
10857242	10858448	1
7994211	7994214	1
142978	142977	1
3790439	3790440	1
72728	72727	1
4523229	4523213	1
5321998	5322008	1
2533262	2534716	1
7372197	7372190	1
2294651	2294658	1
69477	69478	1
7375024	7436137	1
1822909	1824160	1
12509602	12505476	1
4520124	4520123	2
10390256	10390197	2
10101521	10101522	1
1912039	1912040	2
10970671	10970674	2
7158428	7158453	1
8416897	8416885	1
11983161	11982324	1
3385695	3385698	2
6508057	6508058	1
4587442	1711328	1
6391963	6391966	1
586974	586973	2
9465420	9465419	2
4838306	4838305	3
3269740	3269739	1
10397741	10395939	1
7822849	7822845	1
7175635	7175618	1
12193634	12194217	2
759167	759168	2
12290157	4275971	1
6457710	11305161	1
1422049	1422050	1
5576614	5576613	1
4541519	1767012	1
10419689	9014345	1
6998773	6998774	1
10087295	10122774	2
2688637	2682125	1
1846709	1846710	2
12312736	12312735	1
9941205	9941972	1
11250017	11250018	1
8835396	8835289	1
1034057	1034058	1
8928243	4054291	2
2467326	2467650	1
6649327	6649328	1
7786124	7786127	1
9139003	9139004	1
1504359	1503759	1
7313730	7313729	2
8659670	8659669	1
3664726	3664725	1
3101652	3563446	1
191110	190514	1
1109148	1109136	1
11850930	11850929	3
3050375	3050376	3
10573720	10573688	1
11847779	11847782	1
6171746	6171745	1
8996302	8806823	1
12805961	12805962	2
2581623	11510049	2
2815967	2815968	1
7070459	7076431	1
12235272	12235305	1
10593578	10593577	1
269783	269767	1
5525735	5525736	1
882130	882243	1
658921	754426	2
7915173	7915174	2
12353719	12306569	1
5868057	8190057	1
3825571	3825539	1
7308780	7309320	1
3982969	3982970	1
3643784	3643717	3
9961927	9961928	1
654143	653297	2
11485578	11325461	2
7207474	7207473	1
3999904	3862938	1
9536148	9535179	2
3688893	3688919	1
335906	340286	1
3936456	3936455	1
7913174	7913173	1
6538190	2991686	1
6756917	6786590	1
719185	718264	1
12694519	12694520	1
7409118	7409098	1
10110744	10109790	4
3672394	3672391	1
4016738	4017336	1
6543273	6543274	1
7810213	7810214	1
1745587	1745588	1
5525735	5525738	1
5043500	11660120	2
3670332	3670331	1
10137116	10137115	1
4281862	4281859	1
10051206	9996339	1
5012003	5012009	1
5295404	5295239	1
4951271	5185386	1
1043758	1050243	1
1527041	1556740	1
9750119	9750139	1
2961681	2961713	2
4779443	4779444	1
12289557	12289560	1
1286103	1286104	1
6788879	6788880	1
8702429	4122307	1
2585956	2585955	2
5288219	5286722	1
10875504	10875507	1
11563457	11563458	1
6564237	6561664	1
2499617	2503755	2
5677356	5677355	1
7268235	7270588	1
9598296	9598295	1
11706177	11726606	1
4805514	4805513	2
2505392	2505391	1
4767156	4767144	2
5010617	5010622	1
2487351	2487352	1
7576905	7576906	1
7390584	9084598	2
1232447	1232386	1
4989042	4989041	2
63619	63620	1
5474530	5474921	2
3683897	3683898	1
769168	769176	1
9079511	9079514	1
952486	952485	1
11456336	11456322	1
9770789	9770790	1
7521499	7521500	1
9125380	9137028	1
11262834	11252658	2
5547162	5547161	1
12006572	12006575	1
3792882	3792881	1
5086531	5086532	1
10068533	10068534	1
10382822	10382782	1
10134007	10134008	1
11219938	11207034	1
4503866	4800515	3
10413869	10413870	1
5462330	5462329	1
6776853	6776843	1
2281120	2281119	1
4824435	4103767	1
87973	87974	1
7091272	7091799	1
9437558	9788097	1
4149080	4149092	1
2622574	2622569	2
4620728	4620727	1
7795203	7795204	1
9787089	12025412	2
1459447	1525679	2
2755313	2755314	1
4422287	4422290	1
4075303	4038650	1
6372440	6372437	1
7353965	7353966	1
8323228	8322986	2
1232588	1232587	2
7644453	7644454	1
7966630	5283832	2
7801237	7801242	1
1630962	1630961	1
9533987	9533988	3
185691	185692	1
6920288	6921150	1
1323668	1320192	1
7839178	7836179	1
9635275	9635276	1
8385353	8385313	1
4196617	4196618	1
2950642	2950639	1
1093528	1093773	1
12388226	3684460	1
7607293	7607294	1
11243390	11243389	1
168541	347272	1
3660694	3660693	1
2259961	2259962	1
9080604	9080603	1
12595153	12595259	1
7147438	7147437	1
7777805	7777621	1
7248586	7245474	1
13967	88122	1
7424233	7424234	2
6410631	11424080	1
11009388	11009387	2
7231605	7231286	1
5367924	6678807	1
7775110	7775085	1
3251771	3251740	1
5856288	5856287	1
10969981	10969982	2
3879160	3879157	3
11120802	11120801	1
9620293	9620288	3
12755977	12755978	2
9466745	9466746	1
12474531	12474536	2
12204022	12204021	1
6179654	6179632	1
4474503	4474504	1
2429927	5539784	1
9311468	9313109	1
9776398	9776408	1
11538846	11538856	1
6411923	6411924	2
6332662	6332782	2
11358570	11358563	1
4274876	4273947	1
10969991	10969992	1
7072842	7072841	3
3948001	2262411	2
2294653	2294658	1
8809735	8809736	1
7949326	7949325	2
3615476	3615475	4
5827193	5827196	1
4590365	4590366	2
5346573	5342830	1
12377736	12377735	1
4989093	4989041	2
10989365	10989366	4
2135155	2135177	1
532075	532056	1
3486432	3486683	2
5749316	5745975	1
12281582	12443990	1
228930	11209745	1
6678125	6678144	2
9344277	9344278	1
4553495	8009167	1
1301517	1301521	1
8244683	8245608	1
6375076	6396143	1
5389656	6757325	1
11354107	11550619	1
3493032	3492870	1
5984630	6189182	1
3275609	2254841	1
5819858	8149954	2
12526584	12526373	1
4432216	4432215	1
2465605	2465631	1
2730337	2730326	2
8102222	8102221	1
10398075	10398101	1
913008	913007	3
10074016	10067044	1
4178231	4178215	1
8894328	8893065	2
8808552	8808558	1
11093324	11101169	1
11116807	11116808	3
5930037	3253147	2
4986512	4986729	2
7910139	7910140	2
6293264	6293216	1
1263604	1333342	1
3792879	3792880	1
12336552	12335346	1
3762607	3762608	1
12233270	12233269	1
2313165	2313166	1
3904166	3904164	2
12144231	12144232	1
2363076	2362891	1
9900517	9900518	1
10970747	10970771	1
6982149	6982591	2
604432	604431	1
534677	534309	1
3240139	3240056	2
267926	267888	1
6937206	6937205	1
7305818	7307761	1
6205358	6205726	1
1294332	1294329	2
11097168	11096939	2
8535140	8535137	1
5348685	5343200	1
7443976	7275929	1
9348970	9348967	1
11430094	11430059	1
10018751	10018752	1
6176377	6176412	4
7037209	7037150	1
397414	396269	1
10167802	10167801	1
8190687	8190688	2
3303380	3303414	3
11047110	11047109	2
11892871	11892872	2
7188281	7188282	1
1497619	1497613	1
6176413	6176416	3
54862	54861	1
4350231	4350259	2
6948301	6948318	1
2452501	2406029	1
2559984	2559983	1
7699390	7699389	1
9329983	5238623	2
7176105	7176106	2
7193326	7193325	1
6043029	6043032	1
6480072	6480071	1
147897	89559	3
11132735	11132738	1
10771181	10771182	2
9658155	9658156	1
5213880	5211872	1
6889002	6890160	1
2929574	2929336	1
4262498	4262495	3
5421739	5488372	2
3257037	3260898	1
5574670	5527487	2
7922795	7922796	2
3783656	3783653	2
7400757	7400758	2
12447001	12447026	1
10069605	10069606	1
5094970	5058946	1
733876	733888	1
3376300	3376299	1
12512239	12512178	1
5238930	5238929	1
5593816	4988498	1
6101848	6101847	1
6293264	6293214	1
771177	443123	1
6115544	6143432	4
2640119	2640120	3
11101864	11101863	1
4544599	4544600	1
454818	454817	2
3265319	3265320	2
10973301	2088909	1
9883324	9883323	2
12661994	12661991	1
5984632	5984631	1
7078953	7082864	1
164546	6127091	2
1929700	1929699	1
7371807	7371808	1
3039325	3040589	1
5241680	5241701	1
9516718	9516717	1
11521490	11521576	1
9249990	9249989	1
5576617	5576615	1
10983357	11164895	1
3952381	3952413	1
4795914	4795913	1
7667964	7667963	2
9242530	9242556	1
8746628	8746625	1
7488707	7488710	1
1173322	1173216	1
