fend1	fend2	count
1135527	1135528	1
12642887	12642888	2
4732399	4732400	1
2009329	1995534	1
10799475	10799476	3
273532	273531	1
4319063	4321759	1
5671607	5671608	1
4811176	4811175	1
5449632	5298502	1
1664401	1664402	1
10524461	10528260	1
6351869	6351870	1
3318077	3319710	1
6348417	6352288	1
6716771	6716772	1
6684467	6684599	1
621721	621722	1
2858649	2858650	1
5977615	5977287	1
2892321	2892324	1
11599444	11599443	1
10437511	10437505	2
6821049	6821050	1
5284561	5284562	1
10123838	10123458	1
9813822	9813821	1
10053676	10053541	1
7247945	7013253	2
618977	618978	1
8439959	8439960	1
2533723	2536170	1
4061870	4061869	2
7154839	7154840	1
9944332	9974077	2
1766785	1766787	1
12732229	12732230	1
10559816	10559815	1
1776181	1776169	1
12546010	12545585	5
4793722	4789837	1
5945229	5945230	1
6781385	6781386	1
10333730	10333729	1
7662769	7662770	2
6713040	6713029	1
5963198	5963197	1
7613950	7613949	1
11704793	11741494	1
7514748	7502817	1
2530135	2530136	1
11610081	11610082	1
5112000	5115713	1
3358406	3358405	1
2710888	2710887	1
10743042	10741181	1
566115	566116	1
3457835	3457836	2
10810332	10810331	1
9151722	9151611	3
4631753	4631756	1
2809141	2809142	1
1144481	1144471	1
12302119	12302120	1
7860745	7860746	1
12308129	12308130	1
3164200	10140512	1
8515823	8515828	1
11354097	11354098	1
890682	890681	1
11890282	11890281	1
3091450	3091449	1
9930518	9930498	1
2098579	2137354	1
9714786	9714785	1
8466603	8466604	1
6328363	6328364	1
5366612	5366601	1
237713	237714	1
5194864	5194849	1
635689	635690	1
9571610	9571609	1
4613806	4613805	1
2804728	2799742	1
9253472	9253471	1
12248622	12255277	1
2766575	2766576	1
5460718	5459285	1
6635011	6635012	1
1131254	1131253	1
10478647	10478650	1
4141194	4141203	1
5429035	5429036	2
7584809	7584810	1
10159596	10162763	2
3028677	3025865	1
9728173	9790618	1
9119038	9119037	1
8550070	8550069	1
11324529	11347960	1
9323929	9293884	1
6686059	4678044	1
4647981	4647982	2
1606282	1604713	1
4333593	4333596	1
1473625	1473048	1
11474960	11474959	2
9187531	9187532	1
6604753	6604735	2
3358404	3358401	1
10563452	10489298	1
1307496	1307493	1
10781890	10781889	1
9509514	9515913	1
6737565	1110974	1
1703315	1703316	1
8150928	8230981	1
4656544	4656543	2
681208	681058	1
8942310	8942305	1
3199252	3199251	1
6601579	6601582	1
200673	193432	2
10764757	10764758	1
8574884	8574883	1
629512	629511	1
10002106	10002101	1
11156945	11156946	1
2783421	2783422	1
6103945	6103946	1
4901948	4901701	1
1662451	1662452	1
12378364	12378363	1
7382015	7382125	1
6740600	6740599	1
9320592	9320274	1
9740705	9740701	1
3205830	3205829	1
3271159	3271160	1
11703851	11703852	1
4865807	4865808	1
10559813	10557947	1
9747505	9639870	1
7485225	7485249	1
6871424	6871423	1
5759956	5759955	1
2241001	2243878	1
9122824	9122823	1
11862770	11862767	1
2779894	2629488	1
12497589	12460236	1
8076939	8076940	1
7682894	1433725	1
6036270	6036269	1
6854757	6857270	1
2037385	2037386	1
7366007	7365848	1
12282391	12282392	1
4204761	4204762	1
7680086	7795698	2
3618778	3618777	1
6710137	6710138	1
10220336	10220335	1
461473	597074	1
6311204	6311203	1
3017277	2959714	2
11105403	11105404	1
9029022	9029021	1
6504164	6504163	1
916305	916306	1
4235771	4235772	2
6766752	6766751	1
2603719	2603720	1
8087198	8082299	1
7005287	7005288	1
428309	428310	1
12334622	12339072	1
1934951	1934954	1
5555616	5555615	2
10598561	10598564	1
11392795	11392815	1
5712423	5713701	1
10189093	12563829	1
3756390	3756389	1
2728789	2728792	1
8129398	8129397	1
1465632	1293054	1
7213199	7212637	1
9794456	9794455	2
11242430	11343636	1
10013497	10013116	1
851361	851362	1
2672625	2672626	1
7210453	7210610	1
7099610	7099609	1
8311345	8248724	1
5452820	5452819	1
6640231	6640232	2
8815495	8815504	1
9122826	9122823	1
6358433	6360914	2
8394923	8394928	1
9187992	9192155	1
8362010	8362009	2
692357	698059	1
1971638	1971637	1
4771875	4771876	1
233021	233022	1
6615218	128934	1
760390	760389	2
10332642	10332516	2
6219020	6219019	2
4624419	4624420	1
4335394	4335391	1
3111805	3111806	1
8613457	8613458	1
6684474	6684473	1
7410662	7409341	1
2070109	2070110	1
10504588	10504587	1
5217183	5217184	1
12651147	12651148	3
3215890	3215889	2
4300207	4386257	5
235432	239251	1
6604751	6604752	2
7101130	7101129	3
8431425	8431426	2
9747503	9747504	2
4708103	4708104	1
6049103	6049106	1
6868959	6868960	1
4075850	4075849	1
8992625	8991287	2
1861046	1861043	1
3562742	3562741	1
7309940	7309939	1
7463857	7463858	1
7648742	7648572	1
3190907	3190910	1
5411267	5411272	1
7129230	7129229	2
9242391	9242407	1
5819345	5819165	1
3135381	3135382	1
10855852	10855851	2
6704012	6697955	3
669028	668993	1
11120752	11120751	1
8484312	8484311	1
814804	7226311	1
6822959	6823135	1
6926941	6926942	1
5711921	5714275	1
3416436	3416435	1
7005289	7005294	1
7935332	8439790	3
1667805	1667806	1
894025	894026	1
8095808	8091027	1
72136	68370	2
9452930	9452929	1
2477726	582188	1
8076943	8076944	1
10759861	10759873	1
1452818	8465924	1
10075600	10172877	1
10323445	10323446	2
4690599	4690542	1
10400745	10400746	1
1765872	1765871	1
3323148	3323147	2
7446288	7446301	1
11708860	11708859	1
11554185	11552470	1
11934786	11934785	2
12291285	12291286	1
6684472	6684471	1
3756388	3756387	1
311270	311265	1
4574847	9177061	1
2538468	2538459	1
5966706	5966682	1
7939395	7954517	1
5385602	5383611	1
3798137	105384	3
12483413	12483414	1
7161736	7159161	1
9819147	9819844	2
11959780	11959847	1
12482786	12482785	1
1647153	1647154	1
7331068	7331078	2
6108043	5930643	1
828423	828469	1
10806703	10806704	1
2722282	2722291	1
4571590	4571587	1
7085416	7088417	1
8071905	12305070	1
398776	451039	1
7182153	7181862	1
1346798	1347330	1
2336151	2336143	1
4205563	4205568	1
2882194	2969481	1
7453037	7453038	1
3239599	3239600	1
3338283	3338502	1
4565758	4565757	2
6351885	6351868	1
1776179	1776180	3
7043696	7042756	1
12302111	12302118	1
5227975	5227938	1
2131204	2131203	1
8059490	8059489	1
11275490	11275286	1
11459150	11442271	1
5419350	5419349	1
11884703	11884704	1
10043612	10043611	3
12187606	12187616	1
1786430	1786476	1
3077895	3077896	1
2399532	2399531	1
7392691	7402064	1
6635009	6635010	2
3238114	3238113	1
5743287	5743200	1
2926236	9664116	1
10142703	10142704	1
12457293	12457296	1
1330526	1330525	1
2659041	2659042	1
6894872	6894869	1
9443610	9443609	1
11546895	11546896	1
5711956	5711955	3
3522064	3521000	1
2048106	2050951	1
9034535	9035813	2
1003007	978476	3
11001209	11001387	1
9032382	9032381	1
3739026	3739025	2
12046074	12046073	1
3498846	3498845	1
4572468	4572467	2
9884224	9884223	1
5711954	5711953	3
8659637	8659638	1
11078623	11078624	1
3164646	3002261	1
8297149	8297181	1
3187379	3187380	1
9792130	9792129	1
5901598	5901597	2
955016	954990	1
7262957	7265388	1
4795337	4795338	1
12570614	12570613	1
1901294	1901293	1
3050129	3076626	1
1442199	1444614	1
1012890	1012889	1
2786774	2786773	2
7707646	7707645	1
11519797	11519798	1
2272349	2272350	1
3803312	3803311	1
2394313	2224041	1
1174627	1174628	1
10797996	10813473	1
4331566	4331565	1
1522480	5524458	1
1593983	367855	1
273534	273533	1
9109732	9123826	1
4072171	4072181	2
1961720	1962498	1
12804065	12804066	1
9242389	9242390	1
7615582	7615966	1
12174485	12334193	1
8056393	8056394	1
2385959	2386866	1
2858640	2858639	1
6289303	6289280	1
8375200	8375711	1
11246859	11246860	1
8476921	8476938	1
10760041	10754778	1
3372360	3372359	1
10754779	10754780	1
6821051	6820630	1
3997039	3997042	1
6054529	6054530	1
5728352	5728351	1
8603245	8603246	1
1337393	1337396	1
543399	542727	1
8391254	8391245	1
4613804	4613803	1
5667770	5668966	1
12227592	12227589	1
8259177	8258921	1
12642889	12642890	1
8813220	8813219	2
1307496	2265376	1
6586785	6586786	1
9746354	9746351	1
11538241	11538242	1
9164952	9164951	2
11707876	11706619	2
1562901	1562902	1
3783177	3783178	1
2164594	1931405	1
11629118	11629117	1
4708105	1550351	1
10325414	10323634	1
5330518	5330517	1
976972	977204	1
10140239	10140242	1
7582049	7582131	2
10177286	10177473	1
10906247	10906248	1
9303554	9303553	1
3139623	3139624	1
11392791	11392792	1
7951401	7951402	1
1309367	1309370	1
1330524	1330519	1
4539031	4540111	1
11261845	11261813	1
1441230	1441229	1
9686791	9687691	1
4381467	4381468	1
12183347	12183348	1
11983814	11983813	2
10870839	10870840	1
11777298	11777297	1
8495019	8495020	2
10428064	10428063	1
6577450	6713665	1
10181637	10181638	1
3358549	3359850	1
2047342	2046152	1
10332647	10332648	1
5375827	5375828	1
10356953	10481107	1
5775920	5775919	1
12541514	12670982	1
11640764	11640763	1
3555371	3555372	1
5779281	5779282	1
5431450	5431449	1
1549840	1549839	2
8010858	8001303	1
9187447	9187448	1
10943947	10943948	1
3077891	3077896	1
9344508	9349046	1
11244395	11243797	1
1491443	1491444	1
1364373	1364374	1
8392829	8392830	1
764203	764204	1
1759064	1759052	1
1632919	1629987	1
3731054	3731051	1
522197	522198	1
10192458	10192455	1
1481168	1481165	1
373682	373681	1
8722500	10152593	1
851359	851360	1
9272316	9272315	1
1174856	1174855	1
5769961	5769962	1
12713527	12713528	2
9373745	9373748	1
7211653	7211654	2
7255730	7255755	1
3688959	3688960	1
2239688	2239702	1
7343561	7412077	1
586622	586621	1
10332644	10332643	1
3751380	3751388	1
5470654	5470651	2
776854	776853	2
974000	973999	1
308617	304624	1
6280539	6280540	1
5623187	5721040	2
6217984	6217981	1
273530	273529	1
11665340	11665339	1
4280137	1975538	1
6149734	6203335	2
1763634	1763638	3
9653232	9653231	2
7989444	7989441	1
6039771	6039772	1
8637193	8637190	1
2018815	2018816	1
5702011	5702014	1
2953985	2953968	1
11843459	2864083	1
10860675	10860676	1
7749000	7748999	1
8418535	8418536	1
9454499	9454500	2
6381596	6381595	1
4340796	4340795	1
7115463	7115842	1
4981131	4981132	1
7584805	7584806	1
4091002	4090546	2
9443299	9443300	1
8774450	8758210	1
6423669	6423670	1
54486	54499	1
420972	420969	1
12513400	12513399	3
7258003	7258004	2
11427407	11427399	1
5890058	5890057	1
69525	69526	1
11197507	11197508	1
2629455	2629468	1
11701526	11701525	2
7497421	7497422	1
5663548	5663547	1
9254968	9254974	2
1786136	1785980	2
5943030	5943029	3
2725006	2725005	3
5343562	5343561	1
5969558	6019157	1
4142758	4142757	1
9490324	9439621	1
1012888	1061591	1
7151853	7151854	1
7902981	7902106	1
1337179	1337180	1
10031468	10031467	1
12483386	12482213	1
710154	710153	2
5672701	5676478	1
3876795	3876796	1
115678	115675	1
3246411	3246412	1
3112427	3112428	1
9493773	9493774	1
2877517	2878473	1
7744354	7748760	1
9790291	9790292	1
3067503	3067504	1
3661663	3661664	1
9539411	9539412	1
3688897	3684702	1
7257999	7258000	3
12756366	12754523	1
7297366	7297289	1
2399528	2399527	1
9343783	9343615	1
16913	16914	1
8354217	8354281	1
7777965	7701652	1
12137391	12137392	4
11309142	11309141	1
6652603	6652606	1
7688813	7688814	1
5829654	5829600	1
6004582	6004635	3
6028135	6028079	1
10262377	10261890	2
11708082	11769194	1
5775918	5775574	1
3160765	3160766	1
5499107	5499108	1
1131260	1131255	1
1201062	1201061	1
384889	282770	1
341442	343854	1
3218091	3218092	1
635351	635688	1
3007287	2892547	1
9642027	9642028	4
12695137	12695138	2
3741770	3741769	1
11538243	11538244	1
2953727	2953728	1
4613802	4572257	1
6027280	6027340	1
6432380	6432379	2
5128466	5128462	1
6956903	6956906	1
5202006	5202003	1
7067811	7068178	1
9029020	9019453	1
4958328	4958424	1
451023	451024	1
1456122	1456121	1
4113274	4113977	1
8170305	8170306	1
8478546	8478543	1
2959715	2959716	2
8057180	8057179	1
11157941	11155752	1
8238670	8238720	1
8105353	8105354	1
1690936	1724613	1
365357	365358	1
5332717	5331380	1
943368	943365	1
11120750	11113499	1
11252230	11259880	1
2177494	2158131	1
9343779	9343780	1
5532608	5533096	1
12291283	12291284	1
12666228	12666248	1
6737561	6737562	1
12455328	12455324	1
2785884	2783420	1
9187533	9187484	1
1528027	1528087	1
3731050	3731047	1
9902874	9902873	1
1065915	1065916	1
9373747	9373748	1
4424449	4424450	1
3496583	3496584	1
764205	764208	1
11734962	11734961	1
1430762	1415631	1
9944318	9839698	1
3318766	3318765	2
602669	599185	1
5963670	5631966	1
12475444	12475449	1
5101304	5101303	1
6640229	6640230	1
9005649	9005650	1
2592312	2591391	1
10151463	10014457	1
4835099	4835100	2
4205563	4205564	3
3749976	3750001	1
10811913	10811914	1
5101302	5101301	1
3111807	3111808	1
3029638	3029637	1
9544751	9550960	1
9773210	9773230	1
2995258	2995257	1
1771873	1771874	1
10018386	10018385	1
10491144	10491143	2
10460635	10433861	1
142825	142826	1
9361808	9361807	1
3676729	3684386	1
10440304	10440303	2
11175953	10982567	1
7875460	7874671	1
10559813	10700016	1
9819531	9819532	1
3367449	3367461	1
1371472	1371479	2
7682894	7682893	2
8682740	8682739	1
4730362	4730638	2
12546493	12546494	1
9530425	9532042	1
113394	117612	1
9067068	9067067	1
7223705	7223706	1
8056395	7320122	1
11296247	11296248	1
12527951	12465888	2
1708776	1707749	1
10131124	10131123	1
5827641	5827642	1
6826119	6830001	1
9770549	9770550	1
7843701	7843623	1
12402736	12121164	1
5125199	5149260	1
6853256	6853253	3
9813824	9813823	2
897092	897101	1
8089617	8091427	1
11334860	11332629	1
6082260	6082259	1
8958471	8966170	2
9794452	8464094	2
6320608	6320607	1
5891171	6116683	2
2413772	2362960	1
5450671	5450672	2
1460757	1327495	1
9530303	9530304	1
1214267	1214268	1
5575784	5448328	1
10865525	10865526	1
8049754	8051749	1
9650056	9648832	1
8872741	8873263	1
11095088	11090921	1
9698854	9287235	1
3552184	3552183	2
3399241	3399434	1
5800060	5800059	1
5429033	5429034	2
5213202	5213201	1
7052227	7052277	1
5833976	5831756	2
9161306	9161275	1
1184541	1184544	1
1068990	1068983	1
4585516	4502661	1
6272789	6272775	1
9723289	9772446	1
692352	692349	1
7916522	7916521	1
12724465	12724448	1
3813163	3813166	2
6821047	6821048	1
6710135	6710136	1
7805760	7805759	1
1031972	1031971	1
12187620	12187619	1
11690146	11708861	1
7273919	7273922	1
605609	605592	2
2879083	2882195	1
4995287	4995288	1
1553592	1553591	1
10817675	10817891	1
7123812	7123803	1
6063351	6063352	1
8442442	8442441	1
12482784	12482783	1
1446941	1449309	1
12438792	12438791	1
7074025	7074028	1
2997898	2997109	1
6456008	6456005	1
3309634	3309984	2
6491336	6491335	1
4904075	4904076	1
6823429	6969637	1
6853277	6853253	1
11846411	11846377	1
10191621	10191638	1
2230294	2230293	1
4703256	4703249	1
7715350	7715349	1
3562740	3562726	1
10004261	10004264	1
12651149	12651150	2
582187	582188	1
1772021	1771883	1
6217986	6217985	1
3029642	3029641	1
9231766	9231765	1
11628348	11628118	2
10425816	10425815	1
11281834	11281833	1
1448472	1448474	1
8844257	8844258	1
4142282	4142279	1
996005	1255277	1
9532512	9518984	1
615090	615089	1
1135529	1136967	1
9126650	9126638	1
8107412	8107411	2
8789620	8792148	1
11522448	11520924	1
10323441	10323442	3
29130	29796	1
7150659	7109860	1
5616931	5616981	1
5882971	5882972	1
6473235	6473236	2
10491142	10484220	1
7169155	7169156	1
7467834	7467752	1
4113276	4113275	1
8815495	8815496	1
11788145	11788146	1
9339156	9339153	1
3960830	3960829	1
7752843	7786200	1
474603	474604	1
111352	111349	1
5759950	5759949	1
9285580	9285579	1
7340025	7340026	1
9825699	9991303	1
8839025	8839026	1
4405638	4405637	1
9443301	9443302	1
10882216	10882342	1
4800251	4811177	2
2721678	2721677	1
9857444	9857443	1
7486511	7486512	1
4175419	4175420	2
4658738	4659064	1
4632710	4632709	1
9872139	9872140	2
6100497	6100498	1
2007686	2007685	3
4175421	4175422	1
11459150	11442273	1
9902872	9902871	1
9672025	9672026	1
11246855	11246858	1
4342973	4342974	1
1796609	1796610	1
12138172	12136886	1
9090222	8981986	1
9943321	9944040	1
2035760	2035759	1
5147751	5147775	1
4205563	4205566	1
5883037	5883086	1
432543	432186	1
1418877	1418878	2
1530885	1530886	2
10382738	1703758	1
8982037	8982038	1
12035668	12035490	3
6278460	6278459	1
11983812	11983840	2
4637637	4637644	1
11103864	11099484	1
7341486	7341483	2
4613806	4613803	1
2028563	2028575	1
621719	621720	1
7257999	7258002	1
1173031	1002587	1
428283	428308	1
7340004	7317000	2
3933896	3933895	1
10271184	10271181	1
12433014	12433777	1
7547561	7547562	1
10220329	10220330	1
6121741	6121742	1
1719833	1719836	1
11608866	11599445	1
11773231	11788086	1
10991252	10991251	2
12759428	12759420	1
11556799	11552844	1
11512322	11512321	2
19549	19988	1
8066487	8083706	1
9780012	9780011	1
4300070	4300069	1
11193994	11193993	1
2749332	2772529	1
8964809	8964810	2
12695883	12695884	1
10827190	10833824	1
10891620	10892022	1
10489302	10489301	1
4510937	4513762	1
10554365	10554366	1
2213609	2227820	1
12125713	12125714	2
11844811	11841641	1
4280135	4280136	1
6413198	3953046	1
10168045	10168046	2
6323997	6324007	1
2884137	2786775	1
7663331	7662768	2
3027108	2789476	1
7456007	7456008	1
10151755	10077391	1
200671	200672	2
5128470	5128469	1
409220	409217	1
10810078	10364142	1
10798899	10798900	1
2348744	2309587	1
460188	460183	1
11103868	11103865	1
9942892	9942891	1
6399695	6399696	2
5631967	5631968	1
9243420	9244091	2
6593830	6593829	1
6997059	6997060	1
3454362	5966829	2
9230454	9230451	1
368648	347213	1
10130645	10130646	1
8954366	10818613	1
10131122	10131121	1
2214588	2214587	1
4783244	4783243	1
11834621	11834630	1
1943032	1942976	1
11197348	11197361	1
659844	659572	2
6383034	2208909	1
6684556	6684466	1
11689782	11689781	1
2963055	2963056	1
1430755	1430761	1
1703313	1703316	1
4623491	4625205	1
3418348	3419353	1
4058279	4046104	1
8431908	8431907	1
7129214	7129231	1
7972109	7972348	1
4699307	4699458	1
3359858	3359855	1
12122481	12123922	1
2849242	2849265	1
4562895	4562885	1
6202934	6202648	3
11154163	11155098	1
1658634	1658633	1
6894294	6894359	1
9670046	9666652	1
530062	530013	1
10489306	10489305	1
1279423	1279424	1
4532791	6463260	1
7744052	7744044	1
10489300	10489299	1
8089783	2179536	1
11703856	11703996	1
8382327	8382328	1
6449014	6449013	1
3646354	3688958	2
5770292	5769960	1
11703689	11701505	1
1419461	1419464	1
10906043	10340871	2
9722694	9729553	1
1669294	1752311	2
6507827	6507828	1
10333730	10333727	1
1610411	1600492	1
1987532	1987531	1
7849465	7849466	1
7456003	7456004	1
224835	224836	1
9377003	9377004	1
9359320	9359317	1
2779895	2779896	3
11340674	11584892	1
11849010	11851478	1
2507585	2507586	1
6430139	6429451	2
7269368	7269367	1
1831651	1831652	2
3740431	3741354	1
5406689	5407400	1
7349975	7351090	1
7707880	7707879	2
4178011	4178012	1
11209794	11209793	1
5740377	5740373	1
2933874	3148402	2
3275772	3284721	1
5497616	5494547	1
4077727	4077730	2
9433083	9433084	1
451267	451268	1
2399530	2399529	1
5770292	5769962	1
1936584	1119575	1
7886780	7993671	1
961629	961632	1
3463523	3463524	1
12411268	12411267	1
3205828	3204940	1
3944282	3944281	1
4442904	4449801	1
1927964	1924620	1
10342764	10342763	1
4603349	4603350	2
3989206	3989205	1
8946896	8946891	1
11464984	11464979	1
12730029	12729427	1
903746	903745	2
612986	612983	1
7509323	7509324	1
12433016	12433015	1
1886763	1886764	1
2281015	2281017	2
8308708	8308707	1
5284559	5284560	1
7257228	7257017	1
1491445	1491446	1
5358284	5358272	1
5419348	5419347	1
7133751	7133752	1
4300186	4300206	1
8111431	8150449	1
5785398	5786601	1
5451200	5437565	1
10714782	10714781	2
10127552	10127551	1
6652601	6652602	1
2668617	2668618	1
669032	669031	1
6997055	6997056	1
3414566	3416451	1
8362012	8362011	1
11296249	11296250	1
12493049	12493050	1
12546766	12546765	3
5589645	5588144	1
113709	113710	1
706522	706521	2
4637635	4637636	1
4879331	4879467	1
351447	351453	1
3705346	3705345	2
1125966	1268597	1
5583017	5583032	1
3538483	3538484	1
2944158	2944143	1
6388073	6385557	1
9229631	9229632	1
8090332	8090331	1
3239601	946748	1
986972	992276	1
256917	258331	1
3867969	3867970	1
4675512	4675509	1
2598773	2598776	1
12775723	12775724	1
10127545	10127546	1
10671767	10677510	1
3074397	3074398	1
5318644	5321861	1
2383553	2383554	1
6129714	6129713	1
1906216	1906215	1
7555910	7555909	1
5619278	5619277	1
11156147	11156944	1
12378362	4125767	2
12240376	12305336	1
5757223	5757275	1
12034581	12034582	1
11371651	11371599	1
5201676	5202007	1
11454447	4683584	1
4675508	4675496	1
11439732	11439779	1
9252576	9256522	1
6080351	6080354	1
11720407	11720233	1
3321282	3321281	1
2189852	2185924	1
7779009	7779010	1
4652850	4652849	1
9755077	9755078	2
1710022	1710021	2
10143760	10143804	1
2944138	2944039	1
1584199	1584200	1
6818591	6968812	1
8629936	8629928	1
10331489	10331490	1
11590589	11590590	1
4624417	4624418	1
8412111	8412116	1
3969470	3969373	1
6203334	6203331	1
174977	203623	1
4412989	4410890	1
10096440	10096439	1
7376066	7154838	1
10809808	10810333	1
3960832	3960831	1
7376822	7716050	1
5816197	5816198	1
2470576	2470575	1
2791168	2791526	1
898091	898094	1
7129214	7129233	1
3195023	3195018	1
10915389	10915390	1
7665287	7665288	1
8438381	8438382	1
4312778	4312777	1
6278464	6278463	1
1350764	1279422	1
10268584	10268583	1
6169155	6169156	1
3597118	3597115	2
8440399	8440373	1
3687020	3686469	1
4184850	4184985	1
7352905	7350948	1
12017013	12017014	1
3075022	3075052	1
9761230	9761229	1
10096438	10096423	1
1824367	1824370	1
6302998	6304395	1
10508707	10508894	1
2348746	2348745	2
3367460	3367459	1
11392793	11392794	1
4752198	4752480	2
2672260	2672257	1
689343	689344	1
12227594	12227593	1
10991846	10991873	1
1373706	1373709	1
1066037	1066042	1
7615584	7615583	1
7946043	7946041	1
8704908	8704182	1
1756761	1756759	1
10566783	10566441	2
7036949	7037125	1
9238817	9253485	1
11015976	11015975	1
6584942	6574530	1
7302427	7302428	1
2721390	2721679	1
8990271	8990272	1
12713529	12713532	1
2024795	2024796	1
7896519	7896520	1
4394195	4188351	1
9858718	9858717	1
9794457	9794458	1
7206928	7206925	1
2070103	2070108	1
10219416	10217533	1
275597	365356	1
6632875	6627785	1
8103724	8103696	1
3945580	4116726	1
750691	750692	1
1201060	1201059	2
9778474	9778471	1
8197602	8197601	1
1370556	1441231	1
10061812	10061811	1
10660389	2461609	1
10446605	10446606	1
5715240	5820670	1
4783242	4782663	1
2095029	2095030	2
3444061	3437593	1
7843622	7843621	1
4694063	4694095	1
7781005	7781006	1
4555916	4555915	1
1174731	1174721	2
2243355	2243356	1
4333597	4333598	1
5557145	5557146	2
12527949	12527950	1
815871	816248	1
2434487	2434488	1
7042142	7042035	2
3386067	3386068	1
8640192	8640191	1
5327208	5327207	1
1473623	1473624	1
7668307	7668308	1
10683950	10683947	1
4811174	4811173	1
6921104	6955013	2
10216326	10216325	1
7081622	7079438	1
8569769	8569770	1
1886762	1886757	1
11452967	11452748	1
1158439	1158464	1
3876797	3876798	1
776856	776855	3
10933139	10933140	1
6672558	6672557	1
9745409	9745669	1
7665289	7665290	1
8176965	8176966	1
4949233	4949225	1
4223595	8675226	1
1451699	1451700	1
10660389	2461611	1
5021619	5021620	1
3358400	3358623	1
7324367	7324368	1
4926489	4926492	2
5241209	5215865	1
4714068	11476799	1
12046078	12046077	1
8640153	8640154	1
9182436	9182489	1
2696969	2691874	1
11846376	11846375	1
12763247	12763248	1
1765020	1765019	1
8170303	8170304	1
3638576	3642652	1
11540169	11543892	1
5740816	5740815	1
12295310	12295384	1
4077725	4077726	2
8902249	8902535	1
6394611	6394612	1
9029022	9019453	1
5619243	5619279	1
3638202	3638198	1
536266	536265	2
2234176	2234175	1
10268343	10268344	1
3675486	3834705	1
5573812	5183387	1
7846144	7846143	1
6219018	6219009	1
8506046	8322679	3
3211600	3298145	1
2663447	2663326	1
10731030	10731029	2
1201064	1201061	1
10701345	10685486	1
1392284	1392266	1
6074536	3368893	1
9481236	9481235	3
9080640	6626645	1
3599103	3616680	1
423432	423431	2
5951549	5890059	1
3015406	3015405	1
2274415	2274416	1
3322310	3322309	1
11306565	11306982	1
8150446	8150445	1
1320970	1320969	1
45235	44461	1
5555617	5502785	1
431092	431091	1
8000231	8000232	1
7753528	7753525	1
11459146	11442273	1
11925169	11925650	1
10884730	3983411	1
7453035	7453036	1
10818612	10818611	1
7634522	7634503	1
1182754	960590	1
4194817	4194818	1
7109869	7111166	1
3875539	3577105	1
1926135	2105710	1
3036071	3035592	1
2477726	582186	1
6780444	4685848	2
7008288	7010938	2
5419350	5419347	1
7648573	7648574	1
10167592	10167589	2
8206470	8206469	1
9811578	9811577	1
610565	610566	1
7701830	7765528	1
1214265	1214266	1
11189235	11189236	1
12443294	12437770	1
11682565	11682563	3
10553515	10553516	1
216449	207648	1
11703856	11704071	1
8101251	8101551	2
1647155	1647158	1
8150448	8150447	1
8496896	8497011	1
3487753	3487732	1
4636561	4636562	1
3416161	3414387	1
10715412	10708971	1
9183386	9187446	1
9343781	9343782	1
12371344	12371343	1
2017806	2017805	1
11449660	11449657	1
5284179	6009478	1
451269	451270	1
6036272	6036271	1
420968	420967	1
10871236	10871218	3
11275490	11275288	1
405789	405790	1
10685049	10701814	1
311263	311264	1
9534220	9534219	1
10278779	10184907	2
12438787	12438788	1
8613455	8613456	1
198995	196753	1
760386	760385	1
848214	848145	1
498850	498849	1
3666445	3666446	2
10671818	10671817	1
2001725	2001726	1
5576625	5197404	1
777056	777055	1
134676	129416	1
7950291	7950292	1
11915721	11915722	1
7133749	7133750	1
3556397	3554862	1
4684904	4684903	1
238867	238793	1
802574	798807	2
7508902	7504921	1
7019610	7019609	2
4101918	4100771	1
833012	833025	1
2026727	2026396	1
9813822	9850215	1
3519898	3905184	1
4992751	4992752	1
4078005	4078006	1
11292887	11292764	1
8084532	8084566	1
8492906	8599372	1
9568539	9568511	1
12448207	12448208	1
5943032	5943031	1
7017590	7181485	1
4677086	4677085	1
8994533	8994512	1
5141733	5425734	1
11543746	11612672	1
12046076	12046075	1
3680690	3680689	1
11383474	11383473	2
3318339	3318340	1
2281013	2281017	1
8031027	7856804	1
6839271	6839272	2
2181564	2181563	1
6311181	6311205	1
10264190	10263382	1
2890661	2776731	1
4925626	4925642	1
6024461	6027275	1
7243190	7241152	1
5612947	5616781	1
6929977	1842393	1
11098911	11099287	1
2374787	2374788	1
12233791	12233792	1
59686	59806	1
9441976	9367235	1
3734452	3877123	1
8654339	8657528	1
9793342	9793341	1
3372362	3372361	1
1779960	1780015	1
733883	733884	1
7562573	7537940	1
5482311	5482312	1
5343564	5343563	1
2721084	2721081	1
4953944	4953943	1
2210798	6487820	1
4362401	4361899	2
8066485	8066486	1
5752505	5752509	1
10333728	10333727	1
7226133	7226513	1
12445353	12445354	1
5837209	5978262	1
7323611	7323612	1
3438899	3448144	1
11790067	11774062	1
1983226	1983225	2
9193079	9193080	2
9870396	9870395	1
8364794	8364793	1
65566	65565	1
423028	631877	1
9112524	9117040	1
9902874	9902869	1
11208090	11208093	1
10811911	10811914	1
901723	901724	1
10043610	10043609	2
11817043	11817044	1
11468758	11468757	1
3762334	3764304	1
7593528	7592079	1
304632	304578	1
6634312	6637565	1
1392291	1392292	1
10013495	10013496	1
12279769	12279770	1
4346195	4346129	1
355901	355963	1
8130210	8130066	1
6829969	6832028	1
10755756	10755755	1
1262775	1428558	1
7138587	7138590	2
1786672	1786671	1
3369244	3369243	2
3803316	3803313	1
4448151	9110731	1
10142515	10143761	1
7510477	7510463	1
1983224	2022769	2
9740700	9740699	1
4926493	4926494	2
7172479	7172480	1
2181215	2181216	1
7224857	7224858	1
6040436	6040433	1
6952525	6952526	1
2177670	2006974	1
3272234	3273389	1
7654862	7654861	1
2921378	2921644	1
3297743	3297744	2
3479741	3479742	1
1340492	1340491	1
2001721	2001724	1
6716773	6716774	1
3745448	3745344	1
12234721	12520157	1
6426690	6427277	2
283018	129967	1
12696815	12696816	1
72364	9490049	1
7211655	7211656	2
3597113	3597114	1
2482961	2288039	1
4070515	4070489	1
3552182	3552181	2
8601071	8584060	1
9249157	9249162	1
6721944	6721899	1
8603243	8603244	1
12001351	12147226	1
6832029	6832030	1
1996349	1996350	1
10516316	10516315	1
2940327	2940328	1
2735049	2735024	1
11701528	11701527	1
10963715	11015956	2
8983156	8983155	1
12001581	11970387	1
681210	681209	1
8367000	8366999	1
11919609	11919610	1
9098614	9098613	1
8255632	8255629	1
9544487	9544748	1
4384714	4384711	1
2691752	2693112	1
6561088	6561087	1
2078955	2078956	1
9760025	9758532	2
10584013	10584014	1
1926910	1926792	1
11246855	11246860	1
11532670	11532599	1
1081766	11370545	2
1996351	1996997	1
11150351	11150390	2
6517557	7930510	1
1115778	1115777	1
10755735	10756974	1
5237889	5237890	1
5816983	5816989	1
5103053	5103054	1
5437123	5437124	1
9113644	9113643	1
409222	409221	1
9256523	9266808	1
363837	381989	1
9792132	9792131	1
109511	109512	1
9792128	9792127	1
2490201	2490212	1
10585424	10585847	1
4191629	4191584	1
728127	536267	1
8386015	8386016	1
8510482	8510348	1
12775721	12775722	1
12546764	12545994	3
1119573	1119574	2
8054083	8197603	1
2846591	2846592	2
7203603	7202927	1
11519009	11519012	1
5854374	5854795	1
7019608	7149137	1
7390258	7390257	2
9794454	9794453	2
4544126	4544125	2
7013530	423163	1
2783425	2783426	1
760388	760387	1
11497800	11497799	1
9023862	9023845	1
11449422	11449110	2
7114092	7114091	1
8076941	8076942	1
4078007	4078008	1
4026525	4026526	1
6805340	6805339	1
3496585	3437556	1
5431452	5431451	1
6979236	7122547	1
5171426	5172070	1
6477634	6563253	1
6311189	6311190	2
3724468	3724474	1
12774406	12774314	1
5721041	5721042	2
10638813	10638872	1
12713136	8722623	1
10507518	10507517	3
2042469	2042664	1
10857802	10857801	1
5207052	5207051	1
9049263	9049259	1
10236589	10236590	1
70613	70614	1
4624330	4624329	2
6488153	9240876	1
3091452	3091451	1
12190787	12191580	1
1635524	1635523	2
6167658	6167657	1
2007688	2007687	3
11253156	11253201	1
2372204	2259042	1
1348496	1348617	1
7537544	7537543	1
5943032	5943029	1
3980994	3980983	1
3410252	3409023	1
2336149	2336150	1
5366600	5366599	1
11929569	11929615	1
10268341	10268344	1
5743843	5743844	1
1456120	1298008	1
11115594	11115593	1
6894875	6894876	1
7278996	7278995	1
6399697	6399698	1
3090683	3084956	1
10548315	10546912	1
3834704	3710808	1
5222232	5237187	1
3595032	3595029	1
2234178	2234177	1
12178502	12178501	1
8379366	8379365	1
7511422	7511421	1
3075053	3075054	1
3337243	3126345	1
7129232	7129231	1
8322703	8506094	1
7132662	7132661	1
8992617	8992618	1
10915391	10915392	1
6034702	6035378	1
2987425	2987426	1
3134069	3134070	1
12187622	12187621	1
2592054	2591880	2
12261635	12261591	1
11514894	11513807	1
1390252	1390251	1
8205748	8205747	1
848322	848321	1
7074023	7074024	1
898739	650654	1
5319415	5319416	1
10295939	10295931	1
466920	466919	1
6830000	6829944	1
1553570	1552007	1
2211429	2211430	1
4204668	4205372	2
919318	920572	1
4925628	4925642	1
1962636	1962635	1
245146	245145	1
495001	495006	1
1481166	1481165	1
12462387	12462412	1
4572470	4572469	2
5336816	5336815	1
8964016	8964015	2
10722878	10714783	2
1964822	1964821	1
2748906	2748832	1
9117783	9117784	1
7157271	7157272	1
12358320	12478144	2
3936587	3936588	1
141193	141194	1
4674475	11443416	1
3667678	3667677	1
10323448	10323447	1
4853307	4606072	1
9122826	9122825	1
11788147	11788107	1
12536462	12536461	1
1150148	1150147	1
12419351	12419306	1
12731395	12728343	2
4077731	4077624	1
4195044	4195043	1
11539698	9079670	1
5818996	5818993	1
4255843	4255844	2
3570660	3570659	2
2766573	2766574	1
760388	760385	1
987033	987034	1
7682892	1433725	2
2944140	2944139	1
822945	822946	1
6527704	6374338	2
12001579	12001580	1
2685092	2685091	1
6441180	6441201	1
81001	81002	1
2658121	2779768	1
2383551	2383552	1
1167151	1167152	1
2022787	2022341	1
10392676	10388973	1
1970640	1964099	1
11944996	11945152	1
4535123	4535126	1
8819988	8819980	1
1552487	1557120	1
1047865	1047866	1
4033149	4060350	1
2997454	3047062	1
4507068	4599793	1
5531848	5531882	1
7932821	7933872	1
2429044	2429043	1
1710015	1710016	1
6028133	6028134	1
2659050	2659049	1
6639545	247757	2
9748312	9748305	1
9723287	9723288	1
12661761	12661762	1
11449424	11449423	2
1115776	1115775	1
7478763	7478764	1
556951	555317	1
3876793	3876794	1
8085511	8085514	1
12363458	12363453	2
10125378	10125740	1
5849231	5849232	1
9736054	9736053	1
864822	860875	2
10478651	10457525	2
575592	575820	1
6667356	6709946	1
12570612	12727881	1
6103334	6103307	2
7099612	7099611	1
10310154	10310153	1
10085618	10085617	1
2485384	2485383	1
8031027	7856806	1
3315741	3315742	1
9394634	9394633	1
10904188	10904187	1
7584807	7584808	1
4205567	4205568	3
224833	224834	1
1850735	1850736	2
8583390	8583403	1
7110652	7110532	2
3463525	3463526	1
9491189	9491190	1
363898	11689244	1
5425735	5425736	1
8367003	8374122	1
8107410	8107409	2
11174094	11173439	1
5531883	5534821	2
5128468	5128467	1
8762947	8762948	1
11161726	11159117	1
1703313	1703314	3
7871779	7871782	2
3618782	3618781	1
5332904	5332901	1
5336818	5336817	1
10684943	10689347	1
612984	612983	1
3075025	3075026	1
4774566	4664079	1
5830794	5830631	1
5377055	5377056	1
8946896	8946889	2
3194876	9807630	2
7865217	7863770	1
7565461	7565462	1
4031629	4031633	1
9056441	9056444	3
6812922	6812939	1
8825703	8825704	1
342038	342037	1
5438490	5438489	1
6100222	910015	2
10089811	10089505	1
12489595	12192971	1
4169331	4148239	2
11125642	11125635	1
4807010	4807009	1
3077891	3077894	1
6144260	6144269	1
7456005	7456006	1
10400744	10400743	1
6720737	6571606	1
6629812	6629811	1
4782662	4782661	1
9161308	9161307	1
2507583	2507584	2
9308290	9308289	1
943368	943367	1
9899504	9899532	1
9804623	9804624	1
807511	807512	2
5700359	5700363	1
9193081	9193082	1
8682240	8682738	1
9982935	9983039	1
2211309	2211310	1
7838384	7838383	1
12140121	12140122	1
2482959	2482960	2
5163881	5163882	1
3046054	3046053	1
4564122	4564230	1
2587011	2587012	1
2753407	2753408	1
3318337	3318338	2
9394620	9394617	1
2181213	2181214	1
6339145	6339146	1
10574829	10574830	1
5044237	5044000	1
9193077	9193078	2
5874036	11311193	1
11629305	11629306	1
3215884	3218088	1
10731028	10731027	1
9472030	9472104	1
10596934	10596668	2
3099878	3098653	1
7592564	7592637	1
2493076	2480000	1
10715414	10715413	1
505601	510340	1
8110579	8088750	1
4876252	4876297	1
6988466	6988465	1
81003	390781	1
340442	340441	1
6029566	6044578	1
11813791	11813643	1
924817	924818	1
901725	901733	1
11081181	11082433	1
7039222	7039514	1
10015357	10014796	1
7238352	7238351	1
9936036	9936035	2
1614906	1614892	1
6223404	6293527	1
2795214	2782578	1
890675	890676	1
4805472	1756382	1
7041221	7042609	1
3139717	3139622	2
6215141	6215142	1
4404350	4399780	1
6853277	6853257	2
11199819	11197506	2
12740234	12738269	1
8038539	8038542	1
11944998	11944997	1
6741744	6741731	1
11459150	11459147	1
9813820	9850215	1
1949735	1949736	1
2935575	2935461	1
7612004	7612001	1
5259514	5259513	1
7132664	7132663	1
9872141	11691963	1
5454381	5454418	1
6120811	6120812	1
9678612	9681415	1
7039515	7039518	1
111299	111300	1
7424966	7421075	1
7101132	7101131	2
6436196	6436195	1
5305877	5305878	2
10577536	10578412	1
4751977	4752140	1
12805801	12805802	2
1526948	1601171	1
5616780	5616779	2
7603398	7603397	2
4811176	4811173	1
5965917	6121230	1
6002522	6002424	1
1886762	1886759	1
5727097	5727115	2
1960023	1962616	1
7060611	8387622	2
8020065	8019209	1
6590797	6590798	1
7088356	7084351	1
1710024	1710023	2
3192919	3192920	1
7624733	7624734	1
3401555	3398930	1
280753	387705	1
10233109	10233110	1
5327210	5327209	1
2338827	2338813	1
3318429	3318767	1
6393546	6393545	1
7323613	7323614	1
13990	11265	1
1759209	1759210	1
9353203	9353204	1
4673714	4673757	1
681059	681060	1
7554040	7554030	1
8687581	8687584	1
11297080	11296994	1
9782909	9782910	1
10332352	10332414	1
3857484	3857483	1
4031627	4031628	1
4124636	4124635	1
11768375	11765972	3
3680692	3680691	1
3977455	3977456	1
11447852	11447856	1
1703311	1703312	4
7082741	7082742	1
12775717	12775720	1
407945	407946	1
1390250	1390249	1
3764305	3764306	1
3231468	3231467	1
24183	23437	1
7759987	7769012	1
10563670	10563689	1
12767596	12765439	1
10671820	10671819	1
10446601	10446604	1
2373993	2373280	1
10752952	10752956	1
8001476	8001475	1
7959286	7959359	1
9857446	9857445	1
3590928	3637915	1
3979324	3979320	1
10277438	10278518	1
11175513	11175531	1
2169682	2169669	1
1466051	1290295	1
6423668	6423667	2
9764746	9765186	1
4072735	3924830	1
5937681	5937629	1
8484310	8484309	1
5728354	5728353	1
8530920	11480301	1
3487733	3487734	1
12815122	6413219	1
7410697	7410663	1
7013669	7013548	1
8938730	8938729	2
1918831	1919753	1
7045566	7045833	1
7354331	7354332	1
7686794	1353555	2
7444989	7444990	1
8744746	8734391	1
1204239	1204240	1
12363452	12363502	2
2264038	2260020	1
6652599	6652600	1
892683	892889	1
170248	170245	1
2243357	10683048	1
4020287	4020290	1
9692596	9692595	1
7862914	7862926	1
10554367	10554368	1
9365746	9371593	1
12407873	12343337	1
6054891	6134694	1
2243879	2243880	1
3739289	3739319	1
61729	61730	1
5436060	1593980	1
11577834	11577833	1
2590471	2588696	1
10559814	10707338	1
7084850	7083775	1
9299256	9299255	1
10943312	10943311	1
9792130	9792127	1
2618348	2618347	1
113711	113712	1
2659014	2659040	1
10168047	10168048	2
4656542	4184358	1
7341482	7341584	1
11934029	11934030	1
8633246	8633443	1
3378414	3378430	1
6839413	6839270	1
3795580	3795579	1
9370493	9370494	2
65568	65567	1
860079	860080	1
1687367	1687368	1
29131	33194	3
928171	928172	1
12371449	12371557	1
6891169	8100445	1
5628537	5628538	1
1562903	1562906	1
7492706	7609450	2
6185615	6184579	1
1524912	1485876	1
11741851	11741695	1
3618780	3618779	1
11426245	11426246	1
3281449	3281450	1
10577958	10577957	1
11254499	11254500	1
4179234	4224070	1
3215888	3215885	1
2197479	2209112	2
6309533	6309534	1
11065796	11065795	2
1101842	3980793	1
2228809	2228436	1
2987944	3125112	1
407943	407944	1
11309144	11309143	1
2139906	2139905	1
7654477	7654343	1
4205565	4205566	2
11498249	3773176	1
6278175	6278183	1
10076595	10216901	1
5970710	5970709	2
1800291	1800292	2
4523823	4524366	1
7541326	7770546	1
11631875	11481386	1
4841879	4841882	2
4745955	4745956	1
7759585	7759586	1
8377916	8377915	1
458155	433872	1
6685857	6685858	2
10997759	10997760	1
10833489	10827572	1
11275287	11275288	1
5305879	5330519	1
10199392	10199122	1
684966	685108	1
11703853	11703861	1
10652693	10652694	1
2057694	2059061	1
2807834	2807878	1
7111536	7140428	1
3488837	3488816	1
9894865	9894866	2
4647979	4647980	2
3704816	3704815	1
1787816	1787604	1
2753405	2753406	1
9936037	9936038	2
10775921	10776051	1
383968	383902	1
12158270	12158269	1
5539187	5538146	1
10706552	10706551	1
8372396	8372548	1
9037271	9037272	1
9032396	9032395	1
1658348	1658347	1
7715348	7715347	1
9071567	9071437	1
11983841	11983842	1
928169	928170	1
529514	529513	1
3717249	3717240	1
4841911	4841912	1
4732397	4732398	1
5946942	5945228	1
2095031	2095032	1
6942964	6942963	1
3083834	3083833	1
2318032	2318031	1
6063478	6063475	1
2423536	2423224	2
7954502	7954501	2
5455475	5455480	2
4632706	4633091	1
3129659	3108042	1
12679561	12679564	1
12758389	12758249	2
2241000	2241005	1
3620563	3620463	1
6293526	6293525	1
3676685	3683156	2
9679153	9688952	1
4392454	4392453	1
2335710	2416152	1
2392892	12287740	1
8918192	8917755	1
10332646	10332645	1
6997057	6997058	1
3207874	3207873	1
6155679	6155680	3
741993	741994	1
5553609	5554052	1
1445287	1445288	1
4117590	4117589	1
12564797	12565353	1
11680298	11679717	1
7037235	7037236	1
11884701	11884702	1
10523868	10523712	1
521360	517481	1
3870229	3870230	2
9059341	9059339	1
7695324	1584203	2
124423	100460	1
8476919	8476920	1
1530887	1530839	1
12481613	12481576	1
6375299	6379351	1
1856169	1856170	1
1538645	1538646	1
3567520	3567609	1
6480637	6480638	1
5217188	5217182	1
287684	287080	1
71922	71903	1
9390480	9391236	1
10911791	7950290	1
1366548	1366299	1
2274417	2274418	1
11941525	11934028	1
12035511	12035491	1
8809401	8809384	2
2805725	2713516	1
586620	586617	1
6109206	6109205	1
9746356	9746355	1
9433085	9433072	1
9790285	9790286	1
1849440	1844557	1
7273923	7165234	1
9160170	9160169	2
11849012	11849011	1
4623573	4623582	1
6745656	6745628	1
7554446	7557890	1
10560522	6114913	1
4585985	4585986	3
7000373	7000242	1
10755758	10755757	1
9594710	9594709	1
1444311	1437346	1
436382	275448	1
10489304	10489303	1
848144	848143	1
4481805	4481806	1
4637635	4637644	1
1123272	1123271	1
1719837	1719838	1
6429450	6429449	2
2115988	2115877	1
7180885	7180886	1
2785007	2785012	1
2485379	2485380	1
3601779	3597394	1
1925912	1925911	1
7648577	7648580	1
4269034	4274311	1
6404859	6404860	1
398432	9977614	1
5067178	5067175	1
529512	529160	1
365359	365360	1
8983158	8983157	1
1451701	1320064	1
10999807	11000165	1
2629490	2629489	1
2374230	2374229	1
10643964	10519774	1
9541412	9541856	1
11701504	11701503	1
2704597	2696001	1
4563725	4563726	1
70611	70612	1
451035	451036	1
11648445	11648446	1
1924374	1927965	1
10262375	10262376	2
9863113	9863116	1
5494546	5494545	1
807513	807514	1
11254501	11254502	1
976726	976848	1
8322678	8322677	3
615092	615091	1
4636563	4624326	1
3739024	3712185	1
4251514	4251511	1
6496639	6496640	1
373684	373683	1
12197297	12197298	2
848324	848323	1
1164277	1001836	1
6157607	6157608	1
324158	324157	1
6961911	6961914	1
9187529	9187530	1
451021	451022	1
11550333	11549338	1
4436948	4436945	1
7447030	7450090	2
5460720	5460719	1
9099418	9099417	1
8371813	7970092	1
11874749	11876600	1
6423671	6423672	1
6208765	6208766	1
10668789	10669687	1
566113	566114	1
9496236	9501865	1
7223707	7223708	1
8748735	8748738	1
10831056	10831055	1
6869029	6868956	1
3936589	3936590	1
11254499	11254502	1
10723788	10723787	1
4481801	4481804	1
11503431	4070464	1
11052193	11052195	1
3185763	3183885	1
3815571	3815541	1
743772	743706	1
2953745	2953793	1
943366	943365	1
10220337	10221017	1
8946883	8946884	1
12015516	12015515	1
10759351	10759352	1
2209113	2209114	2
8230980	8230979	1
10444029	10444030	1
12785538	12785537	1
10165159	10165162	1
10332646	10332643	1
2470854	2470574	1
739898	739895	1
273234	273231	1
764209	763391	1
60217	195965	1
1115774	1115773	1
9230450	9230453	1
9648342	9648341	1
386073	504870	1
12774755	12661760	2
5076383	5076386	1
6394411	6394412	1
8391244	8391243	1
262219	262220	2
8394938	8395303	1
9914530	9914529	1
1055921	1055922	1
10504586	10504583	1
2152303	2152304	1
3688959	3688962	1
10104215	10104232	1
7099608	7098677	1
3497462	7138586	2
6664979	6667453	1
11968205	11968206	1
12695885	12457822	1
3029644	3029643	1
539533	539580	1
49471	49472	1
8478544	8478543	1
6550510	7685680	1
2757849	2763160	1
5575786	5575785	1
8096528	8053326	1
7146007	7146008	1
2104233	2104290	1
562986	562983	1
9191342	9191370	1
8293406	8293405	1
961627	961628	1
5330181	5330182	1
639574	570709	1
8362012	8362009	1
8171317	8171318	1
11909279	11909280	1
9361810	9361809	1
3705344	3795429	1
10007159	10007162	1
3913679	3913882	1
7257967	7257982	1
4674473	4674474	1
5145239	5145240	1
7320909	7331069	1
451037	451038	1
4142725	4142759	1
3942453	3942454	1
9299664	9299661	1
810717	834283	1
12319303	12319304	1
11425726	11425725	1
9898061	9889689	1
4695001	4744043	2
6060926	6060925	1
4328834	4616117	1
170250	170249	1
1373708	1373707	1
12543576	12543593	1
10110768	10110789	1
4134113	4235770	2
6788478	4601966	2
9672027	2923475	1
1056013	1056014	2
7444987	7444988	1
10323443	10323444	3
8676829	8676830	1
7540642	1860909	1
7378304	7444923	1
12570885	12570888	1
12036486	2272348	1
7125511	7125512	1
6918970	6916664	1
2035715	2035761	1
6480639	6480096	1
1600646	1600645	1
8640194	8640193	1
6733416	6733415	1
12813768	12813765	1
7845130	7845289	1
4591797	4591802	1
6413200	6413199	1
3482868	3482865	1
9936245	9936039	1
10478645	10478650	1
6432377	6432378	1
2750694	2750679	1
10153099	10129094	1
10449525	10449526	1
5829657	5829675	1
418156	418151	1
3981942	3979325	1
8059488	8059487	1
10755754	10579761	1
2659590	2668616	1
5838106	5836370	1
12137393	12137394	2
3653055	3653056	1
10449523	10449524	1
7521033	7521034	1
8757838	8758289	1
6127190	6127187	1
9807631	9807632	2
1549838	1549218	1
2498689	2452541	1
11193996	11193995	1
6068438	6068437	1
6769671	6769674	1
3476255	3476258	2
11512320	11512319	2
7774648	7774175	1
11705968	11707803	1
2528090	2528089	1
4712940	4712939	1
2921380	2921379	1
272529	234516	1
9108260	9108960	1
5757238	5757218	1
823255	823193	1
9237833	2781663	1
2223004	2223003	1
3940318	3940222	1
10085616	10085615	1
5727064	5727096	2
2164947	2164948	1
3017562	3007050	1
4628363	4628760	1
8907507	8644566	1
6042766	6042765	2
6402305	6402306	1
6278462	6278461	1
1450955	1450956	1
760384	760383	2
109513	109516	1
1863310	1863307	1
11383472	11383547	1
11178972	11178971	1
10590036	5241821	1
9160218	9160175	1
11037355	11037344	1
11407918	11404427	1
3547313	3547914	2
7860747	7860748	1
8092682	8095994	1
2237688	1953630	1
6690747	6690748	2
1528086	1528085	1
9858716	9858715	1
1075268	1076417	1
8837363	8837366	1
2175696	7841685	1
3704820	3704817	1
2335712	2335711	1
10990012	10990011	1
9308239	9308291	1
4205565	4205568	1
12136887	12136888	1
7773091	7773070	1
10727358	10727357	1
2489968	2489583	1
6402307	6405237	1
4570082	4570053	1
5018606	5018603	1
13514	13513	1
4865809	4865810	1
10760913	10519543	1
3399180	3399179	1
10268341	10268342	1
2026725	2026726	1
4992749	4992750	1
10130774	10128410	1
10472208	10468368	1
9308237	9308238	1
8569771	3373459	1
10738070	10738069	1
4125766	4125765	2
11594319	11594320	2
823253	823254	1
2249403	2250094	1
9481124	9481237	3
7138566	7138565	2
3075024	3075023	1
8230967	8230968	1
11440313	11440314	1
9539413	9539414	1
11919420	11930545	1
11719846	11823333	1
8128605	8128559	1
2739695	2739696	2
4548688	4548687	1
2547779	2521279	1
2759043	2759086	1
1601746	1607205	2
3671165	3673089	1
10871219	10871220	3
9714784	9714758	1
5420541	5420614	1
11306983	11306984	1
10828255	10833329	2
4627352	4659735	1
6074538	6074537	1
9502923	9502924	1
84826	84825	1
1732889	1732890	1
6344165	6344448	1
1178857	1185718	1
5384817	5470655	1
9643944	9643980	1
11538238	11535249	1
10449521	10449522	1
3759949	3759379	3
2873996	2876393	1
2672623	2672624	1
7624735	7624736	1
3153627	3153630	1
333417	333411	1
5632610	5632607	1
10974920	6121740	1
7971133	7971134	1
3190905	3190906	1
5889922	5889921	1
8994374	9078572	1
3118338	3118337	2
10960907	10966928	1
10831054	10831053	1
5341860	5385940	1
15427	8266	1
10811911	10811912	2
9092921	9092922	1
976974	976973	1
11508450	11507556	1
10879711	10879712	1
5943151	5943031	1
890677	890678	1
3611966	3607985	1
4026077	4026080	1
12192719	12192720	1
6960669	6960670	1
10700413	10706553	1
11929009	11929010	1
10715999	2506312	1
4926487	4926488	2
10602001	10721436	2
5011544	5011543	1
8606842	8606841	2
1235998	1168878	1
9817410	9817407	1
1125220	1316485	1
828468	828467	1
1398313	1789027	1
10584042	10584041	1
12037936	12037935	1
10162	14525	2
973998	973995	1
6733854	6733396	1
1997713	639575	1
1735163	1735164	1
960535	960346	1
12123044	12123132	1
1799869	1799870	1
3457837	3457842	2
9819533	9819534	1
2433282	2433272	1
10798901	10798304	1
5700441	5700471	1
11454830	4683585	1
322606	322601	1
11345473	11345624	1
1786670	1786667	1
6000078	6000077	1
5966708	5966707	1
5059332	5059331	1
6147901	6139912	2
10544180	10564048	1
2423540	2423537	2
7492707	7492708	1
5564511	5564512	1
12741	12742	1
11849037	11849038	1
12538657	12538658	1
11934788	11934787	1
6219407	7566900	1
4332918	4333592	1
1936740	1936585	1
4989874	4989873	1
1175276	1174626	1
12308127	12308128	1
3770805	3761779	1
8478546	8478545	1
6737563	6737564	1
10079029	10079030	1
3476259	3755723	2
426033	426034	1
5143566	5143563	1
10041365	10041366	1
3207872	3207869	1
12197299	12198820	2
11072655	11072656	1
922008	12783559	1
4406524	4406523	1
10832201	10832202	1
912612	912611	1
809961	809962	1
8367001	8367002	1
10762389	10762390	1
1174629	1174630	1
1962634	1962633	1
7736683	7736684	2
10605617	10605618	1
2164091	2164092	1
5499105	5499106	1
1298042	1298041	1
6582222	6582221	1
10700017	10557947	1
8338642	8344499	1
7693400	7695111	1
1645105	1645097	1
11626787	11624167	2
9850214	9850213	2
6377412	6377825	1
11520925	11520926	1
8809938	8809174	1
10521955	10522006	1
431090	431089	1
11442272	11442271	2
6075117	6090508	1
2012794	2009763	1
7603396	7607056	2
4651125	4481800	1
10671816	10671145	1
3730531	3720455	1
562988	562987	1
3032889	3032890	1
11863169	11863170	1
2693113	2693116	1
9300090	9299257	1
9054146	9030744	1
7340027	7340019	1
6488151	6488152	1
5577723	5582660	1
729757	854145	1
1899817	1899818	1
865237	865240	2
1477847	1477852	1
9543819	9544093	1
11983514	11983511	1
8293404	8293895	1
10392045	10392046	1
10458714	10458711	1
5950920	5951316	1
8815497	8815504	1
6423666	10189886	2
2223006	2223005	1
109509	109510	1
5697606	5697605	2
6727409	6727410	1
6918167	6915164	1
8030899	8030902	1
8093172	8093171	1
5347707	5347708	1
7258001	7258002	3
5305952	5303662	1
72110	9482920	1
8526927	8529559	1
9959331	9959332	1
8202980	8202979	1
6803075	6803076	1
3666447	3666448	1
11396062	11396101	1
1776177	1776178	3
9253893	9253906	1
2857043	2857044	1
10053894	10053893	1
4548686	4548685	1
1826273	1826274	1
11085666	11085665	1
3562857	3562648	1
5148983	5333035	2
8646688	8659680	1
3359851	3359852	1
8364792	8364791	1
9774117	9774275	1
6333637	6456790	1
3173916	3173915	1
2091435	2091458	1
2276138	2276137	1
11440030	11440026	1
2839193	2839194	1
12056366	12131648	1
7218934	7218933	1
9740705	9740699	1
3937978	3937977	1
10960962	10960955	1
3010963	3010966	1
2813706	2813705	1
602123	602126	2
191478	191475	1
8093174	8093173	1
6868957	6868958	1
9032380	9032341	2
5194044	5213203	1
3246413	3246392	1
2764069	2764034	1
5688519	5688520	1
8180895	8182173	1
2754203	2754206	1
1279116	1279126	1
11547636	11547635	1
1081759	1081762	1
1451697	1451698	1
1201064	1201063	1
1799867	1799868	1
6063480	6063479	1
3092358	3092361	1
6559863	6559864	1
4456330	4456329	1
6111458	6111455	1
6208767	6212578	1
6509108	6509107	1
8206472	8206471	1
4712942	4712941	1
9508498	9512893	1
472421	472422	1
10605619	10605620	1
8128603	8128604	1
6202936	6202935	4
10383811	10383812	1
169734	169621	1
7354330	7354329	1
8431427	8431428	1
9005647	9005648	1
8946885	8946888	1
10904186	10904117	1
1924376	1924375	1
3022617	3022618	1
9674133	9675425	1
6507283	6507828	1
4406522	4406521	1
6278466	6278465	1
2489582	4637940	1
5599832	5599831	1
3050127	3050128	1
9643894	9751795	1
5752503	5752504	2
6155677	6155678	2
2164087	2164090	1
11929011	4495033	1
9826061	9826062	1
3995112	4085785	1
9482921	9482922	1
233023	230906	1
1760171	1760175	1
2429239	2429240	1
9231778	9231767	2
1756386	1754685	1
2492617	2492655	1
3215886	3218090	1
2386449	2385966	1
4777181	4777184	1
472419	472420	1
9790287	9790290	1
1490682	1489999	1
3759947	3759948	3
9373745	9373746	2
10928132	10928131	2
5021621	5021618	1
11536854	4677087	1
3270095	3270096	1
12198821	12198822	2
8386017	8386018	1
729135	729485	1
2858638	2858637	1
612986	612985	1
8424823	8424824	1
12319305	12319325	1
12408656	12408526	2
12621094	12621093	2
11178974	11178973	1
3712125	3715047	1
2804413	2804456	1
7622645	7622646	2
5636429	6116772	1
2867175	2867222	1
9619153	9619154	1
3215888	3218088	1
2998805	3007913	1
7359604	7359603	1
5443468	5244582	1
845784	845701	2
7925452	7925579	1
6169157	6169158	1
513002	513025	1
7138564	3497463	2
11682562	11682561	3
4142284	4142283	1
8946890	8946889	1
8105349	8105350	1
5785692	5785691	1
11630301	11631982	2
8971726	8971725	1
6179822	6179821	1
1601746	1607203	1
9127714	8564360	1
9988961	9984368	1
2566251	2566252	1
7324364	7324363	1
12654749	12654750	1
1658416	1658420	1
4712707	4712943	1
9648518	9779425	1
10598559	10598560	2
4497074	4497069	1
6697539	6697557	1
3065347	3064443	1
833175	833099	2
10477596	10478352	2
3022619	3022535	1
3745357	3745360	1
8105351	8105352	1
11704070	11703996	1
5426247	5426837	1
419930	419127	1
5613383	5613384	1
2147984	2147972	1
3688961	3688962	1
1607204	1607203	1
12042581	12042582	1
3795578	3795577	1
1845175	1845176	1
4123120	4123119	1
3162611	3162612	1
6894358	6894357	1
6507283	6507826	1
238865	238866	1
10346732	10346731	1
6845758	6841616	1
11627288	11626681	1
12754522	12754521	1
10990014	10990013	1
5466299	5466289	1
4044716	4080338	1
2724446	2724680	1
6972730	7037310	1
3366355	3366358	1
3382272	3382271	1
8084567	8084568	1
5816911	5816889	1
6062927	6063350	1
9454501	9454502	1
6953977	6953959	1
4652852	4652851	1
11192805	11192808	1
669030	669029	1
8030745	8032811	1
3250354	3250346	1
5302865	5302866	1
9589067	9588405	1
2281013	2281014	2
11914635	11920120	1
4468270	4468269	1
10818610	10818609	1
6532996	6533013	1
7110924	7110923	1
2779897	2779898	4
5482962	5483385	1
8233414	8233437	1
9242406	9242405	1
5420539	5420540	2
2589581	2593270	1
4227874	4227895	1
6457400	6457399	1
