fend1	fend2	count
2639602	2639500	1
2617849	2536511	1
2998833	2998804	1
7965826	7965825	2
11347435	11624823	1
7285210	7285209	2
7914334	7914333	1
12316697	12316634	1
10216686	10216568	3
5469148	5469147	2
943688	936835	1
1504160	1546990	2
1464389	1464390	1
5473590	5513703	2
1849003	1849718	1
8521046	5793834	1
2455272	2450158	2
3939094	3939367	1
2619897	2615837	1
9130772	9130833	1
9429303	9429476	1
9820621	9820622	2
8730011	8730003	1
6351199	6351314	1
7562898	7562897	1
9694798	9694801	1
7790642	7790773	1
1015992	1015991	1
3405851	3405818	1
6903206	6902967	1
6006655	6006656	1
7495035	7497041	1
3255802	3378538	1
1743705	1743706	1
6098729	6098732	1
2484953	2386603	1
12642917	12642918	1
4696022	4696106	3
120014	122012	3
1076242	1076132	1
673212	673224	1
5799851	5799885	2
5132613	5132614	1
9605535	9605536	1
3029290	3028991	1
1184047	1184052	1
6712617	6793082	1
9030915	9030916	1
12774717	12774857	1
11429577	11429578	1
1421570	1421569	2
7696920	7696408	1
5304379	5300008	2
10800376	10799368	1
9469285	9469286	1
6915099	6915100	1
3039858	3039857	1
7309651	7343662	1
1959483	1991031	1
4271195	4271240	1
5551300	5551466	1
346804	287909	1
676302	676301	1
7544353	7544354	1
6442338	6442337	1
5689263	5689264	2
10289280	10289549	1
1612481	1612482	1
4716703	4664104	1
12654624	12656049	1
11096733	11096734	1
7917232	7917326	1
5640396	5640395	2
11476258	11478886	2
2902178	2901082	1
10349808	10349805	1
5551467	5551468	1
9180477	9180478	4
5800323	5805041	1
10592168	10592167	3
6415659	6415660	1
5907006	5916718	1
452194	452193	1
10301648	10301647	2
939423	939424	1
8239897	8239908	2
11453156	11453153	1
12683182	12680655	1
11325575	11325439	1
8033741	8033742	3
309766	301709	1
3072762	3072761	1
11341861	11341862	1
5637897	5637898	2
185771	185772	1
780115	780116	1
8855366	8855365	1
7444632	7444575	1
10230623	10230624	1
10023434	10023355	1
5142406	5142405	2
2928320	2928319	3
11463908	11463907	2
3521993	3522396	1
1020882	1020881	3
741283	741286	1
950205	950208	1
11968610	11968609	1
9392994	9390595	1
5868258	5870457	1
7929714	7929713	2
7285212	7285211	1
86400	11036110	1
767598	506329	1
3682588	3682566	2
4152474	4152478	2
12783805	12783806	3
12318817	12318818	1
5782184	5782181	1
9014783	9016535	3
3949133	3949060	1
8205371	8209119	2
2513918	3001714	1
12789690	12789689	1
462873	462488	2
6607247	6607249	2
7599478	1586621	1
11553828	11554819	2
2276616	5097654	1
12691106	12691098	1
7718836	7580053	1
10049937	9913324	1
5639646	5638852	1
3831681	3831682	1
5924533	5924428	1
7401659	7401660	3
11103034	11111469	1
7461316	7461315	1
10128411	10109719	1
12192137	12192143	1
2311475	2311476	2
5769545	5769797	1
8793154	8786706	1
10564822	10564821	1
6685997	6686013	1
7544337	7544352	1
5588475	5588476	2
8860357	8861200	1
9741409	9741391	1
12533765	12533371	1
6895504	6895503	1
2246740	2246743	1
11748256	11748255	1
9930933	9930934	1
7245341	7245342	1
8827444	8827443	1
12425157	12425158	3
1956146	1956143	1
2075215	2075218	1
4430711	4430712	1
12737006	12737005	2
9483606	9483808	1
7552085	7552086	3
11338665	11340543	2
9990256	9991337	1
2795689	2795704	1
1198524	1200967	1
1675598	1675572	1
9924772	9924788	1
2457236	2457235	3
6717014	6686380	1
9294926	9294913	1
8607875	8608540	1
8689158	8689157	1
9345972	9326103	1
7549365	7549342	1
7778267	7778268	1
7830749	7830765	1
7267726	7267725	1
7311425	7311426	2
5123586	5123585	2
1962640	1963341	1
2613699	2613700	1
6495059	6495060	1
11778580	11776154	1
7921199	7921086	1
1725938	1725935	1
4677187	4677188	1
4269390	4269389	1
1224661	1282986	2
4473981	4473982	3
2441327	2440614	1
4048584	4048583	1
4628041	10614757	1
9859931	9859932	2
3573507	3573508	1
10564538	10564537	1
164563	164648	1
2077168	2026389	1
1765684	1765681	1
12462553	12462554	3
7807451	7807454	1
8467857	2750052	1
9125264	9125263	1
6532766	417285	1
2928265	2928274	1
9866530	9866529	1
1299874	1299873	1
3643844	3643843	2
377885	382930	1
11332332	11332724	1
10165416	8281486	1
5857444	5857507	1
6867066	6867063	1
10895955	10895956	1
7279191	7279208	1
905519	604181	2
2941899	2941900	1
3652947	3652950	1
275444	278460	2
8200110	8200083	1
10743544	10743528	1
8430510	1007408	1
9120224	9120223	1
978407	978410	2
6410265	6410266	6
5588479	5588473	2
3574435	3574436	1
6782145	6782146	2
5374606	5374331	1
2663482	2663479	1
9253361	9253362	1
11867071	11867064	1
178939	178738	2
1635464	1637821	1
4491368	4491363	1
3942876	4067414	1
8233409	8232470	1
5335342	5335339	1
2730761	984704	1
9506587	9506588	1
2056106	2055313	1
7779537	7779538	1
8581622	8581613	1
10831040	6888782	2
3716945	3711052	2
12385811	12385812	1
11179347	11179348	2
12018406	12018409	1
7613621	7613643	1
936302	936301	1
6107016	6107015	1
11716304	11716303	1
9831926	9831914	1
12807541	12815073	1
12285044	12284978	1
6878105	6878116	2
5382395	5382396	1
9641001	9641004	1
4494484	4494583	2
3096274	3096271	1
8317850	8317847	1
1632687	1632688	1
5971571	10753090	1
4062930	7724416	1
6617044	6617099	1
1859328	1859327	1
4656506	4656505	1
2106621	2105158	1
7664615	7664616	3
1829596	1829595	3
11220874	11220873	1
5594553	5593970	1
1359093	1359094	2
7363763	7361173	1
4847131	4591960	2
630461	630462	1
1775157	1772414	1
1505441	1505442	3
6741792	6741734	1
7775608	7775607	1
9617733	9617734	1
11649608	11649611	1
12413121	12413122	1
5719240	5719239	1
7775606	7775605	1
9870029	9870030	1
9800966	9800965	1
7489539	7489540	1
11390127	11386906	1
7675385	7675388	1
5578523	5577471	1
6917608	6917607	1
5939445	5939446	1
10440671	10440672	1
5266585	5209843	1
2876967	2876968	2
7740726	7740194	1
11226258	90562	1
11184487	11184494	1
11068934	11068931	1
406369	406352	3
4848746	4848745	1
8986809	8986810	1
7237115	7237116	1
10909371	10909372	2
12767142	12767137	1
6738494	6738497	1
10476104	10476103	1
1558995	1558998	1
4341420	4341396	1
70379	70380	1
12013616	12014926	2
5568710	5567887	1
746642	746639	1
5425598	5425595	1
4717583	6627855	2
4841242	4841241	2
5660961	5660863	1
6752774	6752771	1
6428548	6428547	1
9709580	9709165	1
11854440	11854439	1
6203514	6213069	1
4653673	4653686	1
2435838	2435273	1
10761696	10762709	1
10616621	10617657	2
12322629	12322630	1
1414282	1409171	1
1714035	1714036	3
6547693	6547709	1
6219356	6266730	2
8359843	8363265	1
1165979	1165980	1
11257900	11257889	1
7185431	7185434	2
6927373	6927374	1
58314	58311	1
96307	96308	1
12184787	12184788	1
8194490	8194504	2
210110	210109	1
9552853	9552856	3
5689265	5689266	1
3079195	2588256	1
1267994	1269992	1
884511	884512	2
9107656	9107655	1
11231097	11230632	1
4856283	4527764	1
5981843	5981844	4
811056	811053	1
8024449	8024642	2
7496797	7496809	1
7488863	7492401	1
6831350	6831349	1
9907439	9907402	2
3511463	3578634	1
11390730	6523525	2
5757066	5757065	2
9295555	9295561	1
8813229	3486575	1
10686239	10673978	1
9113421	9113426	1
6969538	6969537	1
12004350	12004419	1
6108255	6108262	1
5322927	5322891	1
3940513	3940482	1
4134830	4134773	1
4827633	4832770	1
552163	552116	1
11756790	11756701	1
3467033	3467034	2
11587616	11587570	1
9586040	9584122	1
12133941	12137966	1
11493737	11493738	2
4077243	4077244	1
9038901	9038905	1
11022941	11022898	1
6843076	6843083	1
1670549	1670536	1
7453981	7454663	1
7940117	7940118	1
8242204	8194379	1
1109885	1109891	1
1791470	1791469	1
12152832	12152831	1
4676133	4676392	1
10763	10764	1
3742130	3742138	1
8086459	8088503	1
11197235	1469473	1
9972566	9972561	1
8806786	8806785	1
7210770	6907838	2
2117677	2115910	1
3363682	3363681	2
1542382	1542366	1
2815537	2815538	1
11124952	11124955	4
5918169	5918172	1
2731953	2731963	2
8642841	8642724	1
6894379	8204548	1
2989485	2989785	1
462871	462872	2
7237505	9114720	1
7550117	7549899	1
7320675	7320888	1
7267410	7267409	1
10331072	10331069	2
11932852	11929060	1
7204428	7202927	1
12690417	12683863	1
8497174	10682370	1
4584189	2322905	1
3888646	3888651	1
6923273	6923312	1
11179642	11179641	1
7456176	7456173	2
6476864	6476859	2
4695099	4695096	1
6332020	6331842	1
3940442	3940441	1
6555247	6555248	4
4777795	4777785	1
6657389	6657392	2
5283572	5282524	1
10362296	10362763	1
9245863	9245864	1
6181250	6181449	2
4658571	4650813	2
6637241	6636957	1
1752752	1752909	1
8860382	8860381	1
1010561	1008774	1
8306948	8300310	2
5926457	6428547	1
4084757	4084477	1
978407	978412	1
3562807	3562808	2
3555786	3555623	2
524606	521492	1
2362267	2362268	2
1294390	1294389	1
5153444	5170266	2
5057162	5057161	2
381857	381858	2
1773726	1773725	1
2866048	8500480	1
6013748	6013747	1
7247812	7248731	3
9130705	9130706	1
115773	115774	1
10697765	10697756	1
6105947	6105563	6
1529220	1529215	1
7845132	7845131	1
2089200	2088947	1
3143340	3143337	1
8900042	8900037	1
4664813	4664867	1
4024653	4024654	1
298333	298334	2
10570281	10570277	1
5150011	5150012	1
6953101	6953102	1
2178801	2178802	2
7127070	7127060	2
10906585	10906586	1
12118045	12118046	1
10218744	10222420	2
3398857	3594585	1
9507910	9508344	1
7998500	9091534	1
1491239	1434401	2
9339608	9288331	1
4717543	4717544	1
6203078	6108073	1
3825779	3825782	3
12607857	12607821	2
4055736	6362389	1
6981101	6981102	1
7012359	7012408	1
8399200	8399795	2
9254849	9254869	1
5816378	5816618	1
600264	598629	1
2759403	2779935	1
8486097	8486147	1
9693846	9693829	1
1625424	1625532	2
537287	537476	1
10918208	10918225	1
5127390	5127389	2
10551368	10551352	1
9624833	9624609	1
7578423	7578227	1
11175559	11175560	1
10880018	10881068	2
10532353	10532169	1
2297449	2418310	1
11453156	11453155	2
4782705	4782706	3
10994316	11042882	2
10060027	10060028	2
793297	792396	2
1139223	1139224	1
5221018	5221015	1
624062	537958	1
8538332	8538509	1
2023783	2023786	2
10773405	10773406	1
12256946	12259144	1
5650521	5652719	1
8365673	8364667	2
10258278	10256624	1
619968	524751	1
2997386	2997627	1
10088067	10088023	1
3509787	3509790	2
5460949	5460952	1
10118222	10118221	1
9540389	9540390	1
1526744	1526045	1
7972880	7973067	1
5282071	5282074	1
6886529	6886539	1
8478237	2877327	1
8790197	8785879	1
3321174	3321183	1
1617566	1617682	1
182606	182605	1
7406977	7401460	1
3463530	3463529	1
8242467	8242448	1
11130967	9954581	1
5805699	5805540	1
6984559	6984467	1
5011753	5010944	2
1274729	1274730	1
4303070	4303073	1
2729303	2729364	2
8356290	8356289	2
1259002	1259001	1
8284085	8283847	1
1618072	1614130	1
12021224	12021223	3
2463401	2462598	3
3323223	3323233	1
4251176	4251161	1
7347777	7347782	1
1215268	1215240	1
3902338	3830473	1
3789821	3789822	1
1601040	1601039	1
10693818	10694077	4
8033735	8033738	1
4802682	4802936	1
1167299	1167300	1
2401305	2401306	1
5367668	5352547	1
7438695	7438696	4
5358413	5358414	1
10433580	4003693	1
4372923	4372914	1
1231923	1235481	1
10799732	10799737	2
2613625	2613626	1
6758894	6758911	1
821751	859466	1
7918964	7918963	1
3488654	6861819	1
10002227	10003201	1
11069369	11069370	1
6104394	6104393	3
3260472	3260471	3
2593329	2593330	1
224696	224695	1
6318870	6318869	1
4396869	4953944	1
4049996	4049993	1
10616886	10616885	4
7629722	7629721	1
12180553	12179231	1
8453397	8453398	1
3247395	3247058	2
361442	361575	1
8843904	8843903	1
2092119	2092120	1
7444574	7444573	2
6844001	6844002	1
3102648	3069731	3
9299069	9299070	1
9372948	9372817	2
45384	45390	1
5644690	5644689	1
178733	178740	1
12186514	12186511	1
59383	59384	1
2006172	2006231	1
8453393	8453394	2
9238035	9237615	2
10880018	10881070	1
2007707	2008502	1
7636962	7636961	1
7563645	7563646	2
12575968	12575981	1
11501246	11501279	1
1276019	1276032	1
9715919	9715920	1
2552914	2553986	2
6551756	6551712	1
10905621	10905622	1
9967436	9967433	1
5284956	5288856	1
12626467	12626597	1
9658910	852064	1
11904015	11912510	1
12184707	12184708	1
1462701	1452475	1
12697352	12674278	1
809343	809262	1
9814992	9812139	2
9890492	9890491	1
6334832	6336647	1
9334421	9334465	1
3741976	3741933	1
6117558	6117561	1
3980645	3980646	1
4390393	4390394	1
5504701	5504704	1
2276866	2276865	1
12396706	12396761	1
12184785	12184788	1
2373672	2373669	1
1136733	1136734	1
5208301	5209842	1
9546077	9546078	2
6139573	6069291	2
8294388	7392844	1
7577029	7576176	1
10653386	10671378	2
3616394	3616397	1
12404331	12404332	1
8436941	8436929	1
5673016	5673015	1
7984173	9012571	1
9479576	9480003	2
10658763	10658766	1
7302908	7302900	1
8194505	8194506	1
6703666	9838067	1
2174321	2174322	1
1156725	1156726	1
8851345	7909566	1
2254244	2252580	1
7586643	7563921	1
6176430	6176531	1
5167084	5161417	1
1131663	1131664	2
3413373	3576033	1
11888635	11888636	1
2007105	2007093	1
3685188	3687868	1
6061161	6061130	1
1886847	1886848	1
9718822	9718821	1
12169733	12159918	1
3924355	3923670	1
10793440	10793443	1
9094356	9094429	2
1839405	1839408	1
9625751	9625752	1
2378753	2378756	1
6146741	6146742	1
6412793	6412785	2
7759205	7759124	1
12636478	12571111	1
3718708	3718707	1
12667305	12667306	1
9957354	9865168	1
2274731	2274699	1
4987336	4987335	1
11633037	11632921	1
5014638	5013369	1
4163900	4163899	1
5715491	5715034	1
2487991	2487992	1
10500728	10499354	1
6450150	6450149	1
5842265	5842431	1
1023196	1023193	1
5943580	5939523	2
8849479	7691212	1
1203271	1157011	1
7636964	7636963	2
7850382	7850381	2
4565273	5227768	1
976215	976005	1
920113	916263	1
2590723	2590110	1
10278476	10278475	1
1073074	1073747	1
8107578	8107575	1
2370667	2370668	2
3943779	3943782	1
6969013	6974039	1
12292776	12281851	1
1310566	1239962	1
10640801	10640802	1
2504447	2515186	2
7444632	7444573	1
8883137	8883138	1
10409820	10766990	4
5966247	6174690	6
12462441	12462442	1
3579526	3577951	1
10973229	10973215	1
10733366	4906324	1
7606150	7606149	1
3266198	3266165	1
185740	51253	1
12208375	12199683	1
3395235	3395151	1
10218423	10218424	2
11374427	11378464	1
8696855	8696856	1
859071	859072	2
3138025	3138026	1
6346501	6346502	1
7117190	7117185	1
6590307	6590308	2
1076792	1076789	1
7986107	7986155	1
6554770	6554769	3
9601177	9595063	1
5642012	5642009	1
2092118	2005433	1
8325529	8325530	1
11336515	11336476	1
11017782	11017781	1
8788464	8790945	3
587049	586463	3
4666815	4665771	2
3216299	3216275	1
6219358	6219357	2
6008788	6008704	1
11027135	11027136	1
11465431	11465440	1
7734232	7734435	1
10043021	10042924	1
5549722	5547454	1
9540397	9526488	1
2587252	2587249	1
1726430	1726429	1
11605968	11605967	1
10797464	10797461	1
5627842	5627839	1
2233299	2233300	1
6472973	6473171	1
3116333	3116334	1
7718161	7718162	2
9554042	9566614	1
12481118	12481105	1
11374425	11374426	1
6029694	6029814	1
10616619	10616620	2
5788572	5788228	2
3102266	8491714	3
8319578	8319577	1
9870029	9869847	1
2439805	2439715	1
7206302	7206380	1
10511892	10547684	1
6349950	6343209	1
10939145	10949628	1
11246616	11322722	3
11420790	11420792	2
7637276	7584804	1
12132230	12139364	1
5188521	4577370	1
5239988	5240018	1
3450732	3451001	2
12462555	12462539	3
5994996	8401380	1
2651118	2651117	1
10227684	10227683	2
3661966	3661965	1
4036337	3884935	1
5939443	5939444	1
4787312	4677081	1
8788466	8788465	3
4988171	5379252	1
10287640	10289405	2
5765818	5803357	1
629047	630390	2
9858826	10040154	1
1824453	1824443	1
9110953	9110954	1
6591906	6591905	2
921046	921077	1
12365986	12368037	2
12164362	12164359	1
9924075	9924076	1
8276435	8276436	1
9421646	9421643	1
9716699	636724	1
4166841	4162200	1
11887064	11887063	1
1609991	1609277	1
5293095	5299970	1
10745384	10745383	3
1921044	1919081	1
10229417	10229418	1
8902126	8902477	1
3336350	3337289	1
1716704	1716699	1
10222962	11154088	1
11656765	11656766	1
10099540	10099539	1
8875660	8875659	1
9604722	9604721	1
4105192	4105191	1
276522	8980579	1
4953820	4940318	1
5491111	5491112	1
5558864	5558861	1
3405804	3405772	1
1139225	1139226	1
6028615	6023585	1
8367619	8367622	1
3204309	3204310	1
7891059	7882993	1
11981207	11981208	1
2551159	7309956	1
5953254	5746422	2
4850703	4850704	1
8695653	8695629	1
7553284	7553283	1
9983102	9983055	1
7816723	7816724	1
6134855	6138623	1
140813	140801	2
258617	258649	1
1800161	1804525	1
1799105	1799106	1
4653055	4653486	1
4192442	4193330	1
1572220	1576666	1
8927896	8927871	1
11176788	11176778	1
3024733	3025434	1
367173	367174	2
7000561	7000329	1
12634951	12634952	1
5226852	5227860	1
4604856	4675713	1
1734219	1734220	1
8881572	8882714	1
3239980	3240111	2
7933453	7933318	1
5381545	5381546	2
8438488	8438437	1
9702453	9702456	1
1943378	1943368	2
5327465	5327466	1
2738463	2741887	1
1017756	973461	1
11728970	11759113	1
1133104	1133103	1
12184785	12184786	1
5533024	5533023	1
31554	31553	1
5534923	5534924	2
5769543	5769544	2
7805698	7805715	2
3570051	3569765	1
6480466	6480468	1
6578725	4721390	1
8130259	8130260	1
7282721	7282703	1
4577369	4577370	1
4073814	4073811	1
2606348	2606347	1
1584415	1584314	1
10253719	10253720	1
9569720	9569719	1
8617149	8617158	1
2263347	2263348	2
12170081	12171185	1
2067415	2068989	1
11371818	11371817	1
5715035	5715036	2
8899466	8899465	3
884511	884516	1
331562	331561	1
2474616	2474615	1
232287	232288	1
5799849	5799850	2
2928318	2928266	2
12720925	12720926	3
102209	229122	1
5460951	5460954	1
9352738	9351505	1
9010934	9010933	1
11300522	11300515	1
9027247	9013809	1
12311580	12311579	1
8032808	8032802	1
2172315	2172514	1
7593153	7703220	1
7984982	7985418	1
1714035	1714040	1
7786474	7786473	1
4759359	11453607	1
393191	393022	1
6981358	6979164	1
9347973	9347960	1
877419	877420	2
678747	6706314	1
10372183	10372186	3
7572771	7572772	3
11336477	11336478	1
7245343	7250807	1
7134190	7134200	1
11007751	11007763	2
5740334	5740244	1
5289632	5289769	1
9100703	9100704	2
10083704	10083280	1
4074733	4074734	1
1859330	1859327	1
6752770	6752769	1
11744725	11744716	1
12650539	12650540	2
6231237	6231240	1
8319580	8319579	1
6820084	6820083	1
643188	375148	2
10790120	10790119	1
4353940	4353937	1
7085030	7084977	2
3824627	3824628	1
2953906	2953905	1
6598859	6577333	1
5265054	5266450	1
5389264	5389263	1
5840707	5840708	1
1199533	1200009	1
1768736	1768735	2
11891104	11891128	2
8570293	8570381	1
4592778	4592777	2
5624680	5624679	3
8577419	8577420	1
767834	767733	3
6236234	6236362	4
5463475	5463476	1
7360375	7360378	1
8416836	8416820	1
1490983	1490984	1
4500884	4500883	1
6510977	6510918	1
11748054	11748049	2
7999114	7999113	1
404811	406590	1
12785906	12785932	2
11119453	10996571	2
5841035	5864712	1
8709606	8707602	2
10592166	10592134	1
872948	872978	1
8862032	8862031	1
8036160	8036003	1
11179640	11179643	1
4491368	4491361	2
12011945	12012090	3
9474828	9474827	1
4526254	4526253	2
6411339	6411340	3
5425346	5266748	1
5818052	5817953	1
1123053	1484365	1
3059435	3059429	1
8865367	8865368	1
3129024	3129527	3
9535899	9535900	1
5588477	5588478	1
10278654	10278653	1
10912387	10911859	1
5861400	5854497	1
3605848	3605874	1
581965	581968	2
8642725	8642726	1
1902404	1902077	3
11424897	11424867	1
6219354	6266730	1
5542330	5546193	1
3070666	3070677	1
4752544	4753444	1
1694868	1120031	6
1561348	1561350	2
10286745	10286748	1
7827545	7917375	1
10314051	10314256	2
11926708	11926707	1
1457328	1457327	2
10831040	6888784	1
1795144	1795093	1
3243959	3243960	1
9014243	9014244	2
6105562	6105561	5
11649645	11649648	1
285373	92672	1
1297403	1297404	1
1791882	1791881	1
11001733	11124953	3
5460951	5460952	4
5769545	5769795	1
2676940	2676464	1
12472117	12472118	1
3794927	3794928	1
7695275	7695242	1
9162429	7217127	2
4335584	4335583	1
8677464	8677463	2
7599478	1586617	1
10095497	10096302	1
3607947	3607948	1
9059584	9058974	1
5551336	5551330	2
9617735	9615443	1
10762311	10762312	1
3689230	3985323	1
3443892	3443891	2
4603558	4603557	1
4344471	4344474	2
7275342	7275341	1
7698054	7698223	1
565109	565110	2
11883472	11883653	1
9728035	9727872	1
3886622	3886619	1
5136431	5136406	1
4653675	4653686	1
6098733	6098736	2
4587337	4587340	1
9848582	9998515	1
96229	96230	2
765712	765711	1
9012245	9010794	1
8762483	8762484	4
9719521	9719522	4
10459043	10459044	2
2993083	2999128	1
2279124	2278711	3
10895825	10895826	3
10414076	10414016	1
6113142	6116169	1
215491	215516	1
1796068	1796067	1
4529663	4529664	1
2027748	2027763	2
7203155	7203156	1
86388	86391	1
604398	825913	2
5335729	5336844	1
4609790	4609789	4
634818	634817	1
2808592	2240721	1
10088022	10088021	1
10227521	10227522	1
558571	558559	1
7443996	7444026	3
8575261	8560996	1
6297964	6299738	2
978407	978408	3
2513130	2513129	1
11001080	10999081	1
9698369	9698370	1
4231072	4231071	2
1197156	1197222	1
367179	367242	1
5457214	5457213	2
10804290	10804289	1
3752184	3752183	2
12425159	12421016	1
420088	420087	1
5651987	5651988	2
12518426	12518425	2
2540184	2504626	1
9586042	9586041	2
2946963	2945406	2
624648	626250	1
1524105	1524106	2
5881815	5881818	1
10133990	10133954	1
2368571	2368572	1
3304272	3304271	1
2607552	2607551	1
1414214	1621401	1
6555251	6556019	4
11833016	11833015	1
10938627	10938630	1
10585420	10585419	1
3036191	3036192	2
10449143	10449071	1
5786992	5787025	1
6117079	6148172	1
12312583	12312584	3
6601952	6601951	1
1444940	1444939	1
6027243	6023017	1
12124519	12124520	1
4714965	4714968	2
12460469	12460470	1
8755649	8750308	1
8720811	8720812	1
3949858	3959285	1
8409927	8406214	1
11476262	11476259	1
7725551	7725531	1
5237325	5237330	1
11624901	11625914	2
7297780	7297777	1
8893726	8893725	1
11622459	11622460	1
3158386	3158385	1
10563936	10564823	1
366891	368287	1
7476925	7476926	2
5534939	5524921	1
8566390	8566393	1
1653715	1653716	1
1178372	1167263	1
3029784	3034261	1
2689035	2685521	1
8010920	8010980	3
9469287	9469288	1
37940	37947	1
8262321	8262324	1
10973635	10973670	1
11262149	11252133	1
9841618	9842387	1
5981381	5981382	1
629045	629046	3
1136731	1136732	1
5822707	5822741	2
1348052	1348051	1
9342847	9342848	2
6069276	6069275	1
10914240	10914239	1
1990809	1990810	1
10753089	10753090	1
9154503	9154558	1
6503087	6503427	1
7851878	7852456	1
11259328	11259327	1
3437739	3439581	1
2457234	2457227	3
8453395	8453396	1
334416	334415	1
1943369	1943370	1
11001084	11001083	1
8701654	8701636	1
2484951	2386603	1
11444189	12797069	1
3530133	3519080	1
7785881	7785846	1
1435961	1436014	1
10247870	10248104	1
1037633	1037634	2
5526549	5526655	2
5280131	5280077	2
332362	332357	1
11800142	11800175	1
10073055	10073056	5
6643439	4798099	1
2106619	2106620	2
11467128	11569851	1
11831770	7855494	1
4834230	4804600	1
7913888	7913793	2
5137675	5138718	2
7546435	7546387	1
4133717	4133742	1
10059963	10148590	1
1356493	1356374	1
1836342	1836339	1
1076788	1076408	1
6336648	6336647	1
12745006	12628066	2
6811364	6811363	2
10509451	10509454	1
11852700	11852617	2
4957045	4957121	1
10323223	10323224	1
6033262	6033261	1
11528337	11368903	1
12048354	12048351	1
11860013	11860018	1
8447383	8447384	1
7940760	7940525	1
6793466	6793465	1
11278486	11278317	1
11501061	11490361	2
11062450	11061548	1
7131939	7131956	1
10229417	10229420	1
11306323	11306326	1
1877533	1876710	1
9096859	9096860	1
831578	830641	1
4246375	4244359	1
1092973	1092974	1
8074623	8074624	1
11028720	11028348	1
9859475	9859476	1
5997590	5997563	1
10736905	10736908	1
3035961	3031550	1
12672397	12672414	4
10698135	10695883	1
12434870	12434877	2
7176123	7176154	1
2665485	2665486	2
9472660	11242925	1
9994646	9991550	1
5469146	5469839	2
2778340	2778068	1
12616596	12616623	1
7733204	7733203	1
1829600	1829597	6
9027529	9011452	1
6344686	6343672	1
4989782	4989781	1
7805290	7805289	2
10042855	10042858	2
8513564	8513574	1
6219358	6266730	2
7317589	7317818	1
3280768	3274954	2
7851501	7851445	1
1027807	1023926	1
10853252	10852400	1
2000900	2008086	1
10369573	10370393	2
884509	884510	2
12724874	12724746	1
10308994	5747896	1
4115492	4115491	1
6512014	6603372	1
310464	310463	1
6533313	6728368	1
11189719	11189783	1
1286703	1286678	1
1224642	1224641	1
3287549	3287522	1
4806444	6569908	1
8525543	8527812	1
6327626	6279187	1
12198419	12198420	1
12619759	12619760	1
8033739	8033742	1
9245861	9245862	2
9800962	9800967	1
3910483	3910484	1
1700807	1700808	2
7480571	7480572	2
9300839	9345010	1
10344450	10344564	1
10555466	10550332	1
3643842	3643841	2
6006653	6006654	1
9333381	9333382	1
2681220	2672379	1
9558972	9558917	2
7038139	7038135	1
206475	206476	1
3374463	3374464	1
5343814	5343813	1
6117995	6117996	1
3117055	3117023	1
1490712	1490711	2
9383012	9381300	1
43304	44049	1
11043634	11043633	2
4005909	4005910	2
12475583	12475584	1
3142390	3142389	2
8225412	8225421	1
6098965	3194543	1
242624	242623	1
789973	790112	1
7219951	7219952	1
6043321	6043322	3
9963819	9963800	1
1448039	1448040	1
2581365	2581366	2
4628041	4587061	1
4629588	4629675	1
581965	581970	1
1279925	1290058	1
5828204	5828301	1
1112035	1112117	1
9126510	9126493	1
10502750	10502749	1
2334728	2334725	1
630980	630941	1
10875178	10875181	1
3139757	3139758	2
1419642	1419591	1
675522	675521	2
6317172	6317171	1
156783	155649	1
7079710	7080068	1
11733235	11733236	2
7845134	7845131	2
11005016	1176595	1
2007123	2007124	1
4308937	4308940	2
2278391	2278396	1
5063831	11524766	1
3887512	3887537	1
3664738	3664755	1
3120928	3120925	1
2046720	2046717	1
11939740	11939682	1
3600039	3601440	1
6927373	6927400	1
12053522	12053853	1
5469838	5469835	1
1283834	1283833	2
7986105	7986106	2
5190853	5190881	1
1297351	1297352	1
5132997	5133191	1
11113804	10826823	3
10025287	9898230	1
7190978	7190977	1
1461400	1461399	1
10407825	10407826	2
4534648	4536895	1
8734373	8734969	2
9485119	9484729	1
5153810	5153807	1
6515623	6515624	1
10182753	10182754	1
1804949	1804950	1
1283832	1283838	3
2976798	2976797	1
903291	594404	3
8073731	8073769	2
533223	533502	1
7833932	7833931	1
11968608	11968611	1
5986367	5986400	1
37948	37947	1
6111190	6111189	2
10085430	10091454	1
12798905	12799251	1
8830238	8830234	1
8863447	8863448	1
6928005	6928006	1
6057133	6057134	1
9591031	5145308	1
8974865	8974866	1
6358334	6357361	1
9326102	9326099	1
8095069	8093923	1
12183208	12183207	1
1337607	1337608	1
6126495	6126496	1
12756311	12756312	2
7035767	7035768	1
1194544	1196807	1
12172127	12171998	1
10033228	10021375	2
11060441	11060442	2
10604043	10578622	1
3963046	3963045	1
10764293	10759850	1
11568799	11569093	1
2463401	2462600	1
9971064	9971063	1
8378862	8378865	1
5637895	5637896	3
11690113	11690114	3
11860011	11860012	2
8023666	5923654	1
11017776	11017775	1
11553830	11553829	4
2777570	2776204	1
4845095	4845096	1
11370333	11370389	2
8128871	8128874	1
12024833	12024781	1
5930108	5930122	1
8863451	8865366	1
11287154	11287153	2
748263	748264	1
5769348	5776642	1
1095731	1095789	1
1829594	1829593	1
7361008	7361051	1
7806746	7807122	1
6914696	6914695	3
4534827	4534828	1
11398956	442880	1
37946	37957	2
8276629	10441947	1
1393687	1393688	2
11266598	11266597	1
11040224	11040223	1
1015990	1015989	1
10054984	10054983	2
9692851	9661042	1
3157150	3157154	1
10607183	11940814	1
6811153	6811154	1
5329000	5331261	1
11170476	11169455	1
3087572	3087571	1
5537923	5537787	1
6801795	6802032	1
4120107	9114807	1
7229901	7229831	1
9130703	9130706	1
3250806	3250513	1
5843092	5843091	1
1794201	1794202	2
11043636	11043633	1
10432538	10370996	1
681436	777122	1
9954582	9954581	2
5568220	5568219	1
5928105	5928110	1
3071707	3007949	1
776572	776571	1
9936377	9935296	2
8731683	8731684	1
12318686	12318685	1
9125262	9125261	1
303174	303200	2
6345289	6344500	1
6202407	5919341	1
1839403	1839404	1
203089	203511	1
6738612	6738495	1
1383067	1378126	1
3601393	3601400	1
11237183	11237184	1
6263850	6266387	1
9293345	9293378	1
2529539	2529540	1
4267727	4268075	1
12006572	12002858	1
3255871	3255862	1
4939174	4940348	1
3978634	3978629	1
1196487	1196488	1
8220032	8220031	1
5150009	5150010	1
4340959	4198002	1
1235481	1231922	1
5019406	5019357	1
9806878	9806877	1
4039275	4039303	1
2512251	2508084	1
617076	617304	1
659383	659386	1
2121649	2121524	1
8185321	8185322	2
6406247	6415016	1
11252834	11261047	1
12655511	12655518	1
11817454	11822364	1
1255670	1255669	1
2979003	2551037	1
10892661	10892624	1
10281821	10281815	2
811058	811057	1
1558746	1558752	1
10328659	10330162	1
4669451	4669410	1
10693820	10693819	4
11124954	11124953	1
7864736	7865189	1
11790215	2315725	1
3130624	3130603	1
11733235	11733240	1
11886967	11886910	2
2676157	2676158	1
12180555	12180558	2
5102945	5102744	1
9665869	9668696	1
169318	169316	1
12013737	12013738	1
676304	676301	2
8533237	8533238	2
6519138	6519137	1
395124	395328	1
9654750	9654749	1
977177	961110	1
3244778	3244777	1
3671665	3679325	1
12549700	12451775	1
3547029	3547044	1
9391862	9394872	1
12244948	12245752	1
9761171	9761156	1
4474023	4306426	2
9840736	9839385	1
7923711	7923703	1
381088	381087	1
2158964	2266066	1
3512043	3512044	2
7063103	7063879	1
12486447	12486399	2
2998235	2997825	1
11491026	11492443	2
5879932	5879931	2
884530	884510	1
10286747	10286748	1
3327472	3327471	2
3643840	3643845	1
340097	307833	1
9795283	9794968	1
3398855	3398856	1
451196	451195	2
12053522	12053521	1
11779225	11779188	1
12013739	12013740	1
9974178	9974177	2
7060197	7060198	1
5341734	5341768	1
10924557	10924558	2
2989786	2983902	1
5310026	5312251	1
3274955	3274956	1
9120548	9120238	1
5123582	5123581	2
11007762	11007761	3
10413997	10414004	1
2053908	2041512	1
11589229	11589232	1
5079323	5079324	2
7239658	7239625	3
1626066	1626433	1
1790460	1784823	1
7833977	7833931	1
9468298	9468295	1
10927766	10927778	1
11625773	11625774	1
2594897	2596718	1
517370	517369	1
1978226	1978223	1
9492378	9492375	1
10693344	10693343	1
5617920	5626955	1
10124756	10124753	1
11453160	11453155	1
10253721	10253722	1
11001733	11124957	1
11476260	11476259	1
7177300	7177299	2
10406810	10407834	4
7268037	7268018	1
5654897	5654858	1
8447335	8447215	2
533171	532225	1
3622298	3622295	1
12550170	12550169	1
5266653	5267632	1
11071349	11071350	1
1313642	1314033	1
8739303	8653641	1
1452838	1131788	1
11634413	11573336	1
3588157	3588158	1
8191699	8204999	1
7446296	7446295	1
2316183	2316057	1
6379036	6378862	2
4526386	4526385	1
9867700	9884144	2
9922825	9921396	3
3044962	3044959	1
2560196	2560689	1
10370392	10370391	1
4192973	4192974	1
2505619	2505620	1
7561260	7566394	1
6607244	6607243	1
5123586	5123583	3
7577027	7576176	2
8185323	8185324	2
10173135	2850158	2
9830982	9830981	3
6668909	6668969	1
5285148	5285147	1
11865573	11865574	3
8653769	8653756	1
10498935	10498926	1
3245604	3245701	1
4532973	4533774	1
10076509	10076450	1
8379353	8379354	2
3559529	3559576	1
1301566	1301565	1
1131841	1131789	1
10895958	10895957	2
4211487	4211488	1
5580406	5580405	1
1106931	1106934	1
9419600	9419599	1
4526382	4526381	1
12757489	12651362	1
3363684	3363683	3
8793958	8793923	1
8711639	8711627	1
8627484	8626750	1
12270723	12270285	1
11101724	11101863	1
8881519	8881520	1
10272606	10272605	1
3521960	5204598	1
2651116	2651119	1
1346980	1346994	1
6714554	6714553	1
11284459	11284460	1
7994597	7994598	1
9472497	9472187	1
3583841	3583842	2
567487	567488	1
11003431	11003299	1
3520849	3520850	1
1612493	1612494	1
7158709	7159520	1
2452292	2452291	1
9927021	9927793	1
10011997	10013731	1
11042883	11042884	2
6263850	6263849	1
4823703	4823704	1
2110232	2162927	1
8291598	8291597	2
10222732	11179344	2
2780490	2780493	1
8731685	8734981	2
9342727	9342684	1
124203	124204	1
3497702	3497829	2
12524143	12524144	1
8227578	8227577	1
4024655	4024656	1
12571919	12571928	2
252615	252782	1
6953883	7038411	2
6343210	6343209	1
7186993	7186994	1
5927056	5927053	1
227940	228522	1
3388927	4710385	1
12312585	8043603	1
9866402	9866529	1
1626351	1627257	1
7284305	7284306	1
3617023	3605142	1
3265707	3265708	1
12299698	12299744	1
2421658	2458127	1
12672691	12672692	2
8374751	8374741	1
3318107	3317792	1
806043	805278	1
5934619	5934620	1
9820619	9820620	1
9004967	9004955	1
11554822	11554819	2
8646253	8646261	1
11257904	11257901	2
5500191	5500194	4
7017949	7018232	1
2584017	2583844	1
5347537	5309302	1
3141547	3141548	1
3445874	3445382	1
5128731	5129340	2
630471	630472	1
2981952	2981951	1
8407310	8407307	3
11836448	11845823	1
1018607	1018608	2
12607855	12607856	3
2581367	2580895	3
5210297	5210137	1
11398803	11398806	1
1902406	1902405	6
11760122	11760147	1
5096414	5096413	2
8948236	147751	2
10034540	10034535	1
10336974	10336328	1
6128729	6129972	1
1709542	1709787	2
8613507	8613508	1
634816	634815	1
7586643	7586644	1
10449070	10449069	1
2696873	2691657	1
6289115	6294081	1
2907949	2907941	4
3090673	3090776	1
10281814	10281813	2
3680306	3683083	1
6642361	9776288	1
997372	997371	1
4080242	3776556	1
7636956	7636955	2
75284	75281	2
3693735	3693736	1
10452708	10452707	2
12571929	12571930	2
5676558	5676474	2
5549726	5549725	1
7948550	7948302	1
3323232	3323231	1
7534541	7534527	1
7697929	7741039	2
1794197	1794198	1
6737523	6737437	1
1162942	1162941	2
8359448	8359447	1
8334501	8334502	1
4991716	4991715	3
1863803	1863804	1
11179345	11179346	2
12563435	12563438	1
10579031	10579032	2
7052211	7052212	1
7077190	7077189	1
11062031	11097337	1
1069545	10073226	2
12757722	12754854	1
3152611	3152612	1
12722080	12722079	1
567576	570969	1
2170201	2171435	1
9598611	9598612	1
5460953	5460954	4
5479125	5479128	1
5072016	5052126	1
9295560	9295559	1
1219902	1219901	1
12234998	12230400	1
674411	9703795	1
4291048	4291077	1
3890980	3890979	1
4150158	4150157	1
9959650	9842105	1
8860641	8860642	3
1140950	1140949	1
978409	978412	1
6037595	6037598	2
5123584	5123581	1
5829260	5828960	1
11175537	11175538	3
5989504	5989503	1
6465949	6465950	1
1626347	1626350	1
10052698	10034981	1
6507018	6507017	1
10196925	10196926	1
5927054	5927053	3
12362065	12365263	1
6963182	6962660	1
8575753	8575754	1
11780393	11780394	4
3037683	3037684	2
1773396	1773395	1
7596069	7596070	1
1248422	1248368	1
3246353	3246356	1
1736061	1736062	1
1531387	1531388	1
2833997	2835107	1
6422554	6422553	2
7912149	7912919	1
11939684	11939683	3
6640962	6640957	1
6947717	6948814	3
8860384	8860383	2
6769755	6769758	1
1143995	1134629	1
5719184	5719241	1
6530203	6522658	1
4204481	4206150	1
11778451	10327410	1
8741695	8741696	2
2658055	2658056	1
1224659	1224660	3
12757487	12757488	1
6107355	6107358	1
977448	977445	1
1140066	1140152	1
2564317	2564318	1
12204035	12204036	1
9719523	636495	2
10897647	10897648	2
194431	194432	1
1714037	1714040	2
10437108	10437021	2
6117077	6148172	1
9949118	9949117	1
9921903	11216702	1
4834396	4834395	1
2685385	2673104	1
12016177	12016208	1
5012981	5012975	1
10459045	10459046	1
4587339	4587340	3
6752774	6752769	1
7408024	7408395	1
9318585	9318586	1
3395705	3395706	1
5634441	5634157	1
11064665	11064144	1
8490170	8471716	1
8256759	8256760	1
12571919	12571930	1
7377224	7377223	1
9820623	9819226	2
2010174	2010171	1
12444323	12444336	1
2755061	2755051	1
7051732	7051735	1
9552218	9552852	4
6854978	6854975	1
9604720	9604717	1
51609	8730442	1
3910481	3910482	1
9967434	9967433	2
1527813	1527816	2
11992706	11988696	1
11908421	11908412	1
2107385	2107386	1
4698098	4698097	2
6593449	6593450	1
11224843	11224844	1
2061773	2061776	2
8719583	8719532	1
4698100	4698097	2
6756594	6756150	1
3548432	3548431	2
11318349	11318350	1
9541607	9541594	1
1044246	1044286	1
3283970	3283967	1
11841282	11841279	1
429721	429724	1
3635099	3635001	2
11591346	11400156	1
1365801	1365802	1
8080030	8080027	1
3240282	3242083	1
3022320	3021908	2
10775009	10775650	2
3017386	3017385	1
4374447	4386744	1
10991824	10991679	1
9152650	9147087	1
4257391	4257934	1
527368	527429	1
6376519	6285281	1
11431138	11431135	2
989769	989770	2
9670401	9691976	1
4075455	4075458	1
8028607	8028608	1
8378864	8378441	1
3585098	3583171	1
10255072	10255094	4
1724903	1724904	1
2269859	2269883	1
9866404	9866403	2
3165387	3159492	1
2584840	3077698	1
2194360	2194335	1
10981219	10209647	1
6209073	3662520	1
6477219	6477285	1
12156960	12157107	1
7845134	7845133	2
8281209	8281212	1
10366091	10366092	1
8425059	8425060	2
1935099	1935100	1
5829088	5829257	1
178935	178938	2
10563936	10564821	1
58314	58307	1
10887101	10887088	1
4168083	4168084	3
10338758	10338845	1
9259878	9259877	1
4592782	4592779	1
1390887	1391152	1
5285150	5285153	1
2704859	3153589	1
12183217	12182954	2
8414466	8416126	1
10826458	10826457	1
2833793	2833796	1
2109229	2109322	2
12772825	11044837	1
4814809	4814810	1
7939647	7939650	3
5780069	5750359	1
10693820	10694077	1
5017714	5018346	1
10533328	10533321	1
2786330	2735501	1
5844105	5844090	1
3109255	3109256	1
5406417	5407897	2
3680310	3680307	2
4192505	4192972	1
8604126	8613506	2
1935099	1935102	1
701779	702497	1
2425337	2425338	1
11297993	11297994	1
9152594	9152321	1
4396140	4402609	2
9521847	9521848	1
931701	957267	1
9177255	9177563	2
1942264	1942243	1
5772377	5772632	1
6110082	6110081	1
2076408	2363645	1
9004401	9004402	1
10547069	10548969	3
2660110	2659544	1
6519140	6519139	1
8262325	8262368	1
5844091	5844092	1
3734762	3733332	1
8488250	8488249	1
9162427	9162428	2
8644489	8644490	2
11849797	11849798	3
10083022	7402830	1
4587638	4585143	3
8446323	8446328	2
955025	861963	1
8341864	8341863	1
3369218	3369220	1
2540923	2536793	1
8765685	8765686	1
11217061	11217062	1
11869729	11869759	1
3546866	3546865	1
11530207	11581421	1
6681504	6681503	1
1803280	1803279	1
12353845	12353846	1
11782885	11836977	1
280612	280608	1
12204035	12204038	1
7190099	7190100	2
2039067	2039068	1
52235	52272	1
9861138	9861111	1
11540584	5959683	1
3910493	3910494	2
9367717	9367718	1
10506742	6486711	1
862011	862012	3
6281787	6281788	1
9251959	9251964	1
5209336	5209355	1
9630950	9630910	1
3671666	3679260	1
5386529	5386530	1
5959682	11540583	1
7242298	2135873	1
1612548	1612545	1
1333484	2893337	1
3278796	3952119	1
10557330	10557329	2
1969937	1969938	1
11654154	11652277	2
10694867	10694868	1
11790783	11790828	1
6928003	6928004	2
5961046	11582557	1
693076	693075	1
7617460	7613532	4
9146619	9146615	1
5693252	11993314	2
8853412	8853409	1
5214873	5214809	1
7905063	7906272	1
4077245	4077246	1
12521467	12521468	2
4327205	4324520	1
6740457	6740446	2
10512598	10512597	3
10767888	10776838	2
2846253	2846322	2
1745689	1745690	1
4343451	4343452	2
4124161	4124981	1
8691757	8691758	2
5483083	5483084	1
1090953	1091122	1
3898194	3898193	1
3860180	3860179	3
7598663	7626542	2
10787951	10218422	3
4587335	4587336	3
171955	172541	1
6037432	6037713	1
12671330	12671329	1
1468838	1468837	1
3247059	3247060	1
12569828	12569878	1
1551914	1551851	1
2599025	2598750	1
822713	822714	1
1533020	1533019	1
11761711	11760387	1
6300633	6300684	1
6277707	6277708	1
6315297	6315298	1
2308125	2399961	1
12549738	12549534	5
3449862	3403790	1
10466730	10466729	2
8477842	8477841	2
11242288	11242287	1
6639540	6639539	2
9626397	9626398	1
3622956	3623336	1
4597383	4597386	1
9419598	9425659	1
4479941	4479942	1
772569	9728179	1
8473765	8481939	1
9769121	9765231	1
11043638	11043637	2
7941795	7941137	1
3448178	3448177	1
5341279	5338538	1
7092042	7092045	1
10778053	10777578	1
9839362	9839359	1
5833765	5833766	1
7489532	7489535	1
596221	596217	1
12775782	12775781	1
8210738	8210737	1
6104218	6104588	1
4707709	4708683	1
2445774	2445773	2
3967617	3967618	1
7275344	7275343	1
1020882	1020768	1
8452937	8452945	2
6164623	6164624	2
3297464	3297461	1
10718688	10710444	1
849280	854385	1
11061549	11061550	1
4674071	4674072	1
6332020	6332019	1
1512503	1514871	1
3287549	3287550	1
5409747	5409761	1
7985522	7985503	1
8376203	8376204	2
8098759	8098760	1
2345789	2345790	1
8881150	8881858	1
6533218	6533191	1
683411	617073	1
11980714	11980713	1
2698107	2697855	3
7968528	7968694	1
3090781	3086621	1
9730466	9785236	5
1492305	1492306	1
1829600	1829599	2
10918240	10918286	1
1384176	1215020	1
10626202	10626325	2
3350414	3350588	1
8662257	8662230	1
5288230	5284152	1
7275344	7275341	2
765710	765709	2
2549413	2549314	1
2233198	2233298	1
2571520	2571440	1
11868613	11828886	2
5089966	5091273	1
12024826	12024825	2
5537171	5537178	4
3030646	3034551	1
5497261	5491240	1
5983731	5983614	1
8811390	8811813	1
1559001	1559004	2
621409	621414	1
3198502	3198505	1
7314722	7302199	1
8442605	8441882	1
1315363	1315364	1
5614807	5615053	2
339155	307574	1
2492647	2492648	2
7429839	7429840	1
2991608	2991573	1
2412457	2412369	1
11102215	11100855	3
4547131	4547132	1
7612838	7612837	1
8237191	8237192	1
6907864	6907863	3
6213396	462776	1
12740479	12664071	1
11460756	11459989	1
7598663	7626540	4
2494559	2494560	2
2902631	2902632	3
6186287	6186358	1
10088952	10088951	1
3402529	3402530	2
12618252	12608153	2
2922650	2922649	1
1886849	1886850	1
9442500	9442405	2
6098735	6098736	2
9943143	9943178	1
9714	9611	1
7641927	7641928	1
2574947	2574948	1
8245614	8245616	1
7024350	7024349	4
719164	719163	1
5431718	5431717	1
9637125	9640656	1
276520	8980579	1
8087269	8087388	2
6129160	6129159	1
7185435	7185436	2
2452290	2482335	2
6555249	6555250	4
8296865	8296856	1
12521469	12521499	1
10881069	10881070	1
4708664	4708663	3
9359527	9352274	1
449391	430107	1
8303317	8303318	1
5794215	5794216	1
6507028	6507027	1
11469883	11474226	1
11222273	11222274	1
8811390	8811815	1
9495515	9495513	1
1249218	1248353	1
5999658	6204878	2
4241169	4241170	1
12772978	12770469	1
12808175	12808176	2
10097280	10097279	1
11180154	11180153	1
11733241	11733167	3
1925549	1925560	1
349550	349549	3
5595397	5595398	1
83941	83944	1
9517443	9517444	1
636494	636493	2
4419936	4419935	1
10971899	10971902	1
4667182	4667273	1
4343453	4343454	1
2998244	2996714	1
5548074	5552939	1
12669071	12667852	1
4788695	9466283	3
10971901	10971902	2
7713065	7714210	1
4587335	4587338	2
6281785	6281786	1
2214400	2207738	1
12397956	12397955	1
9130567	9131316	1
6888783	6888784	3
9421535	9421536	2
7487772	7487719	2
8286836	8286394	1
4788442	4788441	1
6327629	6278990	2
4297413	4297760	2
9726699	9726704	1
10585422	10585421	1
11259332	11259329	1
11096289	11096290	1
7476927	7476928	1
5738091	5738095	1
9631222	9631276	1
8032917	8033040	3
1139215	1139222	1
3036189	3036192	1
8191643	8191663	1
5842430	5842429	1
917711	917418	3
8522973	8522999	1
4677480	4677345	1
7739418	7739421	1
10767849	10776843	1
6742961	6742964	1
243913	245780	1
5813356	5813355	1
10433153	10433136	1
659684	659816	1
5866478	5867433	2
30443	30444	1
11484548	11484597	1
12692682	12768354	1
5159503	5159465	2
6948384	6948133	1
9838066	9838059	1
3283060	3283059	2
5485322	2428528	2
1259004	1259003	1
9468292	9468384	2
7695243	7695244	1
1103344	1103448	1
11254453	11254454	1
5888064	5885405	1
8548768	8558669	1
11119650	11119649	2
6510149	6510150	3
2569994	2569991	1
90542	89958	1
3734764	3734763	1
7044370	7044344	1
1478466	1478368	1
12696732	12696410	2
3230551	3230552	1
11289028	11289077	1
2054244	2057056	4
1605992	1566264	1
3089725	3089728	1
5518591	5518592	3
5818052	5817955	1
11780395	11780396	2
5824447	5824448	1
275333	275334	1
10733460	10733459	1
4010899	4010900	2
8389505	8389623	1
1367235	1367236	2
5606822	5606955	1
10891760	10903827	1
9891546	9885916	1
12691099	12691028	2
9529583	9528590	1
10976543	10976949	1
7011914	7012833	1
10261654	10228866	1
9594498	9594497	1
11796856	11797433	2
8917275	8917581	1
2738270	12550171	1
8296202	8296050	1
3787252	3787251	1
3120943	6090103	1
6427613	6431479	1
9747198	9756317	1
12800817	12800818	2
6104392	6104389	3
663805	663806	1
2569992	2569991	1
10259611	10259614	1
1490981	1490982	1
9134592	9134681	3
12684919	6086048	1
3316299	3316300	3
978411	978412	2
4291076	4291075	1
7490348	7490536	1
6737431	6736959	1
3053175	3053198	1
6997032	6997029	1
9954661	9954662	1
1488052	1125758	1
5968677	5968678	1
4256057	4256058	1
3495065	3494734	1
7577027	7577028	1
7344981	7345623	1
10724244	10724234	1
10287208	10297758	3
2130943	2130944	2
9869294	9869814	1
123285	118843	1
4858859	4858965	2
7538930	7538929	2
425917	425918	1
7595104	7595103	1
10886547	10886466	1
8110826	8110760	1
10528572	10531486	2
6857780	6831351	1
12727915	12727916	1
4800820	5467060	1
2518684	2518683	2
10901983	10901984	1
11087381	11087360	1
5532188	5532091	1
5807000	5755694	1
9895212	9856081	1
1709652	1709651	1
2263349	2263810	1
2478861	2478549	2
10702028	10702013	1
2484951	2386605	1
5509931	5509865	2
6024319	6024251	1
3799179	3799031	6
4336101	4328792	2
12475585	12475571	1
3412556	3412555	2
1179318	1174058	1
20531	20534	1
3752182	3750745	3
2569990	2569989	1
12053520	12053853	2
5153446	5153445	3
12534306	12534301	1
3159493	3159494	1
3798492	3794373	2
366343	366344	1
691552	837426	1
6342779	6342780	1
12371273	12371291	3
12341693	12341696	1
6670137	6670138	1
6289331	6289717	1
1787355	1787309	1
12032210	12031866	1
5455671	5455672	1
5374604	5374331	1
3912925	3912726	2
9421529	9421534	2
11623867	11623868	1
8282511	8292983	1
12191232	12191231	2
4926917	4926022	1
4799512	4799511	1
6682902	4790780	3
10930663	10930664	1
2548689	2548718	2
2089651	2281181	1
7153294	7153293	2
3117860	3117865	1
1320850	1322467	1
3793764	3787250	1
9453079	9433088	1
6102071	6102072	1
7453340	7453339	1
2921350	2921349	1
7491062	7492204	1
6899106	6899086	2
5981845	5981799	2
11142715	11142716	1
862297	862299	1
2756154	2756242	1
6738496	6738495	1
11042885	11042886	2
3143340	3143339	1
11237181	11237182	2
10437489	10437490	3
6427009	6426674	2
196869	196870	1
1390885	1390886	1
7832292	7832291	1
6408738	6414192	1
7918966	7918965	1
10380303	10379457	1
10194330	10194327	1
5264890	5264889	1
10415030	10415025	1
9918548	9930530	1
1105815	1105798	1
7864490	7864489	1
12341693	12341694	2
766969	766971	2
6110084	6110083	1
1587413	1587414	1
2316399	2316400	1
1787363	1791471	1
833166	834333	1
779734	779751	1
9667101	9606472	1
3155629	3155632	1
1150208	1150205	4
5420528	5420576	1
11887066	11887063	1
6249396	6249395	1
891215	891216	1
7067482	7067481	1
11728968	11728967	1
3616229	3616230	1
962918	1021015	1
3745413	3745444	1
3752184	3750745	1
10054988	10055055	1
9287307	9287287	1
2872936	2872933	2
5794634	5794618	1
7600873	7616595	1
9099563	9099564	1
7758489	7758697	1
4646789	4644643	1
10059985	10060008	1
5830353	5830356	1
6849509	6849721	1
5455671	5455674	1
2500337	2500339	1
2397456	2397459	2
3186613	3186614	1
10885935	10886148	2
5459705	5459706	2
8308369	8308370	1
4558995	4559084	1
11246295	11246296	1
4588241	4588256	1
3556320	6365832	1
2627409	2627410	1
10097282	10097281	1
1463132	1463131	1
565111	565114	1
350839	350841	2
12771326	12771325	1
7249557	7249558	2
8984802	8984801	1
3444806	3444547	1
8858925	8858922	1
12231195	12231196	2
2316423	2316400	1
8533239	8533240	1
9512681	9512682	1
10557435	10557436	1
5412124	5412123	2
11780393	11780396	1
7032324	7031393	1
4010913	4010898	2
4084937	4084938	2
10055054	10055049	1
10903830	10903829	2
971838	971842	4
1794199	1794200	2
11451016	11451292	1
2811765	2811401	1
5625103	5625121	1
11833018	11833017	2
5811326	5813301	1
5481610	5458305	2
6375454	6379180	1
11194951	11195011	2
2130945	2130948	1
7661742	7661725	3
1117430	1117549	1
9874220	9874207	2
9667082	9675060	1
6927406	6927403	1
741132	741164	2
6141855	6141858	2
1168672	1168752	2
7854572	7854571	2
5521562	5521853	2
1567930	1567929	1
5833702	5700047	1
12748885	12748886	1
12648297	12648298	2
3557200	3557142	1
965455	965456	1
676306	676303	1
11565366	11565365	1
9932307	9932308	1
7242032	7242031	3
3677524	3677511	1
3612400	3612392	1
1741087	1741088	1
11070675	11044800	1
1510937	1508500	1
7960467	7961635	1
11429575	11429576	2
9265211	3418644	2
1325608	1325665	1
5526642	5526641	1
7915487	7109717	1
8643256	8646830	1
6097676	6097643	1
7092021	7092042	1
11671581	11671582	2
4283565	4283566	1
12663714	12663713	2
10118411	10118412	1
1334272	1334271	2
12480341	12480342	2
7670161	7670162	2
10499355	10499358	2
11868662	11868636	1
6204041	6204042	1
5181956	5131039	1
8708536	8708535	2
8218351	8220474	1
1490223	1489708	1
5851965	5851966	3
3587413	3587414	2
6393442	6393441	1
801739	931492	1
5335340	5335339	1
5455673	5455674	2
114570	114569	2
3643846	3643845	1
841859	825771	1
731570	735176	1
4187716	4187713	1
10560120	10557739	1
12018408	12018407	1
1035531	1035564	2
3793702	7953594	1
2132688	7076324	3
4632924	5453161	1
8814418	8814413	1
9841622	9841619	2
6345289	6345290	2
11868691	11868692	2
9740863	9747479	1
3506154	3506153	1
2344629	2344630	1
11605462	11605459	2
6728316	6729843	3
11848513	11848514	2
891440	891880	1
10118407	10118410	1
8492131	8493397	1
2460929	2507335	1
7818789	5577393	1
8171295	8171296	1
9847564	9847561	1
784097	784093	1
12358632	12361868	1
2254895	2254957	1
5836303	5832773	1
7849056	7849052	1
6192421	6192357	1
1255672	1255671	1
5981798	5981797	3
11527957	11527958	2
5933389	5933723	1
6734095	6734096	1
7123479	7123500	1
12814953	12814954	5
5769796	5769795	1
2089690	2090401	1
9678682	9785971	1
8812340	8812333	1
9552591	9554361	1
9567621	9567540	1
3360869	3360870	1
2263347	2263810	1
4854558	4854557	1
6979165	6979166	1
4669449	4669450	2
11764882	11764881	1
278133	275332	2
10152702	10241847	1
5374606	5374605	2
6681506	6681505	1
7456174	7456173	1
3863609	3863610	1
10194547	10194548	1
10111959	10111960	1
12500545	12500550	1
7670163	7656035	2
7732248	10802275	1
3662260	3827691	1
775596	807300	1
2456678	2455301	1
8338826	8338818	2
10537495	10537485	5
1601038	1607193	1
5518589	5518592	1
5142591	5142656	2
7334887	7334893	1
7414893	7414894	1
3302666	3302665	1
9535893	9535900	1
9859929	9859930	1
7786476	7786475	2
1430177	1430122	2
6525124	6525159	1
12719051	12719381	1
6579731	6579550	1
9579704	9580456	1
524088	524085	1
382246	642860	2
720499	720500	1
9691798	9728961	3
4991458	4991457	1
11911823	11911844	1
7242034	7242033	1
2632450	2633207	1
8379249	8379250	1
7712239	7712240	1
351008	8885362	1
564001	564002	1
8652486	8652490	1
9558974	9558973	2
5567097	5567098	1
2393086	2393085	1
7862358	7862360	1
1406979	5426248	1
12763033	12764848	1
3234540	3234546	1
12523678	12523675	1
7351078	7351075	1
11453158	11453153	1
6452684	6452634	2
8368851	8369007	1
9028085	9023045	1
11153201	11155444	1
8306609	8306610	1
8799328	8797841	1
10025289	9898230	1
367171	367172	2
1297275	1297278	1
8439698	8439712	2
10895827	10895828	1
1080278	8103993	1
5151301	5151302	1
11259326	11260742	1
5425061	5425062	1
7287595	7283485	1
5827982	5827981	1
863276	863344	1
9100387	9100207	1
6395001	6394486	1
5397744	5399633	3
5093995	5093996	2
6927375	6927400	1
3525517	6497065	1
1362232	1359092	2
7286346	7286305	1
11539649	11539652	1
616145	616143	1
10895827	10895830	1
10259615	10260259	1
3287551	3287522	1
7286117	2394830	1
2481986	2481985	1
3551479	3551493	2
11037683	11037700	2
90663	90664	2
12145557	12145558	1
3732631	4062415	1
4843927	4854665	1
7502044	11551165	1
658003	658004	2
6717351	662641	1
6410267	6414532	3
7190988	7190979	1
2378252	2378232	2
4675850	4607637	2
5828752	5828751	1
9472499	9472515	1
1748676	1748697	1
4343443	4343444	1
676306	676305	3
3456469	3456184	2
11190682	11190794	1
7446314	7446321	1
1263530	1262445	1
2747066	2747076	1
9569718	9569715	1
11664694	11664693	1
2484953	2386605	2
8033735	8033740	2
6187621	6187639	1
2484951	2484952	2
6085534	6086262	1
7360380	7360379	1
10337832	1073057	1
2454547	2580894	1
10561049	10561050	1
7667080	10971118	4
2320469	2555078	1
6204039	6204040	1
4254953	4254109	1
1781677	1781295	1
3596064	3596020	1
8001672	8001671	2
7317237	7317238	1
4425065	4425066	1
3022499	3015667	2
1390693	1390703	1
2971299	2971297	1
510545	608103	1
6749990	6749989	1
3949864	3949863	1
1325610	1325609	1
3187508	3187505	1
1490981	1490984	1
12168372	12168371	1
3708713	3708804	1
10300798	10301649	1
10404577	10404578	1
517727	517728	1
1552240	1556201	1
9839358	9839357	1
5908958	5902869	1
3167065	3167066	1
6394631	6394687	2
12747352	12747165	1
7767594	11173159	1
12592788	12592754	1
3860178	3860177	3
950696	950695	1
7909841	7909842	1
5839777	5840401	1
720501	720505	1
6624387	6623622	1
12136452	12136485	1
3301498	3301497	2
581969	581970	2
7242378	7242375	1
12771672	12771671	2
2258131	2257414	2
8615281	8616582	1
10097963	10101835	1
7553282	7553281	1
11994518	11994517	3
6513785	6513786	1
12447551	12570883	1
9009163	9010432	1
696023	684978	1
11793116	11793153	1
5900053	5900054	1
11922852	11880275	2
9477416	9477415	1
8107578	8107577	1
5004305	5007014	1
6167609	6167574	1
422095	422282	3
3237309	3237310	1
11172962	11172662	1
9529581	9529582	1
9380306	9380305	2
317592	297686	1
2270198	2115411	1
11429575	11429578	1
5799578	5799882	1
12576626	12576677	2
3427745	3427746	1
109519	109520	1
9187482	9111512	1
918590	918589	1
3314327	3312806	1
3898196	3898195	1
3912921	3912924	1
2892123	2890550	1
1710385	1711114	1
5644423	5644689	1
10896030	10895956	1
9841622	9842387	1
10102539	10099447	1
2107391	2107392	1
10182562	10182561	1
9967436	9967435	1
2827803	2734200	1
11106809	11106811	1
11363473	11363495	1
3615911	3614806	1
12466858	12466857	1
6084853	6084854	1
4075048	3831680	3
7178095	7178096	2
11183043	11182749	1
1608013	1601720	1
8847005	8847799	2
962989	963011	1
1628782	1626753	2
10253723	10253726	1
12137096	12137095	2
1133553	1134550	1
11719932	11719926	1
9530968	5994994	1
8948143	8948144	2
435501	435502	2
5975948	5972675	1
11869955	11870394	1
12473516	12519533	1
1678671	1678388	2
9969284	9969283	1
2278710	2278713	3
3246673	3246659	1
6401205	6394688	1
7382542	7382503	1
11879672	11879671	3
5163721	5163670	1
10433153	10433154	2
279438	279435	1
727114	727123	1
10331074	10331073	2
8928222	8928221	1
11561585	11565367	2
11484549	11487520	2
10414229	10414232	1
1617106	1617105	2
4021459	4021471	1
8642729	8642730	1
11453160	11453159	5
1174057	1174058	1
7610443	7610446	2
9259876	9259870	1
9384217	9384352	1
6546510	6546509	2
6609895	6609896	1
2062347	2068076	3
62219	10308586	1
8197672	8197677	1
2006605	2006608	1
734187	757743	1
3885111	3885112	1
1281210	1280840	2
10392424	10392404	1
573058	573210	1
12245735	12244953	1
5926457	6428549	1
8379251	8379256	1
12795710	12793781	1
12204037	12204038	1
4344475	4344476	2
12123738	12123775	1
8918978	8918977	1
2974937	2998974	2
4115490	4115489	2
12771324	12771323	1
7446295	7446314	1
8107574	8107573	4
10040155	10040043	1
9629324	9629323	2
12462215	12462216	1
12434873	12434874	4
9175066	9172335	1
9806970	9806969	1
4859955	4859989	1
6163439	6123749	1
10297113	10297133	1
6415212	6415211	1
2643150	2643107	1
12771326	12771323	1
8441166	8439986	1
9569301	9531537	2
5724214	5725412	1
881769	11499231	3
3274208	3274207	2
7710125	7709128	1
7553495	7553423	1
6569677	6569641	1
394831	394791	1
10894930	10894961	1
7446491	7446492	1
5827675	5820338	1
1643459	1644132	1
12437931	12436132	1
12814138	12813280	1
9702451	9702452	4
4344477	4344478	1
10004813	10004814	2
549083	550453	1
809343	809260	2
3371723	3371724	2
11287219	11287436	1
8827725	8827684	1
10201332	10201297	2
9367715	9367716	1
1644556	1644555	2
11623872	11623871	1
3951972	3260216	1
1932964	1932984	3
7000328	7000327	1
10191825	10191611	1
12353110	12353105	1
2951976	2952758	1
9877448	9877768	1
5007736	5007739	1
1472826	1472821	1
755286	755085	1
6720175	6720176	1
11991094	11988239	1
3527755	3528023	1
11221432	11220875	1
7427751	7427752	1
12622706	12622705	2
3607949	3617138	1
298406	298259	1
6310869	6310870	1
6004212	11899275	1
4087310	4093973	1
10007479	10007480	1
7239587	7240060	1
20291	20294	1
4678440	4678439	1
4714965	9468285	1
2747371	2747999	1
6437889	6437800	1
7456176	7456175	1
1295176	1597150	1
86392	86391	1
12187161	12187482	1
7887927	7887939	2
8708558	8708537	2
8589971	8589972	1
4675651	4675610	1
8507770	8507769	1
8271131	8271229	1
11663016	11663009	1
5735590	5737424	1
11989100	6122564	1
12577098	12572848	1
6543736	6543686	4
4372726	4372725	2
6555774	6555773	1
1256283	1256286	1
9560655	9560714	2
3426824	3426821	1
5089347	5089348	1
681657	777290	1
9325930	9325929	1
361074	362103	1
1508372	1432539	1
6802087	6802059	2
10025287	10025288	1
10088067	10088021	1
10384636	10384635	1
947782	947835	1
2740513	2740511	1
1796882	1796791	1
9492378	9492377	1
8420515	8420516	1
6788145	6788146	1
2255759	1891657	1
1323356	1324147	1
7251429	7251760	1
5257076	5257075	1
6769732	6796124	1
7764844	11879673	1
3936019	3936025	1
10895829	10895830	2
9257087	9257090	1
3036189	3036190	2
5526654	5526653	2
8070920	8070919	2
2734387	2938301	1
1804947	1804948	2
7999116	7999115	1
7695275	7695244	1
9733071	9734408	1
2109323	2109324	2
4665832	4665844	1
2606776	2606775	1
1488870	1489604	2
6480783	6480929	2
3831116	3831101	1
3357255	3357330	1
8247342	10972016	1
7719854	7719853	1
6681506	6681503	1
619970	619969	2
2261401	2261402	1
8367623	8367592	1
3046637	3046640	1
6896465	6896466	1
2996715	2996703	1
6361917	6361960	1
9433113	9429130	1
10042853	10042858	1
12682944	12682823	1
1280809	1312512	1
7237503	7237504	1
6151714	6151713	1
9294229	9294230	1
11043636	11043635	2
6481694	6480912	1
458359	459669	1
7871113	7871149	1
7230866	7230882	3
344654	344653	1
5269704	5268848	1
884530	884508	2
2440027	2440028	1
1699597	1699598	1
7455252	7455251	1
8128896	8128872	1
5791445	5791446	1
12613741	12610008	1
7131957	7131958	1
3163244	3163278	1
104961	229047	1
12227265	12227266	1
10708660	10708659	1
8917275	8917577	1
8271131	8271132	2
1136731	1136734	1
7703786	7703781	1
2653456	2260429	1
7239585	7239586	1
3678982	3678413	2
2577035	2577036	1
10454067	10454068	2
7284897	7284898	2
10629916	10629915	1
3384266	11318860	1
2897391	2897392	1
6741284	6750059	1
12741615	12741616	1
3893123	3893081	1
6123850	6123831	1
808114	806728	1
9439786	9439785	1
3111650	3109841	1
3552457	3552077	1
11062450	11061550	1
6519140	6519137	1
6334502	6334493	1
9073633	9077198	1
128867	128868	2
1798218	1798217	1
4239839	4239840	1
517373	517374	1
9737877	9737880	1
9088464	9088467	1
12540739	12540740	1
8473763	8473764	1
6315293	6315294	2
2461669	2461670	2
12397954	12397953	2
2279126	2279125	4
8874279	8874280	2
679595	678392	1
12434871	12434872	7
9521179	9521663	1
6849268	6849201	1
12349216	12349215	3
1558995	1559000	1
10567964	10723355	1
12021226	12021225	3
11664692	11664691	1
6436111	6436129	1
1686026	1686025	2
8227576	8227575	1
1504162	1504161	2
10392586	8025417	1
2811763	2811764	1
6981099	6981100	1
9492376	9492375	1
5646511	5647086	1
10073057	10073058	3
5824449	5824450	1
1458147	1458148	2
1631770	1632803	1
6185141	6185142	1
468428	472743	1
12456433	12456434	1
3789246	3790399	2
9452661	9451991	1
10238858	10240072	1
5820596	5820510	2
629045	630390	1
3301496	3301495	1
1243970	1248296	1
3745667	3745668	1
11483546	11483545	2
8917580	8917577	1
7502772	7502771	1
9020494	9020489	1
4082952	4082979	1
8937250	8937571	1
5003093	5002183	1
3048598	3048597	1
2339483	2339484	1
10741282	10741281	1
6165279	6123871	2
10178289	10178290	1
9096447	9095040	1
16622	11004106	1
3546868	3546867	1
9784223	9781489	1
6997034	6997033	1
5803700	5791443	1
3147100	3143336	5
5188521	4577368	1
3913060	3913331	1
11137690	11139547	1
11690183	11690184	1
11046827	11046828	1
3489330	3489329	1
775000	4803828	1
10055911	10054884	1
8664371	8664372	1
1996456	6425870	1
5647366	5647635	1
6587845	6581718	1
470123	470124	1
11911351	11916690	1
6345291	6344500	2
3275298	3275297	4
9781488	9781487	1
4081260	4081259	1
5814579	5814171	1
5642587	5642738	1
10012762	10012809	1
520979	520982	1
3023160	3023159	1
2856528	2864515	1
5549724	5549723	1
6939860	6939901	1
4922386	4922392	1
9984252	9984161	2
2718928	2234858	1
74393	8758067	2
11082150	11058189	1
1675344	1675726	1
8406835	8406670	1
11389423	11389424	1
7455250	7455249	1
5295123	5295111	1
5827688	5827687	2
10368840	10368839	1
7932619	7932620	1
4117482	4117373	1
7391885	7391886	1
1612544	1612543	1
7247526	7247523	1
1796768	1796767	2
11330600	2025226	1
4411143	4411026	2
11887066	11887065	1
676308	676307	4
12648293	12648294	1
11208088	11208105	1
3937081	3937124	2
9113425	9113426	2
6513783	6513784	1
2339	9025	2
2016354	2018779	2
5900055	5900009	1
11865575	11865576	3
11533018	11533087	1
4834398	4834397	1
11647731	11647732	1
7756368	7756367	1
5919791	468866	1
6557227	6557220	1
5817954	5817953	1
8407306	8407425	1
10322572	10322433	1
5079325	5079964	1
6437801	6437802	1
10130136	2870580	1
7703901	7703902	1
10439835	10439819	1
2007918	2006650	1
1912561	1866018	1
12184024	12184021	1
12718041	12718081	1
2378254	2378253	2
5116038	5115700	1
809269	809270	2
2345101	2345666	1
1106935	1106807	1
7861295	7861296	5
8716838	8716770	2
5194657	5194640	1
3641131	3652916	1
2395781	2395782	1
2008291	2008292	2
5096400	5096463	2
8846039	8846040	1
10180468	10179289	3
3405806	3405805	1
10899353	10899333	1
9474826	9474825	1
11388601	11388602	5
11987789	11987794	2
350855	350616	1
9360735	9360668	1
6585476	6582514	1
1300342	1297532	1
11088788	11088783	1
4265848	3158385	1
6789736	6789735	2
7779542	7779536	1
7285209	7285212	2
8533619	8533617	1
3397179	3437942	1
7093698	7093654	1
3630591	3630573	1
8534244	8533591	1
11547598	11547604	1
959783	963274	2
10433155	10433136	2
1548676	1545928	2
6163537	6163509	1
1083339	1083331	3
8218929	8218930	1
954129	954102	2
1189832	1189831	1
883918	883917	3
11387997	11387998	3
12375233	12375234	1
10234895	10234896	2
9518596	9518595	2
10416860	10349809	1
4291235	9389317	1
3866152	5252984	2
5628537	5682895	1
9869451	9869476	4
894656	894659	3
12164362	12164361	2
4675916	4675915	2
2448966	3107149	1
8954459	8954450	2
10853777	10855877	1
5546462	5546500	1
1337603	1337608	1
11744723	11744724	1
7499598	7499530	1
7274292	7274264	1
6812793	6812794	1
1458139	1458146	1
4675852	4675851	2
3360868	3360867	2
5561407	5561750	1
10063306	1068010	2
1101046	1101461	1
7024001	9085381	1
10894541	10893951	1
4687899	4687900	1
948541	948532	1
2291660	2291659	1
1640599	1640600	1
12342055	12342089	1
6641695	6640934	1
2812261	2812262	1
1873106	1901216	3
7436501	7436558	1
4312088	4309103	1
8365688	8365700	1
1787867	1787868	1
833756	719359	1
2569994	2569993	2
2817664	2817722	1
9733328	9780445	2
6045343	6045265	1
8182962	8181031	1
10326660	10326659	1
9288493	9269055	1
575862	608095	1
2875776	2875775	4
12472116	12472113	1
1545926	1545920	1
10517024	10570070	1
4305413	4305414	1
12479616	12479613	1
11617671	11617672	1
6601995	6601996	1
723489	723516	1
5761732	5761731	1
1514456	1514618	1
3036187	3036188	2
7928743	7928744	1
6445155	6444333	1
5565852	1582803	1
2755055	2755060	1
7726605	7726612	1
10886553	10886554	1
6332018	6331842	1
11175539	11175540	2
10895825	10895828	1
87499	87500	1
11836573	11836411	1
513755	513756	1
10176613	10176886	2
9080609	9079131	1
1586620	1586617	1
6023912	5633225	1
1367638	1374870	1
7364002	7139941	1
1137606	10234271	1
4046493	4046494	1
12408636	12405537	1
12005489	12005499	1
3395707	3395708	1
4531120	4531119	3
11404953	11404954	1
6091300	6091299	1
12378160	12377913	3
1231927	1234453	1
4080722	4080803	1
12261380	12261352	1
3244881	3244896	1
8175278	8174780	1
8813229	3486573	1
6167597	6167643	1
4562969	4562970	2
8093197	8093200	1
5588477	5588473	1
8271133	8271229	1
877450	877527	2
12598239	12600577	1
8688083	8691756	2
4823701	4823702	1
832100	794227	2
11553828	11554823	2
7124684	7125705	1
1643455	1643458	1
7935821	7935711	1
8999706	8997796	1
9971062	9971061	1
8128871	8128872	2
1448041	1462353	1
9428193	9428187	1
1189828	1189833	1
133909	133910	1
6061360	6061279	1
10860204	10860201	2
9148345	9188014	1
3526091	3526092	1
5144942	5134233	2
12482349	12234865	1
4858968	4858964	2
3590996	3549787	1
811052	811055	1
9988624	9989766	3
9930531	9930532	1
10393946	10393943	1
6772645	6772678	1
8236916	8245615	2
5240559	5240784	1
4751247	4751215	1
5182024	5182393	1
6679473	6679474	1
11449137	11449154	1
3978628	3978631	1
455252	455247	2
11007417	11007418	1
4987149	4987193	1
3860180	3860177	1
8055755	8055756	1
8825672	8825669	3
5221018	5221017	1
11770774	11770773	1
11231244	11231077	1
4926023	4926554	1
8577087	8577904	1
3817506	3807114	1
4876929	4877831	1
8492129	8492130	1
6141531	6141163	2
12730038	12730037	3
5096402	5096401	1
279256	279255	2
7851444	7852105	1
7760339	7761166	2
891275	891278	2
5802275	5802739	1
4513144	4513239	1
6093599	6093606	3
9496042	9496041	1
1256281	1256282	1
12622708	12622707	1
8338553	8338554	1
11283740	11283749	1
4173609	4173612	1
10704523	10704524	1
564003	564004	1
10445568	4020821	1
11717429	1870453	1
9854399	9854400	1
9767376	9759041	1
10078228	10077214	1
6384223	6384224	1
12239111	12239112	1
10217506	8406209	1
645245	645246	1
3384455	3384333	1
10903828	10903826	1
11171278	11171628	1
7800437	7897757	1
8561114	8561092	1
2513918	3001712	2
6761292	6761291	1
3039860	3039857	1
10347400	10347399	1
7850380	7850379	2
265477	265419	1
3054246	3035967	1
2607550	2607553	1
3547253	3547024	1
10001336	10001344	3
2039526	2039523	1
4745345	4642769	1
10839051	10839052	1
11170901	9921902	1
10243756	10244036	1
10233395	10233396	2
2130941	2130942	2
978409	978410	2
5041286	5041285	1
6334832	6336649	1
9866402	9866531	1
10334513	10334497	1
1568842	1568899	1
6198955	6198961	1
3553481	3402008	1
12604241	12604242	1
6021733	6021821	1
3706438	3706437	1
5191200	5191148	1
6120453	6119134	1
4614306	4660565	1
7876600	7876814	1
10693339	10693342	2
4002345	4002346	2
3395946	3396390	4
10171856	10171855	2
3783711	3783712	1
12187159	12187160	1
5620826	6977596	1
10804288	10805868	1
5804443	5804444	1
11625469	11625772	1
11387995	11387996	2
6117077	6117078	1
9235172	9235881	1
1109600	1104658	1
8416821	8419122	2
2501432	2501431	2
9949120	9949119	1
4714963	4714964	3
10708666	10708659	1
5559475	5561565	1
6098729	6098736	1
11093681	11058085	1
4198080	4227458	1
12672687	12672690	3
3039860	3039859	1
5778761	5822096	1
9904813	9903532	1
7024354	7024351	1
630469	630470	2
12194564	12195357	2
12679226	12679225	1
9113421	9113424	2
7075775	7075769	1
12191230	12191229	1
9727873	9727874	1
1966668	1966666	1
7104942	7105033	1
345835	277800	1
6555247	6555250	1
5383201	5383192	1
4705448	4700667	1
11335679	11333404	1
7932437	7932438	1
7950345	7950513	1
349980	436197	1
1664388	1665204	1
11929061	11929062	1
7710259	3508280	2
3096253	3096264	1
6499588	6499847	1
6165575	6165576	1
11401762	11401761	1
2597800	2597771	1
3788896	9107657	1
6397449	6397450	2
3991343	3991344	1
4039015	3886587	1
8342601	8342840	1
4372724	4364435	2
528921	528922	1
236477	236505	1
5928105	5928108	2
8868353	8866240	1
1077612	1077606	1
10139678	10135105	1
826385	826371	1
9831365	9830983	3
11254455	11254456	1
6706044	6706041	1
5266583	5266584	1
12024795	12024796	1
12004373	12004374	1
44101	44102	1
8625032	8697346	1
3995796	3995965	1
3526235	7013615	2
7944188	7944097	1
5596551	5596571	1
7695608	1189329	1
1131665	1131738	1
10381987	10381988	1
8208264	8215257	1
6501714	6501713	1
4359615	4360537	1
6651404	6651401	1
12520444	12520443	2
12242054	12242053	1
12311582	12311581	1
7055090	7055089	1
2339485	2314129	1
6315295	6315296	2
3231001	3166871	1
1612497	1612498	1
6016247	6016248	1
4677777	4677778	2
10532168	10532165	1
9161311	9161312	1
3798826	3798795	1
1790289	1790290	1
2226525	2226526	1
10778810	10778760	1
10991503	10991247	1
2653456	2260433	1
4116747	4116748	1
11605462	11605461	1
9904554	9904553	1
6133668	6133667	1
8607323	8606480	1
7618632	7618631	1
2192109	1846588	1
11987961	11987788	3
2894428	2894425	1
11451499	11448872	1
4396914	4365573	1
12625672	12625671	1
10193364	10193069	1
70801	70378	1
10301646	10301645	2
6610665	6610626	1
1444938	1445554	1
1085975	1085976	2
5548831	5548832	2
11463274	1898201	1
9512648	9512680	1
10412742	10412741	2
3634977	3634978	2
6275586	6275589	1
8344515	8344444	1
9587058	664575	1
12726848	12726851	1
3023198	3023161	1
5168950	5171804	1
7216857	7216538	1
2279124	2278713	1
2573617	2572778	2
5054493	5053108	1
1457330	1457329	2
7640361	7647772	1
3706433	3706434	1
8710585	8710602	1
8334503	2659263	1
6668997	6669002	1
7965830	7965829	1
12368057	12366840	4
8515705	8515706	1
879030	879029	2
10696165	10696166	3
10450042	10447441	1
3281885	3281820	1
2133024	2133021	1
6325485	6325490	1
1007934	1008003	1
5073064	5073063	1
11279218	11574088	1
1393393	1393394	1
6039894	6034885	1
9839362	9839357	1
350617	350618	1
2001429	2004742	1
2495415	2495416	3
10762338	10731533	1
4046955	4047055	1
9259878	9259870	1
954127	954128	2
9028083	9028084	2
11615661	11615599	1
8356102	8356291	2
7446290	10283432	1
12154988	12154753	1
3022497	3022498	2
7527348	7527347	2
6030644	6030643	3
11773338	11773404	1
11189235	11189236	1
1101245	1101246	2
7182269	7182270	1
1452474	1452473	1
1130534	1130554	1
2054763	2163076	1
7913989	7914335	1
2516137	2516138	1
7342472	7342425	1
7107676	7393938	1
1099588	1099564	1
10739521	10739522	1
5041287	5041217	1
2953904	2966048	2
3416030	3416042	1
8698550	8698549	1
3193683	3193579	1
11936802	10416061	3
3757352	3757396	2
4609000	4609003	1
12610315	12610325	1
1089801	1089802	1
10615082	10615047	1
12777601	12779572	1
1198526	1198525	2
7802717	7802718	1
3243465	3243466	2
950999	949629	1
10679379	10679394	1
8033735	8033742	1
11900136	11901532	3
1759114	1726431	2
9170774	9169021	1
2858820	2875649	2
7117409	7117410	1
12422680	12422679	1
8813396	8813359	1
11105890	11105889	3
11901378	11901354	1
11230605	11230619	1
8977723	8977724	1
5979488	5979487	1
2872934	2872933	2
12315253	12315432	1
9142754	9143132	3
5812252	5812249	1
11449367	11449368	3
658275	658276	1
2921630	2921668	1
6234607	6234608	1
6465287	6465288	1
3893248	3878835	1
5644423	5644691	1
1743052	1743051	1
12425028	12423634	1
2583614	3184582	2
4794981	4795039	1
9769119	9769120	1
1100463	1100028	1
906891	907037	1
197992	195837	2
5373164	5373161	1
11882993	11883001	1
6393440	6391334	1
8282016	8282013	1
420091	420067	2
8685029	8685030	1
4831120	4832639	1
2135883	2135884	1
11204845	11204846	1
3360062	3360388	1
4369936	4367436	1
203510	203088	1
3426826	3426825	2
9607523	9607526	1
10896030	10895954	1
6547947	6201206	1
3588152	3588151	1
1209656	1209556	2
10431098	10431097	2
10479634	10479638	1
3767321	6147825	1
6236363	6236364	1
11865577	7939646	3
7929712	7929717	2
6028240	6028233	4
4447040	4447232	1
2275828	2276867	1
1590138	1590137	2
1774254	1774251	1
11417378	11417377	2
11476941	11479373	1
6377016	6377013	2
4491362	4491361	1
6656999	6657002	2
3129526	3129122	2
9088466	9088465	1
6620975	6620976	2
5219462	5165793	1
5438961	5438962	1
4515335	4515336	2
554049	554035	1
4808631	4808632	1
1935101	1935102	1
2229761	2229762	1
9829373	9829374	1
3295378	10216273	1
8021722	8021732	1
3123145	3122791	1
9760444	9760549	1
5442357	5442358	1
6219360	6219359	3
1590136	7764357	2
7857292	3882594	1
11554343	11554264	1
10449506	10449539	1
3912222	3911996	2
2613321	2613332	2
9624398	9625275	1
4139335	4139332	1
10173055	10173062	2
8489112	8493057	1
11184691	11185078	1
12797425	12797426	1
1775813	1775814	1
3115585	3115372	1
11214623	11214624	1
1979768	1979771	1
334064	334063	1
2297442	2297430	1
12715546	7704001	1
3378598	3378636	3
2008293	2008294	1
803405	803406	1
7626541	7626542	3
12164360	12164359	1
6460437	6460438	1
7891120	7891094	1
3649440	3656198	1
4609788	4610054	3
5627333	5627334	1
9766076	9766087	1
2179160	2179164	1
12189745	12187909	1
6043323	10178288	2
10971899	10971900	1
3186602	3186612	1
2628626	10117189	1
5790156	5791394	2
10985250	10985249	1
6203213	5727822	1
2413901	2414700	1
10625258	10549322	1
10011186	10012071	2
7660165	7660585	1
1224663	1282986	1
2226523	2226524	1
1396562	1323149	1
5642205	5642294	1
4049568	4049992	1
5257566	5257624	2
10940359	10940360	2
2308123	2308124	1
9694753	9694769	1
10565466	10565463	1
10979205	10204958	1
720970	720967	1
7644616	7644615	1
3083186	3017889	2
2208259	2208260	1
5927056	5927055	3
1295757	1295758	1
10778814	10778813	2
9839363	9839968	1
11481428	11482155	1
4677779	4675774	2
8982358	8982375	1
7747886	7752019	3
7112739	7112736	1
11733237	11733240	2
5939447	5939448	1
6531052	9327804	1
1150449	1150454	1
6670139	6414185	2
11449155	11449156	1
10976990	10976989	3
11196218	11196207	1
8559833	8559834	1
5848162	5848159	1
5949576	5778195	1
6540309	6543285	1
608119	612478	1
4115494	4115493	3
6620977	6620978	2
397769	8901523	2
4591439	4591440	2
4070121	4068789	1
9531107	9531108	2
3923671	3923672	1
3643701	3643702	3
5994137	5994144	1
11741384	11741386	1
10029310	8273334	1
11306327	11306328	1
12543725	12543726	2
7644618	7644617	2
6491132	6491087	1
2122462	2122485	1
619241	616144	1
884513	884516	3
6153276	6147246	1
5791442	5791441	1
2445772	2445771	2
2953540	2953539	1
890162	890165	1
9299327	9299330	1
3308984	3309001	2
8618441	8609765	1
8093933	8095090	1
2941873	2941898	1
12532014	12532013	1
126491	126475	2
3831116	3831103	1
8545367	8552698	1
6981103	6981074	1
7858218	7857924	1
9644436	9644446	2
10286745	10286746	2
6422552	6422549	1
6697350	6713073	1
3282497	3282149	3
2606346	2606343	1
5533022	5533025	1
1959391	1959392	1
10103161	10103162	4
3624257	3628802	1
6788143	6788144	2
960674	961082	1
847341	847378	1
1612495	1612496	1
5880916	5880915	1
5779022	5779021	1
9862521	9860165	1
4698100	4698099	1
1588397	7698198	1
4521072	4521071	2
12565466	12565484	2
11000277	11000278	1
545600	545307	1
8128873	8128874	2
9793536	9793300	1
6957171	7064479	1
3858496	3858645	1
7856210	7856463	2
7190101	7190104	2
835893	9632041	1
6139235	6139294	1
2444254	2444253	2
7387394	7383014	2
2538194	2608008	2
11496727	11496728	1
9934151	1849180	1
499517	499506	1
11932496	11926709	1
2596487	2596488	1
7740170	7608551	1
4010911	4010912	2
680014	617246	1
1408121	1408122	2
5245146	5245145	1
12434875	12434876	3
9091191	9091023	1
110540	110539	3
10073053	10073054	3
3309866	3292410	1
7849058	7849057	2
3706431	3706432	1
4666086	11599719	1
9517964	9517465	1
2397480	2397457	1
9935704	9934626	1
2875206	2875205	3
9669402	9673093	1
7097612	7097604	1
299593	271927	1
1752582	5504577	1
11712432	9907529	1
10289669	10289688	1
11222275	11222276	1
9335442	9335432	1
4120343	4093787	1
5618439	5618465	1
11832314	11831733	1
11060439	11060442	1
10909371	10909380	1
3797392	3797387	1
7599480	7599479	2
8898377	8898378	1
7212353	7212040	1
2096729	2095128	1
6513787	6513898	1
2869835	2869888	1
9842104	9842103	1
3949061	3949062	2
10649687	10649403	1
1660836	1660835	1
10315819	8174863	2
11483532	11483547	2
6592806	6591905	1
1575738	1576047	1
2017661	2017664	1
242016	242625	1
9689784	9705943	1
11930104	11915768	3
6192420	6192192	1
9486801	9486802	2
3907686	3907685	1
3090276	3090275	1
7996973	7997330	1
7196852	7196851	1
1987349	1958131	2
6663269	6662664	3
8553184	8553224	1
6394027	6394028	1
11336606	11424077	1
2921632	2921631	1
10741392	10384580	1
11474509	11467289	1
4853898	4853493	1
8564671	8564672	1
5245076	5254250	1
6989906	6990612	1
7515645	7508984	1
10908196	10896362	1
7190097	7190098	2
847343	847378	2
5556455	5556456	1
4076029	4076030	1
2172315	2172316	2
9556547	9557343	1
10333874	10333871	1
9113419	9113420	3
1133106	1133105	1
7059904	7438609	1
9767206	9767205	1
6680649	6680650	1
2654083	2654084	2
11876061	11876062	2
12509568	12509538	1
3316301	3316318	3
809261	809262	1
349632	349629	1
8447335	8447213	1
10163918	10163917	1
10828339	10828340	1
10850211	9415758	1
10135715	10135630	1
10074316	7338792	1
4787309	4787247	1
4077247	4077248	2
8093195	8093196	1
2872936	2872935	1
10313538	10313537	3
6568349	6568389	1
6105622	6105672	1
11252020	11252019	5
5984848	5984590	1
7553422	7553285	1
1231569	1232818	1
9896252	9896251	3
11197130	11197074	1
9794557	9678031	1
11330910	11330909	1
10602344	10617132	7
10334207	10334232	1
3371822	3371821	1
5788351	5788364	1
9733328	9780447	1
761196	760973	2
8095498	8095068	2
2063966	2057658	1
6834321	6834322	2
11237181	11237184	1
2987235	2987236	1
1932459	1932460	1
5577392	5577391	1
9649921	9649922	2
11844182	11840130	2
8063678	8063670	1
6077529	6077530	1
780215	780082	1
8236916	8245616	1
1619704	1613335	1
9869477	9869478	3
11115841	11115842	1
5928109	5928110	2
2875778	2875777	1
7234614	7234945	1
2696797	2696798	1
8826823	8823731	1
4534752	4534822	1
3963313	3963316	2
3352410	3352409	1
6091298	6091294	1
9468294	9468293	1
9311311	5218623	1
12653909	455801	1
3759714	3767716	1
916019	949093	1
5655979	5656142	1
3739340	3739322	1
10805758	10805754	1
8846107	8846038	1
4669449	4669410	1
8384669	8384670	1
1238172	1238171	2
7965832	7965831	1
8384667	8384668	1
4587062	4587061	1
20291	20292	1
12356130	12356129	1
1783157	1783181	1
11457134	11457133	1
2941782	2941779	1
5505576	5505574	1
2172317	2172514	2
10334566	10337376	1
7001013	7001014	1
2032279	2032557	1
74391	74392	2
10173053	10173054	2
6288297	6284001	1
1224661	1224662	1
7427749	7427750	1
9781483	9781484	1
862013	862016	3
2477455	2478986	1
12312585	8043601	2
12574089	12412663	1
5709930	5709925	1
3622997	3622962	1
7344415	7344409	1
3700824	3702116	1
2379778	2379777	5
5557503	5557504	2
11662834	11662861	1
4735962	4783007	1
1020880	1020768	3
8387622	8387543	1
9012570	9012569	1
9386970	9387075	1
4077243	4077246	1
5647368	5647367	1
3082112	3082012	2
940227	940228	2
361795	361796	1
7913753	7913754	1
10045529	10045530	1
3888649	3888650	2
3686918	3686915	1
10331734	10317384	1
2720148	2720147	1
3198188	3198174	1
10798269	10798194	1
8830593	8829768	1
10981196	10209860	3
8793473	7650415	1
7987751	7987753	2
3963311	3963312	2
4684974	4684618	1
1761554	1761660	1
1610245	1610246	1
11160508	11160339	1
3095389	3095390	1
10704525	10706175	1
1904419	1892191	1
12618554	12615000	1
3694672	3695366	2
7092019	7092020	1
5537949	5537950	1
9449958	9678350	1
12494886	12494881	1
10691665	10691666	1
1041311	1041312	2
9992986	9992985	2
9378547	9378500	1
4057109	4057110	1
6030646	6030645	3
11920264	11920263	1
933686	911519	1
2902633	2902634	2
6874467	6974724	1
6266579	6266602	1
600474	600473	1
6274089	6274090	1
5319905	5319989	1
3581127	3488738	1
11600197	11600223	1
5095550	5095518	2
7369635	7370133	2
3040711	3042072	1
726142	726141	1
1653717	1653718	1
2468505	2468506	1
1057342	1057337	2
7648504	7648555	2
50676	50675	1
4509959	4439736	1
6651413	6651420	1
12798525	12798513	1
211872	211869	2
2373099	2373100	1
3486574	3486573	1
7175888	7175807	1
6278991	6464473	1
11605460	11605459	1
3198378	3198509	2
5459614	5459613	3
7649859	7648845	1
4084931	4084932	1
664093	664094	1
3891258	3944610	2
5588475	5588478	1
7048625	7048626	1
9574296	9574332	3
8365959	8362331	1
2260620	2260619	1
5010206	10888084	1
11188859	11188860	2
11453154	11453153	6
7807946	1196964	1
2749015	3143011	1
5952772	5952688	2
2774605	2774606	1
5697258	5697254	2
10904699	10904706	1
5799681	5785183	1
9107889	9107826	1
10883524	10883523	1
5894274	6050098	1
86390	86389	1
847341	847342	1
3734764	3733332	1
7113767	7113468	2
8107576	8107575	2
8236918	8236917	4
1167301	1167307	1
346404	660873	1
9029923	9029924	1
4115494	4115491	1
1795023	1795157	1
5285150	5285149	2
3198287	3149326	1
12007168	12007167	1
10888633	10888643	1
9733069	9733070	2
8633442	8633441	2
11539729	11539730	3
5412122	5412140	2
8556606	8558503	2
1700812	1700806	6
6309229	6309230	1
3039856	3039855	2
11920268	11920265	1
12345847	12345867	2
7997497	7997498	1
10238862	10238859	2
998143	998069	1
6928003	6928006	1
11645312	11656436	1
6633601	6631182	1
11654632	11654634	1
3650044	3650043	1
7944139	7944116	1
12456435	12456436	1
891277	891278	2
11214625	11214626	1
4953436	4953435	3
3194542	3194541	1
5330840	5330897	3
9990279	9990275	1
11417820	11421046	1
629200	629714	1
1390289	1390290	1
11179022	11179019	2
4622108	4622107	1
2530673	2530592	1
6192193	6192194	1
11130967	9954583	2
3072786	3072763	1
9352106	9352317	1
6932004	6932628	3
11262522	5605580	1
11084955	11084926	1
1101505	1101432	1
9881267	9879162	1
11338341	11338348	2
3701465	6158590	1
20293	20294	1
7923713	7923703	1
9068700	9068699	1
8182750	8183085	1
248369	248210	3
4698096	4698095	2
6163557	6165574	1
10811736	10811735	1
7620709	7619426	1
1791468	1791467	1
11385401	11385407	1
10660830	10457159	1
11847525	11847526	1
4065100	3697867	3
598669	598657	2
6812787	6811719	1
9786174	9786173	1
10798197	10797690	1
3059433	3059429	1
8350715	8350721	2
3096251	3096252	1
5358415	3766035	1
6241068	6241065	1
2817223	2817164	2
4653673	4653674	1
4566795	5205413	2
11539072	11551513	1
2307609	2307605	1
2919731	2919433	1
2569992	2569989	1
10744922	10741696	8
10737005	10737008	1
7756435	7756541	2
6353996	6564576	1
1580967	1580968	1
2130082	2130088	1
1266179	1266180	2
7162849	7162907	1
3889168	3889165	1
10605099	10605100	1
119960	119959	2
11171280	11171279	2
1601721	1601722	1
10458839	10458820	1
595623	507771	1
9392880	9392857	1
902002	607799	1
1324733	1324810	1
9727875	9727876	1
12688312	12688311	1
4584667	4584668	1
9030913	9030914	1
5182428	5184523	2
10295506	10295503	1
1669014	1669013	1
5384391	5384392	1
1379778	1379877	1
7008948	7008947	1
5983615	5983616	1
10295502	10295505	1
875504	875480	2
9551597	9556220	1
9372558	9372557	6
66251	66252	2
366341	366342	1
7798527	7796275	1
4080794	4080793	2
1800621	1802881	1
5806220	5806223	1
7630544	7611087	2
8548877	8548880	1
4526256	4526255	3
4585284	4585269	1
9629322	9629321	2
4850842	4850837	2
12462538	12462537	2
3588152	3588149	1
1442417	1504538	2
5898788	5898787	1
3676539	3676540	1
11453158	11453155	3
37940	37957	1
10872940	10872967	1
2319846	2319845	1
11161126	11161125	1
9712199	9712200	1
8447214	8447213	1
11533795	11591033	1
2196260	2196840	1
6034602	6027981	1
394146	394145	1
9693706	9693775	1
6293717	6375036	1
7975307	7975271	1
999955	999906	1
11506441	11506442	1
10075838	10075760	1
8828062	8830239	1
7325089	7325913	1
2061690	2061235	1
4353639	4354795	1
7634841	11136856	1
8065560	8065559	1
6015264	8047098	2
4344954	4344953	2
10040782	11159234	1
4282466	4282463	2
10545902	10545901	2
8073057	8073058	1
7249559	7249562	1
11175561	11175544	1
11105876	11105765	1
10897679	10897680	1
5263865	5263866	3
7098822	7098821	1
9299668	9299390	2
2930661	2930662	3
11070796	11070795	1
7640793	7640779	3
5505523	5505524	1
2686497	2686498	2
10245699	10245700	1
11203192	11203170	1
10697716	10697718	1
5731803	5731804	3
8863449	8863450	1
145265	145266	2
9930711	7327338	1
10317784	10315995	1
9715766	9715763	1
2650250	2650247	1
6592541	6592774	1
7098824	7098823	3
946516	946515	1
1156079	1150523	1
10527476	10527704	1
9299325	9299326	2
12597656	9755144	1
6700840	6792551	1
7446398	7446297	2
6047417	6047152	1
10877523	10877537	1
11651022	11650910	1
2021361	2021364	1
3558515	3488354	1
3521763	3521703	1
632965	9719500	1
7022725	7024351	1
8965643	8965619	1
8729148	8729220	2
8181030	8181029	1
185050	185049	1
9856600	1064626	1
5808260	5808280	1
2316423	2316398	2
6495059	6495062	1
3629947	3629948	3
2613429	2613400	1
12303216	12288848	1
5460949	5460950	4
7076325	7076326	2
1086717	1086718	1
2606348	2606343	1
9058986	9058985	1
344656	344653	1
898778	898989	1
9531142	9531106	2
7937408	7937424	1
891275	891276	2
10339145	11790277	1
11453158	11453157	2
6710567	6710735	1
1847715	1847713	1
11740331	11740332	1
6713338	6713368	1
567485	567486	1
1348050	1348049	1
905901	905902	1
10207795	10207796	1
12800815	12800816	2
7819876	7821947	1
4701087	4701054	1
4644849	4653411	1
8844040	8843905	1
6609122	6600657	1
9830808	9830819	3
11912811	11912699	1
12392007	12393234	2
10634921	10482690	1
6811362	6811361	2
5205516	5205504	1
88925	88917	1
11483532	11483545	3
172035	172270	2
4429096	4429093	1
9992984	9992987	2
11170901	11216702	2
2875204	2875203	2
345773	278951	1
7451325	7451607	1
11605966	11604651	2
3020596	3012885	2
8644491	8644196	2
12553278	12553277	3
7129754	7129767	1
10153739	10153740	1
4024657	4024658	1
5124365	5132971	2
1981986	1983024	1
1334270	1335533	2
4984709	4984788	2
6318315	6391066	1
6029629	6029427	1
8490831	8490824	1
6277353	6277249	2
4426324	4426343	1
6793464	6793463	1
3200530	3200756	1
589830	589829	2
7746261	7746262	1
8036272	5816461	1
5993292	5993290	1
4991714	5010300	3
1156539	1157080	2
3487176	3487175	2
8821579	8821582	5
12021222	12021221	3
11388814	6005762	1
369357	367175	1
10880949	10880950	1
1088859	1088842	1
2006776	2004097	1
4782720	6702689	1
11944511	11944504	1
3591617	3549999	2
8074493	8074419	1
10557433	10557434	2
6620979	6620980	1
5313310	5313235	1
11585484	11548015	1
9896415	9896253	2
9742658	9742657	1
11001082	11001081	1
11450043	11450046	1
11872873	11770766	2
8642727	8642728	1
3247641	3247851	1
7820062	7820107	1
9426816	9426813	1
11998535	6488025	1
5981843	5981799	3
5658733	5659127	1
4547647	4547640	1
7003080	6846334	1
504409	5766413	1
8986811	8986799	1
6500245	3637979	1
2124004	2126371	1
481063	5944782	2
9930533	9930818	1
6601950	6601953	1
7704480	7704702	1
1654242	1654241	1
11474608	11474607	2
11063846	11063845	1
10518984	10519180	3
10005626	10005694	1
4939176	4939175	1
12622723	12622727	1
9954663	9955672	2
1574394	1575539	1
4723562	4723561	2
3186648	3186785	1
11330789	11426030	1
8201524	8245639	1
8898898	8899471	1
5558866	5558865	1
4308931	4308936	1
6804100	6804099	2
8447214	8447211	1
9702453	9702454	2
2872936	4792312	1
6659234	6659192	1
5853498	5849124	1
5196034	5194705	1
110538	95972	3
758461	762870	1
9518594	9518555	1
2445774	2445771	1
5697264	5697261	1
3937079	3937080	3
1663657	1130629	2
44056	44371	1
11089641	11089650	1
4723885	4723886	1
3350595	3350596	2
5467584	1585028	1
8378440	8378863	2
9249796	9249667	1
5971571	10753088	2
12762330	12762329	1
634814	634811	1
5860599	5860591	1
10088952	6136877	1
3206058	3205547	1
998198	998144	1
1989609	1989612	1
4748148	4748147	1
8753970	8758958	1
31978	31977	1
12785047	12784539	1
6152430	6152429	1
5447378	5256242	1
10332427	10332400	1
2260432	2260429	1
7242034	7242031	1
9761715	9761716	1
169429	168275	1
9713815	9711342	1
7192439	7192440	1
6906999	6907174	1
2837759	2268627	2
8547397	8547420	2
12763271	12763272	1
11060439	11060440	2
11754173	11753924	2
7497918	7495093	1
1349208	1349834	2
11586314	11586313	1
10227523	10227526	1
2077724	2077447	1
3019502	12791829	1
8898375	8898376	2
12452834	12452850	2
12442234	11693254	1
3544185	9347972	1
11420793	11420625	1
1717194	1717193	1
2897389	2897390	1
8807871	8808209	1
90540	89958	2
6502153	6501713	1
8513562	8513574	2
3318403	3318406	2
7456177	7457316	1
7966716	7966557	1
8826821	8826822	1
4075675	4074577	1
1979770	1979769	1
6831345	6831346	1
3676541	3670943	1
2717535	2715459	1
6098729	6098734	1
8011360	8008975	1
11063269	11063270	1
6948090	6948098	1
2860604	2860603	1
5518589	5518590	3
7833977	7833933	1
4005911	4005912	2
9477414	9477413	1
9778486	9777951	1
800250	926685	1
7095073	7095074	1
6306085	6306086	1
7364846	7329270	1
3803604	3803553	1
8397565	8397606	1
777684	762512	1
10529148	10529245	1
10637135	10638323	1
5813955	5813933	1
7856951	7860206	1
8328854	8330059	1
5352674	5352671	1
10747862	10755991	1
12675731	12675722	2
1757323	1757324	2
6679050	6679065	1
1116144	1115484	1
10112801	10112802	1
3729404	3729310	3
11385440	11385439	1
10708666	10708661	1
8789668	8789663	1
309897	309898	1
5467584	1585026	1
12672499	12672500	1
12422678	3249059	1
7768316	7768315	1
12341695	12341696	2
7317235	7317236	2
11783475	11783478	2
7915501	7915486	3
6728285	6728248	1
1794203	1794221	2
6740564	6740561	1
2049159	2049160	1
12784155	12783804	4
5123584	5123583	1
2644127	2642342	1
3788417	3794256	1
6274087	6274088	1
11021979	11019249	3
9467554	9467440	1
6427449	6421634	1
7805748	7805747	1
1584987	1584988	1
1472820	1472823	1
840701	901023	1
4587337	4587338	2
12364624	12364623	2
1970090	1970089	3
9006192	9006206	1
3461648	3462952	2
11849161	11849162	1
10897670	10897669	2
12794907	12789049	1
5582200	5582199	1
10344617	10343781	1
11871173	11871151	1
9902671	9902672	1
8101274	8101273	3
7237390	7237114	1
1337603	1337606	1
11431134	11431964	1
6028457	11316849	1
7773589	7774433	2
1902093	1902407	1
7055088	7055103	1
996861	995738	1
8612694	8612677	1
4065317	4065401	1
12765603	12768771	3
11172950	11172949	1
7115732	7115731	1
8273145	8273377	1
8564469	8564472	1
9481189	9481197	1
2253244	2189620	1
5409747	5409763	1
2135169	2139729	1
2093130	2116597	1
1678876	1672900	1
258617	258647	1
1306429	1306018	1
5543040	5543058	1
492274	490763	1
468846	468845	3
3001713	3001714	1
1570146	1570143	1
10289167	10289168	1
6203107	5919392	1
11821191	11821192	1
11190795	11190801	1
9144546	9144995	1
5952571	5952578	1
5352676	5352675	1
5723377	5723378	1
11130156	11130200	1
6024489	8087460	1
5361568	5360456	1
10144350	10144354	1
5439951	5440003	1
9845713	9845603	1
10492767	10502416	3
1077051	1077079	1
5753872	5753871	1
3868712	3869993	1
6510372	6510407	1
4257389	4257390	1
4677189	4676619	1
2117282	2121438	1
5007740	5007737	1
4714969	9468285	1
2462599	2462600	1
7646799	7646800	1
10261656	10261655	2
11764862	11764861	1
8297174	8296904	1
8447333	8447334	3
5766235	5766236	1
6198278	6198584	1
8530550	8531700	1
8164762	8164761	1
4487233	4487236	1
225794	230271	1
2646673	2646674	1
10291478	10294059	1
10690686	10690683	1
7055090	7055103	1
366341	11042975	1
1243972	1243971	1
3629961	3629973	2
586723	586753	1
3209541	3209544	2
11175537	11175540	1
2536296	2618565	2
4113571	4113574	1
9394332	9393313	1
1179318	1174056	1
10845595	10839052	1
11782885	11836975	1
5572756	5573347	1
10506650	10506823	1
3404646	3404645	1
12434873	12434876	2
8796330	7831808	1
9902670	9902669	1
6465947	6465948	2
4826682	4826940	1
8043602	8043601	1
1442416	1440759	1
1724574	1724104	1
7327719	7327743	1
2708685	2708686	2
6043323	10178290	1
12448316	12448496	1
7861293	7861294	3
5984653	5984746	1
2640064	2639996	1
11909763	11909877	1
12773824	12773843	1
10502752	10502751	1
276522	276521	1
2109295	2109355	1
5690100	5690116	1
2389488	2389487	1
11601658	11601593	1
1081728	1093756	1
8041491	8154871	1
10069892	4140581	1
1105684	1105681	2
1282733	1282605	1
10381983	10381986	2
10287642	10287641	2
1225369	7745682	1
1092021	1092024	1
8095069	8093921	1
2085957	2088207	1
11983134	11983133	1
2848632	2848368	2
4876753	4876754	1
7059990	7058837	1
699127	699081	1
8128896	8128870	4
10979529	10979530	2
3943984	3943981	3
5731240	5731244	1
5268634	5268573	1
9824067	9824068	2
11347171	11346660	1
8046403	8046538	2
502014	490638	1
10578072	10578071	1
10152943	10153222	1
5257625	5257626	2
9593059	9597727	2
10776983	10776984	1
11595129	11594781	1
6011699	6011546	1
7154890	7154874	1
7338740	7327487	1
4570222	4572178	1
2125540	2038028	1
4344990	4344145	1
6376515	6376518	2
6538078	6535519	1
4214925	4197291	1
9274285	9277951	1
12181149	12180805	1
4075455	4075456	1
5022381	5022386	1
9029182	9029924	1
5420386	5420407	1
3150854	3150841	1
2008291	2008263	1
2642344	2642343	1
9178097	9173262	1
598628	598627	1
8217428	8217427	1
3099331	3091262	1
9452040	9452017	1
9259871	9259872	1
10770730	10770711	1
8453781	3944530	2
1736063	1736223	1
2076946	2213109	1
6213397	6213323	1
1696867	1696868	1
9100828	9100766	1
6037599	6037600	1
5148711	5148712	4
559150	559149	1
6018960	6018959	2
1975171	1975172	1
1473333	1473334	1
4378564	4378563	1
735130	735142	3
10332401	10332402	1
5317518	5317517	1
9776446	9776346	1
3881382	3881326	1
9264488	3431179	2
7876815	7876816	1
5616406	5616665	1
4305433	4305434	5
6459461	6462410	1
12012091	12011948	2
10746258	10746736	1
8447212	8447211	2
2826645	2826764	1
1076532	10896172	1
10142424	9838190	1
11814405	11814092	1
5713048	5713047	2
9883769	9887174	1
641335	638327	1
2471059	2291148	1
9965673	9965674	1
12808972	12808969	1
8738457	8738651	2
6784824	6784690	1
7733242	7733200	1
9662383	11503740	2
8092795	8092796	1
2295962	2414336	1
3706436	3706439	1
10124752	10124751	2
11176779	11176782	1
939312	939311	1
10499087	10499088	1
9757979	9758012	1
6170896	6170895	2
2768657	2768547	1
2428027	2427897	2
5529201	5529158	1
3566960	3566900	1
3587415	3587418	1
611166	611163	1
12471778	12471777	1
2229763	2229750	1
8806784	8806783	1
5812256	5812253	1
12136484	12136483	1
2686499	2686500	1
12422596	12422600	1
10437491	10437492	3
540291	522236	1
6561688	6561871	1
9831365	9830981	1
8245502	8245421	2
10168430	10168541	1
11708055	11708056	1
2395783	2393087	1
11101235	11091911	4
2072287	2072288	2
3253802	6178433	1
12643007	12643005	1
7563647	7563648	2
3339485	3339486	1
11124956	11124955	1
6736958	6736957	1
2599600	2609932	1
389850	389766	1
9561645	9561646	1
5132595	5132596	1
1362285	1362286	1
4181156	4181147	3
90659	90660	1
10909373	10909380	2
2122462	2122487	1
10665084	10662933	1
2639604	2639603	2
334031	334065	1
12165153	12159912	1
7243208	7243452	1
9755864	9753803	1
2523412	2457904	1
7766578	7766577	1
10653541	10653542	1
6115482	6115481	2
7556005	7556166	2
7037917	8282721	1
9615901	9615839	2
850449	850450	1
2993945	2511966	1
7226102	7070330	2
5469596	5463474	2
99590	99823	1
9774154	9761734	1
2258485	2258486	1
1716690	1716689	2
6732855	6732856	1
5902026	5884849	1
9468298	9468293	1
5884908	5884907	1
344656	344655	1
6911195	6911196	1
10671379	10671380	2
4343451	4343454	1
3552445	3552446	1
3742431	3742505	2
5931608	5932086	2
37325	37337	1
2815535	2815536	1
2474614	2474613	2
629254	629253	1
11037681	11037682	2
10899710	10899634	1
6783316	6700958	2
58310	58307	1
1378003	1378004	1
8066581	8066582	1
11168971	11224851	2
4115492	4115489	1
5554326	5554394	1
8386509	8387947	1
8001138	8001137	1
12147017	12147018	1
3994359	3994772	1
6476862	6476859	1
6297773	6298306	1
6321243	6321244	1
2543524	2543948	1
879028	879027	2
4376664	4323788	2
5274824	5274823	2
10952724	10952723	1
6050128	6050123	1
8295931	8295932	1
11588504	4116746	1
4574146	5531541	1
6263848	6266387	2
7965834	7965833	1
5946471	5949899	1
7076325	7076328	1
1101503	1101504	1
2548719	2548720	1
9916861	9916862	1
1670266	1670175	2
7479459	7479460	1
4002347	4000342	1
11677292	11677839	2
4584189	4584190	1
3949862	3949859	1
5855955	5855956	1
6607052	6607051	1
2386604	2386603	3
2368720	2368918	1
4484987	6249804	1
5161885	5161997	1
2213586	2213506	1
922220	922191	3
90542	90541	2
2780485	2780486	1
10042853	10042854	2
3645087	3660295	1
5843701	5843704	1
5460949	5460954	1
3236570	3236123	1
1590511	1227984	1
6565063	6565064	1
4612678	4613142	1
4403543	4366769	1
11768284	11768359	1
2459440	2453658	1
4831932	4832018	1
10177220	10177219	1
6504740	6504738	1
3798137	3798138	1
198650	198668	2
5011584	9832907	1
12393235	12393236	2
7622810	7622809	1
2193531	2192964	1
4628041	4587063	1
11386318	11386187	1
5374049	5426879	1
7350847	7350848	2
7117065	7117021	2
2853637	2853716	1
729328	729905	1
11416676	11417379	2
3552059	3552060	1
6857780	6831349	2
6657387	6657392	1
5430280	5430277	1
1971654	1971653	2
2647709	2647701	1
905058	905057	1
12186705	12186686	1
9462135	9462136	2
10575381	10605857	4
7060195	7060196	1
5455403	5455411	1
10222421	10222422	1
9130703	9130704	1
6686002	6686001	2
9854401	9854402	1
815188	9693265	1
6422500	6422499	1
5824445	5824446	1
10451146	10628143	1
730816	731010	1
8735910	8735899	1
125275	8804893	1
7586645	7563921	1
8010226	8010086	1
1558999	1559000	1
1020795	1020786	1
2618564	2618561	2
11501280	11501279	2
833168	833167	3
133587	133590	2
4511860	4669758	1
361075	362128	1
7764844	11879675	1
1976303	1976304	1
5562616	5562585	2
10903830	10903826	1
10974263	10974264	1
6337339	6337340	1
8204751	7008949	1
9747019	9747020	2
12602627	12526272	2
1726546	1726545	1
4002184	3691216	1
2987887	2986126	2
6864585	6864586	1
859069	859070	3
11649610	11647640	1
3158386	4265849	1
1444942	1444941	2
2888218	2888217	1
6026112	6024246	1
11501246	11501281	2
5962494	5959397	1
7622812	7622811	1
12452856	12452902	2
6091295	6091689	1
7467034	7466442	1
7691065	8848458	1
9029182	9029922	3
5860928	5860907	1
6592806	6591907	1
5088119	5088087	1
12047277	12048594	3
11664677	11664678	1
10431096	10431072	2
2583395	2571365	1
3097559	3184887	1
1299872	1299871	1
12304831	12150755	2
4668439	4668440	2
3678693	3678776	2
435503	8920295	2
5902027	5901625	1
3473574	3473604	2
153977	153978	2
3757347	3757353	1
2588272	2588265	3
3588150	3588149	1
6037595	6037600	1
11105892	11105891	3
1358029	1358030	2
10227521	10227526	1
2737572	2738442	1
9851878	9851877	2
3243463	3243464	1
3026396	3026393	1
10058505	10058506	2
12125440	12023948	1
8830591	8830592	1
6372291	6372292	1
9569987	9421459	1
11790781	11790782	2
2353176	2353198	1
9125264	9125261	1
316213	316313	1
468844	468839	3
11944579	11944611	1
9474832	9474829	1
9702455	9702456	1
2092140	2091833	2
10778812	10778811	3
7932625	7932618	1
12145909	12145910	1
3629949	3629950	4
7532989	7534142	2
4987146	4987145	1
4358894	4358889	3
1901061	2046721	1
7317239	7317240	1
1637810	1637679	2
3142388	3142056	1
7610447	7610448	1
10872883	10872938	1
3551676	3551692	1
9540395	9540396	2
7780719	7780720	1
7552083	7552084	2
4539636	4543427	1
10237601	10235299	2
5533078	5533133	1
7076327	7076328	1
4305431	4305432	7
4792313	2872935	1
2297166	2418834	1
6480464	6480463	1
7833992	9850833	1
5217788	5217787	1
12774715	12774716	2
7190093	7190096	1
10649964	10650634	1
7063878	7063877	1
6180789	6180726	1
12576390	12576044	1
3487174	3487171	2
241386	252778	1
9719523	636493	1
884530	884512	1
8389926	8389490	1
6094314	6094313	3
11859671	11859672	1
10772532	10772531	1
6186359	6186360	1
7599067	7538931	2
1849460	1849448	1
8844344	8844339	1
9517099	9517442	1
1450711	1450712	2
1971155	1971128	1
2124109	2124121	1
244448	244447	1
11175559	11175544	1
9929257	9932306	1
6169378	6169452	1
9418958	9418957	1
3355517	3355717	1
6555709	6555707	2
8615279	8615280	1
9540387	9540388	3
1011875	1010991	1
8466027	8466028	1
3230553	3230593	2
3210576	3209621	1
5981845	5981797	1
3544185	9347960	1
7483324	7483295	1
1564248	1603359	1
1651510	1651509	1
6543778	6539083	1
996511	1008286	1
10939497	7671903	2
3770609	3770610	1
1580244	1580070	1
6502153	6501715	1
8693469	8692268	1
37940	37949	1
338456	338460	3
3671456	3678754	1
1930967	1930970	1
11457599	11459546	1
8266656	8266655	1
7541930	7541276	1
6379370	6379759	1
215447	215448	1
9517606	9517584	2
1462655	1462574	1
4954753	4955456	3
12021116	12021115	1
10204301	10204302	1
9535893	9535898	2
10156837	10156843	3
114760	114814	1
3559527	3559528	1
7453395	7453341	1
11429573	11429574	4
5960043	5960046	1
5551331	5551332	1
9116538	9116537	1
12551902	12555936	2
3396396	3395704	1
6680533	6680536	1
7715077	7715078	1
4671976	4671975	1
5726972	5727988	1
11267987	11268118	1
6349950	6343211	1
675520	8612029	2
5208737	5209218	1
11289076	11289075	1
8806788	8806787	1
8973460	8973459	2
11879674	11879673	1
11011144	11207956	1
9305311	9305336	1
300667	300444	1
406367	406368	2
1193190	1200696	1
2467372	2467378	1
12675723	12672498	2
