fend1	fend2	count
7746268	7759215	1
11117237	11117234	2
293384	293383	1
246048	246045	2
10681818	10681817	1
6347247	6347248	1
10569224	10569223	1
2224992	2224995	1
8550751	8551126	1
7830427	7997440	1
1655959	1656069	1
9672413	3833373	1
8199018	8199013	1
2922000	2921964	1
6589157	6589154	1
293382	297207	1
5907155	5907198	1
2078529	2078530	1
11714643	11714644	1
3453954	3453953	2
8309131	8309132	2
4510692	4494985	1
1841459	6354333	2
11660864	11660863	1
3379552	3379346	1
4806798	4806797	1
5424994	5321502	1
5806481	5806482	1
12597212	12619801	1
9007659	9007660	2
10412990	10412989	5
9740439	9740440	1
6422569	6422570	1
8769033	8769034	1
3681980	3681979	2
6517999	6518000	1
9523941	9523942	1
3858015	4126459	1
6352270	6352669	1
10608797	10608798	2
5243054	5243051	1
9515978	9515977	1
10628098	10667098	2
9706073	9706074	2
1323420	1323419	1
12764947	8199868	1
10060057	10060058	1
6555960	6555970	1
1348767	1348768	2
12146582	12146579	1
5903355	5903370	1
4712351	1357312	1
367833	367834	1
4148735	4148736	2
8502763	8470115	2
3265297	3265298	2
4775664	10257609	1
7763627	7721406	1
4238526	4238525	2
6206584	6206665	1
2788011	2788012	2
10396454	10396453	1
6649690	6649689	6
6316068	6316067	1
5995779	5996316	2
7402432	7402431	1
8274665	8274666	2
8307611	8307612	1
10570147	10570148	1
6708957	6711780	2
8828028	8828027	3
11200259	11200260	3
10988033	10988034	1
6101491	6101559	1
7387893	7387894	3
7479191	7479192	1
3564297	3700740	1
9888281	4064710	1
5220465	5220466	1
5048395	5047670	2
2924028	2924034	1
8448783	8448784	1
11555225	11555226	1
1072082	1072081	1
2468475	2468460	1
7648626	7660740	2
597963	597964	1
3114956	7097841	1
1620402	1620399	1
239509	239510	3
4525961	4300438	1
5217398	5217395	1
6555865	6555866	1
4246066	4246069	1
7393317	7402433	1
917726	917723	1
4393241	7648632	1
2051663	2051664	1
1942360	1942359	1
9544141	9544134	1
6546835	6544403	1
10460939	10460936	2
4379434	4580747	1
2849006	2848889	2
5003015	5002592	1
3431345	3426123	1
11522544	11522541	1
3654080	3654079	3
11155776	11155775	2
10937934	10937931	1
5312429	5312430	1
11589421	11589422	1
7511679	7791878	1
11349318	11349321	2
3627331	3627334	1
3654078	3805845	1
5714013	5714016	2
5907199	5907200	1
8728812	8727265	6
6864517	6864518	2
2841150	2841124	1
3155048	3155047	1
11110523	11113450	2
7238713	7238714	1
5681698	5679384	1
5588839	5588840	1
6255936	6255933	1
598771	598772	1
3185056	3185061	1
9917116	9917115	1
9001078	9001077	1
8611508	8610904	1
7980109	7980065	1
4399068	4385542	2
4418814	4418823	1
10603323	1848449	1
1645510	1645509	1
12668998	12668997	3
11001425	11003077	2
2872941	2872927	1
2615643	2615675	2
7511675	7511676	1
10033813	10033814	1
1183410	1183376	2
5347420	5347419	1
9130312	9134546	1
3815469	3815470	2
4151254	4151264	2
8370087	8366782	2
7467063	7467059	1
8024488	8024487	1
9624154	9624153	1
7198881	7198879	2
3183449	3183450	2
3821470	3821467	1
2054476	2068121	1
11614238	11614237	1
439678	439677	1
10335581	10335582	1
6425902	6382321	1
4825089	4825092	2
11797666	11797612	1
296109	296112	1
9817048	9822213	1
5277482	5277479	1
3000728	3000727	2
10294647	10294648	1
2927763	2927764	1
10355423	10355424	1
11226461	11167233	1
11553159	11553160	1
11518941	11641167	3
10973853	10973856	1
10937932	10937931	2
10751419	10666951	1
6347317	6350674	1
11117488	11115949	1
11777160	11777157	1
739452	739449	2
5849896	5849895	3
7347403	7347404	2
9285312	9285314	2
5415726	5415725	2
3651417	3651418	2
5880455	5970218	1
1584588	1587024	1
4420712	4422581	1
7207455	7207456	2
8452062	8452065	2
4587792	4587791	1
3630198	3586317	2
2508625	2508626	1
8752583	8762075	2
5537410	5537409	2
7340547	7340548	1
8195243	8194939	1
3231976	3231975	1
11208695	11208696	3
7250298	7252169	1
10926693	10926694	1
5376569	5376574	1
375439	366302	3
2721238	2844482	1
5023147	5023148	1
3574151	3576495	1
4671297	4671274	2
10261751	10261752	1
6337561	6337564	1
8643780	8643779	1
2848884	2848109	1
10967441	10967442	4
10179293	10179294	1
4238524	4238521	1
10430728	10430727	1
5223650	5223649	1
5352198	5352266	1
11803630	11803629	1
7198883	7198884	1
4504063	4504055	1
10019535	10039831	2
5698146	5698153	2
5301231	5458301	1
9757848	9726056	1
10801628	10801627	2
5931410	5931407	1
10461262	10461261	3
8631838	8631837	2
6168248	6168247	1
8366758	8594441	1
9050459	9050460	3
8307610	8307609	1
5154556	5154553	1
9120039	9120040	1
37707	37764	1
5592154	5592157	1
9906647	9879124	1
7743529	12618678	3
10329188	10329187	1
1072084	1072081	1
7326138	7326137	1
7943898	7943897	4
5809572	5604063	1
8152382	8152381	1
3573152	3573151	1
6696208	6696207	1
8878586	8878576	1
1551774	1551778	1
4545510	4545546	1
6951794	6951793	1
6716031	6716032	1
12806308	12806307	2
8558118	8558117	1
4421885	4421886	1
5837614	5837613	1
11221310	11221303	1
2365737	9678802	1
1585881	1585882	2
9576024	9576023	1
9420261	9420310	1
4671275	4671276	2
3681857	3681793	1
1138460	10925903	1
631148	631147	2
10688452	10688451	2
2728013	2728061	3
4440016	4442824	1
7311334	7311333	1
10690963	10690960	2
5629656	5629655	1
6122370	6122367	1
8290241	8287547	1
9228380	9228379	1
11156824	11156821	1
466980	466979	2
9016169	9016170	1
6037221	6037222	1
1979649	1979650	2
11137012	11140667	2
7548360	7548359	2
570440	570439	1
9066655	9066656	2
3913893	7185365	1
3717610	3717609	1
3272965	3272966	1
8303543	8303544	3
5577987	5577988	2
6119649	6119577	2
6768991	6768992	1
9357073	9357074	1
3141465	3141462	2
5160689	5160986	1
6412299	6452069	1
598773	598774	1
6159710	2518046	2
1693920	1693957	1
6816157	6816135	2
2548636	2548639	1
6040520	6057344	1
5645929	460066	1
1626454	1626451	2
1804178	1804177	1
5956733	5956734	1
3100021	3100026	1
7055864	7055863	1
6927981	6927970	1
7802499	7802496	3
4214004	4213894	1
10698102	10698101	1
9357077	9357072	1
2892915	2892916	2
6986455	6986456	2
7213247	7213248	1
2461162	2461161	1
3871854	3871851	1
10437223	10437228	1
8588614	8588643	1
10065062	10065061	1
8189852	8191207	1
626885	749410	1
4955809	4955810	2
582666	582665	1
7543683	7543684	1
9197290	9197289	1
12806310	12806309	2
5433117	5433118	1
2843943	2843944	1
5839018	5846240	1
9764187	9764188	1
7943900	7943897	2
5272605	5274702	2
5366547	5366548	1
10947584	10947583	2
7115961	7115962	1
10315376	10315347	1
4485110	4801352	1
10004882	10004879	1
8652403	8652404	1
11495756	11495755	1
7334998	7335087	2
6788030	6788127	1
1942000	1944902	2
5231886	5231885	1
7820236	7820233	3
10418737	10418746	2
2832887	2832888	1
1308403	1308404	1
4348777	4477341	1
278468	278532	1
8328385	8328388	1
4852680	4852679	1
10529197	10529198	1
10489065	10489010	1
11297217	11297218	2
10257610	10257609	2
5371158	5355362	1
8046258	8046257	1
10873045	10873173	1
6148452	6148459	1
6898705	6898706	1
10553835	10553836	1
7247655	4165526	1
262261	262262	1
10423879	10423880	1
4483208	4237881	4
2266367	2266149	2
6126735	6126738	1
402110	402109	1
8084308	8084307	1
6038044	6038043	3
7943900	7943899	3
5043919	5043920	3
6065485	6065486	1
7055864	7055861	1
6539716	6539719	1
5720231	5720232	2
10502102	10502101	1
2600563	2600564	1
10509449	10509471	1
1566821	1723907	1
5281758	4868408	1
10774804	10774803	2
4482984	4482983	2
9536739	9536742	1
6807336	6807335	3
4860686	4860685	1
2849230	2849229	1
9313159	9313157	1
2647555	2647556	1
2867230	2867788	2
9317541	9317641	1
10716351	10716345	1
7304421	7247654	3
6593152	6593151	1
12045014	10359731	1
6038972	6038041	1
8592242	8592241	2
4191019	4191016	1
8490863	8490866	1
4495039	4495040	1
8277017	8277018	1
4586566	4586563	1
7123412	7121176	2
6376942	6376941	1
2922002	2922001	1
11634358	11634357	2
9186922	9186933	1
1920820	1920819	1
12019743	12019744	1
3102129	3102130	1
3136151	3136154	2
6030982	6031020	1
832443	832444	1
3470698	3470695	1
5241970	5241977	1
97869	216732	1
7172498	7172497	1
10613261	10519596	1
9228239	9228240	3
1128459	1128460	1
6386246	6386245	2
5124753	5124754	2
6800909	6800912	2
4417726	4417725	1
11933493	11935617	3
7176072	7176071	1
5365471	5365468	1
12769057	12740104	1
696196	916251	1
8601365	8601366	1
3607859	3607815	1
6406362	6406357	1
8307613	8307614	1
2206902	3523520	1
7001052	7001051	2
12692253	12692254	1
5106968	5106967	3
11507336	11507335	2
3633938	3577003	3
687077	687078	1
5961046	5954878	2
2617418	2617417	2
11213211	11213212	3
6885599	6885602	1
9994098	9838712	1
9544383	9544384	2
10841211	10944650	3
3453952	3453951	3
33623	33664	1
1934218	1934215	2
10406523	10406524	1
7980064	7980063	2
7759406	7759100	1
2042620	2018196	1
11113451	11113452	1
12735301	12735302	1
10335673	10335744	3
6422564	6422556	2
204342	204302	1
5208418	5208455	1
10179289	10179290	1
4743533	4743534	1
8690465	1621174	1
3823094	3823093	1
8399708	8399731	1
10516668	10516667	1
7368074	7368073	2
9146237	9146238	1
12761201	12761202	2
6841044	6841041	2
519740	521497	1
1164035	1164006	1
9977807	9977790	1
5653140	5653384	3
11262576	11262575	2
6122349	6122371	1
3626636	3719502	1
12745841	12745842	1
3856440	3654251	2
12662419	12662422	2
5558470	5558468	2
9057161	9057164	1
1384044	1384043	1
2411395	2411396	1
10502104	10502103	1
5903154	5903153	1
6527461	6527435	1
4335067	4335068	3
2295909	2295910	1
1945932	1945929	1
2602877	2602878	1
2425081	2425078	1
9280621	9280622	2
1067977	1067978	1
352146	155484	3
1383499	1383502	1
10355425	10355426	2
6038972	6038047	3
739452	739447	1
7850174	7851977	1
5849898	5849895	1
9153429	9158269	1
214926	212914	1
5564275	5564276	1
11136254	11136249	1
6505023	6505024	2
3631381	3631382	1
4835085	4835088	2
4792999	4793000	1
6796677	6796678	1
6505029	6505037	1
4285102	4285101	2
1786894	1786893	2
2843941	2843942	1
642209	867670	1
6087853	6087854	3
4709445	4709446	1
2500516	2500515	1
9933034	9933033	1
5888743	5888744	1
5743542	5743541	2
3730201	3730203	1
300003	300618	1
6890766	6890765	3
7531036	7527296	3
7645843	7645952	3
10884350	10884354	1
8155641	8155642	2
9607243	9607170	1
2661926	2661925	1
8456723	8456724	1
9660531	9659961	1
5382489	5382492	1
401371	401372	1
7958062	7958088	1
1043441	1043442	1
7627472	7974392	1
10136453	10074396	2
7328166	12813106	1
2674682	2674679	1
5961046	5954880	1
9871624	9871623	1
11728758	11728757	1
5988048	2289360	1
6368435	6368436	2
7362531	7362532	1
1639706	1639705	2
11262540	11262539	2
194422	194359	1
6096905	6096906	3
4420712	4422579	1
6952659	6952660	1
4257375	4257380	1
3767717	3781786	1
1630104	10335744	1
2952443	2798702	1
7311065	7310903	1
7444574	7444573	1
10761700	10761699	1
5400108	5400107	1
11553157	11553158	1
937154	947066	1
9597920	9597919	3
3089347	3089348	1
3069959	3069960	1
9642904	9642908	1
10335675	10335744	1
5885956	5885953	1
108903	108904	1
6005732	6005731	1
9758361	9772777	1
4418817	4418818	2
867939	7035779	1
10682637	10492251	1
6336274	6336277	2
8479464	8479453	2
6589155	6589156	1
9648217	9648457	1
5537373	5537374	1
6372223	6379785	1
2086788	2086787	1
10107366	10107369	1
173412	177845	1
1068643	1068644	2
6625453	6684343	1
11825240	11825243	1
1981084	1981773	1
7156116	3904794	1
5897671	5897664	2
10628100	10667098	1
8373675	8373676	1
1629701	1629762	2
5119917	5119880	2
9673804	9673803	1
9960355	9962398	2
10900499	10900494	1
10887830	11223665	1
10335673	10335674	1
1134204	1134223	1
9571012	9574056	2
4667379	4667380	1
9348139	9324063	1
4204611	4204612	1
1394186	1760794	2
11929639	11929640	2
10522355	8294068	1
12511325	7238400	1
10146269	10146270	2
1453082	1453081	2
4834767	4834768	1
9050461	8764438	1
11567529	11567530	1
3160103	3160104	1
2332754	2332749	2
10317332	10317264	2
10993446	10993021	1
10335064	5898034	2
2127796	2127803	1
3473098	3473078	2
266856	266855	1
126306	134599	1
3594814	3597594	2
11823839	11823887	1
519596	519595	2
12806310	12806307	1
3495738	3495737	1
4771318	4771123	1
11046925	11046926	1
10172650	9872390	1
10648488	10648487	1
5926392	5926383	1
7198877	7198878	1
2844753	2844715	1
8631930	8631933	1
1725496	1726528	1
97867	216732	1
4091481	4088307	2
4986061	4986062	1
7273210	7273209	1
11507165	11507166	3
10463297	10463278	1
3114995	3114992	1
8770170	8768122	1
12725327	12725328	1
446751	446758	1
10439156	10442007	2
5736007	5736008	2
6613329	6613330	2
988443	987273	3
7609638	7722369	3
7167002	7167001	4
6505025	6505026	2
1036459	1036460	3
6985997	6985998	2
6491034	6491045	1
5388197	5388198	1
10262473	10262291	1
3042044	3042043	1
507009	507010	1
1551774	1551771	1
8826943	8826944	1
1419943	1419946	2
9613855	9756503	2
3155046	9623872	1
4408866	4408907	2
8364291	8364292	1
9920031	9920032	1
11170994	11170993	1
989477	989478	1
10334296	10334295	2
1899510	1899515	1
1041043	1041044	1
3359769	3359770	1
9247929	9232567	1
7159814	7298173	1
9594311	9594312	1
1042348	1042345	1
4831884	4831998	3
6360706	6360717	1
10413682	10413681	1
9178914	9178909	3
11118387	11118563	1
3858014	3858901	2
2056824	1888910	1
2442013	2442014	1
7064128	7064127	4
10774802	10774801	2
11475851	11475852	1
10132989	10132990	1
7012723	7012724	2
1942360	1942357	1
4130619	4130621	1
1433784	1433783	2
4485112	4801352	2
6344616	6346471	1
440940	440913	1
4854339	4367393	1
9686438	9686445	1
11651587	11651588	1
2084767	2084770	1
761400	762542	1
12661590	12662418	2
1368248	1368245	1
8903089	4874723	1
2654497	2654498	1
851182	851181	1
6350194	6347715	1
9672413	9672414	1
3580842	3580839	2
10722936	10722932	1
9915326	9915325	2
4437829	4437830	1
352148	352147	2
194690	234113	1
6708957	6711782	1
5479661	5479662	1
3856442	3856441	2
3185056	3185059	1
4563748	4563747	1
2849269	2849698	1
10573122	10573121	1
680567	680568	1
8104219	8104223	1
832445	830771	1
10336686	10336689	1
6471495	6471496	1
3136151	3136152	1
1499408	1499404	1
6660795	6660796	1
4137409	4137410	1
8364289	8364290	1
11296066	11296101	3
774088	776103	1
2946044	2946041	1
7992323	7992204	1
1007296	1231108	2
2832889	2832894	1
8337049	8337050	3
6167849	6167850	1
1640777	1640778	1
4351634	4351633	1
12271751	12271754	2
10349780	10645038	1
4418822	4418821	1
6213502	6213501	1
11505900	11508287	1
1121642	1121639	1
4048225	4048226	1
7455757	7455754	1
4221214	4219750	2
4441909	4441910	1
5409830	5411838	2
9891564	9891563	2
5996317	5996320	3
1373057	1373002	1
9348139	9324059	1
6180170	6180169	2
7511677	7511678	1
3495738	3495735	2
5606980	5606979	1
10058280	10059655	2
11262542	11262541	2
1624791	1624792	4
373238	373237	1
2445566	4051974	1
11825038	11831101	1
9317541	9317542	1
4652878	4652875	3
3714109	3713634	1
7004310	7004307	1
2087835	2255131	1
7355055	7355044	1
8275353	8275354	1
10328179	10328314	1
10309790	10309789	1
7347405	7347406	1
4985071	4985074	1
6537503	2315859	1
10432813	10432814	2
4458535	4426391	2
10937934	10937933	2
8303614	8495900	3
9714765	9714780	1
9503606	9507214	1
7198883	7198879	1
10925902	10925901	1
2645497	2645498	1
118359	118360	1
5141236	5141233	2
531516	531765	1
1373614	1373613	1
275035	275040	1
4748849	4748850	1
9931170	9931169	1
10942617	10942618	1
5850819	5850822	1
9030481	9030482	1
9064215	9064216	2
8902475	8902478	1
232086	238553	1
12730782	7318206	1
912431	912432	4
4405278	4407069	1
9536743	9536744	1
7346256	7346255	1
6610841	6610844	1
10472030	10472027	1
8310365	8310410	1
7079936	7079935	3
7719039	7719040	1
1266781	1266782	3
4621891	4621892	1
2258474	2258694	1
10255133	10255661	1
11806244	11806116	1
5089973	5576165	1
6328344	1619405	1
6056282	6056281	1
9543201	9543202	1
6793000	6792999	2
4219264	4219263	1
6518001	6518002	1
9295743	9295744	1
1383620	1383617	1
709154	709046	1
511247	511864	1
3807065	3807066	1
1853847	1864116	1
7608615	7608616	3
2600551	2600552	1
2564271	4112024	1
7070463	7114083	1
3323223	3323226	1
11091895	11091896	1
11050890	10801629	5
5769185	5769186	1
10608801	10608802	2
10887830	11223663	1
4617070	4609011	2
4480843	4480844	1
9197294	9197293	2
6549434	6549433	1
10412986	10412985	5
3718787	3718761	1
5718567	5718568	1
10547054	10547053	1
8335356	8335355	3
1357960	1357959	2
5853639	5853776	1
9018868	9018928	1
1792813	1792808	1
8828024	8828023	2
10134341	10134342	1
6180213	5791116	1
4130743	4130746	2
1925460	1925468	1
6792998	6792997	3
4238524	4238523	1
558338	538483	1
1104986	1104985	1
6048022	6048021	1
2841123	2841124	1
5830966	5830965	1
10057764	10049940	1
10019689	10019690	1
9894857	9894858	1
3192112	3192109	1
10796735	10796736	1
1042346	1042345	1
4580598	4580597	1
1664239	1664245	1
3262882	2895255	1
1323420	9010672	1
6168246	6168243	1
3966078	10747492	1
5701567	5701568	1
8628139	8628140	1
9846631	9846632	2
11078568	11078556	2
5501923	5488978	1
5215899	5215900	1
10412807	10412804	1
9128787	9128713	5
5162490	5162489	2
8380176	8380175	1
9832369	9832370	1
2458498	2458497	1
1613831	1613832	2
7080695	7168566	1
10578563	10578546	2
8376472	8376479	2
10885352	10885351	1
3642885	3642886	2
10326403	10326404	1
9976100	9976099	3
1266779	1266780	2
2014831	2011426	1
7915454	7915453	1
2841150	2841122	1
10335673	1630105	1
10317265	10317266	1
6501286	6498142	1
2306986	8876852	1
10165054	10165053	1
11803632	11803631	1
10472030	10472029	1
8426214	8426213	1
6498055	6498058	1
7131534	7131529	1
9888281	3297985	1
11181846	11181845	1
4817824	4817823	2
85416	85413	3
9923964	9923963	1
3592176	3592175	1
5336849	5337110	1
7047334	7047324	1
261197	260781	2
7405690	7405655	2
9913093	9917125	2
7280905	7280877	1
827295	827331	1
9902220	9905246	1
5261454	5261483	2
10528372	8042999	2
5699204	5699233	1
296107	296108	1
6927973	6927974	2
8305122	8284352	2
1681089	1680593	1
3468878	3468348	1
5222542	5222475	1
2614673	2614676	2
2628576	2628524	1
6633785	6633786	3
9817050	9817049	3
9120041	9120042	1
6890764	6890761	1
10901925	10892876	1
487361	487362	2
12398437	12398303	1
5328403	5328404	3
10463295	10463296	1
10658623	10658620	2
8814862	8814859	1
4371961	4371902	2
97867	97868	2
275036	275035	2
9236560	9236559	1
2377122	11898471	2
5259429	5259430	2
4128534	4128529	1
3497967	3497874	1
519494	519493	1
11825242	11825241	1
4758256	4758329	1
8106710	8106730	3
9707019	9661873	1
11758582	11757581	1
5395490	5395489	2
1034511	1034512	1
6927971	6927972	1
6038042	6038041	4
3544294	3544293	1
511245	511246	1
9007657	9007658	5
1626450	1626449	3
6788353	6788354	1
5152820	5152815	1
4119051	4119054	3
9609263	9610097	1
11182606	1441363	1
614290	614306	2
7971129	7971130	3
4133411	4143048	1
2359821	2266219	1
9707667	9703508	1
11094749	11094757	1
6453031	6453032	2
5425572	5454247	1
5653668	5653665	1
7719098	7719097	1
5008909	5018286	2
10042239	10042240	2
1294999	1295000	1
9888281	176550	1
2722427	2722428	1
7038551	7038552	1
7009663	7009664	1
6024385	5728330	1
11120705	11120732	2
37393	53366	1
29633	247211	1
5406979	5406980	1
5229243	5229244	1
10418713	10642060	4
8578371	8578360	3
6934441	6934431	1
450478	450481	2
4653929	4652065	1
11395020	11395023	1
11897376	11897375	2
2927765	2924029	1
7338711	946256	1
829190	829189	2
2572203	2572204	1
4860693	4860795	2
11823886	11823885	1
6505056	6505059	1
5927620	5927601	1
4236669	4236676	1
10041331	10041332	2
10802876	10802875	1
5960008	5960007	1
11087010	10904093	1
96104	96103	1
5322346	11176545	4
5141595	5139205	2
6807338	6807337	2
4491412	4344683	2
10461260	10461259	2
4468005	5547730	1
1916305	1916306	1
2217073	2217260	1
6537462	2538850	1
10498597	10498598	1
11744191	11823344	2
3661827	6924615	2
10014756	10014755	6
1467903	1471397	2
5556656	5555593	1
7297876	7297873	1
8798266	8798265	1
11262574	11262573	2
7171571	7171572	1
12551026	12551025	1
5405339	5405340	1
2848888	2848885	1
8452549	8452552	3
9436011	11674181	2
2902865	2902866	1
5372661	5535772	1
4379436	4379435	1
8156636	8156583	1
6350732	6350444	1
11777160	11777159	1
5550067	5550508	1
7806709	7806710	1
2035414	2035413	1
11708488	11723222	1
4642232	4642229	1
6774253	6774250	3
4119270	4119269	5
2783929	2783930	1
8430300	8430299	3
9324062	9324061	1
344187	344188	2
5839391	5839388	1
3651415	3651416	3
3266255	3266256	1
10565666	10565665	3
7085340	7085339	1
12618995	12619000	1
3642883	3642884	2
11173792	11172850	1
5614602	1437549	1
6564758	6564747	1
11193955	11193956	1
4289733	4289734	2
11222892	11222891	2
6165937	6165940	1
11214135	11789186	1
548572	550848	2
1486787	1486790	1
6183109	6183110	1
11149491	11149494	1
6498057	6498060	1
11614236	11614239	1
5266905	5266906	1
7668336	7668338	1
237803	237659	1
12153194	12153193	3
8956507	10725339	1
7080163	7080170	1
363609	365468	1
9160118	9160123	2
548573	548582	2
9629914	9629913	2
7741281	7741511	1
9324820	9324819	1
3415176	3414878	3
2709607	2709610	1
6357158	6357157	2
3097066	3097065	1
9595932	9597664	1
3658076	3658078	1
11099635	11099636	1
5774118	5774117	1
1612969	1302370	1
4848983	4848984	2
5811977	5811978	1
6241965	6241975	1
10655219	10655157	1
5702284	5702283	1
8374056	8374053	1
10967468	10967517	1
6415540	6415539	1
8788053	8788072	1
3576428	3576427	2
1049745	1201101	1
3631383	3631384	1
5251763	5493169	1
9933032	9933031	1
10423556	10424079	1
5582836	5582835	2
3863146	3863145	3
2110784	2110783	1
7273500	7273487	2
7132708	7132707	1
5248068	5248067	2
5482503	5483430	1
9357075	9357076	2
4152821	4152822	2
6987865	6900512	1
5217429	5217430	4
4790137	4790138	3
5259380	5259430	1
2223842	2098771	1
4148733	4148734	2
2728060	2728059	2
8274667	8274668	1
6040171	6040172	3
9726327	9725547	1
10488199	10495279	2
6126739	6126893	1
6238040	6292055	1
1601050	336816	1
8552630	8552567	1
7763306	7763311	1
992740	992314	3
2639358	2639357	2
3340747	3340748	1
12364790	12364789	1
7090417	7090418	1
2570033	2544663	1
12689765	4261481	1
8430302	8430299	3
2042620	2018194	1
2461160	2461159	2
511245	511864	2
6874241	6940429	1
7347361	7347366	2
9592403	9634057	2
9325225	9325226	2
2868273	2868274	2
4386855	4387991	1
3553176	3590071	1
7030961	7030962	1
7617421	7617475	1
238552	238551	1
5993289	5993294	2
4575331	4575332	1
4119272	4119271	4
8471687	8473790	1
6737600	6737597	1
6440623	6440624	3
2893361	2892914	2
2886594	2848685	2
8681329	8681330	1
10165048	10165047	1
2812923	2812924	1
8686184	8686181	1
2437497	2438435	2
4875569	10775724	1
3568951	3568952	2
2828709	2828717	1
3630695	3630696	1
10799284	10799283	1
2804239	2804242	1
1042348	1042347	1
5517318	5517345	1
7797997	7510164	1
2802633	2802643	5
7625237	7054473	1
10157057	10157058	1
5154670	5154669	1
2868275	2868276	2
2560013	2560015	1
5188091	5188092	2
4678667	4252314	1
8983958	8983957	1
7791078	7791077	4
4610752	4797152	1
10347988	10347987	1
9555801	9483038	1
8190247	8190248	1
10483348	10483347	1
3564295	3700740	1
3135407	3135408	1
5993289	5993292	2
9918769	9918781	1
5272605	5272606	1
5538028	5537906	1
4525038	4525037	1
10886748	11222891	1
5897490	5897399	3
8413000	8412999	2
10936220	10936243	1
628205	628206	3
4835089	4835090	2
9648800	9648799	2
5457969	5457970	1
7669999	7537699	2
1879012	1883857	3
3430073	3430074	1
12398437	12398438	1
1794199	1794200	1
7481509	7481506	1
1640776	1640775	1
5822979	5822980	2
2322723	2322724	1
1038687	1038702	1
4746788	4746787	2
9433985	9433986	1
4476297	4476298	2
5588665	5588666	1
8005379	8005380	1
8303543	8303546	1
4179833	4640525	1
3194688	3194666	2
5793669	6181289	2
2953860	2953859	1
6596166	6597959	1
10799286	10799285	1
4422317	4422318	1
6379520	6372732	1
12331630	12329790	1
8520008	8520011	1
6396075	6396076	2
11039997	11040021	1
9128712	9128711	6
3984581	3984582	1
6977366	6977363	2
10780707	10780708	1
12192328	12192327	1
3045137	3045138	1
2496689	2500517	2
5327658	5327657	1
6317924	6317931	2
10671259	10663118	1
9651539	9651540	1
10759634	10759633	1
1855887	1855856	1
6247860	6247859	1
7363593	7363594	1
4386855	4386856	2
9348139	9324061	2
2333614	2333613	1
5445261	5445262	2
679093	679094	2
7731860	7731859	1
4712963	4712964	2
2546946	2546949	1
5543151	5543198	1
1693733	1693317	1
11205212	11205215	2
12769831	12623576	1
7055862	7055861	1
817016	952097	1
11355493	11356122	2
942298	955096	1
9915788	9915787	1
1095817	1095837	1
10529195	10529196	2
2461162	2461159	1
5271878	5271870	1
4953583	4953584	1
4268747	4268744	1
2359819	2266219	1
778143	778144	1
9846204	9846203	3
6309453	6309454	1
11296068	11296067	4
6928615	6928610	2
11688628	11690120	1
10347986	10347989	1
9593332	9593331	1
3597044	3597041	1
98624	102635	2
10243103	10243104	3
5884692	5884691	1
5993293	5993294	1
9960505	9962401	1
4481124	4481121	1
4509634	4507514	3
4494873	4494874	1
10601729	10601726	1
3470696	3470695	1
11190445	11190446	2
11155556	11155555	2
2946046	2946045	1
6555901	6555864	1
3089349	3089350	2
204342	204341	1
3540468	3540738	1
2366302	2366299	1
7080695	7080696	2
8105743	8105035	1
2688341	2688342	1
6686597	6686598	3
6616210	6616209	1
12185984	12185983	5
1822944	1822992	1
5736009	5736010	1
5849898	5849897	3
4343309	4343310	1
9465044	9465056	2
4535329	4535330	1
2846955	2846956	2
11655759	11655760	3
4659750	4661221	1
9480052	9480877	2
8641801	8641802	1
9058613	9058616	1
5281516	5281515	1
8876173	8825214	1
10249716	10249715	2
956710	956648	1
4156166	4156161	1
10541466	10541465	1
111022	116881	2
6422565	6422568	1
5713274	5713277	5
5264969	5264970	1
4769863	4769864	1
5644141	5644142	2
10430546	10430537	1
4079423	4077538	1
7393301	7393302	1
11480582	11233332	1
10463295	10463278	1
5860042	5860095	1
11297215	11297216	2
2848370	2848369	1
5209072	5209059	1
4499814	4499813	2
8433908	8433774	1
114449	292011	1
8452064	8452071	2
6869605	6869619	1
6200096	3274993	2
6787272	6787271	1
12592855	12592858	1
11107183	11107184	1
10060059	10060060	1
7832567	7832568	4
9604047	9381069	3
3121636	3121635	2
5550517	5550066	1
2681405	2681406	1
12555724	12552777	1
10149381	10149583	1
10499701	10499702	1
2489675	2489676	3
11995288	11995754	1
10137715	10137716	1
1461256	1461255	1
6668825	6696207	1
5411839	5411840	2
5955675	5955676	1
9431427	9431470	1
5563941	5563942	1
11152021	11150184	1
6044578	6068889	2
7063470	7063469	1
9887773	9887774	1
6676107	6676108	1
1842588	1842591	1
7374931	7374517	1
8074322	8074321	1
11187134	11187100	1
5807942	5807951	1
3042038	3042037	1
873237	873240	1
10325556	10325105	2
122412	106814	1
5368731	5369112	2
2642827	2642828	1
9134547	9134548	1
226662	226661	1
4157489	4157535	1
3149842	3197931	2
3459390	3459389	1
5523945	5524246	1
10156513	10156514	1
8422054	8422053	5
10179291	10179292	1
4629631	4629722	2
5827325	5827328	1
12808474	12597126	2
4483208	4237879	2
12271779	12271780	1
7069854	7069853	1
4847353	4847354	1
7252590	7252589	3
4346928	4484330	1
5830964	5830963	1
6532544	6532629	2
3340745	3340746	2
10886748	11222893	2
7761640	7721610	1
9658391	9658101	1
9689848	9689847	4
709957	709958	1
5346105	5346106	1
11815312	11815342	1
4512091	4512092	1
682182	681884	2
651930	651929	3
11551644	11551643	2
11002849	11002850	2
970124	970120	4
6281476	6281475	2
5486283	5486284	1
8342865	8342868	1
6915151	6915152	2
10408363	10408364	1
367833	367836	1
5655280	5659047	1
11225317	11225320	1
6471493	6471494	2
1582585	1585880	2
4246665	9923955	3
1037771	1038922	1
4382564	4382545	1
894897	817132	1
2322725	2322810	1
7341605	7341606	1
7212476	7212475	1
4807810	4807809	1
475260	739608	1
5425822	5425821	4
5039924	5039969	1
4862105	4862106	1
5074016	5074015	1
790014	790013	2
8798264	8798263	3
5509037	5508970	1
4712952	4712951	2
7358462	7358455	1
7723161	7723162	1
2790235	2790981	1
12548866	12548865	1
6627451	6627452	1
9817048	9822211	1
5728149	5728179	2
1073284	1355106	3
5413441	5413446	1
7548362	7548361	2
4512259	4327102	1
4458554	4426386	2
8677373	8677374	1
4790078	4790083	1
7417968	7417967	1
108901	108902	3
375435	375436	3
5780026	5711373	1
2411397	2411456	1
9374784	9304225	1
8155035	8155036	2
4316526	4316525	2
937108	937107	1
2929721	2424030	1
1620400	1620399	2
4568260	4568258	1
8054604	8054603	1
5966566	5823289	1
10628100	10628099	3
11204905	11204906	1
6505023	6505026	1
3657326	3657325	2
8640248	8640252	2
12763595	12763596	1
965421	965415	1
2849008	2849007	2
10556618	10543525	1
5481062	5481059	1
9915324	9915597	2
11069731	11069734	1
3737537	3737540	1
4790076	4790083	1
11551648	11551643	1
3945069	3945093	4
2011427	2011428	1
4843733	4843858	1
12759410	12759418	1
5839389	5839390	1
1251834	1251833	1
7362529	7362532	1
11050890	10801627	1
3358347	3358618	2
2639356	2639355	1
10032270	10032269	2
8373439	8373440	2
10286798	10286797	1
4842061	4842062	1
10774806	10774803	2
2432262	2404051	1
4238522	4238521	1
11200263	11200264	2
5308587	5308527	1
2752336	2752335	1
7873102	7873101	1
8675119	8675381	1
9536739	9536744	1
6440621	6440622	3
9564399	9552805	4
11213972	11213971	1
10544128	10544145	1
791063	791064	1
6390201	6390177	2
8291986	8291985	2
2636566	2636565	1
1956836	1956835	1
9230384	9230383	1
5229245	5229504	1
3657324	3657323	2
4512093	4512094	1
12398439	12398303	1
375437	375438	3
4762896	4762778	1
6536494	6536493	2
3730198	3730197	1
4691397	4440464	1
6005730	6006079	2
6325097	6325098	1
9917824	9917823	1
1407743	1407744	1
10246138	10247000	1
7019815	7019816	2
5118248	5118247	1
9669912	9762186	1
8029195	8029196	3
739448	739447	2
11129686	11129090	1
2400061	2399290	1
9624152	9612138	1
10799338	10799292	2
11584420	11584419	1
2681360	2681359	1
8490713	8491216	1
5755799	5755800	1
12619393	12619396	1
3605014	3605013	4
11554767	11554942	3
10608799	10608800	2
5799856	10659634	1
1558613	1558614	2
5618015	5618016	2
7198881	7198882	2
1110030	1110127	1
10576246	10576243	1
7080697	7080700	1
11640693	11640691	2
4860684	4860775	1
2458498	2458495	1
5647549	5647550	1
9684639	9672412	3
12787631	12814199	1
1177487	1177488	1
6281480	6281475	1
10658621	10658622	3
5043915	5043918	1
7573723	7573382	1
10901927	10892452	1
11108930	11108929	3
9197238	9197237	2
1995698	1996699	1
11925399	11925408	1
5398353	5398354	1
6139333	6139334	1
2963627	2963628	1
10967443	10967444	3
11372411	11372412	2
7097198	7444575	1
1073284	1355108	2
4581445	4380757	1
1098235	5524070	2
5442225	5442226	2
1584771	1584772	1
2224996	2224995	1
4357780	4357770	1
5977293	5618014	1
6977366	6963755	1
4501758	4500520	1
5988048	5988047	3
11478523	323041	1
8666916	8666915	1
4557777	4557778	2
11832817	664729	1
5993287	5993288	5
12720463	12720464	1
1722314	1722313	3
3568906	3568905	2
2787541	2787542	1
1161783	1161736	4
6065008	6065007	1
7337662	7337661	2
8054602	8054601	1
8473576	8473608	1
10700599	10700600	2
4340991	4512951	1
9230914	10601119	1
9537725	9537726	1
10473445	10473446	2
265104	265103	1
5988046	2289360	3
5204003	5203627	1
7167004	7167003	4
7258770	7258769	3
6609387	6609384	1
7743628	7743625	1
670000	910600	1
10703352	10703351	1
9846633	10047937	1
5048393	5047670	1
4257377	4257380	1
6580384	6580383	1
1072084	1072083	1
10623806	10623791	2
10528941	10538101	1
2173874	2173873	1
726774	5776234	1
11030815	11030816	1
8181381	8485094	1
9981059	9981060	1
7302569	7302506	2
6162357	6162259	1
8864736	8818905	1
1750650	1750649	1
8520027	8520028	2
9075006	9075003	1
8163275	8179284	1
11834078	11834149	1
9197236	9197235	2
2657922	2657905	1
1762422	1762440	1
11629021	11629022	1
10978639	9247332	1
11777304	11779431	1
10493947	10494310	1
11651585	11651586	1
2570031	2570032	1
9060031	9059804	1
10543432	10543431	1
10817214	10872565	1
3426122	3431298	1
1355107	1355108	3
2902593	2902594	1
7212474	7315924	1
7219193	6931236	1
5647547	5647548	1
3495736	3495735	1
9618491	9618492	2
3218221	3218222	1
4831720	4831719	1
5549436	5450064	1
3590978	3590977	2
10517598	10517613	3
10093315	10093316	2
8882056	8882461	1
8640284	8640473	1
12517678	12517702	1
2970080	2970079	1
9726366	9726362	1
11193957	11193958	1
8773357	8749802	1
9524203	9490736	2
10423704	10423703	2
4485112	4485111	1
4108415	4108418	1
440940	440915	2
10894844	10891270	1
10437229	10437232	1
3055127	3055128	2
7423590	7423589	2
6354230	6354233	1
782856	783149	1
3813462	3813465	1
5442223	5442224	4
1725496	1726526	1
7988731	7988736	1
1734390	1735161	2
8322997	7500060	2
4390152	4390199	2
5645929	5646563	5
6455366	6456699	1
1003003	1009784	3
9929785	9929786	2
204340	204302	1
8722364	8722363	1
10472028	10472027	1
8828026	8828025	3
11099212	11099211	2
9718683	9718684	2
1489184	1489248	1
1057911	1057866	1
881664	881663	1
4775664	4775663	1
9514611	9514462	1
10191311	10273026	1
8373034	8374668	1
365469	365472	1
10871151	10871152	1
96106	96105	1
4746788	4748570	1
7368072	7368071	2
11213084	11213210	2
7247655	3941892	1
9620441	9620442	2
2078537	2078528	2
8808621	8808552	1
7252588	7252587	2
9883997	9883998	2
4852678	4852677	2
2014073	2014074	1
5303308	5303305	2
4202151	4219179	2
2895250	2895249	1
5395661	5395500	1
1664917	1664933	2
1942358	1942357	1
7019820	7019819	2
10064321	10062506	4
3414821	3414881	1
5108663	5108647	1
2708829	2712274	1
4391876	4489616	1
5147808	5147811	1
10105316	10105315	1
5843808	5843807	1
4532865	4532866	1
6494917	6494920	1
4790078	4790077	1
9724011	9724012	1
2848888	2848109	1
10055743	10045205	1
2366300	2366299	1
7019519	7019520	4
5596635	5596632	1
8251337	8251338	2
6090439	6090440	2
9963289	9963290	2
3667253	3665694	2
7348103	7346986	2
10578561	10578562	2
786651	786652	1
11035798	11035795	2
11334453	11334454	2
4617071	4621105	2
3655801	3655804	2
3855836	3835387	2
678990	678987	1
7479189	7479192	1
12692255	12692259	1
11314595	11261040	2
126455	126456	1
6951790	6951816	1
10622984	10718323	1
7341603	7341604	2
10080802	10080801	1
7888168	7661124	1
1291254	1291217	1
10810901	10810902	2
8196638	8196626	1
245327	245322	1
719733	797919	1
5308526	5308523	1
7952628	7919446	1
6156346	6150772	1
3617431	3617432	2
294252	294251	1
7820145	7820237	3
3605920	3605919	1
2102464	2102461	1
2898085	2898086	1
6038046	6038045	3
11262544	11262543	1
11779429	11779430	1
10973853	10973858	1
3655805	3655808	1
6315332	6315335	1
5649035	5649036	2
8100817	8100814	1
9344527	9344502	1
8213707	8213841	1
3135409	3136858	1
11218230	11217836	2
8100817	8100818	1
4981160	4981159	2
3496068	3496067	1
4236036	4483550	1
8564705	8564700	1
3168984	3168983	2
10541480	10541465	2
6029678	6016892	1
2832547	2832548	1
10799286	10799283	1
8875967	8875968	3
6148458	6148457	2
2118587	2118588	2
7219519	7218961	1
3627873	3627874	1
7723987	7723988	2
4428486	4428502	2
10333145	10333046	3
8789697	8789700	1
1366697	1366698	2
5490583	5490584	1
10490107	10484426	1
5954879	5954880	2
5548142	5548141	2
1642014	1642013	1
98626	98625	2
3644110	3644109	1
9915786	9915785	1
11155220	11155215	1
4955809	8029194	1
10769954	10769953	1
3231978	3231977	1
1957296	1957307	1
8335358	8335357	3
6153121	6153109	3
4300179	4300180	2
8307610	8307607	1
6319924	6319923	1
7155880	4751523	1
4304284	4603337	1
5271871	5271872	1
2039515	2039658	1
6994338	6994305	3
9009356	9009353	2
7346987	7346988	1
1646840	1646839	1
954843	954844	1
7723965	7723966	1
126732	126697	1
3117660	3117606	1
12567199	12567200	1
1479825	1479826	2
11589421	11589424	2
6349383	6349384	1
6605283	6403452	1
6347688	6347687	1
5708516	5708519	1
12779060	12779057	1
229680	229679	2
5807820	5807819	1
40216	40212	1
941031	940444	1
5827180	5827216	1
11091897	11091898	1
1742667	1742659	1
296105	296106	1
10648486	10648656	1
5259380	5259428	2
1711543	1711545	3
146260	146259	1
5443275	5443276	1
10222562	10222565	1
5905422	5905432	3
5889585	5892123	1
94365	10176385	1
1959569	1959645	1
10156511	10156512	1
12136495	12136496	1
9555685	9555686	1
4115374	4114466	1
2246194	2246193	2
2517907	2517908	1
9856008	9856007	2
3472845	3458827	1
3142802	3142793	1
6454118	6423303	2
114447	114448	2
5772780	5772777	1
6376940	6376939	1
12206323	12206330	1
5732417	5735278	1
4311223	4311224	1
6142770	6142775	2
10242678	10242677	1
8511167	8043207	1
1989979	1989980	2
10973855	10973856	1
5416886	5416883	2
2569078	2566225	1
6180172	6180171	1
7791080	7791079	3
1419180	1419179	1
93582	93571	1
5176003	4946455	1
2546397	2546413	1
5277478	5277477	1
9009797	9009798	1
5723556	5723554	4
7661314	7648627	2
7499026	7499025	1
2343230	2479133	1
9991305	9991306	1
10959483	10959484	2
1135009	1135010	2
1726527	1726528	1
3627873	3627876	1
790012	790011	2
8482850	8482849	1
4472981	4472982	1
6400793	6400796	1
2397033	2397034	1
8155033	8155034	2
10000099	10009012	1
12673083	12670729	2
6281480	6281477	3
8452066	8452065	3
5395111	5395112	1
182921	312239	1
2233934	2233933	1
2722908	2722907	1
2063388	2063880	2
8483898	8180730	1
10041333	10041334	2
6066177	6066732	1
6651005	3337241	3
1877808	1877807	1
9686179	9686180	4
1989978	1989977	2
3074400	3040919	2
3648922	3673162	1
11489074	11366961	1
2016584	2020964	1
5409830	5411840	2
9324060	9324059	3
709043	709046	1
634856	634855	1
10423704	10423542	1
11485824	11459829	1
9651819	9604138	1
4835083	4835088	1
9954050	9954049	1
9031630	9031635	1
3270882	3270878	1
5866871	5866872	1
5413447	5413448	1
3116092	3116091	1
5043917	5043920	1
10923337	10923335	1
12360379	12360382	1
5209074	5209073	1
8769031	8769032	1
11069412	11069411	2
2645497	2645500	1
3605922	3605921	1
3728364	3728363	1
388021	388024	1
1486791	1486792	1
10423541	10423542	1
3013522	2997330	1
5043917	5043918	1
1106044	1106043	1
5726157	5726158	1
8190245	8190246	3
9509941	9509942	1
9523498	9528193	1
4942552	4942547	1
12513980	12513983	2
9230914	10601117	1
5385739	5385740	3
4077256	4077255	1
3772223	3771057	1
1872190	1872547	2
9020090	9020004	1
6471773	6471776	1
6345222	6345221	1
2622222	2622221	1
3636567	3637420	2
2072452	2072451	3
5736007	5736010	1
6038040	6038043	1
10576248	10576247	1
3603157	3604865	3
7009665	7009666	1
7788113	7926743	1
1591896	1833075	1
9648802	9648801	2
2666619	2666620	1
10996125	10996126	1
9030480	9030479	1
5261456	5261455	2
8380191	8380177	1
921817	951716	1
9788993	9790032	1
10556038	10556037	1
604227	604230	1
11377438	11377435	1
4476490	4476925	2
8765790	8765787	1
8307606	8307609	1
2546710	2546709	3
7723985	7723988	1
4955811	8029194	2
11149491	11149492	2
6387890	6387889	1
8196627	8196632	1
11057290	11057289	1
1678387	1654443	1
9072821	9072822	2
12723111	12723112	1
11706598	11708099	1
4268592	4268546	1
10573034	10573469	1
10623790	10623787	1
5285454	5285453	1
5196170	5196169	1
2215610	2215040	1
11367347	11367348	1
4550511	4222451	1
4343307	4343308	1
5398346	5330887	2
792813	792500	2
7294249	7294254	1
7294927	7294928	2
1629205	1629208	1
7576488	7576487	1
11104517	11104518	1
7423588	7423585	1
10396454	10396451	1
1012347	1012348	1
245325	245326	1
4268592	4268544	1
10761698	10761697	1
2211537	2211538	1
563550	500845	1
8502759	8502760	1
9779116	9737992	1
582791	587069	2
273558	273557	2
11777158	11777157	1
2902595	2901596	1
7131761	7308606	2
9121613	9121614	1
7656475	7656476	1
4741720	4743532	2
5746673	5746674	1
11409390	11409381	2
3997271	3997272	2
1634096	1634043	1
9120037	9120038	1
11198752	11198749	1
10073144	10073143	1
1390481	1390337	2
6347241	6347244	2
10759632	10759635	1
3430075	3431058	1
11098824	11098862	1
4430899	4430896	1
10623806	10623787	1
11200261	11200262	2
9128787	9128711	1
10821643	10821644	1
11287684	11287683	2
10646037	10646038	2
3163690	3163693	1
7341435	7341436	2
360868	360871	1
9141099	9141108	1
6499601	6499602	1
8973708	8729315	1
5927860	5927867	1
12731766	12731781	1
3695407	3695408	2
3323225	3323226	3
12808476	12808475	2
7806707	7806708	1
9432063	9432064	1
12511323	7238400	1
4802485	4802486	1
9987277	10219651	1
11149493	11149494	1
176067	184863	1
2600565	2600550	1
6139082	6139081	1
9844906	9844905	1
2719563	2719564	1
2752124	2752123	1
10430742	10430741	1
6378354	6379233	1
8309050	8309047	1
3124190	3124187	1
1472945	1472946	1
7295569	7295570	3
4148737	4148738	3
6065006	6065005	1
2956761	2956762	2
6532628	6532627	2
5259104	5248489	1
8679800	8679799	1
1205601	1205602	1
4197366	4662912	1
6347245	6347246	2
6312826	6750946	1
10947581	10947582	1
536970	536969	1
5430762	5430759	2
12771738	12771741	1
2084767	2084768	1
2419606	2419811	1
5272607	5274702	1
7906096	7906095	1
3573158	3573153	1
4810268	4811047	2
9386470	9304222	1
1827089	1828652	1
9660357	9590811	1
7575358	7575146	1
4337317	4337318	1
11283128	11283127	2
4955808	4955768	1
9620513	4838598	1
10810899	10810900	2
4981158	4981155	2
4775664	10257611	2
7316800	7316799	3
9374645	9374646	4
8092041	8092971	1
2520593	2520594	1
3390064	3390063	1
5119881	5119882	2
7617421	7617473	1
6299742	6299741	1
5706289	5706297	1
11308737	11510591	1
4156162	4156161	1
5247844	5248069	2
7483314	3462239	1
12769299	12769300	1
6932846	6932845	1
4289735	4290341	1
3604746	3604729	1
4020100	4020099	1
8309048	8309047	1
2126259	2133268	3
2685986	2685985	1
2513061	2551657	1
11916170	11916173	1
7234563	7234558	1
5649035	5649038	1
10996127	10996128	1
8376472	8376481	6
4912099	4128529	1
2849267	2849268	1
2458496	2458495	1
2350792	2350791	1
928619	928620	2
9636848	9636847	1
6456108	6456107	1
11601868	11601843	2
5041671	5041675	1
10336690	10336689	1
4758017	4758007	2
2749850	2749847	3
8841890	8841825	1
4268745	4268746	1
7809740	7809739	2
9726363	9726364	1
7662256	7662248	1
10979721	10979722	1
7365971	7339494	1
4499651	4499652	1
12185986	12185985	4
8217252	8217249	1
1979649	1979652	1
1541706	1541703	1
2361349	2361350	1
5378223	5378169	3
9160122	9160119	2
10437223	10437232	1
1384042	1384033	4
9686181	9686182	3
9340364	4265559	2
9001393	9001394	1
7106394	7106421	2
37705	37706	2
82962	83004	1
894893	894894	3
4379405	4379406	1
6442254	6435114	1
11038162	11037393	1
4910796	4910020	1
11268375	11268376	2
12606168	12606324	2
3564295	3564296	1
692655	692656	3
3102670	3103335	2
518901	518898	1
11287682	11287681	2
4236667	4236668	1
3597044	3597043	1
6289876	6289875	1
7067303	7116712	1
9919209	9919210	1
7373097	7373098	1
10945686	10945685	1
2350790	2351859	1
1640774	1744385	1
5804172	5804179	2
1715270	1715269	2
2035422	2035413	1
2732291	2952308	5
9047082	9047081	2
6806473	6806474	2
4151543	4151544	1
4335069	4418148	2
3163299	3057660	1
1669827	1669828	1
9317539	9317540	2
11143627	11143628	1
9050110	9050109	3
12659424	12659410	1
4219810	4219809	1
10541480	10541467	1
9566412	9566978	1
11739509	11739512	1
1363967	1363968	4
5698151	5698152	2
6927981	6927972	1
5160997	5147809	1
7479189	7479190	1
10068331	10068332	1
933821	934413	1
10059654	10059653	2
487359	487360	2
4236667	4236676	1
8950339	8950342	1
3295932	2356508	1
527628	945884	1
2228912	2246220	1
1835034	1835033	3
5838689	5838690	2
6379829	6379830	1
10412988	10412987	5
5181915	5181916	2
108643	108294	1
5241971	5241972	2
7396629	7396632	5
4670357	4667378	2
11589423	11589424	1
2060003	2060000	1
4480841	4480842	2
12745600	12747520	1
11372409	11372410	4
5147602	5147601	1
2895252	2895251	2
8193794	12292130	1
1778492	1778491	2
5720233	5720234	2
4272049	4269486	1
17326	17323	1
5208420	5208419	1
6343674	6343673	1
2966813	2966814	1
4303522	4303521	2
4386190	4386189	1
8578369	8578370	4
1660027	1660018	1
7809759	7809760	1
2780265	2780266	2
12756984	12756983	2
11545995	11546379	1
11061157	11061158	1
6040229	6040232	2
1888911	1888912	1
1669838	1624792	1
7847607	7847608	5
1687201	1687196	1
6306790	6306797	1
3631187	3581901	1
4847353	4847358	1
2649077	2649078	1
6368439	6368434	1
11194432	1657557	1
9694484	9694483	1
544138	544137	1
7827571	2683096	1
9011531	9011532	1
901565	11647888	1
11210441	11210455	1
3023723	3023724	1
6247862	6247861	1
10587942	10587941	1
9058062	9058061	1
5970555	5869623	1
1563277	1563278	1
894895	817132	1
8482848	8482847	1
6213894	6213893	1
11223664	11223663	1
7397978	7094249	1
6139335	6139080	1
4587794	4587793	1
6029166	5994527	1
9896873	9896876	1
1124970	1124754	2
6440613	6401427	2
4149634	4149768	1
9820363	9816279	1
4387706	4387705	3
620009	620010	1
440914	440913	1
8213888	8213887	1
687075	687076	1
3721036	3721035	2
12614975	12609744	1
4233129	4232582	1
3052838	3052835	2
7455891	7455861	1
1545925	1545946	1
8583697	8583698	2
10496689	10496690	1
4323710	4323709	1
3250834	3250833	3
6977362	6963755	2
11590710	11590709	1
293706	293705	1
11372409	11372412	1
9758251	9758248	2
6150899	6150900	2
2065709	2065660	1
4835083	4835090	1
9197294	9197291	1
7019632	7019631	1
5261456	5261483	1
6613998	6614001	1
4775662	10257611	2
7266526	7266523	1
3997273	3997274	1
8609321	8609322	2
8968463	8968464	1
6318735	6318736	1
11072366	11002450	1
11633285	11634354	2
1450274	1450272	1
9507090	9507089	2
8968462	8968461	1
11213213	11213214	2
10827248	11108298	1
552689	552690	1
9193478	9193477	2
8374882	8374881	1
3272963	3272966	2
4215353	4215354	1
7717006	7717005	1
10761702	10761701	1
5261482	5261481	2
10065068	10065067	1
3775487	3825625	2
8373161	8373162	1
9317543	9317641	1
10665596	10673971	1
4816587	4816588	1
6046485	6046486	1
873883	873886	1
1626454	1626453	1
10544130	10544129	2
2987208	2987207	3
10914107	10914110	1
10396452	10396451	1
11503513	11503642	1
7961012	7961009	1
6784308	6784313	2
10146267	10146268	1
9883995	9883998	1
6318737	6318738	1
9915326	9915597	1
10565664	10565663	2
6498055	6498056	3
3089345	3089346	1
11824421	11921396	1
2670516	2685987	1
6885599	6885604	1
620011	620014	1
6649688	6649687	7
4338747	4418091	1
1250720	1030671	1
2448736	2448733	1
5236561	5236562	1
2994232	2994240	3
2841152	2841151	2
11233708	11235154	1
5724709	5721508	1
5486285	5486332	1
8491217	8490708	1
10500310	10500309	1
5768545	5768546	1
8980019	9149608	1
2575520	2453305	1
7387891	7387892	1
6574208	6574207	1
7832569	7832558	4
2120810	2120805	1
6477171	6477172	1
2639358	2639355	1
6420902	6420900	1
296194	296104	1
3544365	3544435	3
9642909	9642910	1
10516648	10516647	1
11074194	11074193	3
11507167	3409978	2
232086	238551	1
10883895	10883896	3
10594149	10548869	1
8430302	8430301	3
8835855	8835763	1
10473271	4392273	1
3737338	3736201	1
9879125	9906508	1
4804668	4804665	2
11615422	11615421	2
9950548	9920833	1
4134705	4134706	3
10973853	10973854	2
9768306	9768323	2
11553766	11553763	1
10539826	10539829	1
712451	717015	1
704266	700136	1
3123458	3123457	1
690705	690706	1
7471910	7467970	1
4408906	4408905	2
9849590	9849587	1
2374490	2374489	3
6616212	6616211	2
1913804	1968475	1
6296939	12564261	1
5371154	5355365	1
3718072	3718066	3
7335086	7335083	2
8875969	8836439	2
486816	487228	1
11551648	11551645	2
544136	11767591	1
6587057	6587058	1
1197085	1197086	2
3470698	3470697	1
7283134	7283137	1
2719559	2719562	1
7791706	7795051	1
6713371	6714425	1
7080701	7168566	1
7092952	7092951	1
11155214	11155179	1
2718167	2718168	1
3644112	3644111	2
7723983	7723984	2
8063474	8063473	1
6317926	6317925	2
3379775	3380153	2
10810903	10810904	1
6208966	6210762	1
4156166	4156163	1
6272177	6272524	1
1067975	1067976	1
6689830	6689829	1
3052834	3052833	1
10959481	10959482	3
3130928	3130927	1
4796381	4796382	1
11030813	11030814	1
4867242	4875844	4
5415728	5415727	2
10623790	10623789	2
7722370	7722369	1
4117271	4114815	1
9471463	9471464	1
7362529	7362530	1
3005142	3005136	1
9714763	9714764	2
7609638	7722371	1
3814121	3778630	3
4141585	4141615	1
10426269	10426270	1
3767069	3723419	1
704752	704751	1
11803080	11803075	1
1945287	1990652	2
2868273	2868276	2
2904029	3036596	1
960370	960820	1
2072510	2072453	1
9018872	9018871	1
8560117	8560118	1
5336847	5336848	1
2809820	2809828	2
6257689	6257690	1
2904058	2904061	1
590966	762663	1
11074192	11074191	2
4903649	4903650	2
6668825	6696209	1
6246837	6246840	2
12743157	12743158	1
2550890	2550889	1
894895	894896	1
9992909	9992919	1
9855936	9856189	1
6358715	6358716	2
4838157	4838149	1
6498059	6498060	3
9092291	9092292	1
8426212	8426215	1
5592156	5592155	1
11248075	11247873	1
9883995	9883996	1
9061864	9061870	1
2361229	2361220	1
7873104	7873103	1
4079661	4079662	1
7295571	7295092	3
3429140	3429139	1
10255660	10255659	1
6834998	6863196	1
8673245	9166139	2
7550114	7550109	2
10421317	10421318	1
10019849	10019859	1
10082969	10082950	1
11723223	11895618	1
7021602	7001984	1
8176917	8176918	1
8270013	573669	1
10908066	10906474	1
10204754	10204753	1
8347790	8347684	1
5477403	5477404	1
7080697	7168566	1
10973857	10973858	2
11136461	11136462	2
12597941	12795300	1
7734816	7735005	1
943258	943256	2
845847	770535	3
1669838	1624790	6
5158366	5158365	1
5807820	5807823	1
9075008	9075007	2
11180548	11205886	2
10249718	10249717	2
1620402	1620401	2
3568772	3566523	1
8395936	8395935	1
3699628	3699627	1
3498039	3498040	1
4835083	4835084	3
4807767	4807768	1
9190014	9190013	1
3323223	3323224	3
778130	778142	1
10516646	10516645	1
1104984	1105241	1
4310899	4310900	2
10901265	10898822	1
3654078	3805847	1
2600285	2600282	2
402108	743901	1
3042042	3042039	1
6739569	6739570	2
6966923	6966901	1
3547663	3543259	3
1551770	1551778	1
10989064	10989063	3
1034509	1034510	2
4815314	4815313	1
7198885	7198879	1
7294929	7294930	1
7079934	7193630	2
9009799	9009800	1
11897378	11897375	1
726730	726727	1
4802740	4768949	1
10233257	10233258	3
10565666	10565663	1
6061166	6061165	2
6842687	6842293	1
10065066	10065065	2
704750	704749	1
7576664	7786309	1
4289733	4290341	1
974076	4253935	1
6968530	6945276	2
5248488	5248491	1
4358784	4358788	2
11283126	11283125	2
10974494	11065574	1
8899240	8899239	1
5978922	5757648	1
904683	844538	2
4986061	4986064	1
9238589	9344402	1
6877088	6877087	1
779622	208285	2
4722122	4722121	1
10308603	12243733	1
10365965	9228238	6
10979719	10979720	2
6406491	6406485	1
4722527	4722522	1
9509943	9509965	1
4237880	4237879	1
4605476	4807811	2
12689765	12689768	2
8395934	8395928	1
5217429	5217432	1
2406842	2406841	1
367835	367836	1
3313868	3313867	1
9578738	9578737	1
10298531	10298532	1
3155048	9623872	1
9197292	9197291	2
5653385	5653386	3
4314685	4314671	2
6742447	6742448	1
3253849	3253850	2
4534568	4156042	1
106815	106816	1
9911998	9911997	1
9598008	9598007	1
4040175	4040176	1
7832559	7832560	3
4222811	4234108	1
388023	388024	2
2320350	2320349	3
11629023	11629196	2
3641033	9365778	1
8376480	8376479	4
9635105	9450607	1
2349538	2349537	1
597965	597966	1
1845383	1845384	1
6319266	6398483	1
824455	777704	1
5043915	5043916	2
4986063	4986064	2
2125991	2125994	1
3825624	3825621	1
11102670	11007193	3
2070584	2070583	1
10556620	10556619	1
946625	948414	2
5684246	5684245	1
8363931	8363932	2
6951792	6951791	1
2845634	2845633	1
6318944	6328151	1
5129210	5129215	1
9160116	9160119	1
12755328	12755325	1
1098207	1098227	2
6555899	6555866	1
6059876	6059875	1
4378460	4378363	1
5584547	5584548	1
7481507	7481508	1
3108031	6589492	2
4386857	4387991	1
1718032	1718042	2
18965	204451	2
6505157	6505158	1
8336924	8272510	3
3266257	3266252	1
8627464	8627451	2
3267664	3267663	1
8291984	8291981	1
1331940	5820199	1
3417898	9335961	3
10774806	10774805	2
344189	344131	2
6040784	6043435	2
1479982	1479824	1
11140666	11136815	1
6238045	6238046	1
2102456	2256308	1
709154	709042	1
868705	868706	1
2018195	2018196	1
4864504	4865120	1
9344503	9344504	1
10942619	10942711	1
10118577	10118580	1
8063472	8063453	1
10488642	10488641	2
8581862	841825	1
6360129	6358714	4
9329672	9329671	1
10735587	10735588	3
10313925	10313926	1
2666621	2666649	1
2779890	3917797	1
623172	252626	1
10853010	10853023	1
4594473	4594474	4
6096907	6096829	3
7368074	7368071	1
10419693	10419688	1
12309825	12309826	1
9039235	9039236	2
7258772	7258771	1
3685628	3685631	3
8005377	8005378	1
2712692	2712691	3
7254585	7254568	2
2087976	2087981	1
6711781	6711782	3
6796675	6796676	2
12577209	12577210	1
3712471	3712472	3
5442221	5442222	4
10423702	10423540	1
5890057	5890058	1
3117652	3117661	1
5199138	5199137	1
8309050	8309049	1
10878933	10878934	1
1298612	1652421	1
10684706	10684705	1
2697810	2697805	1
9909079	9909080	1
4268545	4268546	1
2878058	2878061	1
5434084	5434081	1
8514628	8514627	2
7044163	7625708	1
6498295	6498296	2
6574210	6574209	1
9471461	9471462	1
5479663	4319554	1
7019521	868321	2
5792807	5792808	1
2987206	2987366	2
4815816	4815815	3
9190235	9190236	3
390258	390247	1
6480233	6480234	1
635363	635364	1
4478622	4478621	2
2968912	2968911	1
10534540	10534539	2
2886599	2886600	2
4257375	4257376	1
10508305	10509682	1
3984579	3984580	1
1979651	1979652	1
1959567	1959568	1
2807236	2807235	1
6739567	6739568	2
10159291	10159292	1
7397980	7397979	1
3414880	3414879	2
6498057	6498058	2
8616058	8616057	1
388021	388022	1
163939	163940	1
8176919	8176920	1
7469639	7469632	1
1164033	1164034	1
10546615	10553776	1
11474997	11474998	1
8174971	8173437	1
993715	993712	1
5214448	5214447	1
5260810	5261748	2
10190279	1000439	1
9642745	9642738	1
11128237	11128420	1
460067	5646563	1
3734237	3931457	1
6890764	6890763	1
9694486	9694485	1
338250	341298	1
6096905	6096829	1
10728899	10730690	1
5721509	5721510	1
668154	668153	2
9374651	9569982	1
5653387	5653390	2
2224992	2224997	1
2327304	2320348	1
3253851	3253852	1
10013410	10013409	1
9888281	9894927	1
1176248	1176362	1
7832561	7832562	2
925775	928352	1
10380578	10380571	1
1366695	1366696	3
5958717	5958720	1
7265272	7265271	2
1455521	5628410	1
5298165	5298166	1
8334391	8334394	1
889343	889082	1
12136447	12136494	1
8277689	8277690	2
9432065	9430424	1
5559881	5559882	2
9697431	9697434	1
8555341	8555342	1
3149844	3149843	2
8456725	8456722	1
3272963	3272964	1
1977243	1976471	1
9730280	9730250	1
11712176	11712175	1
11107181	11107182	1
592928	592927	1
4245709	4245710	1
3382203	3382196	2
4571251	9462773	2
4605278	4807877	1
170656	170667	3
5229243	5229504	1
2332756	2332755	3
11580412	11580411	3
2641420	2641419	1
5662148	5662147	1
9914241	9914242	1
7723985	7723986	4
5249021	5249022	1
12750075	12750476	1
1435466	1435535	1
6890762	6890761	1
6103367	6103475	1
10543430	10543429	1
2280076	2280075	2
11573468	11573451	1
10681820	10681819	1
10165052	10165049	1
5961241	5961242	1
5217431	5217432	5
6118341	6118305	1
2681358	2681361	1
8100819	8100814	1
6552769	6552770	1
866794	866797	1
3750292	8633389	1
12783488	12783486	1
5442228	2456369	1
184860	184855	1
9913092	9913091	1
8303545	8303546	1
9284562	9284561	2
10696985	10696986	1
742178	742181	1
11417856	11417855	1
1626452	1626451	1
4148733	4148736	1
3728226	3728223	1
3730200	3730199	1
4430056	4430055	1
10716741	10716899	1
9393695	9393698	1
2496689	2500515	2
5411103	5411113	1
10113988	10111090	3
6498928	6498927	1
4506934	4506933	1
7507765	7504348	1
7256033	7256054	1
6038044	6038041	1
1003549	1003550	2
3012264	3012261	1
2078537	2078530	2
8633388	8633387	1
2995271	3083014	1
2622406	2622409	1
2866398	2807487	3
9846202	9846201	2
8813410	8814974	1
5926392	5926385	1
4804664	4804669	1
5718565	5718566	1
11220046	11220045	1
10569455	10569456	1
1613697	1613830	2
9544139	9544140	3
4955811	8029196	1
12771732	12771729	1
275038	275037	2
2224384	2224235	1
11262578	11262577	1
10623788	10623787	2
7481184	7481183	1
4532867	4532868	1
762518	762290	1
12771728	12771727	1
5622749	5622750	1
4746786	4748570	2
4559876	4559875	1
7138526	7138525	1
7316798	7353293	2
5048393	5048394	2
2861460	2861459	1
7333136	7333135	3
6118479	6115724	1
4837505	9616226	1
6345224	6345223	2
382809	383124	1
9284560	9284559	3
4151256	4151255	2
8627308	8627304	3
10294715	10293640	1
4609589	4795515	1
8305113	8305114	1
9639132	9639131	2
9888281	11771876	1
2852410	2893094	1
1642012	1642011	1
4903651	4903654	1
4261480	12689768	1
8401642	280321	2
126450	126457	2
8810830	9882451	1
4079663	4079664	1
6248945	6248946	1
6036857	6040170	4
239511	323155	2
337131	337100	1
1326113	1326114	2
11297219	664690	1
5016642	5016645	1
3101761	3106999	1
10144012	10144005	1
8362997	8363930	1
9047080	9048977	3
11069414	11069413	1
3873026	3873029	1
1065036	1045682	1
8423767	8423768	1
3537244	3537243	1
3265299	3265300	1
8345260	8345259	1
2374488	2374518	3
11262544	11262539	1
1822850	1822849	1
2280057	2280077	1
4828547	4828552	2
10191746	10191751	2
7073019	7073022	1
8452066	8452063	2
11227470	4128529	1
1283089	10895514	2
9552751	9597921	3
2419810	2419809	1
7442173	7442176	1
2359417	2359418	1
9502328	9502190	1
6210260	6034014	1
11729907	11729920	3
9374647	9374650	1
3097064	3097063	1
5442416	5519426	1
1645512	1645511	2
8797615	8800790	1
3185637	3185640	1
