fend1	fend2	count
2835088	2835085	4
12715349	12724103	1
2910527	2910528	1
9823293	9823288	1
12682153	12682081	1
5281614	5281613	2
7024405	7024368	1
1473005	1473006	2
532391	532460	1
6271891	6302878	1
9191631	9187750	1
9081610	9081525	1
7621165	7622951	1
7733246	7734023	1
8994184	8841813	1
6342188	6342069	2
7757853	7756541	1
394431	394683	1
12369459	12369133	1
7404780	7404774	1
6181071	6181072	1
7199172	7199171	1
12055235	12055218	1
2933360	2933363	1
3697745	3698158	1
36972	20428	1
4528825	4528826	1
11595173	11595174	1
4656224	4656223	1
2281062	2281074	2
12123644	12123643	3
12626872	12626871	2
1804021	1802335	1
7211418	7211417	1
8306656	8304366	1
10080719	10080720	1
5713112	5713111	1
11003937	11003938	1
849307	849310	1
8022898	8022895	1
12334379	12334380	1
11602143	11602148	1
4399995	4400071	1
4242376	4241747	1
12231679	12231680	1
7749821	7749822	1
2234425	2234426	1
10042560	10042559	1
1207950	1207949	1
7104266	7104261	1
9472991	10632015	1
2677843	2677844	1
5259425	5259428	2
3610949	3610950	3
1048987	1048992	2
1553768	1553767	1
3661792	3661791	1
10595690	10595689	1
10415062	10415061	1
11126267	11184299	1
7333199	7333200	1
11223932	11222076	1
7446478	7446407	1
2203124	2203121	1
11317583	10079834	2
6441133	6440463	1
9447906	9447905	1
7645648	7645647	1
4958815	4958828	1
11104083	11104084	1
7274753	7274756	1
11220063	11220066	1
6165437	6165242	2
3904180	3904296	1
6077511	5816324	1
9284542	9284541	1
11366912	11366911	2
6206043	6211671	1
6138872	6138871	1
12236322	12231678	1
6688985	6688986	2
6308396	6308393	2
10879924	10879923	1
641861	641862	1
12761872	12761871	1
9576668	9576667	1
1106584	1106605	2
2631396	2631395	1
1264979	1264980	1
2941376	2941771	1
7149163	7154148	1
1914462	1914486	1
3777544	3777451	1
10007212	10007211	1
9338539	9338540	1
4607942	4607941	1
6114474	6114473	1
6480573	6480578	1
10933126	10901849	1
2566019	2566020	2
3205455	3205428	1
9170696	9170746	1
10074125	10069863	1
4125191	4125192	1
921778	921777	1
6426183	6426186	2
7093197	7093198	1
10654450	10654421	1
2937880	2937879	1
9510343	9510346	1
1703709	1703710	2
5579157	5579160	1
3501793	3501794	1
10089304	10084995	1
7020507	7020508	1
11721150	11721149	1
4230654	4230653	1
5804073	5803456	1
11347293	11341277	1
5361684	5361679	1
9553975	9553834	1
1763031	1763034	1
5013944	5013861	1
5955836	5958177	1
6203987	6203988	1
3670032	3670031	1
1826224	1826223	1
5802763	5802761	1
3505787	3505790	1
12266176	12266175	1
4122689	4003001	1
1437056	1437055	1
3213225	3212924	1
7177353	7177354	1
7675352	7675351	1
9780709	9781735	1
8157332	8157329	1
3727950	3728075	1
4570726	4570723	1
7410062	1438735	1
7149400	7149399	1
2700446	2700561	1
1207948	1207947	1
6533173	6533180	1
2485347	2485372	2
3242648	3242738	1
7458261	7448121	1
8499690	8499689	1
9525887	9525888	1
1631632	1469967	1
2614111	1692641	1
3610949	3610952	1
10024234	10009800	1
1522836	1517065	1
10574012	10567921	1
12337467	12337468	1
2839247	2838895	1
2939345	2939346	1
9421665	9421666	1
1833543	1833544	1
8420203	8418926	1
9933030	9933029	1
8493680	8493679	1
3050212	3050211	1
5511740	5513622	1
7758833	7758834	1
11333664	11332667	1
7492828	7492831	1
12796778	12796775	1
10411930	10411929	1
5990873	5990874	3
6045713	6045714	1
11828639	2826973	1
2469323	2469324	1
5676558	5676570	1
10444991	10443805	1
4362924	4362923	1
6182756	6182261	1
12719818	12719823	1
5143182	5143998	1
11337159	11337160	1
814468	814467	1
8741697	8741877	1
5666969	5666972	1
1324447	1324448	1
10565458	10565465	1
10357883	10357884	1
5997099	5997100	1
8398434	8398433	1
1851985	1851986	1
7603101	7603042	1
10362082	10369001	1
836574	836573	1
6635379	6654326	2
1527742	1527741	2
381561	381562	1
7201578	7201569	1
10080665	10080718	1
6744520	6744519	1
12381900	12381887	1
11393626	11393629	1
1327929	1327932	1
4954424	4954423	1
7704232	7704231	1
3909058	3909057	1
251747	251748	1
1574926	1574914	1
7965888	7965887	2
2237957	2235805	1
279280	279277	1
9489565	9489566	1
6310042	6309219	1
10602	10597	1
9532298	9532297	1
7082213	7090318	1
11463303	11458658	1
1539398	1539075	1
4868307	4868308	1
415806	415805	3
4628237	4628238	1
11715812	11715811	1
7460644	7460639	1
8296962	8296961	1
5568986	5568977	1
1328219	1329955	1
12786234	12786233	1
9606418	9606417	1
7497935	7497936	1
6828651	6826408	1
6781836	6781845	1
9006662	9023572	1
1835842	1835839	2
82320	82319	1
6192377	6192392	1
7349212	7347732	2
2019005	10781366	1
2107841	2107905	1
3173740	3055344	1
1953231	1953232	1
3988450	3988449	1
795233	793983	1
11374301	11406395	1
9319055	9319056	1
10246106	10244846	2
2629494	2631395	1
2003528	2004042	1
6492343	6492344	1
3891187	3891188	2
10898805	10898806	1
6104274	6104273	1
2877773	2877774	1
10190188	10188781	2
4688260	4324052	1
10883046	10883045	1
11851934	11851933	1
5002415	5002418	1
1824879	1757581	1
448501	448502	1
7812066	7812065	1
9550085	9550104	1
2566021	2566022	1
4058255	4058256	2
2737894	2737893	1
11912090	11911211	2
5483330	5483325	1
258834	258818	1
9236947	9236948	1
8311926	8311925	2
6909138	6907634	1
11362999	11363000	1
9525439	9525440	1
6195021	4704455	1
8280859	8280860	1
261347	261348	1
7877507	9052600	1
10739248	10738971	1
1455848	1455869	1
4135311	4135327	1
7562144	7562143	1
5262139	5262142	1
10091690	10091689	1
6877591	6875446	2
3871789	4008259	1
6310756	6310755	2
9184124	9184123	1
11722975	11729688	1
2884185	2884029	1
8532293	8532294	2
8570386	8571654	1
4941304	4941303	1
5532048	5532047	1
214409	314982	1
9702196	9702214	1
12228737	12229974	1
5175837	5175838	1
3039777	3039778	1
4512991	4513012	2
12278175	12278214	1
7219703	7222294	1
6897225	6897226	1
8674464	8674463	1
3816250	3816249	1
199269	199270	1
6811813	6812159	1
9421663	9421664	1
2088517	2088518	1
7578478	7578477	1
8462496	8462491	1
7549147	7549148	2
4490788	4490787	1
3830239	3830244	1
6955311	6955312	1
1232723	1232073	1
7460638	7460635	1
12429596	12434949	2
9554141	9554142	1
7423547	7424809	1
3936290	10988212	2
11330776	11329986	2
4373325	4373326	1
5271476	5271475	1
9613010	9613009	1
12694967	12694968	2
3601295	3601296	1
7579775	7578755	1
5987223	5987224	1
11970592	11970591	1
10576299	10577709	1
7645646	7645645	1
661566	660141	1
7412978	7412855	1
10677377	5870367	1
9902541	9902542	1
5011792	5011590	1
4679346	4678578	1
6508159	6508207	1
48502	48499	1
6518643	6518644	1
4685602	4688345	1
591860	591859	1
6567876	6552394	1
6971640	6971639	1
3535825	3535826	1
8757031	8757032	2
11448101	11448102	2
175032	175031	1
4607946	4607945	1
6499589	6499629	1
9526725	9526726	1
8168218	8168217	1
9493150	9493149	1
11081586	11081583	1
6990268	11469276	3
1698875	1700509	1
2992704	2992678	1
8493682	8493681	1
12200561	1521569	1
9591655	9591663	2
2094275	2094276	1
6560419	6560420	1
220908	271005	1
2169842	2169863	1
3530193	3530194	1
7767424	7767684	1
1248559	1248350	1
3509624	3509621	1
9591398	9590637	2
6283791	6281898	1
7047995	7047996	1
12205707	12205708	1
3291402	3287293	1
10140694	10211220	1
8657093	8657094	1
10334526	10334525	1
10821976	10821975	2
9869210	9869209	1
2734193	2734194	1
11547007	11547008	1
6466844	6466843	3
952170	927359	1
8997552	8985318	2
874941	6126448	1
884021	884024	1
768988	768985	1
3146462	3368028	1
491006	491005	1
10969327	10969328	1
7791961	7791962	2
8686647	8686648	2
12048643	12048644	1
12290006	12290031	1
6687814	6691563	1
5232202	5232201	1
7486343	7486328	1
5673038	5673037	1
5616137	5616138	1
2731376	2731284	1
1664286	1658467	1
6100081	6100082	1
5666971	5666972	1
10275109	10270175	1
6922223	7010095	2
1720136	1720135	1
10416619	10416620	1
4925119	4925092	1
1120703	1120704	1
7791866	7791831	1
6398438	6399255	1
5142874	5143183	1
389701	389702	1
4538482	4538523	3
1104912	1104911	1
5720044	5719684	1
916295	914584	1
3856292	3803254	1
2573323	2573324	1
6114472	6114487	1
1988779	1988780	1
4747925	4747874	1
7424492	7424491	1
8035133	8035134	1
9054002	9054001	1
9551849	9551850	1
5009143	5010832	1
985902	985983	1
3806765	3806768	1
11689469	11689162	1
385913	415964	1
6053584	5701737	1
5596706	5596705	2
3162793	2796612	1
5091828	5091827	2
6317220	6315345	1
6942131	6942132	1
7305928	7263835	2
8559098	8559075	1
3359478	3359477	1
11724323	11724324	1
6055672	6057550	1
2155071	2151884	1
9355274	9355273	1
8023912	8023951	1
1054397	1054398	2
4480589	4480590	1
1703711	1704050	1
5637544	5635799	1
6346524	6346538	1
8763566	8830341	1
4566551	4566552	2
7648673	7647168	1
7991073	7991074	1
5799970	5799967	1
7173420	7173419	1
10973062	10973057	1
7100790	7100789	1
1596621	1596622	2
10943910	10943909	1
1068578	1068577	1
7275816	7242666	1
5584202	5584201	1
1022601	1022602	1
10871614	10871639	1
1120705	1120708	1
9318179	9342141	1
9339219	9339220	1
882193	882194	1
12183039	12183040	1
9483517	9483520	1
5591954	5591953	1
10961640	10961639	1
11512638	11512637	1
11486180	11485915	1
71581	71532	1
264719	264731	1
1007603	1007856	1
12046443	12043649	1
11783364	11783374	1
12129990	12129989	1
2978949	2978950	2
10285191	10284588	1
10290967	10290968	1
10394433	10394434	1
6211753	6212494	1
7183071	7182599	2
8793261	8793262	2
4532914	4532826	1
5394083	5394758	1
1588013	1588014	1
11333666	11333665	1
6604145	6604146	2
8189949	8189950	2
4569437	4569438	1
10903998	10911865	1
10158428	10159225	1
8960622	8960621	1
10928136	10928135	1
10120192	10120189	1
3719886	87112	1
2829732	2830457	1
10758746	10758741	1
1445788	1445865	1
4032434	4032433	1
2978951	2976942	1
3909268	3909061	1
8223634	8223873	2
11349685	11349686	2
2503437	2503438	1
972354	972353	1
4610872	4610871	1
884000	883969	1
902508	902478	2
12422270	12422267	1
983842	983845	1
1370445	1370446	1
1783787	1783788	1
7446259	7446251	1
8704808	8704807	1
6852401	6852182	1
3525044	3519672	1
8556035	8555399	1
2628360	2628359	1
1072967	1072968	1
12374932	12374931	1
9800171	9798487	1
8041075	8041026	1
8420198	8420201	1
11286785	11286786	1
3128149	3140043	1
11173651	11173652	1
2079807	2079808	1
11975833	11975823	1
415407	415408	1
5585767	5585768	1
7266358	7268260	1
9389600	9389608	1
3113363	3113364	1
4375853	4375231	2
6689256	6692834	1
48500	48499	1
4789243	4789246	1
8610045	8608731	2
5484007	5484008	1
9913654	9913651	1
6624470	6624448	1
12289280	12408468	1
6714165	6714166	2
1893457	1893458	1
2198023	2198024	1
5427259	5427250	1
6914028	6914027	1
6363695	6355522	1
10700984	10701349	1
7672947	7672874	1
10901111	10901139	1
1704810	1704753	1
8018780	8018427	1
5412616	5412615	2
9918825	9918786	1
3487632	3487631	1
5591985	5591986	1
2815706	2815486	1
2157249	2157261	1
6953721	6968630	1
619843	619844	1
11574637	11574627	1
12014364	12011355	2
12492495	4246020	1
3581927	3581930	1
4336084	4336055	1
9812180	9812179	1
3874459	3874565	1
6675562	6675560	2
2865046	2865071	2
9775584	4679631	1
4749606	4749605	1
12504235	12504236	1
7335496	7335495	1
11995662	11995734	1
9588215	9588357	2
781294	781293	1
1539512	1539511	1
7474491	7474504	1
2968690	2968646	1
2757095	2751941	1
7393123	7393124	2
5543256	5543209	1
1777013	1777014	1
10564207	9109453	1
1356443	1246298	1
5650196	5650195	1
8872356	8872355	1
6288547	6288527	1
5648299	5648300	1
729771	729769	2
366223	366224	1
5523928	5523831	1
9506871	9497580	2
12385680	12385679	1
8383904	8383532	2
7399989	7390278	1
10370216	10363526	1
11319909	11319831	1
2773087	2771942	1
10095870	794036	2
2127089	2127092	1
7383406	7383405	2
4536038	4547740	1
7688882	7688858	1
5827823	5827824	1
11312710	11312707	1
1240491	1241259	1
8568430	8568382	1
2261831	2261832	1
1013269	4632223	1
594275	954738	3
4269604	4269593	1
8812813	8723488	1
5895475	5895478	1
3985941	3985912	1
6190488	6190485	1
1698561	1710559	1
11931727	11931760	1
3535827	3535828	1
6382784	6382765	1
11881451	11816801	1
10173834	10173833	1
12723150	12723149	1
5059263	5059367	1
2964200	2964199	1
4528068	4528256	1
8898469	8892441	1
5907106	5907098	1
8896134	8896133	1
12725413	12553847	1
4552637	4552668	1
3150230	3148275	1
9296902	9297756	1
11379615	11379616	1
3966523	3966524	1
4500594	4500593	1
5700215	5693239	3
5457349	5435123	1
2592176	2592173	1
6847471	6847303	1
6160246	6160250	1
6430151	6430157	1
3490489	3490630	1
10299363	10299364	2
11218459	11218460	1
3126192	3126189	1
8895029	8889597	1
774137	778062	1
9845501	9845502	1
126300	125938	1
6955313	6955314	1
5879803	5880417	1
7274757	7274793	1
9172186	9172183	1
3561552	3573849	1
4475811	4475711	1
10672416	10672419	1
5262143	5260933	1
6303734	6296856	1
8213850	8213842	1
1203463	1203466	1
6779333	6779334	1
6215816	6215815	1
8817585	8817586	1
6727931	6727952	1
3484881	3484882	1
1079173	1081925	1
3520576	3520575	1
6549127	6549124	1
7391859	7391839	1
630608	6082518	1
5068305	5070144	1
12309610	12309609	1
6046288	6046287	1
9066998	9066997	1
5648947	5648308	1
11204210	11204209	1
10351534	10346215	1
4122092	4122091	1
2121390	2123671	1
5993222	1452464	1
3530191	3530192	1
9540807	9540808	1
4784995	4784996	1
7071645	7072188	1
2234943	2234946	2
5837912	5837911	1
4504560	4504557	1
1642387	1642388	1
8866898	8866895	1
8423614	8423611	1
6017033	6017100	1
5059259	5059262	1
3438628	8663804	1
3029135	3029136	1
5499920	5499919	1
6159813	7135660	2
3587469	3587660	1
6129728	6129727	1
8431361	8431357	1
5442860	5443116	1
5843669	5985869	1
4276268	4276267	1
7046563	6971653	1
9421667	9421668	1
2405307	2405360	1
3368155	3368167	1
6131730	6131704	1
3306316	3306355	1
2169251	2169254	1
11899776	11899781	1
11916867	11916868	2
5924283	5924284	2
7996364	7996361	1
5971888	5971885	2
6715611	6492937	1
6409957	6409958	1
767812	766803	1
2877771	2877772	1
10770036	10770035	1
7302040	7302039	1
10461715	10461720	1
7432306	7432303	2
2613254	2613253	1
9909993	9910437	1
3887108	3887111	1
291741	291742	1
5750205	9231570	2
4032436	4032435	1
6811805	6811806	1
3590390	3590389	1
4017510	3928706	1
2486197	8780352	1
5765990	5766403	1
3757838	3757843	1
11008546	11017569	1
5827821	5827822	1
1280740	1280739	1
1022604	1022603	1
3242649	3242650	1
2827584	2827583	1
2846737	2846738	1
197369	197374	1
5804953	5804958	1
5722953	5723301	1
1067196	1065451	1
10813903	10889772	1
258836	258835	1
10524855	10524873	1
3661744	3681318	1
12188936	12188935	1
12715347	12715348	2
9866652	9866651	1
2316742	2316741	1
3364021	3364024	1
2621385	2621386	2
5221458	5221457	1
7536789	7536792	3
7287982	7287981	1
414195	414215	1
2816045	2815929	1
8960708	8960438	1
8973296	8973295	1
2439635	2439636	1
3284910	3284905	1
7285150	7076508	1
10061261	10061262	1
1974590	1974467	1
10063875	10159099	1
2774471	2774594	1
7446257	7446258	1
11820271	11820274	2
8633191	8633192	1
2037338	2036597	1
8101283	8101286	1
9177484	9163879	1
2754717	2754706	1
10745433	10745434	1
7244290	7244287	1
12398244	12398243	1
264296	264295	1
436153	436154	1
1198153	1194020	1
6409370	6413332	1
3136487	3135914	1
11467022	11467021	1
3143924	3143923	1
10882896	10882895	1
175394	188408	1
3907995	3907996	1
6397527	6397528	1
8956260	8956259	1
6882888	6885151	1
8456682	8456251	1
7612237	7612238	2
2103487	2103488	2
12040985	3228139	1
11322951	11316358	1
4501662	4501661	1
7446793	7448895	1
3630753	3630622	1
10212073	10212074	1
10140696	10140695	1
5004357	5004358	1
4264369	4264280	1
5601158	5601157	1
10071555	10073819	1
12424387	12423727	1
8168885	8168925	1
9336663	9336664	1
3946449	3946450	1
12236328	12236327	1
6124264	6124263	2
3516262	3550569	1
3631844	3629705	1
6369077	6369051	1
10259804	10261692	1
11926773	11926774	1
4574027	4574028	1
9419697	9419698	1
2972870	2972869	1
6015023	6014990	1
3971209	3967132	1
1217175	1217176	1
8488547	8489582	1
12806253	12806254	1
1105133	7177270	1
9097831	9097832	1
8517631	8517451	1
2520400	2520399	1
12246817	12246818	1
5656639	5656640	1
5790333	5790334	1
1633032	1633027	1
10800553	10800483	1
7984853	7984854	1
1856012	1856011	1
12324100	12324099	1
10075835	10075836	1
10900797	10900603	1
2169299	2169250	1
12253735	12253736	1
6426254	6424997	1
5463107	5465035	1
12759570	12755759	1
1699337	1699340	1
16855	16856	1
1548996	1547034	1
48498	48497	2
2927225	2926324	1
7996344	7996343	1
12343890	12343889	1
8102474	8102153	1
2759561	2759562	1
3749766	3741210	1
11966047	11966788	1
2456021	2456024	1
5014914	5203559	1
5923421	5923422	1
2850066	2849722	1
11294248	11294247	3
11521809	11521122	1
3236499	3236525	1
1914383	1914385	1
1030471	1030472	2
7099563	7099564	1
7649229	7649230	1
12412738	12412733	1
11713668	11715471	1
5723335	5723314	1
1714325	1712683	1
11820269	11820270	1
8699550	8699549	1
3651536	3651535	1
11253427	5145695	1
2518381	2518367	1
6036885	6033410	1
8982889	8982904	1
10898805	10900933	1
10952590	10952589	1
4530920	4530919	1
10996531	10996528	2
3382185	3382186	1
8047142	8047141	1
11547073	11547626	1
11715832	11715811	1
8352257	8352258	1
3786801	3786802	1
4063709	4063710	1
10234418	10234417	1
4612646	4612645	1
7928067	7928068	2
5602842	5602959	1
4551311	4553031	1
6832041	6832042	1
6123189	6123190	1
4044807	4044810	1
4138692	4138682	1
7332076	7332436	1
7568145	7568146	1
674799	674800	1
11995068	11994697	1
5793272	5793275	1
10831978	10832703	1
3741990	3743123	1
10463892	10463891	1
8709611	8708658	1
6161687	6161114	2
8869382	8874241	1
1859121	1858753	1
11525410	11525407	1
3098954	3098733	1
6942133	6942134	1
3367494	3373491	1
8509240	8509239	1
8022893	8022894	1
3388933	8399712	1
322246	322245	1
11175179	11175180	2
8568383	8568384	1
9876483	9875506	1
5086017	5086054	1
12505673	12505674	1
6176621	6176622	1
10787570	10787569	1
7704862	7705023	1
9637849	9637982	3
2784226	2784225	1
11350888	11352907	1
5816648	5816901	1
8177157	8181793	2
3213088	3213087	1
12759574	12759573	1
11650096	11650095	1
5361678	5361755	1
2055038	2055041	1
9515238	9512208	1
174081	174082	1
5741294	5741297	1
7446300	9158327	1
9869208	9869159	1
4375260	4375230	1
7956055	7956056	1
4487998	4487997	1
310653	310654	1
8628137	7056316	1
5732024	5732023	1
9193859	9193860	1
636886	636885	1
1721358	1751975	1
314566	314565	1
8613852	8615565	1
12290138	12298557	1
7960555	7960556	2
10817906	8109252	1
11563889	11563890	1
1034840	1036559	1
1073878	1073877	1
8763865	8764391	1
8568078	8566183	1
11530673	11520734	1
7449055	7449056	1
1877856	1877855	1
5709932	5708568	1
8441186	8441137	2
11664209	11664210	2
11481200	11481447	1
11831715	11831781	1
1559804	1564704	1
9842718	9842675	1
936275	899024	3
1624320	1525754	1
5549368	9554071	1
236734	236737	1
5754654	5754882	1
3865041	3865283	1
4841297	4841300	1
2042603	2042606	1
7158738	7158345	1
6991886	6991883	1
778923	775355	1
3887946	3887985	1
3054708	3054707	1
2814273	2818438	1
3559388	3559387	1
10173832	10173842	1
3135467	3139788	1
6760932	6760931	1
6094166	6094165	1
11017288	11017291	1
8729955	8729956	1
2787803	2787804	1
782721	782722	1
12778641	12778642	2
3610951	3598191	1
248896	248895	2
5419856	5419855	1
2094273	2094274	1
4763847	1681216	1
9500430	9500429	1
5283882	5283548	1
11355904	11355901	1
5946101	5946102	1
5024160	5024115	1
6770376	6770375	1
5711725	5711726	1
11190093	11192925	1
10714261	10714897	1
8009172	8009171	1
8604972	8381439	1
5965730	5965729	1
1699337	1699338	1
3146358	3146307	1
4939180	4939179	1
5532529	5532530	2
10251557	10251558	1
6826387	6828793	1
3369416	3367712	1
270939	270847	1
11595172	11595171	1
4661274	4661273	1
313398	313430	1
9064054	9060965	1
2816529	2816530	1
10343225	10343226	2
11820275	11820276	2
9475795	9475796	1
7287980	7287979	1
6989167	6989168	2
4264288	4264287	1
4536040	4536039	1
4025560	4025470	1
1437058	1437057	1
9428852	9428851	1
8221339	8221340	2
7274753	7274793	1
6052873	6047812	1
8896407	8896390	1
8615202	8608277	1
6926159	6925898	1
7296947	7296950	1
4314435	4314436	1
11595170	11595167	1
6685685	6503383	1
8023914	8023913	1
5377283	5377284	2
4487995	4487996	2
4610870	4610869	1
2628362	2628361	1
5649313	5649314	2
8185894	8185950	1
3116866	3116498	2
7450038	7450037	1
11064594	11064593	1
5415918	5415917	1
3900764	3900763	1
7446501	7446502	1
3295901	3296005	2
5648301	5648302	1
1691433	1691621	2
881057	881058	1
8896134	8896131	1
6770680	6770604	1
6373304	6373303	1
1957969	1957970	1
248898	248897	2
2959318	2959315	1
9248624	9250612	1
10349964	10349473	1
5068757	5068758	1
3565205	3563205	1
2243829	2243656	1
6929785	6929790	1
3296002	6266877	1
11734711	11734714	1
1098096	1098095	1
8185894	8185952	1
886921	1249721	1
5648411	5648414	1
11359524	11356974	1
5342253	5342256	1
747885	747886	1
3044049	3024263	1
7343583	7343584	1
6495573	6495528	1
12646715	12646744	1
7486136	7486135	1
9274516	9281598	1
8310989	8310990	1
9355254	9355275	1
1332067	1332068	1
10294088	10294087	2
6153368	6153363	1
6375800	6375766	1
12198168	11719408	1
7762240	7836410	1
8956412	8956378	1
11465457	11465458	1
1870394	1870322	1
9285443	9285444	1
555218	557031	1
5803303	5803306	1
12611250	12612082	1
3966198	3966197	1
7583203	7583204	1
4722288	4716080	1
915675	307119	1
5232204	5232203	1
1054399	1054400	1
2792970	2792949	1
7526253	7528144	1
801846	801845	1
11393628	11393627	1
4071711	4086948	1
6025006	6025005	2
9370914	9371370	1
7455120	7455119	1
12470552	12470551	1
7171861	7171862	1
11485914	11485518	1
11526070	11526069	1
9364679	9291199	1
10953308	10953307	1
7206350	7206349	1
3259773	3260059	1
4666740	4666739	2
11912053	11912054	1
5656637	5656638	1
12269490	12269489	1
11202658	11202657	1
3561374	3561392	2
10978748	10978747	1
447591	447594	1
8813797	8813798	1
6403212	6403211	1
1636090	1636087	1
4123828	4123827	2
5585769	5571069	1
1988777	1988778	1
2877771	2877774	1
8880889	8942254	1
6977308	6969343	1
4167861	4168258	1
11404201	11407227	1
782837	779563	1
12746560	12746559	1
3891189	3892792	1
6769981	6675515	1
10245951	10242669	1
8006311	8006312	1
3045620	3045807	1
991650	970241	1
7835020	7835019	1
3550430	3550429	1
7419707	7419708	1
3045623	3045624	1
7232370	7232369	1
6009008	6009007	1
2439633	2439634	1
2316744	2316741	1
3750877	3754447	1
126302	126301	1
2581620	2581021	1
8487414	8487581	1
10285301	10285302	1
6041963	6041964	1
4088953	4088566	1
10788025	10788026	1
1721433	1721268	1
2592074	2592073	1
9860787	9860794	1
1264975	1264976	1
1363921	1363899	1
5789935	5790335	1
2092963	2148751	1
6755288	9594264	1
3703708	3703836	2
7458686	7458562	1
7589159	7589487	1
8646527	8628004	2
923113	923114	1
6294411	6294426	1
5819118	5817181	1
2234947	2234948	1
3315477	3315469	1
6944035	6942735	1
12011356	12011355	2
9097847	8837569	1
9148712	9148711	1
11914822	11914736	1
5147312	5146666	1
12207290	12207037	2
2019431	2018987	1
6112485	6112486	1
7451917	7451918	1
1171604	1171603	1
4607944	4607943	1
6496057	6496109	1
795229	795230	1
6713599	6713600	1
7993338	7996486	1
5470293	5470420	1
5708502	5708501	1
8798528	8798527	1
5666969	5666970	1
7232963	7232912	1
1563223	1563226	1
4240194	4240193	2
6635610	6501785	1
3887950	3887949	1
307796	307795	1
3771831	3771832	1
4288789	4279393	1
1491416	1493801	1
6382764	6382763	2
2662320	2656028	1
9014265	9014266	1
6154838	6154837	1
1150905	1150906	1
3887948	3887947	1
10762426	10762425	1
11826271	11826414	1
424519	424551	1
115607	2127088	1
49875	48503	2
8225512	8224662	1
338218	338209	1
9780405	9780406	1
4468830	4468829	1
2140493	8002011	1
9830579	9830580	1
4559168	4559993	2
10758716	10758659	1
2037340	2037339	2
1201159	1352784	1
7189671	7189672	1
5829832	5829829	1
3318511	3318512	3
3953978	4016412	1
1833516	1833511	1
5499944	5499943	1
9112612	9112565	1
5903336	5903335	1
348059	346939	2
2234423	2234424	1
4789243	4789244	1
12343888	12343887	1
248892	247707	1
2782483	2780957	1
8507638	2046379	1
6886690	6886689	1
6966139	6966140	1
9863467	9862691	1
7093616	7313809	1
2540928	2540927	1
9146370	9141305	1
8070433	8070434	1
4234812	4234260	1
762273	776084	2
8171364	8171363	1
12316724	12317108	1
7536793	7537000	2
5737069	5736124	1
5846980	5846938	1
10464735	10464736	1
11164842	11164171	2
8018426	8018425	1
7203196	7103906	1
11338742	11338108	1
5443996	5443995	1
3197104	3197103	2
7988764	7988763	1
9769244	9769241	1
7253360	7311220	1
4986077	4986078	1
5003366	5002870	1
1789685	1789686	1
9314762	9314761	2
70938	68838	1
11100688	11100760	1
7446461	7446462	1
2377399	2377400	1
1542309	1541330	1
11323963	11323918	1
3581937	3581938	2
8529051	8523220	1
329060	266816	2
188312	188311	1
4569435	4569436	1
2435397	2435398	1
1095147	1095148	1
9314768	9314765	2
3672240	3672247	1
1075653	1075670	1
6371279	6371321	1
8174389	8174390	4
7713523	7711613	2
3138447	3136270	1
9142770	9142767	1
9526727	9526728	1
9543925	9543930	1
899025	899026	1
2579219	2579220	1
597279	597280	1
9871929	10120673	1
2330951	2330973	1
5701731	5701732	1
11521559	11525411	2
11385966	11386658	1
11678701	11678743	1
68358	68792	1
9812687	9812515	1
5041138	4983745	1
1716431	1716432	2
9997955	9999442	1
10918982	10918981	1
4104182	4104181	1
3828400	3822736	1
7994319	7994320	2
1995687	1995688	1
5575424	5572993	1
10015859	10015862	1
997694	974505	2
10164254	10164253	2
6195029	6195030	1
810846	810845	1
3229011	3229012	1
6160083	6157209	1
10302096	10302095	1
4453701	4453730	2
3788819	3788820	1
4611584	4611583	2
9302969	9302970	1
11797874	11802530	1
7652114	7650757	1
11823897	11815909	1
7335340	7072394	1
1070838	1070853	1
5649315	5652660	1
3860346	3862191	1
9287042	9287041	1
11780010	11780007	1
10618136	10618491	1
2180916	2180268	1
8973298	8973297	1
5445390	5445387	1
5021463	5021464	1
7948334	7948333	1
5418536	5418535	1
12371697	12371700	1
6089392	6089518	1
12455815	12455816	1
5924198	5924197	1
4255714	4255727	1
4123832	4123829	1
7258682	7257879	1
9786552	9786551	2
8350642	8350854	1
6848759	6849148	1
6984973	12482956	1
398486	398632	1
11273742	11273354	1
12049425	12049423	1
6958387	6958388	1
7465873	7465876	1
1295269	1292991	1
9737473	9737474	1
12259662	12259661	1
12780384	12778640	2
2042526	2042607	1
6171568	6171567	1
5639718	5644222	1
11961612	11961611	1
7201578	7201571	2
5925331	5925329	1
11921429	11921430	2
8035131	8035132	1
7400579	7400588	1
1893459	1893460	2
6342190	6342189	1
8578507	8578512	2
704954	704953	1
1914464	1914463	2
9146425	9146426	1
921780	921779	1
12786232	12786231	1
10464737	10464738	1
10161438	10161491	1
5371550	5371547	1
9351488	9351508	1
4072423	4072424	1
4612300	4612645	1
10568108	10568037	1
12290693	12290696	1
4922612	5182096	1
633044	632847	1
3731966	3732345	1
9291624	9291623	1
73689	68746	1
12229975	12229976	1
6924931	6924932	1
7888074	7888073	1
1760705	1760706	3
439838	430437	1
8826252	8826251	1
12795417	12791178	1
12798152	12798151	3
223460	223459	1
11672920	11672407	1
1662330	1662448	1
10446237	10443919	1
9620542	9620541	1
6160635	6160627	1
7429307	7429502	1
12286381	12287278	1
4801927	4802126	1
11494317	11494318	1
8339582	8343545	1
6783852	6784079	1
4567275	4567276	1
6915126	6915125	2
1972526	1972525	1
9535458	9535455	1
12180582	12180581	1
1760707	1761100	3
3887984	3887983	1
1181356	1181355	1
3476141	3476046	2
9694344	9694343	1
5584788	5582606	1
6996230	6996227	1
8578617	8578618	2
6004665	6004666	1
9617053	9617056	1
5756645	5748129	1
7603041	7603069	1
1771565	1771495	1
919358	846851	1
8672565	8672566	1
5730832	5730771	1
3021347	3021392	1
7268039	7268040	1
4066251	4066252	1
10673197	10673218	1
11085510	11085544	1
9142339	9142335	1
8793263	8793264	1
3630623	3630624	1
3959834	3953633	1
813038	814865	1
3430977	3430978	1
9342493	9340697	3
11872807	11794889	1
3039768	2812514	2
11512634	11512628	1
4513247	4513248	1
8581385	8581678	1
485732	485731	1
9168066	9167809	1
10084919	10093009	1
10168988	10166779	1
1370447	1370448	1
2352055	2352058	1
12498111	12498112	1
10273029	10289514	1
2895088	2879374	1
6563252	6563251	1
6936549	6937785	1
5815086	5815182	1
8069902	8069901	1
11676996	11676914	1
6821081	6821117	1
6590112	6589503	1
7600859	7600860	1
1048989	1048992	1
8412279	8412298	1
8228584	8228579	1
1297337	1297338	1
214409	314980	1
1405940	1192344	1
8948763	8948764	1
2249848	2249851	1
3465235	3465236	1
9516229	9518268	1
9431465	9431496	1
10571222	10571221	1
5308407	5308410	1
511524	511523	1
11359174	11358287	1
4373911	4368788	1
2401394	2401496	1
5747271	5747272	1
11073051	11073054	1
2894966	2894969	1
3515319	3520802	1
8554925	8554926	2
6809550	5509039	1
5812602	5812601	1
10873720	10873719	1
2352248	2352054	1
12745606	12307007	2
6929782	6929777	1
9781904	9781903	1
10334311	10334312	2
8006780	8004398	1
7095448	7095447	1
3966196	3966195	1
1166325	1166330	2
4423943	4423944	1
8823795	8823798	1
3591848	3591845	1
11149274	11148491	1
3501791	3501792	2
4301113	4301116	1
12766922	12766927	1
7261382	7302565	1
10075695	10075696	2
7323991	7324924	1
387784	387783	1
11999497	11523794	1
4212374	4212338	1
8413846	8413845	1
11022877	11022865	1
11238085	11238086	1
8627886	8627885	1
11388919	11388922	1
6103888	6103887	1
7215462	7215475	1
8197192	8197191	1
11564988	11564987	1
8327485	8327282	1
10425521	10426202	1
7149398	7149397	1
4726952	4726951	1
9641874	9641873	1
381563	381606	1
7297656	7297655	1
3318513	3318516	1
3338304	3338303	1
3279785	3280370	1
4446232	4446231	1
1389405	1389442	1
234874	234873	1
1716429	1716430	2
9529230	9529229	1
1590117	1594412	1
7081991	7081992	1
9314764	9314763	2
10503739	10484721	1
12796257	12796258	1
5701729	5701730	1
4063707	4063708	1
5780705	5780708	1
6488117	6487410	1
6831947	6831045	1
6102969	6102972	2
7992737	7992738	1
12286304	12287450	1
11087913	11085270	1
11866401	11863872	2
4478398	4478397	1
7700341	7700342	1
172600	172599	2
7071191	7071192	1
11023567	11023593	1
5720129	5719168	1
10773502	10768238	1
7300534	7300533	1
7410064	7410063	1
1187186	1182413	1
9572525	9572526	1
190788	190787	1
805394	805393	1
8129109	8129110	1
860175	856458	1
3747153	3747154	1
5418538	5418537	1
12364672	12364671	1
7822247	7822248	1
5593503	5366052	1
874809	6096247	1
708745	708784	1
7191008	7191007	2
11536443	11191257	1
12666452	12760104	1
1496903	1496904	1
10285704	10285703	1
6203989	6203990	1
1464895	1658192	1
2172967	2174246	1
1723302	1723301	1
3981178	3981010	1
12394832	12394831	1
2855345	2849076	1
1030473	1030542	1
7203812	7206351	1
6929784	6929783	1
6597323	6597324	1
11823899	11815909	1
2292155	2292156	1
1131784	1452305	1
9417784	94311	1
5648501	5648506	1
4993795	4993888	1
11465442	11465642	1
4314428	4314425	2
5926550	5926022	2
5347361	5347362	1
1042946	1042945	1
5518517	5518518	1
7432302	7430529	1
278388	278387	1
7936713	7938360	1
12159398	12159396	1
7984851	7984852	1
11034777	11034778	1
8482706	8482705	1
11188488	11186325	1
6984938	6984937	1
10073980	10078082	3
11492642	11492641	1
7458686	7458558	1
6405961	6405962	1
11663629	11671183	1
5735389	5735485	1
4274755	4287931	1
12749399	12749402	1
7383774	7383773	1
5466635	5466636	1
10053676	10050073	1
12646713	12646714	1
7706273	7706276	1
3449698	3449779	1
3248495	3241692	1
12529369	10593063	1
7600714	7600713	1
5955884	5958176	1
11772684	11772678	1
12379664	12379658	1
7270818	7271340	1
3212304	3212301	1
11970590	11966626	1
4338367	4338368	1
2683427	2683428	1
7402179	7402271	1
8756552	8873921	1
4019751	4020770	1
10614160	10614159	1
8397794	8398435	1
7314529	7313801	2
4941305	4941306	1
11458159	11458160	1
8814000	8813058	1
190313	190314	1
6031707	6031708	2
6787546	6788519	1
8456684	8456683	1
6950480	6955308	1
2839192	11805113	1
443952	443951	1
3456556	3456564	1
8108649	8108650	1
3124806	3131875	1
5205680	5205578	1
6418898	6264667	1
303104	303101	1
6126730	6126729	1
380451	380433	1
3212300	3212299	1
8639806	8639805	1
10217273	10217274	1
11910457	11909071	1
2945526	2945525	1
3385265	3385253	1
7149051	7149052	1
5602958	5602957	1
5950597	5950598	1
9496447	9504143	1
9677052	9677051	1
2397049	2397050	1
7493886	7491091	1
11115145	11115146	2
7043504	7043741	1
10130212	10247648	1
12505170	12505169	1
8737871	8738107	1
9354682	9486920	1
2258635	2258636	1
7427136	7427135	1
6675564	6675563	2
10986954	10986953	1
11883188	11883060	1
8336996	8336515	1
1681105	1681106	1
5235878	5235544	1
11294094	11294093	1
2033538	2027347	2
6518645	6518646	1
5881709	5881710	1
491004	491003	1
6951243	6951244	1
7474203	7474204	1
8520345	8520348	1
10823288	10823285	1
3610951	3610952	2
2397051	2396920	1
5949812	5947550	1
5710590	5710587	1
1297339	1297340	1
88365	88366	1
11502190	11502187	1
4953621	4953622	1
5735383	5735384	1
3531690	3531689	1
12666812	12663703	1
1126504	1126503	1
6255951	6255952	1
6367005	6367006	1
9176556	9176555	1
1454799	1454800	1
10685332	10685331	1
2757093	2757094	1
7155773	7155774	1
1642375	1642376	1
7634187	7603588	1
6929791	6929792	1
303153	303103	1
8839354	9138607	1
10953963	10953964	4
5443881	5443997	1
10152454	10152458	2
3623094	3622454	1
11294250	11294247	1
1412521	1412522	1
7933230	7933150	2
11175177	11175178	2
12337463	12337464	1
8475249	8474725	1
5778702	5780055	1
6321794	6326326	1
340962	652891	1
9478972	9481484	1
7226430	7226303	1
3794050	3790985	1
9959752	9959751	1
6581157	6584875	1
4536042	4536041	1
4498728	4498727	1
7425467	7424112	1
2208304	2205489	1
3779425	3780806	1
1450422	1450421	1
11102229	11099287	1
9999860	9999859	1
6829205	6829206	1
734322	734321	1
6726033	7603491	1
3567001	3567002	1
7109061	7109062	1
4011807	4011777	1
11724185	11724186	1
12486643	12486692	1
10066229	10073118	1
7924778	7921993	1
7347697	7347683	1
10743956	10743955	1
1575726	1575562	1
871192	871191	1
10074488	10075694	2
8280861	8280862	1
814910	814907	1
1940503	1940506	1
4294623	4294624	1
8217201	8217202	1
4411029	4506674	1
12608039	12608040	1
11836229	11836200	1
6841790	6842731	1
3959864	3957977	1
879108	884020	1
6204892	6204891	1
11552117	11554665	1
7524732	7521900	1
2042528	2042527	1
7936081	7936082	2
110898	106632	1
10415066	10415065	1
5675554	5675595	1
6648189	6648190	1
8482704	8482689	1
2203126	2203125	1
11309288	11309280	1
4082027	4082028	1
2441419	2442111	1
1409026	1409193	1
4456450	10507667	1
3928707	3928708	1
9563120	9559111	1
10807639	10807640	1
4453699	4453700	2
6560421	6560422	1
1919747	1919748	1
5831241	4388424	1
8550762	8548777	1
11782859	11782808	1
8814002	8814001	1
6570003	6570004	1
7988762	7991656	1
10239790	10239789	1
9518670	9518669	1
11866928	11866927	1
5780769	5780770	1
983842	983847	1
12150776	12148214	1
8757388	8757030	1
586268	586267	1
6184232	6184231	1
6819109	6819115	1
12398242	12398241	1
5797791	5797792	1
6992247	6992248	1
5065046	5065045	1
10414624	10396524	2
902479	902480	2
79634	78873	1
7349212	7347692	1
1577488	1577487	1
4562615	4562616	1
2364818	2364815	1
7001538	7001537	1
8824865	8824862	1
9252116	9245426	1
2380299	2380300	1
9110256	9109548	1
10228920	10228919	1
5666967	5666968	2
3646044	3645311	1
1568043	1561165	1
374839	378631	1
6549241	6546527	1
1959441	1959144	2
5443994	5443993	1
8230729	8230730	1
2875530	2875164	1
415804	413717	1
6564924	6563375	1
3039966	3039961	1
12167618	12167580	1
11704078	11704074	1
10448254	10448253	1
2337950	2337949	1
4941307	4941308	1
3576771	3576747	1
11609541	11611454	1
5601156	5601155	1
12337465	12337466	1
12315105	12314549	1
304358	304405	1
5184283	5184284	2
11784213	11790391	1
7424490	7424474	1
8605903	8605906	1
1564278	1564277	1
3236497	3236498	1
11204206	11204205	1
6157117	6156572	1
7435398	7435397	1
2565214	2565213	1
10248687	10248688	1
11916869	11917130	1
6002344	6002348	1
2739987	2739998	1
8547004	8543677	1
99943	99944	1
5707867	5707814	1
7446503	7446511	1
5811237	5811238	1
11597318	11597019	1
6983597	6983576	1
2830456	2830455	1
972356	972355	1
3007978	3007977	1
8533225	8530726	1
11002871	11002872	1
11004327	11022523	1
1745183	1741050	1
5044685	5054968	1
7518310	7518380	1
936080	932374	1
1920125	1920126	2
11650094	11650093	1
12371038	12370963	1
6105451	6105470	1
10883554	10883553	1
80864	81072	1
1920139	1920124	1
490088	489733	1
7297658	7297657	1
5420397	5420619	1
4286170	4286165	1
6716569	6716572	1
1532955	1533050	1
3327658	3327657	1
3369099	3369100	1
11269556	11268607	1
9236945	9236948	1
4951418	4951417	2
7231333	7231612	1
11585100	11586158	1
9899864	9894258	1
7111810	7109060	1
3039901	3039776	1
704952	704943	1
7374335	7378784	1
4362926	4362925	1
5710642	5710591	1
6794975	6794976	1
7529998	11747000	1
9608602	9608788	1
3915454	3915453	1
8512439	8442228	2
5245399	5245400	1
7093233	7093246	1
11961614	11961613	1
9154302	9154299	1
11753711	11753712	1
6687818	6687815	1
6114486	6114485	1
428138	428137	2
3050210	3050236	1
9587098	9587097	1
663215	663184	3
7560856	7560855	1
2983534	2983533	1
5243328	5243326	1
557378	557401	2
8622240	8622239	1
5260958	5260957	1
10278377	10063307	1
3235570	3235569	1
10417091	10417092	1
9902543	9902544	1
2172967	2174248	1
711510	711509	1
6186793	6186794	1
11481628	11481607	1
10035955	10035956	1
945875	945876	1
6009004	6007714	1
1768715	1768716	1
7191010	7191009	1
6129034	6129033	1
1150907	1150923	1
8719610	8719609	1
3654796	3654795	1
734320	734225	1
5565327	5565520	1
6991882	6991879	1
11335643	11335644	1
7232963	7232966	1
4745019	4745020	1
11743047	11743081	1
6427293	6426933	1
4827589	4828894	1
6518107	6518521	1
484014	480446	2
11883343	11883344	1
9510341	9510342	1
8723507	8723508	1
4072425	4072438	1
599402	599395	1
11091045	11091048	1
8419971	8422701	1
3318517	3318518	1
4070214	4070213	1
8423612	8423611	1
9862690	9862687	1
10921760	10921759	1
890361	890362	1
3552989	3552990	1
8453569	8453570	1
2673786	2890314	1
2512228	8411255	1
10737201	10737202	1
6804382	6804343	1
8152455	8152456	1
9610348	9611719	1
7188835	7167165	1
5884791	5884792	1
9377940	9377939	1
849309	849310	2
5068565	5068566	1
5508082	5508081	2
3203993	3203994	1
6379421	6379424	2
7600857	7600858	1
1457627	1457628	1
7991662	7991661	1
10929422	10929531	2
3610953	3598191	2
6698021	6698022	1
5824955	5827453	1
363884	363883	1
6185181	6187288	1
5827452	5827451	1
2174247	2174248	1
5532531	5532540	2
11588650	11588674	1
2315476	2315475	1
3679034	3679033	1
7428657	7428658	1
11380622	11405753	1
6573679	6566419	1
6089398	6089395	1
5829834	5829833	1
12205713	12200087	1
511522	511521	1
1096258	1097523	1
12398245	12398246	1
12198273	12199159	1
9781902	9781901	1
10898807	10900933	1
7474489	7474490	1
8300218	8300217	1
2377401	2377402	1
12464801	12464802	2
7446361	7446362	1
1635008	1633137	2
6283204	6283203	1
8016912	8018839	1
4260892	4260891	1
5163594	5163593	1
5221851	4924324	1
10248021	10223638	1
115294	17506	1
6466846	6466845	2
3886265	6195028	1
10438712	10438416	1
7153641	7155228	1
5525756	5525755	1
11327981	11329491	1
6103906	6103889	1
3832217	3832218	1
11628562	11642732	1
2010658	2010651	1
12483280	12482957	1
8293467	8293453	1
983846	983845	1
7647541	7765250	1
2899684	3194633	1
2072021	2071888	1
8065644	8067696	1
1322116	1322115	1
10120329	10114011	1
8635916	8629857	1
6946234	6946360	1
12485761	12485764	1
6171498	6171495	1
5343582	5343579	1
1264977	1264978	1
6974724	6975182	1
8102699	8102700	1
5997093	5997098	1
6412419	6412422	1
5498020	5498017	1
3712313	3709535	1
4393194	4393788	1
9338071	9312914	1
5612800	5612799	1
1120733	1120702	1
916293	916294	1
7936083	7936084	1
7081993	7081994	1
9513956	9513539	1
12559941	12559942	1
12486385	12486386	1
11127227	11127228	2
7722038	7722061	1
9109550	9109549	1
8422700	8422699	1
11064592	11063387	1
11699713	11699862	1
7783105	7783106	1
44639	44718	1
12602542	12602537	1
620408	376533	1
5880319	5880320	1
10448193	10448195	1
6676825	6771226	1
5696725	5696726	1
7852144	7693693	1
9557757	9547591	1
1447405	1447406	1
7518632	7516762	1
8677940	8674465	1
10355040	10355043	1
6190490	6190489	1
12148048	12143504	1
7924387	7924649	1
1704812	1704811	1
7155230	7155229	1
6176035	6175585	2
4503272	4503269	1
6915128	6915127	2
7696919	7696934	1
2007229	2007516	1
4478401	4478402	1
12626870	12626713	2
5880416	5880411	1
8976915	8976916	1
1541352	1541351	1
11346106	11346105	1
1469851	1468095	1
6045711	6045712	1
5361480	5358490	1
9293675	9437800	1
8175742	8175741	1
7529738	7520470	1
5971890	5971889	2
5501753	5501728	1
9719255	9719256	2
9702215	9702220	1
389519	389520	1
8165224	8158374	1
12364674	12364671	1
893699	894159	1
4478403	4478404	1
8710700	8710749	1
11467753	11462844	1
11688531	11688532	1
3731813	3731656	1
6985901	6985902	1
9846822	9845726	1
10251549	10251556	2
5974804	5974803	1
1104596	1100974	1
10701348	10701345	1
2378756	2378755	2
8428726	8428725	1
6592503	6592504	2
1238528	1238527	1
11460149	11457350	1
7399829	7399799	1
291592	291158	1
1975393	1975394	1
5508188	5508185	1
849307	849308	1
10146252	10146311	1
9481664	9478756	1
6413333	6413334	1
1076172	1076171	1
2628358	2628357	1
6650394	6650359	1
4629163	4629164	1
4846252	4846250	1
9991320	9991323	1
6688993	6689012	1
9367423	9367424	1
7891772	7891763	2
12456466	12456239	1
11875764	11875763	1
4914495	4914498	1
10204217	10204205	1
431373	430597	1
7804604	7805636	1
8250421	8250698	1
9997426	9997425	2
3613758	3613757	2
1612777	1612778	1
8384635	8384636	1
2098553	2098568	2
4705957	4705958	1
1261956	1261955	2
189781	189782	1
729768	729767	1
12203039	12203042	1
3619435	3619365	1
6713597	6713598	1
4828169	4828258	1
5905791	5905792	1
6744522	6744519	1
605645	605646	1
2168426	2161614	1
11770702	11770481	1
2891122	2891121	1
11185835	11185836	1
11144119	11144120	1
12485761	12485762	1
1212460	1212660	2
4739468	4742743	1
4506673	4506674	2
6347864	6348637	2
7304717	7310283	1
9302967	9302968	1
8339451	8339456	1
11149555	11149558	1
4048071	4049962	1
5792981	5792982	1
9375185	9375283	2
10532368	10532723	1
11061596	11060329	1
2773802	2771419	1
10313279	10313281	1
4717511	4717512	1
6391236	6391235	1
11549106	3639062	1
3142218	3125896	1
8398432	8398437	1
3617500	3617499	1
10075737	3183954	1
5701736	5701735	1
1830809	1835843	1
4287060	4309792	2
10484150	10486416	1
6516626	4859634	1
8171802	8171801	1
8541943	8541940	1
9236945	9236946	1
12766928	12766923	1
10269869	10269875	1
11204204	11204203	1
6740886	6740885	1
10294092	10294091	2
3451052	3451051	1
6710055	6710386	1
5421811	5421814	1
11747060	11926772	1
10448813	10448816	1
9070091	9070096	1
5440189	5433211	1
11106602	11107248	1
9812182	9812181	1
7095446	7098066	1
12493827	12493819	1
2316744	2316743	1
6127667	6127668	1
4489612	4489611	1
11463356	11462435	1
10897917	10897918	1
5708438	5708503	1
2658526	2658525	1
2909563	2909564	2
4318795	4318796	1
4468951	4468952	1
12422844	12422841	1
7281124	7281135	1
1324445	1324446	1
3929990	3929072	1
4152891	4156687	1
3022495	3022496	1
6721431	6721436	1
10822832	10822982	1
3334983	3335233	1
2818439	2846736	1
5323882	5323881	1
2939347	2943903	1
3861911	3861912	1
948494	957365	1
10781853	10781854	1
10943912	10943911	1
6064303	6064304	1
12298510	12298554	1
48502	48501	1
7408715	7408716	1
7851666	7851669	1
9758280	9758508	1
9160289	9160290	3
5281616	5281613	1
8750324	8750323	1
2989487	2989488	1
2088128	2088127	1
11220063	6585829	1
10212071	10212072	1
10900153	11629380	1
12205711	12205712	1
6152531	6152532	1
8008033	8030415	1
7638281	7638282	1
10762419	10762424	1
7305930	7305929	2
170213	170214	1
2322741	2322723	2
11846890	11846886	1
11849433	11850688	1
4301117	4301118	1
2280987	2280988	1
8254191	8378890	1
9796599	9796576	1
9088387	9088549	1
11740302	11740368	1
12805783	12806233	1
12262415	7505195	2
1076200	1076173	1
8101101	8101102	1
8489589	8496182	1
9844496	9857632	1
4123830	4123829	1
9688159	9688160	1
10907619	10907620	1
2472861	2472936	1
34660	34659	1
11866919	11866929	1
3023766	3037477	2
6080664	636141	1
5914832	5707575	1
1699339	1699340	1
11201080	11220020	1
12535893	12535894	1
6156452	6156525	2
9702591	9702631	1
795231	795232	1
4058278	4058275	1
1687508	1687503	1
5963803	5963804	1
5572821	5583871	1
11429399	11429400	1
8482446	8491158	1
966526	966525	1
6179396	6179411	1
2008554	2008498	1
9231571	9231572	1
5201845	5201846	4
11512634	11512631	1
6188046	6188064	2
3521384	3521387	1
11613193	11614495	1
6974695	6974696	1
12740429	12740430	1
9107827	9108338	1
6950717	6950718	1
7476335	7476277	1
4459283	4459284	1
10249855	10249774	1
10159098	10159095	1
303153	303105	1
4686635	4686636	1
2869821	2869120	1
1914462	1914461	1
3125897	3125898	1
4076989	4078236	1
8675570	8675565	1
1787521	1787522	1
4339051	4339052	1
1081881	1081886	1
2447994	2447993	1
5637516	5637515	1
1180963	1180964	1
4509773	4509774	1
5065048	5065047	1
5759100	5759148	1
443054	442910	1
12628460	12749552	1
7030177	7028138	1
10996529	10996530	2
188310	188313	1
591514	591180	1
173232	170776	1
345269	345241	1
74352	74355	1
8538605	8538606	1
8570052	8570051	1
4424446	4424156	1
11781671	11785528	1
9064443	9064425	1
8951459	8951460	1
11855970	11855969	1
9395523	9395072	1
10072469	10073818	2
2234127	2234128	1
6210402	6210401	1
12465346	12465345	1
9476427	9476428	1
4987382	7684911	1
10120483	10120484	1
6091324	6096752	1
6864592	6864591	1
3262244	3262239	1
6705659	6705662	1
8970403	8970404	1
1564815	1564839	1
1691018	1691017	1
9915212	9915479	1
917119	917120	1
5142876	5142875	1
6129730	6129729	1
4337352	4458691	1
6566897	6566862	1
11451313	11451314	1
9704275	9704276	1
3007981	3007986	1
6272618	6259608	1
11433712	11433711	1
4212342	4212341	1
5314807	5313383	1
7995187	7995190	1
834834	834557	1
418104	418101	1
7719811	7719812	1
8522673	8522674	1
1943823	1943826	1
7412020	7412019	1
4574609	4575355	1
12389514	12389513	1
9014619	9014620	1
11420652	11420650	1
1181354	1181353	1
12485763	12485764	1
6734614	7737709	1
9148315	9148316	1
11179112	11179320	1
7451483	7451484	1
11997986	12454811	1
7883445	7813257	1
11417483	11417484	1
8101893	8101894	1
5438643	5438644	2
9813082	9813128	1
12453836	12453349	1
10132278	9844493	1
9287507	9287508	1
3510634	3510816	1
3295791	3296003	3
5758761	5759094	1
7686742	7686745	1
2613256	2613255	1
10351465	10346214	1
1900247	1900261	1
8706163	8700775	1
11582894	11582893	2
2802821	2802700	2
8479285	8479293	1
7336030	7336029	1
1731871	1734279	1
10540006	10540005	1
11708421	11708422	1
5381346	5381343	1
597277	597278	1
6177497	6179652	1
8898468	8881402	1
9493152	9493151	1
49794	47535	1
7565489	7560205	1
2592176	2592175	2
12166557	12166558	1
4480591	4480592	1
11794888	11794887	1
6437715	6437716	1
9984487	9984488	2
7670628	7670627	1
12464803	12470551	1
5991518	5988977	1
2849723	2849724	1
4939178	4939181	1
828640	830717	1
1657419	1657420	2
10909604	10909603	1
5205579	5205580	1
4011775	4011776	1
41746	39906	1
6445628	6443814	1
399915	399906	1
4179268	4179267	1
3046505	3046506	1
8210735	8210736	1
10807635	10807636	2
2084273	2084315	2
3051675	3051380	1
7424808	7423263	1
11467751	11467752	1
10578105	10578106	1
632846	632845	1
1930821	1930702	2
6256547	6257775	1
3355698	3355704	1
3301122	3308252	1
3492331	3492533	1
4221861	4221862	1
5655882	5651857	1
11347835	11347836	1
5078720	5110020	1
8642090	8642087	1
2829734	2829733	2
5046334	5046758	1
7857030	7858925	1
9861278	9861277	1
12323731	12323732	1
5652860	5652859	1
2461944	772852	1
6755414	6755413	1
10500470	7484966	1
12200559	12200560	1
2860555	3001240	1
12464803	12470553	1
268512	268364	1
2622184	2622181	1
7474201	7474202	1
10395372	10397455	1
2428181	2428184	1
12619535	12619538	1
1581265	1580638	1
5251887	5252013	1
1718316	1718315	1
3339539	3339540	1
1136054	1136053	1
10072276	10085908	1
3924589	3924590	1
12807943	12807949	1
10147565	10147871	1
4352908	4565327	1
2099363	2099364	1
7593414	7592987	1
10436095	10436112	1
1475600	1475595	1
4956529	5004358	1
7834001	7833675	1
5524564	5524563	1
6761711	6761701	1
9917356	9917355	1
11671680	11672172	1
11299606	11299605	2
5196713	5196706	1
8699548	8699547	1
10736620	10736760	1
1704358	1704357	1
12202341	12202342	1
8175740	8175739	1
7155232	7155231	1
2299437	2299438	1
5724867	5724708	1
776151	763644	1
1726316	1726315	1
8532295	8533577	2
8158611	8158612	1
6479759	6480339	1
789843	791307	1
11963778	11963894	1
7455118	7455117	1
4236073	4227907	1
2962109	2759840	1
7508923	7508924	1
11792325	11784234	1
9131443	9131444	1
8246937	8247480	1
6629088	6628943	1
9354368	9354356	1
3732344	3732343	1
10290475	10290473	1
5507840	5506492	1
8336475	8336576	1
1032379	7541796	1
6165953	6165954	1
6215820	6215819	1
3892464	3892461	1
5804556	5804553	1
4610876	4610873	1
3068327	3068328	1
9287505	9287506	1
11221922	6586254	1
12771071	12771261	1
10993117	10993118	1
11086699	11086921	2
5565327	9226870	1
5987225	5987226	1
2774285	2774286	1
8608531	8599466	1
11718558	11719243	1
12466517	12465347	1
9525441	9525462	1
3935143	3936088	1
8108306	8108351	2
4260894	4260893	1
2828454	2828453	1
7574751	7574752	2
9732292	9732291	1
12505172	12505171	1
7211402	7211419	1
3326770	3326769	1
5419495	5419857	1
9288224	9288223	1
7839511	7838648	1
10921758	10921757	1
329062	329061	1
3111697	3111692	1
5724595	5724596	1
12518557	12518558	1
8149755	8149756	1
1330693	473641	1
10820430	10820429	1
12344110	12343891	1
887050	1248879	1
6581696	6581695	1
3290485	3290486	1
10539698	10539697	1
68232	67952	1
3037723	3037724	1
3215379	3215380	1
9294141	9294155	2
708743	708744	1
7149807	7149808	1
11826479	11826480	1
9147857	9147858	1
9703084	9694700	1
10797327	10797328	1
6480442	6480441	1
11002546	11002545	1
6693177	6693180	1
1467045	1467046	1
3203995	3203996	1
10142642	10142641	1
4723433	4723434	1
9489563	9489564	2
8949846	8949845	1
7243656	7243655	1
3033266	3033430	1
7544898	7542946	1
1850635	1851984	1
2099365	2099293	1
11458155	11458158	2
11317919	11317920	1
1763104	1763044	1
11432266	11433710	1
2846214	2846270	1
5335230	5335229	1
8456684	8456251	1
7223663	7223664	1
6123595	629253	1
8155296	8156155	1
9421806	9421697	1
2792126	2792125	1
2456017	2456018	1
1095149	1095105	1
10829010	10829009	2
5784451	5784479	1
6635036	6635039	1
10068262	10073003	1
7274792	7274791	2
9770928	9770647	1
6468369	6468399	2
844310	846851	1
10191589	10191590	1
620408	376535	1
7867652	7867655	1
5281616	5281615	1
11676364	11676363	1
5565769	5565784	1
1718081	1718089	1
978599	978600	1
6158970	6158969	1
5508184	5508183	1
7252592	7294264	2
10883044	10883047	1
9447908	9447907	1
1553298	1553297	2
3619433	3619434	1
10243998	10244001	1
6254961	6254962	1
7435400	7435399	1
5532046	5532052	2
818867	818868	2
5969635	5967452	1
2612229	2612230	1
6582661	6582570	1
9702198	9702197	1
1385619	1385620	1
5651843	5651844	1
10182210	10178762	1
6614362	6614368	1
11629381	10900158	1
5428045	5428050	1
9421661	9421662	1
5241757	5228806	1
6374261	6374262	1
12015439	12014871	1
12376112	12376175	1
10091638	10094201	1
9433050	9433059	1
4086327	4086328	1
8847025	8847026	1
167031	786680	1
4155191	4155192	1
3354107	3354652	1
7372930	7372929	3
10821974	10821971	2
3932593	3932594	1
11564178	11605950	1
5021461	5021462	1
5879801	5879802	1
7177776	7180236	1
4662868	4662867	1
5483324	5481135	1
261349	261350	1
10909845	10910796	1
12730131	12730743	1
12574394	12574393	1
10253002	10265083	1
636189	636288	1
5560183	5560184	2
4855046	4855224	1
6034317	6034320	1
4958067	4989226	1
6210403	6210406	1
12452418	12452405	1
6470723	6468362	1
10280751	10280752	1
936273	936274	3
6536716	6536715	1
9851118	9851155	1
12129992	12129991	1
7174078	7173808	1
6113583	6113584	1
1742592	1742576	1
11966789	11966067	1
6082073	6082074	1
12052511	12052589	1
854023	854026	1
10769828	10769827	2
6009006	6009005	1
1377592	1377557	1
10171181	10171182	1
5973178	5973260	1
825915	826178	1
6970433	6970037	1
5002871	5002872	1
8194589	8194590	1
1612773	1612776	1
1616581	1618692	1
10356474	10356473	1
10389958	10389955	1
8089970	8092739	1
7268663	7412021	1
6585160	6593142	1
1838416	1838524	1
9493907	9493908	1
4382203	4382206	1
1858705	1858629	1
12642498	12643142	1
2971192	2971500	1
2830591	2830934	1
1462309	1462314	1
6584874	6584873	1
10266887	10266698	1
293981	293982	1
1322118	1322117	1
414309	414310	1
5903334	5903333	1
2683121	2682654	1
8950687	8950688	1
2763388	2759560	1
2974227	2974228	1
2377403	2377404	1
1949289	1949290	1
11076646	11076960	1
3516264	3516263	1
4865466	4862386	2
9830441	9830442	2
10190151	10190152	1
1140385	1138566	1
269647	269648	1
5667384	5664687	1
8479292	8374271	1
2792124	2792123	1
8839356	8839355	1
1445790	1445789	1
10762428	10762427	2
7155686	7152738	1
7246348	7247138	1
9926377	9926378	1
6720716	6720715	1
10196571	10196586	1
12153389	12153390	1
3107134	3107133	1
10285702	10285701	1
11980236	11980235	1
6046529	6046530	1
6340380	6341011	1
6157835	6159022	1
4478029	4478030	1
6398177	6397674	1
11883061	11883062	1
8220866	8220863	1
9342902	9343027	1
9518269	9518270	1
5440189	5440190	1
6159813	6159814	1
7201481	7101756	1
1204645	1204648	1
2198025	2197408	1
11774439	11774440	1
10980954	10980953	1
3936091	3936092	1
8219280	8214322	1
6355505	6355506	1
10190739	10190150	1
11933524	11933523	1
10743992	10744844	1
5268543	5047094	1
7595124	7595123	1
2319953	2319954	1
5947556	5947555	1
6310044	6310043	1
1506588	1618047	1
12405199	12405200	1
3860352	3860347	2
10062477	10062478	2
7071008	7086927	1
8830761	8830762	2
4601052	4601082	1
337726	337728	1
5471438	5471437	1
1207946	1207945	1
8813780	8813796	1
2718698	2718697	1
5945972	5946100	1
2263879	2263920	1
6741090	6741089	1
3389428	3389427	1
1737518	1737506	1
7953830	7953637	1
4331754	4324362	1
4338365	4338366	1
1563227	1563228	1
7228554	7228604	1
687003	687004	1
9997953	9997954	2
4480596	4480595	1
9843836	9833000	2
3909064	4047380	1
7302563	7302564	1
4680305	4718651	1
11411906	11411905	1
6999027	7001545	1
7856494	7856493	1
7880761	7880762	1
5950597	5950600	1
12200852	12200851	1
1282217	1282218	1
6532094	6534097	1
6907388	6907383	1
11751610	11772221	2
11732008	11732007	1
38835	95020	2
2681984	2681979	1
5190680	5190630	1
5529104	5529101	1
5407536	5407533	1
3069375	3069378	1
10567396	10567393	1
10117212	10117211	1
11698964	11698377	1
6990902	6996200	1
10333605	10334527	1
1535548	1536627	1
9284540	9284551	1
11213595	11218750	1
4600488	4601736	1
12466515	12465345	1
3303901	3303902	1
2251174	2251173	1
3198508	3363671	1
6582659	6582660	1
7872492	7872489	1
6898257	6898319	1
7868190	7868189	1
4301119	4301120	1
3169211	3167061	1
3757097	3757090	1
7435223	7435198	1
2457436	2455677	1
12324104	12324101	2
5950599	5950600	1
3391188	3391187	1
170144	170143	1
6829203	6829204	1
5226006	5227694	1
6336288	6336287	1
10464082	10464734	1
11556720	11558037	1
6203987	6203990	1
11642076	11642075	1
7579932	7579931	1
12637643	12637510	1
2119018	2119017	1
940132	940625	1
2875202	2872293	1
10411928	10411927	1
1409085	1408752	1
5555029	5555681	1
8218140	8217702	1
4480866	4718539	1
6698150	6698221	1
609747	609750	1
2809101	2809102	1
12764715	12764722	1
4489610	4488536	1
1079218	1038762	1
4122096	4122095	1
10079835	10079838	2
5272282	5272286	1
12761874	12761873	1
7803201	7803202	1
3806769	3806770	1
1104005	1104006	1
5701734	5701733	1
3269860	3269865	1
7646367	7638280	1
11430729	11430730	1
9097239	9097240	1
3380084	3380083	1
11563891	11575273	1
5047461	5047491	1
10281537	10281538	1
485734	485733	1
4620961	4620256	2
6082690	6082693	1
4162430	4163305	1
11316878	10079282	1
9973356	9973355	2
11420183	11420184	1
11337161	11337137	1
4569439	4569614	1
8752033	8752034	1
2877738	2877737	1
4789245	4789246	1
316964	313399	1
6103906	6103887	1
568827	568832	1
4612637	4612638	1
11600682	11600667	1
11164844	11164843	2
3983902	3983899	1
11363230	11420653	1
2187221	2189558	1
9100166	9100165	1
8198334	8264457	1
11352735	11352794	1
8704810	8704809	1
1398919	1398920	1
3173742	3173741	1
8750002	8750937	1
5648411	5648412	1
10356472	10356471	1
3851631	3851632	1
10775169	10775172	1
11699863	11699866	1
568145	568146	1
6851910	6852757	1
3127553	3127554	1
7960515	7960520	1
12201014	12201013	1
8845850	8847024	1
12210620	12209972	1
368310	368331	3
956233	956211	1
9915356	9908560	2
4566549	4566550	2
3566086	3564169	1
10190163	10188775	2
8084419	8084420	1
6919419	6917235	1
2882887	2882826	1
6937412	6936114	1
8423614	8423613	1
3657045	3657046	1
9831560	9831638	1
6963878	6963530	1
6731715	6727670	1
1482955	1482956	1
948591	10692860	1
9572851	9571170	1
4768579	4768580	1
4577720	4577544	2
11239556	11239609	2
10900152	10900149	1
10798573	6278449	1
1595687	1595688	2
11814586	11814585	1
2245520	2245522	1
2573321	2573322	1
10253004	10253003	1
5752792	5752800	1
4113082	4113081	1
6635740	6651196	1
12806209	12806210	1
1469850	1469849	1
477029	479477	2
157860	158973	1
3940082	3938600	1
175410	175399	1
5593473	5593474	1
321347	321338	1
8827478	8827477	1
3379414	3379413	1
11564990	11564989	1
8291370	8291369	1
7778454	7778499	1
11829481	11829482	1
12005443	12005444	1
9991062	9984881	1
2897867	2897868	2
11493203	11493204	1
6936115	6936116	1
2832281	2832294	2
11603157	11599681	1
8554927	8554928	2
6558753	6558754	1
2649470	2649469	1
7535664	7536476	1
12247563	12242944	1
6692338	6692337	1
4594428	4584334	2
2355994	2355801	1
10520192	10519848	1
1940503	1940512	1
5724293	5724294	1
4323083	4323084	1
5957228	5957223	1
10422805	10417132	1
5999626	5999668	1
8866890	8866889	1
7063499	7063455	1
5066202	5066201	1
2269525	2269526	1
8643479	8643482	1
11422703	11422704	1
9512329	9511759	1
1912761	1912762	1
8865938	8866800	1
4033827	4033828	1
12374247	12374248	1
7647539	7647540	1
4420928	4423761	1
1720134	1720133	1
6755416	6755415	1
10926626	10928137	1
160897	3535310	1
3567003	3567570	1
10516798	10578759	1
8224951	8224952	1
9755645	9760307	1
3899037	3827863	1
12485711	12485760	2
6106960	665986	2
2846229	2846523	1
11912055	11912035	1
10414667	10414668	1
11357009	11357010	1
6179398	6179397	1
10158793	10158796	1
2996281	2996284	1
9721958	9721957	1
11390673	11390676	1
12466515	12466516	1
7943869	7943870	1
2322739	2322740	1
9608223	9608224	1
10804919	10804920	1
2248890	2248154	1
770023	770049	1
7402177	7402178	1
9527091	9527092	1
11312001	11312121	1
7698215	7698216	1
1528436	1531583	1
4707707	4705086	1
8461409	8461410	1
2060089	2060090	1
6066795	6066796	1
7737357	7737360	1
8763568	8763567	1
9830439	9830440	2
27243	27350	1
10404002	10404001	1
6181073	6174970	1
270846	270845	1
4322472	4322471	1
9529294	9529293	2
2167861	2169906	1
4004953	4004954	1
2629494	2631397	1
11801742	11801741	2
2199162	2199112	1
11149553	11149554	1
8675562	8675561	1
7612239	7612240	1
6253133	6253134	1
5056742	5163595	1
2792128	2792127	1
2017945	2017946	1
1324445	1324448	1
3619840	3618559	1
321132	321131	1
10402041	10402042	1
7181758	7294708	1
5516880	5516879	1
11097795	6492342	1
5567978	5567977	1
7999293	7999294	1
1550872	1550286	1
1974466	1975425	1
10851978	10851977	1
2078596	2102117	1
4339047	4339050	1
2757089	2757092	1
8581791	8581792	1
10920064	10920061	1
3525046	3525045	1
767978	772821	1
8633193	8633194	1
8653605	8653608	1
3537742	3537744	1
1763045	1761760	1
8520026	8520025	1
2447172	2447171	1
6095606	6095605	1
2675364	2675363	1
12235916	12259663	1
9846554	4831808	1
553258	553257	1
5742525	5742490	2
11007607	11008938	1
376534	376533	1
1048983	1048984	3
729770	729769	2
6863707	6863719	1
4451919	4452463	1
10882894	10882893	1
8397797	8398299	1
697886	697885	1
6635040	6635039	1
99945	100204	1
176282	176281	1
549790	549789	3
601229	601234	1
1285625	1303959	1
9132256	9128988	1
98159	93223	1
1738930	1738929	1
9148710	9148709	1
5129994	5129993	1
182668	182667	1
12202339	12202340	1
9705156	9703106	1
10071544	10071543	1
6639873	6664532	1
7100787	7100788	1
676562	676561	1
7347735	7347692	1
3314062	3315620	2
5271492	5271477	1
8973300	8973299	2
4682335	4682336	1
6996226	6996207	1
7815416	7815409	1
2247540	2247539	1
4991525	5735376	1
4180108	4183119	1
11669118	11669117	1
3959414	3960115	1
1198731	1198732	1
9336665	9336666	1
9281021	9281022	1
6480579	6480560	1
5438128	5438127	1
10928258	10928257	1
7996360	7996359	2
6528822	6528838	1
7549149	7549058	1
8704806	8704805	1
7360478	7360477	1
12041759	12041760	2
4789247	4789250	2
190790	190789	1
4480004	4480007	1
777808	777940	1
191645	191646	1
2356277	2356271	1
12529369	5081113	1
6318254	6318598	1
3936089	3936090	1
7201570	7201569	2
11251828	11251884	1
12723152	12723151	1
710332	710331	1
3606399	3606400	1
6170362	6170361	1
1734278	1734277	1
8171362	8171374	1
307794	307793	1
7179807	7179766	1
2721961	2721962	1
10394725	10453748	1
1561366	1561365	1
4611961	4478028	1
4863236	4863235	1
3316419	3316420	1
6031349	6031912	1
10675538	10675535	1
789166	789193	1
12682070	12682152	1
8185951	8185952	2
3648672	3650770	1
9996589	9996600	2
1539503	1539506	1
1497594	1497593	1
7000528	7000863	1
9348661	9347630	2
6554007	6552135	1
1459274	1459335	2
11427896	11427895	1
1201429	1237766	1
9308143	9310804	1
8419116	8419113	1
732353	741793	1
11148201	11148202	1
4276353	4276356	1
2859709	2861143	1
2560958	2558426	1
4435191	4435192	1
11884461	11884462	1
4080031	4080264	1
10618988	10618987	1
3738172	3738580	1
9493148	9493147	1
5538945	11724114	1
3630320	3630193	1
992923	992924	2
11350384	11350381	1
7853766	7853765	1
4545117	4545118	2
2281075	2281076	2
7427132	7427131	1
10414665	10414666	1
337097	337238	1
12450205	12450296	1
7737357	7737362	1
8505700	8505358	1
6955593	6955540	1
5584203	5584206	1
5591938	5591937	1
6713888	6713887	1
4689208	4689207	1
8546172	8545157	1
7795668	7800438	1
3138733	3116698	1
3893494	3893493	2
12549095	12549096	1
11359101	11359102	1
10047175	10047176	1
4791257	4791258	2
11226505	6573220	1
6092958	6093752	1
8055325	8057356	1
4468354	4468368	1
532466	532463	1
12344112	12344111	1
7810443	1920138	1
3026438	3026437	1
11740304	11740303	1
11727757	11727760	1
1622002	1622001	2
2269513	2269514	1
7202612	7202611	1
10487424	10487423	1
5571068	5571067	1
9598365	9598460	1
11512636	11512635	1
553256	555227	1
3683884	3683906	1
1720136	1720133	1
1331559	1331560	1
6171048	6171047	1
843762	843761	1
3798604	3798598	1
10137142	10137141	2
984101	984102	1
1122522	1122525	1
12543708	12543707	1
10693551	10693552	1
10252861	10252862	1
11405536	11405535	1
895086	895083	1
746387	746370	1
6971638	6971523	1
870494	870491	1
588598	586955	1
3326774	3326771	1
1307717	1307718	1
343608	343607	1
4709639	4709640	2
10242674	10242673	1
443056	443055	2
8632404	8632403	1
3151179	3149572	1
56522	3552988	2
8960620	8960619	1
9475791	9475794	1
11676366	11676365	2
9146423	9146424	1
3855813	3855814	2
6955309	6955310	1
8168924	8168929	1
7175350	7177342	2
1940507	1940512	1
11487980	11487979	1
12486693	12486694	1
3414933	3414934	1
9779396	9780404	1
897193	897194	1
5276492	5276491	2
1499310	1500665	1
174083	174236	1
10654420	10654419	1
7002643	7002644	1
10120379	10120380	2
1307715	1307716	1
191853	191842	1
3860346	3862189	1
1073876	1079449	1
7375120	7375119	1
3254022	3254021	1
5193515	5193516	1
5957760	5957231	1
4749610	4749607	1
8798649	8802140	1
387786	387783	1
166818	165110	1
12225596	12225582	1
842758	842620	1
5201843	5201844	4
1840202	1840201	1
10479867	10478720	1
3826237	3826241	1
5183100	4918575	2
7938189	7937324	1
9854059	9854062	1
6604147	6604182	1
6983553	6983596	1
11427792	11427791	1
12397215	12397220	1
6087776	6087773	1
10461966	11169802	1
11034775	11034776	1
5303325	5305483	1
7713975	7713976	1
1472842	1472841	1
2641584	2659967	1
4231326	4231325	1
5302472	5302471	2
2933362	2933361	1
8881914	8881911	1
6744522	6744521	1
2270027	2270030	1
12648468	12647820	1
6094170	6094167	1
3007976	3008768	1
5782510	5780729	1
6217220	6217219	1
9915214	9915213	1
12577125	12575639	1
5266988	5266984	1
3439580	3439579	1
11791380	11791405	1
7866315	7867653	1
8255578	8255258	1
12759572	12759571	1
7583205	7583206	1
7940575	7940576	1
7214463	7215759	1
783986	789232	1
3466510	3466562	1
4130220	4130219	1
6889812	5724168	1
10334302	10334310	2
10873718	3495592	1
2825969	2825908	4
8753870	8743522	1
3579817	3782054	1
3087821	3089663	1
691732	455817	1
5647488	5624175	1
6100079	6100080	1
11451056	11451701	1
3423255	3423258	1
3989767	3988501	1
5679632	5679261	1
11933526	11933525	1
2351926	2351221	1
7574753	7574759	2
3168241	3168242	1
11347291	11347292	1
6123566	6123724	1
12014364	12011357	2
12683694	12683693	1
3210241	3210242	2
6450783	6450790	2
10245951	10242675	1
12052383	12052384	1
7427134	7427133	1
11706542	11706541	1
2276551	2276569	1
3870235	3870236	1
10164252	10164249	1
3593548	3593702	1
3726836	3726835	1
12000165	12000166	1
9306957	9306958	1
7228514	7226173	1
1050728	1050727	1
5498016	5589494	1
6866235	6866236	1
7555946	7555945	1
3735664	3735228	1
7243654	7243653	1
5284693	5284694	1
5951256	5951065	1
1737356	1737355	1
3630753	3630624	1
8832393	8832394	1
8534570	8534569	1
552667	552668	1
10106993	10106995	1
8018838	8018837	1
3645110	3645109	1
10547664	10547612	1
9161687	9161688	1
11327981	11329489	1
6165106	6165105	1
10185108	10185522	1
5091830	5091829	2
6856558	6856616	1
2456019	2456020	1
605647	605648	1
7574669	7574670	1
7759973	7759974	1
12385678	12385677	1
676564	676563	1
10330719	10330504	1
9239051	9239052	1
8010095	8009173	1
4716785	4716796	1
1492318	1492317	1
4222532	4222540	1
8035521	8035524	1
8769305	8769306	1
1300638	1541854	1
1420462	1421568	1
8171735	8171803	1
8939479	8939430	1
335786	335785	1
10435436	10412487	1
10800597	10800598	1
9935980	9933432	1
3045136	3045135	1
6900737	6897290	1
6071622	6071621	1
10028141	10028142	1
9758509	9758510	1
8801810	8801765	1
11851932	11851931	1
2980169	2980273	1
8191777	8191780	1
6029729	6029730	1
8221985	8221940	1
4584335	4584336	3
11605978	11564179	1
7872575	7873105	1
3030456	3030455	1
4828259	4828260	1
1054390	1054419	1
4264286	4264285	2
2576492	2576491	1
4446552	4446551	1
3561376	3561375	2
10879922	10879949	1
5586846	5567979	1
3907864	3907863	1
5780709	5780710	1
8833127	8833128	1
10212075	10212076	1
7166199	7167103	1
12646392	12646389	1
647784	647681	1
12298556	12298555	1
859986	853358	1
1545682	1545620	1
2405818	2405304	1
4123832	4123831	1
5343597	5343598	1
1104003	1104004	1
5585670	5582467	2
586266	588344	2
598234	598233	1
6487411	6487412	1
3560485	3560486	1
4240192	4240548	1
3609870	3609016	1
387786	387785	1
7177343	7177344	1
7737361	7737362	1
9236337	9236338	1
11757432	11757431	1
10207655	10207704	1
5471566	5468145	2
10244000	10243999	1
10264494	10264554	2
5379896	5379895	1
4013753	4013754	1
5101931	5101932	1
11673125	11673306	2
12162001	12162002	1
4146443	4146446	1
6804249	6805845	1
1452842	1450845	1
2666093	8607534	2
7740526	7526560	1
7487565	7487762	1
7436162	7436159	1
10928134	10928133	1
5235880	5235879	1
1958201	1958202	1
11308446	11308449	1
10253157	10253236	1
7525180	4244199	1
11862192	11862191	1
11086918	11088585	1
6740884	6740883	1
10091042	10091028	1
2773616	2774518	1
8051005	8047000	1
3859979	3859980	1
6431340	10454831	1
7147283	7147284	1
8832152	8831697	2
9895134	9913993	1
8233004	8233003	1
3904182	3904181	1
8035517	8035518	1
3379846	3380005	1
1721157	1721158	1
2432966	2284433	1
10314406	10313373	1
1157277	1157278	1
6513612	6509495	2
12266174	12001396	1
6547936	6547941	1
3201885	3201886	1
5501751	5501752	1
6087781	6086360	1
3538820	3538834	1
4046681	4046682	1
7419705	7419706	2
1324449	1268572	2
8889911	8904426	1
5262137	5262138	1
11717791	11717613	1
8386777	8386862	1
954739	6206042	2
1446363	1445373	1
650328	650327	1
792409	792444	1
5484548	5484547	1
9748449	9748359	1
11596098	11596116	1
6050718	6050715	1
8922745	8919363	1
270844	270843	1
1562966	1562965	1
8761243	8872363	1
2487996	2488108	1
5963743	5968551	1
11723208	11723207	1
5596710	5596707	2
7454465	7454611	1
11458161	11458162	1
12236326	12236325	1
650345	650329	1
8150067	8150068	1
2456015	2456016	1
12683692	12683691	1
3988454	3988451	1
11727755	11727756	1
1475602	1475601	1
4840181	4840184	1
5228807	5228808	1
5755316	5674119	1
2602063	2600044	1
2559651	2559384	1
6146648	6146645	1
7413564	7413563	1
11873714	11873713	3
6697579	6698020	1
4478400	4478399	1
11899778	11899777	1
12786320	12786319	1
5341538	5341537	1
9163878	9163877	1
5020606	5020603	1
3932595	3932596	1
644894	644893	1
3467406	3467459	1
9924060	9924059	1
5216433	5216434	1
4535728	4535727	1
6160325	6158971	1
6509332	6509331	1
4482114	4483879	1
3909056	3909055	1
5329065	5341536	1
10990979	10990980	1
8059095	8059096	1
6713886	6507841	1
7578573	7578576	1
10790003	10790004	1
9298487	9296816	1
7461036	7460920	1
5197948	5197966	1
47534	47533	1
1130588	1126941	1
6996201	6996202	1
10298193	10287248	1
8098567	8160869	1
7944703	7943868	1
12608834	12607658	1
3139832	3114650	2
7800440	7800439	1
12152591	12153388	2
2079845	2079806	1
3236063	3243230	2
4690096	4738287	1
9193983	9194026	1
5633756	5633755	1
11053226	11053242	1
3869338	4120255	1
4452854	4452851	1
4264461	4264462	1
10797329	10797349	1
121862	121865	1
7072056	7072021	1
7475803	7474830	1
11405538	11405537	1
1041868	1042947	1
2477814	2477811	1
7777646	7777645	2
428140	428139	1
4956267	4957105	1
6727751	6727795	1
11472528	11472523	2
4800742	4800986	1
936925	936926	1
5727784	5727582	1
1340622	1340211	1
8001609	8440957	1
10431951	10432493	1
11746091	11746094	1
9307174	9307173	1
11921431	11920487	1
7167118	7167135	1
389699	389700	1
9786550	9787049	1
5961354	5961351	1
1462307	1462308	1
1703707	1703708	2
7433116	4512990	1
8194563	8194588	1
5161853	5161876	1
1239861	1239862	1
6077111	6075876	1
8735790	8735789	2
6171046	6171045	1
10252863	10265139	1
9796577	9796578	2
4301111	4301112	1
10141696	10117391	1
4480593	4480594	1
8796615	8797225	1
828672	818866	2
2792279	2792589	1
6375802	6375801	1
3514228	3513803	1
4528837	4528827	1
10206478	10206119	1
10194237	10194238	1
4658429	4656585	1
3033269	3033270	1
12205709	12205710	1
3818197	3818198	1
8035519	8035520	1
11958163	11958166	1
5630328	5630325	1
8543283	8543284	1
5508080	5508079	2
10414441	10414982	1
6470721	6470722	1
11294262	11294095	1
6013915	6011503	1
6049060	6049078	1
12565388	12565421	1
5565860	5563536	1
6714285	6713908	1
7939611	7939985	1
1949287	1949288	1
11836214	11836213	1
11434352	11434349	1
5365640	5365637	1
3924587	3924588	1
4709641	4709642	1
3738581	3738582	1
8047323	8041975	1
11744908	11744907	1
4843122	4843062	1
1357902	1357901	2
7578476	7578473	1
2926560	2709818	1
11458159	11458162	1
10086652	10085094	1
9795341	9791317	1
3380004	3380003	1
4431056	4431055	1
9364677	9364678	1
1466858	1461581	1
7645861	7643945	1
4083422	4083421	2
8848768	8849758	1
6445630	6445629	1
7949100	7948844	1
12745610	12745607	1
1455848	1455871	1
2408459	12477701	1
9915478	9915477	1
3747151	3747152	1
3203031	3203032	1
7072020	7072019	1
4776985	4776988	1
1296950	1296952	1
5630788	5630834	1
12243393	12243350	1
8896132	8896131	1
8185896	8185895	2
11201937	6557680	1
8847027	8847028	1
1451720	1451786	2
9576666	9576665	1
9959754	9959753	1
6390892	6390891	1
8581948	8582225	1
11537485	11537486	2
189904	189785	1
4987407	4987408	2
7446240	7446460	1
7775481	7775482	1
3554047	3555688	1
3902992	3907994	1
4475191	4475192	2
4846174	4846173	1
5707635	5707636	1
12186188	12184867	1
9128165	9128985	1
5674118	5674117	1
12605304	12604655	1
8782512	8782511	1
6864645	6864590	1
5637449	5637517	1
7001544	7001543	1
11873735	11873800	1
4423945	4579373	1
9359969	9359727	1
12636602	12636601	1
10921655	10920065	2
1454801	1407023	1
6721857	6721860	1
10204204	10201251	1
7341617	7341618	1
5727826	5727825	1
11846738	11846492	1
919358	844311	1
11059863	11059864	1
11815183	11813609	1
5103075	5103078	1
2578365	2598737	1
8863188	8863187	1
7704220	7704205	1
40820	40870	1
11599680	11599679	2
8236989	8237001	1
6210400	6210395	1
6397419	6397526	1
9234987	9239050	1
1036736	1036734	1
4480166	4480165	1
11844596	11844593	1
7717762	7717761	1
2720899	2720430	1
2865704	2865703	1
10781855	10781856	1
5445872	5445871	2
9500428	9506870	2
11815908	11815907	2
10488087	10488088	1
3294265	2839950	1
4463352	4480167	1
666117	666129	1
2621384	2621487	1
10567392	10567395	1
5940530	5940529	1
4342168	4342293	1
3887982	3887981	1
10084994	10084993	1
8964579	8957753	1
6409872	6409358	1
10541879	10542005	1
10743958	10743957	1
12492390	12492389	1
5630614	5630329	1
3243307	3243308	1
2023225	2023226	1
1716429	1716432	1
19079	64542	1
1266751	1266754	1
4130840	4130839	1
294367	294382	1
4954422	4957023	1
6165104	6165103	1
12626728	12605585	1
5591956	5591955	1
6101164	6101161	1
3872479	3870234	1
4863238	4863237	1
7791963	7791964	1
2520398	2520397	1
10788027	10788028	1
7578577	7578571	1
10019986	10019985	1
9146427	9146428	1
10908892	10897832	1
3956008	3955995	2
7307607	7307608	2
448799	448208	1
11724183	11724184	2
9841636	9841635	1
7332437	7332438	1
9591656	9591807	1
197808	197807	1
11535189	11533136	1
10142130	10142643	1
3015617	12332662	1
7487761	7487762	1
11654121	11651403	1
10594807	10594808	1
7815763	7815764	1
7462393	7462394	1
10921760	10921757	1
7020505	7020506	1
6092960	6092959	1
8970405	8970406	1
6123508	6123507	1
2169715	2171396	1
5978212	5978201	1
6129032	6129052	1
6152533	6152550	1
2079865	2080223	1
5730139	5725044	1
12384485	12385461	1
10075833	10075834	1
5865927	5867330	1
1048985	1048986	3
824265	816127	1
12719455	12720877	1
6853589	6831143	1
2787749	2787796	2
3613741	3613759	2
8746955	8746956	1
12310537	12310538	1
9238091	9237768	1
335603	335620	2
5132716	5132715	1
6737131	6737132	2
3362027	3362034	3
1645697	1645698	1
8956258	8956257	1
7231228	7231232	1
6154840	6154839	1
10752037	10752038	2
5651841	5651842	1
10285303	10285304	1
11106604	11106603	1
3113365	3107135	1
4513166	4513048	1
5020951	5020958	1
5260956	5260955	1
413446	414283	1
12609746	12626227	1
7688884	7688883	1
11902402	9733856	1
11820277	11820390	2
6688987	6688992	1
6100073	6100078	1
172602	172601	2
9556009	9556012	1
2891124	2891123	1
12174367	12174368	1
7347733	7347734	2
2148246	2148245	1
9072596	9072599	1
5630306	5630299	1
2291699	2293528	1
9845546	9841257	1
11346104	11346099	1
5947554	5947553	1
3865039	3865040	2
7357815	7353604	2
5881937	5881938	2
7010931	7010978	1
936923	936924	1
3775996	3583305	1
7173812	7173809	1
3285637	3282573	2
9591662	9591661	1
415409	415410	1
12789528	12789538	1
11970592	11966626	1
4179334	4183293	2
6963860	6963735	1
301895	301896	1
8902756	8902755	1
11428135	11647344	1
8422698	8422697	1
11238083	11238084	1
11422701	11422702	1
10988213	10988214	1
4035155	4035120	2
8230731	8229916	1
8470003	8475707	1
10142640	10142639	1
175398	175397	1
10535220	10535219	1
10821497	10821498	1
9131445	9131311	1
2693620	2693617	1
9866539	9866569	1
10542239	10542240	1
4214351	4500940	1
925780	933330	1
2757087	2757088	1
5774783	5774784	1
5804071	5804072	1
1527740	1527739	1
4570729	4570732	1
2200978	2533185	1
6923511	6923512	1
10280769	10280770	1
11579864	11579863	1
10037377	10037378	1
1525998	1525983	1
6263448	6263456	2
5393930	5393929	1
7672176	7672240	1
582839	582840	1
7281134	7281133	2
12125074	7343582	1
7019131	7019132	1
12633409	12633279	1
4956265	4956266	1
2828303	2828065	1
11220067	6585829	2
6176967	6177920	1
4538522	4538521	2
7662222	7662221	1
12639656	12639615	1
6095595	6095607	1
9863500	9859365	1
4500596	4500595	1
1122385	1122386	1
7338585	7338586	1
9137151	9137152	1
7344892	7345130	1
12718038	12718037	1
10158797	10158798	1
6170728	6170363	1
12201051	12201015	1
6950707	11648042	1
2768160	2768159	1
5588723	5588724	1
8240303	8242036	1
10722840	10722839	1
6215818	6215817	1
3050738	3050737	2
11528649	11533137	1
9529300	9529295	2
11808703	11815770	1
2841259	2841260	1
11690438	11718037	1
11328554	11327452	2
11027373	11027374	1
11184721	11184617	1
1461214	1456347	1
11715832	11715813	1
9941699	9941702	1
6958271	6958272	1
5342257	5342330	1
12185268	12185267	1
7232967	7232912	1
7001542	7001575	1
4515357	4513953	1
640710	640709	1
426011	426014	1
3535825	3535828	1
7094055	7096852	1
9367421	9367422	1
5977252	5977247	1
1291834	1291901	1
3959416	3959415	1
10103701	10103702	1
1243509	1243510	1
10334524	10334523	1
4784622	4784615	1
7599920	7599919	2
4501204	4501203	1
6688987	6689012	1
3327470	3327469	1
3808780	3808779	1
141392	141799	1
8386857	8386858	1
8179767	8179782	1
673978	673973	1
5198721	5571635	1
314981	314982	1
9196173	9196174	1
2607846	2607845	1
9161685	9161686	1
5161427	5161428	1
3145391	3145392	1
5957230	5957229	1
595904	595903	1
5268156	5268125	1
2347110	2348037	1
6573221	6573222	2
6524105	6524171	1
7201304	7201303	1
9997424	9999511	2
5903332	5903329	1
5183183	5183184	1
6127723	6130261	1
7178939	7156184	2
2130799	2127795	1
10243028	10243027	2
6907388	6907385	1
4094662	4090047	1
7008050	7014689	1
6800618	6800601	1
12683696	12683695	1
2299435	2299436	2
3201883	3201884	1
9633313	9633314	1
1888505	1888512	1
6000347	6000348	1
4063703	4063706	1
1367208	1367205	1
7433114	4512990	1
11329490	11329489	1
9774013	9774004	2
7425474	7424115	1
1902503	1906445	1
1367946	1367961	1
1402325	1401522	1
5814304	5814272	1
3826767	3827108	1
11706554	11706553	1
5860329	5855978	1
9563122	9563121	1
6960327	6960330	1
4867564	4867563	1
9800945	9797264	1
2051130	2051129	2
8431359	8431334	1
8293071	8293137	1
5500209	5500210	1
1914460	1914486	1
4315769	4315770	1
9514499	9514478	1
346435	348408	1
11446264	11446263	1
1368597	1368598	1
926494	926493	1
4684807	4684812	1
10294090	10294089	2
3597839	3597842	1
7717533	7717534	1
5695700	5695938	1
4662866	4662865	1
839512	837948	1
4531538	4531572	1
10578107	10575196	1
9107018	9106914	1
2910285	2908889	1
11347831	11347834	1
9341733	5366125	1
10882892	10882891	1
6046286	6046285	1
9510589	9510590	1
3807456	3807689	1
3667500	3667499	1
9258166	9258165	1
12130105	12130123	1
1269212	1269211	1
38900	38862	1
9547000	9546997	1
4541201	4385656	1
2008499	2008500	1
7902507	7902508	1
9996279	9996280	1
12780386	12780385	2
8170163	8170164	1
12244365	12244366	1
813040	813039	1
9166275	9166300	1
2655666	2654990	1
5248104	5248103	1
6320660	6320668	1
8570054	8570053	1
6450248	6450001	1
5499058	5499057	1
742564	739253	1
7966434	7966444	1
1246413	1246414	1
1979432	1976612	1
2631451	2628253	1
5506366	5506373	1
4867566	4867565	2
5228831	5283078	1
8262994	8262989	1
157516	157860	1
1572121	1572122	1
1542307	1542308	1
8369266	8369277	1
6075326	6075270	1
6309149	6308397	2
10187310	10187309	1
12205705	12205706	1
10281527	10280768	1
9258733	9254591	1
11990715	11990708	1
6753610	6753607	1
11366910	11366923	2
2021053	2021054	1
11831645	11831806	1
1787523	1787656	1
6063154	6063249	1
10921655	10920061	1
10084917	10084918	1
7487565	7487760	1
5379709	5379710	1
3922626	3922625	1
7671902	7670629	1
8643475	8643478	1
278386	278385	1
11428293	11429398	2
6179400	6179399	1
8021674	8021039	1
11499384	11499383	1
7992554	7985506	1
10172168	10172161	1
8091450	8091449	1
1108639	1108668	1
4714599	4714564	1
3909054	3909065	1
5305482	5305485	1
11128218	11128966	1
8249570	8249567	1
2279039	2277943	1
2319955	2559983	1
796392	796403	2
10443963	10443964	1
4604074	4604101	1
11848541	11848554	1
1754987	1754990	1
8214686	8221192	2
12647037	12647038	1
6564998	6564997	1
7173422	7173421	1
11441210	11441209	1
6707277	6707136	1
3730121	3730122	1
2855811	2855812	1
10153918	10153917	2
9606416	9606415	1
5588725	5588726	1
6450791	6454351	1
10770034	7085653	1
1896904	1858080	2
9996281	9996282	1
206474	206447	2
10634664	10634663	2
1283389	1283485	1
9585655	9585656	1
11669116	11669115	1
5955819	5955820	1
4046683	4046530	1
11927450	11927449	1
6162480	6162479	1
7729621	7729622	1
12371760	12371757	1
6508195	6508196	1
9426828	9426827	1
3156893	3160832	1
5924196	5924195	1
7060832	7060867	1
11203709	11203710	1
7954294	7954293	1
11237114	3632856	1
4612173	4611875	1
8752612	8752919	1
440785	440786	2
4304646	4304645	1
5923027	5923028	1
1455870	1455869	1
7276005	7276167	1
2275983	2275984	1
9305818	9302838	1
3451054	3451053	1
5141151	5141152	1
2631465	2630704	1
1521220	1521215	1
8551164	8551163	1
5276511	5276514	1
3286253	3286189	1
335784	378765	1
8653091	8653092	1
11688506	11688530	2
4032159	4032160	1
4420233	4419690	1
4374359	4371409	1
5637447	5637448	1
801557	744445	1
7361676	7361675	1
12768251	12768252	2
115165	115166	1
2783144	2783143	1
2685969	2685970	1
2074072	2074098	2
1692324	1692323	1
4953623	4953624	1
12318278	12317216	2
12619535	12619536	1
2352248	2352058	1
4704454	4704453	1
1318552	1318325	1
10194235	10194236	1
5879286	5880321	1
3240627	3240628	2
3229109	3229007	1
5995723	6119785	1
6126728	6125118	1
5731653	5731654	1
2934976	2934975	1
10468030	10468029	1
4375851	4375852	2
5161937	5123718	1
12253733	12253734	1
11448167	11448100	2
7640987	7640988	1
1241258	1241257	1
7493888	7493887	1
4130838	4130384	1
425971	425948	1
7301350	7302051	1
6447216	6447215	1
8189951	8189952	2
5735246	5654929	1
3738593	3738594	1
9789173	9789174	1
947366	952262	1
2784224	2784016	1
8976889	8976925	1
7675283	7675353	1
303151	303152	2
8101095	8101100	1
3355473	3358434	1
9002817	9002818	1
3704726	3704725	1
5435263	5435264	1
6461208	6461402	1
11816800	11816799	1
7115359	7115366	1
3575731	3574177	1
1687497	1687509	2
5857774	5852459	1
5697186	5696238	1
4647808	4647858	1
6476246	6476245	1
8695575	8695508	1
1118577	1118578	1
9993475	9993476	1
5896246	5891727	1
2462220	2462219	1
3373490	3373489	2
9528515	9527090	1
11933614	11933529	1
7675034	7675033	1
5675102	5675101	1
1949283	1949286	1
5584207	5584208	1
5009894	5009839	1
11430727	11430728	1
8166089	8101916	2
10961344	10961641	2
1488271	1488241	1
6097963	6097989	1
8539657	8539658	1
7448139	7448142	1
11074161	11074162	2
3471946	3472115	1
687013	687014	2
7167120	7167119	1
892305	892306	1
1957971	1957972	1
6851075	6851076	1
4722904	4722903	1
11519444	11519439	1
2592174	2592173	2
6713557	6720089	1
677406	677403	1
8041071	8041074	2
6162215	6167807	1
5967891	5967892	1
6713595	6713596	1
6935487	6935488	1
11294250	11294249	2
11838321	11838122	1
5850611	5850532	1
342318	342228	2
3296096	3292571	3
2681984	2681981	1
4612300	4612647	1
12780828	12780837	1
8223636	8223635	3
11148196	11148195	1
105790	105789	1
4122094	4122093	1
2265104	2265065	1
9317185	9317238	1
11919880	11921020	1
6907384	6907383	1
201794	201498	1
12236324	12236323	1
5499922	5499921	1
37658	37655	2
9491449	9491443	1
7433582	7433475	1
11191256	11192113	1
6713886	6713889	1
8230643	8230628	1
8108308	8108307	2
3127877	3127878	1
2527986	2527983	1
3298789	3300330	1
2202324	2533911	1
7161990	7161989	1
11239608	11239607	1
5506652	5506122	1
4656222	4656221	1
10130886	10130885	1
11039209	11039210	1
1522479	1524354	1
8242294	8344436	1
4750623	4750840	1
8250321	8250322	1
9825837	9825824	3
4545119	4545120	1
11636864	11636863	1
12364674	12364673	1
8155831	8155834	1
1718088	1718087	1
8599467	8599468	1
7589157	7589158	2
6063674	6063073	1
171327	171328	1
8567346	10179856	1
12685732	12685731	1
2477661	2477662	1
3862190	3862189	1
12664463	12664457	1
8821161	8821191	1
5368024	5367980	1
2099482	2099481	1
6161614	6174590	1
7070484	7070481	1
1826226	1826225	1
4790612	4790623	1
2311359	2311268	1
3142218	3125898	1
6148182	6148181	1
1833541	1833542	2
3133533	3142779	1
12668070	12666902	1
7526730	7526729	1
2483220	2480332	1
5222360	5221419	3
1702468	1698304	1
5924247	5924199	1
7498494	7498609	1
11780036	11780011	1
10249587	10260664	1
9316740	9318908	1
3132193	3132250	2
7115366	7115365	1
5864998	5864993	1
436334	435852	1
7386724	7392624	1
10821499	10821298	1
8554930	8554929	1
6760930	6760929	1
9601047	9589512	1
848416	848479	1
7454846	7454839	1
9762656	9762846	1
6999591	6999592	2
132340	132339	1
11823897	11823898	1
8185896	8185950	1
11817589	11817590	1
3244933	3244903	1
5648413	5648414	1
7870983	7870984	1
9136108	9136107	1
4411029	4506672	2
6163491	6164222	1
8564253	8564256	1
9688161	9687722	1
5905793	5905798	1
1180961	1180962	1
5268160	5268157	1
2119020	2119019	1
8386855	8386856	1
4483265	4483266	1
4956529	5004356	1
5877888	5880318	1
7071193	7071194	1
251749	253208	1
3156579	3156580	1
4229123	4238739	1
5066200	5066862	1
6468367	6468368	2
6581694	6581693	1
5161423	5161426	1
4612644	4612643	2
7030171	7026193	1
4621936	4621935	1
12422958	12423145	1
4868305	4868306	1
5972711	5972276	1
677402	674798	1
11513730	11513592	1
11706556	11706555	1
8223913	8223914	2
6358296	6358237	1
1080887	1081186	1
2528235	2233536	2
5850208	5850207	1
3495510	3495512	1
162789	162790	1
8108310	8108309	3
6573443	6599969	1
5440191	5433211	1
2735289	2761459	1
12043176	12307810	1
8184712	8187199	1
4154906	4142989	1
6809161	6809296	1
7206698	7206679	1
6827853	6828072	1
5232206	5232205	1
3620969	3621010	1
1247307	1247308	1
11282002	11282001	1
9299123	9299124	1
10117210	10117209	1
10282649	10282650	1
1613118	1613117	1
5471566	5468143	1
8108308	8108351	1
10284719	10284756	1
6202084	6202083	1
9762817	9762861	1
934788	934787	1
10193953	10193956	1
2291697	2291698	1
8543122	8543125	1
9329058	9338600	1
11333815	11333816	1
7390279	7390280	1
9918943	9918551	2
11053243	11053244	2
9924058	9924053	1
1048987	1048988	1
12335503	12335489	1
4179272	4179269	1
2011877	2011878	1
991010	1009768	2
2679745	2679746	1
3465997	3465998	1
5516875	5516876	1
12452404	12452403	1
416922	421600	1
5011902	5011242	1
4784614	4784613	1
3467407	3467502	1
8866894	8866891	1
2103489	2103490	2
11074159	11074160	3
11583919	11583920	1
9050911	9050838	1
