fend1	fend2	count
9090270	9090514	1
10502758	10507908	1
1005759	1004360	1
9537129	9537130	1
8475860	8476401	1
2052588	2064769	1
5079205	5079230	3
8801261	8800152	1
6720670	6720943	1
4814091	4843269	1
9798940	9798185	1
6491275	6507741	1
2095924	2095949	1
11177471	11177472	2
1105293	1105091	1
12433440	12433439	1
12231399	12231505	2
10480907	3241235	1
8959199	9139815	1
12594621	12594622	2
10924827	10926064	1
8889155	8889156	2
4048769	4273519	1
6086631	6086632	1
9293291	9293289	1
6353852	6353851	2
9816262	9816265	1
5463148	5463145	1
4809436	7373841	1
5246636	5322158	1
6120990	6120987	1
3328194	3328192	1
10125264	10126246	1
2360640	2541704	1
11444058	11443848	1
12379058	12379057	1
3981328	3981327	2
12015367	12015368	1
12053457	12053458	1
11029435	11029436	2
11036179	11036180	1
9523619	5952146	1
2972064	2972086	1
516468	517167	1
11143039	11143017	2
899704	899707	1
6968260	6961764	1
7606709	7606513	1
11496347	11496348	2
902716	117723	1
8797991	8798013	2
5214108	5215385	1
12318687	12318688	1
7195093	7196105	1
8345275	8345276	2
10341391	3109447	2
1100804	1100801	1
5596816	7452994	1
1670935	1670995	1
1461501	1460553	1
1419429	1419430	1
9672165	9671970	1
7631328	7631459	1
1200570	1200623	1
2661668	2661665	1
6808119	6808122	1
7557132	7555156	1
3882191	3687509	1
3524188	3524456	1
5517482	5520351	1
6513377	6516792	1
3704426	4226794	1
1428301	1451317	1
455156	455153	1
7136052	7135820	3
8167712	8167711	1
1988665	1988666	1
11365250	11365253	1
8570576	8406057	1
11220152	11220141	1
7699515	7697857	1
6388889	9187196	1
11576907	11576899	1
9874996	9874953	2
8949351	8949352	1
12124342	4549334	1
2967720	2967744	1
10248302	10248330	1
8511853	8512725	1
1750959	1750605	1
10104287	10104288	1
1101611	1101614	2
3735805	3726774	1
7139044	7142480	1
8499722	8499718	1
5271836	5272805	1
836029	835983	2
10353925	10359736	1
10325023	10324964	1
4119507	4119508	2
10171357	10171290	1
4120557	4120558	1
8338071	8338074	1
4367246	9557936	1
437594	437636	1
5266263	5365530	1
808694	809543	1
1500438	1505671	1
2284414	2284420	1
11144547	11145574	1
6369301	6369302	1
7487030	7487018	2
9978836	9980960	1
10574257	10574701	1
6349801	6349802	1
8844004	3352950	1
10485222	10485360	1
5212831	5212832	1
9660752	9661714	1
7432025	1987605	1
903148	903147	1
11907321	11907748	2
3566550	4294691	1
1225396	1226057	2
4991562	4991710	1
10468123	10467482	3
8240508	8243802	1
117857	117858	3
8874189	8876529	1
8743139	8743256	1
4392168	3938024	1
6593258	6596443	1
10956170	10956169	2
10155018	10155017	1
7397423	7397424	1
7811302	7811301	2
2369686	2369615	1
5051630	5050762	1
4645998	4645045	1
9497355	9497356	1
7611132	7840508	2
7088342	7052362	1
8406058	8406057	2
5112864	5112863	1
10827084	10827083	1
8099563	8101066	1
8353829	8353830	1
3197735	3197738	1
4120555	4120558	1
11766404	11702859	1
4020302	4020301	1
4578107	4577777	3
4504632	8664499	1
9925319	9921462	1
9267981	9267982	1
8335671	8335676	1
11405950	11404369	1
1245631	1243613	1
5206284	5206245	1
9847371	9847372	1
5564493	5564494	1
3037070	3037028	1
3045307	2685467	2
1303089	1302980	1
5460489	273154	1
11689737	11689796	2
10540612	10539701	1
10739359	10742380	1
7273946	7270523	1
7448782	7448771	1
807540	807539	3
11012903	11012901	2
12674701	12152511	1
10460873	10460874	1
7466413	7466414	1
7906167	7906346	1
9820636	9820635	2
8004960	8005847	2
7648883	7648940	1
7286850	7286859	2
8705316	8705315	1
1063542	1064173	1
1749941	1748497	1
3887479	3887482	2
8083528	8107741	1
4107795	4107906	1
1033855	1033858	1
6100973	6101451	1
6917380	6919019	1
7708141	7708142	1
2349541	2349251	1
2375490	8228373	2
2196905	2196906	1
3913488	3913534	2
8308250	8314633	1
9049206	9048400	1
9664412	9664409	3
7463723	7463840	1
5810821	9497874	1
4109844	4109841	1
2453947	2453439	1
6826307	6826605	2
10075474	10074641	1
1071746	1113328	2
7217428	7217579	1
977880	974200	2
428350	430233	1
7746391	8030814	1
3057629	3057512	1
173106	174110	1
302831	302832	1
2758560	4828926	1
1466663	1686580	1
10053139	10052154	1
4923789	10612113	2
3666811	3659510	1
12366601	12367604	1
2833363	2833364	1
9746285	9746283	1
6592763	6592684	1
742808	742807	1
2429922	2430638	1
12016301	11965132	2
2124371	7286083	1
12015369	12015370	1
3116730	3116729	2
7499528	7500538	3
12627006	12626969	1
11886817	11886818	1
4375472	4372248	1
5701586	5702011	1
3490792	3490800	1
6820380	6820375	1
1202294	1202336	1
9119594	9117533	2
5452588	5452554	1
545874	545883	1
3925165	3552735	1
11574383	11574396	2
4405911	4405912	1
923234	920593	1
9517836	9517835	2
3198128	10398154	1
9281897	9281923	1
11519891	845258	1
10233348	7793288	1
10518320	10516327	1
858159	858166	1
2332553	2332724	1
5052134	5047645	1
688961	688427	1
12763638	12763780	1
6791760	6168832	2
12544251	12544252	1
7034470	7034479	1
10918583	10918699	1
12172989	12172990	2
9480087	9480088	1
11860792	11860785	1
10399496	10399485	1
4258308	7428127	1
868682	868697	1
6195431	6195392	1
11520591	11520592	1
4617997	4618267	1
6398055	5831791	1
9312516	9312519	1
6493044	6493043	2
4938649	4938652	1
743273	743258	1
11668060	11668089	1
4192839	4192840	1
4140590	4140597	1
1111772	1111651	1
10104285	10104286	1
6621554	6622969	1
10440270	10440244	3
7446428	7446610	1
1455192	1455531	1
3450361	3450364	1
2260894	2260893	1
1988661	1988664	1
9350468	6703169	1
7390893	7390894	1
12380657	12380658	1
10168696	10168401	1
1970963	1968885	1
3975731	3975732	1
11927496	11927334	1
9298444	9298443	1
2055607	2055608	1
7706749	7706703	1
8191461	8191465	1
9952339	9951938	1
8452721	8452722	1
7075295	7075296	1
3256198	3256372	1
9452952	9452951	1
7337678	7357640	3
10098176	10097942	1
7152725	7152726	2
12044797	12044798	1
7046113	7046114	5
3031592	3031591	2
2568693	2568765	1
141084	141056	3
10748892	10748889	1
8276487	3157720	1
4823336	4823331	1
5267567	5264916	2
11005165	10817794	1
10922940	10923052	1
744998	793356	1
10941421	10941263	1
3291852	3291849	1
1611902	1611899	2
5524361	5524362	1
6694695	6694673	1
9243307	9243308	2
353056	352778	1
8217842	8217201	1
2840022	2840021	2
3953155	3937611	1
7749274	7750468	1
9698087	10934902	1
8957249	2172377	2
820019	820020	1
9168114	2486153	1
9194119	9192766	1
1963426	1961140	1
3464346	3464342	1
7247955	7248661	1
9134534	9134985	2
8065491	972297	4
4695611	4697200	1
8385236	8385235	2
9258940	9750899	1
5757249	5760522	2
11285132	11285131	2
1927656	1922739	1
9254930	9252988	1
3042365	3042368	1
7408559	7408560	3
12232452	12232399	1
1280666	1466136	1
10042629	10042633	1
8890790	8891130	1
558183	558189	2
371105	372143	1
11385813	11385860	1
2296525	2296526	1
3293412	3293422	1
3998447	12036130	1
2648489	2654230	1
2000677	2004132	1
6512283	6511917	1
4588315	4254940	2
3951732	3951728	1
4065407	4064694	3
9621749	9621246	1
218189	217773	1
11247412	11252218	3
7638669	7638670	2
12365833	12365834	1
9622066	9624198	1
8985024	8985027	1
10332267	10332634	1
10916621	10916622	1
11392319	11392320	1
8487145	8486886	1
10243850	10247119	2
7360974	7360973	3
5432700	5432569	1
3980891	3980894	1
314201	314202	1
8375953	8375956	1
10259029	10248660	1
7055245	7055490	1
2999710	2999689	2
12242649	12323406	1
1403490	1403487	1
7369699	7369367	1
3300217	3300218	1
8688817	8688550	1
11331841	11331761	1
5099392	5098576	2
741365	741999	1
5134035	5134036	1
2481625	2481626	1
6184223	6184114	1
6422745	6422836	1
4309468	4309487	1
5998774	5998751	1
7515465	7515466	1
5290030	5290762	1
916512	915596	1
8386912	8387234	2
7439446	7439445	1
10706118	10706117	1
12196952	12196951	1
3078323	3078324	1
2322251	2323688	1
5373362	5373377	1
5021816	5021466	1
8890074	8889157	1
341485	341486	1
9435861	9435836	1
4824540	4824539	1
11864559	11864570	1
11898975	11898976	3
10189173	10189174	1
3155999	3156000	1
10104690	10104284	1
4447089	4447011	1
5541782	5541760	1
5207955	5207943	1
10904555	10904556	1
3191533	3041540	1
4021886	4683919	1
10744348	10744347	1
8665859	8666220	1
2635399	2635136	1
11259320	11257625	1
3695249	3695326	1
10865815	10865818	1
1248253	1248335	1
12300980	12300999	1
2831616	2831615	1
10042578	10044314	1
4743703	4743704	1
5116578	5116565	1
176751	11479242	1
7583275	7583276	3
11066998	11068549	1
11082106	11082011	1
9874	9656	1
2296530	2296529	3
4091790	4091095	1
8577989	8578989	1
1239405	1238542	2
7082555	7082556	1
12147428	12147474	1
2903677	2903678	1
10635870	10635869	3
8818278	8818236	1
6735068	6735481	2
8962916	8965107	1
8701795	4677739	2
2614344	2165478	1
1134894	1136356	2
8184944	8183652	1
8313718	8313717	1
11913316	11913315	1
12294771	12294772	1
5556975	5555126	1
9810968	12659949	3
10995024	10991387	1
4268024	4268028	1
1608564	6333599	1
12466213	4355929	1
1498097	1501122	1
2743263	2739661	1
7137205	7135782	1
158255	1585855	2
3856159	3854063	1
285205	285206	1
6382535	6572940	1
2021577	2021556	1
6860910	6860948	1
1862954	1862951	1
11895159	11895160	2
10063226	10063333	1
12616300	12617007	2
2353444	2353441	1
4692623	4692638	1
6813924	6815850	1
11919739	861202	1
9978029	9965096	1
5764327	5764243	1
4122730	4122721	1
1240281	1243056	1
6629838	6629730	1
378196	380513	1
11232556	11233361	1
3464197	3464198	1
3857033	3857520	1
3708426	4127951	1
6094982	6096575	1
10120033	10120034	2
5434389	692315	1
12461763	12459512	1
847823	847845	1
1514529	1513785	1
5359308	5359307	3
8835900	8835989	1
10657631	10658167	1
11703876	11704098	1
50126	62048	1
6487102	6488153	1
3879951	3879924	1
2044313	2044214	3
12791054	12791039	1
8882171	2259955	1
7919877	586651	1
2581236	2579917	1
4691100	4691524	1
7428574	7428786	1
6904908	6904899	1
11501162	11501161	1
6190148	6190098	1
10444644	10444643	1
5014019	5014036	1
4439195	4439191	1
11796547	11795645	1
11335329	11335330	1
7770875	7770859	1
9633111	9630193	1
935320	935319	2
3420197	3420198	1
1738729	1738730	1
12774949	7388423	1
5259035	5259955	1
4309216	4309935	1
6497436	6497463	1
5350321	5349820	1
9888405	7826691	1
5281092	5281089	3
9573202	9573201	1
6124969	6124970	1
10219718	10220887	1
10191099	10191100	1
10180793	10180469	1
6756095	6756160	1
3539880	6458206	1
1514285	1516756	2
7360972	5918827	2
10620469	10620434	1
5351928	5351798	1
3923287	3923258	1
2491081	2491094	1
874953	875490	1
11980989	11980990	1
1307686	1309418	1
9840861	9840849	1
7536903	7593067	1
10398270	3156665	1
11395016	11395015	1
10594173	10594428	1
1793157	1788410	1
8758430	8758429	1
2897367	11676678	1
3977683	3977706	1
10189161	10189168	1
3908035	3907882	1
234023	234024	3
368616	368786	1
11360166	11359075	3
53358	53336	2
3363656	3367186	1
2597182	2597181	1
2875936	2875863	1
3932858	3933295	2
5651709	5644431	1
7278771	7279285	1
898121	898139	3
7853850	7853444	1
6112276	6112186	2
11701516	11749289	1
4429735	4175624	1
3035775	3035776	2
7789512	7789576	1
4745602	4745601	1
11722318	11725916	2
6475891	6475068	1
71682	74234	1
538183	538184	2
8081804	8081803	2
7408340	7408339	3
3241583	3241564	1
4379756	4379753	1
10076576	10078148	1
11843073	11838729	1
4556467	4556463	1
6123637	6115225	1
1395298	1394766	1
11295616	11296849	1
5989556	11380891	1
10813029	838202	1
2876749	2876752	1
10114249	10113866	1
2307940	2307926	1
12508673	12510328	1
2811371	2810379	1
4344567	4344568	1
8774935	8774936	2
6393368	6393403	1
9767562	9767561	1
1786617	1786978	2
6717622	6718960	4
7738475	7738476	1
12428305	12427761	1
8048852	8048330	1
9717210	9717159	2
3185390	10859729	1
1730920	1730919	1
9462931	3481004	1
7637049	7638247	1
3424561	3423026	1
633562	633548	1
9087811	9087267	1
11791884	11791072	1
11477686	11477685	1
207586	207098	1
9889106	11594238	1
12758349	12760113	4
7113160	3959667	1
10749189	10749190	1
3288392	3288451	1
12689122	12684853	1
2196838	2228314	2
3276821	3996498	1
5539634	5538892	1
4447370	4446623	1
12670794	12670786	1
5694699	5696516	1
382593	390805	1
4040094	4040657	1
10935014	10935042	1
2874840	2874485	2
7400990	7400989	1
3464193	3464196	1
2233702	2233699	1
4692764	4692791	2
9528574	9528573	2
1500440	1505671	1
4738335	4738336	3
253645	703258	1
9703732	9703590	1
5730493	5730494	1
3614375	3613893	1
10388784	10388783	1
7401915	7401919	1
5273155	5271788	1
12692080	12692079	1
2225430	2225719	1
312478	307503	1
1403488	1403485	1
1056180	1056179	1
11688919	642394	1
3737875	3738084	1
5581583	5581584	1
3692989	3692990	1
4054435	4055360	1
12173054	12173053	1
8898991	8898994	1
1800009	1800012	1
6521598	6521626	1
9991078	9991047	1
6486625	6486626	1
5338512	5335252	1
5918826	5918825	1
4468678	4471988	1
3032277	3032278	2
8688419	8688426	1
1899089	1899090	3
7528169	7527975	1
11149742	11149739	1
3448431	3448432	1
11254770	11254769	1
8840998	8840991	1
1259020	1330943	1
9810506	7838136	1
8901017	8901035	1
6942733	6942734	1
1645638	1647672	1
5983602	5983605	1
2955595	3102179	1
2590259	2590260	1
4137651	4137652	1
333939	332989	1
10324035	10322322	1
10467483	10467484	3
5643678	5644090	1
4237179	4237180	1
10219720	10219719	1
11245209	11245214	1
7533602	3114247	1
9396063	9396112	1
6596105	6132770	1
7811302	7811297	1
5502211	5503986	1
6528721	1822924	1
6852303	7255646	1
9482689	9429591	1
538369	538370	1
10047162	10046104	3
6718961	6718962	2
6512583	6512586	1
10877462	10877461	1
3085508	3085540	1
4420985	4424492	1
5555245	5558666	1
9396258	9396257	1
5691935	5691927	1
4729879	4729994	1
4079111	4069833	1
536181	541559	1
4240788	4240646	1
1691180	1691223	1
513209	513212	2
1116027	1116028	1
5961348	5767350	1
1896956	1897795	1
7550507	7550508	3
769762	769530	1
9859584	4255945	1
9561850	9561941	1
1745843	1745846	1
6858149	6858150	1
6947995	6948240	1
1574420	1574692	1
8707865	8707866	1
3014526	3014513	1
2796555	2794710	1
1988738	1988947	1
7317674	7317851	1
12243096	12139472	1
11980991	11980992	1
1459271	1459274	1
7851643	7851572	1
6114162	6110321	1
9301406	8352190	1
1114066	1114065	2
12149134	12149097	1
8004451	8004452	1
8802601	9090043	1
11772372	11817036	1
12742204	12742730	3
7787659	7787664	2
11164927	11164470	1
7778124	7780547	1
3061593	3061594	1
4197700	10475355	1
7446337	7446338	1
2592505	2592517	1
1202577	1202522	1
903503	903516	1
970908	970845	1
12054795	12055326	1
4141178	10904556	1
9532775	9532787	1
7708137	7708140	2
37650	37644	1
5867801	5874247	1
1579752	1579725	1
9925511	9925512	1
3702095	3702059	1
10042629	10042635	1
8720912	8721432	1
1311610	1312109	1
11607303	11607308	1
8939612	8939615	1
12455327	12455328	1
4604427	4598699	1
3834825	3834826	2
11392088	11392091	1
2296528	2296526	2
9192205	9192183	1
1398715	1398716	1
12785227	12786468	1
6892223	6891447	1
3199027	965663	1
8540418	8540438	1
2108191	2109870	1
1562203	1562103	1
2147649	2147650	1
7897470	7897469	2
10179745	391082	1
9558614	9557936	1
8357456	11299223	1
9371658	9371682	1
4091432	4091429	1
7751488	7748010	1
10260464	10260461	1
6866150	6866149	1
4529184	4529092	1
2293242	2293241	1
2623104	11931771	1
12776727	12776719	1
5716846	5716836	2
3305593	3305596	1
4259853	7428834	1
7327052	11349445	1
3280057	11793027	1
1115757	1115769	2
5174350	5175776	1
10223150	10227131	1
558900	558899	1
11243904	11243903	2
10264751	10264913	1
3284388	3284387	1
8874644	8875266	3
9475646	9476952	1
6147035	6147036	2
10939240	10105816	2
11759440	11759439	1
5549261	5549262	1
1838834	5014577	1
11605920	11605949	1
4367502	8420086	1
5810370	11829199	1
12625641	12625663	1
10080800	10080768	1
2475706	2475531	1
6546983	6547445	1
10274997	10277357	1
3998759	3998769	1
8530204	8530209	1
11699985	11700081	1
744600	742809	1
10272429	10273814	1
12597593	12597463	1
9026583	9026578	1
2354776	2354775	1
6805916	6805915	1
8441669	8441670	1
459369	459370	2
8096799	8097064	1
3477899	3477900	1
1438404	1438710	1
2105693	2105569	1
9684161	9684961	1
8987155	8985908	2
7254592	7254591	1
7004960	7005042	1
8947300	8947149	1
2854199	2854221	4
1650563	1634493	1
1271783	1271090	1
3144402	3144401	2
12348153	12348154	1
10155013	10155014	1
7146018	7146006	2
6848466	6848624	1
2770108	2770096	1
2929192	2929133	1
9125401	9125402	3
10956168	10956241	2
1528951	1528957	1
11883068	863286	1
9767563	9764316	1
4809770	2728428	2
694023	696243	1
2261003	2260893	1
8253431	8253427	1
6252838	6252837	2
8426155	8426113	1
11846377	11846434	1
2198867	2198847	1
11226147	5598984	1
911890	912462	2
10414580	10414538	1
7350182	7349974	2
6993673	6990937	1
7100315	7100316	1
11688424	11688409	1
9975594	4045103	1
5322973	5322974	1
3426934	3426933	1
444863	444864	1
1483035	1667069	1
11314676	11311325	1
5168566	5164547	1
4070293	4070294	1
3621356	3621359	1
2176309	2173291	1
11883183	11886816	1
5359306	5359305	2
3890116	3552685	2
8661656	8661655	1
8835764	4542695	1
12021112	11799122	1
503330	503329	1
4379654	4379653	3
12317802	12317836	2
8543479	8543770	1
2416720	2416695	1
4307003	4307004	1
8376390	8376611	2
8363177	8363178	1
5007714	5007717	1
7553901	7553902	2
12663042	12640608	2
10733818	4449590	2
3558678	3558687	1
1877080	1876725	1
5297429	5297372	1
1480274	1480383	1
11112310	11122935	1
6810437	6810438	2
6115911	6115912	1
4279957	6514728	1
10756733	10756631	1
5235316	6071589	1
7540679	7540994	1
7287608	7287605	1
4381939	4382699	1
4715653	4576771	1
5935793	5936615	1
9899970	9899149	2
7447893	7447894	1
9329019	9328830	1
10065550	10064416	2
12294596	12296466	1
4062309	9330328	1
10300334	10299914	1
11076646	10959944	1
8655376	8654812	1
9777761	9777061	1
1659548	1658233	2
1837573	1734114	1
2960579	2960637	1
10187309	10894770	1
11358528	11358525	1
1667761	1667762	1
9174635	9174636	3
11422753	11424399	1
4501648	11961417	1
5625484	5610672	1
10564343	10564174	1
3286263	3286287	1
6086633	11517371	1
7144200	7144199	1
10476618	5568836	1
11399834	11399962	1
2485495	2485498	1
5371302	5371301	2
5811356	5748009	1
9342243	6680902	2
7324929	7324580	1
12245515	12245516	1
8153057	8152537	1
8901690	8901689	2
4829264	4829657	1
6539137	6727211	1
3285782	3285781	1
3570899	3556998	1
534275	455157	1
9092689	9091892	1
8082550	8082066	1
11544485	11544469	1
1504179	7176872	1
4294485	4294281	1
2090710	2090568	1
3951869	3951894	1
2933499	2933500	1
524749	524750	1
10971182	10971177	1
11525453	11526621	1
6760511	6760512	1
11022775	11022601	1
8516097	8516102	2
3483316	3483315	4
1225398	1225397	3
6966326	6966323	1
10386842	938739	1
6678182	6678181	2
2864764	2864767	1
6717738	6717623	1
2299553	2299554	1
2839447	7450996	1
11295616	11295615	2
10581836	10581835	1
958379	958505	1
68938	68937	2
1832294	1832420	1
6103487	6103507	1
4379711	4379874	1
6166311	6166312	1
7821008	7820985	1
4037034	4040562	1
8808812	8805958	1
9040365	9039956	2
9291571	9291572	1
6369986	6369985	1
7401894	7429402	1
2161287	1452768	1
6580168	6580786	1
3077092	3077890	1
5872709	11205947	1
7632139	7632918	1
5147239	5147240	1
7810547	7810149	1
3161767	3161768	2
5660489	5660494	1
223455	223456	1
9083514	9083528	1
4379714	4379743	1
11052583	11052109	2
4445754	4447611	1
12455620	12460566	1
9029983	9030216	1
4845095	4845107	1
12245515	12245518	1
8018015	8017523	1
11620449	415486	1
2960580	2960610	1
6037351	6037596	1
9952333	9952338	1
4091658	4092312	1
8679965	5384444	1
6815091	6815092	1
9926471	9926472	1
3818034	3817986	2
7906533	4510199	1
9767403	9767563	1
12801963	12801964	1
8406297	8405151	1
7046115	7046116	4
2280632	2280631	1
7394387	7394312	2
8680676	8680630	2
9577209	9577210	1
8890179	8837389	1
8281567	8281570	2
344602	345418	1
1194679	1195184	1
3296437	3296440	1
8003892	8001725	1
1003879	1003880	1
6124924	6124911	1
4559312	4559311	1
2088017	2085813	1
11123030	11123102	1
1635470	1637019	2
9261216	9261215	1
8416606	8416612	1
8276683	246573	1
1636178	1636866	1
1303626	1303268	1
9496868	9496865	2
9537131	9536491	1
3556275	3556309	1
10651264	10651368	1
3167230	3167229	2
7793289	10233489	2
6124967	6124968	2
4955339	5410251	2
3420783	3421076	1
2608339	2608340	9
9071390	9071389	1
6243317	6243318	1
9294354	9294353	1
11571653	11572301	1
742024	742022	1
4251787	4251788	1
8876528	8876523	1
9486577	9486578	1
4373475	4373462	2
6008443	6008444	1
1010157	1009919	1
10233348	10233489	2
2293242	2293239	2
8329336	8327375	1
7422919	7422951	1
11113667	11109932	1
1339088	1339085	1
3824263	3824264	1
10868122	10868119	2
9120088	9120048	1
1468151	1468883	1
10624410	10624409	2
3053887	3053888	1
8165486	8165485	1
6833775	6833810	1
3547327	3546903	1
868827	864636	1
1750064	1752159	1
4462786	4462908	1
11532309	11532323	1
1529192	1528554	1
1733615	1733616	1
5398794	5398793	1
9468869	9470597	1
7638246	7638245	1
5106155	5106156	1
4845095	4845109	1
7180957	7181317	1
6626332	6626331	1
8949349	8949352	2
4141608	4141626	1
6353901	6353853	2
3042960	3042963	1
3109448	3109447	1
3983631	3983623	1
5644949	5644950	1
6650097	9289319	2
1375537	1375610	1
11130997	11131000	1
7663447	7671208	2
5740413	5740414	1
528875	528876	1
9008691	8980016	1
12346048	12346966	1
5374136	5374135	1
3294393	3294394	1
1526264	1522645	2
8313716	8329395	1
5263879	5262398	1
6410532	6410531	3
10811041	10811030	1
3547303	3535142	1
10313682	10313681	1
1204645	1206005	3
9121305	9119854	1
6488971	6488972	1
9486527	9486528	1
4854435	4854436	1
823243	823244	1
6053462	6053457	1
357009	357171	1
10722938	10722937	1
1523709	1523710	1
11248847	11248848	1
8423316	8423315	2
2037874	2037873	1
1339084	1339083	2
12314514	12311923	1
10351472	10351189	1
9244995	9627675	2
3025621	3025605	1
6421357	6024796	1
10918706	10918645	1
1552564	1552563	1
2861381	2861390	2
4651239	4651240	1
11118935	11217612	1
7122463	7122526	2
7035848	7035847	3
6946592	6946459	1
670796	670830	1
867422	867420	1
3265622	3265621	1
12031678	12031695	1
9520442	5992668	1
2021806	2021805	1
8658766	8658773	1
2059501	2059502	1
11052107	11052108	1
11543423	11543424	1
10777949	10777950	1
513213	513216	1
2645501	2645502	1
6034466	6034207	1
12640609	12640610	2
3387652	3387655	1
4627890	4627917	1
8338619	8338640	1
6176569	6175811	1
4120559	4120560	2
8056363	8056365	1
12769204	12769158	1
11104379	11104380	1
503328	503327	1
6244364	6244579	1
3207655	3207656	1
7289419	7289420	1
2009428	2009372	1
2687467	2687837	1
420302	420467	1
9919792	10237733	2
6472009	6472077	1
1034419	1034420	1
5548665	5548250	1
12467071	12467072	1
10736502	10379416	1
9141321	9140455	1
11224892	11225075	1
7795413	7796668	1
3116728	3390672	1
1430869	1430872	1
935318	935357	1
1175964	1175867	1
5816553	5816384	1
5475578	5475069	1
2210417	2210407	1
2343129	2343130	1
6966330	6966329	1
2445189	2445197	1
9438799	9438800	1
7140528	7140668	1
4262245	4262516	1
3244673	3244710	1
5549261	5549264	1
3944155	3944172	1
9712859	9712860	1
1785429	1785396	1
8963423	8959124	1
7515964	7516053	1
503326	503284	1
7426288	7425998	1
6708740	6708915	2
762580	760615	1
7532884	7533070	1
2358083	2358084	1
8281567	8281568	1
2992303	2992304	1
11000981	11000982	1
6848565	6848566	1
12255571	12255706	1
10025423	10025576	1
2758560	2758559	2
7280749	7280750	1
8797989	8797990	2
7897472	7897471	2
10761383	10761386	1
11320760	11321099	1
11901212	11901209	1
176365	172544	1
7343311	7333247	1
120953	124241	1
8082555	8082115	4
6228415	6231903	1
11441565	11438819	1
10690873	10690457	1
157401	157402	2
12772082	12772592	3
9072518	9073305	2
4309102	4309099	1
937621	8384498	1
2330162	2330161	1
12450970	12450967	1
10747503	10747500	1
988990	988102	1
10675145	10675146	2
6233341	6236567	1
8680676	8680616	1
10686579	10688760	1
10763690	10763689	1
398368	386624	2
11485064	11488417	1
4173869	4173901	2
4205102	4205159	1
5263921	5288309	1
4746867	4747164	1
9266131	9263595	1
2590257	2590258	2
2344465	2342669	1
12053221	12053222	1
6314376	6312860	5
1560297	1561319	1
4063678	4063751	1
10040668	10042253	1
6638942	6638941	1
10518375	10518376	3
9725725	9727569	1
7375460	7375442	2
11177473	11177474	2
8061506	8061505	1
7028590	7028992	1
8501963	8501945	1
9145664	9145646	1
9527168	9527211	2
1324277	1324260	1
8089618	8089712	1
10347833	10347547	1
7971569	10032538	2
3866933	3878839	1
1376320	1376333	1
8316937	8316938	1
3484329	3484330	2
9583382	9583221	1
5693008	9271848	1
8173246	8173244	3
12753095	12750690	1
2558460	2557889	1
8806283	8803736	1
4594297	4594298	4
445480	445468	1
4063924	4066763	1
7482083	7482084	2
4163041	4163042	1
5238180	5238176	1
7243417	7244280	1
4855245	4854626	2
8836942	8838138	1
3309319	2831548	1
117226	115911	1
9384479	9384466	1
7369697	7369698	2
9615799	9615109	1
3114817	7923716	2
10231834	10233687	1
3691994	3691998	1
4819353	11157769	3
7252929	7252930	1
5069526	5069553	1
4119546	4119560	1
4528558	4528554	1
980480	980465	1
8798088	2445892	1
2783797	2783798	1
7819263	7818136	1
5698192	5698185	2
1975383	1975384	1
358362	10658825	1
12243667	12243676	1
7833603	7833572	1
1714193	4117395	1
11603109	833997	1
2743439	2743440	2
10168698	10168697	1
1943773	1925712	1
5580103	5579968	1
5253404	5253417	1
5372070	5374918	1
9426438	9426437	1
5366047	5368320	1
120157	120120	2
9595494	9416585	1
10444642	10444650	1
12134114	11474247	1
4799506	4799912	3
514001	11149655	1
306576	310449	2
3895146	3895145	1
5495661	5495655	1
4577871	4577872	1
9097067	9097061	1
5042131	5041637	1
8330791	8329573	1
5554596	5554975	1
1449929	1449930	2
5382977	5382980	1
10254990	10254989	1
8088732	8088736	1
7158393	6932786	1
10064731	10064732	1
10043138	10043696	1
9627200	9627191	1
355438	354894	2
2655797	2655798	1
11717570	11721498	2
10204375	10204428	1
597274	597247	1
11783536	11783535	1
9655706	9655705	2
834202	833541	2
8447420	8449582	1
902324	906106	1
2408885	2214076	1
4377692	4377691	1
9655652	9655707	2
2894791	2888824	1
12337712	12337704	1
9691585	9691594	1
4040782	4040781	1
7894200	7889652	2
9784651	9783136	1
4393491	4393492	1
9861663	9861600	2
3153666	3154417	1
6887866	6887854	1
5155081	5155125	1
11842883	11844559	1
9759822	9759821	2
3754160	3754130	1
11150233	11150242	1
11369981	11369969	1
11550660	11368140	1
11466818	11464612	2
3633999	3634029	2
9294169	9294170	1
8361922	8365882	1
7177688	7181482	1
2091929	2092733	1
3127516	2781728	2
850546	851000	1
8919198	8919197	1
3634180	3634179	1
7708137	7708142	1
6888612	6888611	2
12161859	12161860	5
7885499	7885500	1
7822869	7822870	1
11085234	11085233	2
6028185	6025890	1
451845	449432	1
11255936	11255886	1
9373244	9372875	1
5388766	5391101	1
2668946	3067675	1
11180899	11180387	1
5519886	5519883	1
10942792	10942791	2
7259775	7258400	1
11137125	11137126	1
10041204	10041167	1
3303893	3304148	1
10742530	10743080	1
1362574	1362633	1
10822665	10822666	2
4952889	4952890	3
8231444	8231443	1
2695203	2695204	2
10189150	10189177	1
7280751	7282575	1
9637391	9636724	1
5824403	5824404	1
8231442	8231441	1
1792569	1792570	1
2512151	2512147	1
2161282	2161274	2
3709316	3708013	1
8616209	8616210	1
7546029	5484314	1
9959339	10115717	1
2840316	2840276	1
7202766	7202765	1
3489444	3512403	1
6854552	6854545	1
11376721	11375785	1
5485215	5485390	1
10158990	10158909	1
4953958	4953067	1
8533109	8533068	1
11160748	11160732	1
5558869	5558991	1
7856115	7856557	1
10225663	10225664	2
11080329	11080130	1
10597735	10594831	1
11730596	11730284	1
1572083	1571916	1
11357371	11357903	4
4376021	8039838	1
1736289	1736416	1
2123912	2125526	1
934524	935205	2
3241127	3241128	1
12186733	12186734	1
11829198	5810371	1
1499605	1499606	1
1155163	1155218	1
10924354	10923318	1
868780	868795	1
1591709	1591247	1
3572457	3572458	1
735471	737725	1
11968787	11969085	2
2296530	2296526	1
1959367	1959368	1
10141107	10140565	1
6480503	6167488	2
5706667	7270129	1
10017769	10017789	1
2195237	2195242	1
1403488	1403487	1
8339298	8339297	1
8809654	2180076	1
2787477	2787581	1
186394	184510	1
5418208	5414060	1
8748963	8749024	1
761377	761378	1
3750471	3749367	1
7190851	7190852	1
1176268	1176253	2
6591226	6591460	1
11073283	11077690	2
10820574	10820577	1
6958426	6958425	1
513209	513216	1
1579752	1579723	1
2369340	2369339	2
1567527	1567632	1
1867151	1867152	1
2871989	2871990	1
8862700	4675643	1
646194	644029	2
7040103	7040104	1
10163897	10163779	1
5536955	5530819	3
5417198	5305045	1
5007693	5007694	1
7709519	7725849	2
7251630	7251445	1
1204643	1204644	3
7728404	7728403	1
12607244	12603651	1
1757589	1756034	3
3127534	3127533	1
2296534	2296533	3
12472569	12472550	1
2518780	2518364	1
9559895	9565287	1
577778	577879	1
184511	184487	1
738991	738992	1
4048389	4047852	1
983478	982883	1
7401159	7401168	1
1744948	5482537	2
10016009	10024520	1
2296530	2296524	1
6421796	6422592	1
7149980	7107880	3
214279	214622	1
4703678	2304890	1
997945	997946	3
12247167	12247970	1
3200583	3200588	1
2559288	2559269	1
7054709	7054710	1
5207948	5207947	1
7998690	7998687	1
11865711	3309316	1
2783488	2783260	1
10353776	10353773	1
10417293	10417648	1
3101731	3101732	1
5542315	5542346	1
12592754	12785259	2
3078958	3078957	1
7953377	7953378	1
11585276	11585271	2
4593597	4593736	1
6999313	6999268	1
1466663	1466664	1
8819715	8819445	1
1856120	1856117	2
1837211	1836379	1
4593259	4593260	1
5147219	5384806	1
503275	503276	1
791874	791863	1
68936	68935	2
11625643	11625644	2
1887546	1881879	1
7673255	7673256	1
3652119	3652120	2
450397	528891	1
12045953	12045954	1
1505212	5347190	1
5479969	427848	2
1619055	1619547	1
4383964	4382509	2
4412969	4412959	1
9130619	9130620	1
5359742	5359739	1
4376085	4573608	1
8749529	4671995	1
3415814	3415813	1
8960801	8964882	2
10078331	10078332	1
8838805	8838808	1
6592053	6778013	1
901092	8452897	1
5553874	5556905	1
5448477	5451947	1
404531	404603	1
3806030	3805734	1
1940920	1942443	2
2233688	2233952	1
11998105	11998106	1
5359740	5359739	1
279563	279564	1
4025507	4026694	1
8109365	8109366	1
9431121	9431127	2
11486387	11484902	1
3886011	3886012	3
11942512	11942509	1
1263841	1263920	1
11162352	11161650	1
8511847	8511848	2
9421611	9421612	3
7337466	7337469	1
10913358	10913418	1
3302812	3302827	1
9192095	9192069	1
10976404	10976402	6
7149498	7148769	1
3315917	3315883	1
10300016	10300033	1
3255977	3235711	1
12782518	12782517	2
1738969	1738970	1
10148424	3509974	1
9678933	9678934	1
12039917	12040137	1
1526771	1526862	1
2602160	2602409	2
7336205	7336229	1
2654323	2653765	1
7511761	10039850	1
6957957	6957958	3
9655652	9655705	1
9263736	9263735	3
8888266	8836397	1
12791630	12791640	3
401312	401309	1
10761171	10761334	1
10741027	10741152	1
5235316	6071591	1
2812577	2810304	1
8306252	11786126	1
380439	380440	1
7150847	7109515	1
668080	668110	1
1967310	1968076	1
7232088	6291615	1
10822554	10822553	1
1447372	1447371	1
317579	330103	2
2439862	2440310	1
9446412	9446516	1
8847582	8799703	1
1194673	1194674	3
10826311	11803919	1
5990788	5990958	2
3949936	3949933	1
4479240	3906963	1
11362236	11362235	1
5415960	5415881	2
1279886	1279943	1
6409098	6409097	6
11438887	11438832	1
9124061	9124062	1
681275	681276	1
12748093	12748094	1
7106291	7108594	1
6334746	6334715	1
7022320	7025684	1
10344576	10187833	1
3252510	3252509	1
10177831	10326454	1
7046115	7046120	1
2000752	2000751	1
4795630	4798597	1
2688685	8452885	1
9845010	9845522	1
4927370	4927318	1
1712943	1713168	1
3780562	3780605	1
1954801	1954109	1
3947219	3946860	1
10959445	10961272	3
8039683	8039684	1
10381476	10448732	1
9713290	9713480	1
6369295	6369298	1
6126634	6126591	3
11876953	11876705	2
9328655	9330312	1
8643266	8643265	1
7906695	7906696	1
5717799	6172384	1
944215	944216	3
4094965	4093262	1
4046012	4046011	1
2758558	4828926	2
11540564	11540602	1
861156	860934	1
1706658	1707784	1
9595602	9595770	1
4135765	4136919	1
8253494	8253608	1
3313807	3314124	1
9154473	9154459	2
11759578	11759575	1
8281569	8281570	1
3382718	8020803	1
291967	292554	2
11759587	11759579	1
4798898	4799104	1
3032459	3032466	1
8487537	8485982	1
3489281	3489418	1
3949932	3949931	2
2299518	4685257	1
718462	714536	1
1975524	1975411	1
7492523	7492535	1
7295662	6966860	2
8314850	8314849	3
10627665	10672469	1
3121419	3121421	1
2781519	2781520	1
10822661	10822666	1
7120945	7120948	2
7787665	7902556	2
4481341	4743819	1
2114875	2114876	2
787040	785909	1
11751471	11751458	1
7946372	1741108	1
7946508	1800008	1
9577211	9377403	1
12682591	12682576	1
6202770	6436049	1
2027143	2036432	3
1036541	1039655	1
9012790	9012787	1
7278997	7279038	2
3085954	3085953	2
6221066	6221062	1
10739929	10740304	1
244369	244370	5
10441957	8446501	1
6475468	6475069	1
7613837	7613972	1
8641059	8637679	2
6248922	6248980	1
11426382	11426380	1
12564206	12564225	1
7093048	3283306	1
690551	690552	2
5747281	5747463	1
9708233	2528433	1
9896496	9896495	1
2039131	2039086	1
10362666	10362665	1
5281088	5281087	2
451843	451844	1
2836197	2836251	1
4359660	4356923	1
2278832	8882127	1
5629447	5629448	1
10864665	10864666	4
1137130	1137129	2
111909	111900	1
6705662	6706143	1
9015944	9015938	1
68938	68935	1
5257408	5257403	1
2608341	2610509	3
2737856	8399386	1
2177610	2177621	1
11607303	11607304	3
9712455	9712511	1
8314844	8314843	3
2513642	2576814	1
10054691	10055371	1
10417291	10417292	1
10316925	3106523	1
8949349	8949350	1
398639	400331	1
2442412	2466040	1
11246899	11246867	1
10399700	8283496	1
6723697	6723698	1
11392668	11392637	1
10654265	10654774	2
7400994	7400991	1
2173290	2173289	2
12774923	12774932	1
10789194	10789193	3
4596939	4598643	1
2892186	2892240	1
8545889	8546203	1
11177808	11177805	1
40465	40468	3
3199026	965689	2
5942517	5942518	2
5698163	5698164	1
12471925	12471976	1
8519793	8517927	1
3383991	3384024	1
1403883	1389706	1
5088052	5284749	2
4154203	4153723	1
3340270	3341190	1
12120689	12120494	1
11295806	11295801	1
10959445	10961276	1
8787713	9100440	1
8004962	8004961	2
57808	57807	1
10030017	10030034	1
3475432	3470440	1
9350037	6698991	1
10666051	10666052	1
3042397	3042364	1
2014921	2015735	1
6502455	6502456	1
8039685	8039686	1
8617022	8617021	1
9066875	9066876	1
11733923	11734479	1
3156001	2784317	1
5127105	5127106	1
9889711	3498266	2
11013561	11012143	1
35867	35391	2
3652115	3652118	2
10675903	10672688	2
1768581	1768582	1
6388889	6388890	2
3324940	3324939	1
1529287	1199088	1
7912357	7912358	1
92548	90123	1
2935740	2934663	2
12151653	12151628	1
8551278	8551254	1
6148093	6148094	1
8427619	8421725	1
11153064	11153003	1
12450952	12450979	1
10712171	10709267	2
8520384	8520370	2
764770	8533528	1
146520	147417	1
2421223	2421226	1
9282959	9281898	1
10754312	10754163	1
8645427	8646136	3
7468761	7468785	1
8059391	8059461	1
4441611	4441612	1
12742192	12741799	1
4565326	8696239	3
6089279	6090987	1
7896412	7898532	1
851466	851582	1
9567416	9568216	1
11428996	11429524	1
5596217	5580473	1
5969663	5964695	1
6453845	6449659	1
1963615	1963798	1
6168075	6168076	1
3634028	3634027	2
7897504	7897503	2
11466820	11466819	2
6555728	6555718	1
2772550	2772527	1
9725802	9725800	2
3509296	10168981	1
914497	914498	1
7688764	7689688	1
283481	303293	1
10269680	10269643	1
203024	203023	1
5202287	5460505	1
8958829	8958869	1
10376086	10375820	1
398552	399031	1
6248924	6248980	1
8887741	8893365	1
141954	141956	1
4868044	4868043	1
11966865	3369681	1
10464989	10465165	1
3361819	3362289	1
2776745	2776746	1
3887483	3887484	2
10164125	10164113	1
4178926	4178883	1
4352113	4352114	2
513470	513712	2
2812691	2812692	1
11663266	11662622	2
8187164	8189815	1
10971182	10971181	2
4878120	4878103	1
2481355	2481356	1
9645479	9645480	1
6779615	6779616	3
1009918	1009917	2
246749	249831	1
4354174	4354173	2
2572595	2572607	1
6369299	6369300	1
10341391	3109449	2
5814490	5814489	1
2641882	2644051	1
7354963	7354964	1
2148617	2147333	1
10196394	7206566	1
10924027	10924030	3
7905849	7905850	1
2340393	11692657	1
1791765	1791766	2
234025	234026	3
415213	11614540	1
2567614	2567613	1
5538294	5538291	2
7397411	7397412	1
6064104	6064097	1
7777174	7777179	1
2055609	2055610	1
2004163	2085951	1
1954801	1954802	2
5895805	5895806	1
7403395	9882725	1
3379194	3379286	1
2610510	2610507	1
11283516	11283297	1
8082201	8082204	1
5451606	5451612	3
11537400	11537379	1
7999190	7997332	1
8805388	8926061	1
5817760	5817781	1
4580139	4581585	1
8334988	8335500	1
4087356	4087435	1
11158043	11158041	1
12211575	12446036	1
501999	504702	1
8960239	8960240	1
993133	996269	1
7897321	7895200	1
9572299	9570747	2
11933866	11934060	1
2146044	2146043	1
6133488	6133786	1
6177079	6177080	1
929210	8497905	1
3192009	2681726	1
10187376	10187027	1
4600044	4600006	3
7671295	7671185	1
8480338	8480337	4
7348831	7347990	1
599106	599103	3
3360197	3357168	1
8424359	8424342	1
9947836	9947835	1
3062184	3062483	3
6803913	6803914	2
8847037	8847038	1
10377679	10377837	1
2677539	2677557	1
9116963	9118589	1
4441613	4441614	2
6316027	6316646	1
3232473	6719433	1
9506390	9506387	1
5315875	5315876	1
54815	11180049	1
1307416	1302103	1
8496080	8496079	1
9053336	9053103	1
12435688	12435687	1
11429009	11427546	2
11769346	11767804	1
321180	321183	1
8345277	8346338	2
3447817	3447562	1
6444218	6170386	1
847565	847566	1
4272039	4269875	2
7815417	7815424	1
2362530	2051063	1
2206145	2206146	1
5918513	5918518	1
955476	955473	1
2590255	2590256	2
3450361	3450362	1
4318374	4318373	1
8058805	8062092	1
4846382	4846384	1
6638965	6638930	4
1516597	1519749	1
2262138	2261910	1
10464899	10459260	1
3756703	3756704	2
2748560	2752901	1
6999930	6999952	1
1004804	1004807	1
6124817	6124818	1
10571083	10571041	1
8850260	8850259	1
8238816	8238824	2
3122702	3123917	1
432372	432369	1
444138	445291	1
11287422	11286854	1
865074	865073	1
10324897	10322569	1
7515980	7516006	1
11898989	11898990	1
6053236	6053212	1
7609224	7609223	1
5194584	5194581	1
10052077	10052081	1
9040363	9040364	3
10803473	10798034	1
4036028	4037996	1
1229050	1229047	1
5160530	5159724	2
12795007	12795345	1
9423506	9423501	1
9957632	9956041	1
10786130	10786159	1
10883309	10883254	1
8467128	8467172	2
5291945	5121035	1
7320809	7319011	1
11092929	11104380	1
774044	773991	1
8171043	8429236	1
12053223	12053224	1
11669328	11670624	1
12594623	12594624	2
7956599	7955998	1
10052135	10081977	1
3534927	3541581	1
5587303	5587344	1
9889016	9889015	2
3003409	3003410	1
421162	422679	1
6678180	6678177	1
7509079	7515466	1
10042254	10042261	3
836401	836444	1
3662059	3663404	1
4261538	4261535	1
10632245	10632241	1
8754111	8754116	2
5451049	5451050	1
9012790	9012789	2
5863818	5864602	1
5105714	5135921	1
1403486	1403485	2
10452837	10452833	1
442002	440371	2
11847774	11848886	1
10826564	10826563	3
9857260	9855263	1
9002418	9003286	1
7201862	7201861	1
10041939	10042118	1
6175658	6175657	1
11121405	11121406	1
2931916	2931915	1
872236	872134	1
12381522	12381519	2
1681971	1681675	1
9517834	6452918	2
2850819	2850598	1
10378004	10378451	1
823917	821936	1
4868020	1572082	1
5538292	5538291	1
1319193	1319194	1
2273350	11942407	1
2973663	2973474	1
3199027	965661	1
2465013	2461615	1
8587947	8320822	1
3367837	3367838	1
3933436	3936267	1
5558776	5558420	1
4053195	4050634	1
10938182	10938028	1
7307769	7307402	1
684753	684736	1
10641457	10642391	1
976581	976513	1
7054707	7054708	1
5756436	5759752	1
2665607	2666448	1
8461653	8461654	1
5461457	5464155	1
2412800	2415379	1
516785	513771	2
9682202	9682229	1
7925901	7580929	1
12461537	12461571	1
12772450	4056654	1
9936842	7783027	1
11406187	11287733	3
10364456	10364292	1
3324947	3324941	2
3374186	3373374	2
346339	342304	1
8631661	8631554	1
71519	71520	2
1653884	1660085	1
8867009	8866964	1
8812969	8812972	3
4115656	12681941	1
5526740	5526737	1
4389010	4389009	1
5538294	5538293	1
8757274	8757273	1
5558667	5558670	1
10321633	10321565	1
11382177	5993060	1
3077095	3076521	1
5773601	5773334	1
4120557	4120560	1
11298034	11291341	2
1206920	1206919	1
4153925	4153932	1
6236206	6236199	2
11274837	11274563	1
5569521	5570374	1
7716444	7716446	1
3966255	3966282	1
1336031	1336032	1
2029372	2148504	1
1455836	1693329	1
10259165	10260625	1
8872129	8872324	2
2826324	2826834	1
6409096	6409095	4
12692081	12693435	1
6412704	6412703	4
8386171	8386230	2
4713091	4713103	1
8674065	8674066	1
6700055	6699623	4
4269544	4269543	1
8174114	3059757	2
10150056	10150040	1
8292808	8293034	2
9486547	6038359	1
10861554	10828226	1
937661	626806	1
244373	244374	4
1465643	1463994	2
7430281	7433663	3
9111967	9112510	1
11182608	11183206	1
749185	749188	2
1826636	1767885	1
9081881	9080281	1
3294395	3294421	1
6071590	6071589	1
2123974	2123973	1
2559268	2559267	1
1954803	1954109	2
9867303	9867304	1
4010301	7147406	2
8553719	8553705	1
6614615	6614559	1
12522951	12516375	1
6535656	6729985	1
4820490	4820559	1
7098666	7098665	1
606029	606030	2
1505479	1177133	3
2838054	8409391	2
5678630	5678629	1
7265231	7262155	1
10789196	10789195	2
1713626	1713625	1
8631833	8631342	1
11205946	11223941	2
5623456	5630224	1
1966332	1966331	2
5940802	5940841	1
2279729	2279730	1
11935777	11934603	2
6916597	6916589	1
2254338	8875219	1
1979803	1979792	1
6763286	6763285	1
9820581	9820582	1
525647	525628	1
6988254	7140999	1
12056369	12055779	1
6966333	6966334	1
9881754	9881712	1
2209957	2261089	1
12777702	12777810	1
7451738	7451735	1
382740	388773	1
12348155	12347961	1
3952692	3960157	2
2307919	2307922	1
2695207	2695208	2
7046121	7045715	1
2343164	2349150	2
1033868	1033865	5
2237284	2237272	1
817748	206360	2
4063917	4063918	1
4788754	4789758	1
9165806	9165805	1
5982379	5983642	1
1304776	1304751	1
10105047	10105126	1
10012456	10012482	2
9941820	9942441	2
11073409	11073436	1
6570631	6570574	1
8029534	8029523	1
4137653	4141189	1
7526215	7526422	1
4385605	4385519	1
311993	311994	1
5786309	5783868	1
2321069	2324018	1
10777947	10777948	1
6320847	6320848	1
806220	803438	1
4823336	4823333	1
5059035	5059096	1
2831465	2830748	1
58790	57809	1
372909	372910	1
11520589	11520590	1
8647079	8653263	1
8029314	8030343	1
3312233	3312234	1
4118	10532334	1
1013274	1018275	1
9511323	9511324	1
8172897	8172663	1
11400773	11397477	1
5638380	5640271	1
8605963	8605964	1
6438614	6439824	1
11788435	11783678	1
7876395	7876396	1
10901743	10903449	1
9383490	9383489	1
6428411	6428476	3
7937287	7937288	1
11798045	11798054	1
5833659	5836023	1
10940412	10938836	1
348022	346582	1
8071491	8072435	1
7180953	7180956	2
3101706	3101705	2
9119596	9119595	2
5694981	5694281	1
10283140	10283123	3
10978814	10981567	1
9079453	9079454	1
4987948	4988057	2
1270771	7135444	1
6950038	6950045	1
9570136	9585935	1
4650993	4652311	1
1446016	1451022	1
8097711	8097712	1
10422765	10422744	1
3439385	3439386	1
1842731	1904335	1
1730945	1730946	2
3127516	2781730	1
11699985	11700079	1
2596026	2596476	1
621073	620862	1
5483484	5483661	1
4951504	4951000	1
11052436	11052435	1
8973670	8970921	1
6692919	6693164	1
8605961	8605962	1
7954754	7952723	1
10763688	10763685	1
6443319	6443323	1
9832217	9835813	1
9816654	2597390	1
8488904	8485440	1
3476668	3476665	1
9760153	9760154	1
4046198	4046154	2
1184303	9944758	1
5105714	5135923	2
7279085	7279129	1
10874943	10873845	1
2075936	2073090	1
1202091	1202196	1
3510341	3511393	1
350467	350468	1
1798879	1798880	1
5666417	5666418	1
3540989	9796869	1
3633999	3634027	1
4799508	4799507	3
6809985	6810017	1
2319220	2319219	1
6500659	5989412	1
6176326	6180448	1
7427561	7427569	1
6392032	6392029	1
726277	739363	1
2567517	2572584	1
9094314	9094313	1
38957	38958	1
6047807	6047285	1
5584954	53758	1
577641	576011	1
595423	595471	1
8395785	8396117	1
10709265	10709266	2
4594299	4594300	2
7139350	7139364	1
6947999	6948797	1
2355301	2355302	1
11109380	11109341	1
9541294	9540791	1
9863114	9863113	1
4416208	4416268	1
9160676	9161170	1
11635478	11635477	1
1974302	1974286	1
4119289	4119300	1
6168572	6169613	1
9586061	9571133	1
2263024	2263032	1
8812057	2590254	2
7152409	7154841	1
7608222	7608076	1
1721764	1722041	1
8577412	8576703	1
4534363	4534364	1
11284978	11284977	1
5699816	5699819	1
6509213	6508526	1
10996498	10996490	2
9471091	9475430	1
9664414	9664413	3
8283616	707014	3
2509197	2508106	1
7186927	2123239	1
7038	7046	1
11177804	11177803	1
9385279	9385280	1
11722320	11722319	2
8881067	8886781	1
10584835	10584852	1
2445394	2445393	1
2445972	2445971	2
8622825	8622716	1
1394064	1191840	2
11272885	11271947	1
878712	880401	1
3080979	3072353	1
550709	550710	2
8305926	8305925	1
108894	10531604	1
2527807	2529171	1
2599565	2599566	1
11886697	11886692	1
685542	685378	2
6563577	6563578	1
9903145	9903146	1
3190897	3190902	1
7391270	7391269	2
2641897	2641911	1
2955607	2955608	1
9292669	9292670	1
4262711	4262224	1
2359899	2359900	1
9566190	9566180	1
11705260	11705291	1
9381776	9381802	1
4229202	4227033	1
1333555	1333556	1
4831265	4831266	1
1204643	1206005	1
722115	722116	1
2089626	2091505	1
11086873	11085235	1
2234935	2233519	1
11455352	11459206	1
12231504	12231503	2
9139767	9139747	1
3708623	3708643	1
3485019	3484967	1
4941253	4941998	2
7971149	7970049	1
9001696	9001772	1
8573431	8572570	1
2773517	3032915	1
10267664	10271268	2
11382179	5993060	1
2429940	2429939	1
898150	898098	1
8445235	8445056	2
11076641	11073877	1
4702985	4705009	1
12664887	12664888	1
2661664	2661627	1
3880161	3688962	2
4056734	4055624	1
6687397	6686780	1
7942966	7938361	1
1027583	1035842	1
4261945	4261946	1
12723668	12723667	1
11370406	11372688	1
7289421	7289348	1
8731614	8728230	1
12489444	12489622	1
2852007	2852008	1
4263583	4263574	1
9064875	2587237	1
8386768	8041582	1
8922377	8922401	1
4134837	4135023	1
997943	997944	3
11487311	11487353	1
9386493	9629055	1
4942181	4942182	1
1984951	1984678	1
5003056	5003081	1
4385512	4386337	1
1135530	1134848	2
1666797	1666798	1
3300215	3300216	2
11881822	11881465	1
4020300	4020529	1
5547692	5547633	1
10408052	10407657	1
9611417	9617052	2
4559314	4559313	1
8100853	8100922	1
11456873	11456874	1
8592051	8592052	1
972205	973190	1
5530212	5530178	1
5784374	5784415	1
6168331	6167579	2
3078214	3078322	1
327160	329017	1
525642	525636	1
3233014	3233699	1
4499871	4478344	1
5629492	5617796	2
9354735	9354909	1
8175761	8400364	1
3161769	3161770	3
7613782	7610518	1
5947930	5896299	3
2461614	2461613	2
1500517	1500518	1
11631170	785629	1
8791831	8792246	1
908150	910301	1
8030780	8030715	1
8252397	8252398	2
12491913	12482903	1
7811298	7811297	3
8338113	8338118	1
2786027	2785841	1
10240143	10238539	1
7349462	7349460	2
565370	568544	1
2763109	2766980	1
399030	399029	1
1137128	1137127	3
310352	310351	2
10277571	10278819	1
11648912	11648636	3
7998424	7999724	1
11559713	11559714	1
3256641	3256642	1
11088644	11088773	1
11057123	11057124	1
2847363	2847367	1
8694361	8698299	1
9620371	9620372	3
3496582	3496503	1
7400599	7400121	1
10263074	10263062	1
5207951	5207952	2
10688226	10688225	3
12576523	12575256	1
10154711	10154709	1
12656684	12656683	1
11827103	11829025	1
12385207	12386536	1
6909385	6910082	1
12798816	12799598	1
3729818	3730389	4
1151916	1152015	1
2835204	2833529	1
2093566	2093565	1
7180951	7180952	2
8533062	1976693	1
1928894	2275299	1
7194649	12325444	1
7637049	7638245	1
9152168	9151294	2
8726365	8726420	1
10411025	10413704	1
8250702	8248673	1
7102041	7102978	1
11240617	11240982	1
6984231	6984377	1
5232581	5232562	1
7373794	1567687	2
7595072	7595071	3
2263521	2263522	1
12361504	12361683	1
4044133	3982423	1
6388891	9187196	2
8759084	8759087	1
413483	586122	1
5701685	5701688	1
5095340	5099253	1
341483	341484	1
7310626	7309449	1
2179320	2179360	1
11735005	11723976	3
634472	641960	1
9680165	9680137	1
10909041	10907503	1
10839426	10839400	1
8198897	8198898	1
8746796	8746786	1
11998107	11998108	1
244373	244376	1
11493326	11493325	1
5155725	5155726	2
3621353	3621354	1
488669	487197	2
7553850	7553884	1
10223124	10222753	1
9930254	9930850	1
3966523	3966524	1
8530452	8532991	1
5330732	5330727	1
1730922	1730919	1
12721122	12723084	1
1541741	1541529	3
11909313	11909314	1
10251405	10251394	1
5824501	5825154	1
11254772	11254771	2
5517631	5517586	1
7991460	7991457	1
9573536	9573535	2
11012053	11014660	3
2174441	6560814	1
5965147	5964545	1
3982143	3990236	1
8614171	8614172	1
8314850	8314843	1
11291340	11326565	1
4020528	4020527	1
12782520	12782519	2
1046039	1046040	1
11566423	11566424	2
4787977	4582938	1
10316160	665676	1
7265072	7265071	1
6243275	6243276	1
1302938	1299411	1
9335570	9335569	2
5058303	5056941	2
1754398	1754404	1
5040447	5038412	1
7143304	7144199	1
4832424	4832391	1
11759438	11762208	1
7536551	7536541	1
10757918	10757888	1
6625907	956095	2
5993420	9344984	1
2610510	2610509	4
6805920	6805919	1
8644305	8644308	1
113606	110276	1
9667854	9667724	1
7929199	7929379	1
8863896	8863865	1
6813481	6813517	1
2910345	2910329	1
614084	614090	1
472475	473033	1
10440274	10440273	1
4842387	4236666	1
6141246	6141594	2
4354172	4354178	3
2031713	2031714	1
371800	371805	1
2489968	2874202	1
8894652	2256333	1
7638409	7639906	1
3324624	3329672	1
11779691	11779676	1
4037438	4804043	1
9759824	9759823	2
9947838	9947837	1
10440272	10440271	3
1966334	1966333	2
5920188	5920467	1
5990841	5990842	1
10345067	10344349	1
2310862	2310850	1
10459183	10459146	1
4028227	4028228	3
5660510	5660507	1
3696536	1090702	2
8246449	8241428	1
2227550	2227592	1
11106002	11843740	1
9384990	9384206	1
11255059	11255410	1
3501773	3501774	2
8165488	8165487	1
1080293	1080300	1
11477697	11304464	1
10369346	10905751	1
1507358	1513902	1
6966320	7296058	1
7833579	7833854	1
8285765	8286407	1
2008194	2009171	1
7953375	7953376	1
112297	112163	1
4285639	10452900	1
6533853	6533847	1
12231399	12231503	1
7080970	7080619	1
6576602	6576601	1
5699820	5699819	1
11905416	11905413	1
1403490	1403489	2
8872226	8867701	1
7317585	7319423	1
2886459	2884873	1
3161103	3161104	1
12334513	12334514	1
7796728	7795176	1
8423318	8423317	4
3733397	3733398	1
10177829	10177830	1
1015195	1015196	2
3892469	3892470	1
12742654	12742207	2
3690069	3685831	1
10581834	10585754	1
3834827	3834760	2
11022773	11022774	1
1014023	1014105	1
6736366	3833381	1
11155959	11155948	1
7381797	7381798	1
6567062	6567060	3
12231340	12279376	1
3632403	3641293	1
11334350	11333775	1
8817614	8817613	1
11159558	11159557	1
7297426	7297352	1
1010240	1015135	2
11185622	11183687	2
7135832	7137295	2
11494827	11494786	1
9729503	9729440	1
11706161	11708381	1
12050893	12231460	4
8644303	8644304	1
785490	785552	1
8887741	8893367	1
10881702	7446355	1
1028046	1250929	1
11429244	11429241	2
12455622	12455621	2
8097713	8097723	1
5982943	5983069	1
8243736	8243186	1
10729232	10729231	2
4461979	4462047	1
302833	302837	2
1038549	1039936	1
8866291	8866913	1
2280630	2280627	1
7090375	7090387	3
1094515	1094516	1
2177610	2177623	1
1228421	1226490	2
7046117	7045715	1
2306024	2305875	1
10395311	10395312	1
11015301	11015304	1
10438109	10438134	1
1753947	5517573	1
1786615	1786616	2
2603691	2603692	2
12038795	12206473	3
9149469	9149470	1
10894486	10894485	2
9189012	9189011	1
6340219	6340220	2
1171997	1171998	1
8696478	8697067	1
6950644	6950617	1
1667714	1667713	1
6974245	6974147	2
2502604	2502611	1
12048280	9472562	1
12775193	12775194	2
10442718	10441405	2
5292281	5292276	1
3853343	3854014	1
4327602	4327402	1
8047371	8049332	1
7239156	4846007	1
5253465	5257244	1
5155704	5154614	1
3252512	3252511	2
2854419	2856397	2
742806	742805	1
2539003	2539004	2
7381176	7399274	1
2035756	2035785	2
2282592	11667644	1
10585754	10585753	1
8882049	8882052	1
11536638	11536637	1
2260122	2260104	1
9130617	9130618	1
3363954	3364612	1
7476384	7476383	1
4471923	4470224	1
8757276	8757275	1
5507558	5504978	1
2023008	2023027	1
7561822	7561245	1
7599212	7601781	1
4985774	4870159	3
1339088	1339087	1
8775383	8775515	1
10529352	10529351	1
7105146	7105145	1
9094316	9094315	1
1966336	1966335	3
8257621	8257622	1
2149260	2146043	1
11748865	11748866	1
11172063	11172179	1
10692077	10688866	4
10602103	10613116	1
7563368	7555909	2
295039	290263	1
7821798	7820382	1
9643559	9643571	1
6636489	6636432	1
1128564	1128459	3
2122788	2128417	1
1164098	1163587	1
11335025	11335066	2
4603626	4605145	1
70299	70329	1
11698305	11698306	1
10070005	10070006	1
12543724	12551368	1
11435917	11439497	1
11023332	11023331	1
7729139	7730848	1
5732327	5732330	1
5424834	5424881	1
10037573	10037588	1
6428275	6429474	2
4823332	4823331	1
1271017	1263836	2
1662205	1538215	1
11112137	11112474	1
3729394	3727508	1
12200437	12200438	2
4339539	4339540	2
1673599	1673674	1
5767736	5769504	1
11284160	11284159	2
2553749	2554472	1
12670450	12670495	1
9506484	9506397	1
5570275	5570276	1
8305697	8305055	1
8864992	8865057	1
8890166	3280647	1
7614181	11247648	1
3258829	3258841	1
11323697	11324817	1
78245	78104	3
5557461	5557464	1
8552481	8552026	3
6974662	6974661	1
8338350	8483656	1
3419210	3419178	1
2293240	2293239	1
3871522	3871521	1
10070142	10070135	1
2561	2602	1
11755123	11755357	1
1693160	1693154	1
1539502	1539501	2
666899	666900	1
7196444	7196443	1
10590129	10590058	1
11598771	11598796	1
11092929	11104378	2
10905717	10905718	1
11915160	11915857	1
956143	956146	1
7466415	7466416	1
8862272	8861594	1
366126	372003	1
11096518	11096501	1
8496035	8496036	1
11704488	11704458	1
4049297	4049308	1
3515443	3515444	2
262463	262486	1
10726087	10726111	1
11395067	11395017	1
2357953	2357954	3
4185975	4185976	1
1601604	1601209	1
6163018	6162937	1
12609486	12609480	1
2395959	2395960	1
7244469	4687220	1
11761760	11761736	1
3856116	3856290	1
285037	287053	1
6763284	6763283	1
2126006	2126005	1
1747766	1747761	1
12683691	12683696	1
6706587	1739140	1
8336572	8374166	1
11734661	11734757	2
2638919	2638916	1
887048	279562	1
9682059	9684956	1
6973368	6973470	1
10507898	10508095	1
376469	11845982	1
5204975	5203336	1
7707611	7707614	1
8726365	8726422	1
3537911	3537916	1
7810545	7810546	1
7882999	5341976	1
10602101	10613116	1
11607305	11607306	2
3517338	3926827	1
518581	518582	1
5288584	5289468	1
11877926	11877934	1
3374188	3374187	3
1039837	1039838	1
5970511	5970588	1
6019381	6023595	1
6199922	6201190	1
12172729	12172730	1
2037876	2037875	1
10363150	10363220	1
5939087	5939077	1
3031590	3031589	1
8756457	8756000	1
4549873	4550368	1
7672928	7672927	3
7906739	7906740	1
9438801	9438397	1
4842408	4844999	1
9893981	9893982	1
2461612	2461611	1
7035846	7035845	3
12231502	12231501	2
10549209	10549033	1
3947468	3947067	1
12782520	12782517	1
354058	353969	1
2198863	2198866	1
7466411	7466412	1
2109294	2108172	1
11534819	11534767	1
7818508	7818507	2
2078469	2078918	1
8499441	8496083	1
5616611	5616001	2
8759116	8762596	1
1511542	1512252	1
4183810	4183897	1
9153308	9153313	1
7811300	7811299	3
11382177	11382178	2
4903617	1596481	1
607831	609738	1
1338850	1338853	1
11060874	11060873	1
2310851	2310852	1
5840907	5841078	1
4181228	4181235	1
10648511	10509440	1
10428188	10428177	1
3359025	4581091	1
11142300	11142297	1
6101183	6101138	1
7249120	7249039	1
5706275	5706276	1
12726920	12726915	1
3309718	3309936	1
10888293	8568927	1
2655097	2656273	1
223075	223122	1
8356089	8356090	1
11169045	11169046	2
9198160	9198157	1
10156202	10157522	1
12147887	12147888	1
10722936	10722908	1
11307206	11308910	3
1790030	1790029	1
4847968	4331167	1
9670880	9670440	1
7198681	7152724	1
10697611	10690058	1
7106963	7106964	2
10444646	10444645	1
8577412	8576701	1
5056261	4992162	1
1613698	1622285	1
295929	291644	1
12428495	12428981	1
8764967	8764968	1
11772092	10826329	1
1881172	1881176	2
5549263	5549264	1
9751774	9751767	1
4120555	4120556	2
3906197	3906146	1
2488889	2196530	1
2827456	2827455	2
8609900	8609899	1
11127948	11127941	1
5380793	5380794	1
12042269	12042627	1
6767383	6767384	1
11295614	11296849	2
9354506	9354226	1
7542869	7542870	1
6407361	12267021	2
10054962	10056214	2
4012973	4012974	1
10247293	9782352	1
7685003	6028605	1
1799198	1799269	3
7293652	7294738	1
8753445	8752850	1
3695554	3694525	1
11877912	11877921	2
8054599	8054581	1
7640445	7643481	1
3158939	3160387	1
2130801	2131001	1
11029101	11032338	2
11339441	11339592	1
11052105	11052106	2
9295744	9294150	2
3854372	3854312	1
3024725	3024644	1
7280747	7280748	1
8628082	8628125	1
794256	794255	3
8222883	8222884	1
326354	325606	1
1662203	1662204	1
6100622	6100619	1
1212110	1211673	1
8088925	8088846	2
1459482	1461732	2
8496012	8496034	1
8843790	8862677	1
10189925	10189906	1
8711894	8711893	2
12626669	12625450	1
2196908	2196907	2
10097943	10097944	1
10440270	10440273	4
631086	644535	2
3292714	8885536	1
3003411	3003412	1
8529734	8529714	1
10493830	10493844	1
12378181	12378182	1
2208439	1906958	1
2796078	2796222	1
10341710	10772013	1
3997261	3996736	1
5493356	5493355	2
1516456	1516512	5
1635525	1637234	1
3032279	3032280	1
8042251	8345858	1
2549128	8783121	1
7289827	7289698	1
1593263	4910356	1
12051902	12051776	1
10706116	10705925	1
7754990	7754677	1
8570736	8570735	1
1339086	1339085	1
9370204	9369592	1
4881015	4881016	2
910935	907387	1
9883764	9883750	1
3413641	3413642	1
7915484	7915400	2
4800356	4800372	1
10569044	10569054	1
2838317	2838318	1
11235594	11235582	2
4982950	445073	1
7091683	7091689	2
4218858	3614163	1
11923987	11926060	2
4919487	4919613	1
1406101	1406116	1
1701124	1700522	1
333596	235839	1
9558614	4367247	1
2104510	2104509	2
4040001	4040002	1
5303807	453142	1
4504635	4504164	1
8845127	8845128	1
11161199	11159559	1
9697	9698	2
11998104	11998103	1
817039	817042	1
1137807	1137808	1
1958656	1958619	1
11679991	11679881	2
8082555	8082556	1
1872172	1870966	1
4697211	4694728	1
3272243	3272244	1
7583013	7551267	1
4188751	4188752	1
11644914	11644808	2
12186444	12186443	1
3514186	3515442	2
404034	404031	1
12471392	7016291	1
7521039	7521040	2
11091370	11093406	1
12742654	12742653	1
11431385	11431643	1
8102571	8103318	1
8972215	8972216	1
4477850	4477792	1
5509890	5509889	1
2261003	2260895	1
10155016	10155015	1
196683	196684	1
2686234	2686231	1
8070313	8070331	1
9864325	9863573	1
4045509	4045510	2
11401363	11401617	1
11153004	11153003	1
3340988	3340987	1
5633410	5633528	1
12245517	12245518	1
1703725	1703759	1
3214055	3213987	1
9058905	9058906	2
10961273	10961276	2
7728328	7728548	1
8576150	8576147	1
7688755	7688746	1
11267920	2243593	1
7336941	7336942	1
2253093	2253033	1
3485807	3483319	3
8059037	8059038	1
7818177	7816661	1
6185797	6185798	1
8082557	8082115	1
464031	466265	1
10801935	10804893	1
2146042	2151066	2
2628425	2628239	1
2130661	2130662	1
8630657	8631203	1
4028262	4028226	4
2021527	2102485	1
2345515	2344713	1
7355256	7351812	1
4956171	4956670	1
4751886	4751875	1
11442450	11441409	2
143102	143315	1
9552470	9552469	1
6511743	6510324	1
10115407	10115408	1
8330116	8362430	1
42310	42292	1
12289686	12293057	1
1768591	1768604	1
1796194	1795837	1
6883392	6883391	1
2955609	2955610	1
746249	746252	3
4018659	4559644	2
11595092	11595091	1
2126010	2126007	1
11130034	11114793	1
3489182	3489177	2
8100392	8100569	1
915291	642924	2
11137127	11135778	1
8819213	8820192	1
3858399	3856817	1
11149738	11193642	1
5928040	5928045	1
11293880	7619695	1
7863300	7863309	1
4420261	4420264	1
11449640	11449639	2
5141878	5134036	1
9700878	9702558	1
12017151	12017202	2
8554755	2105054	1
4077858	4078400	1
3981340	3981329	2
1466665	1686580	1
364753	363427	1
9536860	9536837	1
8439026	8439025	1
1724986	1724917	1
639121	636653	1
2357928	2362488	1
12209263	12209278	1
2702251	2703496	1
370510	371116	1
4122740	6490693	1
7738450	7738449	2
3729505	3727918	1
68922	66908	1
12296886	12297800	1
4407133	4407134	3
3085952	3085746	2
688922	680614	1
10480117	10481057	3
9396059	9396060	4
12376976	12378180	2
903150	903149	1
12367607	12368380	1
4526110	9662574	1
6414443	6414545	1
7801842	7802182	1
11992716	11987442	1
7731496	7731493	1
5046251	5045910	1
12680150	12680149	1
2503932	2391501	1
186166	186213	1
5257272	5257271	1
11616375	11616376	1
6428273	6428274	2
10969409	10968193	1
2035766	2035849	2
3301518	3302911	1
7553903	7553961	1
4082388	4084398	2
8527744	8520986	1
2548266	2548317	1
7285794	7285277	2
7252931	7252916	1
570842	572779	2
5259962	5259959	1
5400602	5400841	1
6181897	6182306	1
7839167	5453954	1
2194299	2194300	1
11019605	11019319	2
7462335	7462450	2
7449287	7814327	1
8468734	8468723	1
244375	244376	4
7992508	7992507	2
532908	538509	1
2401555	2401575	2
7516881	7721048	1
4013256	4013215	1
244371	244372	5
1610273	1610274	1
6958424	6958423	1
1968882	1970967	1
9869319	9870254	1
7924628	7924269	1
6050621	6049864	1
1776681	1776684	1
5318329	5318330	1
10620337	10620338	1
11665747	11665748	1
936804	5375895	1
12422042	12422056	1
11996272	12240300	1
8838805	8838812	1
8279981	8279982	1
9662575	9662576	1
9721021	9731079	1
2514253	2514301	1
3641253	3636282	2
4254941	4254944	2
68760	68778	1
8643268	8643267	1
4818498	4811148	1
3448431	3448409	1
8169077	8413199	1
958571	959732	3
10852160	10851925	3
12675850	12675849	1
765684	765844	2
2394882	2395138	1
8991980	8715576	1
3024531	3024532	1
7142730	7143711	1
8445071	8446654	2
11039210	11039129	1
5745484	5745480	2
7373013	7374078	1
9424097	9424062	1
7110646	7109372	1
10398171	10398172	4
8285783	8285001	1
9650293	9650420	1
6641686	6635667	1
6892676	6893432	1
7833342	7833311	1
7492604	7492349	1
6050211	6050087	1
11793417	11793311	1
2619118	2619117	2
5755128	5755114	1
1122093	1134789	1
7492929	7488029	1
4271924	4273192	1
5191521	5191522	1
7657879	7657880	1
4507034	7974301	1
4943059	4943060	1
2531995	2531996	1
7439575	7439576	1
1302938	1299409	1
2296532	2296531	5
1226478	1226477	1
10749298	10749297	1
2653091	2653092	2
6244977	6245105	1
4248131	4249168	1
6447681	6447361	1
4010300	9567957	1
3740938	3740888	1
7760616	7760767	1
2651650	2651595	1
9317992	6767382	2
9937319	9936870	1
2275341	2276334	1
810564	293323	1
11440175	11440151	1
8576702	8576701	1
4753257	4753258	1
9230875	9232248	1
10975205	10974695	1
9051693	8946501	1
6957959	6957960	1
10152289	10152372	1
6185106	6185683	1
8306475	11786138	1
2727960	4811631	1
12680148	12680339	1
4990444	4990456	1
9396061	9396062	1
474779	474756	1
1136357	1136358	2
3161770	3161761	1
11720819	11720722	1
2612509	2613183	2
139864	139262	1
7486277	7481245	1
10440969	3359221	1
5975545	5975546	2
9697967	9697968	1
3354528	3353741	1
10864667	10864635	4
1161177	1159174	1
11153064	11153005	2
7242922	7245410	1
4061732	4061723	1
2597953	2597954	1
6445143	6445165	1
4947701	10730778	1
11725318	11725317	1
6087866	5240323	1
5266023	5266024	1
8230463	8230503	2
3357134	3351772	1
1652335	1652336	1
6678184	6678183	2
1268200	1268904	1
10490857	10491069	1
6756780	6756454	1
11851082	11979440	1
10537216	10537097	1
2723805	2729536	1
4531952	4531951	1
6805918	6805917	1
4281662	4281661	2
2339473	1972035	1
2077587	2077588	3
3270805	3270659	1
5447529	5452565	1
7733722	7733738	1
12476478	12476120	1
6164009	6164010	1
1253446	1253437	1
2490038	2489912	1
1522172	1522171	1
11149371	11149147	2
4324984	4324983	1
11592040	11676284	1
1358158	1358425	1
5011918	5011907	1
5350040	5347976	1
8880622	8880619	1
2093665	2093567	1
280047	280048	1
4345611	4345612	1
91883	91784	1
2632882	2635378	1
10743444	11320343	1
11607307	11607308	1
8715075	8715078	3
7590852	7588965	3
7354772	7355022	1
6788345	6788337	1
66301	92364	1
3256622	3256640	1
2636622	2638521	1
8516206	8515943	1
8105812	8106991	1
10487551	10487552	1
5586023	5584871	1
3507260	3507278	1
10824333	10824336	1
10465206	10465205	1
10642020	10383659	2
8032344	8032343	1
10321159	10321116	1
3834321	3834322	1
12468463	12467922	1
1521564	1521563	2
1525838	1525848	2
4157806	4156894	1
8184163	8184101	1
10884372	10884245	1
8822978	8821781	1
11369093	11369094	1
600473	602661	1
11625636	11625635	3
7076066	7075658	1
11781715	11782624	1
7509079	7515464	1
871300	871348	1
3197739	3200974	1
649565	649592	2
4578589	4578629	1
3834942	3705978	2
5132710	5132213	2
10022190	10022188	1
1691182	1691181	2
4040042	4040041	1
8618021	8618022	1
4882066	10498679	1
6377227	5659533	1
8587949	8320822	1
817750	817749	2
10635871	10635880	1
6827573	6827574	1
6164810	6164809	1
2391904	2392299	1
4141178	10904554	1
6207625	6207626	1
10346437	10346699	1
12124952	12124909	2
1200568	1200623	1
1341067	1361981	1
11799413	11799821	1
11012756	11012755	1
9355387	5950922	1
11166201	11166202	1
4009555	4011880	1
8769288	8769277	1
8304203	8304187	1
1076229	1362630	1
5394955	5394987	1
1876387	1876388	1
4878120	4878105	2
4028938	4050190	1
2695205	2695206	2
4953922	4953976	1
11282626	11317309	1
9702997	9702998	1
1713850	1713849	2
9712861	9712862	1
10326660	10328092	1
12209261	12209262	1
383556	385854	1
4454132	4453775	1
5783153	5783587	1
1698754	1698753	2
3821864	3821861	1
7139046	7139045	1
44449	44450	1
10287410	10283147	1
9704691	9702420	1
9170882	9170881	2
4843441	4844582	1
1660082	1659972	1
4296336	4297384	1
4221637	4221322	1
7533146	7702740	1
1893603	1893604	1
10749298	10749295	1
4800128	7377946	1
11326276	11296634	3
10380712	10574009	1
747978	291504	1
10864667	10864637	2
1358703	1358709	1
9313072	9313069	1
10529569	10529537	1
3634178	3634169	1
6493048	6493045	2
2844335	2844129	1
9476953	9476954	1
8801219	8800520	1
8801541	8802145	1
11881450	11881440	1
9728131	9727540	1
6252836	6252835	2
1426732	1450294	1
6521804	6521792	1
1736115	1736125	1
9717158	9717155	3
8428400	8425606	1
12610547	12611074	2
5541462	5540202	1
14063	14064	2
6883832	6886112	1
1627495	1627578	1
6177237	6182038	1
10536168	10536003	1
401989	401684	1
8726355	8726434	1
2488887	2488888	1
7974156	7974151	1
634909	923017	1
10354695	10354347	1
3562442	1003732	1
3593500	3593499	1
6109890	6110950	1
7518310	7518309	2
314203	314204	1
7139431	7139432	2
1995862	8520720	1
8248184	8248188	1
9712859	9712862	1
5204840	5191376	1
9942512	9942574	1
7432021	7432024	1
8555345	8555348	1
7100313	7100314	1
2371653	2371654	1
4251807	4251644	1
4913203	4913212	1
9876317	9875187	1
196655	196066	1
2279737	2279859	1
4233654	4233653	1
4580854	4580176	1
10316036	10316035	1
7459634	7459552	1
8296510	780116	1
553677	552478	1
5761563	5761564	1
2525866	2523239	2
3741205	3741206	1
947967	948015	1
5263890	5264975	1
11319495	8354616	2
10573040	10573039	1
8897981	8897455	1
1457429	2104993	1
10600962	10600961	3
9294169	9294172	1
1927040	1922019	1
4856400	4856404	1
10971180	10971179	1
5578205	10765637	1
4564102	4564101	1
11966863	11966864	1
4867574	4867615	1
10527007	10526135	1
12664889	12664890	1
7017409	7018412	1
2923068	2921055	1
7336725	7335547	1
939119	939975	1
997947	996767	2
7471040	7471055	4
5805273	5810377	1
2374436	2374331	1
10153538	7863004	1
3498267	3498268	1
8400548	8204913	1
3450889	3450890	1
8521121	8521122	2
2024614	2024833	2
6250472	6250749	1
1960036	785580	1
100274	336761	1
11756994	11755979	1
8607070	8466479	1
4917126	4917819	1
7839531	7614834	1
372142	372141	1
2121832	2122295	1
4842642	4842639	1
1134896	1134895	2
8721327	4549915	1
8412347	8412064	1
11817037	8345491	2
5638569	5637944	1
8898980	8899010	1
1609119	1608866	1
9180750	9178241	1
265036	265076	1
8893331	8893332	1
8775257	8775350	3
983491	983494	1
10061341	10061342	1
561806	561805	2
10231799	10231800	2
7630776	7630751	1
9624567	9611283	1
1648555	1645434	1
2405626	2402289	1
645613	645701	1
5950751	5761890	2
3014939	3014940	1
5039385	5041953	1
8543869	8543870	1
357463	356908	1
1336140	1336076	1
11087753	11087732	2
8688815	8688816	1
8152922	8152946	1
311182	304991	1
980257	977222	1
10911197	10911198	1
11218527	11218277	1
3369816	3385255	1
7679064	7679016	1
1000131	1000160	1
10419507	10419500	1
1483072	1483034	1
12380606	12380754	1
8176957	8176954	1
8798717	8798699	1
9710059	9710358	1
5510019	5509891	1
5704015	5704280	1
8168534	8168562	1
1517000	1517013	1
5745481	5745482	2
11023794	11023678	1
1883852	1883631	1
5380791	5380792	1
9232122	9234154	1
9361506	9365523	1
10893208	10893205	1
1576571	1572185	1
11896773	8247110	1
7020822	7020810	1
1838539	1838542	1
8580759	8580760	3
9523630	9523612	1
2045692	2372624	3
3301439	3301522	1
3189444	3165480	1
2872752	2873807	1
11574418	11542912	1
4941999	4942000	1
10273797	10272840	1
9293050	9293053	1
11255211	11252963	1
38690	38285	1
8575530	8575475	1
3791313	3789956	3
9564947	9638568	1
4481339	4481340	2
9794099	9794013	1
4811766	4811765	1
11897316	11889539	1
8062917	8062918	1
7603195	7603232	1
12425887	12425888	2
2317647	8186155	1
9820579	9820580	1
11166363	11162852	1
8793212	8792738	1
12445208	12445207	1
12205539	12205540	1
12292040	12290961	1
1075537	1075538	1
11802282	11802281	1
7346892	7346891	1
12157978	12158033	1
730909	730910	1
4955337	4955338	2
10060050	10060027	1
7537253	7538177	1
10356819	11727237	2
2505375	2505376	1
1516458	1516457	2
3229090	3229082	1
7465311	7499470	1
3286095	3286015	1
5990839	5990840	1
10761852	10761855	1
4442776	4446343	1
3883803	3883702	1
10976406	10976405	1
9159576	9159573	1
184124	1870096	1
9972637	9972732	3
10051296	7493602	1
9952487	9959431	1
10906414	10906411	1
9972319	9978202	1
10620253	10615748	1
7654343	7655798	1
10597721	10597722	3
6338829	6338844	3
7218896	11428535	1
1399122	1399101	1
3092612	3092999	1
6034726	6034004	1
10730640	10730639	1
7987314	7987608	1
2712242	2712233	1
7791959	7791951	1
2040447	1981175	1
8627466	8775359	4
5459935	5459938	1
4879901	4879939	1
7063793	7063812	1
11869446	11869445	1
5818752	5818564	1
6599597	6601000	2
5990843	5990844	1
3057288	2855897	1
3909716	3909715	1
805103	805114	1
9664408	9664407	2
5595998	5595997	1
6636496	6636282	1
7113270	7113401	1
6168077	6168658	1
11395067	11395015	1
92990	93568	1
8700827	8700828	1
3586322	3586590	1
12678575	12417917	2
4955337	5410251	1
5563416	5561585	1
10316034	10318006	1
10115037	10115038	1
6896039	6897009	1
3008114	3008113	1
652953	653097	1
1663744	1663700	1
11345077	11345078	1
6416451	6415594	1
8375547	8375548	1
10361224	10361250	2
1876389	1876392	1
8332899	8332862	1
7244754	7244751	1
4384789	4380438	1
3450363	3450364	1
9029981	9029982	2
8851980	8851958	1
6260841	6262801	1
12365835	12365836	1
2233702	2233701	2
3018719	3018720	1
5678628	5678627	1
2299551	2299552	1
2570281	2399933	1
3194807	3194640	1
9140404	6389327	1
7470599	7472164	1
6392364	6392363	1
9329831	6792990	1
5533619	6696298	1
8680617	8680630	1
4208342	4208341	1
1839379	1839380	1
11349442	11343605	1
302820	304331	2
5049098	5050590	1
10569768	8226247	1
7393366	7393262	1
9497357	9773572	2
705128	708205	3
3078956	3078953	1
3702009	3701160	3
1127090	1129084	3
8987155	8987156	1
7720034	7720278	2
7115460	7115729	1
2588952	2592258	1
1135008	1135942	1
12244144	12244153	1
11284158	11284157	3
11175613	11117650	1
12675807	12675849	1
5151004	5151308	1
8344637	8344651	1
649563	649564	2
9700916	9700889	5
11589313	11676735	1
2599360	2599355	2
5336189	5336190	2
2036267	2035216	1
12736882	12739899	1
10880782	10880470	1
2118263	2118449	1
5806947	5810644	1
8024111	8026787	1
621043	621044	1
4856291	4856292	1
10864952	10864763	1
564356	556822	1
1692098	6197382	1
3550377	3550378	1
12306980	12307046	1
12329444	12333328	1
651869	654262	1
4939397	4935942	1
1449931	7174462	2
11431104	11431853	1
6413002	6412784	1
7242857	7242995	1
4813009	4812101	1
9823149	9823150	1
12201629	12201613	2
10657091	10657092	2
3544582	3544585	2
11726338	858804	1
4736870	4736172	1
9298442	9298441	1
2830094	2832146	2
780456	8296966	1
1120150	1120130	1
1331319	1331322	2
1003883	1003483	2
3028747	3156798	1
9486529	9486530	2
1974433	1975390	1
6803915	6803922	2
10373830	10373828	1
12166800	12166799	1
5608369	5608372	1
937826	934597	1
1524110	1524109	3
11970162	11970159	1
5112866	5112865	1
3326281	3326282	1
11402327	11403306	1
6672104	6577066	1
12456077	12456032	1
5171854	5171868	3
1842689	1842690	1
5222457	5222485	1
7583277	7583278	1
5693010	5693009	1
10325806	10325803	1
390330	390336	1
3200412	966897	2
1064443	1064444	1
1183689	1150660	1
12281682	12281681	3
1634903	1634896	3
867424	867423	1
11147837	11147823	1
4697737	4697738	1
2247449	2247451	1
34117	24839	1
10563041	10563042	1
8860661	8860662	1
5420735	5420736	1
2599567	2599568	2
137823	137753	1
7955339	7955944	1
4566580	4566583	1
12250779	12250736	1
10761323	10409146	1
966099	966100	1
8288387	8287822	1
5872113	5872114	2
4751926	4751891	1
3484315	3484316	1
146286	146099	1
7608963	7608811	1
10552685	10559057	1
869119	868936	1
9966346	9966345	1
649590	649589	2
4658411	4658384	1
7359810	4856905	1
2485493	2485494	1
1064273	1064328	1
12789	13804	1
6185795	6185796	1
7809041	7809057	2
12021114	12021113	1
10062355	10061542	1
143050	143049	1
4694955	4694829	1
7905272	7904708	1
751365	751366	1
3084719	3084720	2
8946647	8946650	1
11004020	11003896	2
10423419	761038	1
871351	870254	3
8081802	8082430	1
3699866	3699684	1
6651660	6651653	1
6032286	6032707	1
9026106	9026101	1
5983604	5983603	1
9730329	9730318	1
9065479	9062667	1
8778368	8777670	1
6124958	6124964	3
11996321	11996324	1
848451	848452	1
8032978	8032968	1
7387579	4078866	1
8898991	8898992	1
218183	215843	1
10750627	10756677	1
12379463	12379097	1
4913199	4913202	1
11761329	11761464	1
7124003	7123980	1
5698184	5698183	1
12803323	12813643	1
3698155	3698158	1
8534256	8534479	1
10896942	10896960	1
6810436	6809833	1
2097488	2097503	1
2440741	2440742	1
20796	20492	1
1801462	1800049	1
8247683	8247918	1
6575534	6577615	1
9362390	9363147	1
674161	674177	1
428607	428676	1
645700	645699	2
5933260	5932107	1
10191107	10191108	2
2646284	2645108	3
11623253	11623225	1
3424910	3424909	1
1089143	1088479	2
1453993	2093546	1
2736495	2738926	1
5141878	5134034	1
7922591	7923421	1
1606390	1655374	1
8764680	8764683	1
2385120	2385103	1
2319867	2319868	1
8314848	8314845	3
8280455	8278986	1
945328	6000500	1
1030501	1030481	1
4389042	4389041	1
12368	13020	1
6490236	6493291	1
2427526	2427525	2
9847370	9847369	1
9672352	9672349	1
8152355	11434586	1
1120506	1121215	1
12771672	12494092	1
10144323	10144008	1
10835949	10835950	1
6238791	6238792	1
6037107	6038784	2
6111361	6111474	1
7897502	7898333	1
10194083	10194130	1
4596331	4594296	5
352417	353162	1
2608341	2610511	5
4721861	4718389	1
4120555	4120560	1
10189439	10186170	1
7521045	7521046	1
4467571	4469927	1
5662354	5662341	1
2177622	2177621	1
1382339	1382331	1
11113852	11115270	1
8974262	8974507	1
7133237	7135359	2
8195298	291712	1
5103493	4992127	1
7761745	7736001	1
707376	571861	1
3481005	3481006	1
2035039	9799016	1
5917002	5917001	2
7991455	7991456	1
5714613	5714586	1
8475904	8476597	3
291301	811200	1
8061508	8061507	2
7725302	7709514	2
9230257	9230258	1
745771	775290	1
9603619	9583352	1
7151903	7148627	1
2356919	2357952	3
11345350	11355062	4
2644819	2655201	1
8467130	8467129	2
9378984	9379540	2
5553775	5553302	1
2837503	2837504	1
11835984	11816456	1
11677462	8561374	1
3360127	3367191	2
3116009	2634006	1
6023721	6023722	1
2819058	2818043	1
9508897	9508926	1
6779613	6779614	4
4008512	4008458	1
9880454	3509006	1
11625641	11625642	4
1530777	1530778	2
11515455	3294419	1
9894293	9894294	1
1988370	1988431	1
2542748	2542760	1
6192980	6190166	1
12461549	12461536	1
6638940	6638939	1
8949399	8946646	1
7701934	7702225	1
10300970	10301106	1
3829880	3829879	2
2444809	8863266	1
11923773	11923774	1
11444493	11444513	1
9328915	4064566	1
9267983	9267984	1
8570576	8406059	2
5978727	5978713	1
1516513	1516514	4
1790032	1790031	1
9908177	9908575	1
12435686	12438669	1
10120035	10052365	1
11907319	11907320	3
10732506	10732429	1
7931773	7931846	1
11928697	11928691	1
10194081	10194082	1
8828668	8828663	1
11390065	11390066	1
1585330	1584631	1
9089	8922	1
2852005	2852008	1
2349211	2343128	1
2021808	2021807	1
6042141	6042136	1
1530779	1529004	3
7555798	7537587	1
7555908	7555907	1
2000750	2000791	1
2838112	2838134	1
3400036	3399551	1
9999381	9999522	2
11052581	11052582	2
4256777	4256778	2
6130621	6125006	1
11801639	11801640	1
6044502	6045675	1
11683419	11687093	1
2309459	8533422	1
8987157	8985908	1
11635198	11635197	1
6271718	6320115	1
9926478	9926477	1
9645479	9644336	1
5135922	5135921	2
10183018	10180790	2
5646499	6796761	1
7906438	7910820	1
9914339	9878462	1
7701747	7701737	1
4367920	7270795	1
11041294	11041271	1
6853268	6852405	2
7309450	7310629	1
7381601	7222639	1
3024645	3024646	1
9817266	9806426	1
5669528	5669504	1
10564954	10549264	1
11439698	11439931	1
672515	672516	1
2442989	2441662	1
3324947	3324939	1
10828227	10828220	1
9010273	8949726	1
9121317	9120050	2
209504	210102	2
5358877	5358878	1
6164302	6164755	1
5555243	5555244	1
1040368	1040367	1
8278112	8278038	1
11854954	11854915	1
11175166	11175165	1
58792	58791	1
7017971	7023260	1
1620809	9064228	1
2090585	2090724	1
11722361	11722352	3
5553535	5553146	1
5356703	5348493	1
4352115	4352767	2
8110945	11880037	1
2330165	4527228	4
3909714	3909713	1
4872473	4872449	1
2383224	2383223	1
767177	767178	1
1666812	1666796	1
2592516	2592523	1
11909315	11909316	1
3400233	3400236	1
11939554	11937040	1
3161771	3161772	1
9421609	9421610	1
879784	879783	2
723177	721257	1
8901620	8900892	1
6548118	6547009	2
2093665	2093565	2
7138906	7138961	1
5487911	5487912	2
7583824	7728327	1
11992679	11988688	1
6447360	6447359	1
2021804	2021803	1
1089982	1089973	1
3296956	3296955	1
1500440	1500439	1
5479243	5481712	1
10164716	10159721	3
447185	10776652	1
11538061	11538064	1
1010168	1011686	1
2763739	2763734	1
2085650	2087919	1
7106965	7106968	1
2439523	2438500	1
10440272	10440244	1
4188747	4188750	1
12172991	12173055	2
8228292	8228418	1
4939759	4939760	2
7767059	7763249	1
6204690	6203761	1
12606166	12606165	1
11177808	11177803	1
9583723	9583768	1
10253752	10264405	1
9941216	9941213	1
10743354	10742152	1
10733819	10733832	1
1686581	1686582	2
3600432	3600475	1
6560128	6559515	1
10478223	10477068	1
10983489	10983778	1
7559022	7559049	1
427462	428436	1
7982507	7982508	1
4251785	4251786	1
2632988	2633000	1
1039831	1039836	1
2460211	2449855	1
4919883	4914391	1
9066866	9081803	3
9129026	9129036	1
12046106	12045820	1
956199	956279	1
4825832	4639740	3
929240	929211	2
4154909	1275398	2
10864636	10864635	2
4559821	4559822	2
12455622	12460566	1
4845108	4845107	1
9515966	9516063	1
5942496	5938905	1
10527085	10527429	1
1338857	1343143	1
8641721	8637816	1
4461772	4461771	1
6006725	6006771	2
3733395	3733396	1
664445	664446	1
202534	820018	2
7644042	7644064	1
907850	907868	1
6334748	6334700	1
944464	944219	2
385027	385176	3
7433758	6743122	1
7538225	3109707	1
10103813	10103687	1
7044969	7044970	1
1047025	1046862	1
6342602	6342590	1
6422299	6422308	1
8430445	8429043	1
2114657	2123975	1
4197897	4197880	1
4746376	4748059	1
8987967	8986854	1
11980989	11980992	2
8848086	8848083	1
8004897	8005537	1
12616428	12616427	2
8109252	8108929	2
3876882	606004	2
5740605	5740606	1
1698752	1699139	1
3375458	3373018	1
4366239	4366841	1
11824726	11824751	2
1223279	1229452	1
1882903	1996812	1
11466820	11464612	2
11214889	11214892	2
1927133	1929950	1
2662917	2662918	1
8726421	8726422	1
12553210	12550584	2
6897008	6897007	1
7810543	7810544	1
247481	247482	3
7892734	7892733	1
8487771	8480975	1
6380956	6380955	1
12745543	12745546	1
1299410	1299409	1
2251485	2377572	1
3200581	3200582	1
4121578	4121655	1
917227	917228	1
10096863	10096335	1
1056191	1056192	1
7181129	7181130	2
2215557	2213755	1
2446364	2445395	2
1758940	4812720	1
10373335	10373504	1
11698305	7948359	1
9465335	9463695	1
3704087	3704088	1
1037341	1037357	1
785328	784998	1
2971160	2971155	3
11923023	6695833	1
9302119	9302090	1
11000979	11000980	1
8844591	8844592	1
8761780	8761779	1
7521197	7520894	2
513207	513208	1
3315334	3866276	1
9119652	9119650	1
1582477	1581917	3
398554	398553	1
2487851	2487881	1
9873369	9873885	1
8774937	8774938	1
6720636	6720834	1
3718544	3718550	2
1594240	1594239	1
3689596	3866270	1
1831170	7964840	1
6783978	6783975	1
538371	538339	1
935162	930641	1
10518495	10518496	2
5608038	5608037	1
82372	83266	2
4367523	8420093	1
785330	785329	2
5153318	5153315	2
6860092	6859971	1
8512219	8511919	1
6060006	6059948	1
7866587	7867231	1
3621351	3621352	1
8201162	2637697	1
5918890	10313683	1
7734116	7734105	1
8464886	8389486	1
1023133	1023272	1
9971445	9969329	1
11515895	11515448	2
4274345	6744520	1
8828146	8828141	2
7404464	7405610	1
1629405	1629381	2
3152858	3152874	1
1226495	1226522	1
7085061	12754430	1
917225	917226	2
5057391	5058468	1
173058	173269	1
2352526	2352523	1
11919665	11918711	1
10932965	10931918	1
317879	317880	1
4639356	11198722	1
10572995	10573035	1
5928989	12248723	1
4530223	4529918	1
5666419	5666420	1
4033299	4033494	1
2852005	2852006	1
4069161	4070318	1
6735250	7226702	2
1125086	1125102	2
7881302	7881301	1
9035675	6775828	1
2085518	2085605	2
2638650	2638417	1
5807838	5807371	1
1338852	1338851	1
4531950	11320899	1
7738494	7738491	2
5450747	5452292	1
5115793	5115912	1
8875123	8875139	1
2735575	2736548	2
8095987	8095988	1
9645481	9644336	2
6165702	6165971	1
214278	211531	1
12281680	12281679	2
6779611	6779612	4
4674393	4054133	1
6124965	6124966	3
9560461	9558988	1
8612601	8606980	1
157403	157404	1
310146	310145	2
10602101	10602102	1
1512187	1509840	1
3508813	10170185	1
1522644	1522710	1
10054434	10054544	1
9162296	9162295	1
5322663	5322664	2
12322739	12322740	1
1730922	1730921	2
8496082	8496079	1
2775531	2775534	1
7441811	7442150	1
7490331	7490332	1
7716324	7716308	1
8331691	8331504	1
4091202	4091199	1
4037188	4037176	1
7170186	7170412	1
5358875	5358876	2
9963497	9963634	1
1375575	1371137	1
10518377	10518380	2
7543284	7542229	1
8553290	8553432	1
10070134	10070131	1
12329607	12329608	1
12671223	12674713	1
1955213	1955186	1
12381522	12381521	3
7337591	7337592	1
4043900	4045504	1
6481930	6481927	1
9600500	9600499	1
11797413	11797491	1
1333553	1333554	1
2610508	2610507	5
8805326	8805858	1
6720672	6720671	2
11286867	11287247	2
3128525	3128526	1
9065717	9065718	1
391353	393015	1
11094524	11093257	1
10006159	10006203	1
11265257	11265269	2
2662919	2662920	1
10565572	8287621	1
7687361	7684636	1
1156678	1156907	1
369766	373126	1
1117510	1117387	1
9086236	9086235	1
740670	740669	1
8386988	8386996	1
990694	989508	1
11607305	11607308	1
10639417	10639418	1
7049281	7053973	1
11812623	11812624	1
4549057	4549058	1
9471091	9475428	1
6305522	6306982	1
671031	671257	1
2933501	2933502	1
9983889	9982645	1
4280578	4281226	1
4186600	4186597	1
9728267	9726427	1
11968783	11968786	2
6563147	6562325	1
1645451	1645437	1
9090842	9090832	1
12603383	12603351	1
8006022	8005942	1
785109	785003	1
3276954	3276953	1
10464364	5570171	1
12675807	12675851	1
12774037	12774077	1
6407360	9144933	1
8336919	8330687	1
3160776	3160775	3
1067629	1067630	1
11643674	11643673	1
8499441	8496081	1
7017738	7018042	1
633081	633067	1
12281234	12046694	1
5648796	5657787	1
11515008	11514726	1
876294	876291	1
190692	626234	1
9958303	9958384	1
649563	649592	1
2854318	2854276	1
7728402	7688434	1
11962169	11962170	1
2640078	3029409	2
5260627	5261470	1
4254082	5830807	1
8676165	8676166	1
2517000	2517064	1
5570273	5570274	1
10442068	10434448	1
9863315	9863115	1
4454070	4454065	1
2149260	2146045	1
649588	649581	1
4120553	4120554	4
4588157	4588158	1
7832878	7832877	1
3352712	6237156	1
3018713	3018718	2
1186653	1186654	1
6478464	6178900	1
108551	108552	2
3968409	3968370	1
12531200	12531199	1
1229052	1229051	1
5570297	5570272	1
9314394	9329783	1
7048330	7048453	1
5579938	5582698	1
9303999	9306008	1
9447370	9440962	1
10547960	10547892	1
1137354	1033041	1
10886966	10887187	1
5465796	3565228	1
1003881	1003882	2
4024701	7207505	1
8775255	8775256	1
8415159	8415014	1
10735300	4955270	1
11713921	11713922	1
2328819	2329041	1
11367532	11367531	3
1039058	1039650	2
5556610	5556687	1
3559528	3559525	1
3807192	3808160	1
1111326	1111200	1
1348420	1348419	1
2372686	2372705	1
10400618	183869	1
5983643	5983644	1
3203848	3207092	1
2585963	2585881	1
9012788	9012787	2
2535901	2535923	2
7760503	7761432	2
7931479	7931480	1
8830700	7210887	1
7521196	7521195	1
11459811	11459770	1
7443144	7359461	1
1119590	1119578	1
8587947	8587948	1
10644533	10644412	1
2948593	2948594	1
6160611	6162478	1
9829018	9829023	1
3509680	3509679	1
3893493	3893513	1
1988360	1988706	2
9726292	9727852	1
11592397	11675227	1
10612364	10612712	1
11549690	11549689	2
4136918	4136917	1
10232071	10232091	1
3696345	3697140	2
2340695	2340660	2
3621360	3621357	1
12381520	12381519	3
2832770	2837515	1
12338003	12338004	1
948526	948525	1
10655955	10654393	1
7827938	7826471	1
7688460	7688447	3
12279014	12223058	1
11792981	11792648	1
7294118	7292830	1
4609983	4714610	1
5118659	5118660	1
723137	723138	1
12010083	12008505	1
2736493	2736494	1
1081705	4286256	1
7733816	7733789	1
2330163	2330164	1
2339985	2340746	1
2330581	2321531	1
2921416	2922192	1
7146007	7146008	1
2147465	7162982	1
4226958	4226957	2
10959443	10959444	5
310355	310353	2
7150856	7120766	1
642925	642926	1
11251879	11251882	1
1616333	1616071	1
9396061	9396112	3
6051499	6051500	1
4470240	4470234	1
10676125	10676128	1
11907319	11907748	1
10822661	10822664	2
4365383	4365187	2
4028264	4028263	4
9948017	9947839	1
5260548	5261108	1
3134309	3134310	1
7859806	5460835	1
10129039	10129040	2
12601704	12604913	1
4941253	4942000	1
11919237	11919312	1
7203466	7203776	1
4260662	4260124	1
4527287	4527510	1
7120949	7120930	2
2020896	2020871	1
12365426	12365425	1
5644989	5644948	2
97002	96999	1
922338	922054	1
9447128	9447127	1
10398769	10395290	1
10401652	10401943	1
7798670	7800370	1
1226493	1226494	1
11929063	11927970	2
1076221	1076396	1
7697065	7696854	1
4040040	4040000	1
10700274	10699329	1
4240458	4239836	4
10820576	10820575	1
5701229	5864358	1
6481202	6481587	1
538185	538192	2
7802183	7802184	1
11037118	11029434	2
2495347	2262119	2
3359966	3358221	1
12452123	12183374	1
370812	370811	1
8869415	8869461	1
11094524	11093255	1
2571893	2571914	1
10801933	10801934	1
1012172	1012171	1
697049	697058	2
9927447	9927032	1
8951027	8963655	1
8514760	8518868	1
3382746	3382773	1
10630318	10634536	1
11750648	11750487	1
10749296	10749295	1
7969999	3426140	1
6731949	1825874	1
9079455	2178065	1
11882120	10604826	1
5574887	5576424	1
7976078	7976077	1
5359310	5359309	2
2077589	2077590	1
10797139	10797108	1
8353831	8353827	1
1510547	1510514	2
11894341	11896973	1
8543871	8543856	1
3483318	3483317	3
8231796	8414106	2
2653089	2653090	2
2193719	2261401	1
1156564	1153218	1
9792407	9793787	2
12192972	12193000	1
7852573	7851051	1
6375721	6375854	1
5421853	5421854	1
11515806	11516255	1
2233700	2233699	2
2489188	2489187	1
7046117	7046120	2
1672886	1672884	1
6410514	6410533	1
2502610	2502609	1
11265037	11266109	1
12465299	12465300	2
10165925	7493128	2
