fend1	fend2	count
12505802	12509720	1
312166	312158	1
3557952	3557959	1
3396601	3396604	1
10975671	10975672	1
1374689	1509460	2
12390132	12390113	1
4830908	4830907	1
11553862	5972537	2
10538499	10538500	1
242395	242396	3
5708828	5708827	1
10048453	12798351	2
1481533	1481534	1
9575639	9575640	1
4481383	4481386	2
8110967	8110968	2
8215042	8240790	1
5118685	5117953	1
3157893	3157894	5
8108931	8108932	1
1749105	1749106	1
12718359	12718360	2
7391189	7391174	1
1103010	1103009	1
2575175	2575178	1
8663223	8663224	3
6741169	6741677	1
926163	926164	3
3867089	3865272	1
587516	587515	1
10615560	10615063	2
9047421	9047424	1
679098	679097	3
2393211	2393212	1
24380	24379	1
2645503	2645504	1
3863521	3865561	1
7003734	7004501	1
10518505	10522004	2
7587336	7587335	3
9073597	11531009	1
12278591	12278594	1
2534793	2534794	2
11011332	11010223	1
11756936	11757012	1
945789	946824	1
8105035	8105036	2
4549126	4549066	1
1642410	1642409	1
9387402	9387401	1
9074154	9074151	1
10394835	10393742	1
264593	264594	2
7638572	7638571	1
1003580	1003579	1
10680899	10680902	1
7207821	6696726	2
708009	708010	4
6350580	6350579	1
489851	489852	1
8646959	8647156	4
3037617	3037618	1
5354559	5354560	1
11825325	11825326	2
4800519	4799500	2
6659706	6660669	1
8997457	8995550	2
4250001	4250002	1
6855129	6855130	1
1003574	1003579	1
9906980	9906977	1
10250770	10250769	1
1035858	1035857	1
9680597	9681029	1
6131	3567	2
1453891	1453892	1
10977152	10977151	1
6872330	6875916	2
64709	64716	2
1968453	1968454	1
25352	25351	1
3662635	3662636	2
11961543	11961278	1
9689555	9689556	1
7381611	7381606	2
1850729	1850730	2
4699402	4311255	2
10215343	10273547	1
269721	269722	3
9146569	9146588	1
6198275	6198276	1
12679175	12675474	1
10418417	10418418	1
9585406	9586574	1
1997456	1997455	1
12152158	12152157	1
583504	583503	2
10271220	10275160	1
4032445	4033622	1
9526676	9526675	1
8661648	8661576	3
10527095	10527096	1
2416931	2416928	2
386470	385174	1
12175689	12175692	1
11926835	11926836	1
614635	614636	1
7525717	7525718	2
2726504	2728020	1
11932706	11932705	1
2637539	2637542	1
12552932	12811084	1
10255784	10255783	4
10280956	10280176	2
4035233	4035234	1
12691017	12691018	2
1297483	1297484	1
7803817	7803818	1
215316	215313	2
8786743	8786746	1
1203963	1203925	1
12556692	12556710	1
10810817	10810806	1
466602	41930	1
5859546	5859545	2
9723327	9723330	1
4492551	4492552	1
3902748	3902266	1
4229533	4233926	4
7277556	7277553	2
12481085	12488124	4
7160705	7160703	2
12753324	12753323	1
681082	681077	1
726608	726605	1
2496251	2496252	1
6916349	6916197	1
7768211	7768212	2
2202445	2202446	1
4360233	4360184	1
2276511	2369775	1
4239655	4239656	2
9712028	9712003	1
1249528	1249525	1
6884543	6857513	2
6213663	6213664	1
9442681	9442682	1
12208047	12208048	1
3536880	3536877	4
9500009	9499398	1
11965006	11965005	2
11184462	11184461	2
12177880	12178032	1
1044933	1044947	1
6716609	6716648	2
10978822	10978821	2
6251240	6251237	1
1397694	1397709	1
7166732	7166729	1
519096	519095	2
4324435	4324438	1
5860629	5860630	2
2674394	2674393	1
3555398	3555395	2
9174709	9174710	1
124153	124154	1
1919324	1919762	1
7281036	7281035	1
6570127	6570128	2
5572371	5580006	1
8530195	8530196	1
10493197	10493200	1
943937	943938	1
9277370	9277369	1
11107415	11107418	1
2212589	2212590	1
1660144	1660141	2
5789280	5789279	1
1453348	1453677	2
2974792	2973494	1
9358396	9358395	3
8956910	8956915	1
2866418	2866417	1
79489	69201	1
7787126	7787413	3
1670473	1670474	1
98060	98059	2
2218300	2218295	1
9185784	9185783	1
9417563	9417564	1
10403041	10403042	2
11125744	11125743	2
1185873	1182498	1
5468204	5468421	1
974747	974748	2
3418978	3418923	1
6195365	6194711	1
8361901	8361905	1
5381507	5379410	1
9355371	9355348	1
11597978	11597977	1
9504570	9504420	1
3526137	3526138	2
122652	122651	1
8786749	8786742	2
998333	998334	2
2964761	2963982	1
7208041	7208042	1
685726	685725	1
7720701	7720080	2
4108881	4106989	1
1248231	1248207	1
377984	377977	1
4450487	4450488	1
2300071	2300072	1
9358394	9358393	1
7937573	7941657	1
12391744	12391743	4
11371477	2339424	1
10997532	10997531	1
9185782	9110547	1
8588504	8583012	1
9675723	9675724	1
788178	788177	1
8664540	8664531	1
12028607	12028610	2
1240157	1241748	2
9487645	9487646	1
2348824	2348527	1
10403043	10403046	1
1135189	1135183	3
572975	573002	1
4233717	4233712	2
2644014	2645230	3
1429315	1429316	1
615233	615234	1
1369566	1369565	1
2104628	2104627	1
525781	525782	1
764419	764420	2
9972976	9972975	1
2388342	2388337	1
9919638	9919635	1
3087637	3087638	2
2794931	2794978	1
4414837	4414838	1
7835219	7835220	1
6457331	6457328	1
2165214	2165213	1
5936776	5936778	1
4103900	4103897	1
5696252	8977231	1
11012148	11012147	1
3477573	3473714	1
659696	659695	1
2130273	2124922	1
6321650	6321653	1
228747	228748	1
11095611	11095614	2
12556261	12556353	1
1227502	1227501	2
5211894	5211591	2
2721842	2721822	3
1344261	1344262	3
1484795	1484796	2
1938221	1938222	1
9901306	9901305	1
10054701	10054702	1
10209445	10208013	2
6673835	6673836	1
12248275	12248262	1
9058541	9058542	1
1026029	1026023	1
98058	98055	1
1527761	1527755	1
6448712	6448707	2
3260153	3260150	2
7768712	7768711	1
505869	505872	1
1247519	1247520	2
2146585	2146550	1
12790444	12620029	1
605764	605763	1
2046136	2046135	1
4447234	4447233	1
12379034	12378739	2
2869451	2869452	1
12741201	12741202	4
12055838	12056248	3
892543	892544	2
3400618	3345048	1
5870294	5869735	1
4822237	4822240	1
2871974	2871973	2
1491129	1491987	2
10403359	10403360	1
6793867	6793868	1
1469491	1469515	7
8836681	8836682	1
7236464	7239797	1
12384424	12384423	2
4431733	4431734	1
9568221	9565902	1
1280340	1279419	1
12687313	12687314	1
1432766	1432667	1
5576113	5583976	1
775638	775637	1
11017275	11017276	1
1832659	1832660	2
7036771	7036456	1
6553759	6553760	1
3690814	3690817	1
1576112	1576111	2
7476256	7476255	2
9675721	9675722	1
11199610	11199115	1
4807488	4804257	1
8303911	8238034	1
11484944	11484943	2
6673831	6673834	1
966728	966727	1
6567374	6567373	1
9742163	9742164	1
11053335	11053336	1
9735141	9734575	1
4936242	4936241	1
2725894	2725352	1
1286487	1286488	1
3703661	6846133	1
139565	143247	1
10441827	10441822	1
9928132	9926865	1
84726	68884	1
2711540	2711564	1
2559582	2559577	1
6915660	6915663	1
258427	258428	1
5724755	5724756	1
10348604	10348607	1
1919296	1123317	1
7524137	7524138	1
11556881	11556878	1
4145739	4145740	1
11857219	11857220	1
12196308	12199128	1
2988116	2988159	1
4374892	4374891	1
2774556	9927287	1
7926680	11467514	1
12360389	12359879	1
4869018	4868999	1
800447	801058	2
6980397	6980398	1
2334959	2334960	1
3689821	3689822	2
11333865	11333901	1
4219244	4219243	1
7681047	5399827	1
6555077	6555078	1
1468803	1468804	1
1783776	1783775	2
9675719	9675720	3
4126691	4126692	1
3807873	3807874	2
965156	965155	1
9680225	9680226	1
1178603	1175241	2
1956111	1956112	2
5871712	5871711	1
7561628	7561627	1
3409894	3409893	1
1031191	1031192	1
1955039	1955040	2
5688820	5688819	3
3510740	3510739	1
9698675	9698678	1
4481383	4481408	1
12329460	12328978	1
9162747	9162748	2
8664536	8664533	1
4414102	4414118	1
4391308	4390724	1
3623751	3623756	1
4492553	4493645	1
9461758	9461757	1
4211187	4211192	1
3235425	3235426	1
5383161	5383158	2
9285073	9282717	2
10507948	10507947	1
11350252	11350192	1
9191227	9190581	1
7263932	7263931	1
1742232	1746091	1
7305623	7305624	1
8482007	8482008	1
5890075	5890076	3
5375137	5375138	1
10655339	10655340	1
7631514	7631513	2
10637014	10637013	2
1351003	1351004	2
2584107	2584108	1
2543336	2543335	1
3055514	3055533	1
8990566	8990559	1
7436480	11192066	1
213296	213295	1
6286182	6286181	2
10981392	10982169	1
11607678	11608192	2
9023562	9023561	1
3485610	3485912	4
370614	370613	2
8678116	8677865	1
10127956	10127965	2
7313474	7313473	3
4494708	4496792	1
9396237	9396226	1
1043660	1043701	1
3588791	3588792	3
518732	8215715	1
686340	686339	1
12175693	12173631	2
2339685	11371476	1
5510604	7920151	1
12317002	12317014	1
7000127	7000062	1
9545211	9551496	2
7504091	7504092	1
2728098	2728097	3
11552213	11552210	2
12727727	12727728	1
9683132	9682534	3
4850541	4850544	1
3521507	3514512	1
12274520	12275270	1
906485	903223	1
10719201	10719202	1
8953167	8722711	1
8695795	8695796	3
9764359	9764194	1
3624875	3624878	2
11762640	11762639	1
5970433	5966621	1
8160077	8160078	1
9099300	9100613	2
5783652	5783835	2
11199534	11199533	2
949351	949352	1
1216288	1216287	1
7806834	7806816	2
9369788	9369787	2
6594944	6906207	2
10846713	10846675	1
2767929	2773622	1
5476060	5476059	1
12053252	12053215	1
11071587	11071590	1
7037496	7037812	1
5857387	5857388	1
11482318	11482317	2
3936694	10275719	2
11122691	11124210	2
12766032	12766031	2
12159419	12159420	1
6984255	6984256	3
12278595	12278596	1
10147687	10147684	1
2993542	3045548	1
2188228	2188382	1
49967	49969	2
2575003	2575004	1
5907411	5829086	1
5605845	5605846	1
7563328	7563260	1
1980000	1980003	2
10765583	8990298	1
11814530	11814529	2
5773794	5773789	1
5657466	5657465	1
1491769	1491770	1
3752640	3752639	1
5807637	5807525	1
8445059	8445064	1
7366158	7365616	1
8755278	8747638	1
1716500	1716497	1
8957844	8957843	1
2559891	2559892	1
11941769	11941772	2
12662640	12662639	1
7166312	655323	1
3398496	3398495	2
8633787	8633788	2
2889360	2889359	2
12766528	12766525	1
12384426	12384423	1
11799385	11799386	1
1297485	7737641	1
10189275	10189276	1
12752252	12752261	1
6994377	6994378	1
10147687	10147688	3
8201246	8200918	1
2339685	2339424	1
6409682	6409776	1
6195363	3396636	1
21120	21115	1
9675155	9675153	2
12199232	12199231	2
2705584	2706221	2
212961	212962	1
8825247	8825242	1
12741203	12741204	3
3763375	3763398	1
518247	518109	1
9173753	9103649	3
1484022	1438374	2
6991019	6991073	1
9568217	9568218	3
11930555	9345401	1
292706	292705	1
1568812	1568811	4
11338686	8712467	2
11089748	11089747	1
11876194	11875304	2
4957818	4957821	1
8984352	8984351	1
3460437	3460154	1
8999683	8999684	2
6875561	6875621	1
2604020	2604023	1
903169	1605758	1
4219244	4219241	1
498126	498125	1
3985231	11019283	1
7071294	7071293	1
7613316	7613315	1
4811567	4814314	1
209826	209825	1
7335300	7335299	1
6710013	6710014	1
8679479	8680551	2
148231	148232	1
1641478	1641545	1
702545	702546	1
3106128	3106127	2
9373756	9373755	2
7313888	7313887	1
11267678	11267681	1
11159787	11159788	1
1926182	1926181	1
9358390	9358389	1
2657226	2657225	2
5936708	5936717	1
653139	653140	2
11835526	11835525	2
7365617	7365618	1
1748661	1748662	1
811312	811311	2
787168	787167	1
4912871	4925407	1
8397813	8397814	1
11409478	11409464	1
9483917	9488143	1
10380963	10380860	1
1752842	1752841	1
4739194	4739196	2
559179	559180	2
7263546	7263549	1
7867653	7867654	3
1453676	1453675	1
7008787	7008794	1
7696031	7696026	3
6574124	6571045	1
2871972	2871970	1
11295582	11295581	1
9129166	9129165	2
5305929	5465925	3
12556259	12556260	1
8444896	8444895	1
7573668	7573667	1
110452	110447	1
9679223	9679224	1
4156426	4156425	1
11494850	11494849	1
980207	980210	1
734255	716745	1
12316739	12316740	1
201839	201840	1
2073250	2073183	2
10493195	10493196	2
2543118	2543337	1
2332259	2332260	1
998230	998290	1
1419709	1503719	1
11053337	11047048	1
12784024	12784023	1
11746994	11746993	2
10738112	10750946	1
1639225	1447529	3
7308034	7308033	2
9680057	9680058	2
3985231	11018309	1
4243289	4243290	1
7252451	3583950	3
11849275	11849280	1
1930218	1930217	1
11517921	11517922	1
9857921	9857922	1
1738926	9777065	1
1042047	1041788	1
4912869	4912870	1
267344	267343	1
9680059	9680060	2
8268918	8268921	1
11922798	11922805	1
3526139	7744369	2
4925406	4925405	1
5265983	5268037	2
7526144	7534009	1
11393089	11392880	1
3671003	3671007	1
11083066	11083065	1
777648	777647	1
2074747	2074750	1
7151141	7060677	1
5899428	5893932	2
12750006	12750003	1
932782	933245	1
11867993	11867990	1
9677911	9677916	1
11961051	11961049	3
11089744	11089743	1
313784	313783	1
8983340	8983321	1
690692	690691	1
6929403	6929388	1
4916742	4915551	1
6903198	6903197	1
7669793	7669788	2
2022149	2021267	1
209344	209343	1
9641667	9641668	1
9996077	9996071	3
7737640	7737639	1
9249025	9249026	1
11118069	11118041	2
1609880	1609877	1
6063141	6063142	2
1381675	1381293	1
9648413	9642141	3
599019	599022	1
2205080	2203730	1
11899961	11899964	1
304169	304170	1
1357240	1357239	1
51345	51348	2
8082524	8082523	1
2112323	2112324	1
4583825	4583843	1
5172556	5171156	1
2601422	2601421	2
5465041	5462174	1
12743743	12743744	2
10957699	10957700	1
12661106	12661105	2
11144667	11144668	1
7499365	7498495	2
6855250	6855249	2
8674438	8674441	1
3076532	3076531	3
12749464	12749463	1
1318368	1318610	1
1588632	1588601	3
8383424	8383427	1
8087470	8087469	1
1249526	1249525	1
168785	168789	2
4243291	4243292	1
5865103	5886573	1
7253997	7254000	2
10379192	10379191	1
12204875	12204876	1
9174711	9174712	1
10667825	10667826	1
956080	956085	1
3260153	3260154	2
9482617	9485220	1
10147689	10147690	2
1624862	1624861	2
5450559	5450560	1
10448404	10448407	1
10560669	10560670	1
1286489	1286490	1
362651	362292	1
1568519	1568520	1
9229261	10542950	1
9544191	9544192	1
11791562	11791416	2
10894435	10894330	1
4748737	4748778	1
9709104	9709101	5
251715	279661	1
4838505	4838441	1
1325396	1325393	1
4824608	4824632	1
5211896	5211895	2
7049282	7049281	1
10700368	10700367	1
2084864	2115121	4
11801196	11801195	1
11178234	11178237	1
1100074	1100052	1
1741778	1739429	1
974749	974752	1
64707	64708	2
1856874	1856863	1
11199611	11199699	2
7238123	7277557	1
2525482	2523378	1
1013919	1013920	2
7175351	7175352	1
1013921	1131902	1
11225629	11225643	1
11849197	11849171	1
4948483	4948529	1
7353337	7353332	2
9277368	9277371	2
6172828	6172824	1
2657228	2657227	2
11082864	11082884	2
6889610	6826170	1
2074749	2074750	1
9528938	9528945	1
3738523	3738524	2
8983320	8983319	2
2198707	2198836	1
7185345	7190069	1
12736221	12737620	1
2122631	2122666	1
11797055	11797174	3
622240	619721	1
201841	201832	1
176240	9351725	2
12695590	12738154	1
10814141	10814202	2
10845065	10848214	2
681078	681077	1
1085649	1085650	1
370616	370615	2
9590439	9590440	1
5098716	5098643	1
9047423	9047424	1
11164027	11164013	1
3129595	3129683	1
5619805	5619800	2
3016850	3016847	1
616763	617971	1
11231514	11231513	4
2327781	2327782	1
4451285	4451286	2
12225847	12225848	1
11861313	11860335	3
3923820	2881804	1
12170615	12170611	1
12204433	12204434	2
3997061	3997026	1
579211	579212	2
4083876	4083879	1
4024001	4023957	1
1998848	1921424	1
3418922	3419001	1
5773788	5773791	1
7699670	7699669	1
4797093	4797096	1
407033	407034	2
438650	438649	1
1786636	1738927	1
4957818	4957823	1
9594633	9594634	2
458145	458146	1
4083878	4083877	1
2513755	2602645	2
12128690	12128701	1
8383424	8383429	1
12248271	12248274	2
17717	17728	1
9839295	9840752	1
11962270	11962257	1
9041168	9041175	1
6881841	6883180	1
7894128	7894127	2
9494703	9684460	1
60711	60712	1
6820365	6820503	1
2388338	2388337	1
7359059	7359101	2
4366177	4366178	1
1551072	1551071	1
9696355	9696356	1
4322221	4318659	1
7059612	7059607	1
6354248	6354311	1
10357908	10357907	1
23979	25353	1
5938546	7257310	1
856549	856691	1
11930559	9345401	2
7727185	7727192	1
8679477	8679478	3
10730337	10730338	1
4481387	4481408	2
372917	372918	2
11930467	11930468	1
12619492	12792574	1
9078729	9078766	1
2212333	2212334	1
3795669	3795670	1
2988116	2988157	1
4445094	4445093	1
840173	840174	1
10048006	10054700	1
7920038	7920226	1
8670366	8670365	1
4916742	4915549	1
2055828	2055827	2
11836715	11836716	1
6195363	6195364	1
2956549	2956550	1
8062742	8062741	1
9689639	9689640	1
4946164	4941826	1
9916004	9912258	1
6869357	6939392	2
840519	840522	1
7765767	7765768	1
366044	366043	1
897973	897974	1
3798432	3798431	1
11060099	11060100	2
10393733	10393734	1
10433746	10433745	2
475388	40041	1
1027491	1027494	1
7305615	7305624	1
4938747	4938919	2
1017617	1017618	1
2620645	2619915	3
106890	106887	1
11170433	4813855	1
11807489	11807490	1
10752337	10752338	1
91246	91245	1
11930263	9326570	1
8786745	8786746	1
4107731	4039670	1
3631258	3631257	1
12694870	12694867	1
7791967	7792055	1
1402502	1402501	1
2065890	2065889	1
2652594	2652593	1
3555398	3555397	1
11942263	1216982	2
3462672	3462671	1
9678173	9678174	1
9416263	9416264	2
12167195	12167196	3
10860050	10860082	1
1016796	1016795	2
3706416	3704401	1
6226531	6226532	1
10155104	10155107	1
8755280	8755279	2
12679983	12679984	3
6019781	6019774	1
2988158	2988157	1
3486635	3486636	1
10659171	10659172	2
1089472	1089471	1
3623753	3623756	1
892545	892546	2
526010	526009	1
4799409	4797786	1
1585738	1585745	1
1346386	1346385	2
11741874	11741873	1
8503985	8503986	1
9641650	9641666	2
6974719	6974714	4
10984651	10984655	1
9650076	9650075	1
11065651	11061480	1
12303623	12293521	2
12360311	12360312	1
6688002	6688001	1
866151	839178	1
7039432	7037851	1
2107590	2107337	1
2351614	2351374	1
3977905	3978045	1
1089474	1089471	1
4233575	4233578	1
317884	317883	2
6670121	6670122	1
1035856	1035853	2
2657228	2657225	1
7036769	7036770	1
1000049	1000050	1
7363269	7363270	1
5383159	5383160	2
2049774	2049773	1
2201108	2208103	1
3725520	3725519	1
3442238	3442237	1
4491385	4491386	1
2113385	11531086	1
6906206	6906205	2
12747879	12747876	3
6046119	6046120	1
8088822	8088786	1
1010239	1008599	1
6282544	6282744	1
7744208	7744516	1
9293282	9294208	1
11296299	11296300	1
9562519	9562513	1
11507446	11507449	1
11089746	11089745	1
11003526	11011548	3
6441102	6439042	1
10588270	10588269	1
3561742	3561758	2
9378691	9378692	2
10100106	10100109	1
11225642	11225641	1
3393964	3398531	1
47507	47508	2
7639463	7641573	3
10079209	10079210	1
4794997	4794998	1
9118027	9118028	1
1107596	1107593	3
11003934	11003933	4
7583944	7583943	1
8850033	8850015	1
7033633	7033726	2
2961495	2961498	2
1782939	1782942	1
8904327	8904330	1
9190580	9190577	1
3623751	3623752	2
5098638	5098640	1
12686511	12684639	1
12730814	12730805	1
3960854	3960935	1
569151	569152	1
476356	476355	1
1930662	1930326	1
3355476	3360547	1
11897555	11897576	1
7065431	7065432	2
11225092	11223672	3
3807869	3807870	1
1512970	1512969	1
10215945	10215946	2
12122931	12122932	2
2360629	2360632	2
9518130	9518133	1
3067972	3067969	1
7050659	7050660	1
4426253	4426254	1
1225701	1225702	1
7997037	7997038	2
8735111	8735112	1
11121190	11121189	1
7059614	7059613	1
6842957	6842466	1
587518	587515	1
12602069	12756486	1
776383	776384	1
12730814	12730803	1
9565901	9565902	2
4795690	4795689	3
3592245	6884945	1
6410570	6410569	1
337168	335230	2
9807037	10077599	1
1008255	1008256	3
2614365	2614366	2
11204340	11204339	1
9748023	9747987	1
12432254	12683570	1
7311334	7311331	1
1970113	1968943	1
4847744	4847751	1
3439849	3439852	2
9729206	9729233	1
1233523	1233528	1
9696357	9696371	1
3418250	3418261	1
11016578	11016767	3
2162104	2162103	1
12796557	12795016	1
4825848	4825847	1
9125643	9126984	2
6846155	6846138	1
7158793	7158794	2
5456232	5456234	1
8636391	8636392	1
3523232	3523231	1
11149334	11149333	2
12696996	12696995	2
7838827	7839229	1
686338	684009	1
719560	719559	2
4391750	4391770	1
4108898	4108897	1
9654515	9654516	1
2138040	6020073	1
12177481	12177482	1
1073937	1073938	1
969148	969147	1
3447014	3447013	2
7610742	7610663	1
9157058	9157057	2
8748837	8748838	1
4437881	4431830	1
12751657	12751658	2
7396187	7396188	1
1881776	1881775	1
11536878	11536877	1
12175693	12173629	1
498253	498254	1
10507946	10507949	1
8700657	8700658	1
12495490	12495489	1
7550755	7550756	1
3813608	3813607	1
9285073	9282715	1
12640517	12637535	1
4323808	4323064	1
1301633	1301634	4
12326405	12336187	1
8159517	8159518	1
10924660	10924659	1
2211609	2211610	1
11856309	11856316	1
6993881	6993890	3
1668070	1668069	1
1646112	2351372	2
8798882	8798881	2
9793237	9793196	1
2721823	2721824	1
3442037	3442038	3
11915715	11915718	2
2554730	2554685	1
10770407	10770900	1
7925168	7925166	2
4106393	4106394	2
7369127	7369130	2
1089476	1089475	2
8810884	8817956	1
579213	578145	2
12538577	12538578	2
12694870	12694869	2
1155739	1155740	1
878260	878259	1
685160	685159	1
6931727	6931728	3
7212229	7212230	1
9416185	9416659	1
8602716	8602689	1
574030	574254	1
1167517	1167518	1
7291147	7291150	1
3561742	3561760	1
7499363	7499364	1
8067772	8067733	1
3104203	3104204	1
3573606	3573610	1
3400587	3400590	2
10976135	10976136	3
7014933	7014934	2
6685338	6685337	2
10985611	3963931	1
2218294	2218293	1
11889338	11889341	1
4211193	4211138	1
10073099	10069718	1
12432256	12432255	1
3709722	3707567	1
6963105	6963106	3
12154024	12154023	3
5859814	5859813	2
12783774	12783767	1
7298442	648926	1
6457329	6457330	1
4378716	4378971	2
9526868	9526867	1
5860635	5860628	2
10637012	10636891	1
11103918	11103917	1
11915713	11915714	2
10045636	10045633	1
6361254	6361253	2
9476618	9476631	1
1160959	1160960	1
7403928	7403630	2
2365972	2365971	1
3958860	3549151	1
207155	207162	1
525783	245189	1
2572836	2575174	2
12034920	12033004	1
12161941	12161942	1
2092026	1131764	1
1733180	1804009	1
10493199	10493200	1
7355853	1908115	1
4607706	4607713	1
9533921	9532861	1
1357238	1357241	1
9944345	9944342	1
4811574	4811548	1
519094	519093	1
6924642	6923338	2
11015258	11015120	1
2379721	2379724	1
9690426	9690425	1
602705	602729	1
12173630	12173629	2
11536876	11537383	1
12384426	12384425	2
12020943	12020944	1
248460	248457	1
7370791	7370792	1
1680562	1680561	1
455800	455799	1
11786913	11783461	1
7606337	7606827	1
7845236	5059473	2
4366736	4366733	1
3418978	3419001	1
12721479	12721480	1
3662453	3662460	3
670992	670995	1
492744	492743	3
2012525	2012526	1
8048810	8049250	1
341726	341689	1
11421007	8957281	1
714273	714274	1
10398391	10398392	1
5918503	5918504	1
9027772	9015591	1
8613909	8613657	1
8568505	8568508	1
7151851	7151843	1
5743837	5747211	2
4529805	4529806	1
1296082	1296081	1
6998430	6986300	1
7164901	7164902	1
969150	969149	1
10585801	10585911	2
11019282	11018309	1
7146422	7146421	1
3329092	3329095	1
5733489	5207644	1
10192430	10192408	1
1098479	1098480	1
9638641	9638642	1
4493946	4493955	1
12385449	9148888	1
10148863	10148864	1
6675983	6675988	1
7398949	7398950	1
9313633	9313634	1
5832150	5845931	2
9499103	9499106	1
11847711	11750609	2
267346	267345	1
3583937	3583955	2
11926796	11877515	1
8016372	8016182	1
11909627	11909089	1
8062143	8062144	2
8160077	8160592	1
12694874	12694871	3
242397	242398	2
10775154	11765488	2
9366962	9366961	1
7390243	7390419	1
6843483	3701337	1
10033615	10033616	1
639903	639904	2
587518	587517	1
11597984	11597979	1
12480067	12480068	1
9319173	9319819	1
1507482	1507481	1
3414360	3413477	1
9769705	9769706	3
11401895	11401896	1
9677911	9677914	1
8498815	8498816	1
1160199	1160200	1
7348755	7347972	1
7862757	7862758	2
489808	489807	3
3424486	3424485	2
12569508	12569505	1
3401741	3401742	1
3644022	3644021	2
12270412	12270411	1
11008691	11008684	1
10566505	10566506	2
7354760	7354802	1
5057619	5057620	3
11994661	11995626	1
5982447	5960639	2
1016798	1016795	1
12310539	12309343	1
11754862	11754861	3
12053216	12053215	3
7558946	7558949	1
3752638	3752641	1
6897400	6896412	1
8978756	8978755	1
2114174	2114171	1
9887588	9887587	1
4191538	4191473	1
4757458	4757461	1
10281225	10281206	3
7638574	7638573	3
1410446	8481599	1
12153034	12153290	1
5445811	5445820	1
2222261	2222262	2
7803819	7803820	2
3401741	3401744	1
4037510	4037509	1
492742	492741	1
4507033	4507034	1
3756058	3756057	1
2406486	2406146	3
12122438	12124980	1
1052542	1052541	1
11164014	11164013	1
4493947	4493341	1
9281649	9540514	1
7199581	7199582	2
8660853	8660858	1
10609863	10609864	2
1529791	1527027	1
7569472	7569471	1
4046515	4046516	2
7905969	7905970	1
9165173	9164698	2
2122983	2122984	2
6361217	6361218	1
7765765	7765768	1
7062490	7062561	1
2568100	2572002	1
11296796	11296795	2
2191224	2210686	1
8648126	8648125	1
12602067	12602068	1
3487006	3486895	1
1932325	1932326	1
8402279	8402280	3
926165	926166	2
1249528	1249527	2
3159893	3159894	1
1319017	1319018	1
9446019	9446020	1
7253995	7253996	2
11106310	11106371	2
5277681	5277682	1
10403361	10403362	1
1573662	1573665	1
10250768	10250767	2
8281517	8281518	1
1027495	1027496	3
7598383	7598384	1
306405	1484794	1
11723204	11723203	2
11173218	11173217	1
304547	304548	1
11344220	11345159	2
11149332	11149331	3
327365	327464	1
11153453	11153454	1
2430811	2430812	1
1512879	1512880	1
3854686	3854685	2
10215945	10284925	1
11160907	11160908	1
6226533	6226534	1
583500	583534	1
1177574	1165739	1
3956932	3956935	1
4431511	4431512	1
11528803	11528804	1
7065871	7065907	1
1382305	1387949	1
1000045	1000046	3
1013918	1013911	1
12807272	12807271	1
3923822	3923821	1
948956	948955	2
33818	33817	1
4757384	4742539	1
4389404	4389447	2
12208593	12208594	1
9543912	9543909	2
7342071	7342072	1
12569506	12569505	3
7613488	7613487	3
1798718	1798717	1
3591963	3455012	1
7335296	7335295	1
10659173	10659176	1
11869154	11877107	1
6937007	6942377	1
1547888	1546006	1
2360629	2360630	3
366042	366039	1
4636704	4636740	3
11797355	11797340	1
98685	8676713	2
10678073	10677328	1
7826182	7792380	1
12324907	12324908	3
12429020	12429146	1
5078132	5078357	1
11856315	11856316	2
6226531	6226534	1
2776266	2776255	1
1096472	1096469	1
1322164	1322184	1
1313973	1313975	2
3069232	3073359	1
8473868	8473865	1
5793652	5793651	1
10746932	10749746	1
4255166	4252264	1
283472	283994	1
525787	2006804	1
2319027	2319028	2
4159438	4159437	1
12766718	12640610	1
1180945	1180946	1
8686080	8686077	1
10387719	10387720	1
301497	301498	1
4642388	4509405	2
2700755	2700751	1
2059755	2059782	1
11839433	11839440	1
1351316	1657689	1
653141	653142	2
6689820	6688003	2
10250857	10250771	1
9074152	9074151	3
4881165	4881408	1
1576114	1576113	1
8159519	8159102	1
148247	145042	1
10924658	10924657	1
897975	898208	1
9700757	9700640	1
9586101	9596793	1
2055830	2055829	3
1010180	1010177	1
593781	593782	1
137047	137048	1
1748090	1748089	1
12768745	12768746	1
6834022	6834021	2
97979	97982	3
1618952	1618955	1
11835518	11835517	1
4138672	4137736	1
849974	849973	1
11290756	11290753	2
1103155	1103156	1
6479846	6479849	1
2655470	2942641	1
10976763	10980177	3
11794512	11794511	1
5714882	5714881	3
6344595	6344596	1
11214212	11214211	1
3395818	3395817	1
1595862	1595861	1
2561265	2561472	1
8216967	8216970	1
11024744	11024766	1
11199532	11199529	1
4226789	4226790	2
2359734	2359416	1
6511303	6511599	2
1773028	12377666	1
1505304	1505307	1
3260155	3260150	2
10678337	10678338	1
4678131	4678132	1
12731880	12731879	1
8646955	8646958	4
6553759	6412369	1
9774366	9777694	1
10609859	10609862	1
12718361	12715912	3
1835427	1835418	1
2044121	2044118	1
13925	13926	2
7326103	7321609	2
7585924	7585933	1
9810882	9810894	1
11661529	11940087	2
2163380	2163379	1
5798028	5798027	4
2773616	2773615	1
8937274	8937273	2
11976472	5967680	1
9433854	9464040	1
11861311	11861312	2
3395820	3395819	1
9134738	9134737	2
11756133	11756134	1
7402419	7402420	1
7228155	7228086	3
1233523	1233526	1
4414119	4414120	1
6758057	6755731	3
7130953	7130954	2
6102703	6102704	1
8768130	8767885	1
8953474	8954212	1
1468086	1475731	1
9068145	9068146	2
10749935	10749936	1
9521660	9521657	2
9127974	9127980	1
3492880	3492879	1
3144847	3144829	1
6238028	6238025	1
3067972	3067971	1
11807487	11807488	1
12661108	12661107	2
102926	102909	1
1510861	1513178	2
12720345	12720346	2
1233527	1233528	1
1355199	1363622	1
1438721	1438722	1
11730204	11517920	1
12180036	12030484	1
9694549	9797719	1
8062145	8062146	3
12687315	12687316	1
1731169	1735694	1
1921425	1921426	3
2065342	2065451	2
12784022	12784019	1
9648455	9644330	1
10942569	10942570	2
4288824	4288832	1
11000238	11000237	2
10961183	10961184	1
7335298	7335297	1
8268920	8268919	1
4237539	4237540	1
9094591	9090255	1
11942261	11942262	2
940685	937626	1
11827094	11827093	2
9371343	9371346	1
12803727	12803728	2
12813907	12517181	1
12252638	12259018	1
5044077	5044080	1
5870292	5869735	1
11607680	11607679	2
11103916	11103915	1
11018677	11018678	1
1707519	1707520	1
1319019	1319935	1
9193459	9193380	2
7964862	7964859	1
6662111	6662112	2
3904194	3904193	1
505478	505477	1
2119949	2124407	1
309206	312029	1
4224681	4224682	1
8418040	8417955	1
10234191	10234192	1
1133051	1132669	2
2388342	2388339	1
8354941	8354930	2
7242320	7242319	1
8364907	8363222	1
11345094	11345103	1
10806467	10806468	1
6974360	6973140	1
7305615	7305622	3
2265557	2265534	2
7252057	7252058	1
1505306	1505305	1
12809178	12809175	2
3054183	3054186	1
10678402	10678401	1
8189128	8189133	1
4365387	4426252	1
7631516	7631515	3
9196248	9196245	1
8442262	8444569	1
1156107	1156110	3
11305257	11305255	2
12732055	12733536	1
2030748	2030845	1
8190052	8191580	1
10972201	10970019	1
3364980	3364983	1
5641991	5642743	2
3792061	3792089	1
5605843	5605844	3
11678101	11678102	1
5360312	5360311	1
11964003	11963951	1
11399101	11399116	1
9282716	9282715	2
1664616	1664615	1
9478944	9478949	2
6754279	6754274	1
11806011	6404013	1
11296885	11296886	1
12716875	12716605	1
11601897	11601898	1
3996305	3996286	1
3982709	3985072	1
7638572	7638569	1
6146556	6146555	2
5383258	5383255	3
2198634	2198633	1
11204147	11204148	2
11756409	11756410	1
223102	223101	1
3858407	3628370	1
7654038	7653741	1
10731265	10730617	1
3146724	3146723	1
3206046	3206030	1
3445084	3445005	1
7011474	7010161	1
12025931	12025936	1
7310465	7311480	1
806312	806311	1
10474207	10474205	2
4768005	2162251	1
11238913	11238914	3
1378905	1378416	1
4357342	4365969	1
11295584	11295583	1
7765765	7765766	1
822751	823171	1
6417888	6418185	1
3856651	3857362	1
8266777	8266778	1
1071638	1071637	1
10935228	10935225	1
12769346	12769127	2
12307223	12307224	1
6688002	6687999	1
931034	931025	1
242220	242169	1
1837848	1837847	2
11007836	11007835	1
8721769	8721770	1
1848757	1846240	2
9058392	9058391	2
1973967	1973968	2
11480613	11480614	1
1638461	1638462	1
783106	783105	1
2210683	2210684	1
1037273	1037276	1
12180536	12180535	1
3021725	3021726	1
12239503	12239504	1
1953485	1953486	1
9735141	9734573	1
9692953	9692954	1
10527093	10527094	1
11102887	11102894	1
9568219	9565900	1
2229601	2229602	1
1865501	1865484	1
2655470	2655469	2
2473105	2473106	1
9040985	9040986	2
6875939	6875516	1
11552211	11552212	2
9425057	9425060	1
1120378	1120383	1
11940088	11940087	1
9640773	9640778	1
2770636	2770633	1
12384422	12384421	1
1205259	1207055	1
5334047	5334048	1
1842636	1842635	1
12275853	12280708	1
1644901	1644902	1
2794929	2794930	2
679096	679099	1
7467604	7466376	1
8383428	8383427	1
6894231	6894232	1
2548805	2549417	2
11036578	11036577	1
3645789	3645790	1
3077310	3076531	3
12694868	12694867	2
787166	787165	1
6454449	6454216	2
5220300	5220309	2
7867655	7862756	3
3484273	3484276	1
5714887	5714883	1
4733592	4733589	1
107664	107667	1
3534406	3735709	1
4853926	4853587	1
40383	40384	1
10953979	10953977	1
11930177	9325132	1
3454700	3393725	1
9906976	9906979	1
1018900	1018899	2
681295	681296	1
3996287	3996288	1
12030166	12030163	1
8472178	8472177	1
6690527	6690528	1
3473725	3473688	1
470232	470229	2
7888091	7888092	1
7688792	7688791	2
11943250	11943253	1
2281317	9355370	1
2655468	2942641	1
991571	991572	1
12618795	12618079	1
4365379	4365382	1
948958	948957	2
8929015	8929033	1
836461	837583	1
7929956	7925432	1
4942104	4942103	1
12056032	12055982	2
3772365	3772362	2
12619237	12619242	1
5821993	5822921	1
12419922	12419919	1
9173236	9173244	1
9052987	9052988	1
7281403	7281404	2
2319025	2319026	2
7610964	7611038	1
6454447	6454448	2
9059039	9059040	1
415741	415744	1
8633242	8633241	1
7970809	7970743	1
7166730	7166729	1
7941656	7941655	1
1035858	1035853	1
31656	31655	2
11062470	11062469	2
6141817	6140734	2
9089322	9089677	1
2416929	2416930	3
9264395	9264615	1
2331472	2328370	1
12174630	12174629	1
4021314	4021313	1
1511484	1511483	3
1659664	1659663	1
8988846	8988845	1
5544584	5541722	1
9418179	9418180	2
7587338	7587337	4
415741	415742	1
5445809	5445810	2
8472814	8472817	2
1836909	1836912	2
1410600	1410599	1
9329499	9329500	2
9059041	5656182	1
8442262	8444567	2
8983340	8983319	1
2424497	2424491	1
7104503	7104504	2
3069236	3069235	2
6434312	6440929	1
9572107	9431356	1
3741934	3741933	3
2060416	2060405	1
6940470	7146421	1
10574729	10574730	1
141982	141981	1
12365052	12364999	1
1620590	1620571	1
7569474	7569473	1
12807270	12807269	1
8636393	8626913	1
525787	525790	1
668426	668425	3
12682351	12682352	2
511062	510585	1
6273630	6273629	2
12037735	12037731	1
3288193	3289994	1
3428310	3428309	1
1512881	1507496	1
6752175	6754667	1
9059734	9193468	3
1392421	1392427	1
1414437	1414438	1
3027946	3027951	1
662601	662604	3
9083575	9086428	1
998331	998332	2
4957820	4957819	1
10798073	10798094	1
1966568	1966567	1
4716989	4716986	1
6578206	6578341	1
1608934	1607243	4
641799	641800	1
4947585	4947586	1
2093491	2093494	1
1120349	1120350	2
11060101	10934646	1
331133	322834	1
6431778	6431777	1
4850541	4850542	1
776381	776382	2
12694478	12694477	1
11223673	11223674	2
8802841	8802842	1
1605757	903168	1
7371831	7372173	1
3858405	3858406	1
6229371	6228759	3
11319033	11319036	1
7833543	7833544	1
3021724	3020341	2
12556259	12556353	1
12749118	12755849	1
10436145	10414828	1
8230189	8230190	1
11907810	11671864	1
9585408	9585407	1
7510912	7510911	2
479468	479465	1
12316737	12316738	1
5121426	5121425	2
7959748	7959615	1
4474435	4531901	2
10283873	10283844	1
3077310	3076533	3
11615003	11615004	1
3752133	3752134	2
8764156	8764159	1
1009799	1009802	2
71427	67571	2
12352337	12352344	1
9358394	9358391	1
360766	362293	1
12177479	12177480	2
1489697	1489699	1
9621078	9621077	2
1609878	1609877	1
3208030	3208029	1
10448345	10448346	1
7178032	7178031	1
6980399	6980777	1
654678	654765	1
1410602	1410601	2
11760587	11760575	1
7252451	3583954	1
1914479	1914480	1
479464	479467	1
14580	14579	1
1527761	1527757	1
7810256	7810255	1
998335	998336	2
9367199	9367134	2
6888245	6888246	2
7136522	7137252	1
10711325	10711326	1
11327003	11327004	2
7373212	7373211	1
3396599	3396600	1
5623476	5623475	1
10769230	10769227	1
512974	512973	1
3048896	3048895	3
3048894	3048893	2
2404508	2404507	2
7324203	7324206	1
3448295	3448296	1
9485977	9483732	2
3069234	3069233	2
11607682	11607681	3
3728340	3728339	1
12533115	12533116	1
4192406	4192405	1
12175691	12175692	2
9340136	9340135	1
287248	6967208	2
5809143	5806669	1
4393493	4393496	2
6981491	6978282	1
9509874	9509873	2
270800	270799	1
6934608	6934605	1
6372573	6372580	2
11158415	11172800	1
1038569	1038570	1
4850543	4850544	1
8798880	8797755	2
8047210	8047191	1
12629168	12776523	2
6948566	6948187	1
8624317	8624489	1
9069742	9071044	1
574253	574254	1
840523	840524	1
10232534	10232537	1
8982068	8982067	1
10820037	10820038	1
6317355	6312671	2
10814139	10814140	2
9123690	9123685	1
8062143	8062146	1
6240718	6241288	1
2961499	2961500	2
1233369	1233370	2
341727	341728	2
4753051	4753054	1
11231516	11231515	3
7965352	7965401	1
1135959	1135960	1
11921936	11923346	1
6979205	6979203	1
2162106	2162105	1
8917958	8917957	1
6409778	6409777	1
2891207	2891208	2
1266263	1266264	1
8958999	8959681	1
11645270	11645269	1
9638699	9638640	1
931026	931025	1
11930555	11930558	2
7438613	7444625	1
4105464	4105467	1
7178034	7178033	1
11090832	11090831	2
8670368	8670367	1
2001984	2001983	1
1000047	1000050	1
10361773	10361774	1
65936	65935	1
10277554	10277262	1
9373754	9373649	1
7104505	7104506	2
12720347	12720348	2
3485093	3485038	1
5725100	5724756	1
4023639	4023361	1
2365970	2365969	1
8216967	8216968	1
10157577	10157590	3
5772618	5772617	2
171912	171911	1
1089474	1089473	1
4723162	4723211	1
8616061	8616053	1
38368	38367	2
9683435	9655075	2
12169212	12169215	2
10393731	10393732	1
7521051	7521515	1
6281989	6281990	1
9743068	9743067	2
2925675	2680648	2
11345158	11345157	3
4254054	4255083	2
12025158	12025157	1
8079915	8256921	1
8661650	8661576	1
2140575	2140576	2
7251457	7251777	1
7066482	7066481	1
1956105	1956110	2
2897	2885	1
9671191	9671192	1
662601	661998	3
9568215	9568216	4
8786743	8786744	1
12730804	12730803	1
7894128	7894125	1
8349722	8347529	2
4825462	4825849	1
12384428	12384427	3
565014	565013	1
9678928	9678927	1
10348606	10348605	1
718710	713111	1
9948119	9948120	1
10721095	928606	1
4438817	4438969	2
7152587	7152588	2
8755280	8747638	1
10900402	4836370	1
11506598	11506687	2
3094035	2957821	1
7212904	7212901	1
201839	201832	1
12254263	12260940	2
8699932	8700502	1
2641587	2641588	2
8683264	8683263	1
11900726	11900723	1
6198277	6198272	1
931034	931027	1
9191666	9191665	1
5905954	5898284	1
1951569	1951570	1
9040636	9040635	1
1775805	1775026	1
11017277	11017278	1
9058390	9058387	1
6226503	6226504	1
11107471	11107904	1
10064444	10064949	1
8648128	8648125	1
1341713	1344260	3
1835425	1835426	1
4281474	4280164	1
4046513	4046514	3
1213614	1213613	1
9346805	9346806	1
9550845	9550821	1
2645502	2645501	1
9349053	9348891	2
1716500	1718487	1
11661529	11940089	1
10058986	10059457	1
10055731	10055396	1
1912042	1912035	1
2332085	2332818	2
401546	401545	1
9154236	9154233	1
1874048	1874078	1
13923	13924	2
12456740	12456798	1
7894126	7894125	1
341729	344226	2
6690525	6690526	2
12729355	12729358	2
6710013	6710018	2
6639468	6639467	2
3588793	3592686	3
11905511	11851899	1
7142971	6286183	2
3889509	3889434	3
653137	653138	2
8806703	8806706	1
5256211	11356107	3
1018898	1018895	1
3477571	3473714	1
6617093	6617056	3
9791473	9791997	1
1749490	1749694	1
11370651	11370653	2
3477571	3477572	2
838504	838449	2
9270273	9270277	1
3762539	3762914	1
1233371	1233372	2
2122629	2122630	1
1027711	1025964	1
977524	977980	1
312999	313000	1
9701102	9701151	1
6308433	6308440	1
9559051	9696622	2
11882873	11883302	2
4837995	4800243	1
943935	943936	1
10915404	10915191	2
12730802	12730801	2
6297557	6297558	1
9545210	9544414	1
12226086	12226085	1
656912	4242170	2
2921863	2921860	2
12569508	12569507	2
3881103	3874965	2
11070137	11070138	1
1941618	1941621	1
1258115	1261150	1
10189983	10189274	2
1481535	1465005	1
6673831	6673836	1
485402	485401	1
10639543	10641964	1
365522	372916	2
10439128	10439127	1
9385386	9385385	1
3561759	3561760	2
3401743	3401744	1
11003936	11003935	4
12239245	12239246	3
11070913	11068374	1
7613732	7614960	1
12741165	12741200	3
7422503	7301066	1
7366408	6676999	1
7066480	7065521	1
7558948	7558947	1
12809174	12809589	2
10633496	10627948	2
6119954	3605709	1
11890229	11890230	4
11463305	11470912	2
11941769	11933520	1
1955046	1961013	2
7402421	7402430	1
8648128	8648127	1
73140	73920	2
5650305	5000117	2
12649409	12648089	1
10903298	10903295	2
2411972	2411971	2
7346475	7346476	1
9470214	9470234	1
10655337	10655338	1
8886574	8886747	1
11756135	11756136	1
829216	829201	2
4022983	4022156	2
9654517	9654518	1
2780220	2778827	2
9997665	9996660	1
7284175	7281874	1
7130955	7130950	2
9160952	442216	1
9568219	9568220	2
3396599	3396604	2
12665332	12665329	1
849972	849971	1
60711	62877	1
4679797	4679798	1
11164027	11164015	1
9949456	9949459	1
1911515	2694767	1
3087635	3087636	3
3117439	3117442	1
10678404	10678403	2
5153399	5153270	2
7342073	7343755	1
11149330	11149333	1
11194646	11194641	1
8101157	8100295	1
4076003	4076004	1
1832285	1832282	2
209828	209827	1
215435	215432	1
2805725	2805726	1
7212900	7212899	1
2211691	2211692	1
6638619	6638620	2
4022981	4022982	2
12280301	12280302	2
156219	156258	1
3854782	3854781	1
9568221	9565900	1
8542266	8542269	1
1931822	1931821	1
8664536	8664535	1
6310798	7691475	1
1060295	1334692	1
3533252	3533236	1
47965	47962	1
4583842	4583841	1
9887001	9886412	1
6653886	6653885	3
469632	470539	3
10197216	10196716	1
4475677	4475674	1
148401	148406	2
11345156	11345155	3
12053252	12053217	3
8110969	8110452	2
9049237	9049238	2
11214210	11214209	2
9084907	9084908	1
7225019	7225020	1
9058386	9058385	1
1325394	1325393	2
11415103	11415317	1
231621	226598	1
11696764	11696763	3
1692223	1692245	1
3583935	3583936	2
11856309	11856314	2
1054782	1054781	1
8215718	518733	2
7353055	7353056	1
8160079	8160592	1
3479251	3475937	3
269723	270799	1
5936779	5936780	1
11889570	11889536	1
12024237	12024238	1
3695085	3695086	1
7391266	7391263	2
144056	144059	1
8481598	7058884	1
8756545	8757993	1
260515	260518	1
6904260	6904259	1
2975357	2709780	1
829216	829199	1
8664540	8664535	1
9592279	9592415	1
6110201	6110451	1
11401897	11401894	2
3555396	3555395	2
1408627	1408628	1
448898	448895	2
10347362	10349805	2
12391726	12391745	4
8707028	8706125	1
10168545	10168500	1
9375165	9375166	1
322545	322546	1
9106515	9107529	1
2694373	2694374	2
12122938	12122937	2
11075409	11083790	1
1628186	1628185	4
5688818	5688817	1
10768882	10768891	1
662605	661998	3
2074747	2074748	2
2335117	2333955	1
10630101	10629729	1
7261221	7261222	2
9935992	9935997	3
5708826	5708763	1
3565406	7802022	1
10002053	10002059	2
11076040	11075930	1
6200580	6200335	1
9487647	9487648	1
829200	829199	2
11628573	10245872	1
11726869	11737077	1
10966888	10971717	2
10403045	10403046	1
8937246	8937275	2
3146722	3151122	1
11228036	11793122	1
8518241	8518242	2
7625945	7625943	1
7186621	7186622	1
225636	225635	1
2277740	2277739	1
9654519	9654430	1
701514	701500	1
2379725	2379747	1
4993267	4993268	1
3889435	3889436	2
8085177	8085816	1
9171803	9177894	1
2650206	4784772	1
8412792	8411100	2
1003576	1003575	1
8828675	8830173	1
11843573	11843699	1
3384513	3384514	2
2473971	2503455	1
675624	675623	1
9249023	9249024	1
7801479	7801480	1
11003986	11003988	1
2360631	2360632	2
10752339	10752340	1
1928082	1928075	1
2513799	2513761	2
6781486	6781490	1
1119933	1104509	1
602881	602882	2
12664734	12664733	1
9068147	9068148	3
6494763	8024230	1
645679	645680	1
11003932	11003989	4
989970	989469	4
11961545	11961278	1
2165319	2165320	1
9053307	9052986	1
7056285	7059240	2
3464723	3464724	1
2159882	2159881	1
3445581	3445584	1
11696762	11696754	2
413175	413176	1
6764547	6764548	1
8663225	8663226	3
7847948	7847947	2
9234512	9234500	3
1932327	1932328	1
8633240	8636129	1
956082	956081	1
8552858	8553314	1
9741724	9741723	1
6297598	6297556	1
1798444	1798434	5
10255782	10255839	2
10072198	10072197	2
11003528	11003527	4
12187135	12187136	2
11786075	11786076	1
779306	779305	1
6046735	6046736	1
2416321	2416322	1
879387	879390	1
122656	118768	1
633201	631632	2
115978	115977	2
6561848	6561846	1
88336	88335	1
439727	439728	1
510585	510586	1
12612925	12612922	2
1216286	1216349	1
12021366	12020889	1
2645498	2645497	1
5970431	5970432	1
5329494	5243759	1
4274950	4281683	1
2528023	2528020	1
4936244	4936243	1
459343	459344	1
12028635	12028662	1
7531244	7532291	1
11197924	11197921	1
7665546	7665535	1
643974	643973	1
7994423	7994419	2
7295793	7296265	1
8652802	8652798	1
1362381	1362382	3
1107596	1107595	1
10380965	10380962	1
7175349	7175350	1
2811043	7880439	3
6272793	6272651	2
9517514	9521332	1
9053307	9052988	2
9547265	9547266	1
2704557	2704558	1
1991295	1997655	1
770608	770605	1
9387400	9387399	1
8382966	8542267	1
1083595	1083593	2
7313886	7313885	1
7710200	7710181	3
8216969	8216970	1
5547312	5547311	2
4684626	4684629	1
6710015	6710018	1
6122429	6122333	1
5883315	5865659	1
12661108	12661105	1
3446625	3446626	2
4957822	4957821	1
10663614	2517167	1
2046527	2046528	1
11895352	11895349	1
1680560	1680557	1
11915719	11915720	1
8397823	8397812	1
3903600	3878697	1
4814719	4815157	1
10418430	10418429	2
931036	931035	2
2546925	2548278	1
4471980	4471979	1
91888	91887	1
10810471	10810472	1
4758349	4758352	1
12122929	12122930	2
2875595	2875590	2
12762073	12762074	1
10904750	10904749	1
1609880	1609879	2
564314	564313	2
3131256	3131255	1
7746992	7746991	1
6506244	6506125	1
2170645	2170646	2
7369131	7369132	2
6599996	6598913	1
459345	459346	1
2393631	2393632	1
6873252	6873258	2
269723	270801	1
6093400	6095678	1
3106475	3106476	1
12648128	12648127	1
12285323	12285324	1
9696623	9696624	1
12175689	12175690	2
4556737	4556738	1
1660142	1660141	2
3445086	3445085	1
4103900	4103899	1
9113741	9113729	2
2442149	2442150	2
7002267	7002268	1
10248817	10248818	1
7592343	7752620	1
692569	692762	1
12344331	7002290	1
6372993	6372994	1
7894132	7894129	1
6940470	7146423	1
1301635	1301636	3
2645500	2645499	1
9923754	9923792	1
5860631	5860632	2
17031	17032	3
12466799	12466835	1
9167516	9167518	1
685584	683478	2
5082222	5082221	1
829600	829627	1
636932	635900	1
1236732	1236731	1
295310	1761460	1
1216290	1216289	1
5714887	5714888	2
11494310	11494596	1
10104197	10104198	1
1448019	1445159	1
11364919	11364730	1
4598568	4599459	1
489806	489850	2
6333366	6336116	1
12183125	12183126	2
8032345	8032354	1
1478942	1478753	2
9793235	9793236	1
9058935	9058959	1
4752459	4752456	1
7335294	7335293	1
452445	452446	1
11147578	11147583	2
11864693	11864696	1
8633166	5562734	1
10393731	10393734	1
10975026	10975025	2
3192989	3192990	1
12574792	12570398	2
7372709	7372710	1
12748974	12753683	1
681082	681079	1
7638570	7638569	1
579211	578145	2
1212452	1212442	1
5455076	5455141	1
1008253	1008254	3
4250003	4250004	1
12355365	12757395	1
8560428	8557264	2
4107728	4039122	1
12225849	12225850	1
7342065	7342066	2
10409855	10409856	2
11883618	11884342	2
1914481	1914484	1
5479883	5479884	1
12417240	12417239	1
254388	259725	1
10629877	10629879	1
185461	185462	1
8980629	8980632	1
6154855	6154856	2
7166732	7166731	1
7745059	7745060	1
3243347	3243348	3
9533919	9533920	1
9559049	9559050	2
2437371	2437372	3
593779	593780	1
10895967	10895970	1
2983781	2983782	1
10221089	10217969	1
6306379	6306380	1
5772616	5772477	2
10403043	10403044	1
9675721	9675724	1
1926231	1926185	1
60713	62877	2
505480	505479	1
9548550	9548549	2
9790121	9790130	1
8849066	8849373	1
11297285	11297236	2
5811845	5811818	1
892398	892397	1
38366	264395	1
9568213	9568214	4
917172	917197	1
3564833	3564894	1
6632568	6632565	1
2293745	2293748	1
3621916	3621915	1
10147689	10147684	1
7063251	7063252	2
9709100	9709095	4
5871710	5871387	2
2092475	2092345	1
8042448	8042451	1
10147691	10147684	1
9295030	9294998	1
2507836	2507835	1
481944	482244	1
11019547	11019548	1
7011408	7009307	1
11794868	11790817	1
7367457	7367458	3
2514526	2474902	1
774011	774115	3
1970111	1970112	1
700269	702671	2
461091	461092	1
12122440	12122439	1
9544550	9547545	1
7326101	7326102	2
406541	406538	2
7727184	7727183	3
9590441	9590442	1
1740215	1740218	2
9003654	9003653	2
3043389	3040742	1
3146724	3151122	1
8633789	8633630	1
9509872	9537389	2
3260151	3260152	1
4357362	4357361	1
7212904	7212899	1
9069284	10368039	1
6206968	6207615	1
6571617	6571618	1
8150238	8150237	1
9390422	9389905	1
1997454	1997453	1
6418184	6418183	1
5813174	5808708	1
473988	473983	2
11790447	11784003	3
11108154	11108153	1
12169664	12169720	2
11852160	11852157	1
372745	372746	3
1003578	1003577	2
9797307	9797277	1
5924699	5924696	1
12784026	12784025	1
11786015	11786016	1
11857904	11857903	1
8231234	8231237	1
1296084	1296083	1
79234	79233	1
164933	170856	1
5246851	5246854	1
10576727	10575866	1
8672795	8672827	2
12181046	12173151	1
3408758	3407142	1
10309829	10309830	1
4159022	4159021	1
11900722	11900721	1
1748663	1748664	1
11531087	11531088	1
3101678	3101677	1
7311949	7311952	1
8817742	8817992	1
10088037	10087569	1
7957134	7832926	1
5974780	5974728	1
12666458	12665172	2
435437	435902	1
9117408	9117407	1
6553761	6412369	1
7631799	7631800	1
11814528	11814447	1
4756995	4756996	1
9119426	9119425	1
2474146	2473725	1
8664540	8664537	2
10220496	10220493	1
6148626	6148637	2
9699012	9699009	2
6344593	6344594	1
11161405	11161406	1
188502	188465	1
7905156	7905142	2
3772363	3769991	1
4795226	4797061	3
2322518	2322488	1
9571163	9522432	2
12691019	12689400	1
11446942	11446939	1
324004	324003	1
3238338	3243886	2
1107594	1107593	1
10789813	10789853	1
2148417	2148418	1
6930503	6930504	1
1104508	1104507	2
8306610	8306609	1
4669776	4670424	1
8801442	8785173	3
1071640	1071639	1
267135	267136	2
8016183	8016184	1
3252980	3252979	1
432097	427960	2
9698675	9698676	4
9073595	9073596	1
6275811	6275828	1
489806	489852	1
905335	905665	1
7245429	7245426	1
5514838	10332317	1
706235	706228	1
1037277	1037278	1
7076662	7076659	1
9862936	2416320	1
10903300	10903299	1
3152879	3151684	1
1142543	1142546	1
1723297	1723298	1
3404296	3404295	1
2365855	2318505	1
7668267	7668268	2
12758534	12758599	1
10072196	10072195	1
7469461	7469466	1
10476512	10476511	2
10315090	10315093	1
10638607	10638608	5
4137434	4137494	3
4855224	4855232	1
1167515	1167516	2
10904788	10904791	2
9742165	9742166	1
4238388	4239654	2
8885511	8885512	2
8576096	8399194	1
8813251	8814138	1
79236	79235	1
1027491	1027492	2
8661650	8661649	1
1163354	1163443	1
8362750	8362749	2
2737554	2737310	2
11678391	11695522	1
2252366	2255548	1
12174339	12174343	3
770608	770607	1
6892581	6892592	1
12234957	12230817	1
12122940	12122939	2
10034164	10034163	4
5794856	5794855	1
7668269	7668270	2
8628485	8628492	1
791405	358918	1
11738227	11738224	1
3445004	3445091	1
1071640	1071637	1
2181583	2181584	1
1000047	1000048	2
12560159	12560160	1
3584201	3584202	1
11844974	11844973	1
10085540	10140872	1
1356416	1351317	1
6138849	6138850	1
5249167	5249168	1
115980	115979	2
12615091	12616670	1
12390890	12390887	1
5492599	5492600	1
11083068	11083065	1
678164	678666	3
6503166	6503169	1
10250857	10250769	1
1381834	1381833	1
6652705	6658703	4
3469883	3469744	1
9621080	9621079	3
1884559	1884560	1
7407200	7407199	2
10413996	8689136	1
201660	4853728	1
10563555	10563556	1
11842443	11842398	1
1034346	1034343	3
8664534	8664533	2
11853880	11853879	1
3620551	3853045	1
4156424	4156046	2
85998	47506	2
7355245	7355371	3
1027493	1027494	2
9682535	9682536	1
1549232	1549231	1
3448297	3448946	2
12749527	12755010	1
3941167	3940940	1
11741931	11741932	1
9791996	9791995	1
12231897	12231894	1
12690224	12682350	3
8183477	8183478	1
1332999	1333234	1
7756761	7756762	2
943933	943934	1
11890233	11890234	1
9621080	9621077	1
9369790	9369789	1
1492072	1492071	1
1037273	1037278	2
586612	586597	1
6987905	6987906	1
4414835	4414836	1
11916461	11916462	1
6659670	6659667	1
8627543	8627546	3
90985	90986	1
11873892	11873891	1
3515445	3515438	1
12174628	12174618	1
3067498	3067492	1
3596623	3596624	1
1835425	1835418	1
11159704	11159807	1
6212814	6212811	1
1322165	1322166	1
10436143	10436144	2
472405	472427	1
1505308	1505307	2
5668327	5668328	1
10615236	10614009	1
8313947	8315448	1
9680596	9673050	1
3583951	3583954	2
5547310	5547313	2
7324207	7324208	1
1208432	1207290	1
9003656	9003655	2
1547890	1547889	1
10357247	10357240	1
7468367	7468368	1
6601564	6601563	2
5364820	5365719	3
8435792	8435787	1
1782928	1782938	2
11322754	11321353	2
543548	419477	1
2459890	2459896	1
8474842	8475083	1
8306602	8306611	2
9599491	9599492	1
652342	652341	1
5877291	5873821	1
3418197	3418198	1
9526866	9526858	1
1016798	1016797	2
6676998	6676997	1
574030	574252	1
7587338	7587335	1
12315524	12315260	1
4915550	4915549	1
8848934	8772664	1
12347935	6213662	1
8755694	8755545	1
11108429	247406	5
4327733	4327734	1
347687	341791	1
5142309	5142314	1
779682	779626	2
2601424	2601423	2
7253995	7254000	2
3056952	3054958	1
11446944	11446943	1
4541363	4541358	1
7518767	7518517	1
2165212	2165211	1
8401674	8403896	1
9375395	9375396	1
505480	505477	1
9194509	9194510	3
371777	371778	1
11225092	11223674	1
12417010	12416739	2
2480776	2480775	1
11283617	11283618	1
64707	64716	1
11147582	11147581	2
10678404	10678401	1
519096	519093	1
4103898	4103897	1
12045011	12045012	1
6710011	6710012	4
7715681	7715682	1
11638796	11638793	1
1527756	1527755	1
3930305	3930306	2
4870929	4870930	1
10034166	10034165	4
735707	735593	1
7302026	7302516	1
5211068	5211067	3
10493197	10493198	1
3888630	3888618	1
5049904	7925433	3
4521361	4507984	1
1886594	1886593	1
11747986	11748020	3
10978820	10978817	1
4794995	4794996	1
9023560	5923898	2
1705594	1707175	1
1462174	1704801	1
9023330	9023329	1
7099263	7099264	1
9443638	9443637	1
668428	668427	3
5057621	5057624	2
65938	65937	2
7528234	7528233	1
5832993	5840286	1
3157895	3157898	3
11159194	11159193	1
11726752	11726759	1
10391976	10372885	1
7837895	7837309	1
3706885	3706886	1
3780805	3780808	1
1123706	1123705	1
7346473	7346474	1
9941461	9941454	1
2796809	2796858	1
1428202	1428201	2
2123128	2122982	2
9622766	9629437	2
3403897	3403839	1
1731171	1729918	2
4211187	4211138	1
12729365	12729242	2
6229641	6229571	2
12204437	12204397	1
11304888	11305389	1
11197920	11197919	1
1346388	1346387	1
9083577	9086428	2
10916327	10916329	1
2211693	2211694	1
7561630	7561629	1
631633	631637	2
7768213	3447315	1
4393072	4393071	1
3780809	3780810	1
9327866	9327863	1
1735961	1735858	1
12637940	12307288	2
779745	779508	1
8983338	8983321	1
7244714	7244713	1
115748	115783	1
846951	846964	1
11442497	11439983	2
7788455	7787287	2
16209	27319	3
1742436	1742108	1
1308961	1676082	2
3923439	3923440	2
1609882	1609881	3
10978422	10978421	1
11457439	11456976	1
6118379	6105693	1
1330819	1331428	1
4114487	4116951	1
7014593	7014549	2
4799501	4024250	1
11168297	11168457	1
4752529	4752512	1
3134674	3134878	1
9594631	9594632	3
3807871	3807872	2
2396054	2401341	1
1428200	1428197	1
12122936	12122935	3
12204431	12204432	2
5714889	5714883	2
52938	52937	2
6344597	6344598	1
12239243	12239244	1
12225847	12225850	1
1649038	1648535	2
1409708	1409718	1
2162106	2162103	1
3594854	3598636	1
11427192	11428228	1
11919593	11829054	4
892547	892548	1
2652173	2652595	1
5692006	5692012	1
12741165	12741202	1
4200013	4203085	1
636412	636411	2
12803729	12803730	1
1088726	1088758	1
4992994	4992932	1
9083575	9083576	2
4424218	4424182	1
836999	855071	1
11013679	11014420	1
4758347	4758348	1
9069247	9069726	1
1102954	1102953	1
151504	151498	2
6626796	6626809	2
5696351	5694917	1
10215947	10284925	2
9972046	9972049	1
3940420	3940419	2
1716496	1718487	1
6134153	6136504	1
8747542	8747541	1
8983340	8983339	1
2194063	2194066	1
936431	936432	1
514221	516407	1
12391726	12391743	1
754754	754753	2
9677915	9677916	1
9487649	9487650	1
6194089	6194948	3
1651832	1651829	1
7294237	7294238	1
6915662	6915661	1
8626080	8626079	3
12160547	12160554	2
1120380	1120379	1
1131069	1131070	3
11482320	11482319	1
1618954	1618953	1
366046	366045	1
1325396	1325395	1
7608092	7789936	1
1601793	1601794	1
6968088	6968087	1
8664532	8664531	3
9471216	9470950	1
8160593	8160594	1
9126679	9124349	1
193460	194017	1
10574185	10574188	3
9370004	9369947	1
12290314	12290313	1
6769844	6770239	4
4103896	4106032	2
1886915	1886973	1
11083068	11083067	1
12751655	12751656	2
9340134	9329500	1
12694005	12695052	1
1642406	1642411	1
678166	678165	3
2140573	2140574	2
8699020	8699019	1
7792604	7792603	2
8603535	8603281	1
11501979	11501980	4
11888049	11888050	1
4162689	4162647	1
4387671	4387672	2
9074154	9074153	3
719385	716856	1
6063143	2299149	2
1008253	1008256	1
9262485	9265306	2
11884064	11884063	1
3249532	3249713	1
3040743	3040744	1
8002023	8002363	1
7308838	7308837	1
12505804	12505803	1
11607680	11608192	1
9325927	9326469	1
1613618	1613617	1
11726975	11726976	1
1180947	1180954	1
8404177	8404708	1
8383426	8383425	1
11071090	11071089	3
3738525	3737150	1
5259725	5259540	1
9777981	9777982	1
335231	335232	1
678166	678666	1
551343	551344	1
7993804	7994281	1
5256824	5256819	1
9955656	9955635	1
9032716	9034280	6
10764147	10764148	1
9700755	9700756	1
9092524	9092523	1
3540939	3540854	1
73142	73141	1
11597984	11597977	2
11144004	11151994	1
3445263	7753173	1
7037850	7037849	3
8988814	8988813	1
9047421	9047422	1
4783821	4783822	1
10979302	10979301	1
6985290	6985289	1
10562427	10562428	1
9537946	9537945	1
1103008	1103013	1
7641242	7641241	1
2936683	2935437	2
2746545	2746546	2
11890231	11890232	3
1140834	1140795	1
1645540	1645713	1
12174630	12174618	1
12120033	12120034	1
3067970	3067969	1
1061342	1061348	1
12122940	12122937	1
779308	779307	1
11961543	11961544	1
534633	525893	1
10543398	10543397	1
2000628	2000627	1
5315313	5317746	1
9118111	9118164	2
11894821	11894822	2
10314901	10315596	2
5354224	5354223	1
3447012	3447011	2
8190054	8190053	1
11095590	11095589	3
2528021	2528022	1
829604	829601	2
12179685	12179688	1
5157226	5156530	1
8234393	8230188	1
3403895	3403896	2
3003042	3006645	1
1549230	1549226	1
8653920	8653834	1
3822769	3822434	3
7542849	7542836	3
5845930	5845929	1
1362379	1362380	4
9747809	9747706	1
8937246	8937273	1
10795147	10795131	1
3405836	3398836	1
11238915	11238916	3
1605757	1605758	2
7118985	7118986	2
9576917	9576918	1
7470651	7470652	1
6265164	6265163	3
4699624	4699592	1
3644024	3644023	1
3624873	3624874	3
211892	211891	1
9280104	9270246	4
2829183	2829617	1
6300559	6300560	1
11094335	11085566	1
770606	770605	2
8080399	8080400	2
7244712	7245535	1
12154719	12154720	1
10548426	10548286	1
10521648	10521424	1
9559430	9692131	3
10646735	10646736	2
9671189	9671190	2
5311421	5311368	2
10615062	10615061	1
6229639	6229640	2
1962126	1962125	2
4222109	4222110	1
2159880	2161031	1
8990774	8990771	1
682015	682016	1
614848	614843	1
6823557	6823618	2
12786310	12792693	4
7128839	7128840	1
5725100	5724754	3
9551548	9551318	1
4934850	4934847	1
675628	675625	1
254392	254389	1
11941773	11933520	1
868864	9768679	1
12234961	12234962	1
2468689	2468690	1
1233369	1233372	1
6154850	6147332	1
6952186	6952185	1
11964975	11964976	1
9964015	9964279	2
8643203	8643204	1
750035	750036	4
122654	122653	1
2334637	2334638	1
4085518	4085520	3
11696876	11696854	1
10901309	10901295	1
9923793	9923794	1
1419707	1419708	1
9820469	2796150	1
6688000	6687999	1
12267392	12267389	2
694979	694980	1
443609	443606	1
10170164	10170543	1
12356245	12359658	2
7375335	7374429	1
10965288	10965281	1
10812257	10812239	1
7265381	7267538	1
8444568	8444567	1
4820061	4820062	1
9742161	9742162	1
4447236	4447235	1
9698677	9698678	2
11900726	11900721	1
11987890	11987886	3
9301608	9301607	1
3975481	10748402	1
11320377	11319260	1
784408	784407	1
6002082	6002081	1
