fend1	fend2	count
7619137	7619138	1
11406014	11406011	2
2766846	2766882	3
11268133	7387817	1
5823262	5823285	1
3012986	3013049	1
7696472	7696485	1
3010035	3007341	1
6001583	6002021	1
5915743	5915729	1
4700442	4700441	1
647531	647792	1
7247794	7247814	3
5288197	5286091	1
3374344	3374343	2
4855097	4856119	1
9527535	9522266	1
11944328	11944327	1
7938687	7938873	1
6698005	6698693	1
10649526	10649590	1
8381447	8276664	1
2311638	2355950	2
8445351	8445352	7
8204065	8204066	1
4409730	4409729	1
7853739	7853702	5
11086543	11086360	4
10245790	10245789	4
3453550	3453549	1
2227295	2227296	1
3668650	3674429	1
9967761	9965389	2
6491531	6491508	1
5963387	5963388	1
10903868	10875055	1
886548	2816277	2
4251292	4251291	4
10358922	10358966	3
11655401	11655402	2
11768947	11768950	1
5383294	5383293	5
11040997	11040590	1
8629003	8629012	1
918587	918188	1
7642717	7641778	5
10989887	10989888	1
7520077	7520080	3
8869995	8869996	10
8178875	8178876	4
3934881	11282500	1
5387395	5387396	2
9486032	9485639	2
8811175	9192807	2
7589174	7588231	1
11715460	11712415	1
10881056	10881059	1
6841409	6841410	5
10924662	10924657	1
9797300	9797292	2
7242604	7242657	3
12600913	12604300	2
6256993	6256994	1
4587686	4587684	1
7740004	7692822	1
5755305	5754815	1
4025979	4025980	5
2958875	2955150	1
8549064	8548831	1
8193301	8193302	3
3266567	10875055	1
8371166	8371170	4
4263106	4263105	2
10315933	10315934	3
8416613	8416630	1
8827034	8826805	1
7746489	10803039	1
7967256	7962502	1
6845909	6844773	1
10330208	10329193	1
10795167	10795168	1
11806718	11805394	1
7751325	7751326	1
6874897	6874575	1
10601745	10601746	2
11920285	11920554	1
4260600	4260599	6
7677166	7677163	1
6100637	6100638	1
5714833	10418842	1
3629733	3629734	2
10349095	10349485	1
4676978	4676977	1
10896105	3946481	1
5129516	5129091	1
9823509	9823510	2
8463287	8463283	1
1099090	1099089	2
1835714	1835732	1
3106285	3106286	1
2063871	2063872	2
10879050	10879571	1
11296649	11296650	7
1489736	1670677	1
2244153	2245743	1
1574536	1574533	1
6978303	6978677	1
6966065	6966066	1
3004253	3004254	6
6125846	6126260	2
9479748	12204918	1
11629135	11629154	1
847374	847266	1
9487411	9488475	2
6434165	6434166	1
12026467	12026468	1
5176102	5176101	5
11534153	11534150	1
7812862	7812861	1
8316747	8315679	2
10926426	10926425	1
442878	442858	2
11754216	11754202	1
9485638	9485637	3
1360015	1358707	1
10434392	10434388	1
4737865	4735361	1
10875054	2780886	1
529313	529287	2
5392185	5392186	2
10727211	10727607	1
6555869	6555908	2
1289666	11943108	1
565974	818768	2
2638017	2638020	1
9438797	9438803	1
6165586	6163102	1
10332366	10332365	1
6514598	6514781	1
1930759	1930760	5
3181773	12792199	1
5134804	5134766	5
5997213	5997205	1
5251304	5294721	3
741061	741076	2
3132971	3132974	1
2682910	11706826	1
5227104	5227103	1
7777154	7777163	3
6681862	6683317	1
2050587	2050588	7
8733560	8733559	1
3946411	3946414	3
4713243	4713244	1
3158604	3083611	2
11638313	11638213	1
2709478	2709463	1
1080627	1071864	1
10649728	10650376	2
344760	341196	1
4577593	4634578	1
9835032	12467858	1
10193602	10192533	1
660595	660577	2
9826896	9826891	1
3956283	3963881	2
5690854	5690857	1
11106233	11110477	1
12389044	12390343	1
3346284	3350040	1
1137819	1137820	2
5782381	5782583	2
3632085	3633596	1
3817555	3816215	1
7019933	7019936	2
10618901	10611181	1
6179525	6179526	2
12226421	12226646	3
2786983	2786793	2
9383366	9383287	1
3525441	12037041	1
9301818	9301774	1
8471361	8471384	1
2183431	2183470	3
12655790	12655789	1
5276727	5277261	2
3055613	3055616	3
3801096	3801095	1
10620897	10620551	1
7307413	7307389	1
10981491	10981322	1
6168468	6169581	1
3076279	3130763	1
12609220	12609227	1
5985711	5985712	3
12655785	12655786	1
8364788	8364787	1
9468249	9468250	5
11169862	11169861	4
5764298	5764297	4
11688449	11686427	3
4876121	4876263	2
2423759	2423760	1
630425	630418	1
361093	361583	1
2341140	2341074	1
4553921	4553922	1
3200692	3200633	2
11127511	11127358	1
5636321	5637139	1
11179177	11179178	3
5009124	5008942	1
6484631	6484632	4
12716541	12716542	1
11112266	11112265	3
10410864	10410867	1
9261388	9261381	1
464849	464850	2
1582276	1580752	3
9580748	9580954	1
11993752	11993706	2
1914365	1914391	1
7399633	7399634	7
6532592	6532262	5
2351613	2351614	1
7015179	7015064	1
7223265	7220994	1
10626156	10626194	1
7711109	7711110	3
3072569	3072833	1
7319167	7319590	3
9464858	9468223	4
815764	815763	2
9622211	9622096	2
1416299	1416302	2
7903385	7872176	5
2687942	10849986	1
11524679	11524672	2
11106311	3756943	1
956497	956498	1
10293282	10293296	2
2050585	2050586	7
5918706	5919463	3
12338265	12338266	4
5536230	5536241	1
5653320	5653274	8
8742091	8742092	2
8202943	8202944	2
3109647	3107801	2
5827794	5823629	1
3756942	9813293	1
4010086	4010629	3
7441821	7441822	1
8654974	8654566	1
2262158	7155751	1
11021714	11021713	3
11423801	11423802	1
11785410	11783928	1
1706116	1706741	2
6798496	6798727	1
9492523	9492494	1
10273589	10273590	1
12728436	12728439	1
2566215	2566216	3
7863025	7863026	3
6211178	6211177	4
4879378	4879428	1
6831904	6832502	4
11166475	11166476	1
12674881	1737397	1
4259723	4259724	1
1951286	1951285	8
9575549	9577273	1
11389834	11389833	1
11778335	2134145	1
10312288	10312243	7
7400258	7400172	1
9514479	9513267	2
10825125	10843818	1
11296649	11296652	3
10875054	10658901	1
3934881	3934884	2
8299972	8300643	1
2282607	2282638	1
7755467	7755458	1
7780180	7780183	1
9486034	9485639	2
9556059	9562377	1
7252189	9967161	1
7685941	3869100	1
3487015	3486928	1
2832157	2832123	1
11157439	11156567	2
7963766	7963771	7
10778850	5178781	1
3986618	3986617	3
174683	174674	1
3158604	3158603	2
6465819	6466095	1
6334717	6334782	1
3260259	3260262	1
1209487	1215921	2
10255813	10255814	1
5350847	5350834	3
11909421	11678249	1
10364925	10364947	3
5133038	5129845	5
2254968	2254983	1
10289863	10289864	4
6028204	6028243	1
961367	961370	1
8445353	8445798	5
7775405	7776437	1
5345822	5345803	5
5560887	5551146	1
2362408	2361153	2
2492715	2492716	2
8947120	8947119	1
9077548	9077547	3
961367	961368	2
11658475	11649034	3
5922071	5922076	1
2472375	2472376	3
3313093	3315848	1
2262158	2262155	2
7681107	7681108	12
7422620	7284211	2
4423808	4423807	3
11530612	11530611	1
3670920	3670919	6
9663891	9663892	3
3926565	3926566	1
3384272	3384271	1
11122091	11119667	1
11400917	11396786	2
3353924	3353921	4
3125200	3125197	1
11962201	11962237	1
3942225	3942228	1
3260307	3260308	1
1971444	1971552	1
11846907	11844934	4
6532595	6532586	1
9341254	9341237	1
8210901	8357784	3
11546667	11546668	1
4535645	1288184	1
10212325	10212375	4
2531785	2531786	1
3240482	3304618	1
3830130	3830129	1
8327985	8327964	1
12473258	12473257	3
1120541	1120489	1
11620845	11620846	1
7231499	7231150	1
9056036	9056035	3
9284802	9284799	4
10875054	5099076	1
187989	205139	1
11638214	11638213	1
2227297	2227298	1
10270793	10270794	1
3134871	3134413	1
11085375	11085376	1
11195674	11195673	3
8327983	8327984	1
10290183	10290229	1
6263734	6263733	2
7863255	7863250	1
10230345	10219548	1
5500806	5500805	3
9262321	9262723	1
5042081	5042082	1
11697762	11697905	2
10349484	10344485	1
9835036	9835033	1
10229358	10036195	1
6490912	684745	1
11296651	11296652	4
9447520	9447519	1
10727213	10727607	1
11040995	11040590	1
10032000	10084591	1
7144627	7144628	2
10164065	10164066	1
4104912	4104935	1
9948517	9829493	1
1826448	1826451	1
4784054	3756943	1
12517828	12517825	2
4941	4942	1
12319511	12319512	2
8787605	8787606	2
1952362	1958459	2
1553518	1554961	3
4535645	1288182	1
8775760	8775759	2
359100	358854	1
1721641	1721642	2
343921	343918	1
5939610	5939489	1
2461024	2463001	2
9579795	9581184	2
5020426	5020425	1
5336093	5336096	3
6406427	6584016	2
4103744	4103787	1
10239108	10239120	1
8781684	8781683	2
7650852	7650851	1
11179175	11179176	5
5502558	5502557	1
3543966	3543965	1
926643	926644	3
11195521	11194989	1
2501259	2501307	1
8022660	8022647	2
5275083	5275079	1
11848904	11862270	3
1762462	1762457	1
7083513	7083514	1
5654307	1947975	1
6092303	6092304	1
7777426	7777361	2
1979449	1979450	1
342563	342564	1
1900538	1900382	1
1493322	1493321	2
5811039	5810764	1
6785190	6787443	2
8634701	8697296	1
1403524	1403523	1
11590998	11590997	1
5504399	5504146	1
4379584	4379865	1
7535789	7535792	1
9797540	9796173	1
2010692	2010710	1
10407552	10407523	4
8445143	8443700	2
11649035	11649036	2
5349979	5349980	4
10789866	10789863	1
7601942	7601752	1
5350809	5357444	1
10160915	10161583	1
11361614	11361601	1
10311998	10312183	1
2507039	2506030	1
4083951	4085612	1
3211605	3210226	3
960699	961366	3
5411517	5411518	1
5570184	5570243	1
3584710	3585021	3
8060513	8061519	1
4548208	4548207	3
12534888	12534887	2
3640027	3640030	1
8381571	8381572	9
7897189	7897190	1
3871241	3871242	2
7323942	9676541	1
8262168	8262165	3
2183431	2183432	4
10065547	9914891	1
940004	940003	1
1383312	1385408	1
1697520	1697328	1
334327	334328	1
2850944	2852241	1
11323952	11323951	3
5923156	5923290	1
12736239	12736240	3
6450926	6450258	2
1914365	1914366	2
633602	633599	3
3004253	3004256	1
7264405	7264406	1
3081811	3083894	3
3818799	3818802	6
10253498	10252338	4
7951064	7951057	5
5577666	4538458	1
715052	715051	1
1465831	1465832	1
2766761	2767701	2
1136098	1136097	1
7004128	7004188	1
10924662	10924661	3
6198183	6198184	4
4360254	4360253	1
6703151	6703152	5
7876754	7926390	1
10255907	10255908	5
4261268	4261406	1
7238093	7238094	5
6950408	6950405	1
10402809	10404190	6
6084691	6084762	2
3076277	3130763	1
3243416	3243126	2
3036680	3037319	2
4610550	4610549	2
10713758	10707838	1
9334183	9330337	3
1526322	1522591	2
8543612	8543616	1
9739774	9739777	1
2432735	2331503	1
1062632	1062629	2
6739325	6739326	5
469082	3793287	1
1574782	1406679	1
9776510	9776463	1
4815248	4815257	1
432229	431414	2
11341223	4810983	1
10097701	10097492	1
7283149	7283142	1
2024536	2024353	1
7721901	7724964	3
8231672	8231683	1
3045220	3168571	1
7941009	7941010	1
8262174	8262165	1
8470982	1747577	1
2305691	2307159	2
5897963	5896884	3
408065	408035	2
3601226	3601225	3
764300	766753	1
2402553	11943108	1
1099090	1099087	1
10970106	10970172	1
12163465	12163466	4
9307036	9307033	4
60990	60989	2
12797741	12797925	3
4309380	4309467	1
7294527	5144952	1
11321092	11321134	1
11385788	11386934	1
12736235	12736238	2
11914978	7207512	1
5176102	5176099	3
5383513	5383514	3
5239873	5239915	1
12017812	12017824	1
3132642	3132613	2
1681532	1681531	3
4113616	4116412	2
10272155	10272866	2
2838710	2838709	5
9486032	9485637	2
7582913	7582961	4
2818998	2819295	1
12390344	12390343	2
2672517	2797846	2
1358806	1358809	1
7949243	7949559	1
8010370	8010369	2
4815036	4815016	1
4733256	4733255	2
2978009	3756943	1
1837080	1735943	1
12783692	12783664	1
9967160	7252245	1
10217823	10217824	1
6490912	11000691	1
2834719	2834651	2
8328016	8328000	1
12778023	12778024	1
1826452	1826451	1
9152286	9152281	1
7283149	7283150	3
7601033	7496169	2
5434974	5399306	1
5939490	5939489	2
2037504	6810741	1
11758052	11758089	2
3600354	3600353	1
5876678	5832964	5
12466303	628101	1
9614771	9615680	2
9776307	9776322	3
2376299	2372820	3
12417017	12517829	3
6161931	6160853	1
3614719	3614722	1
2068351	2253448	1
4636499	4636496	1
1468351	1468369	5
7269031	7270531	1
9303187	9303058	1
3146856	3146855	2
2472373	2472374	5
2921210	8558482	1
3251195	3251196	1
12192978	12192977	2
735043	730599	1
12680893	12672348	1
10121601	10121009	3
7668668	7675119	1
10244285	10255310	4
6657557	6657519	1
9492170	9492167	1
3645502	3866990	1
11709442	11709460	1
9273996	9273991	1
790111	790112	1
7787069	7787448	1
7780944	7772889	2
2376297	2376298	3
12161393	12167485	3
797567	797568	2
10563340	10563339	4
6605317	1227739	1
8582407	8582187	1
5499903	5500871	1
10474184	10474197	6
6981823	6981818	1
2296618	2296250	2
3517438	3517437	1
3756942	6178859	1
4696072	4696106	1
3132973	3132974	1
5043462	5043461	1
7853739	7853706	1
6001706	6001799	1
7106598	7106665	1
1068924	10997258	1
5436177	5436159	3
1016828	1011795	1
8580955	8580956	1
4400861	4405050	1
2816276	887989	1
5645812	5645811	2
12163463	12163466	1
7744376	7744373	1
1062632	1062631	4
8633125	8633126	4
5284895	5284899	1
8582403	8582441	1
9259179	9259180	1
1143261	1143178	1
7581085	7664643	2
11834175	11834176	2
10273591	10273432	1
6197180	6196862	1
1972290	1976565	4
4257979	4257980	1
6642604	6642603	1
3026170	3027269	1
386255	386256	5
2816847	2816848	1
12451155	12425805	1
3970496	6023803	1
10727211	10727212	2
12533663	12533664	2
3440092	6727505	1
10601647	10601753	1
10413146	815777	2
945843	945846	3
10647321	10647322	1
10404102	10407791	1
2750002	2750011	1
529311	529287	1
6425613	6425614	4
1062630	1062629	3
10216944	10216940	1
1722409	1722410	2
7242606	7242605	3
7681103	7681108	6
12770849	12770870	1
7434811	7310508	1
5004441	10803119	1
3152623	1087358	1
9611160	9612390	1
12533777	12533660	2
2638019	2638020	2
2376297	2372820	1
10126228	10126096	5
2548971	2547839	1
3491747	3556860	3
1870936	1871170	1
1717310	1717530	3
5536905	5536906	1
10915259	10915559	1
4575366	4575365	2
10836982	10836981	5
12037040	3525444	1
796907	793305	4
1111159	1111160	4
5177944	5177963	3
7069910	7069909	1
8448093	8448094	2
12677354	12677083	1
4838279	4838269	1
9492168	9492167	1
2262156	2262155	3
7002721	7002722	1
1851772	1851781	1
9235276	9235275	2
11040999	11040590	1
12796266	12796050	1
11850475	11850491	1
2018951	2018942	1
8023465	8033809	1
9487409	9488475	1
7409570	7409567	1
8466083	8466086	1
11566198	11565693	1
5915172	5915175	1
6202431	6202432	2
2519954	2519953	1
9925360	9925706	7
1914367	1914391	3
6490912	5495121	1
431655	431656	1
7634251	7634252	5
4745769	4745770	4
2492715	2492720	2
7462410	7462409	1
4326996	4327584	1
4110544	4110543	1
1503286	1503281	1
10530303	10530304	2
8401272	8398410	5
6579670	6579627	1
4855581	4851321	1
3260309	3260310	1
3625858	7190338	1
9013632	9013629	1
7562105	7562127	1
9467978	9464416	1
10253765	10253766	3
5020680	5020679	5
5242019	5244735	1
11732591	11735123	1
3249725	3249726	2
8965415	8965418	3
11321381	11318913	2
11696930	11697937	3
12150094	12151524	2
2605316	2605521	1
10405039	10405040	5
5440879	5439260	1
5990049	5990050	1
336385	336362	1
5113545	5113546	4
1561783	1561784	1
684744	6490913	1
638106	638039	1
7951993	7951975	1
1403262	1403261	1
9964593	9964408	1
5043464	5043463	2
7228177	7227522	1
1992692	1992691	2
8827035	8827036	4
11118745	1087358	1
11389832	11389831	1
9232649	9232650	2
5676807	5674871	1
12646078	12646077	1
773688	776319	2
4263108	4263107	4
8978438	8999886	2
2447636	2447642	1
10233378	10233377	3
7215535	7215485	1
10500628	10500508	3
11476394	2283330	1
3491747	3491748	5
11437378	11437377	1
6323516	6323913	2
1535643	1535644	2
11818258	11818257	1
8056945	5892700	1
1870983	1870984	5
2121518	2121596	1
11452824	11452829	2
10760969	10499395	1
9602728	9602848	1
10319437	10319443	1
6179527	6179528	2
309154	309153	1
1729011	1668552	1
2467906	2467905	1
2010709	2010710	1
825663	825664	4
3126984	3126123	1
7612073	2531786	1
1152347	1151301	1
10875054	12052774	1
11252108	11252101	1
6718674	6717759	2
8355883	8355862	1
930675	930711	4
11786051	11786052	2
5597581	5597854	1
8662142	8662141	2
6382867	6382772	4
5383511	5383514	1
11638313	11638215	1
663907	663848	1
3809395	3809396	1
11129661	11129662	1
544246	5421593	1
3107800	3107799	2
11533085	11533024	1
5009678	5009673	1
7612748	7612340	1
5321883	5321900	1
215021	208349	1
2846634	6824990	3
1710213	1710214	1
3596460	3596459	1
3670918	3670917	5
1216613	1215033	3
11752811	11794823	1
9240581	9240586	2
8538416	8538336	1
3739258	3739046	2
9317452	9317465	4
3830213	3820787	2
1517577	4825841	1
4065823	4065824	1
10291209	10290446	2
10247365	10247375	2
9158653	9158654	1
8262166	8262165	5
8321138	8321120	5
3545533	3545557	1
4714352	4714351	2
6300070	6302199	2
12768476	12768198	1
274576	273933	1
12192976	12193409	2
1480935	1480843	1
10121518	10123912	2
815762	815761	2
3614719	3614720	3
3266567	2842452	1
6959238	6961040	1
8128587	8128588	1
1087853	1087854	1
7971850	12737709	1
1490339	3026739	1
8086060	8089132	1
7261986	7258970	1
608024	607497	2
6492981	6492982	1
6401671	6401721	1
213481	3756943	1
6553287	6554259	1
9307034	9307033	5
8049798	8050062	2
3951548	3951545	1
7916333	7916336	1
420841	420844	2
11815038	11815041	1
6535874	6535813	1
9141429	9141590	3
12220743	12220744	1
4085801	4085691	5
9973044	9943721	5
3942227	3942228	2
12035801	12035802	1
9138242	3561063	1
97075	97061	1
9042065	9042066	1
10210405	9978018	1
7404748	7404747	1
8398411	8398412	2
8947846	8947845	2
8633127	8698787	5
4119560	4119557	3
7410584	7416158	1
7817228	7817225	4
7285681	7283746	1
2112198	2112197	4
9736149	9736256	1
2754644	2754688	3
4487067	4512759	1
1964967	1951285	1
3871239	3871240	3
11548445	11548314	2
10529299	10529300	3
7455385	7455386	2
5922071	5922074	4
2585034	2583125	1
461191	461192	1
10044829	10044830	2
3126985	3126986	2
8370765	8371324	5
8262172	8262169	5
2494278	2254371	5
3729640	3728101	1
8296854	8296870	4
1039779	1040326	4
1930761	1931423	6
11943983	11944329	1
1737118	1737143	1
11881299	11881300	2
6806098	6805782	1
8722498	8722497	1
8168963	8168964	4
6512599	6511172	1
1453162	1453237	2
10770789	10770790	1
8399688	8399681	2
6541312	6538423	1
7216877	7216878	2
8431318	8431315	1
7673847	7672443	2
3100158	3100157	2
2250980	10875055	1
6045251	6044822	1
2796911	5892700	1
4010625	4010626	1
1544535	1291791	1
5996702	5996701	1
12776432	12776402	1
5421677	5421593	2
870090	823977	1
920911	920912	1
10297060	10297059	1
5436177	5436178	5
7678385	7678377	1
2317251	2317245	5
4916655	4919399	1
7283151	7283142	3
8866503	8866504	1
6814513	9804437	4
3859081	3858146	2
8568668	8568691	1
292444	292462	2
11873276	10606513	1
10710900	10711691	1
709294	709293	3
8327983	8327964	4
1987765	1987766	2
12136233	12009104	4
2816850	2816849	4
2041930	2041752	3
10875054	10022954	1
12373003	12374869	2
11786331	11786334	2
1837659	1837660	2
5521248	5521235	1
9771375	9771249	1
3325475	2974934	4
7973549	7974139	1
11447886	11447949	1
6565687	6566251	2
9753891	9753892	3
3464216	3464215	3
6863621	6995882	1
1138772	7446287	3
8284877	7223262	1
1973149	9231307	1
1975409	1975560	1
2264246	2264317	2
5886079	5886095	2
6427228	6451256	4
10601133	10611662	5
3190330	3194663	1
11335565	11335566	1
12036828	12038235	1
1792073	1792079	3
6547267	6549959	1
9739778	9739775	1
10101887	10102444	1
8192007	8191792	1
10755101	10758848	1
7697745	7697746	5
8396367	8396368	2
11525123	11526251	1
3144874	3143792	1
3218125	3227010	1
7125262	7124684	2
8542406	8542405	2
7746487	10803039	1
9083875	9083876	1
10927574	10927573	2
7743210	7743772	3
3826849	3826746	1
3783873	3783874	2
6484889	6484864	1
9486034	9485637	2
541141	542601	2
9102629	9102630	2
309154	309149	1
6893358	6893311	4
116708	111681	11
9027997	9028459	1
4262676	3935388	2
1675929	1677375	1
12378205	12378240	1
6414933	6414934	1
12778021	12778022	2
1049560	1049557	1
6185909	6186168	1
3934879	3934880	7
6936020	6933689	1
3308161	3307633	1
9137278	519115	1
7373297	7373298	1
8150947	8148747	2
8241018	8241822	1
10998450	10998471	1
6910953	6936001	1
584014	583593	3
7358013	7360249	1
9147862	9147774	1
1416299	1416300	9
7538929	7538773	1
1633621	1634322	3
3683028	3683050	3
3504832	3506466	1
3561832	3594611	1
4722463	4717498	2
1406699	1406700	1
5193930	5193929	1
6846511	6846827	1
4143053	4142830	2
9794012	9794011	4
7853705	7853706	2
4650495	12685358	1
11786163	11786133	1
7880095	7835586	1
10564633	10564634	3
8979525	8979526	1
5829488	5828379	1
12376403	12376404	1
5710712	5710715	2
8920219	8920220	3
6475836	6632937	2
11892132	11892131	1
6622515	6624257	1
1681534	1681533	3
10819997	10819921	1
5792663	5792730	1
4327760	4327802	1
2682910	9767945	1
1455659	1455660	1
7809527	7808206	1
8882368	8882434	1
8300644	8300643	1
6677079	6677181	1
10416888	10415715	1
10875054	7612340	1
6493849	6493899	1
5883032	5882796	3
10889285	10889286	1
1284602	1284612	2
2910012	2910045	2
4738155	4734599	6
7294527	7294563	1
3158262	12797736	1
3483889	3484266	1
6964167	6964128	1
7155750	2262155	1
10721570	10723200	2
8890525	8890528	1
4001961	2274735	1
5590413	5590414	5
10836724	10836980	3
10323586	10318657	2
585984	585966	1
1049560	1049559	2
1408270	931596	1
3670708	3670707	2
10498901	10504998	1
11943983	11944327	3
9683210	9684000	1
9739776	9739775	1
12224504	12447775	2
9982807	9982808	1
3886323	3886324	2
4146165	4144555	1
2795217	2794830	1
11179175	11179178	2
3906251	3906252	3
1453615	1453488	1
3164392	3164391	2
1753303	1753304	3
2167946	11260221	1
10508630	10507808	4
1049558	1049557	1
3853427	3854313	1
3756942	12539582	1
3290561	3290562	2
9334443	9334469	3
2230967	2230968	1
2852672	2852577	1
5157453	5157454	4
10896837	10896727	1
11517568	11517558	1
8057192	8057191	5
5008945	5009015	1
7015177	7015064	1
2280334	2280333	3
1204908	1204907	1
6492983	6492984	1
7340601	7339644	1
938575	938576	1
3352675	3352676	1
4647385	4747759	3
5213238	5213953	2
8516774	8516752	1
7491908	7491942	2
5239899	5239900	2
11110524	11110660	1
660595	660579	1
6391968	6392009	1
12467615	12468810	1
4105356	4105352	1
712745	712746	3
9579467	9578860	1
11687342	11690032	1
1136208	1136070	1
12242708	12245341	1
4389607	4257978	1
5425552	5425729	1
2887379	2887380	4
10875054	8066171	1
5569835	5572188	1
8890527	8890528	3
7425968	7425965	2
10875054	7225616	2
7009730	7009729	2
11170043	11170044	1
11919226	11919225	4
6957326	6957370	4
174305	174306	1
6379028	6379059	1
8262168	8262167	2
1786096	1785791	1
10724199	10724192	5
11786331	11786332	1
8589791	8589792	1
3690797	3690798	1
5792738	5792650	1
7213528	7183968	3
4745784	4745773	1
9047586	9047585	1
537924	537923	2
7697747	7697748	3
3612810	3612854	1
163232	163230	1
4306862	7099999	1
6795039	1294121	1
4044185	4044186	1
1234020	1234254	1
6358753	6359281	1
6550889	6552218	1
10529297	10529298	1
11291630	11291621	1
9324723	9324780	2
10319439	10319443	4
5708946	5708945	3
7283505	7283506	2
7403787	7403788	3
10789864	10789863	2
7768073	7772414	1
2786174	2794078	1
1305041	1305042	1
531787	531788	3
825665	823734	5
4364706	4364705	6
9712845	9712603	3
7612748	10875055	1
3791388	3756943	1
4000680	4000679	1
9794014	9794013	4
9944793	9944778	5
9290978	9290977	3
12693425	3756943	1
10291366	10291542	1
303365	303368	5
8531551	8531533	1
3464218	3464215	1
3546116	3546115	1
12161393	12161396	2
8777252	8777620	1
2164056	2164055	1
4403738	4556550	1
1148218	1148181	1
8262172	11991358	1
2675297	2675298	1
1995383	1994982	1
10213326	8846452	2
2485313	2485314	1
1844507	1844508	2
7537611	7537517	1
8894272	8893449	2
8262174	8262173	7
3997352	4016477	3
9967761	9967762	2
11907405	11907408	1
9344833	9346156	1
7192388	7192390	1
6681862	6683319	1
4471303	4471297	1
7293384	7293653	13
8272477	8272460	2
1493324	1493323	3
5176100	5176099	5
7386487	7375322	1
355364	355308	1
6379028	10875055	1
4991979	4991980	1
12517828	12517827	1
3145259	3145260	1
8053436	8053450	3
7372276	7372275	6
3646053	3646054	1
6129007	6129009	1
1231470	2548702	1
9544382	9544359	3
4991969	4991662	1
10104084	10022954	1
4454489	4454492	2
5852306	5852305	1
7949182	7950576	1
9152284	9152281	2
7466497	7466498	1
8750481	8749974	3
527208	526507	3
7790187	7789230	1
7350460	7346092	1
8057190	8057922	5
11275301	11274922	1
12194414	12194413	1
11283287	11287240	7
11786335	11786147	3
6198181	6198182	5
2221167	2242829	1
10216846	10216315	1
5781756	5781793	2
10321626	10321556	3
10340677	10341008	4
9317464	9317463	4
999607	999712	3
9492170	9492169	2
11588130	9540918	1
6542452	6542449	1
10223319	10223320	10
11817985	11817989	2
11916547	11916544	2
12017814	12017813	1
5250372	5250371	1
3136780	3139010	1
9905712	9905693	1
11829716	11829715	6
601738	600502	1
2548701	2548702	2
8615309	8615310	1
6786393	6786394	3
4663025	4663026	2
6909953	6909897	1
10665985	10666019	2
3818803	3818804	5
11296649	11298202	1
10419083	10414813	1
6739652	6739326	1
4535726	4533903	1
10177558	10157371	2
362081	362084	2
2594311	2595886	1
10410866	10410865	1
2668992	2668047	1
6126706	6126711	1
11021716	11021715	4
8838189	8838266	1
9835032	8586537	1
11296651	11298202	2
2646374	2647417	1
354801	354793	1
9560117	9563925	1
12121085	12121070	1
293567	293568	1
7272956	7273998	4
1731513	1731514	1
5059308	5051361	1
2101469	2239123	1
3132971	3132972	1
1135285	1136466	2
12463132	12463546	1
688630	687763	1
1085341	1085284	1
6703153	6706578	4
5228165	5228106	1
10875054	7787448	1
761673	760970	1
7915020	7915018	1
795745	793868	3
12163463	12163464	4
8375051	8375052	1
540310	5882480	1
826585	827528	1
3227011	3218124	2
2175634	2175633	4
2343282	2343124	5
5922073	5922076	1
6240651	6240652	1
4579498	4579196	1
3869088	80393	2
11402120	11402119	1
6509221	6506172	1
6188406	6193232	3
6831906	6831905	2
5939610	5939491	4
2920472	2902189	1
10223319	10223324	4
7285679	7283746	4
5528291	5528292	5
4733256	4734330	1
6151305	6151073	1
12207065	12207066	1
9544358	9544357	2
9056038	9056037	2
8428035	8428030	2
12517266	12568071	2
11342217	11342218	2
9492168	9492165	1
6109839	6104765	3
7436108	7311368	1
2684172	2706979	4
1589786	1589785	1
2463350	2470555	4
2829373	2833685	2
12534886	12534885	2
1373325	1373294	2
10201384	9101892	1
1681532	1681529	1
5496415	5496416	1
11688449	11686425	1
10875054	2842452	1
8615333	8615308	2
11992166	11992170	2
3614721	3614722	2
3926076	3927006	1
2175634	2175693	1
9604037	9603305	1
6928222	6926093	1
6865811	6865050	4
1493324	1493321	1
7997410	7995084	1
11406998	11406997	2
2168404	2167175	4
6423566	6423565	2
1716579	1713249	2
4845513	4848030	2
2638017	2638018	2
861263	861248	1
8422751	8542364	1
4734600	4734599	5
5922073	5922074	3
10405038	10405037	1
8244558	8244631	3
3305982	3306375	1
741075	741076	1
6514241	6513548	4
12736233	12736234	2
1722411	1722412	1
5212301	5212294	3
2310824	2309878	3
3739047	3739048	1
8654208	8654204	1
5570357	5570584	4
2369720	5623271	1
4672153	4672154	4
6553291	6554259	4
2924375	2924376	3
11149277	11150252	1
8175196	8185502	1
10924658	10924657	1
6055874	6055887	2
7853703	7853704	3
11706300	11706120	1
1468349	1468369	1
6203504	6203518	1
3756942	9984805	1
5494389	5494390	6
3622931	3623038	1
1460139	1460140	1
11424775	2269529	3
10764977	10764978	1
7468908	7468933	1
11139144	11139143	1
3640029	3640030	6
6045247	6044822	3
10223317	10223318	2
7580545	7580548	1
11538679	11637972	1
1535641	1535642	4
2063873	2063874	1
7310399	7311496	1
2380536	2380535	4
11513438	11513153	1
7866809	7866351	1
284422	285790	1
8178875	8178878	1
584016	584015	3
7429599	7326043	1
975995	976102	2
8204495	8204496	2
8985933	8985930	2
10978108	10978113	1
5021145	5019386	1
12226417	12226420	1
10154643	10155402	1
6427230	6427229	4
11768949	11768950	2
7586472	7586116	3
8993853	8997770	1
7637001	7637002	3
5341254	5341207	2
6362741	6362921	1
6839746	6839745	2
8462787	8462972	1
666671	668354	6
6505251	6505252	2
7948469	7949172	4
1800225	1800226	1
2593290	2593289	1
7593598	7592521	2
10289865	10289866	2
4454491	4454492	3
11546665	11546666	2
11000690	6490913	1
11075881	11075951	1
529311	529312	3
6899145	7178614	1
7144629	7144630	4
2862980	12208116	3
12121069	12121070	3
3124258	3124229	1
3966971	6179528	1
3640027	3640028	11
2190245	2190246	3
178916	178915	1
5020424	5020427	2
797569	796105	1
3126963	3126120	1
9261390	9261381	2
993165	993166	4
741061	741074	1
6792429	6809883	1
653462	653359	1
8739199	8739200	2
12629753	12629755	1
2002540	2002650	3
11478475	11478476	2
5691140	5691139	2
12127019	12231763	3
739314	739313	1
4834489	4834717	1
6423573	6423567	2
7266291	7266693	1
8178877	8178878	2
9476962	421947	1
3415354	4842625	1
530977	553051	1
11878953	11878954	3
186003	186087	2
5889522	5889519	3
2006484	2003761	1
9310536	9310523	3
11138613	11146895	1
6729139	6727505	1
11389830	11389833	1
10263781	10263782	1
5148808	5159492	4
3525441	3525444	5
6754111	6754518	1
9931972	9931865	3
11120344	11120343	1
7142361	7142366	1
11154228	11154227	5
8890525	8890526	4
11040995	11040998	1
2163838	2164057	1
12533777	12533664	1
3395730	3395694	1
9086531	9086521	1
5922075	5922076	6
8212585	8212143	2
7681103	7681106	11
12533661	12533662	1
10494844	10494847	1
5440982	5440990	1
12136024	12136023	3
281920	282868	1
7936780	7936765	1
7849743	1768591	1
8899275	8899276	1
9856506	9856560	1
5004439	5004440	1
8703077	8746877	1
1826989	1829035	1
9568943	9568756	1
2040582	2040352	5
5658955	5706179	1
7671638	7578966	1
1416301	1416302	7
10482822	10488345	1
3095244	3095014	1
4648212	4647508	1
297197	297242	2
5436179	5436159	3
4370005	4370706	7
5376854	5376730	3
9833659	9833660	3
9013630	9013629	2
11335563	11335564	3
1288181	1288184	1
12756981	12756982	2
4733254	4734330	1
11620704	11620709	4
8496726	8491853	1
60539	6450072	1
5266300	5266302	1
12027214	12024314	1
11984521	11984522	2
3640749	3599932	1
6634730	6634733	1
967655	967656	1
3801492	3801291	1
11268362	11268541	2
7074220	7075385	1
1756351	1756352	1
6416105	6416112	2
1822501	1822855	1
2684385	2684386	1
4027435	4026751	1
10727209	10727210	4
7409566	7409569	1
11585197	11585198	1
11169353	11170042	2
7517527	7506257	1
10337183	10337184	3
359097	747612	3
4306862	4305840	2
12533777	12533662	1
9429679	9429680	1
318647	530565	4
1057667	1057385	2
12121085	12121068	4
470839	470840	1
10413213	5728188	1
11619036	11460021	1
5896883	5896884	3
11152625	11152632	3
8003003	8002641	3
9567464	9586907	1
10032002	10032001	2
6563989	6562652	1
5709687	5709812	1
7964416	7964404	1
10216911	10216902	2
11092888	11092887	1
9277863	9274047	1
7751093	7747953	1
2472373	2472376	7
7697745	7697748	1
1101583	1100662	1
6333255	6333256	1
3820577	3820578	1
1203966	1204039	3
6831941	6832794	1
3294312	3294311	1
1574534	1574533	4
9986246	9987360	2
8869997	8869998	7
7226471	7226415	2
6203519	6203520	1
6683318	6683317	1
5500786	5500785	1
3491749	3556860	4
8190739	12450580	1
1068948	10994831	1
4469380	4469453	1
7015177	7015178	1
11316057	11316058	1
12629030	12629029	6
3830795	3830616	1
3460920	3756943	1
171648	171645	2
11566200	11566199	1
2875447	2875441	1
9823537	9823508	3
7403785	7403786	3
8969757	8947845	3
7212807	7212810	4
11787872	11787875	2
10875054	6379059	1
3244477	3244453	1
10877816	10877809	1
9911103	9911638	4
9250611	9250612	1
3670920	3670917	1
3464218	3464217	4
3050998	3050970	2
3374342	3374341	1
5621064	5623282	1
10500018	10499997	1
7464328	6490913	1
9492166	9492165	2
5882797	5882798	2
7242606	7242657	1
5528293	5528294	3
8675431	8675434	2
10164255	10164256	1
1496371	1496608	1
9056038	9056035	2
4044183	4044184	1
11832319	11832322	2
11991425	8891797	1
11909420	11678046	1
7672519	7664055	1
4086896	10875055	1
4272494	4272342	1
5936277	5936272	1
1786096	1785793	1
10217825	10223316	1
4563563	4565190	4
5020428	5020425	5
4246774	4246767	1
8168995	6488311	2
5421675	5421593	2
11738700	11738699	1
7125031	7139630	3
9544382	9544357	3
2447483	2444925	1
10646772	4783333	1
3576411	3438273	1
385624	385623	3
7319165	7319166	4
10508632	10507808	1
8366338	6641540	3
5537631	5537632	2
6493017	6492103	1
4056799	1286469	1
10722821	10722822	7
7937774	12400997	1
11218724	11218723	1
3785673	3779841	1
9492170	9492165	3
10128675	10128676	1
5127937	5127909	1
12389044	12390345	3
5577416	1087358	2
4648214	4648213	2
6682593	6682500	1
10368530	10375244	1
10379039	10379042	1
7949502	7946910	1
9250607	9250610	1
3613405	3613151	1
5577416	3152622	1
8248299	8248300	3
10875054	6659069	1
7770018	7826722	1
5541137	5542277	1
6550825	6547254	1
3527131	3527178	1
5383511	5383512	5
2134138	2134137	1
7177848	7177777	1
11402043	11401829	2
12161397	12167485	4
7963453	7963451	4
7109230	7109240	1
7709540	7709909	2
1722409	1722412	1
920909	920910	2
4264170	4264169	2
2010692	2010708	3
4281972	4277582	1
7878299	7874707	1
4370003	4370004	9
7207614	7207613	4
7741068	7741067	2
6415366	3284949	1
4360252	4360255	2
8299972	8300645	2
11339143	11339061	1
10508632	10508631	5
6101461	6101439	3
591039	7426355	1
9988465	9987159	1
11378196	11376475	3
1579670	1579630	1
142366	140019	2
6505324	6505322	1
6416176	6416155	1
7640203	7637002	1
9296721	9296718	1
12147895	12182946	1
4020169	4021927	1
52636	52622	1
3168323	3168312	1
6703151	6706578	1
11570940	11569232	1
11731448	11731501	1
5495120	6490913	1
10924660	10924657	1
660578	660577	1
10903868	10903265	1
5046717	5046246	3
12186957	12186958	2
3972444	3973082	1
9436033	9429997	1
3247852	7690021	1
6823868	6823865	1
3909681	3909682	1
7350458	7346092	3
2305932	2305931	1
11614178	11614126	1
8626948	8625834	1
3801092	3801095	1
7131875	7124740	1
3238118	3238079	1
5897963	5896882	3
3133664	3133663	2
3136778	3139010	7
3799163	3799431	1
9013632	9013631	2
5506821	5506822	1
7350955	7351067	1
7785770	7787455	2
9526091	11411009	1
4585126	4584795	1
9688736	9688704	2
12004773	12001044	1
10840960	10840957	1
3405869	3405870	6
9390831	9390834	1
10926836	10926435	1
2644331	2644169	1
3756942	11174818	1
6754574	6716214	2
6713832	6713822	2
630678	630677	2
11249303	11249304	2
6555372	6555371	3
9026204	9026215	2
7016617	7016558	2
675587	675336	1
7517527	7517530	4
2262158	2262157	3
7289841	7289819	2
3491746	3491745	4
7853703	7853706	2
12776521	12775570	4
11786331	11786147	3
1596561	1597693	2
1535892	1536131	1
4448124	4448344	1
7699182	7698950	3
2737407	2737408	4
9290845	9290986	3
938573	938574	1
2706978	2706977	3
7637003	7637004	1
2175632	2175693	4
7438056	7438053	1
1287539	1287540	2
9685073	9685087	4
3367458	3367442	1
8193303	8193306	2
6107104	6112644	1
3903310	3902314	1
6429152	6429619	2
10027151	10027149	1
6599264	6599263	1
9306366	9304174	1
7204771	7204772	5
2530147	2529455	3
12055311	12054239	2
259690	260717	1
1885571	1884314	1
6851584	6851544	1
215046	215184	4
12485269	12485270	1
11629934	11406999	1
7619139	10097670	3
9310538	9310523	3
3814323	3815367	2
1265905	8294933	2
6845913	6844762	1
3614731	3613651	3
8478189	8478174	2
7611640	7611639	3
2163838	2164055	3
8067165	6970558	1
5878061	5878062	1
9992875	9992876	1
3083985	3084118	1
11273415	11274106	2
7003326	6866369	1
9685073	9685074	2
5583279	5582836	1
1183221	1850246	1
10223321	10223324	9
63417	63420	2
8107047	10375358	1
12660592	12660591	1
10825125	10825126	3
2819290	2819289	5
9921197	9921198	2
5886096	5886095	3
5764287	5764288	1
10905566	10905565	8
1299728	1299538	1
10285049	10285382	1
1099088	1099087	2
9091565	9925409	1
9967763	9965389	1
9715394	2359829	1
67870	67867	2
8362446	8363601	2
11316055	11316056	5
8242477	8239521	3
11848899	11542895	1
5577416	11118744	1
4334421	4334422	3
7128960	7128959	1
292444	292460	4
10398767	10398762	4
2044219	2044217	1
8733331	8734081	1
8681763	8681766	1
1149508	1149507	5
10185974	10185692	1
10338723	10338691	1
12038389	12039189	6
12323191	12323192	1
5484238	5487954	1
3255212	3254012	1
4672153	4785376	2
8790921	8785282	2
2819409	2819410	1
5693923	5693924	1
10997617	10997618	2
10141550	9030342	2
4797511	4798469	1
4467405	4470529	1
560923	561217	4
3470637	3470638	2
5482881	5482882	2
9972	9971	1
6564933	6812628	1
2664728	2664817	3
9298931	9298913	1
1569672	1570034	1
8292946	8292938	1
11960981	11960983	1
5332270	5332269	3
1558570	1558569	2
8326557	8329515	1
11991359	8262167	1
11676229	11677720	5
4878437	4878434	1
5266281	5266282	2
1288181	1288182	6
10255909	10255910	2
9759248	9759136	1
12475414	12475380	2
9992972	9992971	1
4985591	4985592	1
8262172	8262167	2
11463789	11463718	2
7535787	7535788	1
9165162	9160063	1
7950500	1544325	1
8205571	8205540	1
5824116	5824115	1
7787069	10875055	1
4010709	4010693	2
5920188	5920173	1
5429150	5428556	1
7530728	10059175	1
10217823	10223316	2
10043719	10059983	1
713406	712744	2
1797094	3756943	1
11463719	11463720	1
3756942	7315434	1
8904240	8904139	5
2840175	2838078	1
11864267	11864268	1
11394575	11394620	1
7141711	7141613	1
6424229	6420212	1
10255821	10255913	1
11384172	11384164	1
7728130	7728125	1
10735290	10735194	1
6716215	6716216	1
11524599	11524602	1
50073	48912	2
5046247	5046248	2
9007562	9007565	2
9447461	9447518	2
1315170	1308831	1
10222601	10221816	1
7404682	7404749	1
5009678	5009677	1
7890030	7890046	8
5507755	5508129	1
3834295	3834302	2
5927535	6171539	1
7198105	7198106	2
10924660	10924659	1
7410802	7410357	3
11334036	11337181	1
3571378	3571373	3
10506281	10506282	8
4284379	4284380	3
8503441	8503442	3
11297623	11296548	1
5499899	5499902	1
3595878	3595877	1
8518194	8514873	1
5157661	5157684	1
7652348	7695842	1
7786837	7673844	1
11236483	11235771	2
8692262	8702565	1
4840843	4840846	2
3316575	3316576	3
8066228	10875055	1
6906226	6906410	1
241423	245867	1
7653779	7653764	1
1480933	1480934	1
1826452	1826449	2
2316312	2316327	1
3254007	3256366	1
825663	823734	3
10887102	10884119	4
3008354	3008461	1
12488917	12645948	1
4733322	4733319	1
2380684	2380534	5
2356211	2356406	1
11531225	11531226	2
5283801	5283802	1
1885569	1885570	2
12715447	12715428	1
4608499	4608500	3
7155666	7155665	3
5043464	5043461	1
10301014	10301008	1
11786333	11786334	1
2179462	2249555	1
3934881	3934882	1
9530239	9763346	1
6926493	6945562	1
11588128	9540918	4
2352465	2352466	4
10875054	4086901	1
2837207	2837100	1
10636206	10636205	3
2245742	2245739	1
7454718	7451856	1
10270904	10270903	2
10805899	10805934	1
7311475	7311503	1
7207513	5365947	1
3798260	3797436	1
5936136	5936135	1
4850011	4846426	1
6729139	3440093	1
219064	219160	1
8764361	8764362	3
8738863	8742092	1
5444841	5444649	1
8345422	8345421	2
10720090	3756943	1
12721002	12595666	1
3109647	3107799	1
8227613	8227634	1
3985093	3985090	3
4439800	4439850	4
6809881	6809882	5
10524616	3275885	1
9318961	9318927	1
4241737	4240188	3
10875054	10903265	1
3039971	3041543	1
10365012	10365011	5
4328331	4328368	3
4025981	4025982	4
9235274	9240589	3
6497736	6498010	1
5421675	5421676	2
12800220	12748278	1
3913215	3913102	1
2492717	2492720	1
5922071	5922072	3
6685296	6685293	6
12629028	12629027	5
3854342	3853551	3
12471390	12471387	2
3281016	3281018	1
9486034	9486033	5
7640203	7637000	3
3250114	3250113	3
3352675	9865232	1
12645780	10875055	1
3966971	6179524	3
6914501	6914502	2
7492266	7492289	2
6739652	6739324	6
67866	67865	1
9084190	11076673	1
1237028	1236895	2
1288183	1288184	5
5714649	5693984	1
7059677	7059669	2
7350460	7350459	4
9688921	9691361	2
12467614	12466769	3
3871211	3872868	1
3743230	3743233	1
6832503	6832504	3
9925188	9925187	1
609569	602173	6
5495464	5495468	1
12192978	12193409	1
7685941	7685942	3
10353994	10354185	1
3905694	3905503	3
3756942	9438980	1
4350490	4350489	3
3105235	3105236	2
3078545	3078548	3
353047	353050	4
2609800	2583914	1
9108915	9108916	1
2252713	2253186	4
3386480	3383859	1
4439800	4439852	3
12206966	10875055	2
8733558	8733557	1
5640465	5640466	3
2715377	2715378	2
8066228	8066171	1
11824018	11826198	2
11907407	11907408	1
5020428	5020427	3
5235496	5235475	3
12736233	12736240	1
3086189	3325090	1
189005	189006	1
7239278	7239277	4
11406014	11406013	4
7591345	7591536	4
7226471	7226417	1
12417017	12517825	1
2183433	2183470	4
5750769	5750772	1
7252008	7252341	2
11782213	11782214	3
1526683	8437976	1
3004257	293509	1
9235276	9240589	3
6423134	6422811	1
9992877	9992693	1
6584808	6584908	1
2639931	10875055	1
11907405	11907406	2
7913467	7771669	1
940037	698135	1
10253763	10253764	5
7928252	7928937	1
10919505	10919515	1
4672155	4785376	3
4876200	4876104	1
10031994	10034661	1
11406012	11406011	4
8502753	8499878	1
9186544	9186547	1
1091322	1091335	2
6476194	6476193	1
8320638	8320694	2
3520988	302091	1
7711111	7711078	1
2537154	2532013	1
3028196	3026160	1
6918201	6914500	4
6401749	6401672	1
2238292	2238274	1
6831904	6832504	1
7372274	7372273	6
6355833	6355813	1
3231871	3231875	1
7453047	7453042	1
1726144	1726443	3
10521199	10521200	1
11540881	11540882	1
7404682	7404747	3
8969757	8947847	1
4044187	4043165	1
11040995	11040996	2
11332544	7705184	2
748572	748575	1
8809044	8809046	3
3042665	7735887	4
11493851	11493330	2
2417066	2417063	2
4370003	4370706	1
9307842	9308058	1
12319517	12319518	1
6430863	6447126	2
6741054	6741053	2
2277948	2277947	3
12736235	12736240	2
12051707	12051913	1
7106598	7106663	2
5069378	10875055	1
7964403	7964404	1
9487409	9487410	2
12551705	12551706	3
8193972	12741682	2
422064	422063	1
2869549	2869550	2
5360031	5360032	1
5750767	5750768	1
3158602	3083611	3
1574536	1574535	3
7252189	7252245	1
10222813	7619944	2
4991987	4991978	3
11369018	11369062	3
2468529	2468613	1
3405867	3405870	1
5653896	5653899	1
8262172	8262165	3
3942225	3942226	4
12417017	12517827	2
6706197	6706198	1
540310	10875055	1
1469401	1457356	2
11588130	11588129	5
10825127	10843818	2
10216365	10216366	2
8180810	8180809	2
1930759	1931423	2
5009676	5009673	1
11139086	11139085	1
12796051	12796052	1
11275615	11275247	2
9179384	9179383	1
3004255	3004256	6
10253767	10253768	2
7699182	7698952	2
8398421	8398422	1
9719696	9719699	1
12039397	12039398	2
7431968	7431742	1
3043433	3043434	4
3028475	3029237	1
67870	67865	2
365281	333367	3
6684220	757779	1
12534419	12534389	1
3977310	3977253	1
8947122	8947121	1
7464701	10061648	1
6242242	6242241	3
7902815	7902816	1
11170890	4492538	4
1765946	1765945	1
5176104	5176103	8
79370	80404	1
4583985	3756943	1
871490	871954	1
4738155	4734601	8
11179173	11179174	9
1089817	1088876	1
3500448	3500440	1
8248301	8248823	1
3131226	3131143	1
402306	402289	1
5896159	5891046	1
9245600	9245599	2
11658475	11649036	1
8921074	8921561	3
12629030	12629027	1
11768947	11768948	3
9783802	9783766	1
2566217	2566218	2
194657	194549	1
2266727	2265964	2
2395859	2395860	1
6199753	6198985	6
2612460	2612370	2
3083765	3157190	1
6396717	6396718	3
4922910	4922913	1
2700452	2700451	1
2700450	2700449	4
6454529	6454532	1
10570156	10570149	1
7664129	7686831	1
6717272	6736238	1
6989108	6989115	1
9047580	9047592	1
1964967	1951287	10
3756942	9108672	1
12611473	12611474	3
8570468	8570467	1
2749435	2746775	2
2872084	11975774	1
9885990	9888099	3
11686426	11686425	4
7792772	7792771	1
4072819	4072841	1
11512090	11521429	1
2785907	2786974	1
10251970	10251978	2
7660645	7660682	1
6779780	8288271	1
10540809	10540810	1
8173148	8173216	1
2548701	1231471	1
3327514	3756943	1
5244887	5243357	3
5207303	5209043	1
3756942	10774919	1
11139088	11139087	4
225711	222151	1
11410273	11410274	2
5689972	5689382	1
6712016	6712973	3
4709713	4709718	1
6008112	6008092	3
9685075	9685087	2
7817230	7817229	4
10696408	10696452	1
9832811	9833658	3
4262980	4263034	1
1233983	1233866	8
7530921	7530457	2
4059278	4059238	1
524501	524553	1
5590415	5590416	2
4815036	3756943	1
11706302	11706301	1
10989416	10989326	1
5436158	5436178	2
9152286	9152285	2
2616928	2616927	2
11901783	11899138	1
11850462	11850461	4
11307974	11307980	1
5042083	5223896	1
5710714	5710713	1
10141317	10141318	3
10981647	10981648	1
238791	238792	1
6045247	6045250	1
719019	721601	1
12620971	12620972	1
6698892	6698156	1
8530786	8530783	1
1468349	1468350	7
7863027	7863040	3
10452367	10452306	1
12052902	10875055	1
9854915	9856423	1
12599138	12601265	1
9310538	9310537	1
3869101	7685942	1
10918629	8440478	1
9503179	9503164	1
9530723	9530724	1
12808915	12809523	2
9307036	9307035	4
2920570	2920569	1
6873882	6873879	3
10207953	10207954	2
12533661	12533664	2
11832323	11832095	1
8706980	8706979	2
2344275	2352464	5
7698951	7698952	2
8738863	8742090	1
7180135	7180130	1
6329054	6328648	3
295206	293566	5
11275615	11275616	1
7770550	7770549	4
7964416	7964402	2
6553287	6553290	2
6774827	6773034	1
4086896	4086901	1
1666799	7951804	1
3246663	3246664	4
1403758	2305933	1
6957329	6957330	2
6719417	6814930	1
10145306	10145305	1
3405867	3405868	7
1681530	1681529	3
9468527	9468578	1
1757158	1757143	1
6104884	6104870	1
2442757	2443241	2
8424364	8424377	1
8947017	9120813	2
650376	651048	2
362294	398119	1
917748	917601	1
11753146	11753145	1
7706527	7706528	3
10789866	10789865	2
6961784	6961783	5
3954979	3954980	2
2340037	2341148	3
9354748	9354751	1
3696624	3696600	6
3818799	3818804	1
9721905	9721906	1
12184257	12184258	1
10367362	10370681	1
4299281	4299235	1
11296653	11298202	3
3356618	3356751	2
768178	769032	6
6518146	2890693	1
11236790	11237173	2
4439851	4439852	3
1094010	1095132	1
5886079	5886097	5
11854460	11854463	3
11556890	7787448	1
8706419	8706420	1
8398901	8398902	4
4328472	4328475	1
5201273	5201274	1
6423573	6423565	1
838311	838314	1
309152	309149	2
4253756	4253863	5
755231	754348	1
2819411	2819281	1
4535645	1288180	7
8328932	8328863	1
6523923	6523926	6
4433290	4433299	4
3703977	3703648	5
11914978	5365947	1
8664730	8664729	2
2388360	2491996	1
7087774	7083515	2
1358808	1358807	1
11275617	11275247	1
5291897	5192887	3
1059569	1059570	1
3870020	3870017	1
3756942	4815016	1
12052902	12052774	1
12048764	12052376	2
1180248	4810983	1
12627249	12627250	1
10250959	7712106	1
4306862	1795213	1
12682719	12682720	1
754603	754594	1
4070667	4070184	1
6309681	6309704	1
10032002	10084591	1
2472352	2472568	1
6002599	2089682	1
3354444	3354443	2
8626124	8625833	2
3830132	3830131	2
3146814	3146857	1
7817230	7817225	2
561757	503223	1
11869281	11869278	1
8800336	8800335	2
8768465	8768466	1
1480295	1480177	1
631414	631005	1
7411571	7411705	2
3573619	3573519	1
7153591	7153594	1
652816	650395	1
3605110	4466116	1
292461	292462	3
3756942	11419875	1
3937176	421438	1
6311073	6312086	1
2472991	2472372	10
5250116	9151801	1
7988300	7987509	1
238155	238156	1
1586629	1586630	1
44421	44422	1
12466303	7125030	1
6681656	6455887	1
7048573	7042982	3
9300083	9300084	2
6425610	6538920	1
7330100	7326693	2
5004437	5004438	1
2762171	2762174	4
11698110	11768841	1
6179525	6179528	1
691308	688066	3
4027433	4027434	2
9510587	9511888	1
32801	3132613	1
10104084	10875055	1
5421675	544247	1
11905189	11905190	1
11115492	11115727	1
4454489	4454490	5
10125186	10126174	1
5487457	5483092	4
11104017	11104020	2
3099874	7445043	1
7787069	11556891	1
3934883	3934884	1
9646487	9646490	3
8633125	8698787	2
1997199	2003506	1
3966971	6179526	1
12445588	12445587	1
11587251	11585693	1
7742535	7742536	1
9290976	9290975	4
7676077	7788076	1
6126261	6126262	1
3756942	6083595	1
628102	628101	1
10672711	10674528	1
420977	420996	1
9959896	4262447	1
8808472	10140894	2
3136780	3136779	8
1111156	1111153	1
6696471	6697313	1
11021716	11021713	2
11730771	11730772	3
12517826	12517825	3
11064036	11064035	3
4650493	4650494	1
5697084	5696119	3
4642262	4642244	4
