fend1	fend2	count
570222	570221	1
2082447	2082452	1
2639471	2639472	1
5343755	5343765	1
5262606	5262605	1
7373459	7373462	1
1649816	1649886	1
1467599	1467600	1
1855727	1855700	1
7169868	7169867	1
4508524	4508521	1
8235890	8235889	1
4026003	4026004	1
6947048	7255227	2
11613653	11613660	1
1515348	1515347	2
9735910	9735909	2
7897826	7897825	1
4332390	4605949	1
6428855	6428856	1
11104562	11104559	1
6718376	6718380	1
2863772	2863771	1
377698	377733	1
1921860	1921892	1
11504851	11504854	2
5623807	5625963	1
7905796	7905795	1
4694635	4694636	2
6649827	6649825	1
3899434	3900211	1
7358920	7361771	1
9490602	9490601	5
8779420	8779419	2
10006528	10006527	1
11150706	11150875	2
10354287	10355336	1
5763418	5763417	1
10372991	10372992	1
179316	179315	3
2736462	2736461	1
4815372	4815371	4
6359462	6359461	2
8352208	8352207	1
1981573	1981574	1
4060910	4060907	1
6160080	6160083	2
9965677	9965816	2
8511099	8512800	1
10383339	10383334	1
7625007	7625008	1
9605337	9604335	1
7780415	7780416	1
6718457	6718458	1
4106145	4106146	2
7783662	7783661	1
3006119	3006120	1
8662879	8662880	2
3801588	4035214	1
1976273	2309229	1
12506115	12506116	2
2616636	2086663	1
6663445	6663450	2
6834661	6834662	1
5806707	5806708	1
5256370	5256369	1
1422427	11820209	4
427742	427741	3
741352	833239	1
8662881	8662884	2
6959670	6959669	1
2605634	2604678	1
1783389	1783390	1
6322633	6322634	1
5221488	5221487	1
6282987	6282822	1
11210734	11210733	1
11605053	11605054	2
3105972	3105976	1
6718455	6718458	1
962760	962759	1
4037069	4037070	1
6723450	6723449	1
5406562	5406559	1
4516866	4516865	1
12000966	12000965	1
1655510	1655513	1
8355324	8355323	1
8163170	8163169	1
5077787	11723980	1
9707865	9707866	1
9144219	9144220	1
5523296	5523295	1
480378	480377	1
6650549	6650550	1
11355648	11355647	1
12730012	12730023	1
6806032	6806031	1
5599816	5599815	1
8490725	8490727	3
4035209	4035212	1
1360087	1360088	1
8361325	8343593	1
10498271	10498313	1
8578627	8578628	1
6110167	6110168	1
5545387	5545388	1
8183139	8185963	1
7835804	7835807	1
9606399	9606400	2
4265495	4268451	1
7835806	7835805	1
1419708	1231653	1
739825	741161	2
3039862	3039861	2
8188165	8188166	1
12388936	12388935	2
8342530	8342529	1
7305553	7305554	1
3672732	3672731	3
8166905	8166906	2
7031016	7031726	2
986408	986407	1
11059433	11059152	1
6722307	4516558	1
4488462	4488461	1
7370156	7370155	1
12451787	12451788	1
7000568	7000545	1
7331702	7331701	1
3703124	3703123	1
6064303	6064275	1
12562066	12562065	2
9642844	9642841	1
11144128	11144127	2
8294155	8294156	1
1567826	1567849	1
2877543	2877544	1
2616657	2616658	1
4767999	1331125	1
871180	829275	1
7304089	7304090	1
7485334	7485333	1
3985183	3985184	1
3600229	3600230	1
4271974	4271940	1
3635842	3635985	1
3072613	3072614	1
3977316	3977315	3
9849231	9842516	1
9234686	9234683	3
5915111	5915112	1
8271035	8271004	1
2678691	2667373	1
2956465	10411850	1
4818624	4816518	1
1624912	1624911	1
9639724	9639723	2
8242608	8242611	1
9355353	9355359	1
12451793	12450986	1
9634976	9634975	1
9894859	9894864	1
12133011	12133012	1
5669076	5669075	1
8566827	8566065	1
4753160	4753159	2
5342448	5342451	1
9800027	9800028	2
2966295	2966298	2
12358260	12358259	1
9039860	9039857	1
4753156	4753161	2
4774279	4774280	1
3209312	3209311	1
11039357	11039360	1
7989268	7989273	1
8343592	8343589	1
4125994	4125993	1
8289411	8289412	3
7896499	7896500	1
6324524	6324507	2
4036263	4036264	1
10961627	10961628	1
6732293	6732294	1
12390099	12558689	1
7077360	7067358	2
5899803	5899811	1
3047897	3047898	2
5236152	5236151	2
426890	426889	1
5283391	5546443	2
6890372	6890371	1
249995	249996	1
6086198	6086197	2
11346041	11346042	2
1981575	1981576	1
560767	560768	1
5853262	5853261	1
6666536	6666535	1
7071706	7071705	1
6554347	3156296	1
9545401	9545402	1
4268450	4268449	1
380929	380930	1
6089026	6089025	1
6945787	6945788	1
1419148	1419147	1
12173375	12173376	1
9611396	9611395	1
10390655	10583679	2
1061183	1061184	4
4472201	4472243	1
11339429	11339436	1
5853260	5853259	1
10617177	10617178	2
1586610	1586609	1
8993824	8993852	2
6324526	6324507	1
862171	862174	1
12431755	12431756	2
8197547	8197548	1
8782134	8761316	1
8412023	8412031	1
10513323	10513324	1
4503561	4507939	1
6960275	6960155	1
5343764	5343763	1
915047	915048	1
8233123	8233023	1
4423114	4423109	2
3977314	3977313	2
5135786	5135785	1
4760188	4760187	2
8608283	8608284	2
12376252	12376251	1
9011270	9011269	1
6400333	6400330	2
6649023	6649024	1
12230911	12230875	1
11641819	11642360	1
5395332	5395331	1
7278922	7279365	1
9263079	9263080	2
10616579	10616580	2
5949840	5949839	1
2611072	2611079	2
9578115	9578116	2
8441208	8441205	1
6709050	6709049	1
9833262	9833261	1
7118694	7117901	2
7493238	7493233	1
3080303	3080304	1
12271052	12270981	1
3385958	3385961	1
6064276	6064275	2
5889893	5889894	1
169622	169621	2
12442690	12442689	3
6811483	6811484	1
5935730	5935729	2
11820208	11820207	3
12659404	12659403	2
1761846	1745115	1
8341993	8341984	1
1181731	11091305	1
8242612	8242611	2
5519646	5519645	1
7805338	7805343	1
5134723	5134724	1
6575584	6575583	2
2747913	2747914	2
8395667	8395670	1
4462101	4462102	3
12143929	12143930	1
6635182	6635181	1
6826124	7060055	1
9171272	9171271	1
6649025	6649038	1
8601969	8601972	2
7281421	7281346	1
499729	499730	2
12009401	12009402	1
8452938	8452937	1
12043022	12043021	1
6432158	6432157	1
2980236	2980233	1
2061587	2061509	2
12289807	12289808	1
2812611	2811515	1
174365	174366	1
8452261	8452939	1
7078358	7078363	3
3977214	3977213	1
86779	86782	1
2563459	2562846	2
6363323	6358682	1
6710071	6710072	1
3494524	3494529	1
4628066	4628071	4
12562064	12562063	1
1351140	1351139	1
545183	543913	1
12632801	12632790	1
7545003	7545004	2
10493839	10493639	1
7326407	7326408	2
4689628	4689627	4
3126892	3126889	1
10505356	10505355	1
6598837	6598842	1
3214841	3214848	2
9131283	9133830	1
1841106	1841105	1
1687629	1341371	1
11100015	11100012	1
5612799	5612800	1
6246459	6246464	1
7482046	7482045	1
1459555	1459556	1
7093215	7093216	2
1259112	1259111	1
7653580	7655049	1
3880039	3880040	1
3444713	3444714	1
8202827	8202828	1
6976272	6976233	1
653139	653140	3
2000799	2000802	1
10422359	10422362	2
9355350	9354822	1
4205567	4205568	1
5821573	5821574	1
6716974	6716973	2
2393368	2393392	2
3214843	3214848	1
7817699	7817700	1
11435747	11435722	3
5361879	5361242	2
8662879	8662884	2
861501	861394	1
2973184	2973183	1
11898567	11898590	1
952896	952895	1
1794208	1794205	2
4914370	4914369	1
3014829	3014808	1
11210734	11210731	1
2611074	2611073	3
464236	464235	1
7185345	7185330	1
7305813	7305814	1
8242608	8242613	2
6752168	6752167	3
6137048	6134435	1
12451789	12451792	1
7125498	7125497	1
11546533	11546534	1
12759605	12751980	1
12389753	12389754	1
6657432	6657431	1
10260668	10260692	7
614800	838863	1
11039355	11039356	2
8949633	8949634	1
3752438	3565050	1
9760500	9760499	2
3756433	3724488	1
7989272	7989269	1
10038191	9988405	1
12394520	12394331	1
1672458	1672457	1
12665615	12665618	1
2764803	2765042	1
7502759	7502797	5
4205565	4205566	2
2716760	2716759	1
7056711	8165582	1
1586182	1586185	1
874895	835225	1
3063894	3063889	1
4452194	4440729	2
6588549	6588123	1
9418901	9418902	1
12772585	12772586	1
944411	943484	1
12449364	12449363	1
4689630	4689629	5
5741303	5741210	2
6711388	6711383	1
4850130	4850129	1
8013675	8013678	1
6690528	6690525	1
540388	540387	1
4850128	4850126	1
12173377	12173378	1
512797	512701	1
8405610	8405609	1
186259	186260	1
4340452	4340454	1
8601973	8601976	1
8353766	8353774	1
1606701	1607360	1
12699856	12699853	1
836772	836771	1
9007265	9007266	1
8191634	8188251	2
10823505	10823506	1
2787961	2787962	1
7130594	7130589	1
3600231	3600232	2
8540322	8540321	1
1502010	1500644	1
7339369	7339370	1
4036576	3797231	1
11209970	11210009	1
6669851	6669852	1
7866845	7866846	1
9045170	9045169	1
6166295	6166296	1
7610229	7448856	1
10700027	10558150	1
3423089	3423090	1
7611385	7611406	2
5899803	5899813	1
8674754	8674884	1
7964401	7964406	2
5136140	5136137	1
12435463	12435464	1
7968330	7968327	2
10677604	10677699	1
2352457	2210485	2
6740008	6749771	1
7083745	7083742	1
1625702	1625701	3
5519778	5519777	2
3710250	3708643	1
12768651	12768529	1
6935158	6935157	1
10961625	10961626	1
8563916	8563915	2
2851173	2851174	2
7972009	7971758	1
11822418	2044287	1
6416126	6416125	1
8433114	8433113	1
6636299	6636300	2
7177996	7177995	1
828940	828939	1
2806260	7896498	2
7985882	7985881	1
8235892	8235891	1
313761	472744	1
6600894	6600893	1
7450876	7450875	1
8512597	8512598	1
10591115	10615691	1
8310023	8310024	1
10729715	10729716	1
5692381	7460599	2
1790389	1790390	2
12654172	12654171	1
2980238	2980237	3
531814	531813	1
6951914	6951913	1
5698652	5698618	1
9299004	9299003	1
5330047	5330052	1
6636056	6636055	1
169624	169623	1
959705	959700	2
5955819	5955820	1
8319246	8319245	2
5523298	5523295	1
6396752	6396749	1
9253471	9253472	1
3124662	3091775	1
516658	516657	1
5037896	5037895	1
12040754	6378232	2
12506117	12506120	2
6375236	6382712	1
7808268	7808271	1
10677473	10677474	2
2342116	2341524	1
10130676	10130621	1
2634852	2638687	2
9578140	9578114	1
6734295	6734322	1
4322558	4322555	1
4423691	4423692	2
8491863	8491864	1
5989927	5989928	2
9133243	9133341	2
10944929	10944930	1
11391776	11391742	1
6064957	6064952	1
475362	475361	1
5904520	5904511	1
8163172	8163171	1
465889	465890	1
9894588	9894585	1
2716762	2716761	1
834810	834809	1
11079333	11079334	1
1494078	1343169	3
2804891	2805059	3
5397315	5397318	1
12526378	12526377	1
7783664	7783663	2
10398763	10505357	1
4784278	4784248	1
11673215	10182027	1
8404178	8404177	1
9273703	9273704	2
7049180	7049179	1
6086196	6086195	1
6716960	6716973	1
4633108	4633107	2
9261321	9261398	2
7444418	7444417	2
4198207	5572333	1
8294157	8294158	1
2253051	2253052	2
9356134	9356133	2
9543856	9543621	2
2716691	2716698	1
6336641	6336642	1
11570796	11570795	1
5832851	5832852	2
1804192	1802279	2
8695522	8695521	1
4405859	4405862	1
1459557	1459558	1
6811481	6811482	1
11221945	11463125	2
4679	4684	2
8237468	8237467	2
9102147	3105976	1
9592146	9592145	1
9337919	9337920	1
6396617	6396670	1
487357	521751	3
4137634	4137627	4
11134215	11134216	1
12254889	12254896	1
6624450	6624449	2
10497724	10594080	1
6824985	6824982	2
174367	174364	1
3102102	3102040	1
11640757	11640758	2
1769178	1768703	2
8779418	8779417	2
836772	836769	1
6610227	6622984	1
1852784	1852725	2
610301	610253	2
190196	590901	1
7569109	7567612	1
5221486	5221485	1
1459548	1459517	1
6877228	6877225	1
6069347	6069348	1
7126613	7126614	1
10776895	10776896	1
7507924	7507927	1
9313424	9313421	1
6589500	6589499	1
10377865	10377866	2
7331665	7331666	1
6892744	6892743	1
5415547	5416160	1
10680491	11615266	1
7979784	7979783	1
2034627	2034628	2
2678689	2678690	2
1360085	1360086	1
4804165	4804166	1
2465139	2465329	1
8512595	8512596	1
8183137	8183138	1
951862	951902	1
3998813	3998829	1
12289809	12289810	1
6414830	6414829	2
1246172	1245993	2
4633200	4633199	3
10315934	10314221	1
2756716	2756715	3
1325984	1325981	1
9628503	9628504	2
2721980	2721979	1
6725237	6725238	1
277303	277304	1
6061083	6061084	2
3568947	3568945	1
6648594	6648593	3
7340229	7340223	1
9589156	9589155	2
9768250	9768249	1
10435436	10435429	3
1640629	1640630	2
1968486	2320742	1
5111339	5111340	1
5406562	5406561	1
7305815	7305816	1
5666358	5666242	1
4508524	4508519	1
3520257	3520258	1
5063905	5063906	1
1480606	1480605	1
794710	794580	1
8001253	8001254	3
12208264	12208263	1
7341153	7343402	2
1375939	1371172	1
9766998	9766997	6
3952433	3952438	1
9065002	9064964	2
9589154	9589151	2
12173375	12173378	1
6797262	6796282	2
3574475	3574442	1
4920650	4920647	1
12760590	12760589	1
7808272	7808271	1
8507621	8507622	1
8389540	8389539	1
11605053	11605058	2
1852786	1852785	1
1662999	1663000	1
127498	127497	1
6361956	6361955	1
1587680	1587677	2
1640627	1640628	2
11039362	11039354	2
1061787	1061788	1
10260693	10260694	4
9552435	9552436	2
5239914	5239928	1
8403269	8403270	2
1482057	1482050	1
5135783	5135784	1
12211192	12211494	1
5577952	5577951	1
2253053	2253054	2
8074395	8074411	1
8502274	8502273	1
2578449	2578450	1
9150206	9150205	2
7329469	7329472	1
12420330	12420329	1
6768771	6768563	1
3880041	3880042	1
3154629	6571286	2
8583532	8583531	1
12041575	12041576	1
11506728	11506727	2
1622997	1623006	3
6983695	6983696	2
577355	577356	2
7964399	7964400	3
7217984	7219150	1
9150717	9150771	1
4508520	4508519	2
12677298	12439861	1
8258818	8258817	1
8349440	8347286	1
6268480	6268479	3
9315532	9315531	1
542910	542909	1
8739218	8739217	1
8783881	8783882	2
6039988	6039987	4
11553495	11553496	1
4731814	4760218	1
3677904	3677903	1
4920648	4920645	1
1805221	1805200	2
8162697	8162725	1
2100047	2100048	1
4451461	4451453	1
4252459	4252454	1
1578458	1578457	1
6840284	6840283	1
8314247	8314255	2
6692015	6692016	1
10961629	10961624	1
12665666	12665665	1
308623	308624	1
12796429	12796430	1
7322292	7321607	1
186019	186021	1
6697224	6697223	1
459607	683923	1
9553595	9553596	2
7251544	7251543	1
3451067	3451055	1
12804441	12804417	1
839626	840110	1
4920648	4920647	2
1326507	1326508	2
8396175	8396176	1
5986504	5986503	1
11391116	6809565	1
10008782	10006991	2
4690897	4690898	2
7051441	7051442	2
8578643	8578626	1
9039856	9039855	1
9601326	9601325	1
6268482	6268481	3
6608989	6608990	1
1269611	1269612	4
9418116	9418900	1
4492759	4492760	1
10374369	10374404	1
2980236	2980235	2
3012989	3012990	2
6711500	6711499	2
11616110	11616115	1
5406560	5406559	1
1077327	2658455	1
7340950	7340965	1
3150026	3149594	1
3421441	3395639	1
2954996	7849295	2
2736460	2736459	1
542908	542907	1
7324302	7324301	1
478241	478244	1
6983693	6983694	2
776186	776185	2
1553410	1553407	1
8617012	8617857	1
3974681	3974682	1
9875644	9875634	1
10724920	10724901	2
5714970	5714969	1
5256370	5256376	1
7708094	7708093	1
10148387	10148388	2
10449713	10449706	1
531818	531815	1
12412825	11159016	2
6243582	6243581	4
9055008	9055007	1
9183831	9183828	2
1802276	1802275	1
9543619	9543620	2
10820448	10820451	2
6952313	6952314	1
7808268	7808273	1
8319542	8319541	2
7336353	7336354	1
4333512	4351920	1
156803	156804	1
326468	326484	1
11613651	11613652	2
9606397	9606398	2
6661003	6661004	1
10421157	10421160	1
4488460	4488459	2
12506115	12506120	3
5545019	5545020	1
9011266	9011265	1
4700752	4700755	2
7334266	7334265	2
7249651	7249673	1
3035949	3035950	2
1269615	1269610	4
3708827	3708790	1
9674022	9673927	1
3977137	3977138	1
9835777	9835778	1
498426	498201	1
3703122	3703121	2
230460	296550	1
6137050	6137049	1
711257	711261	1
4398765	4398766	2
12562068	12562067	2
7164239	7164250	1
2905167	2905168	1
12397411	12397412	2
6166297	6165935	1
572432	572431	1
2776774	2776777	2
6997454	6996523	1
7157313	7157774	2
12745699	12745771	1
5519776	5519775	1
8099333	8099334	1
12271026	12271025	1
5063838	5063837	1
3971404	3971408	1
563400	563403	1
9605126	9605123	1
5485804	5485803	1
3239933	3105977	1
9234690	9234687	3
8241951	8241952	1
6723448	6723447	2
9868195	9869451	1
6290680	6253072	1
12003294	12003293	2
1802278	1802277	1
10113438	10113435	1
3062039	3062040	1
9988404	9988403	1
9111816	9111815	1
7249672	7249671	1
4456170	4461073	1
8253521	8253522	1
9698200	9698199	1
7913847	7913848	1
5312488	5312338	1
11456437	11456438	2
3515992	3510078	1
12228452	12228451	2
3214807	3214808	2
7625009	7625010	1
9713169	9607386	1
8338238	8338191	1
7051889	7051967	1
5645547	5645548	1
5813661	5810199	1
6349722	6349725	2
5262608	5262607	1
795067	795070	3
2973182	2973179	1
4508526	4508525	3
9011268	9011267	1
7507926	7507925	1
9551999	9547306	1
10859339	10859340	1
3063005	3063006	1
3924591	3924592	1
5328218	5328223	1
7276448	7276454	1
6598899	6598900	1
6661775	6657433	1
5239916	5239915	1
7304086	7304085	1
12254891	12254896	1
9999584	9999583	1
1259575	1259576	1
6723593	1454918	1
10905642	10900166	1
9797039	9797034	2
10405145	10405146	2
301499	301483	1
12138338	12138337	1
10616581	10616582	1
1486452	1337038	1
11463124	402562	1
9127247	9127248	2
9634984	9634989	1
12688784	12688791	1
333846	335125	1
7588193	7588194	1
9763775	9765593	1
3105972	9102146	1
1664065	1664066	1
715334	715333	1
6766426	6766413	2
6921611	6921612	3
9902924	9901428	3
8165581	8165582	3
3162380	3162379	1
4903372	4903371	3
1329656	1329655	2
8731791	8731792	1
4311067	4311068	2
8389870	8389869	1
7219672	7219671	1
5785265	5753386	1
9639927	9639928	1
1707404	1707390	1
8452261	8452937	2
5247998	5248001	1
6574191	6349515	1
8047292	10224378	1
7341393	7341394	1
5227724	5227721	1
8097910	8097915	1
207323	310186	2
944411	943482	1
5130435	5129222	1
8343419	8343422	1
1643578	1508541	3
9282156	9282155	1
4750287	4750290	2
1414135	1414138	1
2756714	2756713	3
6952311	6952312	1
7078360	7078359	2
8343499	8343500	1
11210736	11210735	2
7329039	7329040	1
644947	644948	2
6571311	6571312	1
2805928	2805927	1
2488220	2488219	2
5915109	5915110	2
2637226	10617176	1
12412919	12412920	2
12756617	12756618	1
864340	864323	2
8167048	8167079	1
1454919	6723592	1
258105	258101	1
7979782	7979781	1
12662321	12662322	1
11504849	11504850	2
5556514	5556513	2
2399217	2399215	1
563402	563401	1
7454457	7454400	1
4012651	4012631	1
8258816	8258431	1
9760498	9760497	2
667448	667453	1
7316708	7316707	1
6058439	6058442	1
9629213	9629204	2
5518542	5518540	2
795837	795838	1
11505694	11505693	1
11836161	11836162	2
1421866	1419149	2
12035052	12035049	1
11121865	11121866	1
2136750	2136203	1
4461076	4461073	1
6564066	6564224	3
2561812	1992070	1
733750	733749	1
5136928	5136927	1
308625	308626	1
10328268	10328265	3
6762444	6762443	1
9833260	9833259	1
10729717	10729348	2
6597051	6597054	1
1070086	1070083	1
1802278	1802275	1
8342528	8342527	1
14300	14297	1
7969793	7969794	1
4995527	4995528	2
10318893	10318894	1
8163079	8165580	4
5802878	5802877	1
5219693	5219694	3
8404180	8404179	1
6597049	6597050	1
7076098	7076155	2
7967495	7967496	1
10414230	10414229	2
4516853	4516865	1
11863836	11934547	3
3041360	2959452	2
2187713	2187502	1
12665619	12665620	2
2616661	2616662	2
12017728	12017727	4
8731789	8731790	1
8613640	8613639	1
5946268	9552194	3
4753158	4753157	1
7312704	7312699	1
5808346	5809527	1
1131986	1132408	1
9437393	9437394	1
5858100	5858099	1
8357110	8357107	1
4456170	4461077	1
10495723	2672357	1
4271976	4271975	1
6764236	6764235	1
830189	830176	2
2341525	2341526	1
8501691	8501692	1
6754041	6754042	1
7151548	7151547	2
10690433	10687206	4
7250720	7250719	1
7971432	7971443	1
10591114	10591113	4
10438108	10405467	1
6768769	6768770	1
820005	820008	3
4828999	4829000	1
3036995	3036993	1
2795143	2795146	1
8677859	8677860	2
10137812	10137811	1
5895319	5895324	1
5728315	5728318	1
9797035	9797036	1
11210732	11210731	1
4092237	4092238	2
6207653	6207654	1
7284973	7284974	2
3685018	3685023	1
6690524	6690507	1
7317456	7317455	1
11059153	11059148	1
6752166	6752088	2
1286139	1286140	1
1962684	1966720	3
11992352	12637426	1
6942655	6942653	1
8357112	8357111	1
2616659	2616660	2
5865710	5865709	1
9318471	9316830	1
4423110	4423109	2
6868719	6868720	2
1534846	1534831	2
6487194	6487197	1
6764234	6764233	1
6061081	6061082	2
7247037	7246667	1
9803800	9803799	1
6268478	6268767	2
7169872	7169869	2
6575582	6575581	2
608945	608911	1
7985282	7977970	1
2687318	3139760	1
7791971	7791972	1
3669696	3670216	3
6349724	6349723	2
12017726	12017725	3
610299	610300	2
3316946	3316949	2
9618556	9630533	2
8410180	8412103	2
9700391	9700392	1
6239270	6239269	1
8766969	8766876	1
9703735	9703780	2
3672730	3672729	2
7130587	7130588	1
8163174	8163173	1
8379355	8379356	4
6245180	6254900	1
9875635	9875636	2
5245254	5245253	1
10384542	10384558	1
8343574	8343598	1
9477397	9477398	1
10384559	10384560	1
9234690	9234683	1
7155011	7155012	2
177299	177300	1
10102342	11008357	1
7049710	7049709	1
2966299	2771580	1
4508526	4508521	1
9137577	9137578	1
9811773	9811774	1
1244638	1244643	1
5165612	2087364	1
9632116	9632115	1
6802191	6802192	1
4488464	4488463	1
1502714	1502713	2
9910215	9910216	1
9418116	9418902	1
6660952	6660951	1
11289927	11296097	1
12695559	12695560	3
3729230	3729262	1
7798027	7798025	1
12539808	12539830	1
7788093	7788094	3
3207506	8412030	1
10134292	10027526	2
4463356	4463353	1
2851175	2851176	3
7835808	7835807	1
1600930	1600929	1
9312916	9312898	2
11127890	11132045	1
9708918	9708917	1
10135937	10135938	1
5975740	5975739	1
2137119	2137122	1
12696554	12696553	1
6723528	6723525	2
7023744	7024878	2
3880039	3880042	1
10030214	10030213	1
872419	863701	1
8310025	8310026	1
11981236	11981226	1
7304087	7304090	1
2805993	2805994	1
6518778	6518777	1
3791744	3791743	2
10609274	10601720	1
9126187	9126188	1
7222919	7223678	1
4920650	4920649	2
610097	6851041	5
8103120	8103119	1
6624464	6624451	1
683620	683623	1
7682883	7682946	2
6677468	6677467	1
10965132	10965131	2
2857966	2857965	1
8200458	8200453	1
6397538	6397537	1
4238214	4239391	1
4511545	4511546	1
9797037	9797038	2
7370154	7368654	1
10619285	10619286	1
12254889	12254890	1
12143931	12143932	1
6617666	6617773	2
10003071	10003072	1
8949635	8949636	1
8202735	8202741	1
5343700	5343697	1
8657187	8657188	1
8013738	8013737	2
6978304	6978170	1
4694633	4694634	4
8340063	8340066	1
10421899	10421913	1
4920646	4920645	4
9866368	9872086	1
4239387	4239388	1
7493238	7493235	1
9700827	9700828	1
6361954	6361957	1
5561131	5561132	1
3058734	3058733	2
7569107	7569108	1
173010	173009	2
10213410	10213413	1
2811676	2762252	2
6830620	6830616	3
9030625	9030626	1
11990122	11991737	1
6723593	6723594	3
103871	103878	1
11613651	11613660	1
6824983	6824984	2
6660654	6660653	1
10715326	10715325	1
8360106	8360103	1
5184394	5184393	1
179318	179317	3
8343317	8343318	4
12389755	12389756	1
2931366	2931365	1
9145013	9145000	2
7230887	7230891	1
3214841	3214842	1
634615	634621	1
1269613	1269610	1
12551519	12550153	2
7398788	7326408	1
1020249	1325985	1
9001740	9001728	1
10573559	10573560	2
7862915	7862916	1
497435	497436	1
6413653	6413654	1
9636509	9636512	1
4503563	4507939	2
7049712	7049711	1
11461846	11461845	2
6609499	6609496	2
322918	322781	5
7441933	7441934	2
9999959	9999960	1
7446305	7446295	1
12773551	12771809	1
6359462	6359459	1
12376466	12376465	2
9880429	9880571	1
97489	97490	1
7891755	7891756	2
5895325	5895326	1
9060226	9060225	2
1342521	1342522	2
4516853	4516867	2
7268408	7268407	1
5159804	5161081	1
3565051	3565052	1
3027201	3027202	1
570228	570223	1
9611394	9611393	2
9039854	9039853	1
4564743	4564744	1
6243580	6243579	4
1061162	1061182	4
11131244	11131243	2
169624	169621	1
9131281	9131282	1
4670020	4670017	1
1512157	1369341	1
8204758	8204713	1
7112018	7112602	1
4815370	4835552	3
9996389	9996390	2
1091345	10920137	1
3579518	3579515	1
6515381	6515382	1
3601980	3601979	1
10734938	10735455	1
12228448	12228486	1
1155203	1155204	1
6089003	6089027	2
9011264	9011267	1
5315341	5315342	2
3065561	3074524	1
8601969	8601976	1
7051966	7051965	1
9937325	9937326	1
8198627	8198611	2
6935273	6935274	2
6612131	6612261	2
8964771	8966037	2
1533220	1533219	1
11035365	11035495	1
11055547	10950207	2
4731621	4731622	2
7126719	7126720	3
8159902	8159901	1
6868147	6868148	2
6571287	6571290	2
7868727	7868728	1
5330047	5330048	1
2569192	11417271	1
10098828	11353590	2
6716960	6716975	3
10655776	10657314	1
426888	426887	1
66554	66492	1
12000962	12000965	1
173008	173037	1
1625167	1625168	2
7984597	7984598	1
5184392	5184221	1
10410192	10408190	2
10608090	10608087	1
943483	943484	1
12389753	12389756	1
5170956	5170955	1
3601970	3601983	1
7441935	7441942	1
5089840	5089835	1
8608285	8610999	1
3027215	3027216	1
6709637	6709638	3
6666343	6666527	1
6418312	6418311	1
5883574	5884501	1
9883762	9883761	2
1352662	1355542	1
8313564	8323562	1
4503437	4503426	1
8218287	8241924	3
8242610	8242609	2
5530331	5530332	1
9835775	9835776	1
10909282	2157349	2
12503637	12503638	3
10542885	10542743	1
5832849	5832850	2
12760588	12760611	1
8347182	8347181	2
11504849	11504854	1
7507923	7507924	1
11391777	11392960	1
6359460	6359459	2
8983013	8983008	1
5393952	5134722	1
820009	820010	3
8202825	8202826	1
11121863	11121864	2
8165581	7056710	1
568301	568302	1
5167791	5167792	1
7769873	7769874	1
7482044	7482043	1
842905	842906	3
536502	537483	1
10607601	10607602	4
949007	949010	1
9382337	9715790	1
10600003	10600004	1
4108844	4108843	1
3596266	3596374	1
2716762	2716759	2
6324526	6324525	1
9910015	9910016	1
12168807	12168808	2
8951630	8951627	3
6648170	6648595	3
6239239	6239188	2
2565044	2565043	1
11958695	11958737	1
2739127	2739128	2
11079331	11079332	1
10964760	10964759	1
6945789	6945790	1
3946897	3946894	1
3228863	3228864	2
10591112	10591111	3
1482051	1482052	1
12298722	12298717	1
2805058	2805057	3
10355387	10343442	1
2959453	2959454	2
6957457	6957418	1
6322635	6322636	1
6254901	6254902	1
6987848	6987847	1
3126888	3126887	1
173010	173037	1
2637225	10976076	1
6061079	6061080	2
9750895	9750914	1
3595881	3595886	1
8230494	8230493	1
9626798	9626797	1
136226	136225	1
8379357	8379358	3
12615303	12615304	1
8065021	8065022	2
6940927	6940928	1
5283391	5546445	1
9990477	11354682	1
836808	836811	1
10542699	10542700	2
9115131	9115376	1
12653962	12653961	1
2513105	2513106	1
9591095	9591096	1
8293644	8293643	1
1622995	1623006	1
6755612	6755611	2
12228450	12228486	1
10449707	10449708	1
5182289	5182290	1
10876759	10876760	1
11988723	11988738	1
8235782	8235893	2
2980234	2980233	2
10585206	10585203	1
2947563	2947564	1
1284929	1284930	1
2745597	2719955	1
1360081	1360084	2
8213052	8213051	1
1587682	1587681	2
2941734	2941733	1
6708001	6708002	3
11626873	11626874	1
11836163	11836164	2
8492421	8492422	1
4543474	4543473	1
4662085	4662086	2
9880681	9880682	1
952894	952891	1
7358316	7358315	3
6945791	6945792	1
4488464	4488461	2
7366476	7366519	3
8005635	8005638	1
10094498	10094630	1
10904351	10904352	1
36069	36685	2
588135	588136	1
7104496	7102941	1
1021240	1018625	1
5904538	5906141	1
11214799	11214800	1
11898591	11898592	1
4032489	4032494	1
10490147	10490148	2
658537	658522	3
5949859	5949838	1
9649156	9649155	1
10354285	10354286	1
7260111	7260146	2
6632680	6632662	1
7708092	7708091	1
9011272	9011271	1
6749770	6749769	1
7227500	7225989	1
6718378	6718377	1
6660652	6660651	1
7304084	7304083	1
10677475	10677476	2
653141	653142	3
8155427	8155428	1
11046775	11046776	1
2427095	2425461	1
7254042	7254041	2
2607202	2607199	1
5817145	5817146	2
4595545	4592905	1
1672825	1672826	1
12228450	12228449	1
8948594	8948593	1
3195851	3195852	2
1854149	1854150	1
7239147	7239148	1
6561616	5927811	1
2736549	2736552	1
240303	240304	1
3341026	3341025	1
6581976	6581975	1
3283589	3352043	1
9867485	9867488	2
10093230	10093225	1
9718867	9718868	1
3716776	3716903	2
732093	732094	1
2487361	4272617	1
9606397	9606400	1
6958614	6958611	1
7398788	7326406	2
8475835	3077690	1
9634772	9651648	1
1254885	1254858	1
3205439	11889842	1
9033712	9033711	2
4812816	4819696	1
3295137	3295134	1
5330049	5330052	1
2209464	2280388	1
8635103	8635104	2
7979784	7979781	2
7426580	7426589	1
6291755	6291790	1
12173374	12173371	1
1577547	1577548	1
1875664	1877091	1
10623636	10623639	1
12283601	12283602	1
2604818	2604817	1
843001	843002	1
7343403	7343404	2
7086234	7086231	1
7563659	7563660	1
1432128	1432127	1
1538467	1526746	1
5389929	5389930	1
4423114	4423111	2
9074283	9074286	1
9356136	9356135	2
6663443	6663444	2
4429566	4436632	1
2579072	2579069	1
8474078	8474077	1
4436825	4436851	1
3138046	3138045	2
206266	516826	1
380931	380932	1
11812193	11812198	1
6705814	6705820	1
10601338	10601337	1
8788132	8541739	1
6952868	6952867	1
10712927	10712839	2
7167780	7167788	2
8789660	8789659	1
6984357	6984358	1
1533218	1533221	1
12022713	12022714	2
12463129	12463127	1
6416124	6416123	1
970239	970240	1
11434705	11434723	1
6634566	6634565	1
6636105	6636106	2
11209972	11209971	2
10398763	10505355	1
7920843	7920840	1
6921505	6921610	4
7304087	7304088	1
1769180	1769179	3
3080305	3073854	1
10493837	10493838	1
4092239	4092236	1
9602099	9602100	1
11605055	11605058	1
614804	614801	1
9299006	9299005	1
10586137	10586138	1
5899801	5899802	2
10302373	10302361	1
6374971	6382301	1
6940925	6940926	1
9692983	9692984	1
1482057	1482052	1
4678464	4679567	2
621852	621851	1
11765847	11764119	1
7331667	7331703	1
8775916	8776018	1
1312970	1470021	1
991545	991550	1
9042862	9042861	1
9910213	9910214	1
5853264	5853263	2
8247949	8247950	1
3887665	3887666	1
8395665	8395666	2
5899812	5899811	1
12234964	12238247	1
6632682	6632681	1
9133831	9133832	1
7064967	7064970	1
7305817	7305818	1
6814007	6814008	1
7239145	7239146	1
4503561	4503562	2
8467825	3213870	1
3800008	3800007	1
1172087	1173003	1
6261623	6261539	1
7896670	7896649	2
8391059	8391050	1
8235892	8235889	1
3598438	3598433	2
6790408	6790405	1
2752586	2752585	1
6692017	6692018	1
9152600	9152599	2
2441192	2441232	1
139147	137917	1
6651051	6651052	1
3924378	3924377	1
1259577	1259578	1
5859841	5777550	1
5853262	5853259	1
6246168	6246167	1
6951911	6951912	2
5230747	5230737	1
10649388	10649387	2
11584790	11584789	1
9150717	9150767	1
1515346	1515345	1
8347180	8347179	2
3644049	3644050	1
12442688	12328393	2
4633202	4633201	2
7343727	7343728	1
1502712	3655647	1
8592958	8592957	1
1578308	1578459	1
6573404	6573403	1
3702816	3702815	2
426846	426891	1
8650955	8650956	1
836770	836769	1
10962758	10962755	1
5220626	5220625	1
5256368	5256376	1
12474374	12474373	3
5312845	5312850	1
2030674	2030634	1
991549	991550	1
2877545	2877555	1
2111888	2111887	1
8528654	8528653	1
7940647	1544960	1
8470363	3220173	2
11145258	11145257	1
8213986	8213985	1
5126231	5126232	1
6403706	6403703	1
6657533	6657534	1
8080558	8080557	3
11605055	11605056	1
612865	612866	1
7493240	7493239	2
7493234	7493233	1
1269613	1269614	4
9044832	9044831	1
6618604	6618583	1
277977	277978	2
11839192	11839189	1
6678764	6678783	1
8308709	8308714	1
2005910	2005915	1
8592962	8592959	1
11418617	11418618	2
7143749	7143735	1
9281891	9281950	1
5523298	5523297	1
11194650	11194647	1
4819697	4819700	1
12682980	12682979	1
12750592	12750589	1
5510781	5511078	1
7338982	7338981	1
1484352	1484351	1
7321606	7321605	1
4747715	4747716	1
11103640	11103639	1
10942285	10942970	2
10959414	10959413	1
3952439	3952432	1
10677477	10678605	2
7255226	7255225	1
7051983	7051984	1
10967165	10967166	2
6718455	6718456	1
5858098	5858095	1
9650069	9254276	1
6064303	6064277	1
1981573	1981576	1
10644650	10644649	1
9637148	9637147	1
