fend1	fend2	count
5752492	5776695	1
8958787	8958788	1
7912960	7912959	1
6158496	6158495	1
2894965	2898569	1
9035256	9035255	1
8822456	8818460	1
2745387	2745467	2
2579683	2579679	1
9170293	9170285	1
11596494	11596493	1
7768061	7768062	1
3186293	3186065	1
216657	216658	1
3726194	3730280	1
11023347	6128320	1
11884121	11887885	1
2721247	2722832	1
12533760	12533759	1
5120210	5120242	1
7588889	7574939	1
818061	818062	1
3107653	2918523	1
5810143	5810144	1
9517568	9517543	1
6699726	6699725	1
2620673	2620674	1
292434	292433	1
9194960	9195020	1
10473233	10471894	1
2210708	2210707	1
12765928	12765925	2
56129	56127	1
820742	820741	1
8549739	8527767	1
5451265	5456278	1
2570656	2570655	1
11856773	11856234	1
519819	717731	1
6399354	6399353	1
3698706	3698705	1
1322969	1323008	1
7897636	7897635	1
9818813	9818722	1
9184	8838	1
2423231	2423234	1
7773790	7773831	1
897122	897043	1
8512282	8512985	1
3642166	3641160	1
2167995	2167996	1
3135340	3135339	1
5748171	5748181	1
10898324	10898323	1
5552128	5552127	1
2943906	2861794	1
8572647	8572652	1
12312520	12312524	1
6244736	6244730	1
3078360	3078378	2
89313	89316	1
2644404	2644399	1
9439611	9439603	1
10283430	10529010	1
4834682	4834681	1
9556863	9535051	1
11595441	11014779	1
5201477	5200718	1
2819379	2819357	1
8576025	8576026	2
3534360	3534359	1
1295470	1295335	1
4499136	4413395	1
828370	828369	1
5629473	5628782	1
12650370	12650369	1
4192249	4187265	1
4692722	4693611	1
3984940	3984939	1
8549460	8549463	1
10820141	10820142	1
427552	427551	1
2374313	2374314	1
2778193	2778205	1
3263053	3263042	1
3739735	3739760	1
5478663	5478502	1
4659093	4657330	1
1520813	1520766	1
8276337	8276278	2
1607967	1607968	1
12197177	12197178	1
1769023	1769024	1
12577161	12575831	1
8833812	8832981	2
11570250	11570249	1
9418202	9418201	1
3285723	3285802	1
5862315	5862316	1
11146994	11147260	2
10201576	10201575	1
3550265	3550266	1
12457531	12457534	1
4234857	4234878	1
1735305	1727077	1
352724	318068	1
11339780	11339779	1
11611663	11611487	1
11383862	11383861	1
11100927	11100923	1
11705049	11705050	1
3097350	10325828	1
9483724	9483742	1
11358410	11358407	1
4439060	4448355	1
12379576	12379630	5
6582939	6582940	1
4374301	4371500	1
5415154	5415149	1
7558474	7558501	2
12448856	12448855	1
139357	139360	1
5819320	5819317	1
5089835	5045549	1
7479341	7479342	1
6516505	6516506	1
3487213	3487189	1
7103320	7103314	1
9655999	9653811	1
3544430	3544429	1
8835382	8835391	1
6814167	6814059	1
5705789	5705790	1
7583344	7583343	1
340280	340285	2
3760027	3760028	1
6814634	6814633	1
880170	880169	2
12159553	12163940	1
6775310	6775307	1
1606053	1623011	1
7592546	7592545	1
6381216	6379440	1
3035188	12466303	1
4544832	4544827	1
8728579	8729437	1
807398	807395	1
1768217	1768218	1
3633329	3631844	1
11145610	11145616	1
12206159	12206162	2
6795245	6794279	1
2644400	2644399	1
3342381	3341868	1
5053792	5053765	1
8163359	8163360	1
5975880	5981641	1
3759226	3760924	2
6966275	6968927	1
4557109	4565288	1
4101313	4101306	1
2795294	2795660	1
1233733	1233736	1
937834	884827	1
1007392	1008406	1
11844987	11844988	1
5535694	5534879	1
10091348	10090907	2
3703737	3703703	1
935876	932365	1
11759518	11759517	1
2965661	2965662	1
158933	158934	1
2059828	2059163	1
5650339	5650340	2
1176089	1176090	1
11116842	11116841	1
362537	375062	1
1735727	1735728	2
244656	244655	1
6630617	6496353	1
6671479	6671482	1
8905033	8905034	1
10431664	10431663	2
2570654	2570653	1
3186305	3186306	1
2179386	2178349	1
5410358	5410738	1
8102639	8102194	1
6594764	6594763	1
11119947	10434899	1
3623781	3624232	1
11754193	11751887	1
10876383	10876533	3
4373258	4373255	2
9343873	9343874	1
8392297	8392298	1
1747541	1747691	1
12246991	9556036	1
6499439	6500166	1
5127212	5123055	1
11981204	11980807	1
3750576	3750115	1
1582161	1581762	1
4875103	4875104	1
1703837	1703838	1
996263	996267	1
11056589	11056590	1
7933815	8008235	1
4866986	4866985	1
615684	615671	2
8347275	8347292	1
11925568	11924566	1
6040684	6040683	1
10652406	10652405	1
5961041	5961046	1
8282008	8282007	1
7955816	7955815	1
10283430	10283429	1
11356481	11356482	1
5948763	5948764	1
2961721	2961722	1
1092252	1091826	1
9938899	9938900	2
9681158	9681157	1
8906208	8906211	1
12304320	12304317	1
1533245	1533292	1
114747	114748	1
11516871	11516865	2
3937396	3937395	2
9653094	9653118	1
4124731	4127376	1
11393920	11393919	1
5416331	5416015	1
7913427	7913436	2
9023978	9022408	1
9543226	9543225	1
10711015	10675667	1
8570095	8560720	1
1973176	1973281	1
7946917	7946915	1
10457666	10456315	1
9254470	9254469	1
8959324	8959318	1
5758000	5758102	1
7383198	7383197	1
8990881	8990732	1
12624978	12624973	1
874507	874508	1
7775122	7775121	1
11584712	11584711	1
6865043	6868975	1
8440230	8423904	1
11426608	11426595	1
1831180	1831177	1
1756169	1756527	1
4314713	4314716	1
7707283	7707301	1
6045084	6040566	1
6281252	6280922	1
8036120	8036140	2
12722302	12722400	1
10167753	10167754	1
8987151	8987154	1
3865077	3864617	1
11709032	11707821	1
10459155	10459156	1
7565789	7565790	1
11404784	11404781	1
10567869	10567870	1
7449310	7449309	1
11234021	11234022	1
8583719	8583720	1
5201132	5201131	1
9963276	9963275	1
6924805	6924806	1
6685466	6684943	1
7006076	7006075	1
4528200	4529184	1
8421277	8379176	1
8395983	8395957	1
5498303	5498304	1
8807802	8807801	1
10233182	10233257	3
11739750	11739749	1
4878129	4878130	1
8875222	8874697	1
12197179	12197186	1
11692204	11692141	1
11037155	11037164	1
4008188	4008191	1
10741720	10741719	2
2521280	2527989	1
6514522	6514521	1
1000299	1000300	1
9543224	9543223	1
385379	385384	1
3073062	3073061	1
4160137	4160138	1
1259179	1259319	1
10953964	10953963	1
762573	762387	1
5991359	5991360	1
5850762	5850761	1
7332689	7332706	1
3910363	3910436	1
2352788	2352787	1
10781629	10781633	1
6033372	6034497	1
5897422	5897421	1
5719989	5719102	1
9593846	9596277	1
11601468	11601467	2
6570573	6570574	1
11750594	11750463	1
5645614	5644396	1
4569718	4572421	1
1458202	1450924	1
6861643	6899624	1
6590749	6590750	1
976280	976279	1
7447345	7814131	1
9174647	9174648	2
3886012	3886011	2
747953	747954	1
8910188	8910187	1
5478780	5478779	1
1968401	1968402	1
10601728	10601827	1
4481592	4481589	1
5895807	5894455	1
12546576	4554627	2
9366680	9366948	2
12198052	12198051	1
6102887	6102888	1
7747447	7747448	1
6047232	6047231	1
4809880	4818913	1
9122715	9122716	3
6014760	2268526	1
11736328	11735330	1
8426669	8426670	1
12468506	12468505	1
12314882	12314881	1
10507773	10507783	1
6455547	6455548	1
3955252	3955249	2
2364975	2364976	1
9341942	9341941	1
11541582	11541504	1
3217299	3217300	1
5570728	5546229	1
8501849	8501850	1
9794550	9794549	1
11552187	11552190	1
9298826	9299096	1
6844807	6844808	1
4173906	4174198	1
4474509	4474510	1
6054098	6054095	1
1635503	1635504	2
5731111	5731112	1
4850127	4850128	1
12617942	12618222	1
5867189	5867190	1
3975798	3976087	1
4782349	4785000	2
12125479	12125480	1
3352825	3352830	1
9231318	9231326	1
8016562	7775123	1
4537779	4537780	1
4335572	4335644	2
3442008	3442007	1
1193642	1193641	1
3820568	3820535	1
8307478	8307477	1
9869920	9867011	1
2232009	2231212	1
615670	615669	2
2779818	2779817	1
7872185	7872183	1
8032919	8032524	1
6870649	6870650	1
4288863	4288866	1
8282012	8282009	1
9858376	9858528	4
2664932	2664931	1
12454987	12454988	1
4363756	4363695	1
652547	652575	1
9793292	9793291	1
11561190	11561456	1
6272203	6261708	1
5226996	5226995	1
9998235	9998236	1
12372090	12371463	1
3239230	3239229	1
10457844	10457866	1
9319057	9319058	1
4114868	4114865	1
4738561	4738562	1
2172766	2175198	1
9570937	9570969	1
9787919	9476278	1
7792490	7792489	1
9774963	9774964	1
1173941	1173811	1
5828658	5828657	1
7201438	7201410	1
10139089	10119312	1
9466573	9466574	1
5644698	5644697	1
1195197	1195198	1
3644584	3644601	1
7542428	7542427	1
3208603	3208604	1
5592352	5592349	1
6489045	6489046	3
992437	992438	1
10393766	10393765	3
6799617	6800507	1
10250351	12665266	1
8986354	9008237	1
10392085	10392081	1
988764	6924874	2
4738141	4738244	1
4670556	4670562	1
177969	176709	1
6423956	6423955	1
2725855	2725856	1
3132495	3132498	1
3473885	3473886	1
10473812	10473811	1
10246579	10245657	1
3419359	3593912	1
2827146	2827646	1
3509347	3485103	2
5752418	5752417	1
12514283	12514097	1
2829080	2829079	2
5488287	5488288	1
11347789	11347790	1
2332263	2416576	1
3265871	3265872	1
431206	11246284	1
12450927	12450928	1
8358612	7325128	1
5726858	5717957	1
6042658	6042657	2
5975205	5975872	1
9248093	9260085	1
4801465	6671478	1
7008239	7008240	2
4229168	4231205	1
7702180	7702233	1
10202861	10198941	1
6561133	6560878	1
12329498	12327515	1
760426	760425	1
8769609	8769610	1
6541111	6541112	1
2039048	2039040	1
2225841	2224865	1
5807759	5807760	1
11228755	11228775	1
3567240	3565473	1
5493668	5493667	1
6482069	6482070	1
6777954	6776721	1
9740944	9741285	1
881669	880299	1
11255159	11254720	3
7492997	10347197	1
6080756	6087290	1
6589918	11814135	1
3873080	3873079	1
11725008	11725007	1
588294	590708	1
1832219	1832220	1
4737341	4737342	1
10165160	10212552	1
747654	747649	1
9073206	9074295	1
3591562	3591561	1
9294263	9294264	1
5332988	5332987	1
3238267	3238268	1
1452912	1640136	1
8865396	8865037	1
2048579	2048582	1
5933817	5933820	1
12443427	12443428	1
7201789	7201790	1
7591864	7591863	1
6361103	6361104	1
3021531	3021534	1
12176255	12176256	1
7736520	7736519	1
11365738	11374152	1
6021529	6021530	1
2813746	2812268	1
11665835	11665703	1
3998344	3998343	2
5763377	5763378	1
568960	572977	1
1527087	1527088	1
9315372	9319030	1
2850527	2850528	2
996703	996698	1
4855734	4856475	1
6075894	6077173	3
6375948	6375947	1
6009333	6009334	1
1681319	1681322	1
9349941	9466231	1
1583392	1583406	1
4360545	4360546	1
8169214	8169213	3
48932	48944	1
10338876	10338619	1
9578284	9578283	1
2368433	2368434	1
7475514	7475493	1
7578259	7578260	1
3052443	3052444	1
841497	841498	1
4369389	4369390	1
5119037	5117498	1
4559567	4559506	1
2377861	2377767	1
3215747	3215655	1
6684633	6684705	1
11754191	11754192	1
5716459	5716460	1
5429931	5429932	1
12458208	12454611	2
12624980	12624979	1
5871657	5871658	2
708744	760031	1
4692094	4692091	1
9417756	9418038	1
2369344	2369343	1
5127713	5127963	1
5805243	5805219	1
1561618	1336415	1
3142898	3142897	1
6392883	6392884	1
10927466	10927465	1
11207129	11207130	1
4397235	4397236	1
10713079	10713182	1
1940257	1942412	2
5708747	5708748	1
11372731	11543257	1
886209	886210	1
6052126	6052125	1
873020	873014	1
8847453	8847454	1
7735244	7735243	3
5219392	5219391	1
4139677	4139764	2
7783584	7783579	1
4085454	4085325	1
5439839	5439842	1
7104423	7104424	1
8379175	8379176	1
2846801	2846802	1
402544	402543	1
3513380	3508138	1
1056749	5162453	1
4302193	4302219	1
5016785	5016786	1
10801109	10801110	3
307688	307685	1
6026958	6026957	1
6925413	6925414	1
608877	608878	1
6280500	6280494	1
4152330	4150584	1
10533277	10532848	1
2368690	2368689	1
3541821	3561367	1
8386632	8386631	1
11705051	11705058	1
5782256	5782255	1
928443	928444	1
3607708	3607730	1
2758489	2753820	1
2453693	2453694	1
4993873	4993874	1
4207302	4207299	1
2350259	2350260	2
3287680	3287677	1
10359847	10359848	1
7919658	7919657	1
1100759	1100760	1
2886861	2886879	1
7498806	7498805	1
305091	305028	2
4182841	4182842	1
9845192	9845189	1
7579607	7579608	1
12767334	12767333	1
5450402	5454222	1
1359056	1358902	1
8920903	8920904	1
7910590	7910335	1
10901692	10898866	1
2434188	2434187	1
5464301	5464302	1
5108994	5161114	1
1032043	7766148	1
1197963	1197964	1
11790280	11790201	1
2111064	2111063	1
9148768	9148775	1
11350297	11350300	1
10870564	10870559	1
6403172	6403171	1
10467902	10467912	1
11289344	11289343	1
482441	482415	1
7933977	7933978	1
2252575	2253200	1
8546352	8545302	1
3244278	3244277	2
3691621	3690779	1
2002807	2002808	1
3135344	3135343	1
828368	828367	1
7548382	7547466	1
10367147	10367113	1
6635513	6635514	1
1332506	1332503	1
9895102	9895101	1
4692722	4692721	1
9486031	3923675	1
10036043	10036046	1
15795	15796	1
12402321	12402322	1
5879214	5879269	1
11177058	11175189	2
11451358	11451361	1
10357303	10356943	1
8388575	8300889	1
10275096	10275095	1
4638300	4638299	1
3533859	3534041	2
3865083	3865084	1
10290170	10290159	1
10771728	10771795	1
9768812	9768809	1
1518885	1518886	1
2946921	2946753	1
8864149	8864150	1
6606289	6606290	1
5094109	5093314	3
11943392	11943397	1
10285577	10285578	1
11909501	11909502	1
5558417	5558210	1
12023588	12040560	1
12129985	12129986	1
3190025	3190026	1
5419975	5420784	1
6419833	6419834	2
4314717	4314464	1
6838711	6838700	1
9788216	5520515	1
4106192	4106191	1
2923984	2923983	1
2794331	2794332	1
11666379	11666330	1
8182353	8182280	1
4282098	4282095	1
4442393	4442748	1
6913826	6913825	2
11875589	11875590	1
11092648	11092647	2
2970826	2970825	1
5975336	5975223	1
3731550	3731549	1
4653879	4653880	1
6284572	6284571	1
8226993	8226994	1
8408551	8408552	1
5891508	5891507	1
8818427	8818430	1
8581202	6799487	1
12523100	12523099	1
5591073	5591074	1
6128608	6128607	1
4311373	4311374	1
9984891	9984892	1
847174	847336	1
9565017	9565018	1
7247064	7310093	1
4354354	4354353	1
5856133	5862678	2
2374899	2374900	1
2849336	2848864	1
2926761	2926762	1
12533726	12533725	1
4836999	4837000	1
8726376	8724671	1
4635521	4635522	1
6590977	6590978	1
4733103	4733104	1
9132011	9139608	1
885781	885762	1
3694406	3694403	1
3789564	3789432	1
11435773	11435774	1
11068902	10998449	1
8007205	8007206	1
2239285	2237228	2
8532314	8532313	2
10778881	10778214	1
9754059	9754106	1
11882358	11882339	1
804617	806597	1
7400980	7400843	1
12674613	12674614	1
12692062	12692115	1
9597753	9597754	1
10751738	10751737	1
2139397	2139400	1
8046111	8046112	1
2281847	1983786	1
2397755	2591727	1
4311377	4311088	1
11308192	11308191	1
79865	79866	1
1968937	1968938	1
440221	5923502	1
8842907	8842908	1
7810179	7810180	1
7577724	7615923	1
10861135	10861138	1
5426434	5426480	1
11276726	11273742	1
7390645	7390646	1
652572	674020	1
9071870	9071873	1
3955070	3956605	1
9077745	9077746	1
6194964	6194963	1
7143061	7142095	1
2906560	2906559	1
1635735	1635736	1
4386639	4386640	2
5756154	2250934	1
1430959	1430771	1
2082585	2081089	1
4911189	4911190	1
8565201	6578586	1
7714370	7714368	1
6519374	6519321	1
8375611	8375093	1
9026587	9027597	1
4262515	4262504	1
5529299	5529300	1
11584714	11584713	1
7021030	7021029	1
1839157	1839158	1
11041758	11041757	1
9325297	9325298	1
1567573	1568139	1
8533231	8533265	1
2471334	2471321	1
9079295	9072767	1
4531255	4531286	1
2276496	2276499	1
7864971	7864972	1
3422964	3394243	1
2747603	2747604	1
5857601	5857602	1
3499954	3499953	1
8864129	8864132	1
10492478	10492477	1
1131709	6757638	1
7812308	7812307	1
1120835	1120836	1
6924787	6924788	1
10347636	10347635	1
6315798	6315797	1
7255225	7381003	1
2469840	2486009	1
6561131	6561132	1
10140981	10140982	1
1414413	1414114	1
12669859	12669860	1
4563693	4563696	1
5478856	5308743	1
6515094	6515604	1
7764772	7764771	1
3065944	3065943	1
5897256	5897255	1
2513770	2513191	1
9352694	9352666	1
11595849	11596495	1
5410943	5410944	1
9055941	9103985	1
9828342	9828339	1
12308519	12308520	3
5624398	5628295	1
1076955	1076956	1
2275464	2275461	1
7872182	7872181	1
6052041	6052042	1
2516629	2500435	1
8487011	8500403	1
8940456	8940455	2
7792510	7792509	1
3197381	3197382	1
8667125	8667126	1
2590158	2590155	1
7841918	7829302	1
4050728	4050727	1
8753929	8753930	1
8270004	8374211	1
10106257	10106353	1
4467169	4467170	1
5663223	5658962	1
5280574	5280573	1
5016843	5016844	1
1587106	1587105	1
3134633	3134634	1
4265361	4266383	1
7331341	7331342	1
9188461	9188462	1
4756455	4631753	1
3984938	3984937	1
5725988	5725985	1
4365194	4365193	1
10238278	10238277	1
7323146	7373811	1
9557922	9557921	1
3326499	3326500	1
2760447	2752577	1
5349662	5349661	2
1499539	1499540	1
6353824	6353823	2
3702623	3702624	1
7984495	7984496	1
5953042	5953039	1
12287636	12287635	1
4111519	4111520	1
1038365	1038366	1
921786	908831	1
6300447	6300448	1
10477308	10477307	1
6250903	6248811	1
1714179	1714180	1
2534643	2532085	1
3923674	3923673	1
3750108	3749942	1
7225086	7225061	1
827862	827861	1
2724702	2725294	1
2831826	2831909	1
102602	102601	1
3045877	3045878	1
10035502	10035501	1
1657113	1657130	3
1029855	1029856	1
5370438	5370437	1
8962092	8962091	1
9557302	9341400	1
2905893	2905888	1
5994058	5994057	1
1340050	1340049	1
5417451	5417460	1
2958222	2958221	1
4143441	4143403	1
12541456	12541453	1
8290890	8294851	1
2299921	2299913	1
8091042	8091041	1
2552603	2538068	1
2393715	2393729	1
2101739	2101740	1
8971617	8971618	1
11267893	11267894	1
7270297	7271901	1
1569907	1453557	1
11409119	11525651	1
749441	749370	1
10731740	10731737	1
3049885	3049886	2
11211234	7153762	1
12420149	12420156	1
2963551	2963552	1
3971450	3971449	1
9765404	9758508	1
11304122	4424979	1
1135848	1135853	1
62008	61875	1
10291130	10291127	1
2837318	2837317	1
8102195	8102196	1
3168825	3168858	1
373171	374681	1
10739722	10702910	2
2384297	2384298	1
2944726	3030687	1
5323743	5326268	2
4373253	4373254	2
7574716	7486903	1
9686198	9686197	1
8361862	8361861	1
11758559	11758562	1
1512439	1597796	1
994690	994689	1
11721506	11721505	1
5134661	5134662	1
8892377	8892740	1
2545424	2545423	1
5661212	5661215	1
11543256	11543253	1
2266623	2266937	1
5524068	5524067	2
7853777	7850595	1
12232379	12232380	1
2758791	2758653	2
5527054	5495383	1
11115732	11115731	2
7251152	7251151	1
3739737	3739760	2
1845427	1845428	1
9939280	9939277	1
4311375	4311376	1
12119681	12119684	1
9194968	9194965	1
3750937	3750966	1
11636143	11636144	1
10089997	10089998	1
5882493	5884987	1
8551149	8551151	1
182912	182911	1
9655999	9656002	2
12451569	12451623	1
5053752	5049013	1
4374077	4174390	1
2380794	2380793	1
7708257	7708258	1
10759709	10759710	1
7708259	7708260	1
2982132	2982131	1
589448	589595	1
10922642	10922860	2
7937389	7937390	1
9156212	9156211	1
11359863	11359864	3
2482631	2482632	1
8282020	8282019	1
8873280	8873279	1
1057591	1057592	1
5288247	5288248	1
1998311	1988380	1
1995329	1995330	1
3055130	3055183	2
1075945	1075946	2
469091	469092	2
6868584	6868583	1
7825973	7825976	2
6489056	6489044	1
8920185	8920186	1
3551190	3551189	2
12451866	12451863	1
2159921	2159918	1
5852301	5852484	1
12377109	12378462	1
7949675	7949676	2
10134091	10134092	1
9931150	9931792	3
1549275	1549276	1
5559654	5553040	2
7875918	7875917	1
6455543	6455546	1
10889381	4573972	1
11556184	11557786	2
6039544	6039541	2
3728459	3728061	1
3945626	3945625	1
9867004	9867003	1
4152417	4152418	1
1698071	1698072	1
9790387	9790388	1
9165283	9165221	1
9763842	9768813	1
11636145	11636146	1
4876079	4876080	1
7515233	7515241	1
8666156	8666153	1
11866504	11866728	1
9069182	9068516	1
1289387	1289388	2
994901	994902	1
8898947	8899264	1
8566368	8566367	1
9065955	9065956	1
4302218	4302217	1
1797553	1797554	1
9568220	9568219	1
3906890	11040640	1
9113868	9112921	1
8403974	8403973	1
653647	653648	1
3698281	3698707	1
846010	847851	1
3519013	3518187	2
5442347	5442348	1
9379261	9379262	1
11080610	11080609	2
4563693	4563694	1
11698555	11698567	1
983967	983968	1
1240885	1240886	1
3403159	3403152	1
8626921	8984896	1
1358995	1359000	1
2939475	2939476	1
1593245	1593248	1
305089	305090	2
1449908	1449907	1
353930	353850	1
7542430	7542429	1
7770105	7770106	1
1340707	1441548	1
7727579	7727580	2
7227072	7227049	1
9230074	9230073	1
11393331	11393332	1
1114519	1113151	1
3999419	3886974	1
7957106	7956772	1
8948152	8948149	1
6594897	6595960	2
9310475	9310427	1
12533758	12533757	1
11769114	11769108	1
7807937	7807938	1
3357666	3355815	1
1672008	1672007	1
3905155	3905156	1
4382738	4382080	1
5501583	5501584	1
4708621	6678843	1
11380053	10357025	1
6548741	6548742	1
6966271	6966272	1
10091364	10091366	1
5641550	5642792	1
6131690	6131689	1
8381109	8380471	1
11039206	11039707	1
1701172	1700962	1
3614670	3614669	1
8757618	8759276	1
8987860	8987857	1
9074107	9074108	1
5641478	5641475	1
1083946	1087837	2
671669	671514	1
5412182	5449238	1
4128041	4074072	1
4785681	4783647	1
4079	4080	1
6369431	6367835	1
6699691	6700258	1
11418431	11418434	1
9274216	9273859	1
12804225	12799990	1
6823856	6823853	1
6869019	6869020	1
5142551	5142552	1
9609322	9611708	1
7556351	7556352	1
804231	804232	1
5745194	5747771	1
10829551	10829552	1
7775449	7775450	1
3489796	3489795	1
5820893	5821132	1
3081725	3081726	1
7974158	7974157	1
331931	331932	1
11844985	11844986	1
5089725	5089726	1
752477	752478	2
6412346	6413693	1
5770389	5870366	1
9319963	9319785	1
8722758	8722757	1
3289515	3289516	1
1546950	1546949	1
2889079	2889080	1
11379845	11380486	1
3704476	3704471	1
11393622	11393621	1
3875133	3708206	1
12268600	11992449	1
11242563	11242570	1
3052445	3052448	1
244015	131368	1
8831473	8831474	1
4680631	4680632	1
5613829	5614067	2
8102197	8102198	1
2992874	2992873	1
6115711	6114619	1
2719946	2719939	1
1984356	1984379	1
5053730	5053729	1
3992045	3992603	1
4259115	4259116	1
4308954	4308216	1
8795342	8795341	1
10901694	10901693	1
12122623	12122624	1
9325295	9325296	1
7139435	7139436	1
3230269	3230270	1
8706711	8706712	1
6719659	6721381	1
8017984	8017983	1
9359481	9359430	2
1116876	1117883	1
10890048	4088759	1
5832448	11280936	2
1616860	1616859	1
2174060	2174057	1
241513	242734	1
11593347	11593348	1
11966737	11967220	1
7277866	7277865	1
2012640	2012639	1
3419198	3419286	1
1071888	1071928	1
1314896	1286913	1
11401852	11401851	1
6510771	6510772	1
4016423	4019548	1
1255587	1255588	1
4787937	4788804	1
9268755	9268756	1
11289397	11289398	1
10870699	10871462	1
9072316	9072311	1
2320100	2320194	1
7947745	7969806	1
11441140	11441135	1
9424354	9424353	1
8512725	8512726	2
8611975	8611976	1
11674949	11674950	2
10825023	10825024	1
3955248	3961939	3
6551317	6551318	1
8905037	8905409	1
12631608	12631594	1
7126200	7126187	1
3113560	3113766	1
4815773	4815774	1
1359662	1356805	1
4371464	4371491	1
5396807	5396900	1
7252336	7264822	1
588296	588295	1
10818711	10818712	1
3554607	3554608	1
1170395	1176387	1
12261211	12373742	1
5847446	5847445	1
10970871	10970872	1
9312574	9312573	1
9253550	9253535	1
10657290	10657289	1
4382081	4382082	1
4878591	4877187	3
5400947	5393926	1
70551	70552	1
9821430	9821429	2
3167060	3167059	1
8034129	8034130	1
2092287	2091961	1
11760229	11760324	1
3948472	3948467	1
4556149	4556150	1
2876691	2878037	1
3508139	3508140	1
1295334	1295331	1
8007610	8007613	1
6486962	6486961	1
8971705	8971712	1
2702233	2699962	2
1164627	1164628	1
2799792	2799800	1
2832393	2831724	1
4878672	4878671	2
1078485	1078488	2
1308818	1308815	1
6532958	6532957	1
7702184	7702181	1
2323443	2323444	1
5544590	5544589	1
6079868	6080206	1
7068974	9325915	2
5654576	5654575	1
3039029	3039032	1
140963	140964	1
9959715	9959770	1
8653084	8653083	1
5719964	5719951	1
5366293	5366294	2
2699963	2699964	1
1626937	1549248	1
7973516	7973549	1
3379571	3378006	1
5762939	5762095	1
2488403	2487567	1
8497234	8497442	1
6984236	6984235	1
6061103	6061104	1
2963555	2964362	1
3125999	3126000	1
8281190	8282660	2
2780592	2780587	1
1207769	1207770	1
6931679	6931680	1
860583	862234	1
2179320	2169371	2
3247206	3247461	1
8675830	8675825	1
11189241	11190462	1
9784605	9784608	2
11593138	11593346	1
7627647	7627648	1
11785197	11785198	2
9294261	9294262	1
3639765	3880245	1
672425	672426	1
9156778	9156761	1
3879950	3880566	1
5047972	5047971	1
11773814	982985	1
7275823	7275824	1
5884564	5884563	1
4635523	4635524	1
6052039	6052040	1
6516738	6516737	1
7698307	7698308	1
10473816	10473815	1
6814019	6814109	1
7864899	7864900	1
5201130	5201127	1
12331882	12331881	1
5960330	5960333	1
9574125	9574126	1
6721681	6725037	1
11476491	11476494	1
10273451	10273454	1
7954754	7954753	1
6508724	6508723	1
217391	217392	1
3297347	3297345	1
8449743	8451086	1
6617429	6617381	2
2992876	2992875	1
638100	638099	1
10223728	10223727	1
2665821	2719949	2
3192071	3192072	1
5214365	5214366	1
1351820	1353467	1
2612632	2612640	1
6960875	6960876	1
6079868	6079867	1
9100558	9100557	1
443932	443931	1
11518095	11518098	1
12458566	12458565	1
9236129	9236130	1
10297330	10298055	1
9488267	9488268	1
6090117	6090118	2
10399424	10404439	1
11231789	11231790	1
9356617	9427523	1
11739968	11739411	1
2440561	2438847	1
9430818	9430817	2
760787	745738	1
10781447	10781448	1
7949507	7949508	1
5506703	5506704	1
9638502	9638501	1
11213483	11213476	1
983969	983970	1
5718910	5725989	1
9826338	9826335	1
1339075	1349807	1
6211819	6211820	1
5094738	5008307	1
8021554	8021526	1
9938603	9938604	1
4329986	4329985	1
7773792	7773791	1
7119013	6137810	2
10978029	10978030	1
985678	995414	1
10870697	10870698	1
10338785	10338788	1
9811452	9940386	1
3477466	3405576	1
3703893	3703894	1
3601592	3601591	1
8242820	8242819	1
11847039	11847028	1
8453696	8453695	1
1164016	1164013	1
9375929	9375930	1
947356	947355	1
1681315	1681318	1
2776363	2776364	1
4021184	6111195	1
8418109	8418118	1
2039945	2038729	1
5564632	5564652	1
764416	765660	1
9049128	9049127	1
9294266	9466572	1
11927759	11927175	1
574396	574395	1
9571687	9571688	1
5639696	5640337	1
10804689	10804690	1
11372941	11372942	3
11816114	11818066	2
6562509	4265439	1
5720226	5720225	1
12776948	12776947	1
8795071	8793545	1
12643080	12643079	2
1977100	1977163	3
5566460	5566459	1
9684681	9684682	1
2155631	2155632	1
9352669	9351296	1
6373359	6375854	1
11070560	11070559	1
4284149	4284150	1
683477	796506	1
1871601	1871602	1
2897264	2897261	1
4856783	4856735	1
2048577	2048578	1
1974277	1974278	1
4103785	4103957	1
12468026	12468025	1
8842909	8843614	1
9109177	9109362	1
1718511	1718512	1
11381049	11381050	1
3674275	3674278	1
4812925	4812926	1
11804144	11804143	1
357615	357616	1
10715679	10715680	1
8035974	8035977	1
10775717	10775718	1
199825	199672	1
1306368	1306367	1
1463371	1461801	1
480339	480340	1
11548880	11548879	1
7810449	7811637	2
10359849	2660499	1
2199064	2096884	1
3132663	3121872	1
7992947	7992948	1
7424232	7424231	2
10643592	10632591	1
1396154	1396135	1
8954602	8954601	1
4428005	4418448	1
2157101	2157091	1
11476318	11476317	2
9162795	9164920	1
6107651	6107652	1
6921423	6921426	1
12037911	12038708	1
3373746	3374734	1
10657308	10657295	1
5047970	5047969	1
7018052	6997087	1
2430857	2421699	1
5859960	5860101	1
7274969	7274970	2
6236338	6298420	1
4141241	4141242	1
9974312	9974311	1
7002347	7002348	1
7959510	7957954	1
1327645	1327679	1
8242818	8242817	1
5690253	5783592	2
292432	292431	1
4558002	4558001	1
163955	163956	2
11630541	11630542	2
7703143	7700042	1
8293437	8293438	1
9296500	9296028	1
12123181	12123126	1
1393860	1394096	1
3533882	3532826	1
6362030	6275737	1
11312266	11312263	1
1525335	1525336	1
3227038	3227321	1
7178070	7178069	1
5421028	5421027	1
4280306	4279424	1
11308194	11308193	1
3274853	3274855	2
9897061	9897065	1
5330235	5330238	1
3186703	3186704	1
6114618	6114617	1
9158315	9059810	1
8954996	8954995	1
2409283	2409286	1
4068712	4068711	1
1968403	1968404	1
29918	47926	1
11739097	11739092	1
10038774	10040124	1
12382365	12382366	1
3700369	3697381	1
6404614	6404613	2
2725314	2725313	1
5524070	5524069	2
284216	283187	2
1974653	1974654	1
1893685	1880150	1
8380972	8380969	2
5658971	5659096	1
9048084	9050259	1
9973265	9973266	1
7865412	37902	1
2482704	2481927	1
3601596	3601593	1
4025256	4025255	2
12284606	12284619	2
1631180	1631162	1
1798011	1797957	1
3442275	3442278	1
7507699	7504593	1
7274734	7274521	1
12047990	12047989	1
10120915	10120916	1
10929754	10929753	1
6197688	6197687	1
10136457	10136458	1
2008502	2008534	1
5712880	5711536	1
5510838	5510837	1
5524066	5524065	2
10613753	10613754	1
9367736	10839222	1
11804345	11804346	1
2198590	2198572	1
10402319	10402265	1
3750366	3760633	1
10556806	10564419	1
3378717	3378676	1
8664513	8664514	1
1245055	1245014	1
5992265	6186082	2
6103095	6103096	1
12270563	12295929	1
6678441	6678224	2
2064206	2076823	1
6360494	6360482	1
8636230	8636229	1
8900137	8900187	1
8845472	8845469	1
12224991	12226863	1
1885767	1885768	1
10803579	10803580	1
5100832	5098970	1
4373260	4373255	1
7169761	7170039	1
3203316	3203315	1
6155738	6155737	1
11704605	11704607	1
11312268	11312267	1
6699728	6699727	1
7384737	7383565	1
4565489	4565490	1
5527609	5527610	1
6683594	6687259	1
11724196	11724195	1
6034562	6034565	1
9678363	9678364	1
8548265	8548266	1
2640790	2640789	1
4106399	4106400	1
2423235	2429857	1
9293490	9293507	1
7915839	7914563	1
12312297	12312298	1
5095607	5095608	1
6058843	6058844	1
6016446	6016445	1
4462782	4462781	1
12243300	12243299	1
3785149	3785150	1
5549424	5549421	2
9129463	9129464	1
4534124	4534123	1
10968354	10968353	1
7848890	7848887	1
4734431	4734432	1
449560	449545	1
6703930	6703938	1
9455588	9454781	1
7817161	7817162	1
5828449	5988617	1
344807	344808	1
7825765	7825972	3
10739724	10739723	2
3527089	3527722	2
7542567	7543097	1
1393168	1393167	1
2439537	2439558	1
5517508	5517513	1
6275734	6275733	1
630087	630540	1
4739219	4739220	1
9294380	9294271	1
7548388	7548385	1
510581	511823	1
10213349	10213350	1
2719940	2719939	2
10401961	10400695	1
12124701	12124719	1
4030922	4034035	1
3479525	3479498	1
5752420	5752419	1
3365648	3365657	1
9129461	9129462	1
8438102	8438101	1
6381782	6381781	1
5496590	5496589	1
3244280	3244279	2
11918655	11918656	1
6193370	10993033	1
12287760	12287759	1
12266897	12266898	1
1430958	1308806	1
8954998	8954997	1
6758037	6758077	1
5416329	5416330	2
8354374	8354396	1
10964126	10964125	2
5943852	5855885	2
1765890	1765889	1
6128606	6128605	1
11231787	11231788	1
12129365	12134777	2
721589	738979	1
9326795	9323466	1
11369788	11369787	1
5844941	5844942	1
12523098	12523118	1
7796643	7796646	1
1485308	1485305	1
11510275	11510276	1
8962865	8962866	1
9092984	9092983	1
11703181	11702828	1
12502101	12502102	1
1661021	1661025	1
11148278	11147630	1
10839223	10839226	1
10817523	10819875	1
4603121	4603122	1
9072335	9072336	1
11149329	11149750	1
9257178	9257177	1
1539895	1539896	2
9575552	9575551	1
1173777	1173784	1
6254159	6254162	1
7372761	7372260	2
4242927	4242928	1
9784609	9784614	1
8636935	1069217	1
140967	141610	1
1489838	1489837	1
11197716	11205883	1
4594750	4594749	1
9003879	9003880	1
4229347	4227934	2
7277868	7277867	1
10833012	10833011	1
2403673	2403674	2
2876870	2876869	2
3558201	3562514	2
7324734	7324733	1
10680625	10680626	1
6497665	6497516	1
6384787	6384788	1
5491173	5491053	1
820740	820739	1
4143644	4143836	1
7386873	7266163	1
8733803	8733804	1
8618507	8618292	1
6806375	6806376	1
7357011	7357014	1
5186592	5186589	1
958721	958802	1
11155610	11155859	1
99442	177736	1
10695354	2422491	1
8468002	8468001	1
6143662	6143661	1
5881460	5881457	1
8664511	8664512	1
4489134	4064838	3
8375826	8280469	1
7727581	7727582	1
5418213	5418214	1
2643928	2643927	1
7984493	7984494	1
1394414	1393607	1
4266376	4266375	1
899473	899474	1
9784973	9785150	2
1199009	1198820	1
12645285	12562938	2
4130878	4130857	1
3731150	3732021	1
11369781	11369782	1
11218698	11218697	1
9174649	9174650	2
7868056	7868055	1
11772322	11772359	1
10457844	10457860	1
6948164	6948186	1
2344195	2343930	1
766975	766976	1
9551817	9551818	1
4404489	4403541	1
3910577	3910245	1
12263576	12257418	1
1246437	1151643	1
5536813	5536814	1
10744516	10741015	1
7773933	7773934	1
4536864	4536863	1
6793286	6793285	2
804233	804234	1
2109891	2109892	1
12813608	12813615	1
6903677	998384	1
6039546	6039545	2
4925970	4925969	2
9100500	9100444	1
1968939	1968940	1
861190	840289	1
11084571	11084572	1
2664930	2664955	1
6179626	6179625	2
8289929	8067015	1
2545038	2546786	1
4284632	4284631	2
2264777	2264778	1
9325299	9325640	2
3941692	3932764	1
7475519	7763232	1
12284606	11612748	1
168266	168265	1
8979530	8979527	1
1146960	1146924	1
10250400	10250551	1
9744993	9744980	1
4474520	4474519	3
4652970	4364772	1
2530597	2532787	1
3652118	3705506	1
207756	207755	1
6781790	6781869	1
11834651	11834855	1
11367160	11367191	1
8848217	8848218	1
5389960	5389959	2
5799494	5799692	1
12783392	12783391	1
1846185	1846186	1
678328	678325	1
11163936	11165719	1
762571	762572	1
8465113	8465114	1
6394634	6396011	1
2169368	2169304	1
2684818	2685150	1
2613809	2613972	1
5757957	5757911	1
5042241	5042242	1
6846104	6846103	1
5875930	5880994	1
6884342	6885001	1
6117448	6120471	1
7411239	7411240	1
4262511	4262512	2
5732755	5732759	1
6541113	6541114	1
10557781	10557782	1
2471528	2471527	1
3121651	3120851	1
1233768	1233767	1
6765082	6765081	1
3911127	3911128	1
10760179	10743228	2
3702642	3702622	1
11289399	11289391	1
10765087	10765047	2
7633902	7633901	1
500103	531139	1
9341940	9338590	1
749371	749404	1
4221955	4221956	2
11478266	11478265	1
4815775	4815784	1
12337869	12337870	2
2580921	6421078	1
11486916	11490791	1
1944559	1944560	1
7661240	7661178	2
11384593	11384594	1
1898127	1898130	2
6765945	6765946	1
12597877	12605595	1
6223149	6221927	1
4500803	4500804	2
5135194	5288111	1
4303933	4269567	2
12457529	12457530	1
9103398	9104140	1
12692000	12691999	1
5732753	5732754	1
1359565	1337868	1
11871141	11871125	1
8577430	8577429	1
5439202	5439201	1
4868143	4868144	1
6041501	6041504	1
6394639	6575651	1
11057203	11057204	1
6702838	6702832	2
2323007	2323022	1
7701922	7703249	1
885868	885867	1
6970692	6970697	1
7973456	7983731	1
2470839	2470840	1
8753927	8753928	1
11656028	11656027	1
7945684	7945683	1
10736615	10736616	2
486384	486383	2
4371466	4371465	1
2243752	2267498	1
7473023	7473024	1
7727583	7727584	1
9113785	9113859	1
10414897	10415019	1
6580311	6580322	1
4104479	4104480	1
10310680	10310679	1
5861916	5861915	1
2470852	2470847	1
7015443	7015444	1
4367681	4367682	1
3265845	3265846	1
1603271	1603274	1
8181424	8181423	1
7962739	7962104	1
1013646	1012340	1
12304318	12304317	2
3710084	3710419	1
2440946	2439781	1
4653881	4653882	1
9256588	9256587	1
9339938	9339937	1
9070885	9070886	1
6158498	6158497	1
8038578	8042995	2
4031377	4031378	1
907872	7446314	1
1616862	1616861	1
5246390	5241890	1
1304439	1304379	1
12179447	12179235	1
8989353	9053349	1
628771	628814	1
8898405	8883530	1
8725733	8725734	1
6812118	6806194	1
5506277	5506278	1
2678758	2671200	1
11826673	11826531	1
3861167	3861168	1
2969086	2969083	1
5655104	5654814	1
2512522	2512554	1
6514524	6514521	2
5794048	5794414	1
7154476	6933994	1
10115075	10114919	1
4529326	4529325	1
6761476	6761475	1
10155683	10155684	2
6582733	6676016	1
12465216	12465221	1
10905226	10905225	1
5773350	5773338	1
4801281	4801282	1
11750596	11750595	2
11843971	11843972	1
4831983	4831984	1
6963917	6963700	1
661555	664058	1
6716697	6716681	1
5038031	5037949	3
10711663	10711664	1
7106477	7106480	1
8754220	8754219	1
8487666	8487665	1
8880665	8876998	1
10569034	10569101	1
12031340	12031337	1
8690759	8690702	1
7579609	7579610	1
5280572	5280600	1
8904011	8903671	1
5281832	5281831	3
5622365	5622366	1
4865754	4865753	1
1518884	1518881	1
9638498	9638497	1
6147082	6147081	1
9627451	9627452	1
192057	186056	1
12665296	12665301	1
11570248	11570245	1
4053720	4053719	1
2751765	2756212	2
8367315	8367316	1
8712344	8714198	1
2776361	2776362	1
5950764	5950763	1
8749674	8749412	1
6079866	6080206	1
2393416	2393413	1
5201126	5201125	1
9700244	9700243	1
9344141	9344162	1
5600073	5600074	1
2570247	2570248	1
5935605	5935606	3
6302565	6302566	1
903862	903861	2
4833264	4833263	1
207758	207757	1
3422532	3422531	1
5986553	5988017	1
5238259	5237154	1
1202429	1202430	1
10565945	882704	1
8571111	8571038	1
7153138	7153169	1
6687955	6685343	1
2789077	2730378	1
5092173	5092158	1
2846799	2846800	1
6104255	6104256	1
1457857	1513285	1
7753196	7753195	1
12645169	12771170	1
12735259	12735260	1
347169	347172	1
7565701	7565702	2
6693531	6693624	2
8052500	8052455	1
695464	695463	2
1494855	6627314	1
11515960	11515959	1
1960478	1965451	1
3295189	3294470	1
10366791	10365644	1
9156254	9154014	1
11372729	11372730	1
5787618	5787657	1
10036198	10033604	1
1845427	1845430	1
9990113	9990125	1
11533705	11533706	1
7765706	7606060	1
10168749	10168750	1
6242837	6242842	1
12047739	12046001	1
8502945	8502948	1
10402172	10402366	1
9293492	9293491	1
11582876	11582875	1
2902684	2902723	1
8421275	8421276	2
1939936	1939932	2
10340739	10340740	1
11253189	11253206	1
1000304	1000301	1
2725295	2725296	3
431206	431205	1
1746210	1746209	1
8925053	8926203	1
12448105	12448110	1
7100579	7100588	1
1792626	1792586	1
6093533	6207701	1
8751175	8854934	1
11459559	11459560	1
6331642	3982712	1
8104068	8104494	1
6000416	6000415	1
1380583	1380584	1
5420734	5420743	1
7154275	7154276	1
3079562	3079561	1
7796676	7835904	1
11675525	11675526	1
5530100	5530099	1
3081602	3081585	1
4073519	4121718	1
4041842	4041841	1
4055046	4055045	1
6899129	6899105	1
5553343	5553344	1
8068446	8068445	1
5150008	5150007	1
9544835	9381021	1
5111935	5111936	1
5328633	5328634	1
4745803	4745804	1
10300873	10300874	1
6052127	6052138	1
12373011	12373012	1
5391306	5383728	1
946444	945528	1
9129465	9129466	1
7687552	7687551	1
4337806	4337803	1
1146271	1153335	1
362975	362323	1
10250127	10250130	1
3762190	3762189	1
1735307	1727077	2
10451345	10451185	1
8646281	8663727	1
3039027	3039028	1
7653261	7653068	1
7777388	7777387	1
5753429	5753430	1
2348819	2348457	1
9359479	9359480	1
11548882	11548881	1
6021533	6021534	1
2706238	2706237	1
6951780	6951840	1
12769727	12768730	1
7794386	7794434	1
3648287	3648288	1
1663287	1662071	1
11178007	11178008	1
9940525	9940528	1
10691020	10691019	1
10014359	10014360	1
7423059	7416760	1
10265518	10257818	1
11358406	3459609	1
3288019	3288258	1
11962895	11962896	1
9758509	9758510	1
6064302	6064307	1
6551613	6551316	1
11063706	11068718	1
12175665	12175666	1
12233268	12233257	1
3703095	3705490	1
10352397	10352398	1
2204638	2204637	1
5761260	5761307	1
6584474	6584471	1
7926975	7926976	1
3055880	3055879	1
1650138	9156213	1
3707214	3799664	1
11393624	11393623	1
3775804	3777233	1
292921	292922	1
9763842	9768809	1
4334371	4334372	1
8577077	8576928	2
7826363	7825867	1
11126728	11126256	2
11721406	11721405	1
12771319	12771320	2
10455373	10455374	1
11290013	11290014	1
3649810	3649809	1
6474829	6473742	1
6194962	6194957	1
11050252	11052757	1
8861712	8861711	1
2614985	2614986	1
6112539	6119462	1
6995190	6994071	1
6812171	6811949	1
10679786	10679785	1
6017300	6017317	1
11074946	11075015	1
102599	102600	1
10717853	10717854	1
7022870	7023743	1
3642819	3642820	2
10453905	10453906	1
4373097	4373098	2
11765377	11766758	1
11926334	11926333	1
10681804	10681803	1
6794710	6794709	1
10429960	4419810	2
4804421	4804350	1
806384	10689317	1
3880567	3880541	1
518980	517494	1
12476506	12476505	1
9587325	5352503	1
8900346	8900345	1
1832221	1832222	1
4433668	4433667	2
6188187	6188188	1
7954752	7954751	1
5279239	5279231	1
8987192	8986000	2
6460020	6460019	2
9465352	9464638	1
1251345	1255613	1
9304875	9304876	1
11967934	11967980	1
986886	986885	3
2712632	2712688	1
8745580	8745612	3
3325633	3325585	1
1613201	1613090	1
11575657	11425973	1
3690562	3690403	1
6672992	6672991	1
7289222	7418411	1
7811626	7810172	1
2479531	9513749	1
1274224	1274188	1
8417283	8418807	1
10919512	10919509	1
11295819	11295820	1
9312570	9312426	1
3614619	3614620	1
3599985	3599986	1
10186608	10186607	1
7444578	7444577	1
12141721	12141722	2
1231421	1227251	1
923942	923941	1
5600201	5599769	1
6415750	6415749	1
6275732	6275731	1
1642018	1655712	1
588476	588475	1
8060818	8060815	1
7114080	7114079	1
2263301	2263302	1
8034735	8036044	1
2923727	2924484	1
1289389	1289585	2
10221326	10220544	1
9517570	9517569	2
3296990	3296981	1
10404087	10404090	2
6940102	6939773	1
6132767	6132768	1
4032567	4032568	1
7411241	7411242	1
3698281	3698705	1
10337862	10337861	1
4415723	4415726	1
6266103	6266104	1
11905321	11905322	1
730248	730245	1
2673010	2673067	1
9164289	9164290	1
3217301	3217302	1
4685336	4685335	1
773366	775472	1
6487689	6487628	1
1542568	1542567	1
10997954	285207	1
6053513	6053524	1
11369955	11369956	1
9479417	9478346	1
6376982	6376981	1
9983938	9984578	1
12289364	12289363	2
1357314	1357313	1
11062158	11062157	1
4489582	4489581	1
1702996	1702995	1
1686709	1686711	1
12771873	12776955	1
3720207	3708123	1
6017556	6018039	1
8973349	8973402	1
6671374	6671485	1
9343971	9343872	1
10692487	10692488	1
12402319	12402320	2
8172507	8172508	1
6167378	6167377	1
4911187	4911188	1
8454902	1261008	1
968676	968673	1
3248139	3248259	1
600300	600299	1
6954312	6953426	1
2735538	2735537	1
5280461	5280462	1
7090889	7086738	1
6335299	6335302	1
7850539	7850540	1
7410925	10092799	1
7383293	7383194	2
8824145	8824248	1
7424642	7424026	1
9560077	9560078	1
5927355	435805	1
12177886	12175664	1
8152863	8152864	1
3037697	3037698	1
8569348	8569347	1
9959771	10156511	1
9913709	8706710	1
10890260	10890259	1
5414289	5414290	1
11980657	11980658	1
11391299	11389060	1
840031	840119	1
4095579	4095580	3
9194964	9194961	1
6580653	6580668	2
9786590	9785884	1
12122625	12124051	1
2511044	2511043	3
8060814	8060819	1
4176730	4176723	1
12198056	12198055	1
12318352	12318953	1
6044554	6044553	2
3540389	3540394	2
11063155	11063156	1
8625586	8625600	1
6685148	6685147	1
1331901	1332551	1
9568216	9568215	2
11804145	11803824	1
12428400	12428403	1
7446303	7446304	1
7114132	7114131	1
6814058	6814057	1
5952272	5952271	1
7389925	7391399	1
5357921	5335212	1
1071929	1071930	1
2719036	2719035	1
11842973	11842978	1
8408075	8408082	2
3173388	3173411	1
12613624	12613623	1
4807417	4807321	1
9798068	9798121	2
4706164	4706152	1
11111074	11111064	2
4758216	4758239	1
132487	132522	1
2969079	2969082	1
7271730	7274968	2
8361864	8361863	1
4367683	4181259	1
6510297	6497625	1
2639372	2640791	1
9795175	11203372	1
6733901	6733902	1
12465234	12463960	1
2758487	2758488	1
4685526	4684328	2
6672994	6672993	1
5424849	5424709	1
2321882	2321881	2
8826328	8823002	1
3946110	3946778	1
5133809	5133810	1
8391482	8391481	2
7925291	7925292	1
6561062	6561061	1
4482187	4482188	1
9656003	9653811	2
5244028	5244137	1
10962302	10962301	1
12201347	12201358	1
2963790	2649597	1
2678233	2678234	1
10507376	10506883	1
3124811	3125420	1
8063158	8077543	1
7846979	7846980	1
7810175	7810178	1
2491209	2491318	1
6365604	6365588	1
10264029	10265112	1
2094078	2094140	1
3834479	3834480	1
10457770	10457851	1
5711553	5775511	1
7776709	7775448	1
1182711	1182712	1
9153327	9153328	1
1769592	1769591	1
6128604	6128603	1
7766205	7766206	1
10468845	10468789	1
6707005	6707008	1
10051629	10051630	1
4083482	4083481	1
4831838	4833023	1
11512509	11512510	1
47262	47261	1
4531394	4531393	1
8181426	8181425	1
10874720	10874734	1
6312064	6312059	1
2902000	2901999	1
3158696	3158695	1
4911187	4911190	1
9732459	9741343	1
11007666	10996676	1
12373716	12373729	1
1299277	1299278	1
4664323	4663554	1
3938269	3938270	1
4548386	4548385	1
10393764	10393763	3
5690251	5690252	2
7120576	7120509	1
8919823	8921062	1
111179	111180	1
1356804	1356803	1
3536135	3536136	1
10978028	10981686	1
4053718	4053717	1
2672062	2672061	1
2554753	2554754	1
9312572	9312571	1
3361506	3361498	1
10483454	10483451	1
12645734	12645733	1
5819571	5915110	1
4482189	4482163	1
11804343	11804344	1
10463821	10464350	1
11365196	11311092	1
8793501	8793540	1
9312574	9312426	1
2721292	2721291	1
2505861	2505862	1
8602229	8603012	1
3641158	3640789	1
4532627	4532628	1
11378458	11378457	1
2675956	2677887	1
4483625	4483626	1
10283432	10283431	1
9436768	9436767	1
10239903	10239904	1
10714889	10714890	1
1721822	1722547	1
8883195	8882841	1
3442279	3442267	1
5123054	5123053	1
10732992	10732991	1
5473433	5473434	1
1146967	1146968	1
10461448	10657890	1
1453817	1453865	1
7517643	7517776	1
11023802	11023793	1
6966112	6966111	1
7786976	7786975	1
9786936	9453084	1
10492476	10492475	1
5406623	5406624	1
2841110	2841109	1
11849670	11849669	1
1616864	1616863	1
9784609	9784612	1
4354356	4354355	1
3325574	3325573	1
6930224	6930223	1
5577486	5578823	1
990736	990735	1
7456236	7456235	1
9823161	7517010	1
5623835	5623836	1
2825782	11870891	1
8518160	8518136	1
8365732	8365731	1
7588711	7588712	1
5093499	5093500	1
9854431	9854432	1
12303489	12301194	1
6870289	6869018	1
2334977	2334978	1
542388	542616	1
3857885	3857254	1
11427771	11427198	1
10589216	10589215	1
3822113	3822114	1
7424644	7424643	1
6184967	6184968	1
2181937	2181942	1
3511806	3511578	1
3115566	3110709	2
6717137	6716273	1
12178397	12178413	1
4462777	4462778	1
5711551	5711552	1
9481154	9481153	1
10883592	10883665	1
11065360	3615037	2
7995500	940181	1
5368912	5370716	1
11229278	11229277	1
93012	93011	1
2115096	2115857	1
10469448	10589568	1
6478555	6478556	1
7702135	7704807	1
9494213	9494068	1
5439192	5439191	2
3061569	3004665	1
9153329	9153330	1
5782254	5782247	1
8356262	8356304	1
10860046	10860045	1
9560077	9560080	1
10349200	10349228	2
7658962	7658961	1
7367169	7367176	1
10346425	10346428	1
2374305	2374312	1
4956430	4956429	1
6966269	6966270	2
2474448	2474445	1
67987	67990	1
1485308	1485303	1
6765947	6765948	1
4535921	4537705	1
4735147	4735160	1
7619502	7617658	2
1506617	1506614	1
4473295	4473296	1
8010627	8009402	1
9728241	9728214	1
5071544	5066012	1
532595	532992	1
2842721	2842722	1
4106190	4104512	1
8528118	8448844	1
12336371	12336660	1
1314373	1314985	2
10773858	10773857	1
8900348	8900347	1
2253877	2253878	1
9298948	9298944	1
5821133	5821134	1
7164085	7164086	2
1829491	1825845	1
2908260	10310848	1
1518880	1518879	1
3964818	3965057	2
10988850	10883887	1
4698771	4698713	1
8826963	8826966	1
6570319	6402239	1
6102889	6102890	1
369961	369962	1
10524559	10524560	1
10597181	10597182	2
6485394	6483372	1
11576146	11576173	1
7464613	7464614	1
2380490	2387562	1
9072970	9074106	1
6530750	6530754	1
1521523	1320371	1
12491224	12499963	1
12427821	12427822	1
2365791	2365792	3
223699	223700	2
11761746	11761745	1
5894426	5894425	1
9318927	9318928	1
6681492	6681491	1
9375931	9375932	1
7610394	7609454	1
11340383	11340384	1
359063	359064	1
1926497	1927178	1
6243523	6249111	1
2368692	2368691	1
9577300	9575553	1
1262107	1260319	1
5201139	5202114	1
10453899	10453900	1
5321501	5280460	1
11889335	11889336	1
10527144	10527198	1
10734921	10734922	2
7823524	7825553	1
2736757	2738131	1
11724427	11720854	1
9166446	9166445	2
11622002	11622001	1
11092878	10969306	1
8512984	8512983	1
12610602	12610601	1
804615	804616	1
10352571	10352735	1
370813	370814	2
2482421	2482205	2
8151303	8151304	1
1117068	1117067	1
11211963	11218312	1
2409285	2409286	1
7575085	7573633	1
8430474	8423927	1
11098548	9376471	2
7320553	7320555	1
15797	15798	1
8807800	8806336	1
9081343	8918801	1
423385	423386	1
10860048	10860047	1
4821331	4821332	1
6812876	6813486	1
7671903	7671951	1
10233771	10233256	1
1490554	1490553	1
10623238	10623241	1
10652410	10652407	1
6716680	6716679	1
8995070	8995067	1
362649	362650	1
9314944	9314943	2
9343389	9343390	1
8986001	8986002	1
7975976	7975965	1
10964866	10964865	1
6135680	6135679	1
11832562	11832561	3
7716473	7716468	1
6940768	7632018	1
729330	628010	1
6758612	1256521	1
10432136	10432131	1
11160795	11066339	1
11378456	11856488	1
1275799	1275812	1
9788340	9788337	1
11404292	11404071	1
9583223	9583224	1
653423	653345	1
3900319	3900320	1
12675171	12675174	1
5582086	5582085	1
12312176	12312175	1
11820945	11820946	1
2514660	2514659	1
10657294	10657293	1
11517934	11517933	1
9842915	9842916	1
2639372	2640789	2
7812051	7812052	1
9622858	9622855	2
1573395	1573396	1
2328841	2328816	1
182914	182913	1
8682077	8682078	2
6927769	6929294	1
3142880	3142879	1
1282186	1282185	1
4734420	4734430	1
5369286	5370877	1
12174490	12174489	1
10332448	10333186	1
3083597	3083602	1
6879992	6879989	1
3692779	3692702	1
11141223	11141224	1
9490326	9493822	1
4776710	4776202	1
5746331	5746332	1
12806972	12806671	1
7812285	7812309	1
3026008	3028205	1
1361709	1326405	1
8226995	8225987	1
3197420	3196936	1
398925	398367	1
2587007	2587008	1
4566994	4566993	1
1309004	1309003	1
6099865	6099866	1
5310423	5310424	2
1429023	1427019	2
7548384	7548383	1
1774161	1774164	1
12694728	12694727	1
2250745	10476824	1
10077046	10077045	1
4925972	4925971	2
1880151	1880152	1
3297951	3298805	1
7954961	7954962	2
5860102	5860101	1
6678225	6956087	1
166837	166838	1
10647604	10647603	1
2961737	2961738	1
5857603	5802394	1
2470026	2472082	1
765661	765662	1
3314785	3318764	1
7635916	7635915	1
4467171	4467172	2
921006	920604	1
10742179	10742180	1
8824862	8824861	1
10069491	10069492	1
9301291	9301294	1
10090906	10090905	2
3956617	3956618	1
6052048	6052240	1
6419841	6422450	1
6865041	6865042	1
5190921	5190922	1
1208157	1207845	1
6418996	6419528	1
12491931	12491969	1
10475292	10475646	1
946489	946490	1
9030278	9030283	1
10773843	10773844	1
5352618	5348772	1
4382704	4383045	1
10404095	10402824	1
11556191	11556192	1
9790637	9791508	1
673102	673101	1
12567261	12570112	1
9754055	9754058	1
12614348	12614347	1
5231697	5235860	1
4476448	4477229	1
11148280	11148279	1
1616293	1616294	1
3937394	3937393	1
11181108	11181113	1
6179641	6173974	1
5327231	5327582	1
12458321	12454030	1
8419352	8419351	1
1116364	1116357	1
4511143	4503437	2
2097752	2097751	1
11717238	11741402	1
10564418	10564417	1
10117309	10117310	1
5804160	5804141	1
5544592	5544591	1
9986491	9986492	1
8781417	8781506	1
7897121	12228715	2
4531287	4531288	1
3786249	3789472	1
1082929	1082932	1
11915105	11915106	1
5515266	5515265	1
5104577	5119862	1
7812997	7812284	1
9047973	9047974	1
10122225	4520095	1
1359001	1359002	1
11307108	9324339	1
11517936	11517935	1
4446998	4446995	1
292430	292429	1
1567749	12687938	1
174589	173368	1
6491903	6491904	1
1136999	1137000	1
7115935	7115936	1
5757959	5757911	1
8027489	8027490	1
7079348	7079347	1
5536435	5536321	1
5713423	5713424	1
3900308	3900235	1
10804691	10804047	1
5925914	5925913	1
5557084	5553525	1
3152913	3152901	1
353473	353718	1
9964137	9964203	1
91266	91265	1
5542463	5544283	1
6698903	6579803	1
12425246	12425245	1
4687488	4687453	1
110291	109807	1
2334979	2334980	1
8252308	8252307	1
9686573	9686574	1
5256213	5256234	1
9568222	9568221	2
6036781	6036784	1
11698222	11705598	1
1040556	1047055	1
8327191	8318203	1
4359202	4358620	1
12470191	12488987	1
11785199	11785200	2
9522898	9522897	1
11718610	11718582	1
3522265	3522161	1
8641207	8634953	1
6789867	6789868	1
6931683	6931642	1
10369161	10369114	1
5104577	5119864	1
9868446	9868445	1
8971923	8972072	1
1539824	1539815	1
11205809	11196881	1
9638500	9638499	1
10493344	10493327	1
2920899	2920900	1
1616291	1616292	1
1357894	1357893	1
7763408	7763393	1
8468000	8467999	1
8512727	8512695	2
11901108	5665322	1
8860368	8860367	2
2695176	2695110	1
4655646	4656077	1
985680	985679	1
8786472	8786468	2
12195193	12187194	1
2195944	2195943	1
4558362	4569291	1
416900	417795	1
3808625	3808626	1
5994822	5994821	2
10926701	10926702	1
9877226	9879885	1
4832149	4833289	1
10399721	10399717	1
8920656	8920655	1
7782678	7782677	1
8830384	8830383	1
10741613	10741614	1
12483132	12483131	3
5261196	5241057	1
9447944	9447943	1
7640756	7640855	1
5517621	10650827	1
8293439	8293440	1
10630317	10630515	1
4016952	4016951	1
486604	486603	1
11709034	11709033	1
11369967	11369968	1
4692720	4693611	1
2896820	2896819	1
6137813	6137814	2
9659194	9653388	1
8476589	8463549	1
1256807	1310831	2
9519573	9520454	2
11469759	11469760	1
7565557	7565635	1
2789746	2789818	1
9932694	9932693	1
4548237	4548238	1
1603275	1603276	1
2148681	2089062	1
3234461	3234462	1
6963492	6963491	1
7923975	7923573	1
8510289	8529414	1
2383880	2432130	1
4002737	4002738	1
7075696	7049538	1
8981971	8981972	1
6071732	6071731	1
5710788	5712309	1
12674615	12674593	1
7342964	7343202	1
11982948	11982817	1
10064489	10064490	1
775539	775540	1
8728380	8728379	1
6634866	6634863	1
6318484	6319968	1
2282236	2282194	1
10310035	10310036	1
4369265	6597649	1
11865511	11865512	1
8399384	8399383	1
6498838	6498855	1
5859999	5860000	1
5484292	5484408	1
9124668	9124665	1
9057435	9057439	1
3900308	3900237	1
11766551	11766552	1
3607708	3607707	1
7178072	7178071	1
9681209	9683550	1
8169327	8169328	1
9616654	9776302	1
8979526	8979525	1
11886516	11886515	2
8399586	8399585	2
1898131	1898132	1
7838321	7838322	1
8841009	8840994	1
6565486	6565469	1
3669626	3669625	2
2471526	2471525	1
3244220	3244217	2
8572645	8572646	1
11705834	11779867	1
9960916	9960915	1
10625771	10625772	2
10456314	10456311	1
787371	787372	1
7940884	7939335	1
6629984	6621308	1
6269347	6263041	1
4686234	4686233	1
396875	396870	1
12262410	12262409	1
3699219	3698954	1
598182	598181	1
4614604	4615009	1
12388691	12387465	1
5835783	5835784	1
1597253	1597254	1
7423333	7423334	1
10119769	10119770	1
11557661	11573575	1
4423922	4423921	1
6683389	6683390	2
7240663	7240670	1
6422452	6422451	1
3988759	3988773	1
7844993	7845192	1
10491130	9252947	1
3399133	3399134	1
4856390	4505490	1
1485304	1485303	1
2265592	2265591	1
11099274	11100208	1
6466573	6467714	1
5379743	5379409	1
6446356	6449865	1
8953123	8953124	1
8502044	8505497	2
11832560	11832559	1
7954760	7954750	1
4563695	4563696	1
4752409	4752410	1
9515930	9515929	1
8381107	8381108	1
3749607	3749608	1
12645732	12645735	1
3455273	3455274	1
7044974	7046976	1
53569	53570	1
6138249	6138483	1
5789124	5789123	1
5727287	5727237	1
352674	353165	1
1833120	1836611	1
4089608	4089611	1
8177653	8177654	1
1428684	1407040	2
4599236	4602596	1
2583758	2583740	1
10692489	10692490	1
8241104	8241163	1
1490011	1490031	1
1286714	1181037	1
6927235	6927243	1
120624	119023	1
5529836	5529835	1
10937488	10937498	2
957816	944671	1
12181333	12225580	1
2969084	2969083	1
3142528	3142447	1
4090166	4090165	2
8228837	8228838	1
1411351	1415614	1
5100812	5099628	2
5506279	5506280	1
5556098	5401348	1
8280782	8279383	1
341435	342352	1
672054	672053	2
3208763	3205871	1
9754453	9754419	1
10979075	10861193	1
140965	140966	1
3749356	3749355	2
4833994	4833993	1
1517009	1517010	1
2244865	2244866	1
1085818	1086091	1
7832960	7795782	1
5205577	5205578	1
1017312	1000672	1
12627691	12627696	1
3235281	3235274	1
12776950	12776949	1
12416934	12421203	2
7022872	7022871	1
6126216	359062	1
3746368	3746421	1
7749521	7749522	2
7859358	7855768	1
9556894	12243301	2
11417738	11417744	1
4723113	4723884	1
424051	423915	1
3646594	3646593	1
7817159	7817160	1
5751927	5751928	1
5789126	5789125	1
11650023	11650138	1
2875384	2875073	1
44483	44484	1
1568348	1568122	1
11138635	11133997	1
11980648	11980647	1
7115937	7115938	1
1725849	1725852	1
7543363	7543643	1
9848909	9848470	1
3518910	3519014	1
5349664	5349663	2
8241892	8229448	1
9101046	9101041	1
6312068	6312067	1
6203859	6092801	1
9477270	9477975	1
10184762	10184761	3
9352667	9352668	1
10310403	10310201	1
6118831	6118832	1
1380575	1380576	2
2970820	2970753	1
669544	670008	1
6599987	6582938	1
12645265	12645266	1
9066361	9178451	1
11472283	11472303	1
10453901	10453904	1
7401070	7401069	2
10506370	10506367	1
1251345	1251346	1
7792431	7792432	1
7523108	7523107	1
4469506	4469498	1
8847557	8846632	1
12305337	12305338	1
10650826	10650825	1
1508725	1490555	1
5520520	5520515	1
8063661	8063662	1
5149537	5149538	1
73067	73068	1
10852972	10852971	1
2471543	2471544	1
8985230	8985229	1
5568081	5568082	1
6567600	6566084	1
8801333	8801334	1
920430	920426	1
10943638	10943637	1
4091981	6492724	1
9045381	9045382	1
7855756	7859550	1
3355524	3355523	1
2974268	2974267	2
771244	771247	1
12400037	12401484	1
1896809	1896028	1
4468461	4468462	1
12722401	12722402	1
7155531	7155532	1
7817967	7817968	1
5763919	5763920	1
2365793	2368434	1
1663488	4537778	1
11520541	11517269	1
5521153	5521144	1
2780066	8801330	1
2412822	2412821	1
7810173	7810174	1
6547201	6547202	1
6557597	6558344	1
4949523	4949524	1
2849337	2848689	1
10249236	10249235	1
5778353	5778360	1
8024065	8027488	1
10036200	10036199	1
6343361	6343352	1
998417	9310278	1
9427515	9427516	1
4648276	4648275	1
2663293	2663294	1
2589636	2589635	2
1199148	1199147	1
5321929	5418309	1
2512939	2512940	1
4704577	4838352	2
8479080	8479077	1
2641361	2641362	1
6179639	6179640	1
2471524	2471542	1
1561620	1336415	1
686679	686680	1
5044317	5044318	1
10455586	10455585	1
11149359	11218699	1
9675782	9675779	3
3307581	3307582	1
8849645	8849697	2
9756469	9756485	1
6939505	6938457	1
6570575	6570795	1
2158427	2160933	1
10926601	10926602	1
458689	458721	1
7378857	7378858	1
1295552	1295549	1
11774156	11771039	1
9417758	9417757	1
10687450	10687449	1
6030220	6030217	1
1971922	1971921	1
3060828	3060827	1
11697809	11697810	1
673107	6110232	2
10293958	10293957	1
11543252	11543251	1
8885669	8804857	1
7444580	7444579	1
11968319	11967862	1
1394927	1394907	1
9063592	9063591	1
4615027	4615019	1
2399398	2397750	2
6406523	6407487	1
8778372	8778371	1
3036372	3036419	1
164366	164365	1
12025417	12025418	2
9943598	9436769	1
587903	585832	1
3558199	3558200	2
4612290	4612289	1
10130109	10130110	1
11825513	11825516	1
9745538	9745526	1
3699498	3698289	1
9606799	9606802	1
7110588	7110585	1
5949446	5949445	1
10780328	10780327	1
5043017	5043018	1
2404095	2404096	1
8365730	8365729	1
7911601	7911604	1
2663447	2663448	1
9442784	9443326	1
4025313	4025255	1
6499603	6498961	1
3616084	3614618	1
6198002	6198001	1
4493018	4493017	1
10471596	10469205	1
5878545	5837334	1
12797445	12641346	1
792951	792952	1
2786476	2786425	1
5367052	5367069	1
5119731	5119732	1
11425394	11560667	1
5650209	5650210	1
11918653	11918654	1
327535	345042	1
3317118	3317133	1
10966468	10966467	1
3168284	3168286	1
11468517	11469758	1
6707003	6707004	1
8534825	8535002	1
9739520	9739519	1
4880140	4880139	1
3746405	3746301	1
6901751	6901765	1
8532316	8532315	3
6568156	6491263	1
4065640	4065639	2
10637679	10637680	1
12505329	12505330	1
9488269	9488265	1
3516249	3516250	1
4400809	4400815	1
7923628	7923627	1
9549895	9549896	1
8678148	8678129	1
1164629	1170998	1
1720250	1751209	1
418912	418092	1
5732796	5732795	1
6322053	6322058	1
10452854	10452794	1
5604583	5604584	1
6372246	6371797	1
1825320	1825258	1
1164012	1164011	1
6075438	6075437	2
4083	4084	1
1029857	1029858	1
10601826	10601825	1
3090503	3087522	1
12554298	12554701	1
7446475	10283429	1
1923534	1923533	1
3965987	3965988	1
5566458	5566457	1
5580196	5271115	2
7659401	7659402	1
3707549	3707550	1
8503425	8502529	1
1195901	1195904	1
8850303	8850304	1
11584710	11584709	1
9055523	9055743	1
2850666	2852395	1
1549277	1549278	1
8713446	8713426	1
3037695	3037696	1
9056915	9056918	1
2832062	2832061	2
6615195	6615196	1
5487906	3878323	1
292428	292427	1
4728998	4728997	1
8802783	8810624	1
3597399	3597404	1
8292811	8292812	1
5847738	5847838	3
3633327	3633328	1
167179	167180	1
8602229	8602230	2
2155636	2155635	1
4582036	4582035	1
4274131	4274608	1
7706083	7706084	1
6900665	6900666	1
10138075	4124728	1
12368151	12367627	1
8981931	8981932	2
10895316	10895319	1
2981821	2977524	1
8830103	8830385	1
280829	280830	1
12261209	12261210	1
3646598	3646597	1
11041753	11041754	1
11401850	11401849	1
9174651	9174652	2
2590160	2590159	1
2120859	2120860	1
7611933	7611934	1
1391766	1391765	1
9367872	9367700	1
12729275	12729276	1
11923991	11877931	2
3890333	3890486	1
3478703	3597002	1
7817969	4381077	1
1246435	1246436	1
7296807	7292431	1
8824860	8824857	1
3519807	3519383	1
1867560	1867559	1
10401100	10401462	2
7949933	7949934	1
4837811	4837711	1
7786725	7786726	1
9986799	9992345	1
8477526	8475692	1
5592344	5592343	2
6128299	6129378	2
11777002	11777001	1
1021518	1016879	1
4271559	4273220	1
12549781	12549730	1
6901629	6900490	1
8439147	8439148	1
3607706	3607730	1
10657288	10657292	1
7453190	7453958	1
4272398	4272844	1
4594752	4594751	1
6507177	6502461	2
9965673	9965674	1
7802761	7801016	1
7319633	1633602	1
4820329	4820332	1
11023255	11023256	1
11476605	11476608	1
4434694	4434693	1
6823084	5605183	1
6068276	6068275	1
4308558	6015889	2
4380536	4380693	1
8879641	8878491	1
9796338	9799113	1
10480830	10480829	1
4025313	4025257	2
1784952	1784960	1
695462	695461	2
6047293	6047233	1
9803341	9803344	3
22460	22432	1
3106404	3109765	1
2541747	2541748	1
10180146	10180060	1
3625713	3625714	1
2923984	2923987	1
8989458	8990678	1
5068924	5068923	2
11190518	11190524	2
6050578	6050575	1
3854987	3854990	2
3913588	3913587	1
3323446	3328861	1
1923104	1923103	1
9552057	9545305	1
2749592	2749591	2
10500879	10498649	1
11512473	11512476	1
4956428	4956427	2
7969809	7969810	1
7721915	7721916	2
7049974	7047976	1
9476093	9476094	1
1507738	1507737	1
1887805	1887810	1
3551232	3551171	1
6587003	6587004	1
9868448	9868447	1
4825134	10750925	1
3602375	3602376	2
4688977	4688978	1
1956492	1957725	1
8539639	8539640	1
10940561	10940562	1
1186992	1187000	1
6184969	6183829	1
9853879	9853880	2
5820258	5819139	1
9597753	9597841	1
9999876	9999750	1
3304904	3304903	1
1823063	1823066	1
2758652	2758651	2
4758627	4758676	1
10168861	10168862	1
1344702	1345183	1
9842913	9842914	1
9381507	9381508	1
443930	443925	1
3239232	3239231	2
11280763	11280764	1
9256590	9256589	1
2844699	2844700	1
4736700	4737909	1
1735305	1735306	3
2778585	2778586	1
4740955	12129182	1
10153983	10153984	1
2582509	2582510	1
6870965	6870966	2
11515430	11515427	1
12607221	12607222	1
898593	898218	1
5297140	5297137	1
10012784	10012783	1
12312519	12312525	1
8020099	8016896	1
4668244	4668243	1
6466444	6466990	1
5588033	5588979	1
247811	247812	1
10095327	11351676	1
2780941	2780942	2
7794388	7794387	1
6068722	6064744	1
6672996	6672995	1
5986553	5986554	1
11776756	11776788	2
3250249	3250250	1
3163458	3163457	1
8404503	8404504	1
9746140	9753524	1
6030379	6030380	1
3720205	3720206	1
1761694	1761672	1
2310965	2310966	1
7881733	7881775	2
6482071	6482072	1
7708263	7708264	2
12040525	12040526	1
9071910	9071909	3
8408489	8408490	1
376463	376464	1
5441602	5441606	1
10773840	10773837	1
9974310	9974309	1
9926759	9926764	1
2243091	2243097	1
7373810	7373809	1
6513983	6513984	2
4366661	4366662	1
9827784	9827781	1
9447800	9447945	1
2149897	2149942	1
12384377	12384378	1
2719948	2719947	3
9938897	9938898	1
2409283	2409284	2
10005389	10006733	1
2901361	2900856	1
5516196	5516195	1
10473814	10473813	1
10757837	10757838	2
8864127	8864128	1
11705047	11705048	1
7367540	7361471	1
7918322	7112851	2
5414285	5414288	1
4531298	4531297	1
8617555	8617556	1
6287830	6287879	1
7600964	10096664	1
2534596	2534595	1
9431097	9431098	2
6621802	6623146	1
10491130	9252943	1
5751488	5752421	1
9498382	9498361	1
191164	72859	1
5176891	5176892	1
8821721	8821722	1
985555	985556	1
10905254	10905227	1
11542462	11540416	1
5644704	5644703	1
11808256	8708716	1
8046113	8046116	1
9011910	9011909	1
672429	672469	1
86631	93433	1
6000418	6000417	1
12447367	12447368	1
261855	11878681	1
11447670	11595675	1
8920187	8920188	1
6347895	6347896	1
8383426	8383357	1
9044036	9044035	1
1639282	1639281	1
11226710	11142822	1
9920678	9911326	1
7753926	7753925	1
10727706	10726089	1
11234025	11233992	1
998415	998416	1
6472230	6473130	2
2517632	2517631	1
7132870	7132841	1
2318154	2318153	1
4386643	4500240	1
9556882	9556881	1
6715852	6715849	1
2649079	2648383	1
11454725	8248357	2
7788519	7788520	1
4089737	4089738	1
2250773	2250767	1
1251347	1255613	1
1641342	1641341	1
5524362	5524367	1
8388364	8269062	1
1365352	1365369	1
7542556	7542555	1
8392295	8392296	2
2878720	2878727	1
1094663	1094652	1
4068710	4068707	1
7241857	360196	1
6630274	6630273	1
9979914	9979913	1
8790885	8790886	2
12796857	12641355	1
5677517	5677521	1
3548305	3548306	1
6901890	6901889	1
12438330	12438329	3
3310747	3311404	1
3509421	3510030	1
4824461	4825079	1
7307115	7307116	1
3234463	3234710	1
5967480	5967487	1
895578	895748	1
3036771	3036776	1
6719796	6719795	1
7851330	12409193	2
5820223	5820224	1
4603801	4605073	1
1061232	1061231	2
7951925	7951926	1
1954942	1954941	1
4671965	4671966	1
5383540	5383590	1
3446894	3446933	1
2365793	2368432	2
3856787	3857725	1
4037946	4036951	1
1755545	1755550	2
10166045	10166046	1
1971871	1971477	1
2780542	2780593	1
403513	403514	1
10606600	10612733	1
10931264	10931263	1
8189177	8189178	1
5848645	5848650	1
2064756	2064772	1
6727420	1770851	1
5368914	5368913	1
4553517	4553520	1
4878133	4878138	1
1885763	1885766	1
8365734	8365733	1
5520514	5520513	2
820744	820743	2
7924120	7924119	1
3692415	3692227	2
6986197	6986200	1
12371981	703926	1
10274270	10274269	1
1825261	1825262	1
11329308	11329307	1
6256378	6256402	1
4146522	4196944	1
9126894	9126893	1
431245	438093	1
12541478	12541457	1
9160014	9160013	1
2234103	2233708	1
4688462	4688459	1
5919194	5994237	3
10742181	10742182	1
8827367	8827368	1
12423379	12423250	1
7721917	7721918	2
3021529	3021530	1
1884109	1884107	2
4336393	4335262	1
7956773	7956774	1
9022706	9022705	1
5149535	5149536	1
9895100	9895099	1
4547252	4548110	1
6117751	6117752	1
8899050	8908376	1
1953544	1953543	1
9440926	9440309	1
9125550	9192753	1
3961685	3961683	1
9780507	9780516	1
7167563	7238707	2
3304554	3304557	1
2603225	2603226	1
12301120	12301119	1
6493936	6493261	1
5365341	5365344	1
3615910	3607919	3
4204440	4204439	1
3937400	3937399	1
5133522	5133519	1
1794720	1794725	1
7091800	7091799	1
12483366	12483133	3
12510895	12510898	1
10292057	10292060	2
8035065	8035068	1
9084814	9084071	1
8006059	8006060	1
9530208	9524941	1
10205946	10205940	1
1502217	1502218	2
11502789	11502790	1
4568255	4566329	1
5495382	5495381	1
1988304	1988303	1
2085977	2085945	1
1769932	1770355	1
9802258	9688285	1
7974127	7974159	1
2005420	2005432	1
1772323	1780052	1
9798438	9804160	2
1305940	1305939	1
1483475	1483476	2
9126010	9125727	1
5281830	5281823	3
11514291	11513012	1
2853283	2853025	1
11603991	11603992	1
8745613	8745614	1
8375609	8375610	1
9066930	9066929	1
168264	168263	1
8610384	8610383	1
8607104	8607052	1
1041524	1041523	1
8611203	8611204	1
6052050	6052049	1
9584326	9584325	1
4108008	9686300	2
3142878	3142877	1
8694290	8694289	1
8088371	8088372	1
7311681	7313460	1
5016845	5016784	1
6510769	6510770	1
4620334	4620413	2
5735689	5735662	1
3383033	3383034	1
1586823	1586766	2
11727208	11742162	1
4373260	4373259	2
8792807	8798532	1
668776	668775	1
11499224	11499228	1
11099013	11099014	1
5746327	5746328	1
7766209	7766090	1
8007843	8008442	1
1212659	1212660	1
7329397	7331463	1
10053541	10053542	1
6817480	6817479	1
8831493	8825912	1
7099695	7099696	1
10086900	10060988	1
5981640	5981639	1
5794566	5794565	1
11037504	11037415	1
1295311	1295553	1
11476320	11476319	2
7662976	7662975	1
5439841	5439842	1
9477809	9481155	1
3954879	3954880	1
1108883	1109136	1
8356660	8512368	2
4585194	4587894	1
5889453	5885682	1
7470941	7470942	1
11512598	11498558	1
3052159	2946041	1
10723593	10726147	1
468998	462008	1
10258406	10258405	1
10602128	10602080	1
686677	686678	1
4858506	4860095	1
3895771	3896049	1
3882700	3672755	1
2521897	2521898	1
10903543	10903544	2
9794548	9794302	2
8391484	8391483	2
1164727	1164728	1
11966521	11959800	1
12383313	12383314	1
6435114	6435111	1
11718873	11718877	1
10466589	10466590	1
11638997	10753133	1
2231883	2228278	1
6685420	6685419	1
12029499	12029500	1
9912835	9912795	1
5470552	5468928	1
12451447	12451448	1
4756711	4756712	1
1679691	1679516	1
2644404	2644401	2
12650368	12650367	1
9034734	9034222	2
4536900	4536908	1
2058735	2048027	1
5508804	5516885	1
4813598	4813597	1
191164	72861	1
9138309	9138310	1
3468341	3468344	1
344803	344806	1
1823063	1823064	1
9418204	9418203	1
1448879	1448880	1
8788001	8787984	1
4520351	4520352	1
7604777	7604808	1
2404093	2404094	2
2529870	2529869	2
9394401	9394402	1
948394	949689	2
11674619	11674602	1
5119553	5119554	2
3032315	3031571	1
8345673	8345674	1
10741718	10757836	2
10297944	10297943	1
2838010	2838028	1
4441307	4441033	1
11369789	11369790	1
4366663	4366580	1
8999403	8991730	1
7612233	7612234	1
974706	974256	1
6981079	6981080	1
4877186	4877183	1
8331420	8331419	1
2532375	2532376	1
5392379	5392370	1
3597397	3597398	1
9826906	9826727	1
4141243	4151324	1
7592548	7592547	1
1517023	1517024	1
12613626	12613625	1
12188422	12188338	1
11308194	11308191	1
7773935	7773936	1
4579690	4579689	2
12229055	12229138	1
963732	963731	1
3251002	3251001	1
11289342	11289341	2
3438793	3431625	1
9961207	9959510	1
11674951	11675016	2
9495162	9496224	1
2851808	2851807	1
417930	414924	1
1030915	1030918	1
1755551	1755552	2
12229139	12229140	1
6733265	10516043	1
1752281	1796671	1
5093497	5093498	1
4391869	4391874	1
5966868	5966867	1
5111369	5111376	1
3355545	3355546	1
12812369	12812203	1
3054284	3149253	1
4373251	4373252	2
12318958	12318489	1
11067010	11066918	1
647149	647204	1
3063040	3062841	1
9872261	9872262	1
6742466	6742465	1
4365198	4365197	1
6379441	6379442	2
3048383	3048365	1
5054326	5054304	1
6597277	6597127	1
2255347	2255348	1
12770863	12770864	1
1137284	1137283	1
2319669	2319670	1
1118900	1118903	1
7473025	7473026	1
11204774	11199505	1
8461707	8461708	3
7270903	7270904	1
2397755	2591729	1
1303014	1302228	1
7138478	7138457	1
10204128	10204127	1
653603	653604	1
4653883	4653886	1
1529240	1528869	1
10274268	10274267	1
766973	766974	1
9693759	9700245	1
2262937	2262938	1
8095572	8089930	1
9573283	9573293	1
9737578	9737575	2
8498354	8494450	1
3649808	3649807	1
857158	857160	1
3296296	3296295	1
11237931	11237932	1
9772645	9772647	1
3999907	3999908	1
9188875	8483715	1
5148321	5148322	1
7383195	7383196	1
8954606	8954603	1
2984157	2983913	1
1088501	1088502	1
7618602	7618601	2
7942267	7942268	1
6473813	6473996	1
8683794	4222841	1
4602041	4601579	1
1965491	1965494	1
9285985	9285986	1
1584935	1584936	1
7821468	7821464	1
3674279	3674280	1
4817109	4817642	1
6091043	6091044	1
1473833	1473834	1
5746329	5746330	1
10675076	10675075	1
11877537	11877399	1
9125726	9125725	1
6079943	6092873	1
2383882	2383881	1
4848586	4745789	1
10680627	10680628	1
8581916	8581898	1
9516758	4259364	1
5122306	5120658	1
6721535	6720296	1
9072041	9073571	1
8722756	8722755	1
11130535	11130536	1
7265389	7265390	1
634461	634462	1
3879737	3879738	1
4386641	4500240	1
4438769	4438772	2
10589214	10589213	1
12265609	12265610	1
6389656	6389676	1
6048753	6048754	1
10391384	10391383	1
1670131	1670132	1
720923	716552	1
11770587	11770647	1
1359563	1359564	1
5835785	5835786	1
127489	124397	1
1000306	1000305	1
7143567	7142092	1
1690438	1691010	1
10801111	10801112	3
10403946	10404084	1
1136181	1374294	1
1585082	1582045	1
3785747	3888463	2
10860092	10860091	2
387246	387316	1
3646596	3646595	1
11237201	11237215	1
5986555	5988017	1
4825701	4825702	1
2522528	2521923	1
7805923	7805924	1
9139760	9103786	1
5974107	5974108	1
6765080	6765079	1
8884032	8886351	1
1073894	1073878	1
305089	305028	1
11257772	11256283	2
6052052	6052047	1
11722618	11722611	1
2591728	2591727	1
3638864	3638870	2
273414	273429	1
5487625	8794238	1
12795931	12795932	1
12147437	12152892	1
9418204	9418201	1
1700894	1712401	1
747650	747649	1
6686866	6691499	1
4810311	4809968	1
2088023	1932841	1
9571689	9571692	1
12610600	12610597	1
1992786	1992783	1
5916237	5917045	1
10671834	10671833	1
3361508	3361507	1
1491926	1489043	1
10335138	10335133	1
9645221	9643862	1
1708287	1672009	1
7734182	7734181	1
7534217	7534220	1
1156440	1156414	1
8602224	8602219	1
1308359	1308524	1
2245308	2245307	1
10326766	10326765	1
2819377	2819378	2
4878139	4879882	2
12209593	12209594	1
1426046	1425962	1
8971904	8971903	1
280839	280840	1
5951702	5951701	1
12203553	12203803	1
6707009	6707010	1
11846344	11846343	1
8050783	8047434	1
8344288	8334155	1
9771513	9750002	1
11041307	11041308	1
1092001	1092002	1
5568079	5568080	1
11378347	11378348	1
11175185	11175188	1
6778526	6778525	1
6376986	6376981	1
5646506	5646605	1
1825259	1825260	1
8576027	8575749	1
7672426	7672425	1
9787885	9476279	1
2835810	5594049	1
7804108	7803532	2
4825980	4825803	1
11846037	11728936	1
1663056	1663053	1
12367626	12367625	1
2570656	2570653	1
12781019	10260060	1
12344449	12344450	1
8515087	8515088	1
2048583	2048589	1
2243756	2243753	1
12415509	12415510	1
8821035	8821036	1
589625	443978	1
620171	626478	1
5948761	5948762	1
7753924	7753919	1
5757957	5757958	2
1200879	1204914	1
3127375	3127376	1
2263305	2263306	1
4572813	4572814	1
8280784	8280783	1
6974809	6974769	1
10773845	10773846	1
2177012	2177026	1
1401545	1401546	1
12610897	12610898	1
5629471	5629472	2
10878455	10878456	1
8228464	8221528	1
8309057	8189174	1
4785125	4785325	1
4612288	4612287	1
11157800	11157787	1
4386641	4386642	1
824562	900952	1
5732794	5732793	1
3855291	3855292	1
6403170	6403169	1
10205281	10205191	1
2726952	5157847	1
7781553	7781179	2
1076957	1076958	1
1468418	1468417	1
10333041	10333044	1
35778	35775	1
7618600	7618548	2
297731	297732	1
9557924	9557923	1
8200890	8192679	1
1267091	1267098	1
3624297	3626434	1
2582270	2582267	1
3158229	3158230	1
12418176	12418195	1
8184240	8184239	1
9085348	9085347	1
7876527	7876528	1
11512506	11512479	1
11312270	11312269	1
8241162	8241161	1
12615043	12615044	1
445639	445642	1
1712400	1712399	1
11365962	11365932	2
5421026	5421025	1
9072316	9072313	1
6963113	6960881	1
5425035	5425032	1
9670566	9670565	1
3998346	3998345	2
9153327	9153330	1
2253879	2253880	1
4092121	4106083	1
3703719	3707340	1
2231213	2255117	1
6931681	6931682	1
7876414	7876413	1
11116280	11121723	1
1297104	1297103	1
247707	249000	1
10961348	11090429	1
10450586	10450585	1
5362361	5361955	1
5710788	9582191	1
11653944	11653941	1
503903	503857	1
1963274	1952332	1
8421277	8379174	1
2512941	2513712	1
5493666	5493665	1
7734247	7734248	1
3142875	3142876	1
2841100	2841111	1
4750815	4675044	1
8090862	8090788	1
7789769	7789770	2
9627459	9627460	1
7274310	7273697	1
10169761	10169762	1
5846732	5846772	1
4468186	4468185	1
9728215	9728216	1
5600082	5602774	1
1082530	1082529	1
12387203	12386239	1
8753925	8753926	1
55100	55099	1
7957106	7956774	1
6452217	6452496	1
5116696	5114346	1
8017949	8017272	1
12302299	12302300	1
1346139	1344980	1
8728378	8728362	1
11393333	11393334	1
2851543	2851544	1
5340451	5340372	2
10349229	10349230	2
9004985	9004986	2
9339936	9339609	1
7543444	7543644	1
765201	765202	2
3391698	3391697	1
8952543	8952044	1
3745669	3740641	1
12028115	12028310	2
5427818	5428017	1
5350241	5350991	1
10732817	10731276	2
4046628	4048941	1
344962	344961	1
9826342	9826339	1
5141607	5141453	1
844283	844258	1
7338975	7338976	1
3336531	3336561	1
1796039	1794973	1
4535444	4535683	1
10789767	10806718	2
11836431	3973988	2
5392377	5392378	1
8569901	8561609	1
9427755	9427756	2
6846503	6846587	1
1790322	1790676	1
11735379	11735380	1
10229597	10228853	2
10887594	10887593	1
6211986	6211985	1
631461	631411	1
8794476	8794960	1
3725547	3807213	1
11145504	11145503	1
11607845	11609227	1
4462779	4462780	1
4348973	4347684	1
1517025	1517026	1
5209545	5209552	1
2155639	2155640	4
8182351	8182352	1
2130921	2130797	1
1698073	1698074	1
4369580	4369579	1
300741	300739	1
6367680	6367675	1
9033318	9033317	1
3702964	3704009	2
1565252	1565249	1
6446241	6445722	1
6488891	6488892	1
8636228	8636227	1
5645618	5645615	1
290410	290409	1
10133402	10133401	1
1520779	1520069	1
12773646	12773410	1
1635737	1647678	1
1608201	1631276	1
3360027	3360191	1
7804032	7804031	1
11968919	11968870	1
4139767	4139768	1
3286497	3292624	1
9522565	9522003	1
5747770	5747769	1
10943636	10943635	1
1261427	1261428	1
436675	493747	1
12265611	12265612	1
7945682	7945681	1
277747	277748	1
11844989	11844990	1
8704126	8704044	1
4817643	4817646	1
747938	748092	1
2042576	2042575	1
1829113	1829706	1
9939282	9939281	1
8552297	8540300	1
3076663	3082020	1
6530165	6530166	1
10965804	10965735	1
4365196	4365195	1
9173363	9173481	1
5954128	5954626	2
651929	651811	1
4266382	4266375	1
12174494	12174493	1
3892562	3807698	1
4052551	4067419	1
8923684	8920740	1
6486960	6486959	1
11844983	11844984	1
5508223	5013414	2
200924	201579	1
7749523	7749524	1
8274882	8274881	1
6538943	6538926	1
10650824	10650823	1
11570276	11570124	1
166835	166836	1
8106246	8106245	1
4509625	4509626	2
1884940	1884956	1
3120850	3120849	1
10577264	10577260	1
3467397	3467398	1
2794329	2794330	1
632067	632068	1
442795	442798	1
7676849	7676850	1
6118116	6118115	1
9777461	9777462	2
2157090	2157089	1
4572420	4272399	1
11282559	11282568	1
10756109	10756110	1
8822712	8822711	1
5370436	5370435	1
11153096	11154466	1
5744054	5744053	1
1071221	1072668	1
5350990	5350989	1
8152558	8152557	1
11029976	11029979	1
8381107	8380471	2
8448122	8448185	1
8864133	8864134	1
724375	724156	1
8981542	8981538	1
10793553	10374573	1
6132927	6132930	1
11491218	11491217	1
8617760	8617554	2
9430499	9430500	1
7513107	7513156	1
1797765	1797766	1
6846501	6846502	1
10157322	10157319	1
10132506	10134084	1
7721913	7721914	2
10186606	10186605	1
5278038	5278671	1
5600071	5600072	1
1151557	1190846	1
9157772	9157771	1
12555039	12555035	1
4250479	4251590	1
5483456	5483455	1
944960	944959	1
7306652	7306651	1
7923973	7923974	1
4741317	4724936	1
5637880	5638184	1
12018573	12018574	1
5556870	5556861	1
9427511	9427514	1
11756560	11758383	1
7687241	7687578	1
3143151	3143152	1
2731833	2731718	2
2169370	2169369	1
1940942	1940941	1
2743825	2743960	1
10689187	10637496	1
944958	944957	1
11041225	11041226	1
9560079	9560080	1
10924624	10924614	1
9145493	9139482	1
11593349	11593350	1
2169370	2169304	1
4446984	4446999	1
9792138	9790386	2
12451870	12451869	2
12273490	12122682	1
591075	591076	1
3910283	3910259	1
11633446	11491147	1
9339607	9339608	1
6192884	6192887	1
6019753	6019754	1
8602220	8602219	1
11146994	11146993	2
9549285	9549283	1
10815142	10815139	2
5127214	5127213	1
3455240	3455239	1
12773212	12775616	1
12526336	12526335	1
12798853	12798854	1
11852263	11852264	1
3135342	3135341	1
9568220	9568217	1
9519176	9519175	1
6308658	6316338	1
10813969	10813456	1
10239905	10239906	1
7477504	7477581	1
6674181	6674212	1
4878133	4879882	1
5563359	5563360	1
10297942	8790616	1
5592174	5592173	1
4160150	4160136	1
4572815	4572816	1
2636800	10063529	1
9130965	9130987	2
1075740	1075739	1
8283030	8533386	1
6959484	6959479	1
4503899	4503900	1
3692413	3692414	2
3639797	3639754	1
6450261	6450262	1
2148361	2137947	1
5907616	5906836	3
235115	224672	1
12505327	12505328	1
7239826	1777612	1
10792314	10792313	1
12478376	12478375	2
8401956	8401955	1
1780749	1780750	3
3767443	3767567	1
12686903	12686907	1
4493016	4493015	1
997723	997712	1
2037007	2037008	1
2541745	2541746	1
8375092	8375091	1
845923	845924	1
11381051	11381052	1
1350939	1351296	1
6874961	6869334	1
6636298	6636297	1
5745521	5745522	1
4192451	4192452	1
11515697	11515698	1
6243034	6243049	1
606132	606131	1
1591884	1591881	1
6343359	6343360	1
2174039	2174044	1
6211813	6211818	1
8314863	8314864	1
6703086	4754237	1
8617731	8616603	1
5557085	5557086	1
287830	288158	1
4002735	4002736	1
5235724	2523648	3
4621681	4621672	1
1479880	1479877	1
2245303	2245304	1
2768455	2868839	1
3056134	3056133	1
11677623	11677640	1
6068728	6068723	2
10917856	10918129	1
9362572	9362571	1
10801547	10801548	1
3647781	3647782	1
9049126	9049192	1
3732589	3732592	1
3860482	3860481	1
5332986	5332985	1
6051928	6051950	1
12304320	12304319	2
7312837	7310631	1
12347584	12347583	1
6966269	6966272	1
4536954	4536945	1
9992124	10076637	1
2344525	2401474	1
3998342	3998368	2
3238241	3238266	1
1058834	1058833	1
3523259	3517536	1
5543603	5543604	1
11499173	11499174	1
5855792	5855791	2
11146992	11147260	2
7321731	7325233	1
1829707	1829708	1
1464900	1239276	1
7803691	7791831	2
8951890	8952033	1
5013284	5014688	2
399992	399500	1
1560129	1560130	1
3799663	3799664	1
1233735	1233736	1
12312684	12314863	1
8703715	8772844	1
2054517	2200083	2
2055131	2055132	1
11109005	11108640	2
773947	773954	1
10972233	10972234	1
5983820	5983819	2
8184244	8184241	1
8850305	8802224	1
12643083	12643084	2
10337518	10337521	1
6965214	6965213	1
7555769	7555806	1
357617	357618	1
5009162	5009157	1
9557920	9557917	1
10292890	10292894	1
6090842	6090841	2
3780095	3778289	1
7733983	7733985	1
10671686	10671685	1
3726196	3726195	1
1691179	1691011	1
10071369	10249451	1
1527085	1527086	1
10745033	10745034	1
5859960	5860103	1
8702513	8704105	1
3871609	3871774	1
9479601	9479027	1
4303438	4303437	1
4426515	4501029	1
12771871	12771872	1
556081	556082	1
3808627	3808636	1
1584814	1585884	2
1139299	1139304	1
3244275	3244276	1
11023345	11023346	1
824239	824240	1
10936164	10938303	1
7106427	7106428	1
1981821	1990339	1
11588310	11584681	1
5776694	5776683	1
4732944	5582074	1
8356462	8356461	1
8442380	8442377	1
6514524	6514523	1
9688723	9688724	1
8971703	8971704	1
2934422	2934419	1
5644702	5644699	1
6539649	6539650	1
587898	587897	1
5372465	5541451	1
2038323	2012183	1
73069	72861	1
2521881	2521896	1
8169691	8169695	1
10734466	10735180	1
5762209	5762210	1
1229135	1229132	1
5691471	5765346	1
6794712	6794711	1
7724827	7455048	1
3324114	3319766	1
4162842	4162841	1
806596	806595	1
7245160	7245159	1
12812985	12812989	1
4685338	4685337	1
10681561	10681331	1
1310877	1310878	1
4559507	4559508	2
280597	281663	1
6870651	6870638	1
5906837	5906838	1
489928	502060	1
5439054	5439053	1
2318152	9093180	1
1122270	1122269	1
1231623	1231565	1
1988305	1988548	1
5119863	5119864	1
7401072	7401071	3
6151810	7074492	1
8732923	8732924	1
714323	878061	1
8476397	8476398	1
7040214	7040213	1
8034763	8034764	1
5323741	5323742	2
3698704	3698703	2
8516111	8516102	1
9916210	9916209	1
992239	7064024	3
2832069	2831598	1
10789762	10789761	1
1531758	1531757	1
885614	884516	1
800931	800435	1
9816136	9815307	3
165921	165922	1
6393528	6393527	1
11207131	11126454	1
8636368	8635278	1
8749257	8949832	1
11583658	11583655	1
3419690	2626317	1
10214953	10215239	1
12422216	12419860	1
5646601	5646625	1
12771871	12776955	1
3603946	3613178	1
1139313	1139314	1
3045879	3045880	1
8682077	8682080	1
2471336	2471335	1
11515930	11518359	1
12472691	12466377	1
11458973	11459117	1
1858357	2016339	1
1679516	1679519	1
6768449	6765944	1
8500264	8500288	1
10863467	10863470	1
4995359	4998121	1
11070588	11070587	1
4374162	4374181	1
12047736	12047735	1
4711494	4711493	2
6312066	6312065	1
11149266	11220276	1
9427922	9427921	1
7902947	7902948	1
1823065	1823066	1
10519511	10519508	1
8801331	8801332	1
7877021	7877022	1
12648527	12648528	1
5362359	5362360	2
2267922	2267895	1
12304350	12304349	1
11761748	11761747	1
2037009	2037012	1
1631277	1631298	1
2039314	1974661	1
12423251	12423256	1
11193138	11193137	2
11516822	11517172	1
3947514	9681054	1
7090624	7091148	1
1839072	1833996	1
885763	885764	1
3784365	3784366	1
11070586	11070561	1
10507506	10506542	1
1573397	1570883	1
4109748	4110393	1
6812303	6812304	2
8161968	8161967	1
1564505	1565492	1
8395981	8395982	1
11601470	11601469	1
3274584	11688923	1
9538132	9538095	1
3614668	3614665	1
6447833	6447834	1
4877184	4877183	1
3971448	3971464	1
8833814	8833813	1
1971066	1971065	1
11929440	11929315	1
152586	152585	1
10432130	10432129	1
4087619	4087921	1
748382	748731	2
7227616	7227615	1
7875547	7875548	1
4952889	4952210	1
10264455	10266826	1
10505568	10505571	1
7735651	7737617	1
9926765	9926766	1
4756882	4756881	1
1936130	1936766	1
1589931	1589932	1
9325295	9325640	2
7986475	7986476	1
1452139	1452140	1
6108184	6108182	1
5037948	5037947	2
6748588	6748587	1
2763209	2763210	1
6543773	6543497	1
7876220	7754768	1
1641340	1638448	1
12199011	12199742	1
11354904	11354795	1
1845429	1845430	1
2725853	2725854	1
4304199	4305890	1
9999751	9999752	1
4162846	4162843	1
3795264	3738979	1
9556861	9556862	1
4959001	4959002	1
11593138	11593348	1
5466423	5466424	1
7739715	7739701	1
3379569	3379570	2
7336373	7336281	1
5920193	5920194	1
4194789	4194790	1
2284632	2284631	1
1041526	1041525	1
9317285	9317286	1
6367742	6367741	2
7807939	7807940	1
10416126	10416125	1
6330093	6330094	1
12437331	12437359	1
9478226	9478225	1
583348	448878	1
6175467	6108310	1
5335568	5334204	1
2969077	2969078	1
2991424	2991281	1
7087197	7073772	1
7122404	7122403	1
8282018	8282017	2
4664321	4664322	1
9301295	9301298	1
2596815	2596816	1
4579688	4579705	2
5644696	5644695	1
9230078	9230075	2
10714885	10714886	1
9314942	9314941	2
9788216	5520521	1
2169305	2180116	1
11340910	11340103	1
5635478	5635473	1
6963490	6963480	1
3720203	3720204	1
6173274	6173273	1
7546347	7546348	1
4503897	4503898	1
5954130	5954129	1
11177650	11177649	1
3368199	3368200	1
4232760	4232759	1
4294471	12597684	1
7662697	7657998	2
1306616	1309775	1
3646852	3705491	1
5428559	5428560	1
3448727	3440465	1
6479615	6408516	1
4373099	4373100	2
6132169	6131691	1
9728217	9728218	1
1925849	1925850	1
447707	448981	1
1297289	1298251	1
7658960	7658959	1
11117314	11117313	1
5742470	5742495	1
7191208	7270902	1
669546	669545	1
3217297	3217298	1
3373946	3373140	1
9052822	9052819	1
9984984	9831214	1
7865976	7866147	1
398644	398600	1
2351015	2351016	1
10874122	10874119	1
7498811	7498807	1
6678795	6678796	1
2817610	2817609	1
7912958	7912955	1
12577081	12577074	2
10338832	10338831	1
11878680	11878677	1
6671483	6671484	1
70321	70322	1
4933943	4935084	1
6473302	6472860	1
4227935	4227938	2
5190209	5188010	1
4277316	4277319	1
3707214	3799662	1
1152131	1152132	1
2753821	2753822	1
3380832	3380658	1
1995762	1995761	1
9555851	9555854	1
1575241	1575242	1
7708261	7708262	1
8086045	8086061	1
6532499	6533830	1
2969086	2969085	1
8038580	8038579	2
4991678	4991677	1
11383857	11383858	1
70553	70554	1
1426048	1426047	1
11603987	11603990	1
6208132	6211693	1
11997938	11997421	1
4272915	4272845	1
8826071	8822623	2
8572670	8535138	1
3115566	1249783	1
8071135	10505569	1
5279520	5278214	1
292923	141701	1
322879	322856	1
8566087	8563633	1
12669861	12669886	1
11927608	11927585	1
2842717	2842720	1
8022493	8022540	1
1923106	1923105	1
11482318	11482305	1
6398039	6398040	1
10284129	10284130	2
11942881	11944111	1
7098655	7098649	1
11332457	11332458	1
6023736	6023735	1
10927464	10926600	1
2256535	2256536	2
717774	717773	2
7724265	7678050	1
1035902	1035922	1
895443	895444	2
6864887	6864898	1
6192886	6192885	1
5962990	5962960	2
2511042	2511039	2
4519356	4519355	1
4090246	4089861	1
9867006	9867005	1
12601250	12604734	1
2897266	2897265	2
3976686	7853007	2
5876182	5876181	1
1769590	8032590	1
4070285	4070052	1
936763	936764	1
5288249	5288252	1
2158337	2158437	1
1651786	1651783	1
5401521	5401525	1
1475504	1468068	2
3533952	3533951	1
8252310	8252309	1
5013415	5013416	2
2157101	2157089	1
8749619	8749533	2
5902173	5902174	1
4471454	4469485	1
422715	422716	1
3315700	3315703	1
848724	858049	1
10475647	10475648	1
1798472	1798456	1
5862679	5862680	1
94941	258221	1
8408945	8408946	1
3672525	3672526	1
6320134	6318848	1
1461800	1461799	1
11273660	11271245	1
6137811	6137812	2
12451868	12451867	1
263113	261217	1
2702667	2702668	1
561918	760374	1
10274272	10274271	1
893599	893600	1
7661052	7661051	1
6952658	7058019	1
7766207	7766208	1
2311332	2311511	1
790378	790005	1
2632753	2632724	1
7248904	7243898	1
6904824	6905608	1
5650341	5653982	1
5812086	5812085	1
6869894	6869876	1
1546792	1546764	1
2818345	2818346	1
1561620	1561619	1
3516251	3516252	1
4054984	4055047	1
5732798	5732797	1
8271251	8271252	1
6392885	6318704	1
11648057	11648072	1
239986	239983	1
7164957	7299854	1
895169	895174	1
7114829	7114830	1
4580466	4580162	1
2445190	2445189	1
968678	968677	2
174585	174588	2
6331741	6332971	1
10496538	10496477	1
5429933	5429934	1
8367965	8367966	1
5387032	5387031	1
3879027	3879736	1
138260	138265	1
3830775	3831147	1
4586828	4612071	1
8969703	8974420	1
7549763	7549764	3
3391696	3391695	1
10599106	10599105	1
12316179	12316180	1
8925889	8925890	1
1733977	1734177	1
5735688	5735687	1
2590022	2590021	1
11649789	11649627	1
6954608	6965522	1
9912690	9912689	1
1867976	1845361	1
10191411	10192057	1
2344525	2344853	1
11760325	11760326	1
11133994	11133993	2
4083612	4112198	1
11612749	12284619	1
4033316	12645967	1
490705	504607	1
10515034	3117733	1
3273028	3273027	1
1625614	1625613	1
7696475	7696478	1
11594789	11594784	1
11080608	11080607	2
4337059	4334370	1
5706278	5706277	1
8496991	8495844	1
3250247	3250248	1
6903227	6901891	1
6009331	6009332	2
11338687	11338688	1
9783872	9782931	1
11218696	11218695	1
10316309	10316722	1
9645382	9645381	1
9248848	9248866	1
9938605	9938608	1
2165237	2165238	1
5974394	5974393	1
5753427	5753428	1
1310875	1310876	1
2433190	2433184	1
11261814	11259698	1
2767328	2767327	1
6807334	6799369	1
10827696	10827695	1
8990072	8990071	2
116581	116582	1
2277648	2277647	1
4308095	4308096	1
6716695	6716696	1
6090115	6090116	2
880539	883607	1
7170038	7170037	1
688368	688365	1
10418090	10418089	1
1239775	1239776	1
11079077	11079078	1
11356486	11356485	1
1385372	1385371	1
1253274	1253273	1
8257911	8257912	1
8873754	8873751	1
4019259	4019260	2
8580048	892379	1
1944557	1944558	1
4373093	4373096	2
4441307	4441035	1
3542602	3538858	1
9899999	9900007	1
2483981	2483982	1
1233733	1233734	1
8349343	8356471	1
9010017	9010018	1
796872	812879	1
5426174	5426173	1
1284565	1283553	1
5096724	5096723	2
2265428	2265427	1
5952274	5952273	1
5691976	5692198	1
7167212	6989634	1
2470843	2470938	1
9293565	9294044	1
4831981	4831982	2
6513981	6513982	2
10478493	10478494	1
10014361	10015604	1
3879168	3879156	1
7520244	7520243	1
7693461	7693462	1
11435876	11434939	1
968674	968673	1
7702186	7702185	1
10234592	1823004	1
6548911	6548912	1
7976547	7976548	1
12463820	12463817	1
2158335	2158336	1
8240816	8287628	1
5488285	5488286	1
9493794	9493793	1
6652185	6651984	2
8551008	8551007	1
7341989	7341990	1
402542	402813	1
11512508	11512507	1
8543977	8543980	1
8391449	8391452	1
4052118	4051897	2
9163871	9163872	1
7812053	7812054	1
10495985	10498029	1
10146841	10148727	1
294104	294103	1
3158698	3158697	1
3551170	3551169	1
4877186	4877185	1
8602231	8603012	2
2477718	2476547	1
8096749	8096734	1
2414	2413	1
1196154	1196141	1
7067954	7067953	1
4558004	4558003	1
5747972	5747994	1
7108886	7115352	1
11782422	11782419	1
9693067	9693064	1
12754274	12754273	1
12387464	12387463	2
9761805	9761806	1
11768599	11768584	1
12453694	12453643	1
10409722	10417160	1
9610655	9610656	1
9143946	9143952	1
8602224	8602221	2
721822	721821	2
6198294	6198293	1
3694402	3694401	1
8443495	8573471	1
10295060	10295080	1
8529091	8529092	1
5582608	5582601	1
2318507	2318508	1
7789163	7789768	2
746083	745895	1
8453545	8453697	1
8349720	8349719	2
10141714	10141711	1
2245305	2245306	1
11840248	11840247	2
1838102	1838101	1
6023740	6023737	1
5697346	5699076	1
7636795	7636936	2
9802810	9802816	1
9122717	9122718	3
2167966	2167994	1
5419973	5419974	1
6705551	6705552	1
11842969	11842972	2
11184721	11183487	1
12465354	12465353	1
10692485	10692486	1
10361622	10361619	1
2352682	2352789	1
11041227	11041228	1
10356453	10356454	2
2155641	2155642	4
1201524	1201523	1
2275794	2275793	1
10863483	10863324	1
816981	816728	1
6038663	6038664	1
10412793	11112580	1
9568214	9568213	1
12462077	12639805	1
1340052	1340051	1
3984936	3984935	1
6780729	6671581	1
2903707	4259026	1
1563832	1568176	1
12141716	12142046	1
3749609	3749610	1
9987627	9990112	2
7472369	7472370	1
3275385	3275388	1
11391765	11849848	1
3922994	3922543	1
3973989	3973990	2
8497095	8497096	1
4831985	4831986	1
8682066	8682040	1
7574618	7574621	1
7265582	7265581	1
10036043	10036044	3
6017053	6016843	1
1654457	1654458	1
10158265	10158266	1
11229276	11229273	1
10404085	10404086	2
11063157	11063166	1
2903812	2908294	1
12198054	12198053	1
5009164	5009163	1
2846809	2846810	1
9072312	9072311	1
6814682	6814635	1
3739021	3739022	1
4813596	4813595	1
6713458	6713379	1
2846807	2846808	1
1764367	1763970	1
7956648	7956647	1
5848651	5848652	1
11832564	11832563	4
9230078	9230073	2
3023180	3023193	1
2907981	2908949	1
7946914	7946913	1
5487906	5487903	1
6705241	6696726	1
5161115	5161116	1
4262513	4262514	2
10402932	10402491	1
1200877	1200878	1
1650482	1650481	1
6870958	6870903	1
4423920	4423856	1
1299279	1299282	1
11186475	3149759	1
5067384	5067654	1
9395261	9395262	1
7923844	7923843	1
10700091	10699615	1
2137946	2137945	1
4745036	4745039	1
9132009	9132010	1
1582043	1582044	1
4160152	4160151	1
6717128	6362292	1
11241196	11246127	1
7926977	7926978	1
2699969	2699970	1
93010	93009	1
3052443	3052448	1
8946682	8947437	1
634459	634460	1
2742677	2742678	1
3152817	3152818	1
4093778	4093769	1
11115621	11115769	1
10868020	10868017	1
7338260	7337591	2
6107658	6107657	2
9253552	9253551	1
6137993	5912255	1
3229086	3229085	1
465981	469090	2
11237929	11237930	1
3340214	3340228	1
12569053	12569054	1
5015574	5015573	1
1306111	1306112	1
3518185	3518186	1
9161202	9160722	2
1939938	1939937	2
7257310	7253260	2
7603550	7603643	1
7865684	7864438	1
5290668	5290705	1
7119013	6137812	1
753933	753806	1
5892245	5992734	1
3455403	5384069	1
2203572	2203848	1
968676	968675	1
8279085	8279155	1
11531960	11553117	1
5516034	5516050	1
7293178	7279299	1
6590747	6590748	1
6119826	6135681	1
2064585	2064482	1
1618799	1618481	1
10903545	10903546	2
7473027	7473028	1
2036849	2036852	1
39176	39107	1
9169634	9170312	1
10745035	10745036	1
11109100	11109097	1
9772778	9772437	1
6056484	6143915	1
10524364	10524361	1
6742679	6742638	1
4305864	4305863	1
10168751	10168431	1
1896905	1896888	2
7452406	7873668	1
6456951	6457598	1
6925415	6924804	1
2236403	2086986	1
6021531	6021532	1
2582266	2581960	1
4576846	4576696	1
9343875	9343876	1
5611671	5617010	1
10807004	10806671	1
852750	851391	2
8724091	8724111	1
1390826	1390842	1
8313383	8313384	1
5414291	5414292	1
9794120	9794119	1
8864538	8886575	1
352419	352420	1
5149539	5149540	1
9270619	9270601	1
8666196	8666193	1
5893912	5894318	1
11153690	11150169	1
4046511	4046512	1
3152900	3152899	1
513588	513606	1
3950231	3950232	1
4679699	4679721	1
10972235	10973242	1
6198004	6198003	1
3508478	3510638	1
5787620	5787619	1
245924	232536	1
10809854	10809853	1
12343383	12343340	1
7577805	7615922	1
5269920	5271796	1
4286442	4285757	1
5466195	5465848	1
8411885	8413946	1
2463480	2455105	1
3670935	3614671	1
9019070	9018984	1
1400429	1400442	1
2573828	2573827	1
2165239	2165240	1
6102955	6102956	1
3785148	3785147	2
440217	440220	1
973499	973486	1
12174492	12174491	1
4058988	4058987	1
10759711	10760581	1
4512221	12462002	2
1005961	1005953	1
11023253	11023254	1
3455242	3455241	2
10061371	10061357	2
1558668	1558995	1
8280786	8280785	1
8966421	5142550	1
6449480	6449479	1
2155639	2155642	1
10036045	10036046	2
5395159	5394650	1
138262	138261	1
7446312	7446309	1
1946087	1937992	1
1059488	1059485	1
3704791	3704801	1
3107651	3107652	3
6836621	6836622	1
433512	433511	1
11041756	11041755	1
583921	583922	1
6598906	6582379	1
7933979	7933980	1
319630	318270	1
6826115	4856880	1
1268694	1268912	1
5464297	5464300	1
10264040	10261295	1
7208046	7208053	2
2930184	2935562	1
5741454	5741453	1
5484726	5484725	1
3966724	3966723	1
12298627	12298628	1
5243962	5244033	1
4770390	4842063	1
9325295	9325298	1
11271315	11271251	1
2181935	2181942	1
8035069	8035070	1
7473001	7473002	2
11259923	11261815	1
3556633	3556634	1
11336941	11336922	1
8347327	8347328	1
737222	734538	1
441157	440192	1
8305654	8305657	1
5608483	5601839	1
1847777	1847784	1
1525337	1525338	1
358185	358186	1
5774464	5726593	1
4139765	4139766	2
4758677	4758678	2
7711339	7711430	1
10149476	9986802	1
8947068	9019312	1
6478557	6478547	1
4580815	4580822	1
5288224	5288223	1
8010978	8011364	1
10265541	10265793	1
4182843	4182844	1
280831	280834	1
2719946	2719941	2
11308190	11308185	2
8675266	8675265	1
7456240	7456239	1
5789113	5789114	1
2644693	2644549	1
12458564	12457890	1
10439549	10440511	1
574382	574397	1
11145833	11145834	1
3104688	3104687	2
1629309	1629310	1
8788340	8788339	1
5884354	5804942	2
12425244	12425243	1
8169216	8169215	2
3732588	3732587	1
4256740	4255346	1
445833	445860	1
7009445	7009446	1
5076570	5076569	3
7755202	7759614	1
4328942	4328941	2
4834684	4834683	1
9597755	9597841	1
9991566	9991563	2
3455407	5384068	1
1613091	1613092	1
2973945	2973938	1
8010356	8014728	1
10279618	10279617	1
8974015	8974016	2
12527678	12527677	1
976278	976277	1
5223715	5225785	1
5854098	5854095	1
4743656	4743972	1
9070878	9070877	1
12234769	12234770	1
9805080	9805079	1
5832182	5832187	2
6691497	6691498	1
7354455	1220921	1
4221951	4221954	2
8952709	8952706	1
6819294	6819293	1
12451442	12451572	1
10433170	10426243	1
2780943	2780860	2
2944728	2944727	1
544928	526368	1
2365826	2365825	1
2010070	2005471	1
9839481	9839468	1
10601728	10601825	1
4474518	4474508	1
11549587	11528677	1
3513380	3508140	1
11368025	11368026	1
3946187	10453567	1
8994399	8994400	1
12033592	12033591	1
3149092	3149091	1
4531392	4531299	1
9804071	9795227	1
5643173	3095208	1
6780170	6780169	1
6058840	6058842	1
1207222	1207661	1
4041837	4041838	2
11593139	11593140	1
9122713	9122714	3
6540340	6540333	1
8636344	8636343	1
1115045	1116376	1
64616	65483	1
1837631	1837632	1
6131291	6131292	1
7208052	7208049	2
6420334	6420202	1
9046497	9046558	1
9568218	9568217	1
12528712	12528711	1
730250	730249	1
747658	747655	2
4581680	4582801	1
5733048	5733047	1
3397416	3395364	1
7658227	7658228	1
5975570	5975113	1
2878857	2878858	1
10878336	10878242	2
11593141	11593142	1
10439547	10439548	1
867140	867249	1
7541	66814	1
3601590	3601589	1
5370876	5370875	1
57743	60252	2
9832417	9832418	2
9124999	5504081	1
9820924	9821297	1
7969807	7969808	1
11719912	11718302	1
3739735	3739736	2
7938950	7938949	1
4259117	4259120	1
8908830	8908829	1
5920192	5920189	1
4194747	4194870	1
9063590	9063479	1
2889081	2774927	2
7521315	7521316	1
10181587	10181588	1
2778587	2778588	1
1076959	1076966	1
9670570	9670567	1
9531758	9531763	1
1967994	1967949	1
5806521	5806522	1
11942946	11942945	1
12142959	12149131	1
6635530	6635565	1
8616862	8616861	1
650847	650152	1
8905035	8905036	1
3121448	3127643	1
5439839	5439840	1
12380544	12380543	1
8684577	8676374	1
5550702	5550701	1
7306654	7306653	1
11432255	11431745	1
4875883	4875443	1
9608571	9608572	1
8032762	8029208	1
5133518	5133515	1
7399169	7399170	1
9895111	9895112	1
7755631	7753927	1
447703	447704	1
361285	358228	1
2323005	2323006	1
947360	947357	1
10207961	10207962	1
11121722	11121721	1
1797763	1797764	1
2898568	2898567	1
1634300	1634299	1
5281832	5281823	1
1580490	1580496	1
7174311	7174312	1
5886938	5886937	1
672082	672055	1
358187	358188	1
3862007	3862008	1
3900236	3900235	1
4532722	4532621	1
6376986	6376983	1
4553415	4553401	1
9916208	9916207	1
6924785	6924786	1
1874743	1875103	1
5394651	5394652	1
3964082	3962730	1
3698279	3698280	2
3938263	3938264	1
425783	425799	1
4484614	10014358	1
2896813	2896121	1
1768034	1770603	1
4734422	4734421	1
7872393	7872394	1
1586739	1586744	1
3067795	3081705	1
5746609	5786892	1
10253026	10247333	1
7378855	7378856	1
6473131	6473132	1
2444920	2443512	1
10041796	10041799	1
10229595	10229596	2
1206779	1205832	2
1314984	1314983	2
11064219	11064220	1
3462852	3460791	1
6150377	6151274	1
8834095	8834096	1
3094725	3094726	1
6364600	6365542	1
8081543	8081565	1
6218962	6218939	1
10027913	10012785	1
9198164	9198161	1
5132880	5132879	1
8040529	8040530	1
6695140	6695127	1
10902403	10902404	1
898621	898622	1
10828703	10828704	1
207527	207383	1
6875831	6877401	1
5860760	5859829	1
747654	747651	1
11108641	11108642	2
3325576	3325575	1
4724937	4724938	1
5150008	5150005	1
2062247	2062248	1
8604788	8604891	2
4369263	4369264	1
8569854	8570796	1
8837270	8837267	1
4016950	4018113	1
2056868	2056867	1
11234023	11234024	1
7271263	7273730	1
6965212	6964193	2
7543923	7818717	1
442799	442800	1
1391166	1391767	1
8656630	8656197	1
873695	873696	1
1485939	1485940	1
2587871	2587891	1
4689266	4690308	1
8344283	8344284	1
6767483	6767495	1
8831471	8831472	1
3215705	3217296	1
5719984	5719981	1
6002755	6001724	1
2837589	2837590	1
9073761	9069901	2
976282	976281	2
102597	102598	1
465981	469092	1
5431840	5431839	2
10249234	10249233	1
7489766	7489797	1
5974392	5974389	2
672427	672428	1
9130986	9130985	1
2836442	5594044	1
2146845	2148976	1
10015634	10079785	1
8651051	10040756	1
11878044	11878034	1
9315255	9315258	1
9679240	9674352	1
2909971	2909966	1
4876937	4876938	1
6582731	6582732	1
1322389	1390110	1
12176615	12176989	1
8051486	8054761	1
9477772	9477762	1
12165120	12165342	1
6836623	6836624	1
10204130	10204129	1
2253470	2253467	1
3212919	3212945	1
2108505	2108506	1
9246330	9246312	1
