fend1	fend2	count
7470454	7467978	1
7420084	7419952	1
5870306	5870382	1
9595963	9597002	1
3592986	3592985	1
9766631	9764092	1
4055062	4052466	1
10092506	10092582	1
4920544	4920541	1
7049628	7049667	4
5960545	5966054	1
1250003	1250004	2
2346757	2346758	1
3450063	3450064	2
3568515	3568516	1
2873426	2867351	1
5065104	5065142	1
9177943	9177944	1
2233958	2234097	1
2706258	2690449	1
4661851	4668500	1
12352857	12352858	1
830100	830099	1
8172504	8172490	1
8611735	8611736	1
9325431	9325432	1
6111099	12615186	1
6904905	6904906	1
12246638	12119874	1
5502786	5502785	1
6474618	9104245	1
8228258	8228257	1
584446	584445	1
291150	291064	1
939970	939969	1
4946595	4946610	1
1029895	1036575	1
11215198	11215165	1
12627440	12627439	2
12416539	11387144	1
7608142	7608761	1
782794	782791	2
5102	6694	1
6648142	6305802	1
4538498	4538497	2
2595826	6361207	1
11394927	11394928	1
4847680	4847679	1
8226118	8282527	1
7881169	7881170	1
6689025	6689026	1
2779345	2779838	1
4440449	4440450	1
5300713	5302298	1
9684325	9684326	1
784200	784197	2
9832710	9832709	1
4665509	4665456	2
11521521	11535339	1
229778	231073	1
479108	479107	1
7981690	7981634	1
12371983	12368345	1
6686317	6686318	1
6066190	5852269	1
5750950	5749335	1
6422748	6422898	1
10275977	4855124	2
7203059	7203060	1
7122042	7122034	1
490283	490284	1
9835808	9835789	1
3099418	3099417	1
3742536	3745050	1
271923	749740	1
879238	879237	1
292409	292410	1
5317578	5317760	1
10154738	10154737	1
576662	518207	1
9548738	9548742	1
2224336	2224356	1
12204025	12204028	1
9069191	9069204	1
4833096	4833095	1
11612579	11598338	2
10298359	10298360	3
9894317	9894318	3
11769485	11769488	1
5122514	5122513	4
7227509	7225073	1
3554949	3554716	1
517295	517252	1
3509601	3509602	1
933664	934859	1
2513967	2523611	1
8582830	8582829	1
1159313	1159314	1
1107143	1107144	1
4307107	4588064	2
6802404	6803505	1
7528326	7530640	1
519991	519992	1
4367421	4367422	2
10761086	10761085	1
2334644	2334643	1
4527499	4527500	1
2756779	2756767	1
2762546	3228418	1
5577566	5577587	1
159172	159171	1
6706929	6789751	1
1159309	1159314	2
2542276	2175830	1
12718468	12718370	1
8782243	8782245	1
7725874	7725873	3
146217	146218	1
1603093	1626101	1
296153	296162	1
605070	605069	1
4618800	4618799	2
7802496	7802493	1
11396747	11505873	2
1070890	1070901	1
10160679	10160680	1
7656458	6576581	1
3373944	3373943	2
6614602	6614601	2
8440910	8440939	1
661358	661035	1
10698692	10698691	1
7661016	7661009	1
2019920	2019919	3
2035204	2035174	1
4092197	3877136	1
8341910	8341915	1
1999290	1999289	1
7179974	887666	1
6745791	6531655	1
2542278	2542277	1
2432773	7754221	1
7262142	7262248	1
8568416	8568415	1
3661754	3661753	4
6317005	6297021	2
6766818	6777256	1
8310185	8310188	1
11035721	11021595	1
1073212	1073211	1
12622713	12622714	1
11897991	11897998	1
8497153	8497145	1
2561986	2565469	1
7347612	7347611	1
6683612	6683611	2
9099936	9104264	1
7980451	7978820	1
4378607	4257118	1
1968247	1968248	1
10699657	10699640	1
8434149	8434152	1
7155031	7154680	1
11859972	9350737	1
6365041	6554021	1
2576608	2576627	2
6419162	6419147	2
4489684	4501233	1
6975633	6975634	1
1899805	1881084	1
7052114	7052102	1
8830676	8830675	1
10880282	10880281	1
3136831	3136832	1
7863666	7863651	1
11302254	11302215	1
1379721	1379722	1
4392045	4585173	1
5716014	5718344	5
760288	760285	1
3742496	3742516	1
7347627	7347628	1
3968084	3968081	1
9384932	9330255	1
4664333	5652232	1
6374085	6374088	1
4687683	4687684	1
9479805	9480176	1
809640	546360	1
10334401	10334397	1
7095580	7094514	1
1036572	1035439	1
920979	920906	1
9265541	9679113	1
7993474	7993471	1
12331202	12331205	1
11324868	7939590	1
7054086	7159635	1
12260778	12260662	1
10907514	10907511	1
7085355	7085356	1
6536335	6536336	2
6712569	6712451	1
9022583	9022584	1
1323780	1323898	2
8966341	8960558	1
10345321	10345322	1
11921936	11931091	1
10496377	10496378	1
1599832	1599831	1
11544799	8750746	3
3833785	3833786	1
669823	668255	1
10309030	10309029	1
9508749	9508750	1
3791903	3791904	1
1415792	1415791	2
3236552	3236551	2
10987915	10987916	1
9137940	9137937	1
436821	253682	2
9179479	9179439	1
766219	757394	2
12048840	12048764	1
2847688	2850212	1
1335832	1335831	2
1250001	1250002	2
10291021	1106589	1
6170548	6170232	1
2227132	2227131	1
1294927	1294890	1
6139302	6136713	1
2571069	2571070	1
2086175	1999291	1
4600245	4600246	2
2939095	2941345	1
672871	685754	1
1918531	1918532	1
2019922	2019919	1
3951321	3951322	1
9015139	9015144	1
1769186	1769185	2
6410702	6451579	1
3816656	3816655	1
1190473	1190474	1
5535847	5535848	1
5129013	5368228	1
5373366	5374821	1
3816649	3816657	1
7515549	7515550	1
7272800	7272089	1
12596145	5677049	1
6231941	6231942	1
10650666	10650665	1
11904550	11904549	2
9018667	9018668	1
5392377	5383810	1
10981856	10981844	4
1631710	1631713	1
335043	335041	1
1364691	1060914	1
588915	588964	1
10727728	10727733	1
3261056	3261055	3
8898871	8898872	1
2334642	2334641	1
5056134	5266255	1
3583271	4168968	2
11234670	11234669	1
1783166	1783165	1
1233138	1233140	1
7098575	7128936	1
4744435	4603414	1
5493473	5493437	1
6505646	5620589	1
923192	749784	1
11448197	11448198	1
8232310	8232671	1
11768346	11768345	1
7460454	7460434	1
9261036	9260562	1
4440448	4440447	1
4802247	4804593	1
1050796	1050795	1
3121947	3121948	2
11927139	11927142	1
1710248	11680463	1
790353	790348	1
8709307	8709318	2
6706929	6706930	2
11752762	11752761	1
10629265	10629266	1
1465623	1463414	2
8895537	8895540	1
12744061	12777462	1
12718371	12718372	1
7338380	7336889	2
1443688	1443684	1
9644872	9644889	1
9175599	9175600	2
2343332	2342871	1
4501077	4501078	1
12768533	12768534	1
5328439	5328440	2
4621884	4621883	1
6733779	6733963	1
1020826	10761363	1
91370	91339	1
9810875	9810876	1
567576	567573	1
9325429	9325430	1
3036120	3164936	1
3984055	3982841	1
7507280	7507291	1
8548680	8561945	1
7712950	7602052	1
1511175	1511176	1
10591976	10591975	1
11353285	11353286	1
8954478	8784909	1
4140159	4140162	1
7429396	7139018	1
8172506	8172490	1
2675327	2675328	1
2570323	2570055	1
2295147	2295150	1
4431257	4431258	3
3110784	3113075	1
1322646	3466646	2
11991985	11991986	1
128095	58957	1
9930591	9930596	1
10730037	10730245	2
7088342	7088341	1
5766779	5766773	1
11312333	11312334	1
7608691	7608696	3
7331046	7331045	2
6855725	6855768	1
4750596	4750595	1
6921677	6921842	2
10406771	10406772	1
9583053	9584158	2
3567902	3567913	1
9508747	9508748	2
12727223	12726888	1
12331204	12331203	2
11639444	11639443	1
3658068	3658037	1
8709538	8709557	1
10401235	10370369	1
10255512	10255509	1
6861186	5577655	1
7211057	1578902	1
4090372	4090371	1
3680260	3814424	1
8823799	8823800	2
10459696	10459591	1
4259809	4263409	1
7281722	7281675	1
1514206	1654737	1
7604567	7604568	1
1036574	1036573	1
5153394	5153419	1
4738710	4738709	2
3479200	3479362	1
11604750	11604749	1
12715569	12715570	1
2656194	2656203	1
10876129	10876130	1
6581951	6581952	2
12677267	12576096	1
8033785	8033786	2
10445879	10446436	1
6467273	6467262	3
4611878	4611883	1
5779533	5713908	1
6073946	6075164	4
2592215	2591890	1
2807621	2113049	1
7406525	8421893	1
3938528	3939364	1
9148146	9148145	1
5496089	5496090	1
442770	442769	1
6046577	8191775	1
11643580	11642856	1
1935846	1935845	1
10246378	10256879	1
6635224	11108258	1
10737974	10737973	2
892553	11888711	4
12043228	12043227	2
5651736	5651735	2
293289	293307	1
919092	919091	1
7605712	7605711	1
4542546	8290781	1
2265346	2262459	1
2467854	2467847	1
3306868	3306867	2
12639722	1579016	2
9682635	7033970	1
7262658	7262657	1
11508537	11508538	1
4360530	4361052	1
75800	1513259	1
1826873	12443771	1
12599604	12599603	1
9923188	9923558	1
9035579	9035580	1
5631084	5629903	1
4105784	3866466	1
1657773	1657789	1
3708994	3708975	1
12727213	12727214	1
4821424	4821397	1
6607276	6620234	2
5283891	5283896	1
5618613	5902629	1
6581949	6581950	1
4656786	4656783	1
9993480	9983355	1
12764767	12764822	1
7433934	7401097	1
1058502	1058501	1
3499751	3499752	1
4847680	4847685	1
2642568	2635927	1
12051480	12051665	1
9060510	9060509	1
5994024	10084531	1
9090979	9142909	1
987677	974770	1
3639740	3492247	1
10264378	10264392	1
9803400	9804468	1
2035204	2391440	3
2272107	4068508	1
11252692	11469471	1
2513965	2513966	1
7041197	7041267	1
7029829	7029830	1
881361	881355	1
2095347	2096822	1
8711808	8711882	1
7184371	7184372	2
879152	5589768	1
11010222	11164081	1
5019607	5645227	1
8234433	8234434	2
10869405	10869406	1
403577	403578	1
3930210	3930183	1
4323064	4385485	1
7139019	7139020	1
7607009	7916275	1
2597451	2594041	2
10480132	10414759	1
1564605	1561386	1
1662867	1662870	1
10524685	10524686	2
10824853	11146252	1
2278988	2278987	2
8882029	8881988	1
45271	45272	1
2583938	2585334	1
1099262	1099317	1
2649427	2648716	1
229780	229779	1
11459079	11459100	1
1428961	1428962	1
52412	355313	1
7321048	7321047	1
5782483	5782484	1
4091639	4091640	1
8056539	8056540	1
1225151	1225152	1
9578369	9578370	2
5446965	5444765	1
7759808	7759807	1
8280593	8280594	1
1696331	1696535	1
3308694	3308691	1
512019	923822	1
5488555	5488556	1
4359269	4359270	1
10358608	10358607	1
12536742	12536741	1
3304332	10462949	1
256063	191565	2
1989294	1928566	1
12209901	12209902	1
1929741	1929742	1
1377254	12458830	1
7511815	7510891	1
1390215	1390201	1
8244861	8244864	1
4613519	4750597	1
7395376	6869437	1
1299923	1299906	1
7670726	7670668	1
5910201	5910250	1
12789008	12789005	1
3052727	3052728	1
2612097	2612098	3
10180544	5585532	1
6105311	6105314	3
2958266	3163973	1
7198238	7192323	1
3708974	3708973	1
6498709	6498699	1
1359608	1359607	1
2870414	2870411	1
2159399	2159257	1
6377544	6377543	2
1376372	1376374	1
3693956	3697065	1
5314359	5314360	1
11186013	11186014	2
5699111	5699086	1
7272900	7272903	1
8528100	8528130	1
1411537	1410621	1
1159305	1159306	2
9836207	9837270	2
2352522	2352435	1
257459	257460	1
7850483	7850484	1
11705021	7294899	1
3468318	3468317	1
2011522	2334645	1
9334686	9334721	1
1159309	1159312	1
9077173	6478818	1
6692898	6696771	1
809640	809639	1
6786218	6785029	1
4447191	4447192	1
2908967	3144604	1
9419867	9419834	1
10756439	10756440	1
2477063	2477064	1
561664	561744	1
10986815	10985090	1
4090915	4090642	2
8319270	8319269	1
7095605	7095606	1
3468322	3468321	1
2535315	5312644	1
5452139	5452050	1
2114677	2114609	1
7479818	7479815	1
10982471	10982472	1
8392506	8392499	1
1967320	1967319	1
2217348	2217352	2
4806536	4806535	1
7027611	7027612	1
699750	699747	1
7034969	7034972	1
7419953	7419954	1
6396220	6395860	2
6761501	6761506	1
8659870	8659869	1
7463361	7463372	1
920977	920978	2
7398560	7399574	2
11597485	11597486	1
11631638	11565541	1
11053444	11053816	1
4573598	4573866	1
5284063	5290613	1
9439100	9613020	1
598330	598329	2
4757153	4757154	2
7490621	7490622	1
11591833	11589688	1
2648526	2648495	1
8268331	8268319	1
12187739	12187752	1
11935975	11941832	1
6260916	6260915	1
1603091	1603092	2
3583907	3583908	1
4091651	4091652	1
10894654	10894653	1
12260663	12260664	1
3028466	3028465	1
1761255	9192935	1
10914609	10914610	1
8393543	8393544	1
4527501	4527502	1
9012859	9012860	2
8760131	8755459	1
11356623	11356624	2
6430830	6430827	2
3577250	3516368	1
2643604	2643603	1
8295508	8295520	1
2827267	4125556	2
9434491	9434502	1
2720062	2732470	1
8611737	8611748	1
11223501	11223502	2
12129336	11993921	1
12196905	11652735	1
12613936	12628939	1
11800481	11799001	2
1058679	1058680	2
7272798	7272089	2
6585247	6585248	1
1208277	1211235	1
4297377	4298310	1
1238044	1234798	1
5496091	5496092	1
9727348	9727345	1
6456979	10495542	1
9360812	10037772	1
10264375	10264379	2
4478297	4478554	1
8779891	8779894	1
2494130	2619214	1
7526947	7526950	1
8213521	8213522	1
3308736	3308695	1
8150761	7353132	2
10576649	10576650	1
2247119	2250100	2
1997625	1997626	1
6256263	6256237	1
7955503	7955504	1
7200048	7200047	2
8724486	8727779	1
7047122	7047332	1
7294750	7294739	2
10814586	10813406	1
9133677	9133678	1
9779414	9292908	1
5558842	5558841	2
5743566	5743545	1
2663557	2662486	1
2692887	2692888	1
656218	656215	1
5171839	5171933	1
6272177	6272187	2
1968245	1968246	1
10681339	10364084	1
12748623	12805224	2
6505336	6505521	1
7130151	7130152	2
4743046	4743045	2
7792339	7783149	1
1929364	1929359	1
4661837	4481765	1
5758905	5758906	1
10280295	10280296	1
6485340	6485494	1
8302002	8301549	1
5071720	5071565	2
9796436	9633900	3
7708164	7709149	3
1566124	1566123	2
9269236	9269235	1
10269970	10271163	3
11022608	11165629	1
4625734	4625830	1
3499753	3498910	1
1723182	1369355	1
10552174	10552171	1
9177662	9177729	1
11696860	11696690	3
9748777	9748790	1
10639540	10639539	1
6260914	6260933	1
12006892	12006891	1
5155025	5155026	1
8862373	8869698	1
12291968	12291967	1
3373948	3373945	1
9823009	9823010	2
10530330	4519453	1
8232670	8232669	1
5711793	5726226	1
4623198	4623197	1
11477167	11477132	1
5521598	5585946	1
6401352	6401219	1
5960570	5963634	1
11769052	11769051	1
10202599	10202600	2
3971307	10280816	2
1603095	1626101	2
8089244	7693245	1
6706931	6789751	1
1612782	1612781	1
5252186	5252192	1
2147563	2147564	1
8422072	8421890	1
4711556	3354770	1
3707011	3707012	1
12235284	12235283	1
8579271	8579272	1
11448195	11448196	1
5870337	5891702	1
5365268	5365323	1
5207201	5207202	1
6469630	6469629	1
10266697	10266753	1
3236990	3236975	1
675710	675709	2
6383287	6383293	1
9386804	9357293	1
7513349	7513350	2
6859227	6859228	3
6583854	6583970	1
442768	442767	1
8309214	8309450	1
5967175	6204124	1
9008489	48980	1
3531246	3546150	1
8148932	8148931	1
8319272	8319271	1
1049939	1049940	1
7146156	7146155	1
9169047	9171093	1
11127553	11127554	1
7477375	7477415	1
1353093	8028268	1
1007808	1007822	1
10926883	10926863	1
1379719	1379720	1
8921920	8651152	1
3881550	3881465	1
10116582	10116579	1
6682362	6682359	1
1486727	1486684	2
4552060	3527799	1
6272299	6418198	1
10192924	10190270	1
2180796	2180801	1
4114338	4114337	1
3445699	3453638	1
7139566	7139600	1
9993146	9993143	1
9930513	9930389	1
10646914	10646913	1
2227215	2227133	1
6294486	6289908	1
2612099	2612100	4
6511639	6511640	1
4276032	4276031	2
6506344	6506343	1
7038358	7038357	1
4276030	4276027	1
5449704	5449703	1
2581680	2581677	1
10283429	4272444	2
10193549	10276822	2
7823724	5240347	1
2471977	2471978	3
11855650	11855649	2
4182576	4182575	2
2413944	2459507	1
1390196	1403570	1
815321	815322	1
8317985	8317986	1
7725872	7725890	2
2673018	2673017	1
12447134	12447131	1
4637948	4638097	1
3794597	3794598	1
9487603	9492317	1
1545703	12410448	1
3121946	3120487	1
12497701	12506194	1
3867299	3867300	1
6686319	7490287	1
11615737	11615738	2
8550210	8550209	1
661034	661033	1
4035144	4036663	1
12204029	12204030	1
7981214	7981213	1
7485680	7479819	2
7835609	7835816	1
762208	762317	1
6572448	6572447	1
8786629	8786630	2
919090	919093	1
2589641	2589642	1
3206783	6791525	1
8612837	8612838	1
3891353	3891356	1
12769537	12769569	1
1178973	1232133	1
12641655	12791124	1
5575482	5576438	1
9543359	9319383	1
4659599	4659266	1
4575424	4575441	1
320428	334233	1
8012822	6470472	1
6453383	6453384	1
7351483	7351484	1
7538560	7538559	1
7610058	7610057	1
3774150	3773189	2
474078	775240	1
6515900	6516110	1
11123240	11199265	2
11942318	11942309	1
4057024	4056929	1
2604362	2604361	1
9593898	9593313	1
10399936	10388119	1
5434241	2553976	1
8432749	8432740	1
11943862	11943861	3
1463481	1463482	2
11920472	11920471	1
296179	296182	1
82342	7446407	1
2656001	2643605	1
10727730	10727729	1
6593178	6593211	1
4594949	4594950	1
1527329	1529667	1
6423795	6424005	1
2004074	2004079	1
265616	265605	1
7992134	7990473	1
3962567	3962934	1
10793614	10793770	1
9183072	9183071	1
8424421	8424422	1
7700511	8920256	1
2106937	4994013	2
6424146	6424005	1
6622264	6622263	1
2569051	2569052	3
11374765	11374766	1
2323585	5511078	1
11714122	11714121	1
2602928	2602927	1
4926071	4926072	2
7528388	7528387	1
1320483	1347247	2
9491839	9491840	2
4736772	4736542	3
10096853	10096111	1
5284135	5283783	1
5904559	5904560	1
11607747	11619659	1
7845846	7845845	1
6002461	5699087	1
4003455	4003456	1
5557762	5557761	2
3674208	3716655	1
4072803	3900152	1
8056537	8056538	1
12770273	12749807	1
6574807	6574808	1
9086829	9081913	1
10334756	10334759	1
6588247	6588248	1
12128710	12128717	1
8940478	9099620	1
4618802	4618799	1
4560154	4339663	1
3153342	3113948	2
2235727	2243962	3
1225153	1225154	1
7238850	7241156	2
510601	510548	1
3854201	3854193	1
9499937	9511798	1
850551	794063	1
3201729	3200938	3
3637278	3820050	1
2852444	3070439	1
259881	259853	2
10919240	10919705	1
2371785	2371786	1
3902609	3902610	2
2317380	2317659	2
9863499	9863503	1
1395491	1395492	1
10907250	10907266	1
2631621	2631415	1
10054115	10049477	1
1199144	1199143	3
2902066	2902065	1
1751469	1751685	1
793856	5453826	1
6859229	6859230	3
8700203	8700055	1
10436000	10435999	1
7099003	7205117	1
3808837	3808573	1
12148680	12148679	1
12780195	12780196	1
5695450	5695453	1
7585971	7585987	1
1400616	1400615	1
10517188	10517187	1
1063266	1063265	1
3589160	3589159	1
7853555	7857544	1
4736772	4736544	1
7429647	7429652	1
11349992	11352525	1
2125819	2106319	1
1070890	1070899	1
83796	81649	1
9017825	9017828	2
5045275	5045276	1
10973599	10973600	1
6958783	6958784	1
10113159	10113160	1
9001074	9000804	1
6569240	6569270	1
9297166	9297165	1
10446437	10446844	1
11537227	11537228	1
2223016	2223005	2
10434328	10434327	1
862355	444853	1
2471979	2471980	1
12001380	12001377	1
10582840	10582869	1
626302	626301	1
6353972	6353967	2
6840357	6941802	1
3951323	3951324	1
12599818	12599817	1
12726889	12726890	1
683279	683282	1
11197660	11193049	2
3569444	3582437	1
9623620	6515842	1
9530035	9353688	1
2471429	2463527	2
1059326	1059325	3
1396691	8893548	1
6352226	6352229	1
1389673	1389674	1
1497980	1497968	1
3569675	3619512	1
387931	387932	1
70138	70173	1
6256261	6256262	1
12557682	12557625	1
9639098	9639097	1
3953490	3953489	1
9301846	9344634	1
10913968	10913967	2
7331009	7331047	2
11076263	11076264	1
1327031	1327032	1
11906068	11906071	1
3902819	3902820	1
4420823	4420824	1
4995422	4998878	1
6603300	6603299	4
7918316	5006097	1
4559708	4559736	1
8408145	8408279	1
12357534	12357533	1
11270360	11271034	1
5709726	5709725	1
3373948	3373947	1
2938166	2939355	2
11733672	11733718	1
4143806	10246702	1
1189858	1189857	1
10904756	10904755	1
12168495	12165239	1
10953963	10953964	1
9017829	9085677	2
6430830	6430825	1
1605294	1605293	1
45315	45275	1
5719479	5719480	2
1128232	1128133	1
12402065	1545189	1
2528339	2528340	1
6622262	6622265	1
9972896	306832	1
11552603	11552604	1
397906	397905	1
12636005	12640563	1
1633699	1633702	1
1776309	1776312	1
4821504	4809729	1
4139782	4139777	1
9947799	9937580	1
6536333	6536334	2
557608	557390	1
5058936	5057348	1
987618	990857	1
717542	885644	1
6343975	6343976	1
1276689	1276690	1
12292696	12563140	1
3614949	3614944	1
12511258	12511049	1
4600243	4600244	2
10881851	10881852	1
5902853	6087882	1
1860417	1860418	1
11161699	11161700	1
4102546	4102589	1
6499117	6499112	1
8990176	8990175	2
2019922	2019921	3
5123584	5417365	2
7127097	7127123	1
10605734	10605733	1
8234435	8234436	1
6506127	1537929	1
687073	687074	1
10150481	10150484	1
4431249	4431256	1
2324176	2326375	1
7742004	7742003	1
5632009	5632010	1
9579070	9579069	1
2346759	2338431	1
4224469	4224476	1
552303	628586	1
845910	845909	1
11583306	11583305	1
8424836	8424835	1
599332	599331	1
887987	887935	1
12810021	12810022	1
10119867	10119868	1
2471615	2422363	3
9863497	9863498	1
9751241	9751221	1
1062468	1062457	1
582673	338556	1
10159735	10160071	1
3497373	10070042	1
8568414	8568413	1
2424626	2424620	2
7661018	7661017	1
5714555	5647745	1
12486643	12645886	1
1400618	1400617	1
10650046	10650045	1
10410716	10410715	2
5382917	5401234	1
2777215	2777412	1
10478182	10478181	1
10358606	10358462	1
12185188	12207682	2
1643593	1491756	1
7688449	7688450	1
3298677	3298678	1
10982473	10982515	1
2133375	2133376	1
8692489	8692490	1
3340973	3340974	1
5698114	5968966	1
1416603	1608559	1
10101499	10096139	1
12225910	12225907	1
8954928	8954927	2
12175970	3576931	1
12373878	12373877	1
3439658	3439657	1
1566122	1566121	2
10452988	10452980	1
11625678	11638121	1
11774799	11774800	1
8958239	8958240	1
11834620	11943125	1
8723010	8722999	1
10747252	10749906	2
5288121	5288122	1
10039598	9990621	1
9968693	9968694	1
6975635	6975618	1
10445860	10446425	1
9759618	9759635	1
6009386	6009337	1
5204152	5201892	1
1438175	1438176	1
9070495	6144253	1
310626	350262	1
9229328	9229148	1
12205479	12004994	1
7789361	7201964	1
3472093	3472098	1
8590213	8590168	1
8060005	8060006	1
5309179	5309180	1
10825223	11103007	1
2602924	2602923	1
6228267	6228280	1
5931624	5901563	1
11718285	11718286	1
3269681	3269682	1
11920470	11920469	1
7049633	7049634	2
4366219	4367420	2
229451	229452	1
7158516	7158786	2
7467992	7467991	1
5861955	5861870	1
3333010	3333007	1
7017239	7017240	2
10727368	10761411	1
5361265	5360740	2
5609364	5609363	2
12622715	12622716	1
11089196	11024739	1
9681040	9681039	1
75246	75128	2
11763071	11763072	1
5886095	5884977	1
2186653	2190658	1
2471973	2471974	2
1896802	6712333	2
8317987	8328473	1
2158642	2158641	1
9653151	9389807	1
7957093	7957067	1
4594947	4594948	1
2759954	2759953	1
2873426	2867353	1
7141631	7141632	1
7379903	10280841	1
10735390	10735649	1
10160677	10160678	1
3154835	3154836	1
11293422	3678611	1
3136829	3136830	1
7205118	7205117	1
11278858	11276379	1
789441	789442	1
2542278	2175830	1
3146710	3146709	1
8194692	4586643	1
8902704	8902711	1
2618321	2618289	1
10731599	10731591	1
11833652	11833651	1
614136	550949	1
8835051	8835086	1
7322130	7164054	1
2346757	2338431	1
4273026	4273029	1
1882759	1883171	1
10892170	10892179	1
7671059	7671051	1
7293106	7293085	1
7434473	7432879	1
4955178	4955177	2
3692766	3692763	1
4305270	3395572	2
3241341	3123326	1
6512241	6512050	1
1605292	1605291	1
12788664	12788648	1
834013	215574	1
4792112	4793074	1
12619469	12619362	1
12743839	12743896	1
4091629	4091638	1
2382798	2385280	1
8341916	8341915	1
11869103	11869218	1
827709	827705	1
12122362	12312142	1
6206689	575662	1
6010534	6010537	1
6706927	6706928	3
8781557	8781560	1
3524818	3524817	1
3924490	3924489	1
7530331	7530332	1
9522926	10334400	1
6565095	6565096	1
11896586	11896585	1
7158787	7158788	2
7260408	7259916	1
11589084	11589178	1
7713567	7713568	1
8887627	9122917	1
8221343	8221267	1
3268133	3268134	1
8877164	8877163	2
9131419	9131841	1
827707	827708	1
10621190	10422550	1
3395268	5812342	1
5155032	5155027	1
5376711	5376712	1
8244854	8244853	1
11807455	11807456	1
9578367	9578368	4
11813751	11814817	1
8599150	8599149	1
3561371	3510189	1
3282487	3282488	1
6750179	6744760	2
335042	320429	1
8229627	8486069	1
1489900	1489859	1
12632740	12632739	1
8306282	8306240	1
7446463	7446464	1
10301499	10301500	1
4385751	4385754	1
5776487	5756766	2
6056567	6056568	1
6641600	6509879	1
9578369	9421053	2
7047124	7047123	1
1603093	1603094	1
3553879	3553851	1
888620	888619	1
3708994	3708973	1
2523610	2523642	1
11927137	11927138	1
12424535	12424524	4
4536968	4536967	2
1327033	1327035	1
847906	847905	1
1107179	1107180	1
2740553	2740547	1
5445722	5445721	1
6333370	6333447	1
9947707	9947708	1
2471973	2471976	1
9993142	9993141	1
2912437	2730292	1
9706216	9706215	1
12367960	12367946	1
8148934	8148933	1
6252621	5095700	1
8760129	8760130	1
7717479	7717480	1
2234096	2234095	1
4389539	4389540	2
2097991	2097996	1
6658381	6658382	1
4064460	6887805	1
8767005	8906077	2
5665995	5665969	1
7528324	7528327	1
10153241	10153144	1
3324318	3324278	1
8341910	8341917	1
7554256	7554230	1
11550610	11550495	1
4083435	4083441	1
8308438	5646179	1
7049635	7049636	2
10092508	10092507	1
7608148	7608143	1
4847684	4847681	1
12385794	12385959	1
3324319	3324073	1
12685282	12685275	1
6407513	6407514	1
5312498	12307725	1
7790497	7790944	1
1542375	1542376	2
1271300	1271299	1
10301639	10301642	2
6399512	6666489	2
11980159	11980226	2
4736543	4736544	4
809638	546360	1
7674065	7674043	1
11446127	11446131	1
11148451	11148452	1
7272800	7272799	2
3671660	3684791	1
1088106	1091420	1
8618267	8612871	1
2720188	2732340	1
4821426	4821425	1
7551223	7549228	3
6557041	6559269	1
2116650	2803517	1
6454810	6454850	1
8456357	8456358	1
2203404	2203401	1
2507997	2507998	2
7691229	7691234	1
560014	561814	1
9151894	1560563	1
12229161	12229162	1
2004078	2004075	1
4139776	4139779	1
921940	919772	1
3583916	3583915	1
12800557	12799334	1
11757317	11757318	1
920975	920978	1
4521855	4521856	1
5731996	5731995	1
8959299	8681385	1
10283432	10283431	1
7598758	7764733	1
8925181	8925184	1
12569624	12460799	1
12437069	12437039	1
12811817	12811815	1
2952076	2952075	1
8068660	8068659	1
3254934	3096574	1
2589734	2589737	1
6972142	6972159	1
9783836	9784020	1
7305050	7305096	1
3854245	3867272	1
8749982	8749981	3
11485838	11485837	1
8172506	8172505	2
7608148	7608761	1
5690010	5690005	1
3561164	3561395	1
4240618	4240617	1
11768342	11768350	1
2261498	2261495	2
5480209	5495470	1
12764016	12764091	1
2899647	2899648	1
921942	921941	1
630085	630086	1
9527581	9296322	2
1190411	1190504	1
5151705	5151706	2
7202455	992727	2
4237855	10135316	1
1498100	1497987	2
4431427	4431422	1
10150456	10150455	1
2485498	2485493	1
11896425	11896426	2
5222953	5222962	1
8357210	8283149	1
8341912	8341911	2
8333217	8333218	1
10898904	10898903	1
5020134	5021346	1
12536740	12536884	1
1561396	1561387	1
1603091	1603094	1
3234884	3234883	1
2319789	2319790	1
8644029	8756716	1
7820105	7820083	1
3904267	3904268	1
7788748	7588991	1
11736605	11736648	1
5306195	5306196	1
4309546	4311016	1
7095611	7095612	3
2459750	2459685	1
8651157	8651158	1
858913	625821	1
10213518	10213516	1
189883	189884	1
5057453	5057454	1
11669676	7700862	1
1884072	1884062	1
4501079	4501408	1
7305048	7305096	1
9467159	9467160	1
11941833	11941834	1
8210751	8208733	1
8699187	8699206	1
5068947	5070368	1
7636235	6948926	1
3105586	3237332	1
10894652	10894651	1
1058500	1058882	1
465873	465874	2
10255023	10255024	1
384244	384243	3
11204474	11217458	1
4527224	4527250	1
5353163	5353164	1
2213998	2213988	1
8310183	8310184	1
3069516	3069537	1
10737969	10737973	1
8401263	8401264	1
5537953	5537954	2
10379961	10379962	2
11742675	11742676	1
9344559	9344560	1
5055981	5055982	1
5036713	5036811	2
3962594	3962593	1
11318309	11320879	4
10395252	10395251	1
7031768	7032596	1
5446836	5446835	1
8250964	8250963	2
2391441	2035174	2
4224876	4224964	1
4851806	4851805	1
6695	6696	1
2593690	2485558	1
5238935	5238936	2
6256710	6256707	1
8590177	8176696	1
8364215	8364218	1
3324072	3324069	2
2324063	2323904	2
384242	384241	2
6522447	6522475	1
9899912	9900146	1
3744836	3744844	2
3808835	3808836	1
6159211	6168793	1
4473893	1878530	1
7398297	7408754	1
12171831	12171832	2
7677186	7678826	1
5710380	5710424	1
2602926	2602925	1
10061947	10061950	1
8308436	5646179	1
6573393	6573394	1
3359151	3359152	2
3470274	3470273	2
7572759	7572760	1
2164577	2164580	1
3440492	3444768	2
7018379	7080416	1
243918	243891	1
7271582	7271581	2
10973414	10772265	1
5003227	5003300	1
1049941	1049942	1
5729309	5712339	2
5569644	5569610	1
1000098	1000097	1
6238489	6238490	1
1282650	12695300	1
4233695	4233696	1
3854290	3498926	2
1769528	1769525	1
11768344	11768343	1
11097494	11097488	1
1572021	1572022	1
120048	120030	1
7665841	7482192	2
5426968	5426967	2
5881701	5881702	2
198887	193232	1
1294927	1294930	1
6429237	6429238	1
6211402	6211399	1
6553977	6554121	1
4665507	4665508	1
10359909	10359910	1
10309024	10309023	1
5881699	5881700	2
8651877	8666161	1
12332663	12332979	2
6349897	6349898	1
1740233	1740236	1
6101345	6114279	1
2972964	3256498	1
2207674	2207418	2
11914598	11913843	1
10948284	10948283	1
8477781	8477782	1
10880280	10880279	2
7257907	7257932	1
8161161	8161200	1
9481189	9481104	1
11604748	11604747	1
9640998	9641060	1
11243709	11243710	1
1490710	1490709	1
844027	844028	1
9189103	9148147	1
11698179	11698180	1
7034969	7034970	1
8975135	8975106	1
4427787	4427849	1
3332973	3333011	1
920395	927648	1
2333207	2334807	1
9300303	9297944	1
2467455	2432347	1
11508539	11508540	1
10591978	10591977	1
9325429	9325432	1
6581563	6581564	1
11663719	11663720	1
746855	746856	2
6716036	6716032	2
2656001	2643603	1
10293748	10293770	1
5756349	5756352	1
2570321	2570322	1
7366453	7366313	1
5815491	5815492	2
5555178	5555177	1
4611749	4595665	1
9741624	9739715	1
12674744	12674733	1
6238487	6238488	1
2050726	2050382	1
10779197	10779318	2
5488178	5488111	1
4732344	4801994	1
11448193	11448194	1
12617811	12617812	1
2591891	2591892	1
2454358	2454357	2
9649375	9649364	1
7049666	7049665	3
3154833	3154834	1
4920544	4920543	1
1395953	1395820	1
3010349	3010350	2
4034112	4033854	1
12422818	12422817	2
8711897	8711898	1
12621378	12621377	2
2569049	2569050	1
4502154	4502551	1
3213222	3213350	1
11602059	11601090	1
2686030	2686029	1
2504038	2503807	1
11406187	3114575	1
3569671	3569674	1
8054349	8053689	1
197345	197346	1
8210751	8208731	1
5851397	6142198	2
6763888	6763880	1
3953465	3953138	1
10334758	10334757	1
3683205	3683200	1
6905160	6905157	1
9012173	9011961	1
8470513	8470549	2
181686	181685	1
640762	640768	1
4533188	4533178	1
2721101	1654450	1
7279437	7279438	1
610532	630084	1
5139957	5123066	1
10762831	10762836	1
69659	69660	1
1985317	1985318	1
6452637	6452638	1
1189856	1189859	1
3387728	3387727	1
3568518	3568517	1
6178653	6178629	1
1294931	1294890	1
9809070	9837224	1
748294	747166	2
3425557	3651612	1
1193497	1223273	1
11987121	11987456	1
8292054	7246710	1
4296250	4296249	3
6735884	6735883	2
11846932	11934611	1
9318484	9318483	1
6921679	6921842	1
5499559	5499560	1
798124	798123	1
2414274	2415312	1
480100	479582	1
11597507	11597495	1
3150611	3150612	1
6941172	6941332	1
2711774	2711773	1
204740	204773	1
9968689	9968690	1
82077	82078	1
1070900	1070899	1
6025213	6027445	1
11386309	11386310	1
4656788	4656787	1
1884061	1884062	2
7388263	7388264	1
7759806	7714816	1
4296252	4296251	3
9337999	9338012	1
6568176	8038334	1
2362651	2546715	1
9012861	9012862	1
7305050	7305049	1
6728635	3740641	1
10663954	10663953	1
6305083	6305084	2
10616409	10616410	1
4743048	4743047	2
1169884	1146661	2
5825696	5825992	1
6574805	6574806	1
12630283	12627441	2
1882757	1882758	1
746729	746730	1
3439671	3439672	1
4273177	4276399	1
7182772	7182788	1
6567594	6567593	1
11554924	11554923	1
8382959	8383007	1
12238891	12238906	1
6920129	6920130	1
5600281	5600291	1
9468321	9468322	1
5186405	5186406	1
9044662	9139326	1
2978788	2978790	1
4123872	2788103	1
363327	363325	3
6696743	6727502	1
5655456	5655455	1
3589162	3589161	1
2770433	2770434	1
10910883	11098999	1
7099003	7099004	3
10208307	10210110	1
7530335	7530330	1
8682107	8682108	1
7099005	7205117	2
10595298	10595338	1
8319268	8319267	1
11364190	10345345	1
106981	106982	1
6866930	6866891	1
3583269	3583270	2
7431896	7432222	1
1398821	1682765	1
4618802	4618801	2
9556515	9556516	1
11177275	10883517	1
2507126	2507119	1
8101528	8103603	1
776271	397907	1
12204584	12204583	2
6028228	6029553	1
4615981	4405961	1
1067713	1067714	1
10737969	10737975	2
4049648	4052020	1
3106641	3105432	1
1987510	1987505	1
2890391	2890392	3
6689019	6689020	1
4520600	4519512	1
939962	939971	1
733425	733426	1
3090704	3081894	1
7353337	7353365	1
5290612	5290611	1
4535987	4536046	1
2618319	2618320	1
4263964	4269038	1
2491617	2491618	1
11897985	11897986	1
2038348	2038343	2
2861170	2861169	1
3706066	3701648	1
3373946	3373945	1
12164429	12165236	1
3951325	3951326	1
3671770	2020778	1
4151928	3581761	1
1376375	1376376	1
1867095	4202681	1
1633701	1633704	1
7863199	7771557	1
1472231	1484707	2
12428384	12428383	1
5309173	5309180	1
1356055	1356056	1
5351362	5351361	2
496595	486246	1
10698894	3293047	1
10519189	963412	1
11169296	11169295	2
12140332	12140329	1
6133486	6200109	1
6779060	6779051	1
10487734	7564077	1
11665197	11665198	1
9650846	9650860	1
7238843	7238844	1
8551120	3635773	1
11780540	11780372	1
3265511	3265537	1
3497805	3497370	1
8860701	8860702	1
9100585	9100586	1
2658377	2658804	1
6688517	10655571	2
12402046	12402033	1
11207155	11210826	1
2546834	2547778	1
8401257	8401262	1
2383446	2382705	1
8990183	8990186	1
12737622	12737621	1
10914519	10914520	1
7308849	7311428	1
6081838	6081850	1
6329354	6357512	1
4054143	3883648	1
8419800	8383027	1
4836691	4836692	2
9832708	9832707	1
7810041	7810044	1
12743841	12743896	2
3164440	3166047	1
1708512	1703749	1
9177941	9177942	1
6702218	6702213	2
9329643	9329630	1
7388261	7388262	1
599265	599266	2
10578690	6704105	1
4384788	4384774	1
9578371	9421053	2
7738251	7738241	1
7596778	7596746	1
6040143	3633293	1
9001708	9001702	1
12360653	12360654	1
3324319	3324069	1
9944406	9944418	2
4055400	4055190	1
292407	292408	2
9894315	9894316	4
3902611	3903902	2
502451	501237	2
11548883	11548890	1
2827732	6717545	1
10427535	10427533	1
678105	807036	1
7429651	7429652	1
8659868	8659867	1
12128713	12128714	1
12200182	12762978	1
5114380	5114379	1
11159268	11159267	1
2874841	2874842	2
4586035	4586347	1
11374595	11433415	1
912590	766962	1
9737504	9737507	1
4043777	4043778	1
1884072	1884060	1
9260563	9260564	1
9742190	9742189	1
9916030	9916029	1
11121240	11121239	1
3592763	3592766	1
6573968	6573750	2
5251967	5251970	2
11632137	11499015	1
7780319	9255522	1
7347629	7347621	1
7570904	7570890	1
5444074	5444108	1
479980	375559	1
2159914	6243531	1
8782241	8782242	1
2217348	2217270	1
8728694	6278798	1
11600298	11600417	1
2536066	2536065	1
9497455	9497461	1
10903805	3036170	1
12651076	12657082	4
11080276	11080275	1
8564843	8565103	1
8401257	8401264	1
5377343	5377344	1
7709843	7709882	1
5198377	6242871	1
3596533	3596534	2
3454640	3454639	1
5669229	5669234	1
7029831	7029184	1
3687397	3669785	1
2307009	2306941	1
1302181	1302169	1
3260894	3260881	1
9658598	9658597	2
2147561	2147562	1
99599	99372	1
4520602	4519512	1
12766057	12766058	1
9765473	9765214	1
6840355	6840356	1
12133753	11197227	1
304237	304238	1
12743839	12743840	1
9113216	9113816	2
10366806	10338764	1
2939354	2939353	2
6506806	6568088	1
10441360	10439485	1
7686381	9323988	1
6374083	6374084	1
6905158	6905157	1
4479245	4479246	1
8475991	8477984	1
4024587	4076124	1
4647394	4647017	1
2850717	2852539	1
4501046	4501074	1
11092619	11092622	1
4174870	4185820	1
2241409	2241410	1
6363850	6363849	1
10871803	10871804	1
12422828	12422645	2
9297243	9297244	2
1870761	1870762	1
5819152	5992561	1
4681928	4681908	1
763913	763570	1
10508524	10512463	1
5975007	3936611	2
9158446	9158445	2
5793766	5793738	1
3295387	3295513	2
5658897	5658898	1
490285	490053	1
3466665	3469473	1
11957989	11955828	1
5502784	5502787	1
11720857	11720935	1
5309173	5309178	1
7811150	7811036	1
11941835	11941836	1
9923336	9923335	1
10767030	8035523	1
6536868	6536748	1
4387944	4387941	2
9127672	9130208	1
5328441	5328452	2
1823854	1823853	1
367508	367507	1
6424146	6423794	1
3734369	3734403	2
2787091	2787093	1
2827192	2827191	1
8438702	8438738	1
7018184	7018179	1
5429814	5429811	1
7616841	7617781	1
3361843	3361872	1
12271231	12271232	1
4272445	4272446	1
10992839	10876102	1
8749984	8749983	3
12023351	12023352	1
12760121	12760403	2
8557920	8559190	1
8043920	8043919	1
4588065	4588066	1
6419164	6419163	3
2706262	2706259	1
5046397	5046408	1
12301187	12301190	1
782790	784225	1
9894314	9894313	2
2572449	2572450	1
4431423	4431424	1
5990880	5990841	1
10793901	10793902	1
2384395	2384396	1
3233041	3216515	2
5304138	5229246	1
3972564	9926777	1
3964481	3964482	1
653431	653417	1
10910881	10910882	1
1107178	1107177	4
6921677	6921678	1
4734813	4734870	1
12366983	12371577	1
7687463	7687442	1
9658583	9658599	1
10298323	10298358	3
7994798	7994797	1
7608689	7608690	3
1426102	1426436	2
1288366	1288330	1
68935	68936	1
4521698	4521908	1
1758081	1758083	1
3340971	3340972	1
11410054	11483405	1
10373278	10661438	2
11178617	11181257	1
6931289	7261435	1
2864152	2864214	1
4125489	4125490	1
12565219	12565220	1
2902068	2902067	1
11504892	11504882	1
5857759	5857767	1
9855687	9855688	1
5771343	5771340	1
6711296	6759675	1
718431	719280	1
12233552	12233551	1
5091906	5259753	1
294007	438032	1
1223525	1223526	2
8077343	8077347	2
2503722	2503741	2
11918408	11918407	1
3907067	4093778	1
12478615	12478618	1
8232046	8217995	2
5454237	5454238	1
4289961	4347388	3
1351553	1349977	1
11132436	11033564	2
4770258	4770308	1
3369080	3368815	1
9579068	9579067	1
3185780	3185779	1
7981688	7981634	1
9882949	10029075	1
5855201	5855301	2
2692885	2692886	1
2557400	2557417	1
6015023	6015024	1
8456373	8528626	1
1396747	1391527	1
7362065	7362068	2
2013097	2013098	1
10571014	10571013	1
6317003	6317004	2
2843705	2843706	1
1929281	1930526	1
2960164	2957935	1
6583971	6583972	1
8611735	8611748	1
12668485	12668486	1
6259453	6259155	1
7104465	7104466	2
10879712	10879711	3
10986343	10986346	2
7194979	1754365	1
2471975	2471976	2
1102208	1703266	1
7099005	7205119	1
487549	487560	1
6619353	6619640	1
10322568	10322571	1
165764	165763	3
3400927	3400929	1
7808625	7808626	1
4709981	4709982	1
356947	357009	1
10333667	10333673	1
8185709	8185710	2
9992062	9847365	1
3560733	3560661	1
6874254	6874253	1
3765014	3765018	1
3635814	3635813	2
6099135	6099146	1
7534024	7848318	1
5945514	5944289	1
4687681	4687682	1
775119	775120	1
8232230	8232225	1
2491619	2491705	1
10646822	10646915	2
4699662	4699640	1
1081669	1081670	1
3270104	3270162	1
11557341	11476983	2
10731585	10731586	4
9455872	9370013	1
1697493	1697326	1
11697795	11699811	1
4513362	4513361	1
1084336	1084361	1
8258376	8257190	1
10202097	10202598	2
11475017	11475006	1
1776311	1776312	2
9824964	9825056	1
10358608	10358462	1
2261481	2261484	1
3833787	98609	1
7952478	7952461	1
10150480	10150459	1
2890393	2890381	3
8954480	8954479	1
10498932	10498961	1
10761084	10761033	1
9780549	9780550	1
8975107	8975108	1
7130153	7130154	2
1040304	1040749	1
4646976	4646975	2
10476897	10476898	1
11698181	11698182	1
7050523	7050524	3
5518560	5518559	1
1008082	1008081	1
2910092	2910091	1
10031006	10031005	1
9329631	9329632	1
5328217	12271230	2
1747517	1747518	1
4090374	4090373	1
7106952	7107476	1
5193292	7857616	1
7681960	7681938	2
675708	675707	2
12557684	12557683	1
2534397	2534366	1
12168730	12168729	1
6360778	6360805	1
1971469	1971470	1
4013111	4013112	3
2837700	2837699	1
12810851	12810852	1
7094372	7094371	2
8839929	8839930	1
5046071	5046072	2
1849617	1902527	1
1314645	1315361	1
11103809	11103819	1
4986784	4985945	1
10981845	10981846	1
6333386	6333385	1
10320042	10320041	1
4144703	4141545	1
1846424	1846409	1
5974564	5974508	2
12225906	12225911	1
9158444	9025195	1
6606672	6606562	1
599267	599269	1
5213140	5213098	1
10243225	10243151	1
8558281	7353304	1
6380010	8207108	1
12740321	12784404	1
4089796	3706757	1
8810726	12666807	1
4473334	4382402	1
1596739	1616860	1
3216349	3034100	1
266975	266976	2
4359271	4359170	1
4305680	4560703	1
3596555	3596543	1
10524706	10524678	2
6423856	6423807	1
5376713	5483587	1
6820903	10045431	2
11804305	3952890	1
2952401	2952481	1
5958941	5960357	1
8393541	8393542	1
3308736	3308691	1
9487605	9492317	1
11070255	11070256	1
2158651	2158643	1
4263964	4263963	1
5395147	5395148	1
1120552	8014661	1
5820252	5821660	1
12209903	12209904	1
165672	165464	1
5967173	5967174	1
4177457	4570771	1
6270243	6270217	1
3470742	3470741	1
2481148	2150029	1
12565221	12565222	1
8456355	8456356	1
10028949	10021165	1
1776313	1776274	2
12305195	12304062	2
10731587	10731588	2
2477075	2477972	3
9799475	9799476	1
2016758	2016799	2
3410062	3410061	2
893705	893712	2
150528	150527	1
4362305	4362306	1
11935780	11935783	1
1456326	1458814	1
9164642	9164639	1
7216952	7219023	2
7911095	7911096	1
12530003	12529718	1
11902985	11899053	2
8982398	8982395	1
3807383	3854301	1
2955451	2955452	1
291272	290841	1
4575367	4575368	1
8724753	8727733	1
4323756	4323759	1
7137520	7137519	1
2032240	2024930	1
10049517	10049480	1
5344749	5344711	1
8064165	8864136	1
1067715	1067711	1
9932774	9932773	1
4709983	4709984	1
3618546	3618545	1
12420512	12420511	1
950106	950105	1
8345117	8345783	1
8990183	8990184	2
1633699	1633700	2
9174757	9174758	1
9350626	3256113	1
7321046	7328785	1
1199146	1199145	1
12129258	12128712	1
8902710	8902709	1
5535389	5535390	1
4953393	6232368	2
11669813	11669814	1
6905160	6905159	1
6543724	6539986	1
8309308	8309255	1
8401255	8401256	2
8210749	8210750	2
9129945	9129946	1
4143130	4143127	1
7981216	7981215	1
10070846	10044624	1
97270	59467	1
544313	625252	1
9843290	9843289	1
7700511	7700512	3
3410044	3410063	1
7089007	7089010	2
7293108	7293107	1
1697461	1320052	1
7284071	8469846	1
1314661	1314262	1
1465675	1465676	1
8494249	8494256	1
3468320	3468319	1
1823298	1823301	1
12489686	12489685	3
4639706	4639708	1
5148975	5148878	1
7610531	7610104	1
740487	931266	1
9965173	9308984	1
10462948	10462947	1
5049148	5022289	1
9672884	9691931	1
8244857	8244860	1
9366263	9367241	1
3029115	3029507	1
4836693	4836694	2
3413655	3413656	1
7700513	8920256	3
187054	187059	1
3310542	3310541	1
9617095	9617060	2
8564091	8564094	1
8732176	8732195	1
10150453	10150454	1
4520602	4520601	1
4083197	4083198	1
1034184	7733912	1
7504597	7502009	1
2520182	2526153	2
9973493	9973431	1
4164167	4242431	1
5502386	5502381	2
1647107	1647241	1
2053096	2053095	3
6567240	6567239	1
7094376	7094373	2
7362069	7362070	1
9129943	9129944	2
4955180	4955179	2
11033565	11033566	1
7981216	7981213	1
3308644	3308664	1
8315064	8333216	1
1633703	1633704	1
1102150	1082321	1
10471976	10471968	2
12428513	12428514	1
6702220	6702219	2
6430826	6430825	2
6840143	6940129	1
10036674	10036671	1
6758897	6758900	1
10629261	10629264	2
6567244	6567241	1
1081671	1081672	1
4910593	5142096	1
2137830	2138325	1
920975	920976	2
9071982	9071981	1
10227778	10227777	1
7200050	7200049	2
11714120	11713363	1
7975066	7975065	1
12557624	12557623	1
8423750	8423749	1
12009348	12009297	1
500693	500350	1
12357805	12357806	1
9512647	9512648	1
5585533	5585534	1
1607591	1607592	1
8069148	8059892	1
1839533	1839534	3
5822800	5775169	1
9558011	9558670	1
12140334	12140333	1
11193027	11193548	1
1065986	1363339	2
3938530	3938529	1
5695454	5695453	1
2256235	2255969	1
7292343	7293113	1
8433562	8433561	1
11742109	11742107	1
1966847	1966895	3
8424837	8424420	2
3745091	3745092	1
6716981	11328156	2
10202892	10202874	1
9338429	9338469	1
3956770	3956780	1
11833656	11833653	1
4630114	4229958	1
3491487	3483266	2
7429647	7429650	1
6073669	6073670	1
7515547	7515548	1
7518040	7518039	1
5004615	5004616	1
6369091	6368934	2
1350808	1350805	1
871369	874420	1
4877738	4877733	3
7304616	7304611	1
266973	266974	2
2619035	2619048	1
3792039	3793569	1
10309028	10309025	1
2939352	2939351	1
2932380	2932379	1
1702292	1805162	1
8208732	8208731	1
10621207	10621191	1
10105906	10105903	1
11904548	11904668	1
1838427	1465674	2
2780517	2780459	1
9564295	9564304	2
1098680	1101330	1
4065470	4065469	1
10150458	10150457	1
2470873	2470723	2
4259871	3983449	2
200677	3869281	1
5609366	5609365	2
9119475	9148911	2
9968691	9968692	1
9954168	9954167	1
6758897	6758902	1
4613519	4750595	1
8456371	8456372	1
10571016	10571015	1
4917440	4917437	1
4447010	1653319	1
10986347	10986348	1
4538656	11282682	1
687075	687076	1
1279582	1280092	2
6376221	6350688	2
740485	740486	1
9178717	9178644	1
10345319	10345320	2
4295358	4297651	1
9977787	10234503	1
2449290	2425224	1
4115416	4115249	1
882227	882231	1
7036090	7036613	1
4807559	4759612	1
6745468	6745467	1
752822	754600	2
2193913	2453517	1
9001075	9001076	2
11514753	11514536	1
10018226	9983922	1
10243148	10243247	1
4562609	4562616	2
1776309	1776310	2
2692889	2692890	1
3772470	3772458	1
257975	257976	1
715555	715562	1
887627	887628	2
6224747	6239680	2
4240616	4240240	1
3154831	3154832	1
748283	747931	1
2290667	2290668	1
2116652	2116651	1
830102	830101	1
5715432	5714914	1
4263962	4269038	1
4920542	4920541	1
11882882	11707185	1
6658755	6659001	1
3453938	3453849	3
1186562	1192955	1
7123081	7123082	1
11768781	11768782	2
6219477	6219478	2
7184373	7184374	2
11615739	11615740	1
7860730	7990058	1
