fend1	fend2	count
10453087	10457871	1
4843149	4843150	1
2656890	2656887	1
8380750	8518957	1
609985	608153	1
5932266	5932265	1
10081224	10081347	1
4048374	4048373	1
5560112	5555780	1
1519259	1508554	1
7426243	7426244	1
8624968	8634994	1
192617	193437	1
192615	192616	1
1465671	1465699	1
5115671	5115659	1
10701	10908	1
7099344	7099343	1
624296	624295	1
8100220	8100219	1
4048376	4048375	1
2656886	2654169	1
6331568	6329727	1
8533109	8532956	1
5352537	5352538	1
3740846	3740814	1
10081346	10081345	1
4843151	10238199	1
7850671	7850672	1
609983	609984	1
8100218	8100217	1
1766816	1767155	1
8100222	8100221	1
12541680	12541677	1
1362814	1362813	1
7216759	7215370	1
