fend1	fend2	count
4006025	4006026	1
9743854	9743851	1
1357857	1357858	1
4430142	4429997	1
2838078	2838076	1
301572	1713466	2
12320498	12319854	2
1243317	1243318	1
795252	10767539	1
1416124	1408868	1
6418360	6418359	1
1698471	1698472	1
7788697	7798273	1
6577066	6375704	1
3550170	3550169	2
5699860	5604375	4
5545642	5545641	1
4515416	4515415	1
12540963	12540966	2
10181741	10181742	1
1009463	1009464	1
1080709	1080710	1
1009986	1009983	1
4092248	4092247	4
417058	417057	2
3590109	3590110	1
3813285	3813286	1
9566557	9544767	1
7213925	7213926	1
2127171	2127172	1
1408029	1408019	2
2393227	2393228	1
7205986	7205992	1
4092245	4092253	2
11077999	11071746	1
2311432	2311431	2
8449647	8449648	1
11799585	11799586	2
3589045	3589022	1
6148448	6148474	2
2253454	2253453	2
5049693	5049694	1
753664	753663	1
11408349	11408350	2
9435499	9435114	1
12443583	12443584	1
7682678	7682675	1
8346162	7425019	1
5822325	5822326	1
1969210	1969209	1
3047157	3048474	1
7446374	7446373	1
11372691	11372692	3
12666186	12666185	1
10945489	10945490	3
5978209	2299977	1
8436928	8436931	1
11840264	11840253	6
10767538	795246	1
8634320	8634319	1
5354883	5355319	2
62016	62015	1
1239044	1239058	1
2670474	2670720	2
5714968	5714967	2
3765065	3765066	1
3973451	3973455	1
5810596	5808676	1
3128376	3128375	1
1613946	1614039	1
7665145	7665151	1
9393633	9393634	3
8842141	8842142	1
2316901	2311986	1
470741	470742	2
8185296	8185295	3
3599446	3599445	3
4868986	4868985	1
1193979	1193980	2
6194452	6194545	2
11599970	11599969	5
5146251	5146235	1
9578297	9583704	3
11840266	11840253	1
9538037	9538038	2
1003982	1003981	1
12477683	12477684	1
10720350	10720353	2
1278923	1278924	4
12460608	12461672	1
417056	417051	1
1398538	1398537	1
8495565	8495562	1
1222747	1222748	1
3800112	3800111	1
288279	288115	1
6717950	6630229	1
11038609	11038610	1
3857056	3857055	2
8570717	8570718	1
3815848	3815847	2
11851321	11851322	1
2683809	2683810	1
3661207	3645830	1
1236869	1236870	1
3033895	3035716	1
339549	10540264	2
12767655	12767656	1
9672775	9672776	3
7022034	7022033	1
1846762	1846761	2
3366893	3367545	1
12443475	12443476	1
8185298	8185297	1
11644742	11644741	1
11433363	11434670	1
862628	862627	1
727446	728244	1
4153540	4155759	2
9582221	9582222	1
2246937	2246938	2
7177913	7177914	1
5251412	5251409	1
11650356	11650355	1
2187362	2187401	1
10447271	10447280	1
1994756	485402	1
1322388	1322387	1
2358410	2527925	1
11052827	11054729	1
2898598	2898887	1
11435879	11435880	1
5739465	5739468	1
1114290	1114289	1
3375799	3375800	2
795247	795248	2
6203943	6203946	2
2559876	2559873	2
10269618	10269617	1
8630668	8632168	1
5707343	5707326	1
7178588	7178587	1
9911526	9911521	2
3638277	3637251	1
1185573	1185574	2
11831833	11831834	1
11877052	11876740	1
7013635	7013636	2
8665559	8665560	3
6344573	6346758	2
9498997	9499089	1
1885799	1885800	1
2667228	2667225	1
2538331	2538325	3
6873950	6873949	1
6288998	6289068	2
9981180	9981179	1
8351495	8351498	3
9583705	9583706	2
11929359	11929360	3
3438355	3438356	1
9443443	9443446	2
10426614	10426613	2
4761186	4761185	2
7936847	7936848	2
633362	633361	1
764557	764558	1
11859523	11859524	1
8990366	8990365	1
261517	266097	3
1345375	1345376	1
10341167	10341168	1
4139787	4139788	1
10243473	10243470	1
12687201	12687202	1
960059	1057509	1
7184458	7184457	1
4006023	4006024	3
12467640	12467639	2
12160039	12160040	1
10391505	10391506	1
10566392	10566371	1
11054728	11054725	1
12540967	12540968	1
9513454	9513453	1
2089381	2089384	1
11397284	11397281	1
2427980	2427979	2
7903095	7903096	1
2089381	2089382	1
12660301	12660302	1
264270	264269	1
7178590	7178587	1
7235889	7305125	1
5815942	5815939	2
7390829	7390830	1
4491130	4491129	1
2277379	2277380	2
4144026	4144025	1
7308793	7308794	1
2735318	2735317	1
1401446	1401445	1
3722853	3722856	1
9530325	9530326	3
1080715	1080708	1
299200	299199	1
11859521	11859522	1
8836249	8837421	1
3219921	3219922	1
3557069	3557070	1
4021521	4021522	1
11309264	11309263	1
12037127	12037128	1
9888378	9888377	4
12719883	12719884	1
867027	12506778	2
4367341	4540496	2
5778418	5778417	1
10503829	10503830	1
3865733	3865734	1
8464452	8351494	1
10369337	10369338	1
11672958	11672957	1
8448931	8448932	1
7161335	7163556	1
1614038	1614035	1
2253452	1864556	1
11598628	11598627	1
4092252	4092247	1
5333632	5333668	1
4044179	4044180	1
12037125	12037126	1
619231	619222	1
1573131	1571741	1
1010897	1010898	2
10472373	10472374	1
9743854	9743853	1
5047471	5047472	1
11174281	11175130	1
2427978	2427977	3
2667226	2667225	1
5343439	5343437	2
11496493	11496490	1
2456906	2456905	1
3396090	3396089	4
11877855	11877958	1
5579515	5579516	1
6206161	6208437	1
7697807	7697812	1
1450756	1278640	6
5877787	5877788	2
5835857	5835858	1
6203943	6203944	1
7333375	7333372	2
1336751	1336754	1
2123420	2123419	1
3810134	3810131	4
7911927	7911928	1
5715280	5715277	1
4092252	4092249	2
7625975	7625976	2
8713008	8713007	1
3997502	3997501	1
5047469	5047470	2
9305365	9305366	1
2316895	2316896	2
1599460	1599531	2
5427750	5427749	1
10167097	10167098	1
299369	299370	2
7847055	7847052	1
7190585	7190560	1
1902279	1902282	1
3099739	3099740	1
5642120	5642117	2
7800967	7800974	1
9018188	9018187	2
7835416	7835415	2
3584751	3584756	1
9767677	9767678	2
2564962	2563985	1
7185900	7185899	1
683944	683943	1
9249853	9249854	1
4409112	4409107	2
11831483	11831484	1
11065110	11065109	1
512434	512433	1
447902	447901	1
9240117	9240120	3
3584749	3584750	1
4540495	4540496	2
322919	322899	1
12666184	12666183	1
8811422	8811427	2
7192314	7192311	2
11336514	6445123	2
1291943	1291944	1
9152308	9152969	1
9783589	9715807	2
5893974	5893973	1
6560831	6560832	1
9505201	9505202	1
2568339	2568340	2
2744054	2742260	1
9107139	9107409	1
4430144	4430143	2
1192236	1192235	1
2515915	2515916	2
10186731	10186732	1
1994760	1994759	3
5739463	5739464	1
2606177	2606178	1
9065669	9065670	1
7601934	7601931	2
1589434	1589433	1
6781684	6781683	1
6340018	6340015	1
9159757	9159758	1
11319257	11319260	2
10427013	10415396	1
4430145	4430146	2
2014825	2014956	1
946332	946331	1
10043358	10043357	1
5377247	5377248	1
2012323	2012324	1
5705007	5705008	3
4357593	4357594	1
10720352	10720351	2
10125870	10126418	1
3885221	3885356	1
5432769	5432978	1
1003984	1003983	1
395649	395654	1
3564873	3564716	2
3116837	3116838	2
3599448	3599447	3
2123422	2123419	1
4386566	11457027	1
11019536	11019389	1
12690725	12691259	1
1631872	1631871	1
9911524	9911521	1
643702	643313	1
10993793	10993794	2
9191822	9191826	1
3288367	3288368	1
817593	817594	2
8966343	8966310	1
2316897	2311986	1
1286066	1286065	2
548205	548199	1
795145	792055	6
10513029	10512948	1
284861	284866	1
7425018	7425015	1
1193244	1195502	1
10503831	10503832	1
5303667	5303670	1
2389089	2390018	1
5198527	5204646	1
1627463	1627464	1
11333930	11333927	1
3979237	3979238	1
9197357	9197738	1
11130220	11130219	2
4470868	4470891	1
9435513	9435498	4
2636969	2636970	1
8235213	8235216	1
2157895	2157896	1
10368260	10368264	1
7446333	7446336	2
3616671	3616674	2
8925828	8925827	1
11710867	10582521	1
3862849	3856916	2
415597	415598	1
3545906	3544623	2
10582046	10582045	1
11937270	11898085	1
11105933	11105912	3
9948001	9948002	1
12723781	12730706	1
5042114	5042189	1
8350674	8350673	3
442165	442160	1
10438845	10438846	2
2089379	2089380	2
11462687	11459138	1
10341216	10341166	1
10601353	10601354	1
5633681	5633459	1
1770273	1770276	2
9030323	9030330	2
10683026	10683025	1
6438403	6438399	1
10379970	10379973	1
11661525	11661526	1
1461175	1461170	1
7791882	7791877	2
3810136	3810135	3
3396086	3396085	1
8703278	8703277	1
1239044	1239043	2
3396086	3396083	2
10074891	10074892	1
10028417	10028420	1
7951358	7951351	1
7140681	7140663	1
7398785	7276105	1
11516875	11516876	2
5621657	5621655	1
2369701	2369702	1
6748893	6748894	1
9829822	1589473	1
1575166	1575165	5
7075723	7075724	1
7140666	7140665	1
2457807	2457808	2
7936847	7936850	1
9775938	9775937	2
4839162	4839159	1
12509653	12509654	2
10836375	10836376	3
408946	408945	2
10517240	10517239	1
11408349	11408352	1
5189945	5190230	2
1086277	1086278	1
10205988	1747170	2
756680	756677	1
11831829	11831830	3
2436065	2500259	1
8811426	10765794	1
1777646	1777645	2
1736306	1736305	1
8736399	8739896	1
1627461	1627462	1
7078911	7078921	1
4713280	4713279	3
7625977	7625980	2
954147	954148	2
6557291	6557292	1
7936849	7936850	1
1989225	1989226	1
6945697	6945698	3
10796	10795	1
7001440	7001439	1
395653	395654	1
7140666	7140663	1
7405292	7156743	1
6340016	6340015	1
5630750	5655907	2
2464122	2464121	2
1243127	1243130	1
9669658	9669907	1
1196788	1401445	1
11461652	11461655	1
619229	619230	1
7190583	7190584	1
2810546	2810787	1
4471798	4471797	1
6054348	6054347	1
3094471	3093272	1
8811426	8811425	1
8151474	8151504	1
2670476	2670475	2
5502441	5502442	2
4615107	4611463	2
10628634	10628633	1
2828715	2828716	1
794239	794240	1
7205988	7205983	1
10295596	10295595	1
12205157	12205158	3
2352292	2351889	1
1030172	1030171	2
6302391	6302394	1
10896406	10896410	1
1994758	485402	1
1278925	1278086	3
7876444	7879072	1
5263538	5263537	1
10411860	10411945	1
4122572	4122571	2
10945491	10945492	2
3693433	3693434	1
5670954	5670953	1
12511104	12511101	3
6945701	6945696	3
11044294	11044293	2
1080715	1080710	1
5092747	5092748	1
12660303	12660378	1
348623	348522	1
742266	742265	2
768588	810074	3
4365340	4365339	1
7408370	7408395	1
11535449	11535450	1
9435499	9435500	2
8729452	8729451	1
1020482	1020523	2
6603210	6601713	1
48040	48037	1
9530323	9530324	5
11105913	11105916	2
6612157	6612158	2
4957631	4957632	2
2456904	2456903	1
6289000	6288999	1
3794611	3794612	1
7113290	7113289	3
11831827	11831828	3
8084754	6178236	1
11840266	11840265	4
2066656	2066655	1
2065777	2065778	1
4144024	4132581	1
4151439	4151440	1
4609673	4609674	2
6310502	6310501	1
6160132	6160131	2
5445187	5445188	3
3868693	2896371	1
4147456	4153072	1
6711192	6711203	1
11007369	11007370	1
11531151	11531152	1
10020061	10020542	1
2327358	2327353	1
11724902	11724900	1
5352593	5421038	1
1045002	1046189	1
209110	265578	1
6822201	6822202	1
452791	452792	3
1042382	1041472	1
6302378	6302390	1
2362092	2362089	1
11390356	11390355	1
8288691	8288692	1
10978300	10978299	1
9435501	9435114	1
7688848	7688847	1
4094834	4094833	1
11769452	11769398	2
1161987	1161988	1
2259713	2259797	2
7876444	7879070	2
477979	477980	2
12278020	12278019	1
11047863	11047864	1
10808299	10808268	1
1928797	1928798	3
9252175	9252176	1
8441978	8445782	1
3592116	3592115	3
2236363	1928242	1
6612159	6612160	2
9073146	8917617	1
3669897	3669902	1
6300223	6300224	2
6060412	98236	3
9513910	10364417	2
819624	819623	2
1920325	6747356	1
9018186	9018185	1
2724771	2726357	1
4666959	4666960	1
6757571	6757552	1
452795	449364	1
8640100	8640099	2
9048403	9048404	1
11510888	11650355	1
7048121	7047888	1
12514610	12514726	1
11521680	11521640	1
3803458	3803449	1
6951038	6951037	2
4677746	4677745	1
2266618	2266602	1
7641021	7641022	1
10831638	10831637	1
5445189	5445190	2
4941673	4941663	1
10663004	10663003	1
4735211	4735214	3
958496	958492	1
6828044	6828041	1
10094261	10094268	2
12533971	12534976	2
9875629	9875553	2
7982234	7982233	1
11966404	11966403	2
2670476	2670720	1
7368543	7368711	1
4229111	4229112	1
7140681	7140667	2
11727757	11727769	1
4023189	4023190	1
2261070	2259794	3
8836247	8836248	2
10546276	10716028	1
8449649	8449650	1
2136118	2135786	1
5885722	5885721	1
10658894	10658893	1
548675	548676	1
11333922	11333931	3
4011969	4011970	2
12210876	12210875	1
7353762	7353759	1
6803438	6803437	1
3399719	3399921	1
4430917	4430920	1
2493522	2493525	1
4367341	4540494	2
11584550	11584547	1
324814	324811	1
6830154	6830153	1
5716464	5716463	1
7452192	7452186	1
3675373	3792878	1
10582520	11710866	1
3934073	3934074	1
9564196	9564195	1
4025507	4025510	1
10309586	10309585	3
9568963	9568964	1
13533	13278	1
4615105	4615106	2
4585502	4585501	2
2661590	2661599	1
10215974	10215973	2
3088490	3088497	1
8628127	8628128	1
5467768	5467767	1
6183218	6185710	1
1871166	1871173	2
9090965	9092981	1
7344634	7341946	1
4429207	4429208	1
9310493	9308716	1
1277386	1277385	3
38237	38238	1
2117427	2117428	1
783404	775747	2
4129493	4129481	1
12380603	12317449	1
10475850	1194131	1
8748309	8748310	1
10942598	4387158	1
11046924	11046923	2
2585189	2570324	2
8966311	8966312	1
1697	1698	1
10483602	10483601	1
11238959	11238960	2
9424240	9424224	1
4713278	4713275	2
6012350	6010555	4
99422	99419	1
3055378	3049985	1
7452187	7452188	1
5564688	5564687	1
10125870	10125867	1
9868295	9868296	1
5643083	5643375	1
7513327	7513328	1
6177104	6177103	1
10606318	10607268	3
12458366	12458365	1
3121507	3121508	2
6947224	6947223	1
1923185	1923186	1
11616891	11616892	1
1902283	1902284	1
2103718	2103717	1
7103104	7103101	1
11382475	11382476	1
7860428	7860679	1
9352713	9352714	2
3498759	3498760	1
109490	109489	1
9107137	9107409	1
7569524	7569523	1
10926927	10926928	2
5122574	5122573	1
11601811	11601771	1
8449645	8449646	1
2292241	2288695	1
711073	711074	1
1718404	1718519	1
1198597	1198598	3
5823875	5823876	1
4294966	4288024	1
11859519	11859520	1
6948022	6948021	2
8413714	8413713	1
452797	449364	2
10582044	10583634	1
9663348	9663362	2
11058531	11065109	3
9426949	9426950	1
8210537	8210538	1
819622	819621	1
7178573	7178574	1
6102919	6102920	1
7003485	11771275	2
1286070	1286069	1
4154146	4392077	2
8725345	8725346	1
1999453	1999456	1
10658896	10658895	1
2570325	2570326	2
9438042	9438041	3
8928435	8928436	1
6803436	6803435	1
1390680	1390679	1
946336	946331	1
7788784	7788782	1
6817047	6817050	1
11292693	11292696	2
3128397	3128398	1
2743009	2731051	1
6111867	6111868	2
2316897	2316900	1
2425981	2425982	2
4848667	4848668	1
6308500	6310503	2
6585328	10517017	1
1067007	1067008	2
9702543	9702544	1
1054581	1054584	1
11200573	11200574	2
1779244	1779241	1
3792354	3792353	1
10356755	10356756	1
7446475	7446478	2
10833464	10828908	1
11319613	11318073	1
10259339	10259342	1
7178590	7178589	1
3324848	3324847	1
1755002	1754999	1
3327240	3327239	2
12514616	12514611	1
2147903	2147904	1
1214331	1214334	2
10871206	10871205	1
1627459	1589473	1
11799581	11799584	1
7106717	7106718	1
8914443	8914448	4
9741436	9741464	1
9352494	9352488	1
4133418	4133417	3
8074577	8074568	1
1192234	1192231	1
2259795	2259796	4
10512761	10512762	1
3868691	3868692	3
8592789	8592790	2
1239042	1239058	2
6198307	6198308	1
12177666	12177586	1
2353097	2353098	2
6300225	6300226	1
1627459	1627460	4
2051215	2051220	1
10052474	10053369	1
8439566	8439565	1
1758827	1758828	1
2496258	2496255	1
3637250	3637249	1
2993646	2993645	2
893162	3935707	2
3783761	3783764	1
12575231	12575234	1
1917984	1917982	1
794593	794594	1
7336335	7336348	1
11661527	4389652	1
9513910	10364415	1
4269252	4227504	2
10431474	10431473	2
6781471	6781472	1
10679396	10679395	1
12737370	12737373	1
5289221	5289222	3
9888376	9888375	3
4006025	3997503	1
2308064	2308063	1
7941654	7941658	1
9648278	9648275	1
7664552	5839594	1
8846403	8846404	1
10147635	10147636	1
3229895	3229896	1
11531153	11531154	1
3779642	3779641	2
5835841	5835856	2
5427752	5427751	1
67578	68803	1
11831827	11831830	1
5630759	5630751	2
12467638	12467637	1
10011607	10011604	2
3998434	3998433	1
3942852	3942851	1
1627465	1627466	1
596928	596871	1
11925722	11877053	1
1042433	1042434	1
394579	392955	1
442165	442162	1
10743039	10743042	1
11701416	11702276	2
7879071	7879072	2
4229109	4229110	1
7665145	7665147	1
6940598	6940597	2
11165412	11152285	2
3909275	3909276	1
2261070	2259796	1
8188744	8188738	1
8811422	8811425	1
12014371	12014372	1
11741250	11774718	1
6975120	6974227	1
9377560	9377559	1
1579353	1579354	1
11248861	11248862	3
4092245	4092247	1
5623583	5623588	1
2582150	2582147	1
965556	967502	1
9995234	9995233	1
107105	701237	1
7975933	7975934	2
3793544	3781121	3
452793	452796	1
7875955	7875960	1
3804686	3803867	1
3831008	3831007	1
4021523	4021524	1
11332641	11332642	1
11654603	11654604	1
11480686	11480685	1
8449651	8449652	1
3793574	3557068	1
2123422	2123421	1
11054724	11054723	1
1358773	1455092	1
891992	891991	1
1030170	1018532	1
10453132	10453131	2
5502437	5502442	1
3396088	3396087	4
9012477	9012459	1
6603212	6603211	1
470743	470744	2
8185302	8185297	2
2367799	2474950	1
7927442	7927413	1
946336	946333	1
6082432	6082431	1
960818	960800	2
7770242	7770245	1
1013038	1013037	1
7072436	7072435	2
12575231	12575232	1
5893972	5893971	2
2931219	2931463	1
210587	210588	2
8761173	8761176	2
10751015	10751016	1
8558509	8562877	1
795252	795246	2
1900458	1902278	2
191000	190999	2
12018320	12018317	1
2314656	2314655	2
9070923	9070924	1
11051467	11051468	1
10590245	10590248	1
7549740	7549737	2
12403004	12412302	1
9739531	9739532	1
945753	954934	2
7063743	7063744	2
10873936	12125822	3
958498	958497	2
11058531	11065111	1
1395034	1395021	1
408944	408943	1
5019099	5019096	2
9530331	9530322	5
9062917	9063556	1
6513903	6513904	1
8565487	8565488	1
5445695	5445700	1
4064893	4064894	2
8778641	8778670	1
11508303	11507668	2
7569522	7569521	1
1627461	9829823	1
12205161	12205164	2
12779090	12779074	1
5047365	5047335	1
9392264	9392263	2
4333396	4333395	1
4957631	4957634	1
1405590	1336883	3
11333930	11333925	1
8606639	8606640	1
9126678	9126820	4
2327354	2327353	1
4065429	4065430	2
5891249	5891250	1
354790	354787	1
3929525	3929026	1
11510888	11650357	1
7428810	7428809	1
3306078	3306077	2
7446497	7703665	1
5715276	5715279	2
11616891	11616894	1
9966491	9966492	1
1009961	1009987	2
10854790	10854789	1
10101968	10101988	1
1311536	1311535	2
10931582	10931581	1
8925830	8925829	1
2210479	2210480	1
6461783	6461784	1
2089379	2089384	1
7408342	7408341	1
12294028	12298511	1
11926582	11926579	1
8925830	8925827	1
1196788	1401447	1
252891	252892	1
958498	958492	2
10148627	10148628	2
2366923	2366928	1
9050489	9048208	1
9339406	9339370	1
10318116	10318458	1
1121810	1121419	2
10379974	10379971	1
9058020	9057805	1
48827	48828	1
9162271	9162266	1
12727254	12728016	2
806752	806749	1
1341589	1341591	1
4940581	4940582	1
5924038	5924037	3
3717360	3717359	1
638806	638805	1
9286347	9286348	1
6194454	6194453	2
1613946	1614035	1
10431474	10431471	1
3705308	3705327	1
7368710	7368709	1
11080850	11080853	1
7419015	7419018	1
8488986	8488985	1
12437482	12437481	1
3827951	8616659	1
1219237	4023647	1
210587	210590	2
4619112	4619111	2
9090961	9090962	1
11660990	11661524	1
9868293	9868294	1
4012983	4012984	1
11565919	11565920	6
1341587	1341588	1
5418011	5418012	1
360461	360462	5
3623278	3623275	1
7311674	7311673	2
1036432	1036431	4
12666521	12666522	2
1928795	1928796	4
8244576	8245269	1
6577066	6577063	2
7116443	7116548	2
8954555	8958966	1
3306080	3306079	1
12509655	12509662	1
3792879	3792880	1
11330565	6039113	1
9055859	9055860	1
1447299	1447304	1
937858	945748	1
1025669	1026158	1
1408029	1408021	2
11148317	11148318	1
8875337	8675880	3
753666	753665	1
8640102	8640101	1
5502458	5502455	1
5797422	5797421	1
1627463	1589473	1
2063354	2063323	1
11051802	11051801	2
8376777	8376227	1
3815276	5832552	1
6196335	1230398	1
5858289	5858290	1
12421120	12421119	3
3207803	3207453	1
8765813	8763576	2
12327124	12327123	1
5243714	5241972	1
7113292	7113291	4
3631333	3631336	1
11799581	11799582	1
56401	56402	1
1228524	1228523	2
4581929	4360916	1
442264	442263	1
5096838	1546613	1
4869278	4869027	1
3483911	3483912	1
7593411	7593412	1
3424946	3424958	2
1901459	1901460	1
11929361	12760133	3
12572567	12572570	1
11248863	11248864	2
7359997	7359998	2
1286068	1286067	2
1297364	1297367	5
211365	189419	1
918378	918377	1
1203686	1202735	2
5243716	5243715	1
11130218	11130639	2
4440214	4440213	1
289568	289567	1
1003984	1003981	1
8185302	8185299	2
3934635	3934741	1
3309897	3309898	1
991584	991580	1
10931584	10931583	1
8346162	7425015	1
2493524	2493523	1
3550084	3550171	2
1529882	1528041	2
11799583	11799584	1
9382885	9382886	1
2555383	2555396	1
306964	307002	1
4515412	4791432	1
7078909	7078910	2
11390354	11390353	1
9354682	9354677	1
284858	284860	1
5919044	5919043	1
8875337	8675882	1
12493299	12493344	1
2179860	2179780	1
764318	764317	1
10475852	10475851	3
8349148	8350098	2
2847212	2847209	1
7800971	7800974	1
9780451	9780449	1
6073245	6073246	1
7740205	7740206	1
8423053	8423054	2
1401444	1398539	1
6577064	6375704	1
7875534	7875533	1
6203941	6203942	3
3616669	3616674	1
4419023	4419024	1
12465245	12465246	1
6577066	6577065	4
3128377	3128378	1
4684983	4684984	1
891235	891236	2
6012352	6012351	3
1119684	1119676	2
8287499	8287500	1
775746	775743	1
7780574	11866312	1
8472712	8472709	1
3588531	3588532	3
2638086	2638085	1
2969828	2969830	1
4409106	4409105	2
9497837	9497838	3
3934071	3934074	1
5692423	5692426	1
7665150	7665147	1
1779242	1779241	1
4796331	4796332	1
1923183	1923184	1
12324311	12324312	1
4078321	4078322	1
8769000	8768999	2
7847053	7847054	1
5018249	5018250	1
7185976	7185901	1
452795	452796	1
1645225	1645228	1
9262884	9262883	1
12540963	12540968	1
11980654	11980653	1
4648434	4648432	2
11614354	11614353	1
4924769	4924770	3
3980419	3980420	2
5513942	5049692	1
5425358	5352104	1
1239059	1239060	3
7187068	7187067	1
9249851	9249852	2
3666392	3666390	1
1022447	1030458	1
1987316	1987313	1
9052764	9052763	1
9091590	9091589	1
9767679	9767680	2
109492	109491	1
12477685	12477665	1
5467540	6751742	2
11503111	11503112	2
5502437	5502440	1
6381237	6381238	1
9888378	9888375	1
1661094	1661093	1
954145	954146	2
8469258	8469257	1
7444207	7444105	1
12460813	12460814	1
4021847	4021752	3
764316	764315	2
1563759	1561034	1
8451987	8451988	2
1900458	1902284	1
8451985	8451986	2
8243895	8231389	1
9578297	9583706	1
960801	960802	2
8376775	8376776	1
4122714	4122713	1
764323	427612	1
10616967	10616968	1
5479230	5479220	1
7388061	7388062	2
7989307	7989365	1
5629446	5629445	1
12289609	12290069	4
4470870	4470869	1
10519524	10519262	1
12467640	12467637	2
1295704	1295701	2
10368265	10368266	1
742268	742267	1
391003	387295	1
4515414	4515413	1
2700804	2700912	2
10475850	10475855	2
10054851	10054852	2
6491716	6491715	1
9527572	9527580	1
5304494	5317583	2
6669285	6669286	1
3965871	3929372	1
3909239	3909274	5
5051776	5051773	2
7797874	7797873	1
1166742	1166741	1
6002416	6002415	1
7583204	7583203	1
6951040	6951039	2
2102924	2102923	1
8464454	8464453	1
10664483	10664484	5
387294	387291	1
158481	158482	1
1627457	1627458	1
11058531	11065113	1
1900460	1900459	3
8885048	8885047	1
9654839	9654861	1
1758829	1758830	1
10101310	10101307	1
9743852	9743851	2
12533973	12534976	1
11616893	11616894	1
991581	991582	1
293103	99423	1
4400338	4400337	1
9174681	9174670	4
12132566	12120259	1
4441545	4441561	1
4433776	4435698	4
11408351	11408352	2
5894797	5894798	1
9511164	9511163	1
4659057	4659058	2
10641144	10622089	1
7205986	7205983	1
5621273	5621274	3
2012878	12045878	1
1401444	1398537	2
442161	442162	1
597804	597803	1
1928795	1928798	1
7205982	7205992	2
4556371	4556332	1
12620147	12620148	1
10537730	10537733	2
5715060	5715059	1
12380091	12380094	1
5935821	5935822	1
12186327	12186328	1
1351962	1353192	1
5595602	5595601	1
10751013	10751014	1
1575642	1575641	2
1018560	1018559	1
946338	946337	2
8316583	8316483	1
5249685	5249686	1
10054853	10054854	2
2063354	2063325	1
5715056	5715055	1
11831831	11831832	1
2724320	2724319	1
11286188	11286187	3
3857058	3857057	2
2636905	2636968	2
8558509	8562875	2
1589432	1589431	1
6223061	6223062	1
3601745	3601746	1
5531429	5531430	1
12018320	12018319	2
2897063	2897064	2
7140681	7140665	1
11472312	11472311	1
7569477	7569482	4
1277384	1277383	2
2966826	2969005	1
1204532	1204531	1
9898862	9898859	1
5810596	5808674	4
823651	823654	1
12479007	12479008	2
2362578	2362577	1
2582146	2582149	1
668231	668232	1
8185298	8185295	1
7331044	7331043	1
8846401	8846402	1
1779244	1779243	1
12246935	12246936	1
10537732	10537731	2
10196537	10196538	3
5088977	5088532	3
11367964	11368001	1
4137707	4137708	2
10765795	8811425	1
11826417	11826418	1
823142	508188	1
11372959	11372960	2
1627461	1589473	1
284858	284864	1
5459507	5459508	1
8729450	8729449	1
3970190	3970189	1
2446163	2446153	1
9107137	9107138	2
4092245	4092249	1
1119685	1121781	1
1615223	1615224	2
8086174	8085951	1
2979305	2974988	1
210589	210590	2
1704945	1704946	1
5092745	5092746	1
12525707	12526834	3
7607371	7607372	1
9875552	2513212	1
7648007	7648008	1
9104372	9104371	2
6194544	6194543	2
11065112	11065109	1
9503825	9503826	1
12681118	12680851	1
12744214	12744195	1
8464454	8351498	1
1976500	1976499	1
12346686	12346685	2
293377	293378	1
4181665	4180730	1
630941	630938	1
10522643	10522938	1
12451796	12449884	2
8559023	8559024	1
8675881	8675882	2
11333926	11333925	1
7444540	7072089	1
3934071	3934072	2
6666596	6666595	1
917727	918379	1
7902921	7872917	1
11612355	11584551	1
9081045	9081052	2
11066331	11066332	1
6836147	6836148	1
452793	452794	2
5922519	5922522	1
4957633	4957634	1
10125866	10126418	1
6577062	6375704	3
6203945	6203946	1
610469	610470	1
1498301	1498281	1
1500818	1500813	1
1994758	1994757	1
6163020	6163019	1
3998804	3998803	1
2589712	2589711	1
7057171	7305775	2
9193143	9193144	1
3229897	3229898	1
6134471	6134472	1
12139456	12139202	1
7831807	7831808	5
12480695	12524024	1
5904972	5904978	1
3489811	3489808	2
12514616	12514726	1
10787714	10787682	1
10480473	10479278	1
4855059	4855060	2
1228524	1228521	1
11617171	9740982	1
8413921	8367816	1
5904511	5909420	1
7770244	7770243	1
6093405	6093406	1
8279409	8279410	1
7359995	7359996	2
8464454	8351494	1
1928799	1928800	4
11334585	11334580	1
1846750	1846749	1
10658896	10658893	2
3823066	3823065	1
7205988	7205987	2
9361277	9361278	2
11792656	11792663	1
564882	564903	1
7184456	7184449	1
8232937	8232938	2
9358209	9358210	2
5630759	5655907	1
3311753	3311754	1
638804	638807	1
4517260	4517259	3
7319290	7319289	1
11365311	11365312	1
2743005	2743008	1
10518801	10518802	1
2589739	2589713	1
6570143	6570060	3
8562876	8562875	2
1004264	1004263	3
1401892	1401891	3
280364	280363	1
3584749	3584756	1
3254077	3254078	1
11446071	11446151	1
8456438	8448930	1
12634411	12634412	1
5445185	5445186	2
6803434	6803439	1
4023071	4023072	1
1408020	1408019	1
2051221	2051222	1
11831831	11831834	3
5341616	5341638	1
2589739	2589711	1
8725343	8725344	1
7701231	7701290	1
494494	494491	1
5051772	5051771	2
6753562	6753561	2
7353986	7353763	2
2988918	2988913	1
3800110	3803598	1
2939462	2951579	1
9049221	9049222	1
5051770	5051769	4
8859547	8859548	1
1004262	1004447	2
4123398	7376918	1
3857071	3857072	1
2519553	2519554	1
8859549	8859550	1
3616669	3616670	2
1796122	1755003	1
4367341	4367342	1
1315450	1315656	1
1114290	1114287	3
5047471	5047474	1
4144026	4132581	1
6829603	6829604	1
4093978	4093977	1
2063324	2063323	1
3465139	3465507	1
8763695	8763609	5
3128395	3128396	1
9352085	9352212	1
11598626	11598625	2
2412546	2412543	1
12573814	12573813	1
12277192	12277191	2
4528844	4528843	4
9984685	9984686	2
4904145	4901109	1
683946	683945	1
5355318	5355317	2
2508664	2508663	2
1671397	1671398	1
4520259	12431020	1
11066329	11066330	1
3793574	3557070	1
11382477	11382478	1
12719885	12719886	1
2924703	2924704	1
9789737	9789738	2
1902279	1902284	1
6340018	6340017	1
1920339	1920324	2
3590111	3590132	2
5047473	5047474	1
2396541	2396542	1
7427335	7427320	4
12018318	12018317	2
7156742	7156741	2
9139271	9139272	1
9911526	9911525	1
12257749	12257733	2
11112872	11112871	1
11397284	11397283	2
11412252	11412251	2
7390832	7390831	3
7140664	7140663	2
7310702	7310701	1
10184305	10184371	3
8966313	8966314	1
12205159	12205160	3
4137709	4137710	1
10087302	10087659	1
166830	166829	2
5461909	5462412	1
9538035	9538036	1
7505547	7505326	1
5092745	5092748	1
8870166	8869688	1
4826926	4826925	2
6130124	6130123	2
803682	794268	2
1228522	1228521	1
6691452	6691451	2
1883663	1883664	1
7368541	7368542	1
1914247	1914248	1
5715058	5715057	1
1142385	1142386	1
1579244	1579255	1
5432765	5432768	1
8503174	8503173	1
7945423	7943209	1
1863628	1863627	1
11130220	11130639	1
2088963	2088958	1
11397282	11397281	1
1758823	1758826	1
12649305	12649306	1
5051776	5051771	2
8482003	8482004	1
5194006	5194009	1
6445145	6430275	1
3730892	3730891	1
844814	844813	1
5131952	5131943	2
11202291	11202292	1
8872211	5801870	1
6221044	6218792	1
11653156	11653155	1
303227	303232	1
6871428	6870163	3
10431472	10431471	3
10391794	10391793	1
808544	848643	1
9365304	9364582	1
3408775	3408776	1
1353193	1353194	1
5418310	5418309	1
7367500	7367499	1
284865	284866	1
9239003	9239004	1
7943132	7943733	2
1538030	1538025	2
3698524	3698523	1
7934449	11672959	2
7125391	7125392	1
12768894	12766930	1
6693453	6693448	1
12370283	12370284	1
3543179	3543180	1
166828	166855	1
10323713	5896815	1
5484445	5442952	1
1024728	1024725	1
12479009	12479010	2
492594	492593	1
11150627	11150634	1
2314658	2314657	3
5432765	5432978	1
6834245	6834246	2
5809009	5809010	1
6976044	6973862	1
3126000	3127408	1
6570141	6570142	3
10114474	10114491	2
3012806	6336172	1
568549	568494	2
9686191	9124512	1
8559612	8559609	2
6457021	6457022	1
6948020	6948019	2
6980779	6980184	1
7861704	7861703	1
10831049	10831050	2
1615225	1617404	2
9049018	9049017	1
1928797	1928800	1
1236867	1236868	1
6826277	6822200	1
4006025	3997501	1
5884539	5884540	1
5965744	5965743	2
3396084	3396083	1
10364416	10364415	1
819626	819625	2
5092743	5092744	3
4021845	4021846	3
10088083	10088084	1
2741459	2741460	1
7801746	11625386	1
3632783	3633098	1
11400943	11400897	1
6418383	6418384	1
4343736	4343735	1
10931580	10931579	1
2898886	2898885	1
395649	395652	2
6577064	6577063	3
3828383	3812735	1
3619909	3619906	1
7353990	7353987	2
1893886	1893885	2
801698	801697	1
9090963	9090964	1
5808675	5808676	5
