fend1	fend2	count
6405656	8996721	1
7939118	7939067	1
10421841	10423872	1
4296016	4297797	3
6961077	6959289	1
1107830	6313791	1
8834106	8634416	1
7376167	7376209	1
11537045	11537048	1
9066294	5530445	1
10649542	10649541	1
12773158	12790357	1
12677373	12675562	1
6361141	6361142	2
802959	802960	1
10483542	8776800	1
5118969	5119549	4
11419714	11637164	1
12289235	12289198	1
12771300	12774101	1
10473940	10473922	1
5316577	5316585	1
2933566	2933565	1
2388216	2388197	2
12053170	12053167	1
5438308	5438342	2
8605359	8605314	1
2215758	2212712	1
1487911	12780368	1
988402	5563914	1
1781699	1781914	1
9769268	9765854	1
2700791	2700792	1
3988540	5428286	1
9144091	9015885	1
10448552	10449211	1
1779386	11451769	2
956535	955491	1
4309527	4277579	1
9481891	9481963	1
11097940	11080593	1
9996152	4727020	1
8326668	8326667	1
8527139	8527140	1
6167376	6167957	1
5900197	5901188	1
8005272	8005271	1
10036948	10036947	1
12310874	12427665	1
7142617	7142618	1
9235619	9235633	1
2312249	2312250	1
5569419	5573797	1
7489436	7489435	1
2112182	2112181	1
2581477	2581529	1
10083869	10083870	1
1391198	1391376	4
189855	666676	1
6665225	6665226	1
11145266	11162653	1
1701476	1693290	2
1073729	1069272	2
2526133	2526206	1
3519887	3519888	1
11791731	11791732	1
9040539	9084305	1
5441981	5441982	1
8787648	8787654	1
4616751	4616754	1
2791963	484018	1
754979	766418	1
8473793	8473794	1
12754288	12754287	1
12331306	12332250	1
3005896	3005895	2
6381951	6381952	2
418542	418537	1
10061313	12023566	1
9277370	9277369	1
3855460	3855459	1
2933564	2933561	1
11550998	11550995	1
7271071	7271068	1
1339753	1550819	1
9569533	9316680	1
2817806	2817783	4
11202389	11202390	1
9707000	9511388	1
12224585	7964502	1
3198804	3198803	1
747322	749565	1
10268974	10268972	1
535863	536117	2
7187433	7187431	1
6170441	6170442	1
11558746	11558798	1
9181221	9181222	1
2471392	2203320	1
5601582	8801041	1
11728423	11728447	1
4316401	4309335	1
8892700	4701895	1
1273163	1276423	1
579744	378996	1
4279141	4279142	1
6440575	6440576	2
7356961	7356965	1
11319436	11319435	1
11710326	11707456	2
9769270	9769269	2
10563351	10563002	1
747496	747495	1
11124786	7541725	2
1500879	1500880	1
10620776	10628018	1
3529380	3972890	1
11293063	11293064	1
12642023	12753001	1
11443847	11432253	1
6255944	6254729	1
6069600	6098676	1
9294078	9294061	2
3431153	3431154	1
671719	671720	1
9436459	9436460	1
11519206	133590	1
9017797	9017798	1
6635331	6635332	2
11082796	11082924	1
4664420	4664419	1
1768711	1768712	2
7036640	7410482	1
4590527	4306532	1
10363083	10358603	1
10358554	10358553	1
10953910	10952689	1
11443286	11440880	1
2621498	2604944	2
1373954	1373949	1
6959163	6959317	1
11459547	11459875	2
1194521	1194581	1
11058373	11074828	1
787594	598073	1
11987463	12230215	1
10170291	10166456	1
1644585	1647244	1
8418627	8418628	1
1615297	1615300	1
1077187	11966976	1
8999819	8999820	1
8708302	8712970	1
7093507	7093524	1
10559076	10442182	1
11072918	11072908	1
9555983	9498575	1
6280916	6280915	1
2868826	2798165	1
12035785	12037306	1
5871732	5871731	1
363124	372591	1
2141371	2141707	1
5043921	5041726	1
1449507	1505890	1
9316689	9316648	1
7345564	7176175	1
12681293	12681326	1
6498944	6498943	1
12562238	12562267	1
6522029	6522030	1
9977273	2998116	1
11687990	11687989	1
4176514	4176501	2
6998603	6998606	1
8434546	3148184	1
5108377	5052126	1
4602604	4602632	1
869943	905888	1
1297501	1297512	2
11647134	11623366	1
7203442	7203456	1
7886967	7960191	1
4311385	4347665	1
4784174	4784171	1
8734734	8734758	1
2887285	2887286	1
1646704	1631019	1
4641120	4627937	1
4323311	10930304	1
750634	750663	1
12053166	12052525	1
446327	286766	1
1855069	1845159	1
4381240	4381120	1
2531797	2531800	1
7516364	7516349	1
9584150	9584149	1
9993088	9993120	1
8369827	6174974	1
11999277	11999253	1
3442927	3442551	2
6998631	7412806	1
12465881	12465100	1
8252358	8254198	1
10487578	6722310	1
9893626	9893574	1
10331958	10342922	1
10500032	10499611	1
1249231	1552170	1
11202387	11202388	1
2519451	2519452	1
5714820	5714819	1
10687019	6909584	1
6627834	6679488	1
2976237	2975839	1
10907248	10907247	1
8950973	8950971	2
1504499	1499860	1
5499654	5497081	1
10807665	10796887	1
5824011	5825465	1
12251818	12251745	1
2188583	2187734	1
6434918	6435347	1
10125415	10125262	1
6983425	6983381	1
3098904	3098903	2
1801652	1801765	1
7195987	7195997	1
7706656	7706532	2
2215760	2215759	1
4234090	4234096	1
5222353	5222354	2
1236951	1303417	1
2451280	2451282	1
1476476	1248768	1
8822410	8821675	1
7727020	7727033	1
6374676	6374692	1
419347	419567	1
4602633	4602634	1
8518143	8518144	1
10362988	10362987	1
1781697	1781698	1
10944663	10944664	1
9239900	9238944	1
1415373	1322200	2
5543931	5547883	1
12024924	12023958	1
5714822	5714819	1
1934940	1930587	1
4538449	4538270	1
3515866	4120493	1
12367272	12374933	1
4481650	4511799	3
8651001	8650939	1
8238770	8239140	1
3956354	3951778	1
289894	289888	1
9185545	9184953	1
5527194	5527197	1
4715518	4715473	1
6998607	6998608	1
4701896	4701895	1
8841418	8841417	1
2551202	7255905	1
1028431	1306020	3
639172	639171	1
12280485	12280486	1
12237710	12186537	1
11363083	11363069	1
10062826	10123764	1
827627	834360	2
10403748	10403746	1
6608756	6608755	1
11519455	11522705	1
12617340	12595212	2
6635329	6635330	1
6640034	6640037	1
8439622	8040634	1
1475614	1475630	1
9650687	9650688	1
11711085	11710095	2
1683576	1685809	1
11148973	11133400	1
3466870	3477344	1
7380784	7407339	2
10190085	10190588	1
11145299	11144887	2
4723909	4723910	2
281063	941399	1
11341037	11341081	3
4597776	4597775	1
12558992	12559485	2
2298310	2298292	1
10119451	10116887	1
12267571	12268774	2
1476476	1476475	2
9499236	9499235	1
2464470	2464521	1
10104580	10104579	1
7945201	7706657	2
6331492	6329022	1
10436306	10436260	1
5773617	5773618	1
6345695	6345311	1
10050911	10050935	1
9820881	9821204	1
7294087	7294088	1
9389083	9389084	1
10040799	10040800	1
8972848	8972847	1
7383479	7383509	1
11095237	11101555	1
2343629	2734499	1
4714312	4715648	1
3196151	3143262	1
3260809	3260810	1
11080592	11080587	1
11651332	11480169	1
734441	734442	2
5312351	5312445	1
6468542	6470238	1
7655440	7655439	1
2131788	2185885	1
6170443	6170455	2
8975476	4298221	1
9010904	9010901	1
1843756	1846506	1
7093523	7093524	1
4279139	4279140	1
99703	99704	1
1801764	1801574	1
883983	883853	1
3374025	3385449	3
6378435	6571930	1
5714822	5714821	1
6524161	6524180	1
1729104	1728419	1
6381953	6381927	2
9775390	9775963	1
3504988	3360550	2
4157518	4157512	1
2831489	2831247	1
10942592	10913773	1
6431186	6431185	2
6375290	6488979	1
10283432	10283429	1
5671062	5671145	1
3700114	3707341	1
7896228	7896521	1
3475042	3474340	2
12531989	12541080	2
12277977	2863531	2
244430	244428	1
12386164	12386182	2
879707	879714	1
8547539	8547490	2
5217748	5222352	3
9593704	9555736	1
572029	564728	2
3698877	3698861	1
12615033	12611845	1
1044838	8445502	1
1656225	1656226	2
2266149	2266152	1
7542834	7542800	1
5449730	5449727	1
7283923	7283928	1
10383640	10384591	1
10458418	11771343	1
10716116	10718303	1
8516437	8516438	2
12809564	12778973	1
12725360	12725359	1
12636086	12636101	1
4955183	4959113	1
418544	418543	1
7718796	7718793	1
5313197	5313198	1
7900681	7900682	1
397895	397896	1
4235685	4317756	1
307977	307978	1
4350468	4369971	2
9296796	72147	1
3588578	3588591	1
8999388	8999387	1
1612699	1377967	2
2742360	2742359	1
1820684	12449274	1
886140	890514	1
535861	535862	3
11647648	11647647	2
9350678	9350677	1
4804573	4799377	1
7227211	7227213	1
4445126	4445129	1
7030704	7030694	1
1157211	1157192	1
6059979	6058840	1
5162743	5162744	1
2275040	2275043	1
5564551	5564537	1
5820707	5675384	1
3953144	10017536	1
11091316	11052840	2
997528	997525	1
7350520	7350519	2
6584125	6608755	1
4035380	9898578	2
5331698	5324321	1
5096797	5096798	1
6381414	6381432	1
7964503	12224586	1
8417890	8416843	1
1134622	1134682	1
11647650	11647649	2
564727	564728	1
4248037	4248038	1
10714093	10621318	1
8095465	8095489	1
2549454	2549408	1
2107779	2107780	1
7295010	7293941	1
1532258	1531776	1
7206650	7205840	1
7400879	7400883	1
2863530	2863529	1
2073477	2073578	1
10688505	10688506	1
3298151	3298173	1
7345566	7345565	1
2357813	2338986	1
8554884	8554176	1
10327837	10727265	1
2059792	2059791	1
5486000	5485986	1
4304242	4176283	1
2662916	2662969	1
7455022	7455021	1
12386140	12385449	1
3486596	3486578	1
12310892	12310891	1
7888548	6618504	2
4757823	4757824	1
3357310	9788856	1
426010	17627	1
7699034	7699075	1
4941556	3328735	1
7652899	7805148	1
6522038	6522028	1
29133	24439	1
11402265	11402266	2
12238900	12238899	1
3043401	2898772	1
11792790	11792787	2
12495696	2866685	1
1448679	1540802	1
7960281	7960282	1
6497865	6542118	1
2225467	2228735	1
5217748	5222354	1
8590179	8474376	1
11094825	11078838	1
6432123	6492947	1
11487949	11489707	4
1275202	1275201	2
12615300	12232706	2
1571460	11372646	1
9266126	9269303	1
6516998	6516994	1
1468627	1468647	1
11267207	1390754	1
350276	350658	1
1097004	1097003	1
8722860	3855461	1
8756150	8756154	1
6577269	6360292	1
11360690	11360689	2
722231	722186	1
5237167	10734627	1
11753231	11747068	1
4483963	4491431	1
1804633	1804616	1
9574598	9574688	1
1559055	1559064	1
7043762	7047163	1
6928850	6928849	2
589207	734442	1
1447408	1447446	1
9164929	3323581	1
11153019	11151765	1
4299068	4299067	1
158982	377652	1
2543438	2543437	1
12730893	12730454	1
2101769	2101291	1
3307305	3310060	1
4738835	4738838	1
7034170	7034169	1
248653	225375	2
4818377	4818388	1
7412784	7412809	1
4566401	4566666	1
9466555	9466556	1
11144886	11144885	1
9014501	9028872	1
374165	2496643	1
7906602	7898936	1
11513807	11513287	1
179009	178932	1
621641	621655	1
6322703	6322704	1
12660104	12659193	2
4577816	4584151	1
4428479	4428480	1
827625	827626	2
12746659	12520714	1
1907153	1885588	1
6297001	6297002	1
3164777	3164766	1
9348987	9350679	1
7171949	7161821	1
7555963	7555964	1
6507145	6507146	1
2362702	2365530	1
11423865	11423836	1
8995495	9001085	1
7940005	9098672	1
4598213	4597901	1
9597137	9597138	1
4829031	4829281	1
3198802	3382973	3
8764181	10481090	1
3940222	3940267	1
12660112	12660105	1
11669521	10375028	1
12771302	12771301	1
5891708	5885065	1
1408725	1400007	2
346413	346436	1
6951980	6951977	1
10647249	10642518	1
3351636	8986919	1
11687988	11687985	1
647077	647078	2
1988679	1987886	2
11792328	11792787	1
5157995	4984755	2
9308152	9307691	1
5449732	5449731	1
4829299	4467752	1
11792328	11792325	5
616621	611446	1
94850	95479	1
7648765	7648753	1
4799376	4799375	1
11064126	11064129	2
10296260	9926373	1
6135287	6117189	1
6169807	6169808	1
12756988	12686395	1
1964836	1984917	1
6086423	5976118	1
4414494	4414493	1
3368814	3366848	1
2197476	2197497	1
12458024	12458075	1
7822089	7822131	1
10060559	10060560	1
8468815	8463845	2
7055809	7055795	1
10172799	10173545	1
12052471	12052472	1
12204499	12204500	1
11707457	11707458	2
2989558	2980463	1
1966715	1966716	1
9169780	9169388	1
10083872	10083868	1
12453657	12451490	1
7387774	7129137	2
11489706	11487959	2
2537032	2611553	1
11932787	11929691	1
3663461	3663462	1
10889594	10889593	1
9318870	9318858	1
1297501	1297502	1
501829	500936	1
7858879	7844933	1
10726882	10723581	1
2878136	2878135	1
11792324	11792787	3
1791221	1785715	1
12805650	12805649	1
5162745	5162746	1
12508939	12431780	1
12556703	1442983	1
664970	664986	1
11923314	11936178	1
10171670	10169191	1
5773619	6598404	1
11729054	11676464	1
11852405	11852406	3
7242958	7242957	1
1243635	1243636	1
3753065	3955119	1
3499967	3499932	1
4271016	4271015	1
11513547	11513550	1
6297003	6297004	1
5953856	5871733	1
12642021	12642022	1
2833333	2833316	1
7516388	7516342	1
2106336	2461632	1
7578341	7578330	1
10734626	10734625	1
6978116	7387843	1
9516567	9515895	1
11322820	11322048	1
5240324	5212007	1
295785	295786	1
1934947	1934948	1
12224585	12224586	1
3940223	3939865	3
5179779	10165176	1
5925932	5647160	1
11367918	11365574	1
11175048	11175047	1
11083502	11083594	1
1712607	1712608	1
6322687	6322704	1
11334249	11348891	1
989361	989362	1
6403151	6328954	1
9334021	9333891	1
1305006	1332484	4
4673186	4670764	1
639170	639173	1
10806726	10806707	1
2107781	2107782	1
8963728	8958023	1
12399881	12299985	1
12645742	12652220	1
3130829	5564382	2
4785123	4785124	1
12236148	12248228	2
1992121	1997523	1
161190	161185	1
12250900	12618541	1
4445123	4445124	1
7242956	7242991	1
1773704	422051	1
985837	12334625	1
1476474	1248768	2
4286141	4286142	1
9273847	9277371	2
3461684	3568662	1
9361610	6448941	1
12767934	12771313	2
8661392	8661552	1
7351357	7351358	1
12495696	12495695	1
7326028	7251426	1
9181642	3163574	1
2506952	2506951	2
1372807	1369129	1
4453247	4453267	1
2621500	2621499	2
2887287	2887263	1
9436457	9436460	1
5993443	6173746	1
6297005	6297255	1
5549126	5534325	1
12676638	12782729	2
6584125	6608757	2
910245	910246	1
3292174	3292198	1
4585261	4585262	1
827625	834360	1
5977902	5979156	1
11814525	11814514	1
12327421	12327350	1
879715	784937	1
6625105	6625106	1
7433051	7433171	1
11166844	11020085	1
8764097	8764098	2
7648755	7648733	1
9910627	9910526	1
1862800	1862797	1
4994028	4993799	1
11925206	11925205	3
755940	771323	1
3801013	3801933	1
9916986	9916698	1
5738166	5738187	1
10292129	10292108	1
9906702	9876299	1
1803717	1802656	1
5217750	5217749	3
9731530	9731997	1
7169014	6279377	1
2837285	2837286	1
4159450	4158767	1
9821604	9821629	2
9800119	9802902	1
1768713	3880123	2
6239884	6239887	1
785958	785983	1
2099947	2099967	1
1244699	1320448	1
6101263	5907762	1
9819382	5437782	1
9684303	9684135	1
12301004	12302334	1
4815147	4815148	1
6075115	6075117	1
9010900	9010899	1
764475	764476	1
11717911	11884956	1
9162377	9162697	1
9010904	9010899	1
9807860	9839141	1
4785125	4785126	1
71927	35916	1
1896619	1864791	2
4111195	4111196	1
2455595	2465964	1
2602368	2602314	1
1283359	1283360	1
12248241	12236138	1
10283430	10283429	1
1297503	1297512	1
8043049	8438077	1
7350516	7350515	2
11792324	11792791	1
8950970	8950969	2
1734314	1513115	1
11080649	11080650	1
11678982	11669908	1
6249108	6944982	1
6606908	6611686	1
4471336	4471335	1
965771	12223954	2
7939801	9161604	1
11329353	11323226	1
869586	869585	1
326815	329905	1
7294128	7294086	1
5547451	5547480	1
6952894	7115481	1
2655695	2655633	1
11537049	11538081	1
8031461	8031462	1
11770563	11803133	1
6267709	6542637	1
4445128	4445127	1
127720	127719	1
6322687	6322702	1
10599683	10598185	1
11095233	11095234	1
11706951	11707355	1
6127140	6127139	1
125603	11513788	2
2992810	11082924	1
721990	722821	1
11997848	12180808	1
2336546	2336536	2
9436457	9436458	1
6011183	6011186	1
12478559	1076893	1
12210506	12210519	1
7718226	7691849	1
12223955	12223958	1
3197740	3198803	2
4377569	4365264	1
3684065	3684068	2
3302382	3302271	1
8818326	8818316	1
7473257	7769802	1
3366849	3366850	1
8665403	8659639	2
10688507	10688508	1
6921577	6921578	1
9636816	9640308	1
3489673	3489674	1
8989730	9081707	1
10118752	10118751	2
9256646	9233012	1
7236814	7236458	1
1500877	1500878	1
11267884	11267883	1
6381951	6381927	1
3924554	3924662	1
6416227	8011642	1
10338736	6932221	1
5294623	5294630	1
7350518	7350517	2
8562464	8562463	2
5181131	5181132	1
5237520	5237530	1
6074788	6074791	1
536116	11043802	3
671812	672815	1
9006949	9006964	1
8368075	8368076	1
4508332	4508321	1
11513439	11513176	2
10692278	6903779	2
4544347	4544348	1
1193858	1171726	1
7004161	7004055	1
1420808	1420805	1
2869135	2869136	2
8972846	8972845	1
7691687	7691688	1
10064677	10064643	1
7412808	7412807	1
9960390	9960372	1
4303174	4303173	1
572029	564726	1
10907246	10907245	1
7830568	7830579	1
12495694	2866685	1
11043009	11043016	1
5802273	5781751	1
1162783	1246032	1
7710452	7716628	2
6162290	6162273	1
5676641	5676642	2
7891964	7892783	1
536118	536117	1
6808444	6641043	1
7526876	7526894	2
10014166	10014165	1
11431096	11289181	1
7888974	7882707	1
12799693	12800570	1
11341035	11341036	3
5237167	10734625	1
11994346	12240433	1
1344059	1007644	1
580136	580130	1
7900683	8033629	1
12591766	12595014	1
3692427	3701334	1
2563948	2563947	1
813353	813350	1
11774648	11775166	1
3906512	3907304	1
1430515	1443745	2
535863	536119	1
9039893	9039894	2
3313511	3268847	1
3192280	4334895	1
7377573	7413483	1
12687141	12525047	2
9324435	9324089	1
4218183	4214752	1
9274535	9650686	2
11513789	11513790	2
8822412	8822411	1
11296853	5021343	1
1297728	3776216	2
10552311	12517171	1
5587849	5276646	1
9914238	9914666	1
3298147	3298150	1
12774098	12771710	1
655099	433587	1
438079	439809	1
4948934	3324463	1
429491	429392	1
9311798	9312147	1
8763758	8763766	1
5499656	5499655	1
6590093	6590538	1
6921629	6921576	1
7148298	6955007	1
5449732	5449727	1
11935654	11935653	1
3136458	3136430	1
12192167	12192168	1
6832010	6832009	1
702601	702591	1
3907799	3967412	1
9678860	9661034	1
7167791	7167792	2
4714312	4714311	1
236617	236593	1
4306287	4304660	1
11319434	3726510	1
2388218	2388217	2
1378038	1385100	1
3700087	3700115	2
1719613	5465463	1
589207	734440	1
9878079	9878063	2
11790307	11820031	1
10631660	10717585	1
11054279	3634386	1
4814734	4815036	1
3126529	4387342	1
3140615	3162787	1
11747020	11747078	2
6440577	6440578	2
6137934	6137484	2
2347	21092	1
7859169	11176294	1
11884957	11884958	1
7931864	7931847	1
6374678	6374677	1
372139	372140	1
6398639	6398676	1
9925895	9974816	1
9139117	8861026	1
757903	757904	4
5211045	5211034	1
7825001	7825002	1
8892700	4701897	1
1088995	1087497	1
12012811	12012812	1
2611376	2611327	1
11267882	11574028	1
7271899	7296285	1
1048083	1242191	1
4941556	3328733	2
4193075	4193040	2
6277853	6277854	1
10411081	10385497	1
10283432	10283431	1
2714727	2714451	1
9878991	9878992	2
10954159	10954160	1
11920373	11921759	2
10655443	10655343	1
11179998	11186335	1
6769001	6750869	1
4785127	4785128	1
7169385	7170706	1
3353857	10177542	1
844732	846344	1
4322701	4322678	2
12463397	12463419	1
1449505	1449506	1
1339525	1339526	2
11067538	11091381	1
6451122	8824349	1
1283357	1283360	1
7093507	7093522	2
10914299	10918831	1
11291391	11309260	1
362513	361771	1
6170440	6172190	1
12423466	12790628	1
6590539	6590540	1
278220	172934	2
259086	259082	4
11494309	11494310	1
12303166	12304638	1
9795150	9795149	1
8919749	8919666	1
372141	301977	1
692671	692623	1
10178308	10178272	1
2798674	2798680	1
11792328	11792791	1
8245867	8245868	1
4714310	4715648	1
8473795	8598652	2
12774100	12774099	1
3993015	3993016	1
8547536	8547535	2
4155530	4151047	1
1934949	1934950	1
3328734	3328733	1
