fend1	fend2	count
3328726	3327308	1
6477690	6477693	1
1881817	2112018	1
12447678	12368752	1
3601971	3601893	2
11641739	1823682	4
5715049	5715042	4
6753741	6753742	2
8759921	8759942	1
10452231	7811889	1
1288597	1288598	1
9310217	9310161	1
9173591	9176313	1
7191081	7191332	2
804887	804888	1
9995810	9995807	1
5945710	5942920	1
828615	828442	1
9256299	9262189	2
4702270	4702112	1
11814574	11813332	1
9434055	9434049	1
3625514	12642607	2
8286078	8286077	1
4493924	4493921	1
7795341	7795344	2
11862326	3293989	1
3950688	3948819	1
1191944	3214345	1
3005793	3005720	3
11673311	11673312	1
4583649	4583650	1
11233815	11233816	1
3390326	3244939	3
7336700	7336339	1
2308875	2309010	1
11815342	11815224	1
804889	804890	1
5548177	5548178	1
6431620	6431608	1
9369374	9369388	1
8817683	8817684	1
7318580	7314716	1
4048668	4048949	1
9439880	9438638	1
4708177	4708180	1
10321427	10321428	1
2734769	2736453	1
12160511	12160519	1
7604889	7604752	1
4836705	4839455	1
7191872	7191813	1
7914770	10356999	1
8750133	8746588	1
4215716	10562880	4
5646995	5646996	1
5901477	5901478	1
7481848	7480823	1
6040579	6040584	1
10372285	10372286	1
10370473	10370474	2
794822	794825	1
6774529	6774467	1
7247968	7248017	2
8549550	8549526	1
1561050	1561049	1
10965825	10962337	1
1048768	4486230	1
7486490	7486459	2
11906898	11906897	1
6754349	6754352	1
6855866	6855865	1
1403881	1403884	1
1580724	1190955	1
11539216	11385055	1
10678404	10587914	1
6773959	6773996	1
10097783	10097696	1
11667393	11695037	1
9476333	9476334	1
603187	6692283	1
6519409	6518063	1
6719360	6719345	1
2526365	2530327	2
9534703	9534704	2
261418	261423	1
10801216	10803096	1
2723286	2723291	1
8327613	8327622	2
8417437	8417438	3
7205350	8034529	1
11716780	11716777	1
6732254	6733857	2
253648	253402	1
11799897	11799900	2
6397307	6397708	1
2892550	2893818	1
10332670	10332662	1
5439509	5439601	2
9122441	9119786	1
6893758	6893756	1
261916	261899	1
11612376	11611998	1
6440364	6440288	1
3245777	3245778	3
11278138	11278223	1
10535612	10535617	1
4596442	4596441	2
4220499	4220466	1
3744550	3743301	1
8442813	8442814	1
9997949	9997950	1
8561086	8560700	1
3949015	3949368	1
11138768	11141428	1
90820	90819	1
4191299	4191308	1
617052	611485	1
10760187	10760188	2
473101	473102	1
8103892	8083408	1
6288533	6287409	1
188494	188493	1
11003389	11003392	1
4797164	4798844	1
4124058	4124057	1
3806648	3806653	1
9172048	9172051	1
4234793	4234626	1
10474033	10473840	1
2553127	2553121	1
5556060	5556048	1
12628281	12628282	1
2896214	2896213	2
10667186	10667189	1
5736081	5736035	1
10891991	10891998	1
9534697	9534698	2
4542704	4542688	1
1603492	1603356	1
3968667	8520431	1
10536684	4150797	1
6151595	6151991	1
7881726	7881725	1
11393894	11394682	1
1770913	1770884	1
2165875	2165881	1
10561564	12263347	1
366684	366644	1
3129283	3129861	1
10754011	10753927	1
4276014	3478501	1
12543558	12482408	1
8908030	8908029	1
6498505	6496889	1
12622186	12622161	1
8295429	8295430	3
11712052	11712049	1
6975373	6975374	1
1238565	2907056	1
11780445	11780492	1
11942563	11673875	1
2239097	2239248	1
12336801	12337203	1
6078559	6078560	1
1679688	1678679	1
10170669	10170861	1
9962148	9945950	1
9548715	9548771	1
5771820	5771798	1
2516277	8535925	1
5901363	5770694	1
4560969	4560970	2
8998165	8998147	1
5441746	5360626	1
6211602	6208114	1
733685	730285	1
6871534	6872704	1
6266871	6266872	1
6774384	6774383	1
12030956	12026946	1
9360526	9357716	1
10927245	10927246	4
4078220	4078470	1
4040948	4040951	1
1210491	11445990	1
10620669	10620665	1
388926	388887	2
3366699	5856430	2
10572112	10572584	1
9095550	9092503	1
6208161	6208162	1
314430	314406	4
12263346	12263345	1
10190664	10191119	1
5309218	5285959	1
7282326	7282315	2
3654662	3654271	1
4742586	4742608	2
12124285	12124061	1
11039560	11038915	1
715150	715297	1
2772913	2772914	1
11234987	11234250	1
10367312	10448485	1
9595028	9597875	1
3798752	3798751	2
9534699	9534704	1
1541068	1540453	1
5374479	5374480	2
11421959	11421960	1
4310889	4310903	1
10321429	10321432	1
6430041	6430052	1
5143986	5347716	1
12334989	12335515	1
7293502	7293519	1
4276260	4276259	1
11931486	11931485	1
1406404	1406403	2
9862378	9862365	2
11817271	11770076	1
6751885	6752019	1
2485906	2542321	1
8904994	8904997	1
7844349	7844399	1
7617281	7617284	1
3696113	3695222	2
5467911	6612708	2
6559885	6560855	1
5494706	5495608	1
5742511	5742504	1
7408180	7408960	1
6686566	6686565	1
5743682	838942	1
8282807	8282812	3
3498321	3498322	1
3357384	3357455	1
12722313	12722374	1
9925125	6010140	1
5582557	5586013	1
3694858	3699549	1
2593400	2591735	1
10625424	10624897	1
11940944	11940943	1
3111648	3111868	1
8417442	8417439	1
8535642	8536383	4
8207538	8207537	2
12395738	12395737	3
6157701	9349174	1
697862	697873	1
228117	821917	1
615340	613293	1
725642	725637	1
8173472	8173678	2
3708046	3707960	1
10381584	10381586	4
1741070	1741069	1
7623962	7624095	1
969177	969178	1
11687267	11687730	1
2157136	2157156	2
7219544	7282266	1
7730211	7730212	2
4009636	4009628	2
10549945	10554107	1
3984026	3983953	2
2528537	2527704	1
6629130	6639970	1
3441133	3441169	1
9177696	9177695	1
5042085	4259873	1
10029464	10029463	4
4071860	4071853	1
9301059	9301060	1
6769822	6769772	1
5488075	5488076	2
11705304	11705291	1
559657	559658	1
6496859	6496898	1
6190853	9477655	1
41029	41205	1
5205769	5422287	1
7041635	7041650	1
154239	154167	1
8588044	8388563	1
6596681	6596682	2
5837142	5837141	1
4015993	4015936	1
12007310	12007539	1
10877721	10878385	1
4015993	4015934	1
10003211	10003212	1
4123787	4123104	1
12155491	12159628	1
576084	573985	1
6123166	6123423	1
2217346	2206799	1
11678039	11678042	1
5095993	5095994	1
505443	505288	1
1349128	1356652	1
2972937	2972946	1
1510274	1512552	1
4493920	4484871	1
6959045	7049929	1
92656	91108	1
6246796	6246758	1
11799901	11799902	1
5710564	5710563	2
6628577	6628666	1
3863898	3863897	1
5902291	5897763	1
4061268	4061694	1
8520279	8520280	1
1732266	1734072	1
9274301	9274306	1
11470058	11469883	1
11166207	11166185	1
9602641	9602642	1
6341215	6359321	3
9064941	9000512	1
3787790	3787789	2
2132463	2132272	1
3899457	3899458	1
10230677	10230894	1
5483446	5483445	2
8819655	8866884	1
3609543	3609528	1
5613166	5613165	2
1570370	1571339	2
11795406	11795464	1
6440289	6440262	1
189454	202461	1
10212818	10208651	1
2370552	2370541	2
10233397	10233400	2
10530601	10529703	1
56888	56887	1
7867607	3555581	1
4702703	7368393	2
5854009	5831135	1
6133684	6133620	1
5423705	5423702	1
7300727	7296620	1
7580551	7580512	1
4583745	4583650	1
934359	934409	1
9103424	9103423	1
12615580	12615579	1
10873763	10873764	2
654473	3969328	1
6018598	6019008	2
4073005	4073006	2
8304123	2529631	1
6313715	6313716	2
11109332	11109312	1
5764317	5764379	1
925533	925534	1
4832798	4832796	1
4509191	4509206	2
11387945	11387269	1
4835189	8329787	1
8628898	8628897	2
2660932	2660929	1
8993632	8993765	1
8006888	8006887	1
645973	645876	1
10642782	10642781	1
11401675	11401676	1
7800469	7800470	1
1095104	1091330	1
10496590	10493111	1
6424275	6424280	1
9995811	9995814	1
1595218	1595267	1
6238075	6238125	1
2741681	2743050	1
1533071	1533074	1
1571655	1571582	1
9547304	9547303	1
5125275	5125401	2
2128685	2128686	1
8881538	8882465	1
806910	806903	1
10321427	10321432	1
1367717	1367718	1
3083913	3083914	2
3725427	3725336	1
2128690	2128689	1
6380425	6509043	1
5732011	5732017	1
11985174	11985206	1
109710	109709	1
12376607	12376670	2
6449457	6449458	2
8569053	8565353	1
12628283	12628284	1
1320039	1321107	2
6713452	591076	1
5864894	5864900	1
11529349	11529352	1
8291829	3528786	1
151483	151468	1
9602639	9602640	2
4141358	4141314	1
11781010	2772486	1
3456867	3457049	2
11486028	11486892	1
9381187	9381253	2
11655081	4036680	2
3594151	3596800	1
6761420	6761251	1
9559077	5123750	1
711559	711237	1
8704592	8704582	1
1229997	1229998	1
9750480	9750463	1
804887	804890	1
10892823	6804733	1
11046047	11046050	2
5940498	5942296	1
3256956	6774102	1
10971427	10971428	1
12723086	12723085	1
587889	426028	1
3022178	2929831	1
3940884	3940883	1
11595060	11594757	1
6182716	1099840	1
4678159	4678008	1
6784320	6784319	2
7121082	7120510	1
524762	524743	2
5112879	1017769	1
6715947	6554906	3
12530401	12530982	1
826789	827969	1
9819642	9808414	1
11680827	11680828	2
2904512	2904448	1
6574437	6574438	1
8001145	8001146	1
7950706	7950982	1
12567391	12566643	1
6519411	6518063	1
5849015	5849027	1
6430463	6430464	1
11572031	11571680	1
1201635	1201709	1
6634330	6634356	1
1570148	1570141	2
9018825	9019950	1
7603997	7603998	1
6800422	11776855	1
4218985	4218986	1
355324	355376	1
7241559	7234285	1
8815638	1499362	1
11367224	11367221	2
6156412	6156411	1
11489293	5694675	1
9427198	9417201	1
8613129	8613130	1
1250159	1250029	2
7668850	7672363	1
3938913	4120643	2
5524328	5524327	1
3103075	3103076	1
3010495	3010496	1
1824765	5656150	1
7917883	7917016	1
12026088	12031635	1
1370548	1370665	1
7165849	7165293	1
2576244	2576133	1
10195470	10195289	1
5908923	5908934	1
8509387	8509396	3
260099	260407	1
2678819	2678820	2
10001094	9999162	1
10170549	10170550	1
7153029	7153030	2
5374481	5374482	1
9097817	9103885	1
6058664	6057525	1
11851779	11851862	1
1769632	1295545	1
9883129	9883130	2
8509397	8509398	2
7801876	7802871	1
11608139	11607859	1
922386	922398	1
9189532	9189609	1
10588307	10588292	1
1777506	1777509	1
6490397	6486645	1
10040413	10040414	5
3329329	3329330	1
8391625	8391822	1
6763496	6762735	1
4578790	4578769	1
9258433	9431764	1
3714446	3643980	1
900873	900874	1
5068966	5069583	1
3891146	3891972	1
2909567	2908851	1
12533426	12533808	1
7730933	7730931	1
5766461	5767159	1
10986692	10986689	1
2506757	2479565	1
7730219	7730220	1
8688836	8688815	1
5475566	5475590	3
11199249	11199250	1
5556122	5556121	1
717540	711215	1
7281595	7281599	1
7792461	7792562	1
589469	594877	1
1707262	1707265	1
3986569	3986570	1
10226717	10226718	1
10841475	10841497	1
6048091	6047981	1
9490231	9490214	1
10482793	10483096	2
4074294	4074288	1
2510631	2510634	1
99359	99389	1
7233130	7233129	1
5484096	5440621	1
3806652	3806649	1
2825405	2825713	1
2562390	2554622	3
7619123	7619124	1
6454145	6456729	2
170054	170049	1
10440941	10440663	1
10169713	10169714	1
12480676	12480675	1
3103075	3103078	1
109043	109044	1
9018199	9018348	1
10984126	10985228	1
515806	515746	1
4273754	4273431	1
9447099	2261379	1
10894371	10894399	1
10046877	8175568	1
6822747	6822360	1
12564223	12593807	7
10155498	10155497	1
9018055	9018056	1
7484657	7484658	1
11565407	11565413	1
730891	730902	1
9718673	9718302	1
6315574	6430397	1
12121059	12120972	1
2520915	2520916	1
1499539	1499545	1
70596	70595	1
9296831	9296832	1
2514491	2514504	1
10595037	10595059	1
6503141	4537141	1
12232529	12232530	1
8885741	8890265	1
6313451	6313714	2
10666776	10666661	1
5849635	5849641	3
742423	742399	1
5194455	5194456	2
6365685	6362077	1
5373831	5373836	1
8022051	8022052	1
3983894	3983795	1
4251769	4249202	1
884533	884535	1
5846048	5846064	2
10029462	10029076	2
9548429	9548335	1
11296822	11296668	1
430533	169740	1
7269357	7844549	2
6430848	6430780	1
3245779	3245780	2
148078	148368	1
5217208	5153878	1
4666470	4666467	2
4221101	4221102	1
3422267	3422268	1
8356494	8356493	1
6622384	6630556	1
1288064	1288063	1
2554623	2554624	3
10367240	10367239	1
8487116	8487257	1
1265051	1243064	1
10146740	10146739	1
5093593	5093479	1
2655492	2655945	1
4158808	4158904	1
7766675	7766655	1
12316636	7606924	1
348718	348697	1
2944852	2944857	1
5874272	5876338	5
1932491	1932209	1
8492369	8492337	1
8569990	8574718	1
1274165	1274166	2
2023075	2022825	1
9159959	11278262	1
10132140	10132103	2
4009634	4009628	2
8455810	11408828	1
2149501	2151193	1
10647519	10647520	1
12600027	12601291	1
3567796	3583710	1
7641318	7641317	1
127001	127014	1
10634725	10482473	1
1698597	1286762	3
7713166	7713165	2
6747990	6747974	1
7556406	7556404	2
1745839	1745170	1
10230648	10230670	1
8727293	8727577	1
1421240	1421239	1
8442647	8442648	1
5039808	5039807	1
2655220	2655217	1
8552588	8552587	1
4493926	4493925	1
10359949	10359950	1
2097624	2098222	1
11038130	11038127	1
4078222	4078221	2
6029649	6029424	1
12632606	12632537	1
5621754	5623781	1
8421009	8418505	1
7143434	7153529	1
1772231	1772423	1
11524651	11522986	1
5732182	5731826	1
1518672	1518671	1
5963093	5963117	1
8464618	8464606	1
2440241	2440242	1
2499514	2499513	1
913635	4664448	1
7144703	7258987	2
5755969	461277	1
8919188	8919178	1
8168810	8168524	1
10793866	10793865	2
3634834	3634822	1
6213323	6213326	1
525940	525931	1
7900450	7805066	1
1449383	1449309	1
8788642	8788641	1
11942420	11942392	1
6394387	6394388	2
2167474	2166708	1
6707328	6707325	1
1604084	1612900	1
12801394	12801393	2
7611267	7612021	1
90818	90817	1
1701083	1701394	1
6848558	6848578	1
11559685	11560735	1
4530872	4530871	1
11985835	11985836	2
6482458	6484558	2
2537556	2537555	1
10894765	10894477	1
6950825	6950735	1
9658681	9658682	1
9857280	9857273	1
10394379	10394375	1
519828	519838	1
8386741	8399387	1
1107552	1107337	1
9718673	9718300	4
9823591	9823544	1
7368585	7375666	1
4238831	4238832	1
6115643	6115631	5
11175743	11094851	1
8776216	8776213	1
7341887	7335819	1
5274917	10281546	1
6354107	6354133	2
4540456	4540290	1
4030879	4031488	1
8759341	8759342	2
3030539	3030542	1
3699733	3699344	5
1403885	1403886	1
5177320	5177323	1
6078559	6078562	1
4152937	4152938	1
5476949	5476936	1
1831877	1831886	1
2787796	2791499	2
1193622	1194178	1
11823045	11823046	1
7199130	7198518	1
2758943	2758944	1
12681667	12523261	3
854456	910815	1
6966172	6966218	1
9600289	9600214	2
2998064	3004672	1
6731286	11901001	2
12760785	12760786	1
4085653	4085654	1
12723088	12723087	1
5843692	5843689	1
21032	21036	1
4862646	4862645	1
1880012	1880049	1
3198865	7373385	1
3004501	3004618	1
6566706	2801321	1
4040959	4040949	1
6924674	6924691	1
11148911	11148912	1
1995447	1995444	1
7238748	7236807	1
11616825	11619451	1
3264847	3264896	1
6842996	6842995	1
11195039	11195042	1
9724241	9724242	3
5601591	7458924	1
11037327	11037660	1
10626252	10626251	2
10717398	10717064	1
10812738	2161838	1
11874878	11874871	1
8591004	8591003	1
2819045	2819122	1
11294660	11296702	1
1351531	1359908	1
7727953	7727954	3
10874425	10991282	1
11765733	11765751	1
6484569	6484427	2
4040329	4040311	1
2171877	2171929	2
9374316	9374315	1
12150211	12150214	3
4761190	4758366	1
3928530	3928529	1
10516660	10516664	2
12541106	12541423	2
4539575	4539744	1
7759299	12615581	2
5864393	5864433	1
2826042	2826039	1
5887280	5887446	1
10683594	10692413	1
7147878	7147877	1
4276262	4276261	1
3516890	7898213	1
7530019	7530020	1
4955982	4955973	1
4724318	4724254	1
5439509	5439510	2
9850719	9850767	1
5624089	5619246	1
7033649	7034441	1
5824858	5824907	1
4028412	4028411	1
1441764	1441259	1
9395481	9395500	1
10898933	10898934	1
6040585	6040586	1
9029101	9029051	2
4826693	4826677	1
8316720	8316714	1
5213488	5215986	1
10873573	10873768	1
4666472	4666471	3
9829376	9829346	1
1558989	1558990	2
5545498	5544761	1
6399987	6335299	1
6766859	6766285	1
5272301	5272241	2
9274301	9274304	1
10942807	10942808	1
9495507	9495523	1
9044918	9034268	1
7278335	7277763	1
10024376	10024913	1
11278138	11278221	2
4478101	4478103	2
3119761	3119931	1
2861825	2862171	1
3966571	3966672	1
1995601	1992314	1
9145771	9145806	1
7705601	7705265	1
471872	8275882	1
7628677	7628678	3
9509481	9509531	1
6825805	6825769	1
25554	25557	1
5275497	10270294	1
6703650	6704540	1
12265334	12265042	1
11878617	11878804	2
10053028	10052999	1
1600947	1602456	1
2454004	6816335	1
537479	381151	1
4421093	4421096	1
3301752	3302160	1
9853068	9853580	1
1079085	1086509	1
1898621	1898622	1
3973336	3983402	2
11553130	9618824	1
4572585	4572586	1
1381415	1386377	1
8898523	8898597	1
5861578	11787956	1
10217709	10155499	1
8898521	8898522	1
9470178	9468702	1
8591002	8591138	1
10146738	10146737	1
4095552	4095551	1
7811771	7811785	1
6952657	6952676	1
7455312	11863272	1
1628992	1629009	1
415554	415645	1
10021339	10027994	1
10703636	10661731	1
9828183	9825423	2
10044208	10040240	1
2510635	2511672	1
4733010	4732993	1
1719796	6002824	1
9869213	9868974	2
5488077	5488078	1
9879809	9880155	1
958956	958962	1
9140452	9142280	1
7194464	7194966	2
5257641	5257642	1
6838187	6838240	1
6424281	6424282	1
5090371	5090372	1
7777096	7777095	1
8465317	8465314	1
10703110	10704212	1
7239902	2006898	1
8647808	8647805	1
7965396	7965393	1
9298770	9300220	1
8282798	8282797	2
8822004	8820672	1
8572233	8572234	1
2992245	2992045	1
10435815	10438743	2
809537	809007	1
8213798	8213764	1
4744410	4744449	1
9793374	9713413	1
7720378	7787071	1
6715945	6554906	1
8413920	9418932	1
6664093	6664245	1
5653070	5671626	1
4027083	11446573	3
8332381	4010382	1
11463789	11463838	1
3542535	3542515	1
5495609	5495610	2
10894500	10894585	2
964269	962057	1
12160143	12152665	1
5254305	5256047	1
6266315	6266246	1
5488969	5488904	1
3986567	3986568	1
5367292	5367262	1
9429311	9429082	1
11844709	11844710	2
3751647	3751654	1
4486133	4513110	2
2874185	2845537	1
10300754	10217512	1
3440641	3439047	2
11862141	11862482	1
4289813	4289785	1
3411806	3412656	1
8637365	8637366	1
11027537	11009504	1
2653603	2653604	1
433699	433677	1
8500308	4829465	1
1519506	1519503	1
9377394	9380824	1
9534699	9534702	1
12568711	12568712	1
1209500	1209502	1
8364598	8364597	1
11483811	11486051	1
9115253	9115254	1
9908858	9908872	1
11360729	11360752	1
8675053	9833846	1
10636460	10636194	1
5177963	5183176	1
1680943	1681947	1
771651	771763	1
10561571	10724394	1
9091699	6691068	1
2837809	2837810	1
12622341	12622351	1
4926076	4926113	1
10283572	10283571	1
3967493	3967533	1
6815454	6816335	1
2478471	2478483	2
1510276	1510275	1
197535	197538	1
3988000	3360501	2
10776654	10778962	1
10172219	10172647	1
12510142	12510141	1
8161657	8158076	1
3798752	3798749	2
8312765	8455583	1
11713253	11713179	1
7641836	7641833	1
5506109	5478198	2
12473715	12471686	1
7199128	7198516	1
4234312	4234279	1
9694435	9694592	2
4790221	4790222	1
8686456	8686611	1
244783	244784	1
10223049	10223020	1
11895334	11893947	1
3007029	3007384	1
9869211	9869212	2
11435551	11435552	1
9182429	9182430	2
10898935	8494697	1
9360368	9360567	1
9772090	9771979	1
7620731	7620291	1
9810217	10290038	1
7391669	7391654	1
980231	980199	1
9363561	9363581	1
814861	814820	1
7867149	7867018	1
12693788	12694294	1
4157446	4158220	1
1775644	1795422	1
4673330	4673329	1
4742609	4742610	1
1561047	1561048	1
1654586	1649400	1
7233132	7233131	1
3540181	3540152	1
9274305	9274306	1
10974397	10974398	1
12808042	1107339	1
9567000	9567152	1
10574474	10574534	1
7610656	7610811	1
1544697	1544698	1
7795332	7795331	1
6784318	6784317	1
339962	340079	1
9912513	9912397	1
1127034	1127033	3
4598732	4598746	2
6022578	6022494	1
8577877	8577923	1
697696	697695	1
6437609	11770265	5
7171227	7171228	1
9724243	9724244	2
1107552	1107339	2
8056012	9337574	3
11970064	11970069	1
10510270	10510208	1
2383550	2383546	3
10283431	10283429	1
2754541	2754581	2
10516501	10516212	1
8817669	8817682	2
9481884	6495419	1
9360941	9360942	1
862078	862077	1
1893909	1897422	1
8295431	8295498	2
8810806	8810796	1
4423342	4431285	1
9669328	9669433	3
10576560	10576754	1
7909887	7909890	1
12686897	12687129	1
12458735	12458652	1
890635	891668	1
7777731	7777732	1
9028818	9028410	1
6715945	6715946	2
924896	926356	1
8168548	8168789	1
1157180	1157179	1
60096	55675	1
1073128	6340175	1
9845037	9847169	1
2064734	2062038	1
627872	834235	1
5098589	5099992	1
3300992	3301040	1
7532107	7532108	4
10367238	10367241	1
2238299	2238300	1
7777107	7777097	2
3566576	3566575	2
2714781	2731699	1
5837136	5837164	1
7215388	7215387	2
5516201	5516202	1
4581178	846123	1
9173007	9174553	1
4421473	4421474	1
7137098	7137133	1
11537172	4550789	2
489719	489724	1
11705341	11705305	1
12760854	12766998	1
2757433	2756613	1
331455	331526	1
5712313	5712314	1
2380902	2381044	1
1436500	1435002	1
355657	355658	2
6273168	6273167	1
2297276	2298179	2
6491100	6491117	1
5342993	5340700	1
3908637	3908723	1
11436481	11436482	1
8010326	8010351	1
2279647	2279648	1
9534697	9534702	1
6705591	6705712	2
6031145	6031146	1
9531792	9507724	1
8545261	8545262	2
9833847	8675056	1
8622025	8622166	1
6508942	6507124	1
5539252	5539453	1
692300	694410	1
1586550	1686276	1
1623713	1330759	1
9342111	9343900	1
9547274	9547305	1
416494	416497	1
6596150	6601461	1
5659029	5657472	1
11183922	11182140	1
4053925	4053791	3
8561246	6905752	1
8655699	8655823	1
12152118	12152117	1
6550267	6550268	1
6741597	6741598	1
5021169	5021665	2
10029077	10029078	1
10446138	10445804	1
6752689	2776434	1
8482802	8482801	1
645972	645875	1
11307225	11303270	1
10222410	10222407	1
12686908	12686933	1
7923368	6436085	1
5488967	5488968	1
1135547	2922532	2
8497370	5202753	1
4926078	4926077	1
6370835	6370836	1
2609193	2609212	1
11445879	11529557	2
8956590	8956589	1
4263796	4263795	1
1177235	1177236	1
8099899	8103110	1
11255499	11255190	1
1584417	5318304	1
9881429	9921119	1
4252932	4252927	1
1070906	1070882	1
1602432	1604485	1
3453548	3453561	1
1311721	1312258	1
3398566	3398545	1
5163415	5163416	1
4559915	4559117	1
8001143	8001146	2
1127030	1129091	2
7205437	7205438	1
5798034	5796399	1
5467892	5467891	1
1308145	4021703	2
3639786	3639736	2
6754422	6753740	1
3124006	1185989	2
12808855	12808861	1
7929859	7926163	1
5741082	5741052	1
919287	921527	1
762431	762432	1
4745058	4745062	1
3092648	3092013	1
6140713	6140714	1
9376239	9375846	1
7844398	7844397	1
1289951	1289952	1
3366060	3369413	1
4159616	4160965	1
355653	355656	2
5747137	5747106	1
6031141	6031071	2
10892401	10892402	1
6822745	6822746	1
12482725	12595779	1
6511833	6514875	1
10912081	10987976	1
5823284	5820751	1
7681563	7681564	3
7713168	7713167	2
2533986	2511642	1
5424708	5424587	2
880491	874250	1
1056098	1056430	2
9144602	9144940	1
5439511	5439601	1
3450728	10557736	1
186714	188495	1
4772399	4772444	1
4843327	4843300	3
2996095	2996096	1
848570	848569	1
9281302	9281585	1
1759872	1759653	1
3698512	3698511	1
3408979	3408980	1
3940882	3940881	1
1460141	1460074	1
8219383	8219369	1
4987658	3977640	1
759587	759588	1
11385695	11272492	1
11294690	11294688	1
5593796	4840004	1
11066939	11066981	1
11566448	11481770	1
4156710	4156709	1
10169859	10170350	3
2379093	2379144	2
8569051	8569052	1
7433865	7185358	1
4601249	4601153	1
2986472	2986471	1
10251064	10251063	1
11689189	11689130	1
792401	792404	1
6096661	6100529	1
3764002	3763999	1
7198517	7198518	2
3122986	3122983	1
10332595	10332561	1
10969999	3943168	1
1199996	1169954	1
3424241	3424244	1
9476304	9476329	1
5484283	5484284	1
8509387	8509398	1
9107112	9107637	1
12619307	12619312	1
8602619	8602620	1
11385693	11385694	2
10100296	10100279	1
2576743	2576746	1
9396633	9396634	1
8094575	8094587	1
10035090	10035084	2
7088324	7088346	1
585277	585278	1
8548423	8548424	1
111347	111893	2
6764586	6764654	2
4926078	4926113	1
12389594	12389593	2
3599528	3599527	1
3423187	3423188	1
12762467	12762424	1
10891813	10890204	1
7130944	7130901	1
8282796	8282795	1
2564366	2564422	1
5835389	5835720	2
9236673	9236674	1
9110573	9110776	1
3073313	2956276	3
3449822	3449763	1
10098516	10141566	2
4181044	4181043	1
10588582	10679126	2
846768	847851	1
3423185	3423188	1
6703652	6703651	1
5998790	6046785	1
9089657	9089658	1
4801876	4801875	2
609452	609478	1
4266736	2839708	1
2554625	2554628	2
3310484	3310799	1
9774685	9520991	1
6228349	6223482	1
5016490	5016547	1
2600338	2600784	1
10438755	10442272	2
10927247	11156462	4
8662808	8735788	1
12594080	12594079	1
7991229	7990720	1
3977641	3977642	1
5553141	5553175	1
7249216	7249215	2
9274299	9274300	2
10179322	10180636	1
10901907	10890957	1
6816334	6816333	2
2527102	2521364	1
1056431	1056432	1
4116455	4114347	2
3094904	2921704	1
7177104	7177827	1
10383820	10383812	1
1561137	1561046	1
1107338	1107337	2
3310536	3310200	1
10666660	10666659	1
3153015	3153016	1
1397512	1397491	1
4421091	4421092	2
9849518	9849531	1
11878533	11878566	1
1851931	1852213	1
6815454	2454005	1
1011197	6482889	2
2653609	2652765	1
11590248	11592814	1
7248018	7248017	1
4530870	4529635	1
6312427	6312442	2
8848164	2008370	1
3139649	3140588	1
4735863	4735864	1
11624386	4125083	1
1610027	1609175	4
5822982	5823011	1
11121818	11123862	1
11564659	11490198	2
8952466	8952465	1
2816942	2817752	2
1974507	1974522	1
10679699	10679831	1
69363	6960969	1
11910826	6548507	1
5341667	5384583	1
1965472	9339914	1
4012691	4751151	1
8536634	8533619	1
2474751	2475679	2
2279645	2279646	1
8039816	8039818	1
7926032	7929761	1
5485811	5488250	1
11170262	4518842	1
5477684	11191427	1
10337517	7950479	1
2344564	2344576	1
2970564	2970149	1
3245997	3247998	1
10446936	10446928	1
3137213	3131193	1
5835389	5835390	1
3087616	3087632	1
4027141	4015001	1
2719814	2857051	1
731007	733209	2
3481988	3491662	1
2811602	2811599	1
6903260	6903259	1
4714274	4714781	1
862076	862117	1
9379015	9379094	1
6682487	6682490	2
2839421	2836836	1
7917775	7917780	1
10179735	10179710	1
4061559	4061840	1
1371789	1366807	1
6170403	11555557	1
7106576	7116674	1
7413689	7413667	1
2248890	2248881	1
1099710	3293429	1
2499260	4518842	1
6710163	6709968	1
5163417	5163418	1
8485878	8485901	1
2132461	2132462	1
6527501	6527454	1
4687439	4687533	1
4081494	4081493	1
3796834	3796833	2
7255859	7255907	2
10492629	10613203	1
1597154	1359876	2
8674816	8672652	1
5279715	5279716	1
5596581	5596583	1
918212	913260	1
3118788	3119058	1
4015991	4015992	2
5104293	5264409	1
5835391	5835720	2
4829468	4829467	2
7608551	7596935	1
4019958	4019957	5
2157532	2157476	1
10971429	10979295	1
10873571	10873572	1
11510334	11510315	1
1570140	1570257	1
10927241	10927244	7
8785392	8796170	1
2567874	2344496	1
5845855	5845911	1
2655218	2655217	1
4709444	4709443	1
2814061	2868285	1
7343664	7319127	1
11710688	11710690	1
1203672	1203671	1
252087	252304	3
8326914	8326878	1
3918559	3599987	1
3457444	3457345	2
4260921	4260934	1
1558985	1558988	2
7937237	7936230	1
1916601	1916602	1
9114148	9111571	1
7023971	7023972	1
6207547	6207857	1
3530607	3530608	2
11022640	11022648	1
2655220	2655219	2
1724267	1724268	1
7523901	7526256	1
1801188	1801162	1
5383356	5383355	1
1230001	1226329	1
2885473	7036100	1
4777798	5556121	1
7645016	7577543	1
10907748	10907685	3
2546503	2617044	1
6561682	6561681	1
999450	3303249	1
6804153	6551642	2
1830831	1830832	1
7948700	7948675	1
659213	659214	1
6523283	6523742	1
8238738	8238633	1
6754749	6498688	1
9104142	9104314	1
11619943	11619487	1
1570372	1570371	1
8859431	8859432	1
3662555	3662535	1
10061296	10061295	1
742423	742397	2
10760187	10760190	1
4022551	4023571	1
2319004	2320271	1
12020634	96454	2
5942935	5942936	1
8185975	8186001	2
8245	8246	1
11702634	11702633	2
8789691	8789692	1
1105178	1105411	1
3592223	3592224	1
8808637	8810282	2
2012702	2012701	1
2586718	2583241	1
11291804	11291814	1
3363311	3972969	1
495502	494095	1
2837811	2837812	1
8379350	8379257	1
3521638	12661972	1
3518765	1891942	2
6474399	6474318	1
5672300	5672299	1
1240316	1240315	1
556106	604410	1
9529648	6163514	1
9315927	9315883	1
5710562	5710561	2
9193692	9193104	1
11793729	11934210	2
3719601	3572020	1
4586282	3325888	1
10310822	10310819	2
7823726	6731190	1
3642683	3642063	1
6445085	6445290	1
5098222	5099936	1
9894515	9894580	2
11175286	11175177	2
11628581	11628565	2
6273166	6273163	1
4334885	4334886	1
6520165	6520166	1
7203154	7203158	1
11282858	11282822	1
8320225	8320190	1
6942019	6942015	1
10170551	3283669	1
10898389	10898523	1
5205914	5202801	1
3476040	3475451	1
615419	615420	1
7199130	7199129	1
12761603	12761604	1
2045668	2046327	2
9989106	9989023	1
10515242	10514433	1
11984116	11983563	1
3283788	3283791	1
1308143	1308144	2
12507243	12507234	3
5482494	5480721	2
8542528	8542531	2
8724430	8724682	1
9073130	9073186	1
11520199	5863068	1
10428768	10428189	1
5539450	5539489	1
10525342	8424541	1
6353964	6353963	1
1498038	1498041	3
11471436	11471042	1
7535768	7535765	1
4181046	4181045	1
3952236	3952397	1
388928	388927	1
5373952	5375266	1
12485710	12485636	1
12226201	12226204	2
1381464	1381463	2
5061256	9371351	2
1075629	1076561	1
4559115	4559116	1
12764179	4029379	4
6559091	6559092	1
1250176	1250158	1
2478337	2470847	1
2837807	2837808	1
1053804	1053803	1
8230496	8207259	1
2785084	2784920	1
9501024	8837697	1
10326473	10326474	1
12233101	12231976	1
2838634	2837520	1
6574770	6574767	1
6507462	6508319	1
1163099	1151907	4
6127074	6123549	1
9551893	9551717	1
4229064	4228447	2
10449809	10450020	2
327079	11897437	1
3079335	3079478	1
6722597	9783739	1
8533864	8510489	3
850805	850936	1
4985282	4988494	1
5984159	5983634	1
12628281	12628284	1
9782490	9782034	1
7179358	7108091	1
11338672	11338674	1
3987151	3987225	2
8358448	8364413	1
7162935	7162936	4
4518838	4518842	1
5708600	5708375	1
3133789	3133747	1
7972779	7972763	1
11792032	11792031	2
630938	630930	1
889761	889766	1
7603999	7604000	1
4560152	4631931	1
1552452	1552451	1
3273553	3273508	2
12233176	12233163	1
2620400	2622619	2
1737625	1690361	1
8536382	8536381	4
1286763	1286764	1
6803214	6803193	1
5850030	5844339	1
11483809	11483810	1
5724244	5721678	4
11924862	11924861	1
7414573	7414574	1
7537567	7537568	1
3026426	3019545	1
1641569	1641570	1
4262284	4263230	1
4309855	4309980	1
9607044	9607043	1
10183376	5532988	1
3955569	670637	1
12480674	2299924	1
9113685	9113686	3
10732351	10730863	1
12226201	12226208	1
1831552	1831560	1
7459464	11985202	1
11646560	5346971	1
4704677	4704789	1
11537174	11537173	3
10061264	10061297	2
10760189	10760190	2
10525342	10525341	2
8675053	8675056	2
3972202	3973020	1
12801396	12801395	1
2368513	2368481	2
7133753	4664386	1
7077665	7859846	1
865342	903797	1
4512171	4629641	1
1001495	1130538	1
3993055	3993056	2
10310818	10309335	1
3103077	3103078	1
4085655	4087519	1
1965474	1965473	1
5477287	5477269	1
6855864	6855867	1
4560971	4560972	1
10998420	10996540	2
4835185	8329787	1
127015	127016	1
11255828	11255716	1
7356546	7356549	1
12291276	12282496	1
9548589	9547284	2
589280	588959	1
788596	788700	2
2403845	2286588	1
12315947	7604133	1
4691206	4691203	1
3357019	3357020	1
12451792	12451649	1
12516669	12516699	1
11646084	11637404	1
6477692	6477686	1
8604568	8400594	1
9846549	9846342	1
4333292	6403454	1
5664150	5664387	1
2081692	2081691	1
2035185	2035186	1
3299656	3298772	1
5293455	5293211	1
11649185	11649186	2
2886006	2879583	1
9353008	2032314	1
7765251	7765252	1
4122302	4122439	1
138104	7506044	1
7625996	7625606	1
10493367	10493955	1
1107552	12808043	1
8247169	8247059	1
6561684	6561683	1
10480083	10480809	2
10807358	10795139	1
12312005	12191782	1
4446825	4446830	1
7118029	7118404	1
261422	261419	1
10992278	10992172	1
3791653	3706738	1
2843234	2843233	1
3942296	3942337	1
8368604	8373849	1
3742992	3743483	1
727107	727137	1
11772447	11772448	1
2035183	2035184	1
3618580	3620315	1
8417449	8417450	1
3787794	3787791	1
5507287	5507288	1
11549820	11549785	1
5019527	5019515	2
2657633	2657877	1
5425697	5425757	5
11497437	11497345	1
11120541	11120542	2
6866739	6866742	1
2430548	2430987	1
3792400	3792399	1
8282807	6038173	1
7888606	300602	1
882423	884534	1
11601758	11601771	1
10686714	10699749	5
3357017	3357018	1
11852200	11862482	1
3787796	3787791	1
9981714	9981708	1
12284762	12284757	1
4162296	4162364	2
3967585	3969391	1
9121973	9121549	1
8093052	8093078	1
7738264	7737424	2
908812	908658	2
1643000	1643043	1
2270816	2270819	1
9370383	3794254	1
2774390	6497221	1
5706297	5706298	1
7549346	7549343	1
3556241	3634083	1
6722776	6728741	1
5330546	5331011	1
3246774	3246086	1
5706299	5706267	1
1286972	1287052	1
3437600	3440261	1
12477629	12477674	1
3974376	3974388	1
10093394	9937984	1
7795179	7891630	1
939340	4838381	3
6567007	6566989	1
4263794	4263790	1
11893948	11893947	1
11902488	11902505	1
1032572	1032571	1
1616047	1616007	1
8808113	8807798	1
3081231	3081232	1
473103	8283043	2
6191936	6192481	1
7419084	7419083	2
356090	356030	1
796468	5979728	1
4476337	4476340	1
3626723	3626682	1
6061401	6061399	2
6766862	6766856	1
5193018	5192859	1
759924	936905	1
758844	759378	1
7895813	7895814	1
9315927	9315881	3
6898526	6891872	2
4841250	4841429	1
225272	225891	1
11849189	11923398	1
11749833	11749857	1
8395396	8395453	1
5346796	5346111	1
826514	826500	1
7446317	2641230	2
5360015	5360020	1
3441087	8758214	1
10346771	7790526	1
6081168	6081167	3
6624620	6631121	2
966275	966300	1
273316	271308	1
7459462	11985202	2
9607581	6452046	2
8287611	3506185	1
10722463	10723055	1
10984220	10984223	1
6031147	6031239	1
3424807	3409190	1
2754822	2754817	1
7408961	7408958	1
10898387	10898388	1
2161857	10812682	1
5128127	5128148	2
7693195	7693196	2
7781844	7781861	1
8533864	2514554	1
10927245	11156462	2
9094122	9094108	1
3898879	3739075	1
5496427	5496428	2
3108027	3107289	1
8463351	8463407	1
11938790	11939425	1
6932653	6932654	1
3901712	3901711	2
1654409	1654410	1
3966171	3966165	1
4348484	4348510	1
11628578	11628577	2
12278863	12278864	2
7809782	7809781	1
5915795	5915789	1
6190500	6128001	1
5812878	5812889	1
1229999	1230000	1
4067872	4067871	1
3625516	3625515	2
6190430	6189888	1
9375193	9375194	1
10912144	10911699	1
5438870	5438869	1
812177	811647	1
4698519	4697819	1
7233149	7232857	1
5439033	5438862	1
12317129	12317130	2
12360767	12360834	1
7866069	7866084	1
5585519	5585569	1
5735248	823778	1
4028410	4028409	1
7697710	7538537	1
5348807	5326551	1
9832716	6732164	2
5609019	5608567	1
398623	398431	1
1967609	1967706	1
2960128	2960125	1
12284764	12284763	1
3556239	3556240	1
7364454	7364453	2
1018618	1018592	1
5902498	5905680	3
1718839	1718834	1
1748010	1748048	1
9932702	9932677	1
1694040	1694181	1
3423185	3423186	2
2802717	2802774	1
4261181	4261182	1
12226205	12226208	2
12510140	12510143	1
10054395	10041962	2
8001143	8001144	2
2849574	11797121	1
6722595	6722596	1
11628578	11628575	2
11431771	11431802	1
2720365	2720366	3
4332704	4191126	1
10891239	10891230	1
9102950	9102949	2
11189224	11194282	1
6786596	6658590	1
981317	981318	1
7963255	12457867	1
11909161	11908542	1
12662036	12664661	1
1116717	1116743	1
11013097	10860541	1
3618769	3618815	1
11588943	11588965	1
2354532	2423289	1
2141375	2140995	1
7036157	7036158	1
5351269	5351294	1
6603975	6612310	1
346899	439558	1
3984545	3984546	1
7323539	7323540	3
11451996	11451982	3
5163424	5163427	2
3359534	3358535	1
8086962	8277318	1
9004658	9004646	1
8796629	8648317	1
10266946	10265231	1
688046	688032	1
6682491	6682492	2
842633	842923	1
8509385	8509386	6
1691821	4015990	2
8233085	8231704	1
11332147	4311816	1
7581946	7581945	1
3875541	3875537	1
6447654	6805479	1
2270180	2270177	2
10146872	10146741	2
3672038	3672312	1
3243205	3243206	1
4369039	6379125	1
11012340	11012343	1
8469366	8468872	1
1255076	1255068	1
542588	542587	2
1381464	1381457	1
12187352	7548901	1
1984019	1984020	1
2509192	2509043	1
4420353	4421728	1
5400918	5400969	1
3792112	3792109	1
6453712	6453253	1
11195980	11195990	1
1127032	1127031	3
6148657	6147620	1
8336883	8336877	1
3976575	3938919	1
1498038	1560997	3
5572412	5572497	1
9949316	9949349	1
9663624	9665644	1
10987813	10987814	1
8788255	8788252	3
4116453	4116454	2
4548168	4547051	2
11799903	11702635	1
5468050	5468315	1
6817606	7523444	4
10648467	10664584	1
7158755	7159618	1
9033335	9038727	3
3923259	3923260	1
8439689	8439690	2
6156414	6156413	1
11981337	11981338	1
521461	529313	2
3302603	3302604	1
7418774	7419083	1
3110857	3112563	1
7782596	7782462	1
5048553	5048558	2
9330320	9330319	1
9981718	9981717	1
10170705	10169712	1
286271	286030	2
10450021	10450024	2
6853824	6853823	1
11193123	11193124	2
7530281	7528169	1
8249843	8249866	1
11787967	11787901	1
7244475	7230028	1
5706295	5706296	1
10169857	10169858	2
1116714	1116757	1
7664253	7664300	1
9923899	9923900	2
6710161	6710162	1
11889735	11889721	1
10709169	10709199	1
12771806	12772684	1
7403394	7403393	1
58964	66679	1
9320879	9320880	1
7384329	7397648	1
12439056	12438246	3
9478778	9478777	1
4850658	4850655	1
8439691	8439692	2
3267124	6755516	1
7239649	7239638	1
6897064	6897114	1
11438817	11438785	2
10136787	10136788	1
1321675	1321632	1
4691676	4691067	1
5556009	4789505	1
8545263	8545264	2
6166383	1727079	1
5194457	5194458	1
5882758	5882752	1
3643524	3643564	1
7737446	7738458	1
3873746	3873743	2
10001771	10001759	1
3681116	3680908	1
11750984	11740178	1
4518838	2499261	1
4684844	4684873	1
8552590	8552589	1
10223023	10223024	1
3263633	3263634	1
9810218	10290538	1
2076827	2075580	1
4622001	4622124	1
11852256	11852400	2
3817488	3817484	1
5693692	5693689	2
2996098	2996097	2
7844538	7844537	1
5272979	5272760	1
4835185	4835188	1
9765041	9523980	1
6171410	6171409	2
11473925	11473926	1
4022803	1346104	1
2837335	2837323	1
2988000	6627638	2
10027995	10027996	1
3763998	3757918	1
9129844	9136169	1
9429377	9429378	1
6790061	6757757	1
8080474	8078950	1
3903929	3904000	1
7247968	7248019	2
9317879	9316836	1
11600670	11600669	1
3204051	3230756	1
340078	339581	1
3982853	3982045	1
1737053	1737054	1
6113808	6113807	1
2143195	2235508	1
3386646	3262446	1
1842765	1842766	1
4246207	4246183	1
7230289	7230198	1
4472586	7056054	1
10383931	10383815	1
7095562	7095549	2
3798750	3798749	2
7367172	751022	1
3257594	3257888	1
10643447	10643539	1
633665	633688	1
1376011	1375952	1
2370540	2370539	2
12596300	12596431	1
6350749	6350750	1
10582691	10582692	1
8549412	8549883	2
10478453	10506103	1
4110598	3997387	1
7698744	7698752	1
561926	561873	1
5427104	6334478	1
6431389	11726049	1
3422265	3422266	2
3875369	3900913	1
12176156	12176155	1
3031245	3030643	1
11590245	11592212	1
9232453	9421956	1
1381462	1381457	1
6440843	6440809	1
710053	710054	1
10412371	10412287	1
11923013	11922927	1
8482804	8482803	1
10870615	10869870	1
9869211	9868974	1
1584532	1584313	1
5051316	5051320	1
4490049	4506831	1
3509272	3706025	1
10873765	10873766	1
3566997	3566963	1
3501308	3501302	1
6514780	5060290	1
10767214	10767201	1
5705797	5707225	1
7023956	7023955	1
3863154	3863653	1
10096585	10082652	1
10507670	10307035	2
12152121	12152122	4
5191384	5191353	1
11428920	11428919	2
8860949	8859430	1
3832169	3789400	1
7176281	7174298	1
6038172	8282812	1
3962285	3962299	1
731513	458742	1
12156851	12156954	2
3967752	3967260	1
10613956	10614030	2
11879326	11849467	1
12463775	12454141	1
300580	300499	3
6053222	6053237	2
10011829	9305551	1
8316809	8316878	1
9582630	9582596	1
3278378	6110259	1
3427880	3426979	1
6199710	6160208	2
9997947	9997948	1
11031242	11031059	1
10027997	10027998	1
10893110	10893109	1
8614699	8604031	1
443958	443957	1
9250202	9250201	1
4029378	4029377	2
4070079	4070080	1
7800471	12388323	2
9833420	9834116	1
8844344	9236491	2
793422	793421	3
5341206	5341211	2
2678816	2678815	2
3274387	3274503	1
6568603	6568604	2
1299902	1300357	1
5473065	5472987	1
3946213	3945209	1
1789077	6190166	4
11889369	11889370	1
205909	205910	2
7492079	7492080	1
3882197	3882198	2
2378344	2378354	1
5383354	5384534	1
3975483	5437999	1
3601892	3601891	2
11731842	11927567	1
9103508	9103908	1
5496425	5496426	3
4518838	11170263	1
3036476	3036475	1
8839773	8839771	1
7459464	7459463	3
6705983	6499827	1
2470345	2470346	1
7844693	7844539	1
2270176	2270175	2
10902872	10903865	2
3025769	3026847	1
9593276	9592267	1
9602639	9602642	1
7205311	7205419	2
11184454	5570627	2
913636	913581	1
2216228	2216227	1
7777790	7777789	2
2557523	2556461	2
11796662	11793837	3
6103786	6103773	1
3723989	3785537	1
4730114	5226427	1
2490211	2539563	2
7742163	7742153	1
11799901	11702635	1
3789648	3789620	1
3019159	3019160	1
1573955	1573956	1
2404173	2405128	1
12258622	12259551	1
5013686	5013673	1
4227686	4227692	1
1982672	1982909	1
1838631	1838647	1
7099393	7099876	1
8274667	7717517	1
2463394	2463387	1
3903927	3903928	2
4651900	4651899	2
5158395	5158396	1
5847187	5847281	2
1954217	1954694	1
5341210	5341209	2
6453714	6453713	1
10620667	10620668	2
7558046	7557926	2
9600680	9600696	2
150536	150466	1
10772699	2248789	1
5898029	5898030	3
5804730	5804946	1
10270197	5276580	1
11921856	11921989	1
2299925	2299696	1
7704006	7704005	1
3526334	3528973	2
1367360	1372254	1
10953980	10953979	1
12774442	12812287	1
4843301	4843302	2
3981495	3982070	2
3703828	3703809	1
10793864	10793863	2
9977330	9977327	1
10251062	10251043	1
6107559	6129946	2
7031587	7031588	1
3563199	3563200	1
4073936	4073004	2
10621127	10621129	2
9590583	11079267	1
848568	848509	1
10779729	2339321	2
2348685	2443987	1
12675001	12674865	1
6522176	6522063	1
2954480	2954479	1
4553103	4112489	1
1238563	1238564	1
1082673	1082669	1
12243229	12244292	1
8267794	8267083	1
8730498	8731891	1
5820364	5820440	1
10667188	10667187	1
5095991	5095992	1
8939442	8939441	1
346029	345912	1
10434174	10508663	1
8996786	8996785	1
8388930	8388929	2
3257670	3257634	1
9444425	9444426	1
11642098	11642083	1
3975573	3975574	1
2037100	2037099	1
6122322	6122321	1
11824173	11824254	1
2756310	6747710	1
6741881	11906899	2
10601416	10613854	1
719868	780792	1
6521946	2825766	1
9655395	9655391	2
3288370	10280227	1
3792113	3792401	1
2203045	2203046	2
2784715	2784716	1
7230029	7230030	1
8411804	8235637	1
4395828	4395854	1
9682043	9682044	2
3302490	3302602	4
6078561	6078562	1
1943058	1943035	1
3926279	3926280	2
3571858	3571861	1
10482845	10483099	1
7402866	7402865	1
11957982	12172997	1
4652063	4653870	1
3865039	8226835	1
7121082	7120508	2
6952655	6952676	1
6329999	6329986	1
5495611	5495614	2
5369066	5443158	2
10372287	10372288	1
4724320	4724319	1
11428918	11428904	1
7401989	7198283	1
11135039	10942806	2
11997553	11997554	1
2988002	2988001	1
11927716	11926252	1
11827074	11877044	1
3052617	3052618	1
1533008	1533029	1
8618428	8618410	2
3649693	3560056	1
5310817	5310796	1
4272825	4272826	1
1255620	1255619	3
10875641	10875235	3
5993485	5984211	1
255611	255612	1
626728	462417	1
3310626	3310625	1
4623614	4623632	1
9372556	9374381	1
1102218	1103130	1
8286076	8286075	1
9468139	9468140	1
5279713	5279714	1
11792667	11792033	2
967163	967164	1
6720454	6720453	1
10104425	10097998	1
3983896	3983895	1
4059672	4059538	1
1855543	1863773	1
2251164	2261358	1
12281726	12281728	1
7799496	7799493	2
5045422	5045419	1
936695	936696	1
6845446	8689357	1
3131331	6642096	1
3798753	7987861	1
8237411	8237657	1
1653976	1583502	1
12674391	12674392	1
7564375	7564378	1
8199084	8199103	1
1733874	1732614	2
6895241	6895779	1
5310815	5310816	1
4858489	4858497	1
376506	376544	1
10680176	10680175	1
2961948	2961947	2
12183671	12183667	1
1803872	1803871	7
10878586	10878588	1
11163177	11163178	1
11854223	11854107	1
11628580	11628579	4
772357	772358	1
5578972	5579340	2
2109912	3687577	2
1898623	1898624	1
7250317	7250318	1
4284213	4283504	1
2398712	2398711	1
6993144	6997048	3
774129	6827236	1
2826021	2826043	1
6634536	6634535	1
9121160	9121109	1
2344066	2344604	1
7518230	7518228	1
11895334	11893949	1
1498040	1498039	3
7941183	7941184	1
1358778	1358777	1
9963904	9959219	2
4812288	4812286	1
3945056	4049035	1
5723195	5724247	2
992976	3138829	2
10438753	10438754	2
6266620	6266598	1
7764885	7764886	1
4053923	4053924	4
6231211	6231212	1
11191573	11193828	1
2484373	2484381	1
7362759	7362760	2
9655393	9655394	3
11095438	11088804	1
5898031	5897952	2
8960608	8961059	1
11335727	11335777	1
2989640	2996130	1
10252048	10252123	1
11073605	11073434	1
4777798	5556123	1
1403272	1403288	1
820513	810663	1
314621	316749	1
3310628	3310627	1
7369627	7369628	1
7199130	7198516	1
602344	11406152	2
6098629	6098630	1
8047645	8047683	1
1998750	1998749	4
9534706	9534705	1
4441310	4441300	1
7446315	7446316	1
12232774	12232773	1
3734862	3734433	1
9436751	9294353	1
9995815	9995816	1
6751883	6752019	1
8192680	8192608	1
8110629	8110639	1
9306593	9306596	1
12728945	12729376	1
1580726	1580725	2
7398894	7398884	1
388928	388887	1
9309306	9309208	1
11628576	11628575	1
12419352	12419370	1
11611440	11606256	2
10029462	10029078	1
4029378	4029375	2
11663680	11731149	1
3901714	3901713	2
11123141	11123142	1
11286387	11286388	1
8849590	8849589	1
4174544	4174711	1
6499061	6498965	1
11191426	11191425	1
7041708	7039839	1
2725929	2756491	1
7917781	7917868	1
11028739	11028769	3
11980549	11980550	1
3972442	3972500	1
8510488	2514554	2
3984432	723548	1
4706716	4703386	1
12389594	12389591	1
7930322	7925587	1
12347607	12348185	1
2530404	2530385	1
4448720	4449194	1
2018575	2018844	1
6184097	5294066	1
10344566	7599823	1
971524	971601	1
10001752	10001751	1
5227603	5227604	1
2997914	2997925	1
8417443	8417444	1
9534708	9534707	1
2320269	2320270	1
12389592	12389591	1
6839102	6838416	1
10646736	10645107	1
7522260	7522363	1
6314435	6313048	1
5897856	5902099	1
6130122	1719407	2
1418000	1417999	1
3260108	3259469	1
2216226	2216229	1
5782884	5782887	1
7120509	7120510	1
8378141	2477827	1
11677921	11678163	1
5490663	5490664	1
5621739	5621729	1
8153937	8153938	1
7857116	7857115	1
3378042	3377580	1
1006062	1006237	1
5076290	10704843	1
10196701	10196702	1
2784713	2784714	2
5466049	5466061	1
109041	109042	1
6597551	6598459	1
1535609	1535610	1
9648465	9648372	1
7905773	7905774	1
11278508	11278860	1
11844370	11836456	2
4348525	4347469	1
5012951	5012952	1
7402329	7402043	1
11995760	157920	1
10894971	4049152	1
10735861	10735862	1
9905677	9909599	1
10190679	10190665	1
7667109	7667110	1
255519	11943334	1
8920484	8920436	1
10452699	4991134	1
3554605	3554606	4
3860335	3860336	1
1947664	1980190	1
333062	333061	1
2457103	2457104	1
12516696	12516695	1
3318647	7235572	1
6878278	6878277	1
10971427	10979295	1
9482151	9295713	1
9981716	9981715	1
6000589	6000748	1
11718322	11717803	1
5887447	5887448	1
5781006	5612117	1
5228149	5224906	1
1940778	1940777	1
5045441	4470086	1
5422030	5209610	1
11278222	11278221	1
7905938	7905962	1
7523445	7523446	1
8500308	4829469	1
11478437	11478440	1
1928502	1974015	2
7886113	280860	2
10171511	10171439	1
7123509	7123540	1
10042018	10041345	1
3743390	3743355	1
7215386	7215475	2
2258087	2259769	1
3970867	3970868	1
9173629	9173694	1
5056813	6194267	1
3553098	3553481	1
3966503	10738920	1
7388394	7388410	1
10879037	10879038	1
6952655	6952656	1
12622686	12619891	1
12662502	12662532	1
6829139	6829140	1
10900566	5005071	2
7418774	7419085	1
3957435	3957436	1
10963892	1470787	1
11501865	11492030	1
10803107	10803076	1
11933169	11934219	1
777663	777661	1
3989574	3989608	1
1376872	793384	1
7274659	7274660	1
4876207	4877626	1
316116	316115	2
5009502	4918070	1
1287976	1289783	1
314434	314431	2
9297062	9297061	1
9551891	9551892	1
12801396	12801393	1
1671518	1671515	1
11702162	11801380	1
7962532	7962261	1
7020057	7025202	1
1598478	1598477	1
10451189	10367421	1
1265709	1266049	1
9134576	9134579	1
7269355	7269356	3
12301665	12301658	1
4029376	4029375	2
2636883	2636894	1
9186773	2231793	1
10768986	10768985	1
3142085	3142088	1
1308143	4021703	1
9718301	9718302	4
4875124	4875123	1
4009636	4009635	1
7803082	7803081	1
7380315	7380316	1
11120307	11077041	1
