fend1	fend2	count
11520539	11532385	1
2505169	2506976	1
1002982	1000064	2
321394	321393	1
7928774	7928773	1
6353353	6353354	1
6819606	6819605	1
483770	483682	2
5004834	5004815	1
4629736	4517979	1
2104954	2104979	2
6081418	6077379	3
7290702	7290661	1
10629975	10758668	2
758134	758133	1
10765670	10378110	1
3656032	3656031	2
10567362	10490817	1
11548771	11548772	1
9653397	9653400	1
6109718	6109717	1
9278945	9278966	1
3812271	3812957	1
3120906	3119203	1
1070055	6515501	1
578156	578089	1
3557274	3557277	1
8185926	8185925	1
4194884	4194881	2
9816710	9816716	1
8893510	8893314	1
10325370	10325352	2
11577535	11577536	1
1250106	1249265	1
12397692	12397691	1
16193	16198	1
5879705	5879717	1
9391267	9389478	2
7292203	7166469	2
11646329	11646330	3
9566824	9566823	1
12265311	12265312	3
2421427	2171718	1
9499352	9499351	1
934563	934564	1
6263825	6262368	1
7375727	7371656	2
7446478	7446475	2
10151270	10151269	2
7595957	7932421	1
11410943	11410944	1
10762796	10762978	3
5981628	5981627	1
12377280	12380506	1
7788633	7788634	1
4582269	4582270	1
11410945	11416898	1
7490956	7478129	1
11994098	11994286	2
5997	5998	1
8390586	8390574	1
10663958	10663882	1
6144266	2509720	1
12285874	12285873	1
4987166	4987165	1
3884059	3884151	2
3313714	3148610	1
2542570	2542569	2
1604169	1514026	1
1170862	1170861	1
8303863	8303864	2
5858703	5858704	3
4949170	4949167	1
2899700	2899697	1
737914	737913	3
5941244	5941100	1
6915387	6915229	1
9373580	9373584	1
19887	10139823	1
74353	74354	1
6831205	6831214	1
8254356	8254206	1
4514504	4514499	1
8489604	8487203	1
1824633	1824634	1
10746794	10746776	3
10151272	10151271	3
3809227	3809228	1
1782146	1782145	1
6458773	6458776	1
5011465	5011466	1
9937355	9937358	1
8768987	8768988	1
6872062	6871269	1
6071513	6071860	1
1243565	1243566	1
12800731	12800732	1
1746658	1746657	2
5961978	5961977	1
10486959	10391128	1
1623092	1623409	2
7786417	7786858	2
9979819	9979820	1
10888883	10888884	1
11000599	10986151	1
657326	657325	2
7340255	7340376	1
10513492	10513422	1
4949168	4949167	1
1645674	1645673	1
3035878	3035875	1
6395745	6395746	1
2563341	2611663	1
11698994	11698993	2
5942418	5942417	1
4831128	4829475	1
2992703	2992704	1
9831036	9831035	1
7668688	7668692	1
1497982	1497985	1
311240	311237	1
11999027	11998586	1
1952168	1870396	1
5392685	5392675	1
11847396	11847395	1
9732007	9732008	1
7722115	7722116	1
7075645	7075646	2
2997740	2983925	2
6785263	6785245	1
6001628	6001607	1
6269849	6269852	2
12237495	12238600	1
8018554	8018553	1
4128788	8621394	1
10118979	10118980	1
8978675	8978679	1
196349	194156	1
5376996	5376934	1
4016449	4016450	1
5301030	5295870	1
8684580	8684579	1
11786694	11786247	1
6636832	6637242	2
738292	738289	1
11706285	11706286	1
1074566	1074568	1
2773439	2773442	1
5976050	5976012	1
4483694	4483693	1
7962423	7962493	1
2357310	2357309	1
3279532	3279531	2
10450771	10450821	1
6796284	6796283	1
10799419	10799568	1
10525983	10525984	1
7082009	7082010	1
4791803	4791806	1
5926843	5926844	1
3264462	3264461	4
8175694	8175709	2
1629886	1629885	1
1685357	1655862	1
2899821	2899701	1
10474351	10474305	2
10464093	12039137	1
150648	152152	1
3110495	3110491	1
6741408	6741051	1
6665108	6664985	1
8644852	8644851	3
4079877	4079720	1
8042969	8042974	1
512685	512722	1
6134599	6133551	2
6413323	6392410	1
6174433	6174434	1
5851988	5851981	1
10575857	10575860	2
8099867	8099930	2
372029	371609	1
10557082	10559106	1
7958215	7896414	1
7066570	7066569	2
4704080	4693099	1
80820	80819	1
1403886	1403876	1
5893798	5893797	2
3126225	3125025	1
1245115	1245288	1
10659037	10665859	2
4076406	9190278	1
5211007	5211001	1
7447686	7447685	1
5429276	5429370	1
4431729	4408318	1
10320597	10320598	2
9034066	9034065	1
758132	758131	1
295071	295072	3
7166470	7166469	2
10317912	10317911	2
4694430	4694429	1
11899966	11899965	1
2500697	2500698	1
10829609	10829787	1
7680741	7524334	1
12505469	12505470	1
11957996	11958198	1
6593246	6593245	1
10384560	10382738	2
4139682	5716235	1
11878010	11878009	1
12052684	12005439	1
7437456	7437455	3
5091972	5091971	4
7284723	7284724	3
8492875	1335133	3
6491672	6679406	1
10308717	10308699	1
9990526	9990521	1
9759839	9761996	1
11476274	11462690	1
6282074	6281311	1
10758669	10758670	3
11699000	11698997	4
10914076	1835253	1
9298325	9235955	1
6029563	6029583	1
7926890	7929157	2
4217500	4217529	1
11451304	11451253	1
2707762	2707761	2
3954548	3954512	2
8890729	8890158	1
7284725	7284728	1
2543085	2542573	1
10535937	10535938	2
7310925	7310926	1
1647125	1647126	3
2205092	2205258	1
12677240	12677191	1
3500338	3500337	1
4254725	4254726	1
3352553	3204069	1
5743663	5743664	2
10525981	10525982	1
12450869	12456105	1
11886581	11886584	1
6095859	6095860	2
8065710	8065709	1
5923085	5780059	1
10903791	10903838	1
6483159	6396327	1
4438826	4438825	3
11611547	11612694	1
5881507	5881508	1
12510461	12510450	1
11821878	11820290	2
8352790	8352641	1
10312133	10312134	1
1838068	1838067	2
4701309	4701312	1
6397544	6397543	1
2738207	2738208	1
1602901	1602902	2
9892369	9816033	1
6747908	6747907	1
7000347	7007228	1
1859994	1859997	1
6840425	12275292	1
10629437	10629434	1
961244	961243	1
2996583	2996584	1
8151676	8151675	1
1115545	1115509	2
8002945	8002950	1
11334157	11334165	2
7236253	7236254	1
7294731	7294732	1
934565	934566	1
12440178	12438891	1
7752602	5323023	1
3959453	3959454	2
3218071	3218072	2
3080944	3080886	2
12192966	12192965	1
7875709	7875710	1
5065534	5065529	3
10541449	10541358	1
267258	267250	1
11317252	11317211	2
2195341	9883699	1
3650569	3650270	1
6716135	6716136	1
7580528	7580440	1
2531278	2491271	1
3081478	3080527	1
2074248	2074247	1
8338042	8338041	1
8674599	8674600	1
9991159	9991160	1
5854358	5854352	1
5549877	5549878	2
3684193	3684194	1
4051832	4051929	1
9197112	9017734	1
7707925	7469847	1
3545601	3545602	1
7398388	7398369	1
12243079	12243080	1
657450	657449	1
1432410	1425233	1
4701311	4701312	1
12533406	12533405	3
12438893	12438743	1
9301895	9301896	1
6500750	6820333	1
11506372	11506371	1
5572255	12788104	1
8237467	8236834	1
9103465	9104379	1
10548443	10548444	2
8925163	8925164	2
2772849	2772850	2
5262672	5262656	1
6632327	6632328	1
12421094	9560967	2
12593445	12593446	2
810827	810830	2
6089878	6089891	1
5918873	5919213	2
6500088	7191048	3
1426757	1426753	1
11728556	11728910	1
5995	5996	1
12571679	5406628	1
10739122	10739121	1
4701308	4701328	2
5526781	5526744	1
9621187	9621220	3
11508124	11565260	1
5911375	5911376	2
1984058	1976728	1
9374934	9316436	1
2547486	2548738	1
10188361	10188364	1
1973476	10365146	1
915443	915446	1
4264080	4264077	1
6064373	6064069	1
6360938	6360937	1
11346155	11347813	2
1732148	1730105	2
2316963	2316964	1
4817894	4805228	1
9499108	9499107	1
12253242	12253241	1
4827558	4827557	2
4847710	4848405	3
158886	158860	1
6718828	6718827	1
8813541	8813595	1
4413885	4413886	1
8737134	8737121	1
4482669	4482670	3
6275380	6275379	1
11792525	11792526	1
7704563	7705224	2
635337	635338	1
5043697	5043698	1
9138237	9138246	1
10397384	10397383	1
11904366	11904365	1
3625599	3625554	4
7494082	7494100	1
2100448	2054250	1
1951521	1952554	1
7284729	7284730	2
10762559	10762562	1
1824637	1824638	1
11742717	11742757	1
217500	217539	1
3031788	3031787	1
10798195	10799888	1
11233317	11233318	1
8832376	8890170	1
1600909	1510934	2
5348277	5348288	1
2680285	2680307	1
1115543	1115544	2
6012727	6012728	1
7681707	7681708	1
1425231	1425232	1
7401494	7401491	1
5669579	5670450	2
6619088	6613450	1
1849171	1849172	1
2833768	2833767	1
6709674	6709673	1
9499106	9499103	1
7687876	7687875	1
11189221	11189218	2
12628617	12628618	1
5979064	5979063	2
11410941	11410942	1
4651648	4651647	1
5670451	5670454	1
949071	948980	1
11354226	11354220	1
1589246	1589243	1
1245809	1245817	1
5858705	5858706	2
8868988	8868981	1
10493263	10493249	1
5363335	5363343	1
8205875	8205876	1
2205293	2205261	1
4406827	4406828	2
5941244	5941104	1
1303259	1303266	1
9392529	9760531	1
3735917	8571806	1
5459485	5459486	1
10486566	10685692	1
11742841	11742921	1
956361	956358	1
6391679	6391680	1
7470829	7470830	1
7515325	7514568	1
6829806	6829666	1
7290702	7290659	2
7694694	7694693	3
7599953	7599954	1
11846443	11846530	1
2864766	2859863	1
3507883	3507884	1
10334094	5921397	1
5852441	5853202	1
7873203	7873175	1
12383992	12383991	1
7050334	7050333	1
9337093	9337185	1
10576661	10576662	1
4825011	4825012	1
3123097	2939179	1
4796896	4796893	1
8764999	8764858	1
887032	924260	2
10669261	10669262	2
2321624	2321736	1
5327110	5327109	2
6278692	6278738	1
2759666	2759641	1
4575861	4575864	1
11478585	11478588	2
10958984	10958983	1
10181593	10181358	2
9145942	9145991	1
5234805	5234806	1
7408529	7408530	1
4867260	4867255	1
7927340	7958101	1
1032478	1032548	1
7594686	7972254	1
12334541	12572973	1
981249	981250	1
4688945	4688946	1
197102	197139	2
5981693	5981696	1
8947615	8947073	1
5603219	5604506	1
12466630	12466629	1
1579501	1579502	1
10325353	10325354	2
3656034	3656031	1
29004	28936	1
3678019	3678020	1
3031790	3031789	2
2899902	2899884	1
3557276	3557275	1
5524403	5524406	3
5335786	5339348	1
11070822	11070817	1
5957994	5962566	1
10300600	4374815	1
1335369	1360392	1
1829449	1829452	1
6958629	6958630	3
8305069	8307146	1
3377068	3325097	1
3529008	3529029	1
5517488	5517475	1
11743671	11743760	1
9667996	9667995	1
10493103	10493104	3
729875	729876	1
10322375	10322372	1
6420249	6420250	1
194784	194783	1
4816461	4817216	1
9957873	9955591	1
10772698	10772695	1
404350	404883	1
10675565	10675632	1
6779743	6779744	1
81665	81666	1
475930	475942	1
6206071	5859473	1
2544085	2535469	3
5414416	5414415	1
11572074	11572084	1
11281152	11281151	1
41808	41807	1
5801096	5801481	1
8640383	8640380	1
7489214	7490963	1
4955233	4955234	2
634158	634157	1
5459485	5459488	1
9622342	9643979	1
5941101	5941104	1
6334337	6334527	2
8043750	8043734	1
7255866	7255903	1
10142671	10142672	1
6013812	6013815	1
12337673	12338718	1
6064693	6064694	3
6056805	6056806	1
7195046	7195045	1
6016499	5976542	1
2991541	2991542	1
7900848	7900844	1
912558	912555	1
8738298	8737125	1
5599035	5585885	3
6500043	6500044	1
12205763	12203261	1
12238288	12238285	1
1442760	1442759	2
11593314	11593313	1
6709672	6709671	1
3725120	3725119	1
5419053	5419054	1
3084050	2961705	1
9756318	9756481	1
7670666	7670665	2
4955231	4955232	3
6523732	6524001	1
1155654	1155623	2
2714135	2715125	1
9925511	9925512	1
1946285	1946273	1
1751203	1282560	2
11418496	11418495	1
3725110	3725119	1
11140358	11140357	1
9988752	9988751	1
3725110	3725121	1
3086613	3086614	1
5762953	5762956	1
4566091	4566092	2
8656003	8656006	2
894829	894830	2
10306875	10306876	1
7958763	7958761	1
7454583	7454584	1
2344170	2343848	1
123323	244503	1
6382617	6365559	1
2681960	2681959	1
6080835	6080540	1
11516316	11516315	1
6458119	6458120	2
3523431	3523432	2
10669491	10669492	1
10999541	10999542	1
9531625	9592036	1
4583222	4583221	2
3273149	3273150	1
11728911	11728912	1
4605444	4609537	1
8014598	8014752	1
10570846	10570845	1
6336727	6406160	1
10068331	10064079	1
2414934	2414933	1
2382869	2381717	1
5674149	5851241	2
7362001	7362002	1
2788677	2731979	1
2228329	2229019	2
4207412	4207411	1
10363287	10363288	2
12470364	12470362	1
12716066	12740426	1
1909905	1909906	2
3507885	3507536	1
7043618	7032319	2
11492332	11492331	1
10107874	10107873	1
8867947	1993868	1
3702253	3702254	1
5616864	5616861	1
4028902	9189232	1
7691004	7700123	1
4611345	4611346	1
8191494	8191493	2
10212514	10212511	1
8262160	8262159	2
7425224	7423143	1
6927529	6927515	1
12571925	12571930	1
2064519	2064520	1
2031330	2031912	1
8689093	8680178	1
10655786	10655789	1
3561267	3560925	2
8881364	8881765	2
2414936	2414935	1
4741916	4741911	1
10615251	10615254	1
7292573	7292574	1
2260804	2260448	4
5216021	5214300	2
6888060	6887894	1
1859996	1859995	1
1331254	1331253	2
1572946	1572984	1
7336716	7336429	1
6135009	6135010	3
3930472	3930471	1
634162	634159	1
11501853	11501835	1
5916317	5916318	1
12171549	12267527	1
514054	484583	2
7265674	7276129	1
592491	592443	1
6830361	6837479	1
8216112	8216111	1
11637890	11625592	1
12017121	11985192	1
7343397	7343398	2
1214990	1215647	2
1871937	1871938	1
8700711	8059240	1
3387958	3387936	1
439932	439935	1
3654646	3456960	2
5558732	5558731	1
5068122	5140997	1
4410154	4410153	1
11299118	11299121	1
10758673	10758674	2
10978183	10978184	3
1829157	1829158	1
761110	761164	1
928791	928792	2
11052563	10939143	1
4793316	4793315	3
12480591	12480592	1
11471073	11471074	1
7332212	7332329	1
439936	439933	1
7284725	7284730	1
7296611	7296612	4
3581900	3584666	1
12181801	12398332	1
10573436	10573435	1
8104279	8104268	1
10422710	10422719	1
7543855	7681706	1
2597603	2597604	1
4479434	4479433	2
5499069	5499047	2
4269796	4269795	1
9768407	9768414	4
4242801	4242802	3
11642462	11642461	1
10239831	10239832	1
4404493	4330631	2
928793	928794	2
11621655	11622010	1
7750996	7750995	2
8749429	8749499	2
4621137	4621138	2
2996097	2996098	1
4304117	4304118	1
6817244	6817243	1
7292203	7166471	2
10989993	10990018	3
3046075	3046067	1
496478	496477	1
10315350	10320950	1
6185681	6185682	1
6341054	6341053	1
4041276	4041281	1
11821880	11821879	2
7286011	7286012	2
6423625	6413310	1
5210456	5210455	2
3031732	3140796	1
8855095	8855096	1
11107180	11107179	1
6002642	6002639	2
6681249	6681252	2
6041864	6041863	1
7894471	7889401	1
743538	744481	1
5801088	5794456	1
6939253	6939254	1
3168037	3168020	2
11236459	11236460	3
12318066	12318040	1
7972163	7875708	1
7745297	7763682	1
5818080	5821627	1
5210454	5210453	1
6573511	6573512	1
5459487	5459488	1
4814429	4814432	1
657452	657451	1
3676513	3676049	1
3964414	3964413	1
3139569	3139537	1
11115997	11054986	1
12800005	12800006	1
3497508	3497483	2
10891968	10891967	1
4826759	4826760	1
3545603	3545561	1
10323366	10324775	1
10960315	10960316	3
474560	474555	2
6354419	6354371	1
4583220	4583219	2
7043620	7043619	3
8178072	8178071	1
4663406	4663396	1
6513739	6513740	2
4406829	4269021	1
11938208	11759368	1
1006328	1006327	2
7816814	7812832	1
5749038	5749037	1
8684576	8684579	1
3796932	3796757	1
4824740	4824745	1
1528034	1528077	1
4482073	4482091	1
152153	152154	2
1738416	1738415	1
7900819	7900795	1
11705763	11705764	2
4583306	4257477	1
12650738	12651089	1
10490848	10490847	1
10444936	10444935	1
4582153	4582154	2
836449	836450	1
3002586	3004157	1
7694694	7694685	1
5490260	5490350	1
643020	643001	1
7892461	7892462	1
9192432	927959	1
1090258	1240756	2
8772407	8790446	4
2905586	2905457	1
1650590	1650570	1
2689345	2689348	1
10532421	10532422	1
6817955	6817941	1
8231588	8231541	1
737912	738475	3
1466972	1466447	1
9980185	9980186	1
6086204	6086203	1
5023413	5023414	1
6849135	6849136	1
6135497	6135498	1
10629435	10629436	1
12192960	12191311	1
11893874	11893873	1
5782556	5758974	2
4656782	4656774	1
1724673	1724674	1
3237841	3237824	2
9936434	9936413	1
3402969	3428347	1
9851002	9851332	2
7992620	7992617	1
1322465	1323807	1
10772698	10772697	2
10655245	10655246	2
1925391	1925392	1
6203492	6203489	1
9843674	9843673	1
11725673	11725676	1
5021846	5021845	2
4794273	4794274	1
6025079	6025080	2
5675079	5672165	1
6537754	6537727	2
5256150	5342058	1
1604177	1605173	1
395063	395064	1
2380290	2380289	1
11317254	11317253	3
5066334	5142669	1
6123917	6123924	2
7654367	7654182	2
1727891	1727894	4
10772696	10772695	1
9650922	9650921	1
11612438	11612435	1
3264460	3264562	2
10805563	10805564	1
4332944	4332377	1
10030828	10030827	1
10662430	10662006	1
9427122	9427119	1
7030182	7030181	2
11886385	11885849	1
5247215	5247216	1
7247553	7247554	1
2380302	2380301	3
4362074	4362073	1
6206071	5859471	1
10915813	10915814	2
6336719	6336720	1
6159594	6007577	1
2348385	2348395	1
7302136	7302135	1
11157603	11158066	1
2940436	3059052	1
5546943	5546944	1
9991161	9989101	1
1610623	1610624	1
3339362	3339350	4
10209144	10210059	1
11078193	11208368	4
10553515	10553516	1
10403749	10407758	1
618260	618257	1
1179556	1187868	2
1955818	1921189	1
4295062	4314882	2
8708245	8709535	1
8917447	8917570	1
5488814	5488813	2
2927033	2927034	1
2197669	2229105	1
11062285	11062286	1
66569	63871	1
4338517	4338518	1
71430	71474	1
1212612	1211988	1
8200889	8200890	1
3914092	9107949	1
10151089	10151090	1
7589117	7589103	1
2676233	2676532	1
8828785	8828814	1
5787692	5787691	1
41642	41807	1
12510375	12510460	1
6458121	6458122	1
10989978	10989977	2
10263566	10258122	1
8475792	8475789	3
5927078	5927077	1
3854978	3854977	1
5670453	5670454	2
3419003	3547226	1
7296615	7296616	2
9492882	9672649	1
10688021	10688022	1
2748643	2748644	1
11111151	11111152	1
10468429	10468430	1
8747612	8749365	1
461365	463498	1
7096898	7096912	1
978838	979081	1
4478976	4478975	1
1727891	1727896	1
3656034	3656033	1
5099633	10531513	1
9730922	9730921	1
7373883	7376101	1
12328914	12329740	1
3692226	9097927	1
4514506	4514505	2
7074012	7074011	1
12425022	12425021	2
10489825	10492131	1
8892781	8891845	1
817117	817118	1
3252297	3252007	3
2031326	2031912	1
8639112	8639748	1
792146	793885	1
680097	678843	1
5240600	5242179	1
10708061	10708062	1
6519298	6519297	1
8693792	8693832	1
2925286	2925285	3
12611532	12611531	2
212641	212642	4
10016542	10016973	1
12443514	12443513	2
1897125	1897000	1
912818	817119	1
610101	610102	1
10424825	10424841	1
8076643	8076651	1
1173179	1170863	1
7336716	7336431	1
4572006	4572001	1
2506977	2506843	1
5544426	5544425	1
4392364	4392363	1
3703429	8222759	1
10224219	10227284	1
4737591	1341743	2
12786625	12782001	1
6835075	6835076	1
5317140	5317139	1
10417923	10418472	1
7593981	7593982	2
3156662	3322646	1
10536087	10539445	1
2818658	2821545	2
6513741	6513742	1
11544006	11533408	1
8205877	8205878	1
4470277	4470280	1
11143944	11143939	1
1645969	1645970	1
9608691	9763145	1
150648	152154	1
4415120	4415119	1
9287360	9287396	1
9252530	9252361	1
12306740	12309278	1
8212536	8211159	1
6174435	6192074	1
4273416	4273692	1
3210531	3278555	1
4829280	4829279	2
10100693	10107129	1
11705767	11705780	1
4705710	4790659	1
7293083	7293084	2
10450936	10450818	1
5483325	5483328	1
11637888	11625592	1
6873990	6868633	2
5732260	5732097	1
233559	233172	2
7894471	7889399	1
6679469	6679470	1
5569693	5569708	2
10737863	10737032	2
6853179	6853138	1
8414085	8414086	1
7708869	7708872	1
1830216	1781776	1
6564543	6819289	2
279830	280036	1
5223872	5223920	1
11746073	11746220	2
5304057	5315772	1
2899696	2899695	1
7786351	7786860	2
12798663	12798664	1
2284401	2284610	1
8795130	8795127	1
3272271	3272272	1
4505790	4505789	1
5301032	5301031	1
7793521	7793524	1
2599785	2599790	2
3526033	3526034	2
6543394	6543434	1
11671453	11671449	1
6874560	6874568	1
6086345	6086346	2
10536881	10536886	2
10197152	10197151	1
9300224	9300223	4
995123	1000214	1
7085851	7038521	1
6384825	6383464	4
4151782	4151796	1
8701884	8701856	1
1099349	1099336	1
2105985	2105987	1
3016872	3016654	1
6671649	6671652	1
4812934	4812933	3
4282337	4282074	1
2112440	2111771	1
6278694	6278693	1
12047472	12051172	3
2927035	3026084	1
2599787	2599790	1
6391204	6390884	1
8767624	8767260	1
3718503	3722470	1
12224247	12224248	2
1331252	1331251	1
8104429	8104841	1
5324046	5318881	1
4254727	4269387	1
2500693	2500696	1
2352028	2352027	1
299582	289638	3
8231540	8231539	1
11825356	2645465	1
4264076	4264075	1
5900071	5900072	1
6129925	6129926	1
5546941	5546942	1
7651003	7651004	1
9952397	9951748	1
7595957	7932419	1
10574728	10574725	1
10143833	10143834	1
10536887	10539034	1
12438895	12438743	2
4716354	4716353	1
4566093	4566094	1
5901919	5901920	1
4814431	4814432	1
6414790	6416105	1
5823667	5823668	1
12379097	12379157	2
4255168	4254782	1
3605777	3625208	1
6589532	6589535	1
9504513	9504514	2
5927076	5927034	1
3500336	3500335	2
10439932	10439703	1
10754352	10754351	2
3260906	3260905	1
10456983	10456984	2
9851335	9851336	1
11778929	4292963	1
3086615	3086616	1
4616306	4617251	1
8207287	8206468	1
3857304	3856686	1
6012688	6005060	1
8616964	8508204	1
6601819	6601820	1
5669902	5670299	1
9680615	9684814	1
5541346	5541345	1
6079492	6079491	1
5524683	5432564	3
8486123	8486124	1
9292628	9291713	1
9786393	9786412	2
7470831	7470855	1
4265980	4265979	2
7314238	7319304	1
7982683	7895509	1
5818003	5817982	2
9129681	9129682	1
2819020	2819019	1
10574724	10574721	2
4575859	4575860	1
7284823	7284731	1
416492	416491	1
12318064	12318040	2
9424954	9422565	1
62261	61965	1
499553	499554	1
7751008	7750997	2
9851004	9851003	2
6275382	6275381	1
11698996	11698995	2
9663134	9758456	1
6847777	6847778	1
6585204	6585203	2
5688493	5637128	1
6628243	6628244	1
2510311	2510312	1
1481929	1481930	1
835019	835020	1
634162	634157	1
2850705	2850773	1
9954206	9954203	1
10140250	10142108	1
2080353	2080365	1
894831	894832	1
6496386	6496385	3
10548445	10548434	1
5976272	5976480	1
10412412	10412409	1
11864749	11851783	1
4638261	4638264	3
6935370	6935369	3
1485066	1623652	1
3061040	3061039	1
1601877	1601907	1
9599154	9599169	1
1164509	1164953	1
8157593	8157594	1
515906	515908	1
2599785	2599786	2
9544577	9691596	2
4768337	4768338	1
6201245	6201246	2
6849137	6849138	1
3689606	3669143	1
1965514	1998832	1
8827152	8827201	1
9277466	9277465	1
1600270	1600269	1
6121358	1734717	1
2586148	2560399	1
5854106	5854138	1
4706073	4706076	1
5504617	6051515	2
758134	758131	1
10334564	10334561	2
11699010	11699009	2
6691660	6691657	1
7434214	7434213	1
10363289	10363294	1
11612429	11612432	1
4757765	4754370	2
7834964	7836686	1
2642962	2643167	1
10476857	10476858	1
8242977	8242978	1
10574734	10574725	1
10044673	10044674	1
4716352	4716351	1
9611622	9611621	1
4382145	4382146	2
3941380	3941396	1
10364329	10359832	1
6206878	6206877	1
5349908	5349905	1
4389388	4245753	1
5057481	5057482	2
10144120	10143184	3
11878012	11878011	1
3160415	3160416	1
1403886	1403885	1
4483692	4478979	1
6278898	6503220	1
3668923	3668928	1
1966959	1966962	1
3298552	3300325	1
11844287	11843180	1
5917426	6067518	1
10649475	10649476	1
10734461	10734490	1
5818003	5817984	1
4424558	4424557	1
1645971	1645972	2
3735561	3735479	1
12351973	12351974	1
9852657	9852658	1
9493791	9493789	1
967845	967846	1
7154123	7154124	2
5263188	5262955	1
7095332	7095398	1
6286418	6286417	1
4575865	4575855	1
857915	854967	2
1673161	1672926	1
11848389	11848383	1
6220583	6220586	1
6286418	6247339	2
6423623	6413310	1
10112662	10112661	2
5524407	5524408	2
3589187	3589188	1
6420251	5808296	1
2031330	2031327	2
8682407	8683400	1
7116553	7116579	1
5749516	5749515	1
12243081	12247458	1
10317910	10317909	2
8656208	8655046	1
8418352	8418303	1
11352856	7611151	1
6873714	6873713	1
11128846	11128849	1
11471085	11471072	1
2403558	2403557	1
11668713	11668687	1
11436824	11440801	1
4514072	4514071	2
7932420	7932419	1
4819044	4819043	2
11918670	11918677	1
5630219	5630220	1
12804944	12805413	1
686761	686762	4
1415242	1415221	2
1515451	1515452	1
3683951	3709217	1
2414936	2414933	1
7849849	7849850	1
11625852	11625945	1
3934852	3958582	1
5121254	5121251	1
8759638	8762845	1
9324153	9324001	3
3360080	3360079	2
4805203	4805206	1
7959796	7959795	1
7075643	7075644	3
7899357	7899358	2
10146210	10146400	1
7059814	11403942	1
6697747	6697489	1
5546874	5546873	2
8034384	1838819	1
4953227	5680653	2
5549875	5549876	2
8827200	8827203	1
7097807	7097803	1
9433472	9433461	1
4735109	4735110	2
9576027	9576028	3
6693108	6693107	1
3706115	3706185	1
7724432	11412261	2
12035907	12035145	1
1224327	1219491	1
3266547	3266543	3
3031788	3031785	1
3086617	3086618	1
10230321	10230611	1
11709621	11708867	1
1447277	1448112	1
11588343	11588344	1
5804535	5804536	1
7290843	7290844	1
5813639	5813659	1
9034051	9034065	1
383651	383652	3
133877	133878	4
6737269	6737522	1
10615255	10615256	1
2172893	2172289	1
7085851	7038519	1
11452190	11459146	1
6340534	6341059	2
3745895	3742282	1
11161806	11165649	1
1830626	1773696	1
3740578	3740597	1
888691	888694	2
6275096	6275095	1
7667969	7667970	1
8467741	8467720	1
10774238	10774237	1
5968001	6130957	1
229113	229855	1
4296663	4296664	1
8649871	8649872	1
5188809	5188810	1
5011296	5011295	2
7793521	7793522	2
10210888	10213223	1
4585328	4586168	2
12173359	12141164	1
6963485	6905254	1
11755643	11755644	1
7030191	7030192	1
7850069	7850070	1
7290660	7290659	1
3906773	3906774	1
12438893	12438894	1
1387250	1387249	1
5649267	5649268	1
7247814	7254006	1
12570135	12570136	1
5557551	5455748	1
11702136	11702135	1
11860528	11724688	1
11759369	11759370	1
5772421	5772441	1
1550629	1478586	1
1601948	1601528	2
10978183	10978186	1
4265978	4265973	1
10341617	10340437	1
7082615	7082281	1
9653399	9653400	1
9565561	9565452	1
6279316	6279315	3
2102471	2102472	1
12154027	12154014	1
6064697	6064698	1
10597202	10597199	1
7680239	7680245	1
7541911	7541912	1
5483329	5483330	1
10915815	1537048	2
3519504	3519503	1
10536881	10539034	1
1115541	1115542	2
3310135	3307487	1
6133550	6133549	2
7289190	7289187	1
4741916	4741909	2
10708059	10708060	1
4231493	4231494	1
5562505	5562506	1
1589248	1589247	2
7708867	7708868	1
10016972	10016971	3
6391681	6391652	1
2260475	2020230	1
12801440	12801437	1
8303865	8303872	2
3828449	3828450	1
4954081	4954082	1
6678235	6678236	1
5332559	5346294	1
6131649	6131654	1
12440387	12600392	1
12766420	12772688	1
5301032	5295870	1
12131421	12131411	2
4028846	4028842	1
5960773	5960777	1
12187905	12187902	1
5568009	5568010	1
11858367	11858368	1
11699321	11699322	1
7286007	7286008	2
9369315	9372930	1
4797382	4797381	1
7030184	7030183	2
3960703	3959208	1
1470615	1199967	1
6500090	6500089	3
10647129	10640134	1
4151876	4151873	1
425741	40798	1
10910365	10908876	2
5057167	5057170	2
656696	656719	2
10312135	10554705	1
11998416	11998501	1
12368928	12371578	1
4814429	4814430	1
9773673	9544920	1
6523988	6523985	1
1629888	1629887	1
8272793	8271953	1
4620154	4620153	1
589027	588992	1
8424797	8425107	1
6033650	6033752	1
1306195	1305931	1
366859	569556	1
11641280	11641296	1
303931	303932	3
8941769	702473	1
6896405	6896406	1
11609334	11609333	2
10808568	10811718	2
9690415	9689924	1
4433460	4391712	1
6519300	6519299	1
8014596	8014752	1
2276449	2276418	1
1416764	12554825	1
2016560	2016559	1
7062924	7051425	2
8581471	8581457	2
4333317	4331893	1
7594979	7594980	1
6120620	6120619	1
4482667	4482668	3
10556387	10544199	1
11992850	11992849	1
5596669	5596679	1
7882594	7600622	1
2198065	2198066	1
10483979	10483980	1
4492819	4492820	1
4789988	4794062	1
10131107	10131108	1
9086867	9087108	1
12389621	12389641	2
4442004	4442001	1
186759	186760	1
12379156	12379155	2
10237626	10237629	1
995763	997651	1
9851333	9851334	1
2356188	2356251	1
4595552	4595549	4
7191761	7192101	1
6370694	5052534	1
4734609	4734610	1
4863392	4863391	1
9283129	9283130	2
6123523	11590325	1
1033516	1033233	2
1672338	1672337	1
7091051	7091059	1
2337171	2410151	2
7032519	7032542	1
7188901	7188902	1
4992573	4992574	3
10250549	10250550	1
1510912	1510909	2
6515500	1070034	1
12350960	12350959	2
3272273	3272274	1
416361	516234	1
6840423	6840424	1
5197505	5196103	1
5066334	5142667	2
8650255	8651378	1
5710567	5710568	1
1577363	1577364	2
4318771	4318772	1
9566822	9565899	1
1788254	1788435	1
10309563	10309564	1
11399042	11400219	1
11111443	11111150	1
7786351	7786416	3
10342450	10342448	1
233342	233341	1
6198675	6198676	1
5353827	5353872	1
4037724	4037696	1
2706072	2698003	2
4492572	4492630	1
7030189	7030192	2
10248142	10248141	3
11233319	11233320	1
5680652	5680645	1
9231310	9231309	2
11556977	11556954	1
6873993	6873713	1
5181945	5181946	1
11897291	11897294	1
12800576	12800952	1
11252435	5781234	1
3477181	3588808	1
5517474	5517473	1
11147270	11149564	3
9143296	9054212	1
9795702	9795715	1
12801609	12801592	3
7814441	7815422	1
915411	915430	1
4792739	4792991	1
11888232	11933711	1
1973114	1973442	1
6523986	6523985	1
3747159	8572735	1
7653771	7654011	1
10567605	10567498	1
7141669	7141670	1
1440733	1440734	1
12502881	12502882	1
6032755	6032756	1
10311430	10311429	1
10888879	10888884	1
6042396	6042392	1
5470048	5539998	1
9485055	9485590	1
10397382	10397385	1
6873868	6873781	1
4362076	4362075	1
337583	562870	1
5591536	5591535	3
6274266	6274265	1
1154835	1154836	1
4812932	4812929	1
4393686	4393763	3
3718579	3718583	1
9368929	9368930	1
5206434	5206414	1
1302186	6174890	1
1837547	1837231	2
8109635	8109638	1
9135362	9136164	2
4542969	4542970	1
7454581	7454582	2
12654745	12654748	1
9050544	9050543	1
6756795	6756774	1
4817895	4817366	2
416490	416489	1
1895687	1895507	1
11080834	11080830	1
11071035	11071036	2
2519194	2519193	1
7408527	7408528	2
4621015	4621018	1
4042397	4042386	1
1331252	1331264	1
4949170	4949169	1
2770141	2770133	1
2765778	2765830	1
4230071	4230074	1
6684545	6684546	1
11236457	11236458	4
6296429	6296431	1
6590933	6579527	3
6044537	6044769	1
7372362	7372361	2
6147376	6147375	2
12470366	12470365	1
7530872	7530180	2
10237628	10237627	1
6423623	6423624	1
995758	995748	1
12804618	12804613	2
5649265	5649266	1
1645969	1645972	1
3160604	3160414	1
5875867	5875868	1
5209145	5209146	2
10520308	10450667	1
6451181	9572850	1
12413771	12413772	1
5643119	5512182	1
8693321	3470731	2
6681369	2819021	1
5720725	5720726	1
10758671	10758672	3
8855097	8855089	1
11784706	11784624	1
7187919	7187924	1
5719733	5719734	1
37189	37170	1
11143944	11143941	1
10468793	10468794	1
5534739	5532867	1
9453785	9453786	1
12484145	12484148	1
975880	1156628	1
2473433	2473434	2
700811	700891	1
9872877	9872878	1
12801698	12799644	1
4017023	4017024	2
3565818	3565809	1
9304297	9304300	1
4709123	4709126	1
10334570	10334565	2
10319229	10319230	1
11621342	11621319	1
7785812	7785848	1
10143722	10143721	1
9859488	9859487	1
10384562	10382738	1
7348154	7348169	1
8231588	8231539	1
7358776	7358775	3
11241653	11241654	1
4867262	4867261	2
4417702	4417701	3
2771899	2771900	1
10599107	10599108	1
10210058	10210057	1
9329629	9329632	1
1914927	1914942	1
4269798	4269797	1
2475068	2475067	1
11108566	11104108	1
3996075	3996076	1
10136442	10136441	1
3561094	3561138	1
3462069	3462070	1
6171826	6164991	1
1331254	1331251	1
9044322	9044321	3
4793220	4793219	1
7818644	7818639	1
1828211	1776923	1
5678336	5678335	1
5549879	5549880	1
7038520	7038519	2
12317798	12317797	1
4735107	4735108	2
6131649	6131652	2
9522057	9522058	1
8687378	8687377	1
5691664	5691586	1
10471327	10471172	1
3684195	3684196	1
1912219	1912220	1
6873993	6873715	1
6364714	6380593	2
10656465	10656466	2
9077147	9077199	1
8200887	8200888	1
5762957	5762958	1
3037725	3041092	1
4514070	4514069	2
6199627	6199628	2
1733728	1732479	1
9391265	9389478	1
11648132	11648117	1
10575857	10575862	1
486244	486239	1
2833764	2833767	2
7849847	7849848	1
9300222	9395690	3
776290	776288	1
10117443	10117444	1
9499835	9500157	1
12800043	12800004	1
12052684	12052683	1
11816741	11816742	2
6681247	6681248	1
4588151	4588152	4
12383994	12383993	1
186745	186760	1
5915617	5915618	1
9423306	9423368	1
223119	223120	1
1912217	1912218	1
6032757	6092731	1
12688551	12688917	1
5976017	5976018	1
7981541	7986909	1
6571355	6571356	1
4706566	4709439	1
3092844	3092873	1
2683010	2683013	1
2802198	2802195	1
7176068	7176063	1
4796896	4797056	1
10888879	10888882	1
961246	961245	1
1545287	1545284	1
5630221	5630222	1
10231637	10230637	1
349918	349917	2
10311738	10490849	1
7144375	7144376	1
1578622	969929	1
5746914	5746847	1
12238923	12238924	2
9353111	9353116	5
927239	912097	1
7758651	7758652	1
8176509	8159728	1
11936144	11936143	1
5808195	5808196	1
1974947	1974948	3
7930715	7930706	1
5114727	5114719	1
826688	826664	1
338836	474270	1
11351815	11376266	1
1824635	1824636	1
7694692	7694685	3
10107275	10107196	3
2031332	2031331	3
4343240	4343194	1
9621221	9621222	3
3866690	3866973	1
7990227	7990228	1
7375725	7375726	2
6681369	2819019	1
5016851	5016796	1
7833055	7833056	2
1628079	1628081	1
6199629	6199630	1
1722981	1721195	1
6293742	10056747	1
11725662	11725990	2
4176735	4176736	1
5517488	5517473	1
12571929	12571930	1
7764657	7764623	1
10489823	10489824	2
1176255	1176256	2
7261539	7261540	1
12743201	12744389	1
11064797	11064798	1
7030189	7030190	1
12759230	12769424	1
6064695	6064698	1
7075643	7075646	1
11399042	11400217	2
8198047	8198058	1
10451607	10451605	2
10210056	10210055	1
4210919	4210455	1
4665828	4665827	3
2179495	2179496	2
475932	475931	1
7449092	7449071	1
9659716	9659714	1
4422305	4422306	1
729877	729890	1
2658406	2658405	2
7675350	7699381	1
9748135	9748136	1
6711850	6651796	1
584777	584778	2
6341052	6341051	1
11143940	11143939	1
2066464	2066914	3
11478151	11477773	1
10008949	10008959	1
11580546	11580545	1
1855703	1855725	1
7371657	7371658	1
6473744	6473743	1
2364553	2364554	4
9736757	9765528	1
7184276	7175839	2
2869543	2869539	1
5978927	5978928	1
5339281	5339245	1
1582244	1582243	2
6341058	6341055	1
7031984	7031983	1
10188363	10188364	2
9378274	9378273	1
10692955	10693099	1
3977780	3977774	2
11852861	11862785	1
8367129	8367090	1
4741910	4741909	1
2202734	2202737	1
4415118	4415117	1
4726776	4726774	1
12679138	12781543	1
7134066	7060102	1
1135611	1135612	1
7242027	7242028	1
1329890	1329414	1
5751779	5752432	1
5053644	5053643	2
10413855	10413856	2
10192570	10192888	1
942261	9888381	1
11143946	11143945	3
9368221	9368231	1
5207201	5207171	1
1968097	2046807	1
8028230	8028247	1
8703489	8705350	1
9652410	9652409	2
7851886	7852031	1
7052428	7052427	1
1328239	1328240	1
7533923	7534001	1
12248344	12247708	1
2987207	2982432	1
9471528	9471527	1
4526220	4526215	1
3156671	3156813	1
1941381	1941368	1
1068953	1068954	2
10649471	10649474	1
3745776	3741936	1
5896058	5902155	1
5546872	5546871	1
4266837	4266838	1
5146708	5146288	1
11122012	11122009	1
8618476	8618124	1
6383256	6383247	1
1927897	1927898	2
8737003	8737098	1
2257563	2253817	1
1601950	1601949	1
11858365	11858368	1
12372167	12437956	1
6395747	6395748	2
5720501	5781300	1
7850039	7850064	1
12182114	12182091	2
9246351	9246760	1
3599013	3599014	1
4561168	4561167	1
5974852	5974849	1
4693250	4693249	1
3287245	3286057	1
10737675	5099782	1
4713667	4713668	1
2659532	2661594	2
11349673	11350314	1
1442758	1442755	1
1195507	1195509	1
12636854	12636851	1
10982981	10982982	1
1586123	1586053	1
4417700	4417675	2
9316361	9363334	1
9029805	9029806	1
10334010	10333040	1
2648559	2646144	1
9917423	9917517	1
10314297	10317642	1
1733728	1732477	1
8363337	277717	1
10702063	10702064	1
2372896	2371638	1
11746071	11746072	1
9255950	9255949	1
1732478	1732477	1
9396636	9396633	1
11851255	11844521	2
861614	861619	1
9874044	9873997	1
7091497	7091498	1
10626381	10626382	1
1846735	1846736	1
7906831	7905988	1
9872867	9872876	1
12488933	12488909	1
2064522	2064521	2
11699319	11699320	1
4006806	4006805	2
8302925	8302926	2
1022809	1022757	1
7987683	8000279	1
1331250	1331264	2
1521096	1521108	1
8302923	8302926	1
7943358	7943357	2
1828059	1824471	1
9940804	9940801	1
456555	456556	1
7194081	7155036	2
10659033	10659036	3
4662968	4662965	1
10669746	12259823	2
10088955	10088956	1
10673988	10673361	1
87993	46744	4
11642464	11642463	1
4526216	4526215	1
7448126	7562019	1
5237889	5237886	1
12155595	12172590	1
2334441	2558664	1
6395745	6395748	2
4526220	4526217	1
11532595	11532710	1
5859472	5859471	1
6052192	6052367	1
7569136	7569135	1
3959209	3959210	1
2714425	2711567	1
10615264	10615250	1
1187869	1187870	1
10746779	10746780	1
8772406	8773174	2
5699126	5699125	1
11725671	11725672	2
10052696	10052515	1
8521888	7136028	1
8042967	8042968	1
5043701	5043713	1
3724728	3741111	1
10525981	10525984	1
5414414	5415647	1
1306193	1306194	1
6650719	6650722	1
604984	605054	2
6585206	6585205	1
10449389	10448554	1
10168970	10167872	1
10231833	10231834	1
5295642	12389616	4
8896826	8896825	3
11595742	11595975	1
9940800	9940799	2
9371511	9371512	1
9653397	9653398	1
3068465	3068471	1
896335	898714	1
5011298	5011297	3
12383994	12383991	1
3930474	3930473	2
4601606	4598663	1
6689814	6689941	2
12533430	12533429	2
6119938	11444868	1
816423	816426	2
4016447	4016448	1
10658483	10658486	1
10597202	10597201	3
11777879	11043862	1
11013347	11013365	1
6541037	6541038	1
11266264	11247537	1
6433056	6433055	4
9598962	9598961	2
4790189	4791291	1
11725991	11725992	2
7017791	7017792	1
12305249	2351725	1
7731735	7731759	1
6119940	6119939	1
6203488	6203487	1
3194144	3194143	1
4422903	4422295	1
4273693	4273694	1
6120546	6120445	4
551100	551097	1
12572972	12572971	1
1600907	1600908	2
11786101	11787628	1
11903425	11903426	1
4513068	4513061	1
5869429	11695146	1
3624311	3613105	1
1044390	1044389	1
10578620	10328095	2
2265254	2400262	1
657687	3950754	1
3722178	3725111	2
11400218	11400217	1
5974855	5974856	1
1602897	1602913	1
5681155	5679032	1
5630215	5630216	1
4710426	1569139	1
657446	658230	1
8510216	8510215	1
4269687	4269668	1
5086184	5086072	1
293977	485513	1
6384823	6384824	3
1344912	1344911	1
11618376	11615119	1
1262870	1262873	3
6199193	6199180	1
4805869	4805870	1
11085239	11085274	1
5693132	5693131	1
5069000	5068997	1
5970672	5970669	2
7001687	11522520	1
3231735	3231736	1
1431611	1425230	2
80822	80821	1
6817722	6817721	1
10460340	10460339	1
10597200	10597199	3
11402246	11402245	1
4626040	4566090	2
4438828	4438825	1
9981018	9980187	1
1555435	1555436	1
8573924	8573958	1
5948247	5948250	1
3714559	3749658	1
6336721	6336724	1
12294407	12294283	2
4275930	4276116	1
7313254	7313251	1
9277464	9277446	2
5238283	5238284	2
11035135	11071030	1
8245095	8069409	1
10754350	10754349	1
12809364	12809850	1
4796892	4797056	1
11868574	11868541	1
4937444	4937353	1
7031982	7031985	1
1468036	1437383	1
11671274	11671273	1
5425780	5425743	1
969975	970029	3
9300094	9299608	2
7830908	7831028	1
12052682	12005439	1
2064221	2062872	1
773372	773356	1
74355	72381	1
5948251	5948351	1
8201286	3797316	1
2707760	2707759	3
1909903	1909906	1
1461462	1461440	1
4572000	4571999	1
4478978	4478977	1
6694079	6694080	1
1115613	1413748	1
9942871	9942838	1
4151878	4151877	2
6140344	6140343	1
7710961	7710962	1
2549620	2478142	1
11698996	11698993	1
4953302	4953301	1
6164992	6164991	2
7072641	7073313	1
9739	7692	1
4706683	4706485	1
5539611	5539616	1
4390576	4390513	1
9585248	9582156	3
1419648	1419647	2
6220600	6220582	1
6514740	6514739	1
4404493	4404494	2
9829305	9827918	1
6940842	6938810	1
1013099	1013100	1
12460375	12460069	3
8708856	8708855	1
7296613	7296614	3
3497277	3497233	2
12177520	12177831	1
4840298	4840297	1
8464552	8464551	1
6064695	6064696	2
10143831	10143832	1
12484143	12484144	2
1255010	1261461	1
8446096	8900010	1
10765672	10765671	1
11330243	11330270	1
8790447	8790448	3
7153590	7153589	1
3063089	3063090	2
10596881	10596882	1
501850	501849	3
5058203	5058207	1
2702920	2702552	2
12335794	12056228	1
7863126	7863125	1
10131109	10131110	1
10441791	10442854	1
10574305	10574306	4
11112219	10895922	1
5007500	5007499	1
10208907	10209291	1
9096844	9097904	1
194849	194850	1
5546757	5546758	1
996696	996764	1
4701309	4701310	2
148719	148741	1
1115541	1115544	1
5999167	5999168	1
10197150	4417825	1
1442799	1442800	1
4582155	4582156	3
651726	651725	2
9031499	9031051	1
1732756	1732755	2
10439702	10439701	1
1152764	1176254	3
4374576	4295534	2
2308619	2308621	1
4572006	4571999	1
2596719	2596731	1
6523988	6523987	1
4217974	4213052	1
5043699	5043700	1
7786417	7786860	1
10197152	4417825	1
10574734	10574729	1
5923371	4277961	1
2537352	2537351	1
11057641	11057642	1
4812932	4812927	1
2316965	2316966	1
5896513	5896514	2
1125156	1125155	1
2833768	2833765	2
530317	530318	1
9488574	9488964	1
12389640	12389639	1
483683	483684	1
6686294	6686476	1
6080756	6080755	1
7122889	7122890	2
2374068	2322167	1
12717349	5231775	1
10840708	10840603	1
11580548	11580547	1
4683773	4683696	1
10525979	10525980	2
11139261	11197802	1
3011406	3011375	1
9129679	9129680	1
6095861	5891549	2
2353179	6555759	1
9034051	9034067	1
3207346	189975	1
3926781	3926762	2
6561125	6561126	1
2755762	2755761	2
12797912	12797911	1
10483981	10602736	1
7672842	7672285	1
6019542	6019541	2
8798653	8898683	1
11637884	11625592	2
11442606	11442605	1
7786859	7786860	1
8795128	8795127	1
4489157	4489158	1
11257030	11257029	1
9338112	9338111	1
7999671	7999998	2
5948247	5948351	1
10548443	10548434	1
1579509	1579510	1
5866550	5866700	2
4232423	4232424	1
5106691	5106692	1
298390	293112	1
2576478	2576945	1
1191635	1051806	1
11990048	11990047	1
5766810	5766803	1
12121612	12121611	1
5392458	5392455	2
2584203	2584206	1
6430983	6430986	2
248497	126420	2
4438824	4438823	3
8216114	8216113	1
11909702	11909833	1
9851333	9851336	1
4566067	4846560	3
5699124	5699123	1
11728558	11728557	1
3611120	3611176	1
707072	705891	1
5653087	4936671	1
6064693	6064696	1
12160449	12160450	1
1914923	1914924	1
7832336	7804120	1
6526876	9297345	1
2029818	2029815	1
11930146	11930145	2
5812694	5812818	1
3703248	3703253	4
10136459	10136440	1
915821	823530	1
9721440	9721439	1
7332313	7332333	1
4556766	4709163	1
4812928	4812927	1
8189272	8172526	1
7501299	7501300	1
3361453	3361307	1
10558207	10558208	1
3901281	3904934	1
4403518	4403517	3
7154311	7154314	2
4715999	4716000	2
3036965	3036966	1
6334335	6334336	2
5009160	5009163	1
4207414	4207413	1
8100951	10193458	1
635339	635340	1
7286005	7286006	3
12662380	12768776	1
5204474	5204484	1
10468427	10468428	2
6458150	6458118	2
1871051	1871755	1
10213077	4300088	1
8685819	8685820	2
10043619	10043268	1
5376998	5376997	1
4617087	4615278	1
6253774	6253773	1
8099984	8099983	1
7012236	7012239	1
434075	644281	1
10656467	10656468	1
657448	657447	1
11114332	11114331	1
12764897	12767009	1
2064517	2064518	1
7001383	7001357	2
6571743	6571744	1
10644704	10644703	2
12238290	12238289	2
1456272	1456274	1
10099319	10189338	1
5817983	5817984	1
4465379	4634831	1
1823063	1823066	1
12571925	12571928	1
6361143	6361115	1
6277313	6274175	1
11588345	11591914	1
5858703	5858706	1
2158181	2158182	1
2094703	2094704	1
816423	816424	2
2869831	2869825	1
12389617	12389618	3
8302923	8302924	3
12443419	12442296	1
5969698	5969697	3
3006557	3006558	1
7963791	7963674	1
11061294	11061291	1
1405967	1406128	2
5593959	5592116	1
4029908	4029899	1
12140823	12140824	1
1402906	1403673	1
6185675	6185676	2
8674592	8649578	1
3504730	3510980	1
11233321	11233322	1
7275311	7275312	1
5211005	5211001	1
12804395	12804396	2
656698	656719	1
12431535	12431577	1
11626556	11626555	1
808234	808207	1
4749446	4749445	1
11346153	11346154	2
5142668	5142667	1
7646355	7646345	2
2544033	2544034	1
3307769	3307770	1
5158764	5158763	1
7419886	7419885	2
5240601	5240605	1
11435299	11435076	1
2544444	2547353	1
11907936	11835805	1
10001518	10003180	1
3774816	3603763	1
656698	656697	2
2460559	2460560	1
9370100	9370252	1
11451306	11451305	1
3037725	3041094	1
5483323	5483324	1
12814048	12814047	1
10990019	10990020	2
2597608	2597602	1
9598960	9598957	1
2094701	2094702	2
11699737	11699738	1
2542572	2542571	2
41642	41809	1
9687848	9687841	1
8303873	8303874	1
4915210	4915209	2
12281014	12281169	1
10598468	10581678	1
123321	123322	1
5103484	5057166	2
1064591	1301293	1
10055197	9984759	1
7187925	7187926	1
6528211	7100928	1
5759907	5698076	1
8437465	8437466	1
2569678	2569738	1
3104456	2896086	1
9427350	9444435	1
1648655	1648520	1
2920983	3218070	1
686763	686764	2
7296611	7296614	1
5922456	5921816	1
4560112	4560111	1
2851301	2851311	1
5023395	5038027	3
6835081	6835074	1
2068060	2068044	1
11638826	11638932	1
2380304	2380303	2
4344468	11912554	1
7793488	7793512	1
943561	713138	1
334859	334873	1
7772905	7772783	1
6452502	6454114	2
11369056	11369473	2
5981626	5981625	1
8817279	8818131	1
4998923	4998928	1
12259432	12259431	1
4606543	4606544	2
5444651	5584660	1
9923798	9923797	2
2773174	2773170	1
6279314	6279313	2
10797931	10797244	1
7653631	5245047	1
46745	46746	3
7253349	7253350	1
7153588	7186179	1
2305901	2318923	1
363351	363343	2
9353212	9353211	1
11994100	11994099	1
7789417	7789418	1
7692816	7692752	2
10596883	10596884	1
12179035	12179004	1
6203492	6203487	1
6101871	6101872	1
295073	295074	3
5187936	5187939	1
8888246	8888253	1
5724256	5724255	1
9518880	9519006	1
4438828	4438827	3
9565559	9565560	2
1694376	1694373	1
655795	655796	1
11792532	11792524	2
6249090	6249089	2
51201	51737	1
5826122	5826119	1
5308515	5307669	1
6942958	6942957	1
5620175	5633221	1
5690938	5690937	1
7355117	7355093	1
3704288	3704415	1
10558209	10655911	1
7151546	7155051	1
10334570	10334561	1
2251353	2251354	1
9567439	9567440	1
9621375	9621223	1
518782	518608	1
8986295	9018912	1
10350358	10349418	1
6249088	6249083	2
10091333	10091350	1
11899653	11860528	1
10384562	10384561	2
6269722	6266539	1
2519981	2519865	1
2961384	2961422	3
5867513	5833702	1
3766138	3766137	1
9903988	9904095	1
1435714	1435713	1
559579	711315	1
2364551	2364552	5
11610484	11610477	1
10197169	10197170	2
4879164	4879163	1
5172207	5172208	1
10308715	10308716	1
2101724	2101723	1
5172205	5172206	1
4582157	4582158	2
9691597	9691598	1
1727895	1727896	4
2677134	2677146	1
11612777	11613980	1
1602903	1602904	1
10000651	10044668	1
12485351	12485401	4
12791202	12791199	2
11862183	11862184	2
10549475	10635843	1
111564	109702	1
1047364	1047357	1
246360	222439	2
10746777	10746778	1
10964865	10964866	1
2759666	2759639	1
339557	316101	1
6972448	6972323	1
10091003	10084326	1
10120970	10123563	1
61353	58627	1
5414416	5415647	1
9003912	9003911	1
908465	908466	1
7599951	7599952	1
539544	544307	1
5281609	5281613	1
11371899	11371699	1
8414087	8414090	1
7579482	7579481	1
1589239	1589240	1
10096214	9924713	1
11930526	11930622	1
1909903	1909904	2
1408790	1408712	2
8795130	8795129	1
1442760	1442755	1
5915619	5915622	1
2772851	2772852	1
6086765	3275794	2
4404491	4404492	4
10250566	10251677	1
2571553	2571556	1
11240180	11240183	1
4384326	8022763	1
12445971	12443418	2
8764904	8754159	4
8010853	8010831	1
2658112	2658109	1
5872256	5875866	1
7261696	7261695	1
10216348	10107168	2
788422	788434	1
5466331	5466332	2
6201758	6201757	3
3537681	3537682	1
6573908	6573907	4
8968045	8968046	1
6077839	6077840	1
11705765	11705766	1
6553616	6553613	1
2975380	2975216	1
1095169	1095488	1
4439240	4439283	1
6016646	6141815	1
8633149	8633150	1
10188361	10188362	1
4630919	4630927	2
11508765	11508766	3
1146282	1148034	1
6453403	6452843	1
3616558	3616557	2
190738	190723	1
3698745	3707273	1
6142498	6153471	1
3467894	8710262	1
10575861	10575862	2
501848	579915	1
5866701	5866702	1
5209363	5207769	1
5663656	5667582	1
10753801	8898005	3
11787777	11787778	1
6903422	6903375	2
5866703	5866704	1
3355317	9530927	1
1107651	991704	1
1786987	1786951	1
10505347	10505410	3
5591165	5591163	1
9561126	9561093	1
3473011	3630630	1
4327983	4327984	1
3260904	3260903	1
12665693	12665694	2
4429224	4429223	1
4686980	4529289	1
128640	22020	2
9482399	9484626	1
11645548	11645547	1
4566091	4566094	1
627254	629004	2
133879	133880	2
1403884	1403876	1
8578191	8583367	1
11858365	11858366	1
11671276	11671275	1
5541344	5541343	1
3616559	3601018	1
4403516	10963178	2
6284985	6284958	1
6171826	6164993	2
2179617	2179710	1
5670451	5670452	1
8622646	8623161	1
6142227	6142228	1
6561127	6561128	1
1611750	4701089	1
4404495	4330631	2
7050975	7050976	2
1341742	1341741	1
8215371	8215372	1
6490558	6489485	4
5760804	5695339	1
11099990	11099993	1
5600708	5600707	1
2212618	2212611	1
11431624	11431435	2
4805867	4805868	1
7687874	7687905	1
11099532	11099363	1
3946778	3946851	1
177143	177148	1
7750031	5323501	1
7336430	7336429	1
4558430	4558429	1
11344917	11344946	1
6496384	6496383	2
10912416	10912413	1
10451604	10451603	3
4768564	4768563	2
12804622	12804619	2
10978185	10978186	3
2996607	2996854	1
7033242	7033237	1
6688915	6688916	1
9471529	9471530	1
610103	610104	1
11612440	11612439	1
8061209	8061210	1
11564579	11564580	1
4863288	4863287	1
3279534	3279533	1
3041093	3041094	1
11921564	11804046	1
6451419	6451420	1
10314791	10340381	1
611638	9026762	1
4505792	4505791	2
556609	556610	2
8045507	8045478	1
7070838	7149782	1
12318066	12318065	2
1973879	1973778	1
2869829	2869830	1
6667757	6644747	1
7793523	7793524	2
12391566	12391565	1
2025007	2025008	2
11671278	11671277	1
2066132	2066131	2
3260912	3260911	2
5829145	5829146	1
7446468	7446467	1
6081645	6081612	1
5649768	5649765	1
2658108	2658105	1
9773218	9773233	3
816425	816426	1
746531	746532	1
8740915	8736974	1
4638265	4638266	2
10660742	10660741	1
6873991	6873992	3
8486177	8486122	2
821609	821610	2
10655788	10655787	1
10891964	10891963	4
7713010	7635755	1
3307771	3307772	1
1717202	1717201	1
11391235	11404797	1
6094148	6094089	1
816297	816288	1
11620778	11618589	1
8024232	8024155	1
7398119	7399937	2
11615815	11615797	3
6562245	6562246	1
5829147	5829148	1
186745	186758	2
2658921	2658879	1
4318710	4318770	1
569572	569559	1
9288222	9288830	1
1680850	1680916	1
6519300	6519297	1
7747665	7747697	1
4915208	5131553	2
10345635	10345636	1
5306788	5306783	1
1871049	1871050	1
4716603	4715693	1
4296628	4296627	3
2995319	2996576	2
7533339	7533340	1
2433631	2433632	1
4534462	4534461	1
872954	865390	1
10541447	10541448	1
3791770	3794106	1
11635742	11635741	1
10181591	10181592	2
5969700	5969699	4
3867867	3867870	1
6408634	6408662	1
5158766	5158765	1
6619350	6387883	1
8978138	8978133	2
10902664	10902663	2
3147201	3102971	1
3722291	3718629	1
6286416	6247339	1
609984	609983	1
7786511	7786512	1
10920373	10920387	1
