fend1	fend2	count
8064193	8078521	1
3944464	3944461	1
11885700	11885699	2
2940203	2123479	1
10907261	10907262	1
6444659	6443932	1
10873280	10873535	3
2259528	2259554	1
6383735	6383736	2
12673870	3749351	1
11046454	11046456	1
7299012	7299011	1
1029064	1029063	1
12264003	12264004	1
5298080	5298079	4
1942921	1940861	2
5809613	5809614	1
5929470	7207227	3
7644037	7644038	1
10986635	10986636	1
7876086	7876085	1
12777133	12773776	1
3205704	3202162	1
6335790	6345095	4
9352071	9352072	3
8043632	8043631	1
7104374	7104248	1
201247	201248	1
7670662	7767186	1
2194073	2194074	1
10138735	10138766	1
5771627	5771584	1
3007138	3007137	2
7924947	7924948	2
2887939	2887942	2
9306606	9306605	2
4057556	4057555	4
9563118	9563115	1
1281862	1283451	1
4503728	4503727	1
374019	374169	1
8819355	9103384	1
12614966	12614963	2
5940469	5938938	4
4917170	4917169	1
5202280	5202279	4
8650776	8650811	1
6518377	2778024	1
10619745	10619855	1
5743420	5743415	1
5870177	5870180	2
6888071	6888072	1
5376160	5376159	2
3872497	12783539	1
4386801	4386802	3
8168598	8168597	1
4064546	4082202	1
4768389	4768394	1
8182223	8182550	1
7122489	7122490	5
1010732	1010731	1
10184239	10184241	1
8516183	8516184	5
8804106	8804109	2
1132257	1132252	1
8171182	8171181	2
6017727	6017659	1
11741798	10721083	1
7478711	7478732	1
1752143	584429	1
4848623	6700292	3
3045164	3045159	2
11455622	11305402	1
8491714	8491727	1
12814992	12814991	2
1502897	1630217	1
4363182	4363181	2
8847509	8847510	1
3574766	3574772	1
4220666	4220665	1
12724340	12724339	1
7136255	7136265	1
1693883	1693884	1
10833789	10827975	1
9582609	9583056	3
7831914	7830476	1
7804616	7804613	2
2484038	2484035	2
794265	794268	1
3144366	3144365	7
9921718	9921717	1
6480514	6480513	1
10974975	10974976	2
1484410	1484407	1
6532091	6532024	1
1659486	1659485	4
6178857	6178858	2
5192263	5191777	3
8830886	8849778	1
3968908	3968907	2
6413627	6413641	1
6717527	6719384	1
10880315	10880316	1
12201092	12201138	1
234938	234937	3
1958886	1958883	1
3753575	3754437	2
5641450	5641449	3
5548259	5232105	1
7492990	7492989	1
7803026	7777375	2
9767282	9767281	2
6236708	6236707	1
6194918	657593	2
5609902	5609901	1
5199081	5199082	3
5969195	5969188	1
1232298	1234602	1
2088189	2230042	1
2412622	2412621	2
12240832	12240827	1
2486009	2486010	1
7055071	7055072	1
7371289	7371290	2
11464798	11464793	1
2364049	2364050	1
7317132	7317797	1
10983438	10985312	1
4647664	4647663	1
849161	917562	2
7446017	7446018	1
6936881	6936882	3
6551898	6551895	1
3795073	3795074	1
11418455	11418097	1
8487566	8493458	1
12363028	12364474	1
8153691	8153694	1
10722227	10722228	3
2158293	2158272	1
4499992	4499991	1
10569099	10568964	2
10965543	10965544	1
8826313	8827129	1
11458136	11458127	2
7953417	7953418	2
8787774	1554271	1
9372153	9372158	1
8794076	8794075	2
8530025	8519370	1
3509406	3509886	1
11277019	11277015	1
11305244	11305283	1
5924458	5924457	1
6270885	6270886	1
8844960	8844959	2
9674842	9674841	2
2998159	2998162	2
3255989	3257601	1
11800807	11800349	1
8302642	8302317	1
8455474	8495726	1
3202161	3202162	3
12261488	12261491	1
9437421	9437422	1
11165847	11165083	2
689828	689827	1
7816792	7816791	4
1485351	1485352	3
4492118	4490750	2
6383047	10997018	1
5199079	5199080	3
12014737	12024544	1
915292	915291	1
12261492	12261489	1
11665037	11665038	2
2545827	2545828	1
9317446	9317445	4
5845608	5845607	2
11860302	11860258	1
2107361	2107362	1
6227506	6231724	1
12808612	12808611	3
98550	98588	2
5659644	5659643	2
7034488	7034487	1
12730866	12731691	2
7365723	7361832	2
12207467	12207468	1
8650036	8650035	2
6417562	6417855	1
5189419	11741890	1
7488573	7484809	1
10504893	10697169	1
9047893	9040816	1
10181137	10181165	1
1067512	1067511	1
786618	786617	2
1929565	1929572	1
565866	565827	1
266865	266618	1
7411474	7411473	2
3025624	3025621	1
5960958	5960957	1
6138615	6135940	1
1669250	1659487	6
6605112	6605090	1
4571183	4571184	1
9317442	9317439	2
9500006	9499723	1
9637607	9634094	1
1408543	1408544	1
258257	258227	1
3257598	3257597	3
2493538	2450662	1
6770022	6770021	1
4261831	4613381	1
12265276	6669661	1
8211736	8211735	2
6752197	6752214	2
5969189	5969190	1
9193634	9194311	1
9666537	9666538	1
12730872	12731691	1
9986795	9986798	1
7436351	7436236	1
8532571	8532572	2
3474246	3474245	2
12273579	12273580	1
11549251	11552887	1
705060	740323	1
1009331	1234120	3
9668730	9661190	1
3964930	3964929	1
8881071	8900591	1
7342417	7339861	1
10717188	10717187	1
5633350	5622925	2
6776377	6776410	1
5076388	5076387	2
5202278	5041011	3
8149361	8153784	1
9141803	9137981	1
2493540	2493539	1
3474244	3474243	1
5601692	5601908	3
2942447	2942448	1
1639833	1639887	2
9879856	9878994	1
12495341	12495337	4
8813098	8813093	1
2448383	2258111	2
12283792	12283791	1
5428895	5428896	1
12568562	12568556	2
10126051	8150985	1
11205046	11205128	1
5369067	5369857	3
1956476	1956475	1
7395510	7371290	1
3153790	3154103	1
5376158	5376157	1
1241497	1005545	3
5233643	5233055	1
3356942	3356941	1
9965165	9966210	1
12742840	12742301	2
10273016	10273015	1
9168154	9168153	1
7475421	7475424	1
11045028	11044804	1
12002019	12002020	1
5232106	5232105	1
7891396	7891331	4
7816794	7816791	1
4543608	4543607	1
1561369	1561370	1
7683723	7683724	2
4397958	4397955	2
1201129	1201130	4
7131640	7131639	3
5792653	5792662	2
356584	356587	1
5340426	5340425	1
9379298	9379332	1
10159507	10159508	1
11067037	11067042	1
6533424	6533448	5
9796253	9796606	1
3257600	3257599	3
12261490	12261489	1
12535783	12610989	1
8270579	8270580	1
7741204	7741203	2
7879996	7879995	3
8352	8351	3
2591476	2623694	3
4302277	4302278	1
6200906	6205697	1
3414731	3414732	1
9643746	9643745	1
3325509	3322526	2
9986795	9986796	3
5573208	5573207	1
1631670	1501127	1
5959686	5959735	1
1992861	1992862	5
10876525	10878561	5
4653836	4653746	1
10519127	10519128	1
873961	873951	1
4122059	4112844	1
2664984	2664983	1
10647046	10647723	2
4584956	4584955	1
5267703	5267704	3
10159505	10159506	2
7507475	7507476	2
3275815	3275377	2
3893234	3997675	1
10546872	10544512	3
9061133	3327285	1
3004306	3004305	1
7632947	7632950	1
6273052	6951364	1
4735199	4735200	1
2092871	2091234	1
7655662	7655661	1
5802684	5792612	1
3191763	3191764	2
4432322	4432295	1
109796	109795	1
9348316	6418435	1
8217357	8217109	1
1227259	1227260	1
10324213	10328113	1
10177586	7832750	1
3944460	3944463	1
11655449	11414048	2
10423024	10422711	1
9250427	9250428	1
2908954	2908964	1
10992654	10992653	2
8463414	11313901	1
2794640	2659610	2
11133385	11133386	3
11024873	11020343	2
1073798	1073797	2
1762762	1762761	1
9830953	9830977	1
11515640	11515634	2
1168025	1222607	1
6419371	6419372	2
8732416	8732415	1
794267	794268	1
7446465	7446466	3
5376158	5376067	1
10223198	10223197	3
5407231	5407232	1
7074646	7074672	2
7475459	8663159	3
1417706	1417728	4
6871190	6867931	1
4707135	4707136	2
7913352	7913351	2
11287926	11288090	1
3959297	3959298	1
5641448	5641445	2
3513265	3505260	2
5376160	5376157	1
7224006	7224016	1
597267	597268	2
1484410	1484409	2
9821300	9825342	3
10600145	10600148	1
9785635	9785636	1
5924456	5924455	1
4834707	4834710	1
12485299	12485307	1
6270950	6270884	1
7348533	7348534	1
9375495	9375438	1
5490967	5490968	1
9792475	9792478	1
7024199	7024200	2
12237732	12237430	2
8350	8260	4
5845606	5845605	2
1107570	1107569	3
3754519	3753859	1
235008	235007	1
8998710	8998709	1
6872523	6872524	2
7343802	7343750	1
931611	935166	1
4341381	4341382	2
5926426	5926429	1
5133397	5133398	1
5544104	5544101	2
7505401	7499109	1
2364590	2364589	1
7451644	7451576	1
8182223	8182224	1
11326288	11326287	1
7139350	7139349	1
6331568	6329600	2
7365723	7361834	1
3736979	3736980	1
9272927	9272928	2
1285405	1285406	2
7885608	7800230	2
11967857	11967863	2
6854289	10434439	1
3540112	3540104	1
1661355	1662803	1
10065552	10048746	1
3515364	3516833	1
4377865	4377866	1
7649881	7649978	1
9664825	9664779	1
4915245	4915246	1
2853580	2853579	5
12382226	12381138	1
3288753	3288754	1
10621467	10623941	1
3209338	3210994	1
10066103	10072748	1
5256449	5256450	1
3817296	3817295	3
3273894	3273893	3
2962056	2963330	2
12140513	12140514	2
11794824	11794873	1
6042001	6042116	2
6383045	10997018	3
4187856	4187855	1
12650465	12650466	1
10495907	10635875	1
7703841	7703842	4
12403493	12403494	1
6141038	6133676	2
10316735	10316990	2
9156915	9156918	2
544217	544396	2
7745534	7746563	1
7358296	7358295	3
8784189	8784190	1
10445845	10462417	1
10495909	10635875	2
4066230	4066225	2
1358688	1357160	1
5959684	5959735	2
3288968	3288967	1
12544018	12544013	1
5711485	5711447	1
6950664	6889488	1
9046594	3051747	1
1545771	1545517	1
10489606	10490469	1
4492120	4492119	3
1035268	7251914	1
6236709	6260724	2
3955314	3955354	1
9563116	9563115	1
7609362	7609361	1
8472352	8472351	2
13148	5763878	1
9563118	9563117	2
11163896	11163895	1
5967475	5967671	4
8000853	8000854	2
10159505	10159508	2
2752613	2752608	2
4311524	4333444	3
5754372	5754371	2
1505528	1505527	4
7082087	7082088	1
7482302	7480591	1
2102886	2102571	1
8997304	9010153	1
2097849	2100017	1
1504368	1505669	4
1693644	1693750	3
1398617	1398618	1
4341379	4341380	2
1450825	1450974	1
11619929	11619930	1
9424050	9424049	2
4832250	4835141	1
1771526	1755543	1
11816020	11816016	1
258255	258256	1
6125617	6125622	1
9664270	9666204	1
2937155	2716403	2
3497568	11439836	3
6864878	7118960	1
12571244	12565045	1
4146618	4146615	1
7155647	7155648	1
8804109	8804107	3
6012711	4264112	1
5208612	5208631	1
10066096	10065268	3
1004340	1004339	2
3119574	3119573	1
10965543	10965546	1
1602657	1602658	1
5737739	5737740	1
10258026	10155814	5
10569097	10569098	2
8876624	8876623	5
12798612	12800583	4
7875446	7378231	3
11660676	11660675	3
7609354	7609363	1
6225640	6225637	1
3007142	3007141	1
12268802	12268801	1
8876628	8876623	1
12416261	12405081	2
787117	787118	1
10503493	10493945	1
6517437	6562447	2
112860	112842	2
6257475	6257489	1
9326610	9326355	1
5965620	5965619	1
7924947	7924950	1
12634082	12634081	1
1639888	1639887	1
9168152	9168151	1
9131265	9131266	2
5922806	5922803	1
8715035	8716144	1
1441943	1324868	1
5929475	5929476	1
11000688	11001032	4
5297017	5298081	1
11660892	11660675	3
1556085	1564909	1
2221274	2218517	2
5169776	5167380	1
11061003	11061004	3
12124708	12120630	1
2221630	2221627	1
10907282	10907262	1
3115759	3264921	1
2962491	2962492	1
12264005	12264006	1
4099140	4097898	1
2581514	2581513	2
10604779	10604782	1
1231175	1167701	3
8958872	8646865	2
10602195	10602196	3
7011789	7011790	1
5743420	5743419	3
5655784	5655783	1
12161790	12161782	1
10600145	10600146	6
780146	780125	1
5965994	5949700	1
7550214	7550182	1
10360545	10364719	1
7122491	7122492	3
10795808	10795807	1
1929565	1929566	2
7816796	7816795	7
9667258	9667257	1
12238710	12248315	3
3312667	3313428	1
5369067	5369070	4
3705608	3706656	3
7570165	7570166	2
10392373	10392374	1
3191765	3191766	2
6447656	6437273	2
7683721	7683722	3
3508431	3508432	1
10588551	10519128	1
6724599	6723228	1
2221274	2221273	3
9570779	9570526	2
12161970	12161987	1
3243315	3243353	1
5737739	5737746	1
5582516	5582515	3
3562114	3562608	1
2886069	2886029	1
2167990	2168209	1
4863168	4863167	1
2271460	2271459	1
8463414	8472351	3
8646864	8646863	1
9472653	9473484	1
1767106	1767105	1
2908956	2908955	1
6914077	6914078	1
10793336	10794139	1
4957996	4958002	2
8650810	8650809	2
5646303	5646304	3
1061094	1061093	1
5659642	5615955	2
3007140	3007139	1
687703	1693884	1
4432960	4444434	1
7430215	7430216	4
6126938	6126937	2
10600149	10600575	4
752128	750516	1
11325828	11325825	1
2560536	2566031	2
6842846	6842865	3
3276384	3276383	3
336792	336791	2
5486929	5486757	1
511874	687284	1
3952485	3952486	4
8650885	8650915	2
2221632	2221631	4
813074	848219	1
1668680	1432129	1
10126049	10126050	1
7650105	7650136	1
6353406	6353405	3
7804614	7804613	1
658828	876659	2
10301131	10301127	1
11291133	11417796	1
6479220	6479218	3
3311592	3310667	1
5080020	5080017	1
2354415	7694075	1
3325507	3322526	1
6590086	6593217	1
9764502	9641197	1
11297019	11297605	1
3438525	3438526	1
10256992	10155932	3
6870718	6870752	1
6207622	6207926	1
6770024	6770021	1
11383312	11383301	2
9486503	9488054	1
3668061	3668062	3
4304425	4304422	2
10323809	10328699	1
8433912	8550902	1
1702078	1702077	1
9522922	9525038	1
6496578	6496577	3
1035282	1035281	2
9875434	9875066	1
6936885	6936886	1
5853704	5853703	1
4543190	4543197	1
1782080	1782070	3
705808	705807	2
7875446	7378229	2
8326906	8326905	1
5425238	5425237	3
10310698	10308565	2
3922952	3922949	1
5709786	5709785	2
4264109	4264112	2
11093025	11094267	2
8182225	8182550	2
11654405	11654406	1
1009132	1010733	1
9358181	9358182	1
5104610	5104609	2
8576291	8575405	1
699880	699877	1
3190433	3190206	3
5950262	5950261	1
2019558	12256884	2
4304421	4304424	3
11665035	11665038	1
10710340	10709367	1
2879653	2879665	2
8605752	6679867	2
12651843	12650467	1
5211234	5211231	1
5808024	5809096	1
12275687	12278321	1
7277936	7277935	2
6943980	6943983	1
5052591	5052592	1
9238512	9238511	1
1504370	1505669	2
8710082	8707702	1
5967473	5967474	4
2522043	2518212	4
2581516	2581515	3
1321352	1321362	1
2424160	2424159	3
3152755	11676825	1
8516185	8482238	3
12485230	12485306	2
1552584	1602547	3
7411527	7411528	1
1137822	1137931	1
2998159	2998160	1
917564	917563	1
883507	883510	1
6416021	6416022	1
6994186	6994127	1
3257600	3257597	3
1580384	1579933	1
10488994	10482441	3
6129496	6129498	2
3191767	3191770	2
12384243	12382378	1
11609842	11609738	2
9333475	9333480	1
4066172	4066176	2
9825343	9825344	3
9986797	9986798	1
6011564	6011563	1
8342572	8342612	3
6424469	10773354	1
1554272	8787775	1
482289	952852	2
5694849	5694850	1
9372159	9374692	1
11678297	11678298	1
10626952	10626949	1
11705317	11705322	1
11422313	11422314	3
5845248	5772096	1
1538169	1541894	1
7804616	7804615	1
11540940	11538612	2
3009235	3009236	2
7026494	7052438	3
324421	324422	1
1453785	1381796	1
8732414	8732411	1
11783828	11777299	1
3521810	3524188	2
10345543	10345540	8
8688495	8688496	1
5743418	5743417	3
2655435	2656309	1
7672682	5732360	1
1538754	1538789	1
7094514	7094513	2
1932944	1932344	1
3576044	3576171	2
8676352	8676351	3
5548259	5232107	2
7337553	9138219	1
8482239	8482240	2
6329838	2097613	2
10412105	10412106	1
7185612	7186490	1
5981965	5981921	1
2962493	2962646	1
2998161	2998162	1
11067037	11067040	2
1598605	1598608	1
4580849	4580366	2
10763053	10763054	3
12442987	12442988	1
1757489	1769327	1
5839631	5839626	1
1843695	1843696	1
12232270	12234246	1
10181794	3873348	1
2422439	2422440	2
8876628	8876627	1
1912333	1918950	1
5693118	5622815	3
4580847	4580848	3
6206971	6211740	1
11862781	11862782	2
6178859	6178860	1
6533449	6534927	3
1407465	1407469	2
6759968	6659097	1
3966395	4038528	1
12500346	12500345	4
11563115	11563116	1
8504681	8507415	2
10507436	10507520	1
5589239	5589240	1
1717721	1835952	1
1305971	1306045	1
1554272	1554271	3
10828621	10828622	1
1016995	1016996	1
7091342	7090892	2
7800229	7800230	1
8645427	8645321	1
61429	59926	1
10619741	10619742	1
7395510	7371288	3
9138720	9138752	1
246918	246917	1
7855313	7855316	1
3110115	3110121	1
10612608	10612607	1
3255991	3257599	1
1163144	1163166	1
823434	822898	1
6088381	6088382	1
12782844	12782843	1
5731481	5731490	2
9475602	9477143	1
10980136	10980135	1
8179827	8179828	3
11717255	11717256	1
9019344	2973471	1
1231131	1231132	2
10313925	10467340	1
9792472	9792471	1
12634084	12634081	1
1699060	1699097	1
11601165	11601166	1
11023797	11023803	3
6872550	6872522	5
3524432	5045797	1
3881599	3968907	1
9423339	9422993	1
9229386	9283234	2
3007142	3007137	1
11288685	11289177	1
9168154	9168151	1
10166010	10234766	1
7741000	7740995	1
2377586	2545826	1
8645425	8645426	1
10099529	10099530	4
10876897	10871529	2
1596876	1596873	1
3797048	3797047	1
510275	510276	1
11595603	11595604	2
3288966	4571182	1
6435770	6435769	1
11880103	11880104	1
5104608	5104607	2
486363	486364	3
9081433	9081835	1
1231129	1231132	2
2571587	2571565	1
10883909	10883954	1
5918682	5918604	1
10190376	10192558	1
8970229	8970230	1
10952010	10951960	1
7377736	7377735	1
1545518	1545517	1
4848414	4848413	1
3562089	3562090	1
7048777	7150395	1
7592637	7592658	1
10619854	10619853	1
4262389	4262390	2
1301376	1300536	1
5754876	5754871	1
8463414	8472353	1
7609357	7609358	3
2412620	2412619	2
5352113	2544636	1
5305859	5305860	2
2637702	2635768	2
7683721	7683726	1
9626952	9626951	3
228963	246919	1
9774290	9775074	3
9914650	9912981	2
1317710	1317709	1
3196093	3196094	2
3514128	3514394	1
8329249	8329258	1
8211541	8211542	2
3325507	3325508	3
6410533	6410504	1
983493	983421	1
2599758	2599757	1
4291713	4291714	1
11665035	11665036	2
4256365	4257415	1
12509841	12509759	1
1702082	1702081	1
178392	178391	1
6156635	6156636	2
6479222	6479221	3
1187468	1187463	2
9626984	9626955	1
11993943	11993946	2
7408784	7408783	2
5967473	5967671	2
12283796	12283791	1
8091443	8092886	1
6640781	6642093	4
11991898	11991897	2
6949193	6949194	1
10864719	10864720	2
1669013	1665401	2
5817611	5817602	1
7609357	7609360	1
3265592	3265591	2
2962491	2962646	1
1408378	1408375	1
652343	653001	1
5376156	5376067	2
3995443	3995444	1
185434	142963	1
5089648	5086578	1
5212804	5212803	1
6023969	6023970	3
10223778	10223788	1
8970231	8970232	1
4433197	4417413	1
11181073	11181074	3
2317428	2317426	2
12614968	12614967	3
10794879	11181031	2
3635765	3635766	1
1385536	1385621	1
11689211	11689212	8
5369071	5369857	4
7792391	7792392	1
12614966	12614965	2
12249757	1869506	1
6125617	6125624	2
6059999	6061352	1
11852203	11852204	1
8971834	8745162	1
1417729	1417698	2
5965618	5971575	2
4862936	4862879	1
2483429	2483430	1
510264	510274	1
7632949	7632950	1
4863189	4863190	1
10312400	10312399	2
6479220	6478243	1
9666535	9666536	1
9508681	9508682	1
7430217	7430218	1
3661542	3660730	3
509217	510809	1
3311829	3311830	2
1958884	1958883	1
11167483	11167484	1
6547230	6547227	1
2664583	2664983	2
9317691	9317692	2
6547224	6547223	2
9349108	9349107	1
3009275	3009234	1
4095608	3828982	2
11143549	11144232	1
9332998	9332997	1
12244289	12244290	2
10937530	10937529	1
10602195	10602385	1
8799480	8799679	2
12656655	12637100	1
5641444	5924460	2
6744584	6744587	1
8182221	8182222	2
4262716	4262892	3
4304421	4304422	1
12472481	11993630	1
6421638	6421761	1
11154003	11059058	1
5298082	5298081	2
3255991	3257601	6
7201175	7199952	2
2581514	2581511	2
5452638	5453581	1
5747558	5747369	1
4955848	4955847	1
7776457	7776120	1
12151680	12151679	1
10588549	10588550	1
2107363	2107364	1
3145090	3199489	1
7816794	7816793	5
2963331	2963332	1
9664272	9664271	1
11862779	11862780	3
7168638	7168641	1
2493540	2450662	1
10413429	10414168	1
10181137	7627943	1
339625	339622	4
2363352	2363351	1
7507775	7507474	1
9604605	9595526	2
5256447	5256448	1
518083	518090	3
10348475	10348556	1
7411474	7411392	1
12261494	12261493	1
5550117	5550316	1
3021811	3021812	1
1912087	1911735	1
3567639	3572018	1
9118633	9118634	1
7924949	7924950	1
10751127	6742028	1
2761484	2760725	1
3515366	3515365	1
5019057	5018112	1
2557640	2557639	3
11259535	7774288	1
1163146	1163145	1
3569246	2494270	1
5486931	5486928	2
7753800	7756064	2
5983700	5983241	4
4484113	4484114	2
5297017	5298083	1
9773131	9773132	4
3922954	3922953	2
12283796	12283793	1
8507316	8502525	1
10602197	10602383	1
4863166	4863188	1
8494447	8495449	2
4014816	4014815	2
5743422	5743421	3
10460643	10460644	1
112685	112686	1
1992863	1992866	3
12278174	12278178	1
1133687	1133688	1
1216193	1216194	4
1005544	1241842	2
1946423	1946424	2
11288683	11288684	2
12142797	12142922	3
5981963	5981964	1
1294807	7276143	1
12384243	12382382	2
9045323	8995634	1
3387220	3387255	2
10619743	10619744	1
9987245	7946808	2
1372403	1372404	1
8071754	8071753	2
5057664	5057663	1
12016313	12016314	1
12382379	12382382	1
12754409	12754412	2
7683723	7683726	1
5267990	5267989	1
10602384	10602383	2
10507743	10507749	1
6812711	6812712	1
6383045	6383046	2
8676359	8676353	3
3813999	3813774	2
3957336	3957335	3
5877007	5877008	2
2664583	2664985	1
4778266	4778263	1
8976522	9012344	1
10600147	10600148	6
8001417	8001412	2
1275420	1281453	1
8270581	5778263	1
1620455	1620446	1
7541093	7541094	2
1661353	1661354	1
2445964	2453430	1
1897717	1897718	1
10423199	10423200	2
5290710	5104198	1
7550183	7550184	1
11579135	6840618	1
9830953	9830954	1
2345917	2345918	1
9258011	9332224	1
7830965	7830839	1
7895871	7895832	1
6596678	6596681	2
9843510	9843509	2
10974977	10974978	1
7047261	7047262	1
2938223	2932586	1
1844484	1844903	1
6285660	6285659	1
11281234	11281233	1
10965545	10965546	2
5969124	5969123	2
7816797	7816788	2
7061726	7061725	1
687703	1693882	1
4705386	4705385	1
3255989	3255990	7
1201131	1201132	3
5961321	5961322	1
5593993	5593994	1
5211411	5265002	1
3562091	3562092	2
12278312	12278341	1
5870177	2034312	1
1693749	1693750	3
12141370	12141377	1
2832942	2832941	1
10803638	10803637	2
734936	733502	3
7885608	7800228	1
5659644	5615955	1
7511117	7507935	2
7426264	7348535	1
9828157	9828160	1
1104346	1106858	3
10379670	7240589	1
4778264	4778263	2
10588549	10519126	2
2908965	2908966	1
6431794	6431793	1
10245475	10247498	2
10015166	10015165	2
1651324	1651323	2
6936881	6936884	1
1234121	1234122	2
7478713	7478732	1
10466301	6549386	9
11067041	11067042	1
9479722	9479589	1
6267595	6267596	2
10763053	10763056	2
3922948	3922947	1
1216195	1213660	2
8508664	8508663	2
7604299	7604300	1
4213773	4213543	1
7378230	7378229	4
7591027	7590240	2
2502464	2502450	1
6405420	6405614	1
8761696	8744031	1
1006338	1006664	2
6278667	6278670	3
9004137	9004138	2
12634084	12634083	1
1067213	1067216	1
1992867	1992860	3
4546723	4547872	1
9372153	9374692	1
10946892	10957605	2
11464796	11464793	4
4418317	4417621	1
7467095	7467056	4
8738678	8738677	1
8437671	8400109	1
11674828	11674816	2
5995999	1090940	1
7704648	7705175	1
4304419	4304420	5
4407035	4405278	1
9901843	9901844	1
2627040	2627047	4
3311831	11585056	1
5889954	5889953	1
12495339	12495340	5
5425235	5425236	1
212704	212736	2
4292206	4291712	1
1197172	1197176	1
903968	903966	3
8522117	8522118	2
4542903	4542924	1
9317446	9317443	1
9643744	9643743	1
9076713	9076714	1
3829877	3829395	1
7560960	7560997	1
4139931	4139932	1
11759070	11759105	1
6370809	6370810	1
12232650	12338155	2
6129499	6129500	3
5582518	5582517	2
1847267	1847268	2
2841352	2829546	1
9174252	9174249	2
7565994	7565993	3
12249759	1869506	2
416908	416907	3
1101604	1101527	2
8876628	8876625	4
9643746	9643743	1
6156633	6156634	4
11614994	11614993	2
1132253	1132256	2
10873536	10873535	3
3273892	3273891	3
11674817	11674818	2
11660892	11660677	3
2529138	2528515	2
11000690	11000689	4
10623942	10623941	1
7625844	7625854	1
11838998	11845612	1
8997306	9010153	2
1956236	1956300	2
8767123	8767124	1
4862936	4863121	3
6419649	6419652	1
9955855	9955856	3
6804820	6804819	1
6547226	6547225	1
3753858	3753857	1
1545771	1545519	1
11165082	11165081	2
6171763	6171766	3
5733351	5732082	1
4647658	4647657	1
12760868	12760900	1
6517998	6563564	1
10089552	10088479	1
10061401	10061402	3
11860259	11860260	2
3389818	3389817	1
9583057	9583058	2
12776209	12776210	1
2908859	2876456	1
11388475	11388476	1
12485308	12485307	1
3015817	3025625	1
5870181	5870182	2
11278772	11278771	1
6447656	6437271	2
8001415	8001416	4
109798	109797	1
1111612	1047909	3
4848412	4848411	1
964621	964622	1
1669013	1665399	1
1757487	1757488	1
1610677	1611775	1
8632271	8632274	1
8158487	8158488	2
4259712	4259677	2
5096938	5096970	1
8384849	8384847	1
2221272	2218517	4
3622397	3635878	3
805356	805355	4
7702418	7702293	1
7091640	7144921	1
5269748	5022906	1
4770380	6687811	1
3429879	3429880	2
8160880	5798250	2
3273890	3273912	1
10484011	10484012	1
1929567	1929572	2
7703843	7703844	3
9643592	9643747	2
1231129	1231130	5
1170248	1169971	1
794265	794266	2
1398619	1398620	1
4489614	4489613	1
8171182	10028013	1
899157	8014341	1
819635	819636	2
5690337	5659074	1
7396536	7396665	1
9317966	9317965	2
10094849	10096479	2
8883124	8883263	3
10907282	10907260	2
11728820	11862129	1
4846227	4846228	1
4027091	4027092	1
10034678	10026795	1
1765961	1767107	1
5192653	5193307	1
5743420	5743417	4
9436364	9436363	1
1417729	1417700	1
6236706	6246828	2
4397954	4399553	3
2186679	2181976	1
775749	779436	1
2975391	9020854	1
5352111	5352112	1
5929472	7207227	3
8997306	8997305	1
6551896	6551895	1
11313900	8472351	1
9855791	9855816	1
4552312	4552311	2
5845608	5845605	1
7052439	7052440	2
8750785	8749279	1
5664211	5664232	1
6989673	6989529	1
11507158	11507157	2
7702416	7702293	2
3922952	3922947	1
7692763	7692124	1
1497591	1497592	2
1039676	1039673	1
11319855	11319856	1
6016885	6015551	1
10184544	10184543	1
10442463	10442103	1
1504370	1504369	2
10392851	10383191	1
7896840	7896839	1
8452766	8449743	5
2590987	2596490	5
8350214	8350040	3
4819895	4819898	1
6093747	6093749	1
7607667	7607668	3
888846	6131125	1
11544039	11544042	1
4146614	4146617	2
3581864	3583180	1
8767125	4344458	1
6318465	6318468	2
9436366	9436365	1
10873280	10873537	3
5582514	5582513	4
983441	977764	1
371617	371618	1
9339472	9339471	2
5926295	5926296	1
12207919	12207920	1
12510689	12510690	1
12614964	12614963	2
12776231	12776210	1
7048771	7048772	3
4834300	5343287	1
9655916	9655913	2
9643592	9643743	1
5770788	6065779	3
6877265	6877266	2
4863120	4862879	2
9317444	9317443	4
5809615	5809618	1
11354429	11354430	2
2011742	2012229	2
5924458	5924455	1
12139283	12139284	1
10112109	10112110	3
4647662	4647659	1
1006665	1006666	1
10794879	11181033	1
3273894	3273891	1
8001415	8001412	3
12568557	12568558	1
4375853	4685628	1
5667426	5667424	1
1241843	1241844	1
10576250	10576249	1
3526074	3526073	2
9317442	9317441	3
10763049	10402894	1
5431673	5332184	1
5962317	5960959	2
7073794	7075190	2
7565992	7552018	3
6659098	6659097	5
11388477	11388478	1
9582609	9583058	1
2018425	2018426	1
10493944	10493943	1
550460	550463	1
2637704	2637703	2
925900	926957	1
6684974	6684973	1
2902391	2902392	1
2001791	2001822	1
7774280	7774288	3
591001	591002	3
5560221	5235589	1
4524055	4526631	1
12736072	12736071	1
6370216	6372402	3
5752184	5756825	2
6419649	6419650	2
6551898	6551897	2
7295558	7293368	1
11585095	11585096	4
5622924	5622923	2
4935213	4935214	2
5962317	5960957	1
3205704	3202160	3
12249757	12249758	3
4382277	4382278	1
1006338	1006666	1
8516185	8482240	1
3486166	3486161	1
5484255	5484256	1
3813997	3813998	2
6205690	6200726	1
1306748	1063330	2
7122491	7122494	2
9077050	9077057	3
5795138	5795177	1
7876084	7876081	1
5443911	5443912	2
4913680	4913679	1
4038605	4038606	1
5929472	5929471	3
10301623	10301624	1
9291581	9291628	1
9173393	9172027	1
12423007	10214278	1
6267597	6267598	1
8060905	8060906	1
9830955	9830977	1
5196252	5196251	1
3992098	3992122	1
7666706	7666711	1
1881208	1881207	1
8732410	8732409	2
3521382	3520612	3
2681898	2681897	1
8039905	8039906	1
4700642	4700640	1
8210840	8210839	4
10892866	10893145	1
9508683	9508684	1
4790669	4790789	1
1785917	1785938	2
9626954	9626953	1
6437272	6437271	2
7683725	7683726	2
6609410	6604629	3
5641448	5924460	1
4425024	4425023	1
5959686	5959685	2
7478711	7478712	2
5926297	5926298	1
10230900	10234592	2
3565391	3565392	3
9296993	3306993	1
12485299	12485309	2
11258061	11258062	2
2491667	2491668	4
6419647	6419648	3
10089554	10089553	1
1971561	1971704	2
3441794	3442601	2
7743765	7743768	1
10364175	10364168	2
12574355	12574356	1
1693644	1693748	3
10763055	10763056	1
2182974	2183853	1
12625040	12625039	1
6424465	6424466	3
7803028	7803027	2
12575820	12380271	4
11721900	11721909	2
7653391	11975956	2
11181032	11181031	1
1484408	1484407	1
9317446	9317441	1
5484257	5484260	1
6426991	1091146	2
8732416	8732411	1
3705220	3705617	2
1669250	1659485	1
5104610	5104607	2
935167	935168	2
11922793	11922794	1
10181135	10181136	3
10751872	10752172	1
8577913	8577914	1
7632947	7632948	1
2094897	2094898	1
6834525	7116516	1
339623	339624	3
9811445	9811446	1
717776	718170	1
5697256	5697255	1
4580847	4580366	1
765373	772680	1
6378153	6378154	1
2564110	2564109	1
1196874	1196877	1
9317440	9317439	4
5870177	5870182	1
8358588	8358587	1
5249911	5249912	2
11417795	11417796	2
7175003	7175004	1
5052596	5052593	1
5938939	5938940	3
9174248	9174186	1
1702080	1702079	1
2634306	2634303	1
12140515	12140516	2
6759968	6659099	4
2942449	2942476	1
1639833	1639889	1
5649854	5649853	1
6936883	6936884	3
5743416	5743415	4
6410567	6408588	1
6205036	6205035	2
8676359	8676351	1
6684971	6684975	1
1992863	1992860	3
10301126	10301125	1
9009313	9009314	1
6029023	8543632	1
9659977	9659978	2
9658051	9658052	3
8570949	8570954	1
8492843	8492844	1
11402891	11402892	1
4146614	4146619	2
6611868	6611867	1
7109298	7109385	1
11291133	11417794	3
4818126	4776221	2
2484034	2484033	3
4732419	4718094	1
5737741	5737746	1
3881599	3968909	2
6901868	6901856	1
5699291	5699292	1
5698919	5698917	1
6770024	6770023	2
3311829	11585056	1
8794685	8794686	4
6424467	6424468	3
1027285	7251917	1
4778266	4778265	2
11967851	11967852	3
11728452	11728524	1
3275813	3275814	2
11992225	11991899	2
7151035	7151036	1
1194755	1215817	2
9357505	9357506	1
5383348	5383347	1
6227508	6227507	1
1004338	1004335	1
7029150	6952233	1
9673078	9673072	1
4694116	4425025	1
3944462	3944461	1
12118881	12118882	1
10880317	10880324	1
11335779	11333032	3
4779129	4779130	1
9641790	9641789	1
5969191	5969192	1
1140021	2968639	1
6156491	6156492	2
4484111	4484112	1
917566	917565	1
7188969	7189225	1
12570095	12570096	1
6211648	6206458	1
6815121	7074890	1
3483446	3483443	1
8091441	8091442	1
1417699	1417700	1
8350041	8350042	3
7639204	7639257	1
4080053	4080054	1
1425605	1425626	2
10099531	10099534	3
3718475	3717912	1
10602197	10602385	2
11464798	11464797	2
6153877	6153878	1
11934442	11934547	1
2308113	2307635	1
7443694	7439430	1
11533101	11533103	1
8179829	8179830	2
12474694	12474673	1
1180089	1180148	1
5275063	5275064	1
9626984	9626953	2
6802961	6802962	2
7411472	7411392	2
7609359	7609360	3
6743909	6744585	3
6611870	6611869	2
1911729	1911730	1
6479219	6478243	2
6493105	6493106	2
1216195	1213662	2
12776231	12776208	2
1943496	1943495	1
1213661	1213662	1
11600956	6598545	1
4276267	9098254	1
12308596	12308595	1
10269377	10269656	1
6472969	6472963	1
2168208	2168207	1
11158323	11158324	2
11788507	11788508	1
1336120	1336117	1
10985644	10995142	1
852530	852529	1
3007142	3007139	1
1693751	1693752	2
1709294	1709293	1
7699914	7699913	1
5828222	5828219	1
11887319	11883298	1
61709	61710	2
6547230	6547225	1
10621467	10623943	1
388690	388689	3
5965764	5965142	3
6419651	6419652	2
1485615	1485562	1
3456732	3456875	2
7122493	7122494	2
10974955	5541375	1
2307634	2307633	2
8466547	8394787	1
2268529	2268530	2
2227835	2227836	1
6371585	7459065	1
12730872	12730867	1
6228199	6228200	1
7993836	7993616	3
8884193	8887207	3
10345541	10345542	3
7627942	10181165	1
7013430	7013583	1
11422315	11422316	3
8876626	8876625	1
3383527	3383528	1
10199325	10199316	1
4304423	4304424	3
1665400	1665399	1
7361833	7361834	1
1101619	1101620	1
5255508	5255605	1
5576397	5470391	1
5490416	5502207	1
9081323	9081324	2
6869001	6868970	1
3707049	3707356	1
11447170	11447169	1
5548255	5548258	3
1958886	1958885	1
290107	291733	2
7673131	7477516	1
550460	550465	3
4484111	4484114	1
1120078	1120077	1
5486931	5486757	1
7131638	10390133	4
11133383	11133384	3
149677	149678	1
5260012	5260011	1
6480512	6478664	1
3096169	3096170	1
1825057	1825058	1
7702418	7702417	3
11658815	11658756	1
12009215	12009216	1
