fend1	fend2	count
3754682	3754609	1
7594248	7594229	1
11501524	11501523	2
9764637	9764638	1
3077847	3073766	1
3881642	3881648	1
12571189	12528659	1
6201745	6195403	2
9730090	9730087	1
6151553	5826741	1
8739297	8737742	1
9926625	9838258	1
3109439	3107317	1
5463652	5463452	3
2763175	2763248	2
4313386	4313385	1
12687427	12690806	1
10143008	10135777	1
7048820	7049065	1
3747075	3746159	1
866446	866496	1
12425229	12425093	1
5179342	5164559	1
11017374	11017373	1
3929692	6751995	1
9120748	9120747	1
3260381	3152065	2
4191160	4191157	1
3117784	3117944	1
4832245	4832164	1
5479602	5479643	1
7703955	7703956	1
5701461	5701793	1
651904	659081	1
1296035	1296036	1
8234065	8234066	1
2566060	2566074	1
11567138	11567882	2
9110491	9110492	1
11776252	11776251	1
60293	60289	1
7008135	7008243	1
12378990	12379034	1
2677839	2677735	1
1711322	1711321	1
7688162	7687582	1
2019501	10266763	2
1628139	1628140	1
12028825	12031176	1
4526513	4527693	1
3855927	3855909	2
2362709	2362762	1
731149	731150	1
10550916	10550915	1
1425184	7645197	1
3774913	3775973	1
9295522	9296303	3
9880430	9880429	2
3739833	3756251	1
10382390	10381447	1
6916754	6922049	1
10734523	10717224	1
9665826	3043894	1
10151871	10151905	1
10403429	10403425	1
2559900	2559151	1
10969577	10969232	1
10884620	10884623	1
5159069	5159070	2
3329726	3329725	2
4520397	4663323	1
3117739	3117740	1
11075548	11076149	1
1749947	1750133	1
3718805	3579660	1
5806825	5806826	1
7585794	7585804	1
2738951	2738952	1
11887937	11880489	2
8557751	8557752	2
5761697	5761698	3
9446567	9446570	1
9454581	9730014	1
10697257	10697258	1
6094067	6094068	1
2269290	2269289	2
5889077	5889073	1
8580364	8580360	1
2263797	2263798	1
8232602	8230086	2
9657305	9671298	1
2510882	2538773	1
2254013	2254014	1
9354885	9353535	1
11998813	11998814	1
9301121	9301122	1
8305684	8305647	1
4230571	4230572	2
5718609	5717864	1
3361555	8032203	1
7555228	1802857	1
5440528	5967046	1
12715259	12715281	1
3240704	3243563	1
61379	61380	1
1977033	1977105	1
10686589	10686533	1
584290	584298	1
3479061	3479062	1
3923692	3922541	1
5178627	5171718	1
39069	32709	1
11756414	11756413	1
848101	848050	1
1300307	1300308	1
9998500	9998781	1
9174702	9174701	1
12462191	12462185	1
12797776	12797745	1
3147355	3146618	1
109146	109143	1
9436216	9436215	4
9879380	10126497	1
1990281	1990282	1
9127055	5548299	1
12611246	11175969	2
5183740	5183494	1
9061061	9061062	1
7401817	7405338	1
11959033	11959034	1
9374389	9374390	1
3263902	3263901	1
8024581	8024629	1
10166361	10166362	2
6095813	6095814	2
7536321	7536708	1
7458190	7458189	1
1653986	1653985	1
7085753	7062294	1
11697987	11697988	5
661135	661360	1
6761595	6761540	1
10462570	10462569	1
6699891	6700040	1
6920691	6919177	1
1360856	1360853	1
11850474	11850456	1
8766022	8766044	1
8455065	8455172	1
6209800	10638135	1
7124852	7124799	1
4669542	4669541	1
3917936	3917935	1
4084426	4084425	1
1322534	1324663	1
5331178	5331205	2
4322714	4322713	1
1419928	1419927	1
7480057	7482164	1
5774411	5774412	1
10884622	10884621	1
8848259	8847921	1
12654191	12654631	1
5862203	5862453	1
5757247	5757248	4
5581569	5581570	1
2662577	2662554	1
4155257	4155258	1
7291555	7284853	1
7821980	7808375	1
11677968	11677967	1
1416838	1416742	1
6503394	6503393	1
3832115	10403854	1
12677896	12677870	1
631706	631705	1
5227928	5227959	1
2454874	2454873	1
8379261	8182883	1
3026720	3026281	1
12774217	12774218	1
792753	911816	1
11325829	11325830	1
200805	200808	1
9421759	9421751	1
2943793	2946153	2
4658883	4658884	2
10456949	10456945	1
6971575	6971891	1
1577252	1577255	1
990073	990074	1
5870239	5870240	1
11457072	11457086	1
11702142	11702141	1
3157034	3157318	3
8274074	8274073	3
10151869	10151870	1
1085213	1085214	1
4314499	4314386	1
7731818	7962553	1
4322716	4322715	2
11776250	11776249	1
2029074	2029073	1
9082565	9099455	1
1243036	1243035	2
235099	7836956	1
2075506	2075560	1
4045554	4045558	2
4818613	4818616	1
7717569	7717367	1
4762999	4802492	2
11915447	11915520	1
5377622	5377873	1
5159482	1056449	1
10348626	10349609	1
8183933	8185273	2
12693928	12693924	1
11359333	11359334	1
6051865	6051538	1
5453809	5453817	2
7494355	7494393	1
5935487	5935619	1
828033	828009	1
6162807	6162808	1
3579661	3579664	1
4494316	4494280	1
6110812	6110811	1
7617168	7617167	1
5187226	5187225	1
137849	137898	1
6697829	6697815	1
952398	952397	1
12038539	12038540	4
7099225	7099228	1
527238	893652	1
4692759	4692918	1
4926740	4926771	2
4026035	2491688	2
12145866	12144318	4
10490356	10490355	4
8234061	8234062	1
7843458	7843457	1
3623880	3623979	1
2579276	2579275	1
5675067	5675046	1
6402739	6402740	4
11965953	11965954	1
12051901	2441304	1
1508338	1274146	2
2373668	2373659	1
2200065	2200066	1
12458784	7429783	1
11680871	11680885	1
12308443	12308444	2
8291079	8292562	1
776460	821934	1
1668	1667	2
941916	426857	1
12778795	12778798	1
5698694	5696241	1
7623342	7623252	2
3876669	1364850	1
7823468	7823467	2
5084019	5084021	1
9080758	9080727	1
11131428	11131331	1
6738956	6738959	1
113767	10904024	1
10477739	10477679	1
5910874	5910873	2
8086279	8086293	1
6394659	6394660	1
445654	447350	3
3230398	3232676	1
6921554	6921649	1
4229116	4280307	1
816566	816565	2
9429077	9429078	1
8901605	4435036	1
5230725	8646275	1
1972283	2014366	1
7964520	420069	1
1101380	1101379	1
1269473	1269474	2
8798798	8764135	1
9485632	9485631	1
8198591	8198592	1
5799023	5798955	1
1091006	5045825	1
4527785	4527424	1
1719654	1719641	1
8326007	8236759	3
1256795	6992578	1
9130910	9132525	1
6972000	6972701	1
5507832	5507831	2
3252812	3252713	1
6839113	6822245	1
268083	268209	1
4279030	4279145	2
11163150	11164148	1
10562460	10562457	1
11759717	11759718	1
3079520	3078831	1
5456659	5456660	2
8753141	8753146	1
11520064	11520063	1
8630876	8630875	1
2693121	2693013	1
9178749	9178711	1
1318246	1318243	2
10089575	10089576	4
9651282	9633344	1
1265264	1264336	1
6120406	6120405	1
7852015	7852844	1
3889335	3889336	2
1265457	1265401	1
10988913	10988914	1
443219	442609	1
4624460	4628789	1
692732	692731	1
8481454	8481453	1
12379147	12245915	1
4832243	4832244	2
6284246	6391497	1
7339678	7334441	2
2238528	2238608	1
3415074	3415071	1
9303655	9303683	1
7677166	7672132	1
10101008	10101277	1
5935809	5935823	1
4735297	4744542	1
1598276	1453960	1
3298775	3304452	1
6037254	6033673	2
5767978	5766584	1
2473451	8248941	1
11545007	11545520	1
7696522	7696711	1
10891202	10891198	1
393310	393309	1
12755589	12755590	1
9332463	9332464	2
8813497	8831296	1
527238	527237	2
1420984	1415635	1
6110984	6111019	1
7818740	7917006	1
9733851	9439636	1
12175445	12175435	1
10678202	10678201	1
1207185	1207186	1
7401826	7401830	1
11836557	11836501	1
4521312	4521231	1
7292382	7292379	2
3763223	3763224	2
7223333	7223380	1
7435996	7370845	1
9738675	9756266	1
7216256	7262410	1
8674572	8674562	1
6558437	6558418	1
9275370	9275369	1
7696611	12205973	1
3514470	3692129	2
7460653	6191192	1
7791146	7791145	1
3708645	3708531	1
10732943	10732858	1
5271852	5271851	1
1762106	7723835	1
71535	71358	1
11563566	2332763	4
600583	600700	1
11875295	11537717	1
7344413	7344416	1
6175168	10401505	1
9315964	9315963	1
8274072	8273904	3
2897428	2897451	1
11850457	11850460	1
7452003	7451826	1
893661	527393	1
631704	631703	1
12550272	12560176	1
2546488	2546386	2
12740701	12740860	1
2495725	2495708	1
7048822	7048821	2
6260725	6260767	1
4832538	4832514	1
7444901	7444918	1
474397	474398	1
1529451	1529473	1
4313384	4313383	1
2027474	2027473	3
5324753	5325272	1
2701868	2978931	1
8991152	8991567	1
9392472	9392471	2
7375271	7375272	1
2456232	2457238	2
3589005	3605860	1
8833559	8829667	1
9920458	9920457	4
3428100	3427241	1
6810688	6810687	1
7093955	7093943	1
12271219	12271220	1
12746836	12801781	1
690903	690904	1
1508138	1508123	3
1652990	1634354	1
5116015	5116016	1
4274357	4274358	1
5641080	5641079	1
12532664	12532652	1
3826848	3826847	1
11640451	11640452	1
9120622	9120591	1
8970556	8971921	1
12473133	12473134	1
11533145	11533146	1
4388820	6643764	1
249045	249061	2
6377510	6375249	1
2161523	2161524	1
10544718	10544715	1
7431141	10271442	1
9891918	9890627	1
2846946	2846968	1
4269424	4269423	1
3888157	3888211	1
1834610	8801321	1
7221457	7222278	1
1696755	1696725	1
8970558	8970557	1
6162813	6162814	1
2165158	2043692	2
1132903	1132984	1
10511409	10511410	1
1615573	1614112	1
6345477	6345478	1
9138188	9194525	1
4263023	4263026	1
7858152	7858129	1
7791857	7791858	1
5396963	5394193	1
7819415	7819396	1
11987442	11987251	1
12717447	12717448	1
2604241	2604284	1
10588823	10588115	3
517345	517346	2
2012426	2012445	2
2667739	2667740	1
11872827	11872828	1
1279956	1266317	2
4814686	4812891	3
3276652	3276649	1
9174675	9174703	1
7096795	7096779	1
6467535	6467517	1
3555780	3555779	1
9803851	9802139	1
200809	200819	1
11339616	11364192	1
12752159	12752160	2
10298756	10298738	1
7823448	7823469	2
2343571	2343572	1
3504873	3507324	1
4502211	4600697	1
1568994	1568993	1
3716062	3716035	1
2021173	2021174	1
7677167	7677168	1
2928070	2928073	1
4196890	4196906	1
5999435	5999443	1
6572407	6570876	1
10614954	10677337	1
7242845	7863946	1
8100934	8100931	2
1738779	1740641	2
5910874	5910871	1
4314497	4314498	1
3900599	3900627	1
5910870	5912517	1
1446885	1446048	1
10913000	10912999	1
9492161	9491538	1
12755591	12755440	1
12145866	12144320	1
8497046	8489817	1
5179358	5179357	1
6418703	6418706	1
11872829	11872774	1
8630878	8630877	1
3858122	10671817	1
9041070	9040973	1
6410210	6410207	1
4322712	4322711	3
5502121	5502131	3
4860457	4860720	1
2677624	2677824	1
10520987	10521000	1
4626242	4310693	1
5215875	5215876	1
8044260	8044209	1
5240994	5240462	1
6992602	1256790	1
11679621	11288052	1
11887937	11880487	1
10089577	10089580	2
9913895	9913896	1
3092327	3092328	1
11690099	11696314	2
2600702	2598043	1
2579295	2579296	1
1879386	1879350	1
7961075	7961076	1
12778799	12778800	1
8043973	8043974	1
1318242	1307881	1
10257509	3058850	1
623959	623735	1
7986466	7993678	1
5743256	5743255	2
2373672	2373669	1
11361761	11352641	1
8098192	8103860	1
8442574	8442573	1
8092311	8093005	2
1243036	1253335	1
5650465	5650466	2
8449892	8449889	1
2978930	2978929	1
11726218	11985220	1
11857109	11857110	1
1948876	1948875	1
674325	674259	1
157953	157954	1
3293080	3293698	1
3357613	3360012	1
8449888	8449414	1
2772193	2772194	1
6093612	6093636	1
2947383	3163872	1
4356840	4356839	2
2072574	2072573	1
9424259	9422644	1
10561666	10561665	1
1575803	1575822	1
10561670	10561667	1
11174859	11174860	1
7959443	7959454	1
3327068	3326355	1
10927132	10927142	1
2155729	2155730	2
5939180	5938930	1
3092329	3094925	1
4324375	4337509	1
2372696	2372695	1
10677334	10677333	1
8808368	8808367	1
1519144	1507809	1
8160061	8160092	1
11654629	11654630	1
3401177	3400754	1
4269813	4269504	2
2338492	2337844	1
6032161	6032162	1
10910361	10910362	4
7446373	7446401	3
2264771	2264851	2
6905885	6905873	1
8478021	8484067	1
10748056	10748399	1
9178712	9178711	1
9277953	9277959	1
9987674	9995178	2
10202895	10203090	1
3881285	3865615	1
2738953	2739217	1
6450102	6448949	1
4111542	4111541	1
4607343	4606969	1
1663690	1663689	3
3935788	3935787	3
3871210	3871207	1
2350169	2351713	1
5751103	6137004	1
3775968	3915448	1
1395752	1395751	2
623307	623308	1
8232604	8232603	3
2066361	2061759	1
4438740	4439283	1
10792574	11434782	2
652494	676817	1
10455673	10455691	1
11130593	11130594	2
1802856	1802855	1
9133045	9132963	1
8787985	8787986	4
3825377	3825378	1
2773402	2773409	1
4314048	4314045	1
11153752	11153751	1
7617062	7617169	1
9373515	9374087	1
4314044	1026245	2
3763225	3763226	2
2749593	2749492	1
2578692	2578691	1
4724080	4724079	3
11880488	11880487	2
4687060	4687048	1
11959089	11959043	1
954828	757948	1
10869745	10869746	1
441631	441632	2
2464270	2470291	1
4600314	4600121	1
1416938	1416937	1
7682398	7683246	1
8042242	8043974	1
5784914	5784913	1
11117706	11117698	1
12346915	12355380	1
4671127	4671128	1
9788991	9790274	1
10664646	10664645	2
6191655	6045598	1
9702783	9705008	1
9049260	9049246	2
11299292	11299291	1
1449017	1449018	1
3133487	3133488	1
3918800	3915756	1
10812069	10811322	1
311511	311541	1
11471563	11471564	1
6201693	6201694	1
5415517	5418321	1
7967590	7967556	1
8629302	8634372	1
6810692	6810689	1
3183828	3183827	1
1867823	1861693	1
1416936	1416939	1
3293711	3293373	1
1955559	1955560	1
686914	681176	1
7405803	7404559	1
10219827	10220772	1
4334685	4271987	1
6919984	6919983	3
7364086	7361746	1
214228	214227	2
11337850	11337877	1
6356218	6356232	1
9439423	9439438	1
2669273	2993403	1
4853428	4853440	1
7522914	7507732	1
803625	803735	1
5860601	5860602	2
8082594	8082551	1
884494	884493	2
6375637	6375635	1
12391933	12391938	1
5143032	5143018	1
6507056	6507052	1
616897	616905	1
10371249	10371250	1
153550	152616	1
11992824	11992823	1
12473135	12473136	1
8891156	8891146	1
7547555	7547556	1
6197423	6197406	1
1852330	1852323	1
10759294	10762419	1
3557193	3557220	1
4406232	4406227	1
9605279	9626856	1
7308114	7308111	1
6116272	6118566	1
3474791	3474792	1
8426425	8426710	1
3531858	3531857	1
4606968	4606967	1
4524192	4524191	1
8092311	8093003	1
5351636	5351635	1
2954756	2954755	3
6756104	6756103	1
8052390	8052986	1
808976	808975	1
2900176	2900175	1
8847597	8847598	1
5940934	5940928	1
6120009	6120010	1
4694974	4694973	2
9491539	9491540	1
8735399	8734388	1
4708343	4708346	1
10588631	10588670	1
354886	354495	1
6618089	6618090	1
11484332	1139415	1
10709112	10709111	1
4575375	4575376	1
3561516	3561428	1
6400305	6400308	1
9764201	9753812	1
4833542	4833541	2
2204186	2204185	1
5373953	5373931	1
7980611	7980619	1
12795091	12795092	1
10156205	10156206	1
10586236	10586188	1
445105	445106	1
8059269	8059270	1
331208	334210	1
9167740	9167743	1
4483645	4483840	1
7602514	2672156	1
366645	366648	1
4635505	4635902	3
9478709	9478710	3
1300309	1300310	1
9049819	9047923	1
2904362	2904374	1
6756100	6756099	1
199005	279202	1
12574816	12592608	1
11783193	11783210	1
443186	443216	1
1798463	1798464	1
8753141	8750910	1
4278977	4278973	3
3150906	3150966	1
52846	53183	1
1594763	1594795	1
11393133	11393134	1
3678318	3588811	1
981766	981763	1
12295365	12295363	1
5200758	5202242	1
4207413	4209784	2
8659899	8659902	4
6242356	6243503	1
8465819	8465820	1
7547557	7547626	1
4694735	4524193	1
10447724	10447723	2
5275847	5275848	1
12139607	12139608	1
517330	517329	1
10671816	10671819	1
7873801	7873802	2
11093933	11093936	1
9385234	1869457	1
531936	521240	1
2063102	2062335	1
5227375	5227637	1
10293934	10293846	1
5862782	5867704	1
5991511	5991512	1
11998793	11998794	2
10455113	10453178	3
1747938	1747522	1
960898	963429	1
1832857	1832858	1
302305	302320	1
6807806	6807691	1
4752358	4752528	1
4503302	4603587	1
2423779	2423764	2
11122826	11122823	2
6186290	6186289	2
1965504	1969157	1
12145868	12145867	5
7360200	7360197	1
2168706	2166741	1
3771380	3771120	1
272898	272920	1
7556634	7556633	4
302169	302170	3
12698297	12698285	1
1110627	1112528	1
5828155	5828192	1
10543633	10561671	1
8228537	8228538	1
366643	366644	2
3359365	3359366	1
4269422	4269440	1
12308172	12558075	1
7041535	7041635	1
1276380	1276379	1
5367285	5367275	1
8775272	8778737	1
5919662	5919680	1
6014068	6014067	2
8570108	8570120	1
345939	345940	1
7291557	7284853	1
1194417	1189793	1
11085131	11085161	1
7205427	7205898	1
2364046	2364045	3
10432798	10432806	2
10193740	2372773	1
4355055	8873701	1
2463497	2463387	1
298610	298509	1
7921424	7921423	1
4155259	4155355	1
8405494	8405493	1
162786	162785	1
9914076	9914075	1
251932	310598	1
9920521	9920530	1
9126403	9126404	1
10208657	10208102	2
9250053	9250054	1
9614500	9614497	1
11755134	11755310	2
1542114	1543307	1
7717368	7717367	1
1613920	1669608	1
6507058	6507057	1
5538869	5538870	1
3561518	3561517	1
4957134	4957133	1
8176669	8176672	1
7412616	7412504	2
2586761	2586808	1
2799677	2799678	1
3305125	3304993	1
2547178	2547177	1
8507143	8506515	1
1534921	1534942	1
6105440	6105439	1
3577756	3577753	2
11288053	11288054	1
8026290	8026379	2
8991154	8991153	1
9083975	11780772	1
8808366	8804120	1
5819373	5819376	1
11314162	11314153	1
9230047	9230126	1
6356231	6356232	2
9574314	9431398	1
11036884	11036440	1
8442015	8442020	1
10391653	10393640	3
1448682	1448681	3
2040231	2040232	2
6508918	6509695	1
11157786	11157785	1
3305619	3305620	1
2681164	2673291	1
10036418	10036641	3
9326544	9326535	1
9148292	9148344	1
12760773	12760774	1
262119	262120	1
9640441	1403607	1
264259	264260	2
2461291	2465130	1
9422473	9422382	1
6074415	5849000	1
370413	370305	2
9548314	9548285	1
12281897	12281898	1
9393144	5145647	1
9764659	10292580	1
997021	7446419	1
11212426	11205304	1
9733833	9733834	1
903548	903545	2
2554551	2554552	1
9582648	9582647	1
8225643	8225644	1
4110312	4111113	1
2392143	2407222	1
10325887	10325888	2
1160304	1160301	1
10609762	10609761	1
9637347	9633117	1
7730715	7446744	1
6144878	6144419	1
4322716	4322713	2
12291670	12291526	1
727459	727460	1
6339579	6339584	1
6090949	6088019	1
3183847	3183848	1
4744440	4744439	1
9424259	9422642	1
2123972	2123975	1
12050676	2602809	1
9435534	9434898	1
9174675	9174701	1
10490354	1303731	3
1653986	11289258	1
7223731	7223732	1
174129	174125	1
9061964	9061963	1
6276085	6276086	1
11098535	11098536	1
6390452	6390411	1
12391935	12391938	2
4185677	4185665	1
11465956	11429204	1
3461694	1957599	1
1096657	1096600	2
695524	805663	2
426227	426228	2
12684294	12684425	1
3935790	3935787	2
8025664	8025305	1
1179407	1179403	1
6410212	6410211	2
2461289	2465130	1
1258052	1266965	1
3286167	3286161	1
5985415	5985416	1
7038842	7028465	1
1585746	7526355	1
6105429	6105430	2
9827670	9830925	1
2276713	4019236	1
5307708	5307753	1
10178845	10178896	1
474390	474396	1
3036751	3043284	1
5616466	5616658	1
1685366	1685357	1
1498087	1498088	2
10680316	10586948	1
5767673	5768208	1
693059	703097	1
2810400	8178354	1
1228288	1228232	1
2256124	2255666	1
7538227	7538204	1
2281110	2281056	1
9368258	9495456	1
10907928	10908528	1
7380494	7380465	1
10242557	9927895	1
10654328	10654403	1
9730911	9730912	1
6637108	6637107	1
5848018	5848017	2
9783296	9783893	1
4701691	4701692	1
1007950	1013581	2
7012199	7012122	1
3016661	3016662	2
168330	2860543	1
6341487	6341285	1
10026489	10026382	1
7110273	7110274	1
1362927	1361565	1
11190175	11190229	1
6507053	6507054	1
12244416	12244792	2
7845305	7846526	1
11978306	11978503	1
1853993	1853994	2
1767429	1767430	1
5946121	5946122	1
5785244	5785419	1
2589327	2595323	1
6321561	6321556	1
11171479	11171480	1
3285758	8899074	1
6907664	6907703	1
11157784	11157783	1
373588	372746	2
7159905	1571659	1
7791855	7791856	1
3869741	3870189	1
10221052	10221049	1
7434033	7434034	1
7485043	955532	1
11573473	11573474	1
9369455	9369456	1
884492	885617	1
2705934	2704831	1
7717569	7717369	1
10136011	10139806	1
8659191	8661734	1
7207554	7207428	2
745973	6135667	1
6592502	6849940	1
11739170	11738301	1
7901117	7901118	1
5358598	5358597	1
6802234	6804641	1
6340067	6339548	1
527236	893652	2
12648078	12293334	1
5786400	5786399	2
2254826	2254121	1
420624	460544	1
12226148	12226220	1
3211735	3211564	1
1425184	7645199	2
3362277	3362278	1
1670	1669	1
2461289	2461290	1
2491075	2491076	1
11257578	11258816	1
7863900	7863642	1
11096310	11096307	1
1742125	1745195	1
9947789	9947790	2
9657305	9657306	1
2293311	2293173	1
527401	527402	1
7615705	7612275	1
6013098	6013077	1
6247405	6247406	1
5641080	5641077	1
10664644	10664643	2
10330384	10330483	1
5712734	5712731	1
5774411	5774414	1
1381404	1381401	1
7406208	3101005	1
2238822	2238821	1
1710527	1702237	1
12677836	12678344	1
4694972	4694174	2
2155727	2155728	1
4400830	4161185	1
6697827	6697828	1
1891477	1891482	1
10495862	10496354	2
3304726	6739839	2
7429782	7429781	1
10751607	10751610	1
4670355	4670358	1
11915962	11915961	1
5951936	5951935	1
5268282	5268277	1
3256931	3258071	1
9452879	9452880	1
8043601	8043603	1
8748022	8747951	2
9514451	9508498	1
10645427	10743644	1
7516514	7516513	2
9563461	9563462	1
6874814	6874816	1
7900138	7900141	1
12798718	12798726	1
10487621	6190956	1
10668934	10668947	2
1065774	1059596	1
5841681	5841682	1
5947554	5945581	1
6017437	6017747	1
7866909	7865890	1
8362324	8362232	1
2295163	2295164	1
6691407	6691408	1
6145786	6145785	3
4647993	4641955	2
5784916	5784915	1
10224267	10224509	1
9846710	4491294	1
12650853	12650854	1
8014439	8010524	1
8025229	5538209	1
3930362	3929868	1
4631298	4642880	1
12145003	12145004	1
9743935	9626079	1
12352382	11147129	2
3676973	3678327	1
3318884	3319044	1
8729830	10285630	1
4621374	4621373	2
10417942	10411828	1
8605694	8605673	1
9920458	9920455	1
12553029	12556568	3
9334913	9334914	1
6363490	6362988	1
11934098	11934391	1
8508765	8510724	1
10884624	10884621	1
9296901	4573489	1
9118124	9118123	1
10910359	10910362	1
7636483	7636398	1
8209576	8211864	1
8571662	1587774	1
2611822	2611839	1
7872627	7872879	1
1956881	1956831	1
2491077	2491078	1
4790833	4786592	1
9171704	9171725	1
406318	406317	2
7823436	7823433	1
8499630	626835	1
4439028	4439042	1
6208159	6206631	2
11166294	11016532	1
6817829	6817830	1
7762626	7757742	1
4626244	4626243	1
1099165	1098745	1
4263031	4263032	3
4563602	4564592	1
3491203	3491332	1
10550914	10550913	1
8397826	8397871	3
7538225	7538226	1
3079518	3078831	3
7717561	7717562	1
7967522	7967591	1
6355503	6355504	1
5690450	5613923	1
10727586	10727585	1
4695014	4694977	1
7552339	7552306	1
10466563	10466564	2
3082934	3082931	1
9144866	9144869	2
11590321	11590322	1
8331093	8331107	2
8693336	8693313	1
11112771	11150617	2
9171367	9171368	1
5620080	5609223	1
6013742	5569102	2
215440	215432	1
8839557	8835866	1
6371808	6372013	1
5010425	5010437	1
2445871	2445806	1
7961077	7960557	1
6137093	6152153	1
11630486	11630489	1
4852293	4841606	1
8433199	8432960	1
6398572	6398571	2
9548553	9548561	3
8409900	8409868	1
5507830	5507825	2
1562844	1562846	1
9666228	9655794	1
3083643	3083268	1
8013640	8013608	1
6344908	6345481	3
12144319	12144320	2
292669	292534	1
11302079	11302491	1
4300097	9965580	1
9436218	9436217	2
2646509	2970096	1
955834	949906	1
9133111	9129740	1
8825271	8826552	1
5167340	5170465	1
10053683	10136166	1
3771121	3771122	1
6028053	6028054	1
12636113	12635151	1
9007987	9007988	1
11337471	11337500	1
12650855	12649386	1
6432171	6432181	2
7852971	7852983	1
7879923	7879924	1
764191	8278815	1
6604352	128047	1
7344787	11138255	1
889643	517335	2
6708943	6708578	1
8350376	8350375	2
6796748	8086558	2
11536607	11533144	1
5477051	5477052	1
5691897	5691898	2
1284572	1506014	1
2795077	2795059	1
12005895	12008016	2
8157157	8157158	1
7458075	7458191	1
9095945	9095948	1
7169703	7169697	2
4318335	4347210	2
6144881	6144873	1
3400108	3400107	1
203357	263504	1
12311044	12308641	1
2335317	11563178	1
5671949	5671928	2
600703	600460	1
2210874	2210871	1
10898063	8025317	1
6138850	6138849	1
8042242	8043972	2
4394502	4394501	1
7266196	7266220	1
10579240	10579139	1
8465817	8465818	1
7668996	7668995	2
11093931	11093932	1
1483806	1483805	1
9777012	9777010	1
8543981	8543982	1
8445952	8445955	1
2022120	6525200	1
11803991	11804567	1
4499321	4499247	1
1266316	1266313	2
829449	827805	1
8234063	8234064	1
180972	267917	1
7345759	7314803	1
12540932	6352486	1
11211371	11211302	1
9178749	9178713	1
5494709	5494710	1
7558069	7558057	1
5860605	5860606	2
9087971	9087974	1
1834616	1834611	1
4776948	4776947	1
11928247	10285208	1
2868738	2868964	2
4460833	4460836	1
9338081	9324768	1
11014935	11014936	1
11088412	11088308	1
4061387	4061381	2
1741894	1741893	1
9905763	9905764	1
3536443	3536735	1
12296014	12296017	1
261775	261776	1
10274417	10274418	1
7859020	7859019	1
11372677	11409874	1
8331604	8336414	1
2243755	2243756	1
3099486	3099513	1
8287365	8287388	1
5386727	5386702	2
12533601	12533602	1
10583551	10502768	1
8705416	8705428	1
12123018	12123015	2
2935490	2934673	2
4269441	4269442	2
4111538	4111541	1
3701745	3708749	2
3287684	3287689	1
2485948	2486707	1
8882422	8755180	1
1444830	1444835	1
1490594	1490536	1
5078446	5078445	1
5436216	5436550	1
5162595	5164250	1
10872902	10872905	1
11638903	11638895	1
7654287	7654288	1
3935790	3935789	3
10503818	10503815	1
5021918	5021935	1
11967362	11966966	1
12767927	12767928	1
7303395	7303398	1
5641078	5641077	1
4832243	4832164	1
2940827	2940828	1
9295524	9295523	3
3016663	3016664	2
8970564	8970563	1
2660535	2660530	1
7816810	7816902	1
9529692	9529691	1
4502932	4497888	1
7823436	7823431	1
1932598	1931383	1
10692211	10693588	1
2527788	2527831	1
1097556	9082915	1
7616348	7616636	1
6019995	6019996	2
4957078	4957072	2
10155577	10155546	1
7813309	7812986	1
3811911	3811907	1
10391510	10385271	1
7642347	7642348	1
11606171	11606176	1
919297	919239	1
8748152	8748332	1
12279816	12279809	1
12267634	12295360	1
8659903	8659907	4
5498920	5501971	1
3854882	3855049	1
3470262	3470240	1
112172	79048	1
3016655	3016658	2
1106612	1106609	1
1093407	1093378	1
5104192	5104198	1
8664709	8664719	1
515998	435034	1
3826838	6935190	2
10658092	10656546	1
9274404	9274403	2
5946974	5949595	1
4169023	4169024	2
6774627	6774738	1
1030794	1030780	1
4016935	4015199	1
5058684	5058687	1
8775274	8775273	1
947405	947728	1
7291555	7291556	1
3708748	3708747	1
1250095	1249768	1
10602386	10601795	1
4673931	4673932	2
2996339	2996340	1
3772379	3692011	2
6356218	6356230	1
5012107	5012108	2
2568881	2568882	2
2416966	2416943	1
11174859	11174864	1
10487619	10487620	1
1931944	1932613	1
5669488	5675113	1
5642735	5643696	1
3637162	3637947	1
5549190	5549363	1
11739292	11739267	1
6875575	6875555	1
1007962	1008262	1
3005660	3005659	1
12157032	5483598	1
5844722	5844719	1
9278247	9278248	1
1723917	1723918	1
10911922	10911919	1
3286005	9472033	1
4726196	4726195	2
4651938	9120749	1
5935618	5935617	1
113473	113474	1
1631182	1630565	1
11446891	11459629	1
2012430	2012429	2
6175003	6175004	1
3282155	3283034	1
12337595	12477715	1
2300016	8401468	1
10010845	10029519	1
7746389	7746390	1
5939132	7571843	1
5468392	5468395	1
793525	793526	1
1645554	1645551	1
7840798	7840801	1
3580312	3580434	1
117922	49820	1
6162809	6162812	1
10279431	10279434	1
10375532	10375945	1
9395746	9395745	1
9772670	9769900	1
5067646	8661233	1
5650305	5650308	1
5110952	5110951	1
9422643	9422644	1
3983714	3983713	2
3061584	3061583	1
6229300	6229345	2
10377601	10377583	1
3719884	6056005	1
12261927	12261928	1
8886725	8886721	1
8609027	8608939	1
5349611	5349599	1
4839937	1971732	2
4734504	4734541	1
4276246	4276464	1
5262444	5262529	1
11544592	11544577	1
4260235	4260236	1
6105427	6105428	2
1444097	1444098	2
8267598	8052997	1
9691679	9690393	3
11545521	11545522	1
5675067	5675048	1
1108084	1108083	1
4218202	4218185	1
521527	818950	1
11756416	11756415	2
7291553	7291554	3
2033128	2033110	1
10213496	4993889	1
8093004	8093003	1
7640209	7640215	2
2935549	2934264	1
8379995	8379916	1
2039753	2039527	1
65158	65162	1
2893495	9418812	1
3073769	3073377	1
5951055	5954752	1
3082934	11778313	1
4356838	4356833	1
2473336	8252633	1
6913812	6913811	2
5622904	5622898	1
4054053	4054069	1
10343766	10343765	1
4328016	4327970	1
8232606	8232605	4
9856828	9856821	1
966414	966410	1
10541615	10541627	1
1313330	981767	1
7288222	7288064	1
12003612	12010442	1
11110205	11110739	1
7887831	7644190	1
6350713	6350716	1
10165628	10165618	1
9164148	9164088	1
5874457	5874448	1
6521785	6523857	2
4201148	4201139	1
6363492	6363491	1
9119606	9121027	1
12204038	12204037	2
4389802	4336513	1
5043089	5043123	1
8040181	8040182	1
8405482	8405481	3
8875240	8875239	1
10570921	10570930	1
11174861	11174864	1
11647044	11646882	1
7654171	7654172	2
8644146	8643968	1
5774413	5774414	1
8170521	8170522	1
7717563	7717568	1
6987864	6992903	1
3079520	3079519	3
4632534	4640403	1
5092825	5092978	1
10503719	10497019	1
5943324	5943267	2
8574628	8574627	1
7416141	12803670	1
5896492	5896491	2
3183849	3183150	1
4641954	4641953	2
9332465	9332470	2
8510725	8510728	1
10884416	10884106	1
3159006	3159005	1
2146015	2171502	1
9117828	11790905	1
5675047	5675048	1
6002815	6002816	1
3633654	3633653	1
1611927	1598200	1
8365558	8361252	1
11306858	11306797	1
5526937	5526983	1
9732429	9732430	1
8160283	8159402	1
6756102	6756101	1
10541899	10541886	1
2146015	2171504	1
6838131	6838123	1
5136400	5136399	1
7117690	7194669	1
5481259	6035917	1
3660273	3660232	1
6668824	8360081	1
4121899	4121740	1
7551228	7551319	1
9657307	9671298	1
11833611	11833609	1
393308	393307	1
10884624	10884623	1
1003513	1003514	1
10568452	10598958	1
2421936	2421908	1
5914900	5914899	1
311181	311182	1
5355763	5353482	1
5786814	10431692	1
12776669	12776935	1
12391933	12391934	1
5041367	5041368	2
5100015	5100028	1
2072577	2075749	1
1270850	1271871	1
6065931	6066105	1
6522364	6522363	1
11442515	11442516	1
9548815	9548809	1
3521849	3521850	2
5986344	7975562	1
11048657	11048723	1
3459606	3459603	1
6180648	6180650	1
5481257	6035917	1
10426715	10426678	2
7645198	7645197	1
9614295	1738265	1
6201743	6201744	3
12693115	12694282	1
9480575	9480576	1
10779224	10779223	1
4541562	4541596	1
4475030	4475026	1
5860603	5860604	2
6028055	6028056	1
2199347	2363536	2
2423774	2423772	1
12205972	12205271	1
5453020	5452962	1
10214703	10214713	1
3197612	3197523	1
6638684	6643114	1
5844722	5844721	1
6737093	6736652	1
11934599	11934605	1
4471288	4471032	1
2321367	2321368	1
4563604	4563603	2
2953914	2953913	2
11148648	11148647	1
7815237	7814014	1
5817722	5817721	2
7852420	7852419	1
1832411	1832412	1
6542259	6542260	1
6877791	6885858	1
11719300	11719299	1
906036	902528	1
7374761	7374762	2
5381887	5381641	1
1610286	1606221	1
9123394	9123390	1
1269475	1269476	2
4833531	4833543	2
3150214	3150211	1
12805523	12805598	1
4659299	4659300	1
8481452	8481451	1
11728640	11728637	1
9061060	12770605	1
12186008	12186007	1
2018031	2018032	1
8505995	8479508	2
1912594	1912562	1
1340418	1340417	2
2517259	2517312	1
1448711	1448683	3
2204184	2204187	1
4283854	4283857	1
11004998	11006601	1
6428479	6427807	1
646376	646379	2
10828419	10828420	2
7867022	5592927	2
7166764	7166897	1
10490085	10490088	2
896590	601828	2
9954672	9954671	1
2012428	2012427	2
2162375	2162828	1
3934397	3934389	1
4547315	4547318	1
5455738	5573868	1
10912927	10913001	1
479088	479087	1
3372059	3372060	1
1243034	1253335	2
4406699	4406700	1
9328575	9328576	1
6550042	6550041	1
4876014	4916599	1
4127485	4127488	1
10662991	10664218	1
12308432	12308431	1
10558515	10558511	1
9248825	9248828	1
2735129	2735130	1
5809997	5643262	1
5935663	5973181	1
4515309	4515310	1
7981415	7981380	3
10078952	10078529	1
6000800	10145236	1
693603	5983988	1
9452036	9452031	1
439948	440026	1
8753147	8750910	1
12774219	12774220	1
11584556	11584555	1
3500656	3500728	1
6849944	6849960	1
4263031	4263034	1
3076658	3076657	1
807509	804232	1
7120023	7118593	1
4111538	4111543	1
5913530	5913529	1
8821039	8809133	1
6915360	6914881	2
7716360	7716304	1
11880438	8988471	1
4230573	4230574	1
1881132	1881129	1
2023121	2023207	1
10462568	10462567	1
6529782	6530258	1
1007841	1008275	1
8777277	8777273	1
12770604	12770603	1
12732595	12732596	1
7181250	7181315	1
10019263	10017951	1
4120532	4120703	1
1348714	1348803	1
12308899	12308900	1
10139805	10139806	1
6579887	6579917	1
1095797	5086401	1
2470196	2470193	1
7214265	7207848	1
6247370	6247369	1
573716	569986	1
7458073	7458074	1
9550272	7877079	1
2900174	2900173	1
2392141	2392142	1
11673413	11673414	1
7669010	7668997	1
5844720	5844719	1
693351	693352	2
9423080	9423079	1
3601803	3601799	1
6502808	6502673	1
2900161	2900177	1
2932128	2954755	1
3861967	3862022	1
9119608	9119607	1
6598973	6597831	1
12543503	12718386	1
2180171	2180172	1
5988905	5988903	1
1400915	1399012	1
1349010	4125661	1
4269505	4269506	1
6381715	6381716	1
3906287	3906290	1
7880505	7642346	1
11304904	11304931	1
6300485	6300251	1
11158411	11158455	1
11943205	11943134	1
8287484	8293528	1
4274359	4274327	1
6919982	6913813	2
8232606	8230086	1
3580216	3560352	1
2667741	2667742	1
10037759	10037760	1
9264479	4911107	1
2922639	2922906	1
10231439	10231387	1
8442013	8442014	2
7070784	7070783	1
2234161	11894584	1
4673933	4673934	1
3961747	3961737	1
8479529	8479530	1
5959439	5959440	1
304281	304159	1
3384234	628337	1
3756250	8664708	1
4045543	4045544	1
5539151	5538842	1
6079816	6079495	1
4415196	4414948	1
11121397	11121603	1
4870041	4870042	1
9453624	9453637	1
6639291	2151482	1
9812830	9281282	1
2196252	2196800	1
11778312	3082931	1
9250055	9250056	1
7763988	7763983	3
12019007	12019008	1
9038064	9040750	1
4614423	4614424	2
2744518	2744551	1
10900378	10900396	1
12210585	12210588	1
10136011	10139804	2
12678347	12678106	1
4322714	4322711	1
11382157	11384640	1
1301623	1301624	1
3242330	3242318	1
5910872	5910871	2
8549549	8549524	1
1153932	1154357	1
6082428	6082427	1
11846421	9298617	2
9118126	9118125	1
12461522	12461254	1
7495023	7489391	1
7318131	7318134	1
6627818	6627827	2
9563723	9543900	1
10910359	10910360	4
6680435	6679897	1
11358336	11358307	1
6249317	6249336	1
5481257	5481258	1
9988788	9988774	1
12244933	12244949	2
2027474	2027469	1
4189633	4189629	1
10655733	10655734	1
5724873	5724612	1
6247368	6245187	1
3247199	8571454	1
5436551	5436552	1
10554069	10554070	1
12473137	12473138	1
9389896	9389383	1
6050369	6050398	1
5093296	5093055	1
11688806	11690013	1
3133983	3133984	1
8782469	8782470	1
5516095	5516527	1
11678530	10283431	1
6690539	6689971	1
439948	439951	1
345517	345518	2
3192675	3192659	1
9327507	9327510	1
12308433	12308434	2
2027472	2027469	2
156265	154484	1
2269288	2269361	2
5819377	5819304	1
1359996	1359978	1
8681478	8681477	1
1358383	1358177	2
12815317	12722199	1
2962571	2962487	1
951055	707642	1
261267	261248	1
9303703	9303704	1
11048722	11048721	1
2454543	2454522	1
5277486	5276845	3
2040229	2040230	1
4305614	8890794	1
5386727	9270696	1
5870241	5870067	1
7867701	7867702	2
4221647	4221592	2
7008121	8519069	1
10488199	10488200	1
6190940	6190891	2
4263033	4263034	2
12204036	12204035	1
5044367	1058675	1
4917732	4879490	1
291449	792267	1
5814361	5898486	1
2484516	2484617	1
4478996	4479695	1
5180975	5180978	1
6743976	6744915	1
5605891	5605842	1
5550651	5550652	1
6579957	6579958	1
438484	441630	2
12026912	12026911	1
12032192	12032191	1
1602678	1603387	1
1356512	1356478	1
3359367	3358983	1
9049262	9049261	1
5598577	5598578	1
6405505	6397138	1
10734521	10734522	1
3973905	3973955	1
4820411	4820412	1
762065	762066	1
1302240	1302259	1
8761683	8761684	1
11620435	11620438	1
6488343	6488344	1
2701868	2978929	1
9442536	9442563	1
8659189	8659190	1
8507139	8507142	1
11818654	11818651	1
12162046	12162132	1
5531534	7653585	1
3152376	3152368	1
5377831	5377834	1
11393135	11393136	1
6437173	6437923	1
961122	961120	1
7866150	3114302	2
7886433	7890050	1
617040	6626571	1
11752058	11752598	1
6851809	6862854	1
1431081	1431088	1
5290813	5290765	1
3825379	3631694	1
2664396	2658584	1
5222629	5215874	1
4957132	4957125	2
3402847	3402837	2
9270697	5386702	1
69904	69923	2
3073767	3073768	1
10652673	10652661	1
6002608	6002619	1
5535442	5535771	1
8100930	8100929	2
258435	258432	1
3094055	3094051	1
7200818	7201540	1
6865831	6865840	1
2394597	2305992	1
3876669	1364848	1
4496853	4496854	1
1048451	1048452	3
11474287	11414290	2
1637809	1599371	1
2454876	2454875	2
435568	437137	1
11451601	11452390	1
9076249	9075835	1
10815036	11784585	1
11359492	11359332	1
6164902	3827048	2
3703512	3703526	1
4269424	4269440	1
9884440	9911454	1
3168513	81602	1
4407219	4404284	1
9674220	9674726	1
9482626	9482611	1
9188939	9129797	1
3617135	3617136	1
2321353	2321366	1
4515287	4515308	1
11880486	11880485	2
10394017	10394094	1
1340416	1340415	2
10584601	10584602	1
9920456	9920455	4
7308110	7310135	1
8098036	8093882	2
2932128	2954757	3
5743254	5743253	3
6935191	6935192	1
7601948	7601722	1
268081	268082	2
7594382	7593439	1
7292384	7292383	2
9028421	9028468	1
9310901	4489998	1
6209803	6209806	2
6014066	6013955	2
2263558	2263796	1
10466561	10466562	2
7640214	9980741	1
3713666	3712137	1
8661911	8661912	1
11406662	11406669	1
450052	439685	1
7757743	7757744	1
2992762	3025138	1
754438	754586	1
9890587	9854555	1
954939	825863	1
301967	300779	1
9890588	9890587	2
11620433	11620434	1
8330971	8330883	1
10377582	10377581	1
5153012	5153011	1
3466036	3466039	1
10286210	7104721	1
11560838	11560863	1
784087	784079	1
7659358	7660770	1
5350068	5350037	1
1834616	8801321	1
7979702	703940	1
11182082	11182081	1
11422465	11422683	1
2029072	2029071	1
10259871	10260175	1
2667058	2667052	1
11119259	11119039	1
8379259	8379260	1
8995566	8995565	3
9128015	9128016	1
10019546	10016581	1
2457239	2457240	2
168569	168570	1
4166287	4178653	1
5093054	5093297	1
4748068	4746815	1
4566531	4566532	1
1364849	1364850	1
7918325	7918498	1
8601597	8601598	1
10738393	10738394	1
6321559	6321560	1
6139313	6136418	1
8100934	8100929	2
10490468	10490490	1
6124280	6123851	1
6554237	6554238	2
1258054	1258053	1
3117741	3117789	1
731147	731148	1
963036	966442	1
10138070	1966754	1
8970562	8970559	1
5315864	5315856	1
6077242	6091005	1
3564772	3564771	1
11599790	11599789	1
7669010	7668995	1
11872827	11872774	1
3387634	3387631	1
782647	782859	1
5718607	5718608	1
263173	454239	1
6542156	6542219	1
7640713	7638798	1
5422193	5422064	1
12123035	12123019	2
6870548	6870543	2
4524708	4525315	1
8389389	8388390	1
1756565	1717676	1
12308435	12308436	2
8094919	8094534	1
8959244	8959296	1
12616530	12615654	1
6618091	6618092	1
6089438	6093417	1
1074670	1074669	1
11983784	11983783	1
1965504	1969155	1
7748693	7748694	1
649524	649523	1
8644863	8644864	1
11764289	11764329	1
3016659	3016660	2
2678836	1523497	1
10266759	10266762	1
6345475	6345476	1
774954	774958	1
12186003	12186009	1
12053574	12327075	1
10349876	10318407	2
3906285	3906286	1
7995720	7995719	1
10742186	10742185	1
9563463	9563421	1
484071	484072	1
1498889	1498890	1
3143069	3142697	1
12693715	12693686	1
631702	683762	1
5588245	5588246	1
9272767	9272735	3
12441676	12441675	1
2892115	2892118	1
6870548	6870541	1
8520284	8520283	1
8232604	8230086	1
4736190	4736189	1
7995908	7980611	1
9846823	9846075	1
3722444	3721966	1
4670359	4670360	1
6237188	6237187	1
4360012	4360011	1
919227	919241	1
11501526	11501525	2
9845851	9847228	1
11147128	11147125	1
3684261	3685140	1
6928342	6930758	1
10902079	10902080	2
11256884	11252870	1
11807490	11807480	1
9764199	9764200	1
6870542	6870541	1
3814246	3815022	1
12295362	12267639	1
11887944	11887941	1
6166675	6166701	1
4360014	4360013	1
9509186	9509565	1
6905805	6906873	1
3638197	3637675	1
