fend1	fend2	count
9980356	9980359	1
8185591	8184925	1
3200064	3205390	1
1691208	1738449	1
2104564	2104563	1
3198379	3233688	1
9291556	9291555	2
11117735	11117731	1
9194282	9194281	1
4350834	4350725	3
748213	747819	1
10654623	10654520	1
1964225	1964226	1
4551921	4551924	1
9382104	9382073	1
9517674	9516904	1
9018809	9018810	1
6567883	6567884	2
4654498	4654501	1
6558795	6558796	1
3781786	3860118	1
10495914	10495841	1
3213842	3214743	1
10041944	10041943	1
10444928	10445029	1
1459179	1459180	1
7371751	7371744	1
5560035	5560036	1
1313003	1313018	1
10241061	10241062	1
10894444	10894392	1
6129648	6683616	1
6018489	6018490	1
8732663	8732664	2
11590220	11589935	1
8653621	8653622	1
11169412	11169411	2
8346526	8533991	1
2594401	2594402	1
5591316	5591315	2
2835473	4689252	1
8049226	8049225	1
3753463	3753466	1
3300750	3300749	1
4876607	4876608	1
9494133	9494134	1
5508188	5508187	1
8803992	8803991	1
3147075	3147076	1
397719	386723	1
10309009	10309010	1
8562783	8562784	1
4135465	4167605	1
2547995	2547996	1
2934122	2936190	1
10168026	10168025	1
11831700	11831749	1
11487356	11487355	1
10196410	10196409	1
5838250	5827682	1
3908155	3908156	1
6501335	6501336	1
6553522	6546240	1
6099267	6099268	1
9444892	9444891	1
11003041	11506946	1
9040819	9040820	1
2831190	2831263	1
7917865	7917866	1
8578981	8577250	1
5572567	5572568	1
8758723	8758724	1
10793866	10793879	1
685477	685478	1
5950681	5950682	1
2460464	2460463	1
2859368	2859367	2
12178716	12178715	1
807511	807630	1
6970032	6964250	2
1054425	1054426	1
9696017	9696018	1
8167884	8167883	1
11534458	11579295	1
10280322	10280338	2
6705854	6705851	1
6435982	6435981	1
482248	482344	1
10820065	10820066	1
12663460	12797081	1
11363954	11363964	1
10473739	10473742	1
11379758	11373630	1
6897135	6897136	1
5559559	5560034	1
6450440	6450439	1
9470812	9470912	1
6946548	6946576	1
5039596	5039595	1
3370204	3370200	1
7979629	7979613	1
6654721	6655041	1
6899876	6900276	2
9347325	9347326	1
3359971	3359972	1
3051	3060	1
3135177	3135178	1
1027946	1027945	1
3881468	3881467	1
12415977	12414847	1
11540142	11540141	1
5525199	5522162	1
5225569	5225570	1
10276867	10276868	1
5271487	5274369	1
10747641	10384246	1
5592092	5587431	1
4471785	4471018	2
11764228	11763319	1
8179640	8179639	1
4957963	4957964	1
4824732	4824731	1
10097133	10097134	1
8672211	8672967	2
498600	498599	2
9127890	9127909	2
7654147	7654148	1
10907189	10907210	1
11665460	11665459	1
2017655	2018562	1
2013225	2013227	1
8082692	8081811	1
2162066	2162065	1
7446336	7446333	1
11766098	11768019	1
9518535	9518632	1
10591686	10309130	1
5756050	5756049	1
178190	178187	1
56977	52737	1
3478676	3478675	1
9140843	9140757	1
4654606	4654596	2
4538360	4538359	1
5009903	5009904	1
9515933	9515934	1
10266435	10266436	2
7718884	7718823	1
2483846	2483850	1
1831173	1831343	2
767324	767323	1
8432958	8432957	1
7225851	7225852	1
6482745	6482748	2
11487451	11487357	1
8562238	8564153	2
7603893	7795535	1
3312102	3312083	1
9343049	9621748	2
5147538	5147462	1
6250127	10416978	1
453241	453242	1
2357957	2357958	2
8649569	8649570	1
1578863	1577938	1
7904505	7904509	1
7260637	7251964	1
1719341	1719342	1
11289413	11289414	1
10150894	10150889	1
3363773	3363776	1
1970426	1970425	1
11010474	11010473	2
3498116	3498115	1
7113930	7113919	1
12621108	12621068	1
5088115	5088116	1
9347589	9347590	1
4529499	4529500	1
11835925	11833693	1
11833731	11833732	2
12697966	12697946	1
757193	757197	1
1083803	1083804	1
5818214	5818213	1
11993997	11993998	1
11473491	11370333	1
10687411	10691080	1
8401462	8401461	1
582974	582971	1
1716064	1716072	1
9001071	9001074	1
12281615	12281616	1
3716716	3716715	1
5219703	5219704	1
4121628	4121445	1
5276565	5276566	1
5912471	5912472	1
7725001	7767625	1
7185995	7185996	1
11873906	11873905	1
6676019	6678511	1
1791436	1786098	1
10442862	10442855	1
9573387	9573365	1
10355760	10355759	1
355694	355693	1
8663105	8663106	1
4296557	4296656	1
9072648	9072653	1
7065689	7064274	1
3635274	3634954	1
7473598	7473597	1
4010534	4010533	1
6782764	6782697	1
3221634	3221611	1
6729250	6729249	1
9165179	9165180	1
12302293	12303191	1
6075513	6075254	1
7546744	7547273	2
312104	312103	1
11665462	11665461	1
3907266	3907265	1
7811821	7810476	1
8583736	8600219	1
7948028	7948027	1
7383604	7383603	1
2114706	2114709	1
7557394	7557407	1
11211503	11210680	1
7951024	5714646	1
5647313	5647314	1
8562781	8562784	1
1969208	1969207	1
6313373	6313020	1
7686111	7686114	1
5478123	5478124	1
3368504	3368503	1
11494896	11494901	1
3697781	3697782	2
6412346	6412345	2
8532785	5884974	1
4361167	4361168	2
8846399	8846181	1
10117943	10110006	1
9144115	9144116	1
7613200	7613197	1
10202316	10202306	1
6616961	6616964	1
12302828	12302827	1
4574383	4573629	1
10885008	10885011	1
6567741	6567742	1
3560613	3560614	2
6424964	6425005	1
8838933	8838439	1
1888144	1888143	3
3572478	3572477	1
4732687	4732688	1
755765	755766	1
12426168	12426167	1
2002920	2002919	1
7190331	7190452	1
9311125	9311126	1
8982714	8982622	1
6832731	6832732	1
6504813	6501033	1
2444909	2444910	1
155625	155626	1
3995595	3995596	1
9395543	9395544	1
5882319	5881436	1
10315804	10315803	1
11766106	11767849	1
11918982	11918981	1
10978357	10857716	1
8519953	8519973	1
11832979	11833051	1
4592945	4592946	1
4092614	4092715	1
10572112	10572111	1
594605	594606	1
10713482	10713465	1
3374937	3374816	1
9550003	9549991	2
2126453	2126440	1
1751675	1751676	1
6176110	6176840	1
2843300	2843299	2
475497	475498	1
4564901	4564902	1
5070811	5074807	1
9683983	9683984	1
4924953	4924954	1
2836224	2836221	1
492823	492826	1
5756052	5756051	1
7524148	7527713	1
8885701	8884562	1
993667	995104	1
2652611	5104559	1
6134539	5688999	1
5357655	5151307	1
7514535	7514536	1
4699402	4699401	1
9418718	9418717	1
7828125	7828126	1
5340447	5340435	2
9431897	9431893	1
3404977	3404978	1
8046820	8047126	1
9324220	9565610	1
9529424	9529462	1
2205259	2205246	1
783027	782475	1
9951300	9884580	1
4828121	4826331	1
5495861	5500526	1
1237311	1236885	1
10315808	10315805	1
11287032	11287186	1
420045	420046	1
6565644	6565659	1
12613702	12613699	1
10283567	10283568	1
9924216	9927810	1
1533882	3925821	1
7908214	7908213	1
1268826	1224090	1
8796696	8796693	1
7295694	7295693	1
3126948	3126947	1
11042758	11042757	1
8092564	8094492	1
7915479	7861783	1
11029481	11104507	1
4836966	4836965	1
8340463	8340461	1
10665403	10663858	1
117211	117305	1
6019717	6019647	1
6924619	6924620	1
491990	479675	1
7415872	7415871	1
12762062	12762065	1
9826502	9833761	1
10422782	10422779	1
9167512	9167511	1
3627410	11210597	1
2037234	2037529	1
1548738	1556507	1
3245115	3284799	1
4289194	4289171	1
7771668	7769733	1
9542854	9542853	2
10608972	7137696	1
3476559	3476560	1
182271	182272	1
8656218	8658972	1
2365058	2365075	1
11333794	11333793	1
3417619	3417592	1
3275897	3276129	1
11852003	11853162	1
4104790	4104789	1
1941343	1941344	1
2925958	2926004	1
3107493	3107494	1
11872616	11873399	1
7933689	7935542	1
4157363	4157364	1
5048892	5048891	1
8281081	8281084	1
3957045	3957046	1
178709	178778	1
5820800	5820797	1
1533884	1533883	2
7473598	7473595	1
9325309	9323159	1
1933603	1933604	1
11385134	11386189	1
4573757	4573758	1
11212383	11212384	1
395228	395221	1
6928417	6928418	1
5288014	5288013	2
8525535	8525540	1
6715875	6715876	1
2343040	2343039	2
12505020	12505019	2
7391270	7391269	1
1143284	1143283	1
8624297	8624403	1
10448601	10448602	1
7032693	7032694	1
12674117	12674068	1
10987395	10987396	1
7011840	7011839	1
3731989	3731978	1
8020558	8022620	1
8897260	8897259	1
3931581	3933492	1
8730706	8730705	1
6807565	6807566	1
10469722	10469721	1
11349724	11349749	1
9506009	9505876	1
5961018	5940777	3
1083797	1083798	1
10349376	10349375	1
5256879	5256880	1
5049037	5049038	1
3922405	3922408	1
8842124	8842123	1
2547993	2547994	1
6955037	6955038	1
5220979	5220953	1
651014	651013	1
11372222	11372241	1
5427757	5427758	1
3629353	3659878	1
511195	511151	1
12341303	12338791	2
2120705	2120706	1
988998	988997	2
7677170	7677169	1
200000	199999	1
8397579	8397580	1
752245	752231	1
6939887	6940124	1
5433309	5433310	1
3946844	3946843	1
2277441	2277442	1
5106249	5114369	1
7151801	7148891	1
1752576	1756913	1
12247678	12263674	1
6775647	6775648	1
5324925	5324926	2
5507260	5507291	1
12778001	12778988	1
10252779	10252780	1
1011944	1011943	1
5231244	5231246	1
3495959	3496676	1
5210514	5210463	1
2507094	6138217	1
1890862	1890861	1
1080122	1080121	1
1700042	1700041	1
6706688	6706265	1
6773543	6773546	1
1417324	1416992	1
12037258	12037257	1
12234771	12234772	1
4721333	4721334	1
4136939	4135631	1
10392314	10392313	1
3316490	3316489	1
7289788	7289397	1
6557992	6557991	1
8684644	8768513	1
12613704	12613703	1
10166940	10166917	1
3860119	3860120	1
4324181	4324182	1
2347761	2347762	1
10195927	10195928	1
1997424	1997927	1
7164870	7172765	1
5931983	5931984	1
1877399	2099081	1
4115497	4117068	2
7827771	7831765	1
5760188	5759236	1
4851974	4851973	1
2034920	2034919	1
10079052	10079049	1
355694	355691	1
179645	182187	1
11522036	11522035	2
5428048	5429397	1
3751863	3751866	1
2120707	2120314	1
3883563	3883564	2
5481562	5481561	1
1302547	1302548	1
6514812	8819878	1
11254560	11252324	1
10340885	10340886	1
6194967	6172640	1
10297188	10297187	1
2706733	2706734	1
1102369	1102370	1
6751141	6751142	1
9081036	9080340	1
7618645	7618646	1
7651814	7663913	1
2920891	2920892	1
5561715	5561716	1
2816757	2816758	2
7190649	7189870	1
9194284	9194283	1
4497006	4497005	1
9792435	9792436	1
10300840	10300839	2
4810389	4810392	1
9242746	9242745	1
5357462	5356689	1
10126735	10126736	1
11792796	11792806	1
12179304	12179303	2
6873972	6874625	1
7781232	7781229	1
7390954	7390704	1
8800666	8800626	1
10682481	10682482	1
1327131	1327132	2
5388118	5389859	1
8274379	8274362	2
7618643	7618644	1
7531740	7531739	1
11528595	3532279	1
5931791	5931792	1
10179277	10178943	1
11510540	11508269	1
3953923	3953928	1
11499368	11499365	1
2360691	2360692	1
11029479	11029480	1
3493589	1750486	1
9940494	9940574	1
12719531	12720328	1
8042850	8042849	1
2168766	2168765	1
2100216	2098052	1
8287507	8287508	2
6439179	6439180	1
6534380	6534379	1
11935771	11931306	1
5430310	5423850	1
6802688	6802687	1
10653648	10653647	1
7463121	7463122	1
4559757	4559760	1
7920953	7920954	1
1351291	1351292	1
5368446	5368449	1
2779430	2780834	1
10395443	10395446	1
11696311	11695864	1
5077427	5077428	1
10382590	10382587	2
7781232	7781227	1
3027911	3027912	1
3973621	3973622	2
4235763	4235703	2
7177088	7176696	1
6176815	6176816	1
251544	251543	2
4520952	4520951	1
1307449	1307450	1
4404598	4404597	1
4102625	4102626	1
12007745	12007746	1
11191819	11191820	1
10506115	10506116	1
8296870	8296053	2
3926300	3925164	2
7904731	7904732	1
10308718	10308028	1
12426554	12426551	1
6017968	6021640	1
10771735	10773633	1
5002371	4942231	1
7206171	7202263	1
6843696	6843695	1
5258636	5258621	1
5738675	5739659	1
8663107	8663091	1
1273777	1273864	1
7303717	7303718	1
11600744	11600743	1
6444104	6445705	1
3951790	4008298	2
4447936	4447935	1
8092759	8092760	1
3150364	3150363	1
5211914	5211913	1
9822627	9822628	2
7682181	7682182	1
6443585	6443586	1
1302551	1302552	1
10375236	10374469	1
1022464	1022463	1
7828132	7828131	1
1652697	1652698	1
339793	3818810	1
97596	81149	1
197159	197160	1
11374770	11374769	1
12800458	12800457	1
3229436	3229318	1
11382583	11381971	1
4566479	4566480	1
6052623	6052626	1
1187725	1187728	2
6590163	6590188	1
1287644	1287641	1
9797828	9803278	1
1460110	1460107	1
3699243	3699260	1
12206214	12206213	1
6465455	6465456	1
11852039	11852040	1
8704122	8704144	1
9311127	9311128	1
5662674	5743447	1
11665315	11665207	1
4591855	4464244	1
12041871	12042012	1
3027875	3027910	1
9526927	9526928	1
11909384	11909383	1
11791403	11791404	1
1201890	1201889	1
2233653	2233654	1
11767682	11768269	1
2424797	2424798	1
416548	416547	1
8455198	8455197	1
5650140	5650137	1
7616116	7616132	1
8060004	8060216	1
9418716	9418713	1
4379903	4379904	1
1587882	8435833	1
9765023	9765252	1
9970082	9970574	1
3119024	3117665	1
6476489	6476492	1
4267868	4534241	1
687046	687045	1
2016856	2016859	1
4531956	4531955	1
5450403	5553591	1
3398656	3397838	1
7713968	7718396	1
519978	519977	1
2312649	2312652	1
10705391	10705392	1
12426554	12426549	1
911765	916348	3
4090440	4090439	2
1248143	1248144	1
8499655	8499660	1
2603312	2606718	1
6313843	6313846	1
7787430	7787433	1
2723333	2723334	1
12303600	12303599	1
9361703	9361704	1
8880278	8875665	2
7446338	7446337	1
2546888	2564350	1
895570	895450	1
3443423	3443424	1
1826275	1826276	1
3130073	3129971	1
3270713	3271257	1
7101497	7107611	1
12158859	12178717	1
817061	817224	1
4051272	4050016	2
7431047	7431077	1
3153818	3153813	1
6925965	6925966	1
1083795	1083796	1
11508268	11508267	1
10361108	10361103	1
7395187	7151087	1
9250331	9250332	1
4535893	4535894	1
11157404	11157403	1
1286455	1286456	1
10949606	10949605	1
8738749	9060300	1
11589934	11589933	1
9928965	9928966	1
139577	139656	1
10893095	10893087	1
10121309	10119157	1
10795883	10795780	1
9564947	9564948	1
1766836	1767154	1
10099619	10092472	1
5528999	5529872	1
10157621	10157792	1
4071481	4071482	1
7532460	7532459	1
8179638	8179641	1
806086	805310	1
5778931	5778932	1
11970177	159623	2
1768885	1768886	1
4539222	4539221	1
7286908	10253881	2
8623007	8623008	1
9154380	9154379	1
1140373	1149457	1
11468765	11468689	1
8503591	8503592	1
293556	293555	1
12462060	12462059	1
12207635	12207636	1
11853340	11855142	1
6657090	6656704	1
10938890	10938889	1
8582977	8585139	1
344450	344445	1
3231517	3231446	1
1765234	1766275	1
1791374	1791373	2
12337858	12337878	1
10474097	7091976	1
10565282	10565281	1
9365639	9365640	1
11890983	11890532	2
11804430	11804227	1
2828737	2828738	1
9885111	9885114	1
9162583	9162588	1
1824944	1824943	1
8961785	8963812	1
11709763	11709459	1
7677172	7677171	1
6156767	6156768	1
8378423	8378424	1
10801514	10801777	1
3250274	3250273	1
8752447	8752448	1
3321703	3321704	1
12336936	12336923	1
2123292	1998213	1
5696255	5696260	1
5679629	5679630	1
7200334	7200893	1
4622315	4622316	1
7686007	7686010	2
7643076	7643075	1
4019789	4019813	1
11236194	11236209	1
9510012	9510011	1
4849994	5586487	1
4394905	4394952	1
7736951	7736952	1
395230	395229	3
8783963	8784584	2
3153775	3153785	1
7214545	7214546	2
6109454	6109453	1
184275	184276	1
12556001	12426567	1
6899978	6899977	2
11187718	11187717	1
4198594	4198593	1
1093909	1094295	1
7970401	7970402	1
7596811	7596812	1
3148663	3148664	1
6431628	6432647	2
9549987	9549988	1
6307777	6306479	2
3312183	3312184	1
3733395	4027938	1
7446258	9931900	2
6633202	6633201	1
1028876	2804659	1
9915622	9915621	1
3914026	4071229	1
7140604	7140648	1
11852459	11852460	1
10428169	10428200	1
5496199	5497926	1
5838122	5837910	1
12330198	12330197	2
5098597	5098589	1
10728469	10728470	1
6905920	6907223	1
5734679	5734680	2
5283929	5283947	1
10462169	10462807	1
2092260	2092263	1
7406210	7406593	1
2374351	2374352	1
6894337	6894338	2
9171996	9172006	1
12337859	12337211	1
8882988	8882987	1
11704891	11704892	1
6021346	4753193	1
11091604	11091603	1
9981099	9981100	1
6631757	6628896	1
7633341	7633328	1
6307069	6307039	1
2345021	2344962	2
7230315	7230316	1
1252783	1252784	1
1562874	1561984	1
2519365	2521592	1
4596331	4738447	1
10328323	10328527	1
6132134	6132133	1
1137348	1137268	1
8623205	8637215	1
4546167	4546168	1
5950677	5950680	1
10255426	10256717	1
12194315	12195668	1
5119679	5119680	1
6561141	11768385	1
3062336	3062335	2
8788495	8788484	1
8342389	10799161	1
3960350	3959505	1
6900833	6900871	1
7464424	7464421	1
12761050	12761049	1
5436822	5436817	1
5977415	5977321	1
5248040	5248039	1
12252103	12250893	1
9059908	9059907	1
11348526	11350397	1
4299673	4299674	1
8881230	8881229	1
1495202	1495201	1
8043672	8043671	1
9048834	9048005	1
676735	676736	1
10466180	10466179	1
2545949	2548563	1
7134871	7134872	1
6562204	6562203	1
6313024	6313023	1
3281014	3281013	1
6450161	6450164	1
10298114	10298113	1
5250420	5250426	1
10885678	10884938	1
5453732	5453731	1
5371372	5371371	2
10472965	10472966	1
9299747	9541779	1
7324077	7316506	1
9332302	9332301	1
3923849	3924650	1
10310334	10310692	2
6123598	6123597	1
2122539	1993165	1
8158302	8158301	1
8758136	8758135	1
804671	804672	1
6784503	6784504	1
1395430	1395429	1
91114	90363	1
11308731	11308734	1
1144256	1144255	1
4775936	5942867	1
493478	492822	1
5882119	5882120	1
9675997	9354502	1
2688822	2688815	1
1526610	1526824	2
5602736	5602735	1
2583821	2583822	1
6812479	6812480	2
4822542	4807830	1
7226861	7226862	1
5130928	5130925	1
8869280	8858972	1
9821243	9959639	1
11806514	11806506	1
6413807	6497934	1
12779002	12784242	2
7054751	7054752	3
10401783	10448600	1
12640434	12639972	1
1358131	1358139	1
11343421	11343424	1
6843997	6843693	1
10368530	10368529	1
2852662	2852676	1
2656370	2663198	1
10419458	10419721	1
2729171	2729174	1
1840375	1840376	1
11331557	11331560	1
5648569	5648595	1
8085806	8086808	1
6739674	6744035	1
728483	728484	1
4121444	4121443	1
1310528	1310595	1
11294341	11294344	1
9736549	9736542	1
6570415	6570416	1
4018364	4018636	1
4705655	4705656	1
9779016	9781080	1
1838508	1838507	1
6186069	6183859	1
8151102	8151090	1
12547409	12544760	1
8332729	8331402	1
10776327	10778045	2
817892	817895	1
4253829	4254419	2
3104658	3104685	1
3823222	3822448	1
9669091	9767887	1
10474558	10474557	1
2187447	2187448	1
10879602	10879906	1
6533986	8714221	1
3033599	3033600	1
2669866	2670220	1
8499665	8499668	1
1660500	1660499	1
10300844	10300843	1
3631556	3631553	1
4377615	4377616	1
2275267	2275268	1
3248100	3248099	1
4814603	4814512	1
7453993	7453510	1
6424781	6424782	1
4135899	4135900	1
6405365	6405960	1
3082709	3082710	1
5591314	5591311	1
2825534	2825390	1
8736479	8775075	1
7445836	7445835	1
11792688	11792801	1
6003951	6003952	1
4535895	9431896	1
9688675	9688666	1
279577	276911	1
7684106	7684105	1
7996419	7996420	1
2592656	2592655	1
10537805	10536533	1
3437482	3437481	1
8501957	8501960	1
10904118	10904156	1
7173739	7173740	1
7390237	7390229	1
10653247	10653264	1
3730999	3731000	1
3924960	3924959	2
8874379	8882987	1
2384606	2384571	2
292083	292084	2
5780675	5780791	1
10746712	10746889	1
1402318	1403096	1
1044258	1042701	1
3560615	3560616	2
10507374	10506107	1
7949165	7949166	3
4476431	4476432	1
2693274	2696707	1
3367234	3367703	1
8842307	8842310	1
12466303	1832196	1
9193718	9193717	1
7499965	11761451	1
5183299	5183300	1
3472165	3472166	1
11714591	11714592	1
7012115	1797734	1
10354680	10354679	1
1573688	1577596	1
2546879	2546880	1
9251504	9251503	1
9504015	9504016	1
1804842	1804839	1
6977715	6977716	1
1873695	1872601	1
6167437	6167438	1
2022428	2029865	1
2085194	2085193	1
2039523	2039526	1
4095289	4096652	1
273798	273764	1
6024474	6024454	1
4043364	4043367	1
1302542	1302539	2
2643267	2643282	1
11475224	11474248	1
7733757	11873914	1
12792597	12792598	1
10184959	10184963	1
4743382	4743381	1
9850714	9850711	1
8826215	8826216	1
3534575	3534576	2
11135309	11135310	1
8986670	8988105	1
3458562	3458559	3
8008448	8008481	1
11484657	11484658	1
7736949	7736950	1
4051675	4051701	1
10312946	10313054	1
2434665	2434666	1
2040408	2040405	1
10595475	10595476	1
490928	490927	1
10603592	10612197	1
7369901	7369904	1
10295831	10295832	1
9348864	9348854	1
11068975	11068976	1
3048031	3052515	1
2656295	2656296	1
9036021	9036022	1
1918532	1917827	1
5601677	5600385	1
8664311	8664312	1
11186259	11184948	1
2886364	2886363	1
11506903	11506946	2
139577	139578	1
7532462	7532461	1
12129320	12129941	1
9051266	9051257	2
4534618	4534617	2
6745214	6745213	1
5171849	5171850	1
2983407	2983674	1
6541537	6541538	1
807858	804124	1
7021460	7021459	1
2428233	2428234	1
4020956	4020955	2
1163359	1178457	1
3699840	3700098	1
5882725	5882726	1
4714285	4714516	1
289132	289125	1
6307038	6307037	1
6107597	6107598	1
1315763	1315516	1
650954	650953	1
11363732	11363731	1
11535474	11535473	1
535304	535145	1
2831282	2831281	1
3572480	3572479	1
9361707	9361679	1
7380777	7380778	1
46820	46987	1
2667952	2667951	1
9162587	9162588	1
2276202	2276201	1
6920307	6920308	1
8648646	8648645	2
578026	578025	1
924902	924901	1
4647051	4697558	1
6363936	6363939	1
5592634	5503794	1
8822418	8821455	1
4601479	4601491	1
291774	291773	1
10471539	10471540	1
5419775	5415660	1
2180582	2180581	1
5505666	5506411	1
3880176	3756403	1
12234773	12233860	1
5138221	5138744	1
4436974	4515966	1
12781712	12781709	1
9554639	9555480	1
2417109	2417110	1
7354538	7340533	1
8752449	8752450	1
11319519	11319515	1
10576323	10591038	1
1163721	1172410	1
4375552	4375551	1
7682443	7680695	1
1303153	1303154	1
11092610	11092607	1
5912471	5908412	1
254742	254230	1
3871272	3871271	1
7419858	7419857	1
6421294	6421293	2
10416002	10419255	1
5009907	5009908	1
9129254	9129311	1
6679130	6679129	1
10464854	10464421	1
9395242	9395836	1
2565906	2565876	1
3992512	3992547	1
10714332	10718514	1
7994399	8402059	1
971178	971224	1
1039759	1039760	2
7724528	7724081	1
2499630	2490204	1
11608010	11230960	1
377701	377702	1
9784568	9784567	1
4947664	4947663	1
6530928	6535699	1
9151737	9151501	1
8397581	8397582	1
5256881	5249909	1
10801518	10801515	1
2852031	2852032	1
10125562	10121858	1
10268528	10268527	1
2969641	2766799	1
9931901	9931970	1
12547865	7033841	1
5320834	5320830	1
7196975	7198023	2
8645334	8643752	1
7541993	7541998	1
352954	3523168	1
3573969	3573970	1
2231791	2231792	1
1758957	5362117	2
6802692	6802691	1
6847212	6847221	1
7919362	7919361	1
4113937	4117727	1
560763	560766	1
8868761	8888248	1
4154593	4154606	1
3899870	3899776	1
5367547	5368719	1
12476182	12476181	1
3200152	3205686	1
3976601	3976604	1
7807817	7807818	2
10402632	10402629	1
5172825	5172828	1
3359973	3359974	1
6307775	6307776	2
2664926	2664925	1
5600188	5600206	1
953031	953032	1
7245037	7244985	1
7325787	7325788	2
8449759	8449760	2
10927882	10927881	1
11471358	11471393	1
1066909	1032429	1
2705941	3218759	1
7312351	7312352	1
2516620	2516617	2
10196407	10196408	1
10314717	10330546	1
7253789	7253798	1
4474084	4474083	1
1454975	1454963	1
10166855	10168024	1
1402268	1402267	1
1791372	1791581	2
278861	278862	1
3301602	3301601	2
11321653	11503369	1
1804574	1804573	1
11009489	11009492	3
9799348	9800123	1
1103018	1103220	1
7383154	7383153	1
5882727	5882728	1
9054719	9054720	1
10602099	10601855	1
3682596	3682595	1
7424377	10564513	1
6729248	6729247	1
1298559	1298560	1
6029487	6029488	1
3300748	3300747	1
8999962	8999790	1
9733845	9733846	1
7469694	7469654	1
6916443	6935549	1
4468245	4470060	1
9365637	9365638	1
6902629	6530083	1
4012654	4012651	1
7106869	9845013	1
4291743	4291697	1
6317102	6276934	1
2260004	2260028	1
7418230	7418229	1
1738454	1738453	1
10270495	10270257	1
6633214	6633213	1
5513305	5513306	1
5752915	5752916	1
3522043	3522044	1
5676888	5679628	1
6920290	6920227	1
11993999	11994000	1
4814762	4814761	1
7780981	7780982	1
7871799	7871802	1
8645100	8645186	2
12473769	909331	1
293018	292912	2
6558901	6558794	1
6564767	6567832	1
7460129	7460130	1
3556245	3556271	1
8672908	6511473	1
7893180	7971334	3
6113104	6113101	1
9425443	9425444	2
10183831	10183832	1
3262759	3262760	1
5283556	5283698	1
12798728	12798727	1
6453828	6453827	2
3395456	3395455	2
1419045	1419046	1
7074030	7074395	1
12204996	12204995	1
8296872	8296871	1
2851818	2851817	1
7660331	7648073	1
6453830	6453829	1
7602756	7602755	1
5376559	5380623	2
10820067	10820060	1
10296412	10295837	1
2772454	2772453	1
11176882	11178341	1
2582816	2582815	2
9435617	9435620	2
2376580	2376579	1
6208979	6208980	1
10165746	10165745	1
5372589	5372590	2
4803608	4803605	1
3890486	3622113	1
409115	3295993	1
4105756	4105737	1
7862715	7862832	1
3908153	3908154	1
10234481	10234482	1
7263349	6872450	1
11540840	11540785	1
4042592	4042591	2
5748537	5748538	2
8017616	8017625	1
6699853	6699854	1
790449	790450	1
4105464	4105463	1
2626183	2626184	1
6899878	6899877	2
5809350	5809349	1
7424309	7424310	3
6110405	6110406	1
11119212	11119211	1
9985335	10121304	1
4547173	4546228	1
4278183	4276584	1
3233432	3233431	2
11714593	11715271	1
9512005	9512006	1
3889391	3889392	1
8785629	8785630	1
1986040	1986039	1
10488989	10414642	1
7781381	7781361	1
2348638	2348637	1
11795358	11795357	1
9016394	9021941	1
5974474	5974473	1
7610474	7610473	1
4008299	4008300	1
2663345	2656237	1
11089230	11091845	1
6319540	6319539	1
3892876	3893303	1
2437240	2437239	1
6794185	6438044	1
4647090	4648690	1
10750239	10748575	1
9304910	9304430	1
3671858	3671857	2
6693147	6790490	1
414799	420791	1
6656429	6656430	1
2982531	2982959	1
5601524	5600214	1
7815060	7815057	1
9320706	9582009	1
10293819	10293820	1
4721443	4721332	1
10300842	10300841	1
7092322	7092396	1
10208850	10208849	2
958937	1063397	1
1016074	1019305	1
12000089	11997421	1
6807567	6807568	1
199998	199870	1
11343912	11343909	1
10083711	10083714	1
1888138	1888137	2
11477548	11516835	1
3697783	3697877	1
11513136	11513135	1
11595593	11595609	1
10825013	10825014	1
11388517	11388518	1
3988992	3988943	1
8321040	8271666	1
9260522	4989109	1
1758475	5362365	1
1082602	1082601	1
11786070	11788840	1
7193186	7194538	1
1768956	1768955	1
9291554	9291553	2
7718822	7718821	1
6051821	6051822	1
2826049	2826050	1
9793476	9793490	1
10276525	10275628	1
2927691	2927692	2
7683105	7683106	1
10487631	10488567	2
2402880	2403261	1
2384565	2384566	1
7595713	7595763	1
5292031	5292032	1
4027939	4027942	1
1305640	1306064	1
10406784	10406787	1
7601355	7601356	1
10179273	10179274	1
6176025	6176026	1
1328332	12373336	1
10361102	10361099	1
8156659	8156660	3
8379366	8379369	1
10677630	10677629	1
8754117	8633128	1
10346665	10348601	1
10401737	10401738	2
5574063	5574064	2
2954556	2927716	1
4281318	4281317	1
7867686	7867685	1
10399644	10399643	1
1692508	1692511	1
6364566	6365015	1
2034771	2074467	1
11489408	11489487	1
6632411	5071572	1
6983560	6983557	1
5291713	5291714	1
11287676	11287675	1
6536673	6536674	1
10126652	10126651	1
8600169	8523084	1
657284	657283	1
2676886	2675919	1
3445810	3447071	1
5925055	5707517	1
10377563	10377564	2
9154378	9159098	1
9248692	9248691	1
5554184	5554181	2
11595992	11593971	1
9054721	9054722	1
6929296	6929295	1
3367331	3364677	1
1146020	1146019	1
10324613	3486255	1
8030213	5276656	2
7062776	7062775	1
9025995	8878535	1
5633341	5633344	1
10814024	10814142	2
1652160	1653518	1
7524182	7524181	1
11343913	11343914	1
11071079	11071080	1
3126946	3126943	2
2440954	2440921	1
5047851	5048187	1
1460101	1460095	1
9526929	9526930	1
7719351	7719365	1
10614191	10614164	1
8811142	8811132	1
7563922	7563921	1
8435813	8435814	1
946723	946724	1
5396544	5396541	1
12191954	12145819	2
6450159	6450160	1
8564152	8564151	1
4700761	4706763	1
9342777	9648823	1
3598724	3597561	1
3020066	2976993	1
3272352	3272351	1
6064191	6054733	1
8963597	8963598	1
1290032	1290031	1
10776883	10776884	1
1133050	1133038	1
4361149	4361166	2
10989273	10989274	1
5861116	5861113	2
7770421	7729151	2
1303155	12462641	1
11191572	11191671	1
11858800	11858797	1
20965	20966	1
11970432	11970431	1
2670401	2670416	1
11382640	11382639	1
3995593	3995594	1
12230257	12230258	1
6567876	6567871	1
9001069	9001070	1
10989275	10989276	1
9959872	10006188	1
8476606	1674440	1
5760190	5759236	1
11625779	11625827	1
2168764	2111790	1
9541838	9541837	1
6632409	6632410	1
11591100	11591099	1
8679955	8679956	1
9946312	9946216	1
6649362	6650652	1
429191	429192	1
7870361	7870362	1
4489189	4481083	2
1201888	1201887	1
12549936	12549935	1
6527152	6527151	1
6677072	6677071	1
1036989	1036990	1
10949604	10949603	1
8664295	8665018	1
7276918	7276917	1
10466448	10466516	1
10677624	10677623	1
7330871	7331617	1
10274173	10274696	1
1068566	1068565	2
12446493	12446494	2
4352646	4352629	1
3547900	3547899	1
5320620	5320619	1
7018257	7018258	1
5104761	5104762	1
1562876	1562875	1
3116357	3116354	1
2320791	2317563	1
6351673	6351676	1
1538188	1538187	1
12490894	12490893	1
4331634	5828351	1
5041487	5041499	1
10730374	10730373	1
8863377	8863213	1
1769929	1769930	1
8882833	8890658	1
9544599	9544600	1
8409821	8409822	1
7475247	7475252	1
4545710	4546229	1
4810391	4810392	1
166466	166465	1
4071478	4071477	1
5496478	5496475	1
5922874	5922873	2
1543961	1543256	1
1145231	1147045	1
11008843	11008844	1
8512871	8512872	1
12330196	12330195	1
6737315	6737135	1
6720181	6719478	2
3745331	3745332	1
5093076	5093045	1
9484769	9482957	1
5633339	5633340	1
8796700	8796699	1
5691873	7104688	1
5882121	5880686	2
1186086	1186085	1
7048202	7048598	1
6677070	6677069	1
8439826	8441566	1
1644317	1644318	1
11672903	11672897	1
1068564	1068590	2
10729886	10729883	1
7226863	7226864	1
9234911	9228657	1
650044	650258	1
6734665	6735877	1
5344998	5344902	1
6332913	6333370	1
9979160	10061792	1
1840844	1840843	1
7691723	7691724	2
8499661	8499668	1
6004253	6004254	1
4844064	4844063	1
10098872	10098871	1
10813824	10813823	1
11112473	5881644	1
6476303	6477651	1
8806357	8811745	1
1513564	1513563	1
7157460	7357812	1
323456	323455	1
9299762	9299789	1
11721367	11721368	1
485315	674926	1
4677080	4677079	1
6517664	6517663	3
7001425	7002505	1
11676340	11676423	1
4618597	4618931	1
9349043	9349046	1
12761790	12761789	1
8292174	8292388	1
906225	933339	1
2887530	2887529	1
4727072	4727071	3
1223580	1222920	1
1579920	1581182	1
8047006	8047005	1
9141489	9141490	1
4302348	4301248	1
4721443	4721334	1
5314140	5314139	1
7098703	7098561	1
6281628	6281625	1
7677168	7677167	1
8167106	8167105	1
1073287	1072765	1
8162408	8167887	1
4687960	4687959	1
11139805	11139806	1
4476433	4476434	1
2264037	2264217	1
9036023	9083092	1
5618214	5618217	1
6205511	6205512	1
3632413	3685024	1
3296442	3296479	1
6977403	6977404	1
10848102	10847727	1
12356578	12477389	1
2018411	2018412	1
8882837	8890658	1
8401488	8401471	1
2861327	2861328	1
1318852	1318866	1
8067870	8067869	1
5372591	5372592	2
5210417	5210393	1
272224	273467	1
3248104	3248103	2
475497	475500	1
10622291	10623646	1
2178204	2178201	1
5052389	5052184	1
6952270	6952269	1
4030187	4030217	1
8005450	8005449	1
12695477	12464204	1
3889393	3889394	1
10179611	10179612	1
3209596	3150879	1
10038651	10038673	2
9344653	9344647	1
12474312	12474311	1
4505161	4505162	1
1975699	1975700	1
292023	291775	1
5518313	5518314	1
7033840	7033839	2
6738190	6737864	1
1432801	1432802	2
2786392	2786391	1
1308520	12323140	3
11611528	11578518	1
7468827	7468355	1
3213746	3213758	1
11359499	11359500	1
9549986	9549985	1
11860604	11860603	1
5435146	5435143	1
12634662	12640808	1
6425166	6425165	1
8710813	8710764	2
6375960	6375888	1
10161129	10161130	1
7117746	7117743	1
3370449	3370450	1
10263875	10265652	1
11910699	11910702	1
377150	377700	2
5251751	5251631	1
3233430	3233429	2
8167886	8167885	1
7441822	7441845	1
10677630	10677625	2
2035178	2035151	1
11525006	11520441	1
10502668	10502667	1
10276521	10276522	2
8998940	8998939	1
3041854	3041770	1
7199723	7199718	1
3527528	3526283	1
5798174	5798173	1
7756889	7756890	1
10038651	10038675	1
7477283	7477286	1
5364555	5364556	2
6536960	6536959	1
9072712	9072711	2
511134	303557	1
445435	445436	1
5739305	6084034	1
4864364	4864349	1
10157799	10157672	1
9071357	9069229	1
1752133	1752302	1
10634964	10635656	1
11265876	11265875	2
1133696	1133695	1
188090	186356	1
10274328	9975745	1
10380869	10380870	1
9976278	9976277	1
9976423	9976279	1
11673706	10466323	1
7187800	7187799	1
5525729	5525115	1
9517675	9517676	1
8222486	8223033	1
8006423	8005480	1
179643	179644	1
3954874	3954871	1
11038063	11038064	1
6352497	6352489	1
479674	479673	1
10712660	10712323	1
3532734	3532785	1
1789325	1789326	1
3912263	3912586	1
7682441	7682442	2
88792	88802	1
9306669	9306670	1
2961635	2961661	1
9011477	9011825	1
10464871	10465266	2
6538076	6538221	1
10268519	10268529	1
9083536	9083535	1
4482868	4482867	1
3356830	10894149	1
12634662	12640806	1
1888142	1888139	3
12206220	12206215	1
5334550	4953490	1
6841314	6841418	1
10095281	10095286	1
6567454	6567389	1
6413937	6413956	2
9300868	9300927	1
3367933	3367934	1
6110749	4708652	1
10179609	10179610	1
2270500	2270489	1
4875979	4875980	1
429625	2826046	1
7114984	7114983	1
1748659	1748668	1
4850778	4850777	1
7430395	7430280	1
9431566	9431565	1
7469599	7469695	1
8758055	8758056	1
5527625	5529377	1
10682460	10682480	2
2374335	2374350	1
12185924	12185870	2
7897350	7897327	2
3602277	3881469	3
81148	81147	1
7109361	7109362	1
1123339	1123340	2
4013282	4013235	1
9570711	11183954	1
8109581	8109582	1
5352510	5352484	1
12161021	12171773	1
4673574	4673573	1
11220581	11221330	1
5467094	5467032	1
5115003	2910177	1
7276916	7276964	1
11877772	10356578	1
2886362	2886359	1
1735646	1735666	1
11873393	11873394	1
4050029	4049571	1
11807299	11807503	1
9319513	9319514	1
1296449	1296452	1
11031840	11033209	1
8961544	8961543	1
2662406	2662409	1
5758139	11162001	1
7509057	7509169	1
7811064	7811063	1
3405290	3405289	1
6893665	6893666	1
583760	583722	1
12542329	12542330	1
10401096	10400815	1
9171998	9171997	1
11225098	11225097	1
8157452	8149081	1
6772157	6772158	1
11408710	3602357	1
8806080	8806066	1
7719179	7719180	1
2652520	2652519	1
6565832	6565831	1
10677622	10677950	1
10045663	10040262	1
8296874	8296873	1
8664597	8664598	1
10825452	10825451	1
3248102	3248101	1
9108619	9112918	1
3494997	3494998	1
6731282	6731281	1
10466165	10464468	1
8754013	8753275	1
1392975	1392976	1
1833188	1832337	1
3161292	11436202	1
4328721	4328722	1
2588762	2343524	1
9570894	9570893	1
4820858	4821110	1
11540233	11540468	1
10793908	10793907	2
7648368	7648356	1
11221440	11221437	1
6267719	6273972	1
10202058	10202057	1
572638	572637	1
10334887	10338679	1
3547501	8111992	1
11618979	11618982	1
7474947	7476385	1
358694	358693	1
10402628	10402738	1
11051705	11051706	1
8886283	8886284	1
8513196	8513132	1
1419043	1419044	1
10883520	10883519	1
6833747	6418801	1
7007562	7007561	1
5817934	5817933	1
4200797	4200798	1
8730706	8730703	1
7347836	7420630	1
2536819	2536820	1
6097681	6097682	1
1294905	1294906	2
10712412	10712411	1
8058968	8058967	2
4854432	4854431	1
11522038	11522037	3
7536675	7536234	1
8207360	8207359	2
9505956	9505955	1
9086227	9086228	1
3353768	3353767	1
6939632	6939631	1
4099659	5532650	1
2516616	2516615	2
6272706	6272703	1
12766311	12766312	1
3903904	3900778	1
6812481	6812493	2
7867702	7867676	1
4566051	4565474	1
10207990	10208075	1
11071330	11069254	1
3304757	3304758	1
10407371	10408449	1
12302825	12302826	1
1593329	1593330	1
10038240	10036553	1
5782243	5727054	1
588797	588798	2
11774382	11776585	1
1137403	1137369	1
10515329	10423035	1
7909056	7909055	1
3875257	3875258	1
1710330	1710329	1
8299232	8299209	1
7450510	7450509	1
7460636	7460635	2
7455009	7457206	1
12424870	12435272	1
343114	319811	1
3787845	3788104	1
814857	814858	1
2503257	2503260	1
9312991	9312992	1
723024	719187	1
2714165	2714166	1
4350854	4350850	1
9172913	9172916	1
6741174	6741171	2
4592879	4592880	1
8150459	8150462	1
1035222	1036307	1
3092211	3092212	1
1022462	1022461	1
11885700	11885699	1
1033008	5370864	1
9518785	9518786	1
7226859	7226860	2
7535743	7540239	1
8200963	8200964	1
6202922	6202936	1
12463798	12463853	1
11598536	11598535	1
5376398	5376366	1
2829997	2830002	2
12337210	12337207	1
7861787	7861788	1
4665256	4665255	1
1536630	1536629	1
2237482	2237468	1
6008490	6008487	1
8238139	8238140	1
10205639	10205640	1
4468176	4468175	1
3753461	3753462	1
6678787	6678733	1
2384610	2384609	2
1669817	1669818	1
6741176	6741175	2
6434485	6791582	1
8811778	8811777	1
10286209	10286210	1
6863262	6867699	2
10813876	10813875	1
5598273	5597303	1
7173739	7173742	1
6501694	6501693	1
10108416	10108415	2
2358131	2358132	2
10270042	10270619	1
7418252	7418231	1
7515991	7516162	1
7971234	7971233	1
4058235	4058236	1
9928337	9943814	1
6008405	6008468	1
6900830	6900872	1
11352438	11352434	1
4936925	4936928	1
2208670	2208662	1
11840684	11845480	1
10493799	10495100	1
9668141	9668142	1
3051995	3051996	1
5225567	5225568	1
5266298	5266172	1
11473491	11473492	1
9112237	9111168	1
11489711	11489703	1
8445248	8445247	1
12007972	12007971	1
8974511	8974559	1
12447322	12443976	1
10028277	4492187	1
4551718	4551876	1
4471296	4837122	1
3493961	3493964	1
6587945	6587946	2
5202628	5202627	1
8811439	8811444	1
7795445	7835398	1
11604153	11604154	1
8637214	8623204	1
9306668	9306667	1
4811806	4810878	1
11023965	11020010	1
5526868	5526867	1
11370707	11370708	1
5435315	5444477	1
5410384	5410428	1
6339963	6338832	1
2317968	2469541	1
10492866	10357895	1
7303715	7303716	1
7259080	7259079	1
4657018	4657017	2
4989099	4989100	1
5042778	5042777	1
4531952	4530294	1
1375669	1373096	2
8362166	8362165	1
3811786	3811749	1
11640882	11640881	1
7934261	7934262	1
1120801	1120802	1
12209271	12208663	1
2376578	2376577	1
8622075	8622076	1
747904	748419	1
1321555	1321444	1
8606645	8606646	1
973301	973302	1
4686827	4686016	1
9640518	9640517	1
9818145	9818108	1
761870	761869	3
9641793	9641794	1
996724	995364	1
5039592	5039591	1
12800456	12798799	1
11011038	11016266	1
5406092	5404866	2
5447979	5447982	1
3887822	3881798	1
1582110	1582109	1
6481859	6481864	1
9922115	9922101	1
8402058	8402057	1
8703579	8703627	1
5314204	5314189	1
12744013	12744014	1
10715186	10715410	1
5115043	2653771	1
10564888	10564887	1
10827323	10827324	1
1023768	1024005	1
2909323	2909324	1
163295	163296	2
1499117	1499043	1
10471694	10471538	1
4842702	4842701	1
9329430	9329429	1
4814760	4814759	1
9168097	9168098	1
1832974	1832659	1
1011691	1011696	1
119554	119549	1
2907071	3024313	1
8507246	8504162	1
4817621	4817622	1
10708570	10708527	1
7596816	7596815	1
6509015	6509028	1
7948030	7948029	1
3412698	3412697	1
10195929	10195932	1
3900663	3900664	1
9020991	9016693	1
10398566	10398565	1
11487870	11487869	1
7162650	7162649	1
355692	355691	1
11733801	11731693	1
8043679	8043690	1
6772159	6480658	1
2899075	2899694	1
9796327	9796306	1
290196	293037	1
6097291	6097294	1
7788320	7798524	1
7424476	7424475	1
560741	567774	1
5185378	5181089	1
12462148	12462191	1
3549112	3546755	1
9675993	9675996	1
8662712	8662727	1
1075478	1075477	1
3362317	2908437	1
9792437	9792440	1
7173741	7173742	1
11604151	11604152	1
5259646	5259649	1
10825015	10825016	1
7941973	7939510	1
6358339	6360061	1
10280325	10280328	1
5076688	5076683	1
9530021	9517256	1
4702363	4704639	1
11174202	11174199	2
9332300	9339431	1
1248575	1248576	1
9530890	2686682	1
8742772	8742771	1
8809329	8809337	2
5171851	5171852	1
9959768	9959765	1
5675232	5675231	1
429187	429188	1
5059123	5059124	1
3038774	3038773	2
5931985	5936227	1
5750513	5750514	1
7986323	7986238	1
8321522	8526195	1
6381253	6381254	1
9194280	9194279	1
7216783	7216812	1
10647691	10647715	1
4414550	4414549	1
5088057	5088058	1
1087824	1102091	1
9139443	9139444	1
10641162	10640888	1
3468359	3468360	1
12280800	12280799	1
3870919	3870920	2
6693921	6693922	1
358996	358995	1
8001583	8001584	1
11848641	11848642	1
690470	690469	1
2090283	2090284	1
6535055	6535264	2
1190502	1190489	2
5276558	5276557	1
9145185	9145186	1
4471992	4473592	1
1939286	1941750	1
6407499	6407500	1
7542357	7542358	1
4654610	4654609	2
5270963	5270964	1
5819585	5819588	2
6970020	6964269	1
3489853	3489854	1
12284345	12246912	1
10460088	10460078	2
10157797	10157798	1
10309444	10572930	1
12037260	12037259	1
1641322	1641321	1
4409071	4409074	1
8402056	8402055	1
7509960	11758528	1
8519912	8519911	2
6097069	6097096	1
5593214	5593169	1
7852494	7852493	1
10826504	10826499	1
10165352	10165351	1
11031840	11033211	1
8355613	8355611	1
2384608	2384607	2
11174204	11174203	2
5057467	5053319	1
36063	36066	1
285207	408803	1
5488515	5488516	1
11542154	11541999	2
10923540	10877655	1
6739355	6739169	1
8643314	8643311	1
6536133	6536141	1
6812479	6812493	3
6506980	6506977	1
11091606	11091605	1
3907590	3907587	3
5363877	5364544	1
12280804	12280803	1
10928448	10928447	1
564780	564779	1
9966523	9966893	1
9796247	9796392	1
9285536	9285511	1
11653994	11653993	1
3395932	3395931	1
5996139	5996140	1
7823922	7822475	1
9843270	9841028	1
7109725	7109726	1
7221017	7221018	1
7390705	7390706	1
88266	87925	1
5114368	5114367	1
5584906	5584905	1
2729169	2729170	1
5854539	5854600	1
1008957	1008960	1
438089	643849	1
6875969	6875970	1
8900791	8899317	1
7378394	7378148	1
5765979	5765980	1
3218987	3218988	1
12785934	12785933	1
4989259	4988416	1
2776167	2776329	1
2782871	2784160	2
6652485	6652486	1
10108413	10108414	1
687046	687043	1
12794076	12794075	1
9347327	9346197	1
8811602	8811851	1
9788250	9788249	1
6105285	6105286	1
10907187	10907188	2
419319	419320	1
4787899	4787902	1
3883554	3883562	2
7769124	7768461	1
4219191	4218650	1
9093670	9093669	1
12649369	12649370	1
9158274	9158273	1
9430701	9430702	1
6419644	6419643	1
9832805	9832806	1
1395003	1395004	1
7896795	7896796	1
6802690	6802689	1
8545420	8545419	1
2176518	2176300	1
8811144	8811143	1
7447321	7447253	1
7932580	7939402	2
1160202	1160717	1
7691759	7693043	1
1264582	1264581	1
7780942	7780941	1
7794391	7794392	1
6282376	6282375	1
5598607	5598608	1
11343915	11343916	1
8703470	8703440	1
8060006	8060005	2
3552469	3552472	2
1432803	1432804	1
3529642	3529641	1
3440396	3440395	1
7148933	7148936	1
600913	600865	1
8764479	8764480	1
9970084	9970083	1
11865814	11865804	1
9546507	9536577	1
6466424	6467219	2
12771970	12771969	1
11833729	11833730	2
9127890	9127911	1
10037761	10036825	2
2709973	2709967	1
10748007	10748008	1
4798259	4797743	1
10355660	10354950	1
3153820	3153819	1
3199005	3199006	1
4201721	4200796	1
11651148	11651147	1
1833190	1833189	1
6633212	6633209	1
7269958	7269957	1
4551919	4551920	1
758150	7066177	1
1375659	1375662	1
6034165	6034166	1
10276523	10276524	2
9298425	9298426	1
6436422	6438220	1
4277725	4277801	1
7643082	7643077	1
8730704	8730703	1
4136094	4136083	1
10427946	10424166	1
2688814	2688651	1
11525791	11525063	1
6810677	6810285	1
395222	395221	2
3670490	3672559	2
615738	615737	1
9608576	9593422	1
10693211	10693212	1
6431454	6431576	1
8665427	8664313	1
9187185	9186912	1
7966863	7966864	1
10168687	10168404	1
4189598	4188903	1
6044403	6044404	2
7267451	7267480	1
6635537	6635581	1
1280740	1280739	1
6977719	6977714	1
8862274	8862262	1
8897258	8897257	1
5371288	5372588	1
7224717	7224718	1
3301604	3301603	2
11129179	11129180	1
7464420	7464417	1
2468723	2468239	1
6362145	6362198	3
469397	469398	2
11506903	11003040	1
4583982	4583977	1
5735199	5735200	1
7533709	7533718	1
3000983	3000999	1
3623913	3623914	1
5574059	5574060	2
11340033	11340034	1
11898170	11898169	1
10518577	10518546	1
6844737	6843697	1
8559308	8559107	1
2105610	2106576	1
1804863	1804843	1
6964268	6964267	1
5886447	5898028	1
8721994	8721993	1
4925473	4925474	1
8811439	8811440	1
11388566	11388516	2
76460	72438	1
11280925	11280926	2
11401809	11394688	1
9757100	9757114	2
8455196	8455195	1
10300403	10298490	1
7494361	7494362	1
6084035	6084036	1
6424783	6424784	1
8189243	8189244	1
3960728	3957083	1
10031139	4496897	1
7253787	7253788	2
9611823	2832806	1
3212188	3212187	1
4936199	4936200	1
10636684	10636683	1
6668150	6668096	1
7683103	7683104	1
4724178	5847366	1
1539635	12491376	1
11640261	11640883	1
1644467	1644468	1
9123354	9123353	1
2961817	2961824	1
10054933	10111035	1
10582583	10588013	1
12468006	12468324	1
2856540	2856539	1
7196109	7316509	1
1973887	1969708	1
2375332	2312865	1
11792800	11792799	1
6377672	6377671	1
5937555	2538997	1
11331561	11331562	1
7775077	7689805	1
2976140	2805386	2
3016397	3019114	1
7926005	7926179	1
5646426	5646618	1
9358101	9358082	1
395248	395247	1
10685428	10685427	2
8454847	8454848	1
11620653	10280068	1
4133017	4167594	1
8025763	8025764	1
3370206	3370205	1
5407239	5457405	1
9428362	9428866	1
6429217	6429139	1
757706	756987	1
11792798	11792797	1
7803812	7780452	4
9928967	9928970	1
10240780	10240777	1
6410774	6410773	1
7282899	7283363	1
11188889	11188860	1
7202827	7202856	1
3639656	3639664	1
8867942	8867507	2
2447804	2447803	1
8304041	8304042	1
1123523	1123524	1
8499655	8499668	1
10157547	10156952	1
11628236	11625422	1
9273722	9273721	1
10097480	10097101	1
3819745	343954	1
1187729	1187730	1
9887003	9887004	3
10125562	10121860	1
1883427	1883428	1
2626527	2626528	1
12785710	12785705	1
1593333	8441164	1
9830824	9830823	2
5834465	5834466	1
10038328	10033184	1
429189	429190	1
11784399	11769368	1
2720257	2720313	1
6416333	6416334	1
7232958	7232957	1
323446	323457	1
12793836	12790865	1
3569592	3569591	1
10094272	10091985	1
9418272	9419010	1
8393219	8393220	1
7839511	7839512	1
5419940	5419939	2
4182367	4182368	1
9430707	9430711	1
934829	934830	1
4746985	4716313	1
12772224	12405820	1
12742785	12742786	1
8838095	8849249	1
1561604	1559670	1
1969206	1969236	1
10896931	10896935	1
9537480	9537479	1
6511605	7221012	1
6705714	6706533	1
10248056	10248055	1
10179275	10179276	1
4705657	4707429	1
718579	733865	1
3151555	3149137	1
1796082	1796081	1
9979963	9979948	1
4102075	4102078	1
6351381	6351379	1
10697669	10697762	1
6391277	6391280	1
650365	650322	1
3996223	3996224	1
5602734	5602733	1
3980013	3980016	1
3601886	3602011	2
10296332	10295940	1
1352533	1351290	1
12474296	12474321	1
2970103	2970104	1
4139272	4139175	1
10189792	10189789	1
10700294	10700221	1
11813256	11813255	1
10746718	10746681	1
4439208	4439205	1
1432801	1432804	1
5485830	5485553	1
7185938	7185907	1
1010683	1011641	1
9688672	9688665	1
8886462	8886282	1
4202539	4197680	2
2707532	2707734	1
11101456	11101445	1
10170605	10170606	1
5975744	5974938	1
4678823	4678834	1
1960646	1959654	2
11718383	11718384	1
9806890	9807496	1
11235581	11235582	1
3402604	3402580	1
4090692	4090659	1
3045972	3046725	1
12415975	12415976	1
5012083	5569146	1
4107105	4107106	1
688947	688950	1
7187847	7187678	2
1395432	1395431	1
8021411	8021412	1
2881295	2880195	1
6782664	6784168	1
8845708	8845707	1
1112387	1112385	1
8811776	8811775	1
450394	450393	1
9797338	9797467	1
2425183	2425184	1
5938560	5940103	1
9436477	9436478	2
9257907	9257880	2
10331991	10331992	1
6117684	6117245	1
12542347	12542350	1
11197369	11197380	2
5211916	5211915	1
5423903	5423904	1
3286492	3287245	1
10466184	10466183	2
6717717	6717664	1
11595994	11595993	1
2297221	2297233	1
9291748	9291266	1
10439376	10439373	1
1083801	1083802	1
2454503	2454586	1
7315433	7315815	1
6534445	6534477	1
8579257	8579222	1
4505159	4505160	1
4211695	4211700	1
6332312	6341852	1
5713599	5688451	1
5270840	5270294	1
10411234	10411233	1
7230313	7230314	1
2667954	2667953	1
7870359	7870360	1
7466956	7466955	1
12598641	12444646	1
12036531	12036577	1
2338131	2338132	1
8758134	8758120	1
7871801	7871802	1
4853782	4853800	1
12453458	12453587	2
4643054	4316302	1
7850786	7850789	1
2722378	2723297	1
4120250	4120249	1
4130694	4178723	1
10405101	10404891	1
6627082	6629731	1
7477074	7477073	1
10054751	10049570	1
9162583	9162586	1
7930240	7930239	1
8600573	8599562	1
8171485	8171488	1
5187546	5188150	1
943631	943632	1
7537075	7542356	1
7839519	7839522	2
1130617	1130438	2
3192698	3192691	1
5996147	5996148	1
10603302	7143328	1
8001585	8001586	1
3977150	3977149	1
8438452	8438287	1
11909386	11909385	2
5436816	5436815	1
5513307	5513308	1
6313134	6313131	1
3526702	3526701	1
5587413	5587460	1
3493299	3492638	1
4712979	4712980	1
12314521	12312510	1
11023335	11023336	1
623987	624175	1
3692313	3691643	1
5250091	5250094	1
7745220	7743522	1
3150426	3151007	1
4162819	4156940	2
9564949	9563539	1
11275032	11275031	2
3499792	3501510	1
11067904	11067903	1
10276525	10275630	1
11280929	11280930	1
8758136	8758120	1
10717272	10717329	1
11386863	11386866	1
687519	687497	1
5428482	5428573	1
9353828	9354984	2
4285168	4285166	1
4554820	4554819	1
8226006	8226005	2
3933441	3933442	1
10211580	9974745	1
6522418	6522462	1
9958141	9958142	1
469399	469400	1
3655681	4029101	1
5270295	5270298	2
7032830	7032850	1
7747869	7748723	1
6882251	6882252	1
12244769	12244152	1
12696910	12696909	1
10054793	10054794	1
9506007	9506008	1
4686576	4837141	1
17539	17540	1
10983185	10926704	1
56528	53044	1
4526713	4526714	1
4338101	4338116	1
3745473	3744229	1
11960021	11959968	1
11197367	11197368	2
8511914	8511913	1
5516898	5420743	1
180198	180236	1
4026387	4026922	1
11241623	11241624	1
3891329	3891359	1
7794522	7802328	1
6944669	6944351	1
3043236	2936596	1
6736361	6736362	1
5445657	5445676	1
1838510	1838507	1
4987350	4987349	1
10492683	10352900	1
10375937	10383343	2
8405921	8405922	1
755767	755768	1
12796711	12798361	2
2519363	2519364	1
657286	657285	1
7415868	7415867	1
4040027	4040115	1
5447977	5447978	2
449803	449804	1
7706609	7706216	1
10153993	10153994	1
1717755	1717277	1
11848595	11848639	1
8454849	8454850	1
6946680	6947763	1
5102886	5114921	1
6739938	6741168	1
4580081	4580082	1
10420433	10420581	1
8843201	8843202	1
708672	709938	1
10836874	10836843	2
6454930	6454929	1
1326364	1326363	1
4020954	4021073	2
2794365	2794366	1
7263264	7263272	1
1056021	1055474	1
11323466	11323465	1
9244502	9244533	1
12714725	12731463	2
8565942	8566065	1
1781452	1781451	1
4716312	4716311	1
10769407	10769408	1
795516	795515	1
7764722	7764721	1
2773515	2773516	1
89866	89829	1
943291	626888	3
4041339	4041340	1
9425441	9425442	1
2064244	2049954	1
9356173	9356174	1
6047958	6047970	1
281759	283544	1
9312455	9312468	1
8044336	8044335	1
11084877	11084878	1
9344137	9344160	1
11135311	11135336	1
9476345	9511627	1
6130555	6130556	1
12141495	12141496	1
8663420	8663419	1
3023356	3023339	1
2790417	2790418	1
9001303	9001313	1
6356	6362	1
10330919	10331558	1
1789227	1789228	1
8441165	8441166	1
7398137	7398252	1
2337899	2337931	1
911762	911767	1
10904964	10907422	2
5427212	5423904	1
11114970	11114929	1
7530001	7530002	1
6031558	6031557	1
9854610	9854588	1
10526380	10526379	3
5039594	5039593	1
4592947	4592948	1
11487954	11487953	1
8026503	3476736	1
7408514	7408513	1
10813826	10813825	1
6052489	6052486	1
12511522	12506889	1
8449485	8449486	1
4916953	4916958	1
4987982	1026104	1
291620	291619	1
10453182	10451165	1
8811744	8811743	1
12351316	12351288	1
6190745	6193908	1
6814870	6814869	1
8551270	8551269	1
7764006	7764033	1
3768091	3768058	1
10904763	10904393	1
10884059	10884062	1
823906	823535	1
10539704	10539752	1
1496863	1496564	1
10233154	10233137	1
4570295	4570549	1
7371647	7351788	1
8417814	8418291	1
6176817	6176818	1
5860055	5860056	1
4654109	4654110	1
3498342	3495724	1
2996709	2995998	1
6612773	6612817	1
10334757	10332898	2
9433454	9433453	1
11988601	11979005	1
4795944	4795700	1
251542	445430	1
4100956	8483599	1
6899976	6899392	1
312102	312099	1
8692114	8692113	1
8843199	8843200	1
10377565	10377556	1
478412	478411	1
5746938	5752800	1
8532079	8532042	2
2243746	2243745	1
3913296	3913295	1
9053540	9072289	1
7775407	7774085	1
5818280	5818285	1
937538	937642	1
6931360	6931359	1
7536754	7536897	1
11489709	11489710	1
7199719	7199720	1
11523286	11523285	1
6810061	9076327	1
6267977	6267978	2
6514434	6514433	1
7074040	7074387	1
7107552	7107551	1
6736363	6736364	1
11669683	10750152	1
3544618	3546601	1
10466182	10466181	2
5384392	5384391	1
11793757	11793758	1
1838510	1838509	1
9812754	9812751	1
6721741	6721744	1
10811583	10813996	1
2652520	2652517	1
673330	673329	2
8822133	8822134	1
10857720	10857719	1
9829794	9829750	2
1762505	1765463	1
3974112	3973620	1
7044719	7044722	1
6504811	6504812	1
5412041	449844	1
5316674	5316673	1
5119681	5119682	1
8102729	8103469	1
4315975	4315976	1
6237571	6589400	1
2788762	2808589	1
6899182	6899229	1
9267481	9267484	1
3038875	3038876	1
5235338	5235331	1
3130961	3130962	1
218460	218459	1
10422787	10422783	1
5926083	5925863	2
1526302	1527048	1
3640080	3640086	1
11633564	11631544	1
48258	48257	1
9139407	9139440	1
3310677	3310678	1
8296874	8296871	1
8399951	8399954	1
9330001	9533595	2
5245445	5245446	1
9281139	9281144	1
2299331	2299332	1
6526568	6526567	2
585395	585396	1
6414874	6414873	1
2652518	2652517	1
54458	54457	1
2130267	2128549	1
3316492	3316491	1
10183829	10183832	1
2358129	2358130	2
12572132	12432421	1
1068459	1068460	1
7857096	7857170	1
4326296	4318343	1
9972973	9973024	1
11126216	11126215	1
6438221	6438222	1
12784243	12782672	1
8719007	8720972	1
8359377	8359378	1
10054796	10054795	1
7250973	7251873	1
2243748	2243747	2
6750911	6750912	1
7920951	7920952	1
2720311	2720312	2
10228700	10228674	1
1302549	1302550	1
6322989	6322990	1
7134197	7134198	1
11385344	11385343	1
1226319	1226057	1
12160864	12166481	2
6089175	6089176	1
6672642	6673952	1
10401739	10401676	2
7626602	7626601	1
1838512	1838511	2
9365641	9365642	1
6394095	6394096	1
163297	163298	1
8232063	2864171	1
4712985	4712996	1
8006421	8006422	1
659680	345830	1
9770645	9770646	1
767322	910797	1
12146923	12145792	1
9538819	9538822	2
9152270	9152278	1
2805081	2804260	1
7258028	7258027	1
7024124	7024121	1
290198	290197	1
3445810	3447073	1
468675	468676	1
1023626	1032360	1
11593833	11593854	1
5527346	5527178	1
3062334	3062333	1
10401707	10401710	1
6513541	6513542	1
7904729	7904730	2
10183829	10183830	1
6843385	6840547	1
7861789	7861804	1
6419646	6419645	1
3560617	3560618	1
3047423	3047424	1
9499047	9499048	1
1765879	5456036	1
10444682	10446205	1
2255212	2257408	1
5017050	5017049	2
2771238	2771233	1
6745216	6745215	1
10987397	10987310	1
1675869	1675948	1
7938399	7938400	1
10380871	10380872	1
1075033	1073928	1
7185904	7185903	1
4329444	4329532	1
3911504	3911530	1
5909332	5909331	1
3751867	3751868	1
10293821	10293822	1
6568675	6568676	1
4251431	4251432	1
5754214	5754314	1
2786394	2786393	1
7414427	7414428	1
9319226	9319223	1
11970430	158977	1
12040606	12038856	1
11501504	11501501	1
7914757	7914758	1
281978	279167	1
10227077	10227203	1
6699090	6699258	1
4787901	4787902	1
10401366	10401365	1
4284848	4284729	1
12232982	12233927	2
7626571	7626603	1
4539220	4539219	1
11343418	11343417	1
8772	8771	2
3330143	3330144	1
10645758	10645075	1
9469569	9469570	1
8649166	8649568	1
10189765	10190265	1
10105833	10105834	2
5052187	5220363	1
5011299	5011669	2
3855712	3854575	1
12764113	12764114	1
4881015	4881018	1
8163553	8163554	1
1722116	1722115	1
6460638	6460637	1
3706067	3706068	1
4030183	4030186	1
6632407	6632408	1
6714289	6714290	1
11803026	11803025	1
6062762	6062754	1
11194221	11194280	1
6043761	6043762	1
7464305	7464306	1
6371331	6371336	1
3777328	3775590	1
7545123	7545124	1
10400978	10400977	1
2744439	2744440	1
6793076	6793013	1
520149	520178	1
10949668	10950050	1
2635335	2635336	1
7270926	7270901	1
6122048	6122047	1
10820065	10820060	1
4497013	4497014	1
8349998	8358280	1
7111325	7111317	1
7232956	7232955	1
12280802	12280801	1
11770783	11770784	1
3038772	3038771	1
9781853	9781854	1
5484963	5484577	1
3447938	3447937	1
9905427	9920319	1
8299285	8296806	1
4654608	4654607	2
1655858	1655857	1
1021456	1020836	1
4494104	4494103	1
11881592	7744947	1
8043670	8043669	1
9718183	2827150	1
3323791	3323794	1
2262331	2262332	1
8557239	8549728	1
1083923	1084620	1
8271180	8271100	1
3192690	3192693	1
6462123	6461308	1
8254046	8254553	1
10578733	10578734	1
12522246	12519906	1
8370719	8370638	1
10147692	10147691	2
6906007	6906196	1
7137402	7137384	1
4836964	6108902	1
5412329	5412059	1
442728	443377	1
888200	888199	1
3910748	3910755	1
23001	21884	1
3023982	3023981	1
9518898	9518897	1
10857779	10857721	1
5998819	5998820	2
5320621	5320611	1
4050533	4050461	1
6456862	6455907	1
1424938	1411063	1
3922409	3922426	1
2025647	2025648	1
397676	397669	1
9602446	9607755	1
3871270	3871082	1
2174866	2174865	1
8004676	8004675	1
5397259	5398880	1
2735005	2733330	1
9970575	9970576	1
11090142	11090145	1
10573567	10573574	1
6476568	6476578	2
4687938	3383164	1
4753192	4753191	1
5485384	5485383	1
7045741	7045742	1
3889389	3889390	1
7259082	7259081	1
377150	377702	1
12563801	7083080	2
9085584	9085583	1
685475	685476	1
4737028	4737027	1
6011852	6011849	1
7855417	7855418	1
6626911	6627070	1
3371127	3371128	1
3026235	3026236	1
7825312	7825311	1
7819729	7930468	1
11013850	11013849	1
11916779	11916780	1
3412232	3413940	1
11744812	11744811	1
6203126	6203655	1
2936191	2936192	1
8533384	8533379	1
6833054	6833053	1
4804450	4804449	1
2472337	2473226	1
7138985	7139000	1
5364680	5364554	1
1941162	1941161	1
2122636	2219390	1
8348413	8348414	1
11848584	11848640	1
6351672	6351257	1
246968	246965	2
5912473	5908412	1
1360690	1360739	1
5453491	5450898	2
5449035	5449036	1
9395545	9377430	1
11386906	11386905	2
5449033	5449034	1
9847309	9848977	1
11530503	11529845	1
7917115	7916494	1
5536172	5536165	1
10309968	10309967	2
12736511	12736512	1
272895	272939	1
9447127	9447130	1
423954	424047	1
8925315	8925328	1
12438563	12438568	1
5151027	5151049	1
8108428	8108427	1
1224865	1224798	1
11128736	11128735	1
3940083	3940146	1
3353110	2783745	1
10259854	10262017	1
6534745	6535072	1
5817967	5817935	1
12207637	12207638	1
4565475	4565476	1
9975325	9975068	1
784531	784532	1
4244588	4249208	1
5145947	5145948	1
1526612	1526611	2
10764328	10764327	1
7007560	7007559	1
10100015	10100016	2
3737094	3737097	1
4716242	4716237	1
5806617	5806647	1
3152579	3152580	1
12474310	12474309	1
2829991	2829996	1
10477597	10477598	1
3640780	3638460	1
1108387	1108388	1
8375265	8375266	1
10359381	10359391	1
9843815	9843816	1
7148926	7149485	1
11987012	11987011	1
603819	787535	1
2840318	2840317	1
8699787	8699788	1
2347893	2347760	1
10181242	10181241	1
746039	745601	1
1224799	1224800	1
5023108	5023107	1
12254330	12254309	1
6650681	6650682	1
8729386	8729385	1
1738456	1738455	1
6077763	6077764	1
3962181	3962183	1
4285170	4285169	1
8796149	8793062	1
2250300	2250299	1
1429835	1429836	1
7268609	7268610	1
8877443	8877594	1
11523565	11523566	1
1738452	1738451	1
10881152	10880306	1
4751161	4751162	1
3746264	3746263	1
3532784	3532783	1
12143523	12143524	1
7145659	7145660	1
5423905	5423906	2
3982342	3984622	1
3927119	3926198	1
2317372	12319489	1
7823578	7823577	1
5530935	5530936	1
4462838	4462835	1
4722548	4722547	1
4247103	4247106	1
6535053	6535054	2
11418300	11418299	1
3796826	3796825	1
3199819	3199296	1
2664924	2664923	1
4583284	4583307	1
6956801	6954932	1
11852461	11852392	1
5052185	5052186	1
2179029	2179030	1
1046542	1046541	1
7909114	7909659	1
10857973	10857974	1
4312211	4312212	1
7170745	7170746	1
5104763	5104768	1
9167514	9167513	1
8764539	8765038	1
7220659	7220376	1
9806768	9806826	1
11852457	11852458	1
9051268	9051267	1
4551925	4553185	1
7828129	7827043	1
1593329	8441166	1
945669	945670	1
6132384	6132383	1
6169124	6169121	1
7658329	7658330	1
8811441	8811444	2
9852653	11830789	1
7073915	7078426	1
11942008	11942007	1
7232960	7232959	1
3753312	3753368	1
10754889	4006878	1
7206173	7202263	1
12121773	12125093	1
11857464	11857463	1
11403098	11403095	1
2061024	2060461	1
3498214	3498213	1
1296453	1310265	1
5007624	5007627	1
5980718	5980717	1
1022363	1022614	1
12036772	12036799	1
11852308	11852203	1
9853670	9853669	1
3556267	3556268	1
3299798	3299778	1
11780670	11780669	3
3547898	3547897	1
12438569	12438570	1
6569730	6572250	1
11539726	11529023	1
3669036	3666292	1
5818284	5818283	1
9518533	9518534	1
231106	231105	1
10290868	10290859	1
2070860	2070859	1
1337088	1337132	1
799499	800468	1
7007558	7004947	1
10953662	10953661	1
11669251	11677103	1
1526106	1563561	1
5314142	5314141	1
5115417	5115420	2
10309966	10309965	2
7768025	7684196	2
9265704	9265744	1
12007513	12007514	1
8542893	8545421	1
9595560	9595559	1
3386083	3387075	1
11114971	11114972	1
3299498	3299512	1
8796698	8796697	1
9482247	9482248	1
2304493	2309561	1
3706065	3706066	1
4675676	4681672	1
7859429	7859753	1
6061917	6061918	1
8512869	8512870	1
1299652	1299649	1
5250917	5250922	2
9563538	9563537	1
10108412	10108409	1
5818212	5818211	1
8546982	8546981	1
2959950	2959949	1
9493089	9493090	1
6833921	6834216	1
5585763	5585764	1
3302910	3302679	1
7201142	7201141	1
11941125	11941145	1
821096	821095	2
416546	416545	1
3244007	3244008	1
11687153	11684864	1
10989271	10989272	1
6268609	6289503	1
3832744	3832743	1
6588320	6588319	1
1339370	1339369	1
12443441	12443442	1
7767624	7767623	1
8410634	8410629	1
5005424	4990294	1
9958255	10115841	1
6123596	6121534	1
6281631	6281629	1
9918405	9918410	1
1014786	1014785	1
7773845	7773846	1
7221115	7221085	1
5968203	5968313	1
3485271	3485091	1
6073877	6073878	1
2260865	9494574	2
10736849	10736850	1
9885472	9885469	1
7460638	7460637	2
11010476	11010475	2
3730654	3730653	1
9959224	9959223	2
10126733	10126734	2
11340037	11340038	1
8507455	8345410	1
11323470	11323467	1
10310318	10309871	1
7257482	7258784	1
7136420	7135991	1
5991742	5991741	1
7908036	7908053	1
10189794	10189793	1
11502865	11321646	2
10275629	10275630	1
7979261	7978568	1
3330143	3330187	1
7702371	7702111	1
1273130	1273125	1
2343525	2343526	1
4810389	4810390	1
6717477	6717523	1
9093668	9093665	1
7450512	7450511	1
7449949	7448263	2
10903938	10903937	1
3148864	3205110	1
7185609	7184398	1
10310320	10310319	1
10494285	10494327	1
11687247	11684623	1
529878	527713	1
8181037	8181040	1
4566304	4564900	1
3670490	3670489	1
1145218	1145206	1
4876574	4876573	1
7801062	7800810	1
1783398	1783361	1
3516681	3516682	1
54417	54459	1
4493703	4493704	1
1224863	1224864	1
7771045	7771010	1
1135864	1119668	1
1360490	1283581	1
11439133	11439190	1
7349569	7349572	2
8881228	9025075	1
9168912	9172955	1
8545465	8541389	1
291378	291618	1
3498216	3498215	1
4837313	4837332	1
4691274	4691271	1
5996141	5996144	1
9054168	9054205	1
4354396	4354395	2
8207358	8207357	2
10230269	10230270	1
2425120	2425182	1
281757	281758	1
7727046	7728836	1
2927428	2927427	1
4023704	4023651	1
3903619	3903708	1
4704172	4704091	2
3323795	3323796	1
9790800	9790799	1
9658330	9658329	1
3800591	3798895	1
5879401	5879307	1
3041642	3041641	1
3422846	3421862	1
3208674	3208740	1
8663418	8663417	1
7269956	7269955	1
7181333	7272368	1
11199486	11199485	1
6482235	6482236	1
2264216	2264211	1
10598975	10598973	1
7919360	7919359	1
1917826	1917825	1
10526378	10526124	3
2369850	2369847	1
10386524	10392315	1
11174720	11174719	1
4289194	4289193	1
12150963	7446260	1
9544601	9554077	1
7134574	10465785	1
6482446	6482728	1
10293817	10293818	1
6843698	6843697	1
8874379	8882989	1
9193098	9193097	1
10376298	10376301	1
10310538	10310563	1
7236213	7236214	1
5569163	5569164	2
2356637	2356640	1
12150946	7446450	1
6023224	5654105	1
7010319	7010320	1
5662676	5743447	1
8866773	6428883	1
3499487	3498117	1
6432490	6435983	1
12422986	12422985	1
4559508	4745068	1
9343754	9343753	1
4250829	4250830	1
340361	215686	1
4018637	4018638	1
9755354	9797466	1
11380428	11380427	1
7971232	7971231	1
11789798	11789795	1
2252626	2252625	1
5597255	649200	1
4689284	4468177	1
1402266	1402265	1
7512635	7512636	1
11290763	11290764	1
7378396	7378395	1
3302861	3302866	1
3416300	3416299	1
8417778	8415897	1
2843779	2843839	1
8370124	8367966	1
498597	498598	1
258987	258988	2
7945787	5753315	1
4107548	4107547	1
932753	934057	1
12679570	12679569	3
10155701	10155698	1
4016490	4014840	1
395250	395249	1
8821862	8821861	1
10213729	10213774	1
1907012	1907035	2
6806408	6806405	1
12207647	12207648	1
9791069	9791077	1
10006044	10006039	1
12188190	12149281	1
6626640	6624361	1
11380426	11380425	1
10587699	10587700	1
5088059	5088076	1
6227123	6226623	1
4538364	4538359	1
7295692	7295689	1
10398564	10398563	2
11595138	11594093	2
5473778	5473777	1
2376580	2376577	1
934831	934832	1
6483467	6483468	1
4854797	4857398	1
6133986	6133363	1
6603706	99193	1
5445673	5445677	1
1082119	1082120	1
11653996	11653995	1
6501518	6501308	1
2471675	2471188	1
9821495	9821496	1
4726759	4726762	1
2094771	2094876	1
932887	933779	1
1241825	1241975	1
11394105	11394331	1
7236523	7236524	2
11885698	11885697	1
12377959	1333296	1
8511916	8511915	1
10439376	10439375	1
9522478	9522538	1
8430958	8430961	1
9981520	9981519	1
931479	931482	1
10165350	10165349	2
803413	803414	1
9325307	9325308	1
11219482	9684889	1
3262757	3262758	1
5292311	5292312	1
11221438	11221437	1
7105674	7104516	1
6803885	6803903	1
9168293	9168294	1
5370121	5370122	1
275021	275022	1
1983645	1983646	1
5528477	5531530	1
6741170	6741169	2
6329999	6330000	2
12516691	12516692	1
4538364	4538363	1
1653597	1653344	1
11687245	11687246	1
3703868	3703867	2
10858011	10978128	1
2377467	2377436	1
12776911	12529567	1
1236071	1236072	1
9584802	9470512	2
3682598	3682597	1
6051823	6050135	1
5511397	5511398	1
6639879	6639880	1
11331566	11331563	2
1700439	1700429	1
6687898	6687897	1
10359411	10359423	1
1138062	1138034	1
5502245	5502246	1
2187449	2187748	1
7110797	7110798	1
5012739	5012751	1
861133	861134	1
3938139	5284388	1
3581813	3588787	1
6426609	6427933	1
4289192	4289171	1
7702233	7699228	1
3591693	3591871	1
9792050	9792047	2
3468001	3402605	1
3325332	3325331	1
7419856	7419855	1
3134951	3134932	1
6050134	6050133	1
12007515	12007505	1
7245593	7245594	1
6671755	6672792	1
12476180	12473714	1
3205056	3205053	1
10994058	10994057	1
4004063	4003292	2
3458551	3458552	1
2773517	2773518	1
7871799	7871800	1
9792053	9792054	2
7110858	7110857	2
7531780	7531743	1
5906422	5917404	1
7860121	7860122	1
10787768	10787767	1
8811859	8811860	1
10832628	10832627	1
7114982	7114981	1
6282374	6282373	1
1790573	1790652	1
4129521	4129522	1
3910234	3910233	1
6841005	6840538	1
2635060	2635664	1
3901174	3901101	3
7622616	7623335	1
11849304	11851403	1
5502247	5504337	2
3903141	3903142	1
11374771	11374772	1
6276427	6276428	1
7699987	7772230	1
9839747	9839748	1
4182369	4207024	1
7287008	7287007	1
7212832	7212727	1
10967279	10967262	2
11870037	11870717	1
11876894	11876906	1
4573001	4573004	1
2126441	2126442	1
7258785	7258786	1
4555844	4555846	1
8025761	8025762	1
7636741	7636742	1
4701792	4701791	1
2276204	2276203	1
10463418	10400263	1
2249443	2249444	1
3890488	3890487	1
2718034	2846646	1
6132205	6132206	1
1828687	1827755	1
7830573	7830574	1
5541903	5541904	1
11194281	11194282	1
12491589	12491590	1
8687839	8687888	1
4186737	4187211	1
11828570	11828569	1
7856658	7856657	1
395228	395223	2
4559266	4559448	1
4707384	4699304	1
8224354	8224353	1
9319222	9320077	2
7418252	7418229	1
7711180	7711179	1
12804163	12804146	1
3996222	3996221	1
3892396	3892391	1
6935875	6933792	1
11265878	11265877	2
9488711	9488712	1
4533302	4533373	1
5320618	5320617	1
5154199	5154200	1
7260636	7260635	1
1543257	1543258	1
11151108	11151124	1
4613582	4610923	1
6535265	6535266	1
4070865	4070782	1
1719981	1719982	1
7185906	7185905	1
5798200	5798199	2
2312862	2312820	2
12777941	12777942	2
11414796	11414806	1
7807819	7807820	1
8559542	8578917	1
6740507	6740788	2
9983028	9981521	1
660496	660556	1
876405	876408	1
6421292	6421291	1
3244044	3244006	1
9281744	9281743	1
12425317	12425318	1
6700306	6700305	1
4285171	4285174	1
3406320	3412699	1
9564947	9563539	1
7816929	7816930	1
6648114	6648113	1
10052433	10052434	1
407405	407406	1
3066315	3083477	1
5367548	5367514	1
7221013	7221016	1
3488962	3488971	1
6999634	7015935	1
1130985	1130986	1
2714163	2714164	1
5516673	5422858	1
6087312	6087311	1
7468356	7468355	1
10494140	10493930	1
1356220	1356990	1
6487633	6487634	1
7840595	7840596	1
7945565	7946222	1
5598609	5598610	1
4218651	4218652	1
5288012	5288009	2
2926155	2926156	1
9632646	9622288	1
8346744	8349572	1
10402604	10402633	1
919045	919080	1
2166684	2166683	1
5569165	5515624	1
1682386	1682385	2
8764594	8764593	1
7683101	7683102	1
7220657	7220658	1
2003919	2003920	1
6467098	6467097	1
4104615	4104618	2
11988597	11988600	1
8214671	7620359	1
9754308	9754307	1
8431301	8431302	1
2961631	2961634	1
321795	321796	1
11681529	5336168	1
10987393	10987394	1
10121859	10121860	1
6112171	6112176	1
12430054	12430632	1
12446487	12446488	2
9543268	9542855	1
8185591	8184923	1
6483734	6483733	1
5322165	157102	2
969720	969719	2
3023671	3023428	1
12204994	12204997	1
8075695	8077691	1
9542860	9537481	1
847810	847778	1
139579	139656	1
1612931	1611376	1
11187716	11187715	1
1319726	1319046	1
11789794	11789793	1
5982692	5987639	1
3023984	3023983	1
8159742	8159741	1
6153053	6137981	1
12283774	12280805	1
12145818	12145815	1
6108627	6108628	1
885363	885368	1
2605025	2605026	1
1788354	190426	1
9488707	9488710	3
1824983	1824945	2
4557438	4557437	1
8699786	8699785	2
5646619	5646620	1
7108451	7105675	2
4801481	4801482	1
2092262	2092261	1
227627	227642	1
12459820	12460043	1
6332911	6332912	1
1294907	1311449	2
10458810	10458645	1
11813254	11808610	1
3484823	3712645	1
5183446	5183449	1
1828373	1827573	1
4665254	4665253	1
4340520	4340519	1
8928805	8928628	1
9850371	9852622	1
5273726	5270583	1
271752	693635	1
11978442	11978439	1
10290870	10290869	1
5171853	5194780	1
4832278	4827385	1
5909695	11131628	1
3931579	3931580	1
7700733	7700734	1
7543023	7543024	1
11237440	11333795	1
10220324	10220141	1
5451675	5451599	1
11792392	11792797	2
6680793	6680794	1
10708739	10709231	1
1356497	1271435	1
3196502	3196501	2
2016862	2016857	1
7844164	7834935	1
5460684	5460710	1
11863547	11863548	1
5721864	5721863	1
4917366	4917405	1
2669957	2669958	1
5357642	5357639	1
4436243	11443895	2
3395386	3395385	1
9622437	9622438	1
9364483	9364561	1
6883061	6883062	1
6720085	6719946	1
2675942	9323948	1
9531690	9531689	1
6419642	6419641	1
1624326	1633593	1
4276599	4277891	1
12206224	12206223	1
2679894	3013079	1
7839515	7839518	1
5419286	5419550	1
745395	745397	1
12765417	12765420	1
427765	427766	1
7748041	7747445	1
9469571	9469572	1
6680791	6680792	1
713919	713922	1
9086229	9088658	1
10420431	10420432	1
9680085	9680086	1
2339180	2340786	1
627291	628748	1
5427212	5423902	1
51795	51796	1
4436526	4436517	2
8488537	8488538	2
7379457	7379460	1
11853104	11853103	1
7447317	7447320	1
2897611	2897612	2
2826047	2826048	1
10493349	10485676	1
10748009	10748010	1
11341144	11339028	1
6630276	6630289	1
5485404	5485403	1
10548289	11675032	1
5291711	5291712	1
4086042	4085048	1
4252192	4285298	1
5572565	5572568	1
8038378	8038377	1
6271019	6384741	1
7531738	7531737	1
6889405	6889406	1
3853060	3853057	1
11618983	11618984	1
3297114	3240937	1
10150301	1402888	1
5274368	5274367	1
6715873	6715874	1
1248763	1248764	1
2343036	2343041	2
5508159	5508111	1
792083	792084	1
6896270	6896269	1
2602634	2602636	1
7225839	7227432	1
248886	248885	1
5276556	5276555	1
59714	59668	1
787746	787694	1
588579	588580	1
1983206	1983205	1
11848593	11848594	1
7917867	7917868	1
1090806	1090721	1
1133698	1133697	1
10165744	10165743	1
8111062	8109580	1
4654350	4654349	1
11960817	11960857	1
7148927	7148928	1
678675	678676	1
5993023	5993029	1
8662720	8662979	1
4751163	4751164	1
6941333	6941336	1
8038790	8040008	1
4539222	4539219	1
420047	420048	1
651000	650955	1
12641548	12641547	1
754118	754117	1
2926289	2926290	1
12491587	12491588	1
7351789	7351790	1
8947961	8947964	1
8816806	8816799	1
10337214	10337213	1
7680870	7680857	1
3468363	3468336	3
7901189	7901009	1
3903885	3903886	1
8058964	8058963	2
6198496	5646237	1
9239641	9233643	1
450395	450428	2
2865035	2869149	1
9424904	9424890	1
5830525	5830528	1
9172023	9166727	1
11601839	11596405	1
1829568	1828872	1
12383471	12403225	1
9163505	9163506	1
9194286	9194285	1
9790627	9790628	1
475507	475594	1
5933822	5933821	1
6313022	6313021	1
7274566	7274565	1
7369905	7369906	1
11759158	11759157	1
8409728	8409727	1
5820802	5820801	1
8397404	8395837	1
12006666	12007973	2
2880183	2880178	1
6928419	6928420	2
2149290	2151012	1
5526664	5526663	1
1717864	1717801	2
8201076	8201075	1
4213881	4213328	1
9832401	9832404	1
12485652	12485651	1
4534620	4534619	1
7532458	7532457	1
8835099	8835108	1
7947972	7948001	2
7012113	7012114	1
569408	569592	2
7419867	10561393	1
7233011	7233012	2
5998817	5998818	1
8710811	8710812	2
11364119	11364122	2
5506280	5506279	1
6489734	6489064	1
9154191	9154963	1
6433828	6433827	1
313112	312915	1
10055013	10055014	1
12207633	12207634	1
3973171	3973169	1
5792536	5792535	1
6377670	6377801	1
5762018	5762093	1
884676	884675	1
12179302	12179301	2
11715739	11715740	1
3980384	3980389	1
319806	3830199	1
7180265	7180266	1
9840592	9839746	1
9234909	9234910	1
8982623	8982624	1
5998945	5998946	1
7852502	4232105	1
3274145	3274146	1
4189029	4189032	1
8648906	8648905	1
4855718	4855717	1
10052435	10052436	1
5247356	5247289	1
11561197	11561200	1
9975679	9978324	1
10893093	10893094	1
8784000	8784069	1
1273132	1273131	2
7579174	7761193	1
7169355	7169356	1
10767459	10764329	1
2687518	2687517	1
5250089	5250090	1
892398	892397	1
5546789	5546790	2
8961540	8961539	1
276612	879397	2
7267449	7267450	1
11221542	11221541	1
12462187	12462188	1
111115	111116	2
4021072	4021069	1
603817	603818	1
7531742	7531741	1
11156562	11156557	1
4021072	4021071	1
5850803	5850806	1
7665310	7666724	1
5760190	5760189	1
10361108	10361099	1
5574061	5574062	2
3038770	3037887	1
10754887	10754888	1
12798503	12798504	1
375681	375682	1
11359538	11359537	1
6149221	6148023	1
2255214	2255213	1
9149891	9160854	1
8430972	8430971	1
3196504	3196503	4
7691931	7691758	1
10761457	10761464	1
6003589	6003598	1
5653536	5653535	1
11033210	11033209	1
7206171	7206172	1
9672297	9672302	1
5677266	5677299	1
11088854	11083083	1
5572565	5572566	1
2486293	2486294	1
931758	931757	1
7356715	7356508	1
6527154	6527153	1
5249908	5249907	1
4602575	4602576	1
9392749	9392904	1
5075103	5075104	1
4987984	4987983	1
3321701	3321702	1
5587461	5587462	1
1318869	1318870	1
7461684	7652151	1
651795	651796	1
9368331	9368332	1
11008841	11008842	1
1922692	1922740	1
6609609	6609610	1
9702191	9702192	1
5677849	5677850	1
12367752	12367768	1
3661028	3660206	1
8156657	8156658	3
4572879	4573756	1
8350752	8350751	1
9769771	9769772	1
11491253	11491254	1
7013189	6965650	1
6814637	6814638	1
10088736	10088762	2
7405814	7405776	1
7808922	7808440	1
3204327	3204303	1
11624978	11624977	2
5750389	5750390	1
6497935	6497938	1
6528908	6528819	1
4735883	4735497	1
2017882	2017881	1
10978355	10978356	1
7823417	7823418	1
6173581	6190380	1
5691316	5691663	1
6304098	6304189	1
12283330	12283329	1
2434663	2434664	1
5748069	5749021	1
934829	934832	1
6190983	6188206	1
8371857	8371858	1
1804572	1804575	1
2090281	2090282	1
7916497	7861832	1
3899929	3899992	1
5592632	5503794	1
4284131	4284134	1
6557069	6557070	1
4748522	6096101	1
8359874	8359867	1
6344554	6344553	1
2729169	2729174	1
2312892	2312889	1
10486706	10360333	1
9099894	9099854	1
5591314	5591313	1
7661197	7661161	1
9941789	9915594	1
791915	791916	1
1714818	1575979	1
12206222	12206221	1
3591848	3591845	1
10878267	10878766	1
12337206	12337205	1
10161125	10161128	1
2611695	2612901	1
8961538	8961537	2
4406745	4406760	1
9792052	9792051	2
5823875	5823036	1
6276423	6276426	1
9071896	9071291	1
7683111	7682440	2
9851716	9851719	1
12446485	12446486	2
7876861	7876867	1
8520049	8520054	1
5250923	5252146	1
7063680	7061805	1
5259716	5259713	2
4538362	4538361	1
10886520	10886517	1
5370119	5370120	1
7704169	7704170	1
10168405	10168406	1
6740789	6740790	2
1318867	1318868	1
11279904	11295388	1
8435829	8435832	1
5527006	5351800	1
7862588	7862569	1
10640889	10640892	1
3933402	6185952	1
3007999	3008000	1
6007593	6006843	1
4038684	4038683	1
7806952	7807159	1
8703577	8703578	1
293552	293551	1
11086462	11086204	1
5991744	5991743	1
3110826	3110823	1
3353133	3352258	1
3899872	3899871	1
11777624	11773484	1
7591898	7591868	1
7174090	7174089	1
4600616	4600613	2
9096781	9096851	1
6536128	6536125	1
1096520	1096519	1
3024617	2744269	1
7452349	4529296	1
7272998	7182183	1
10147797	10147787	1
2113127	2113128	1
6208981	6208984	1
1448930	1449812	1
9349041	9349042	1
9829751	9829752	3
8699789	8700582	1
6572832	6572508	1
3062662	3062661	1
11340384	11340383	1
1998655	1998649	1
7794305	7597108	1
11269959	11269960	1
7449207	7449208	1
1969208	1969236	1
7226861	7226864	1
10097733	10097734	1
4100392	4100389	1
3290356	3290293	1
9162960	9163504	1
3870918	3870876	1
7336159	7336157	1
7794303	7794304	2
6810410	6810431	1
6741174	6741169	1
4581497	4585149	1
687044	687043	1
5453489	5453490	1
4792705	4792706	1
3957044	3953922	1
3737649	3736122	1
8580846	8580845	1
9517261	9517284	1
9050488	9055479	1
9537129	9537130	1
4824734	4824733	1
651012	650680	1
6626598	6628251	1
3903913	3903884	1
9696920	9648959	1
1682384	1682379	1
12482221	12482011	1
4689286	4689285	1
5910914	5903645	1
12794717	12798795	1
9679414	9679956	1
9690150	9690149	2
5396546	5396545	1
7594463	7531659	1
8435812	8435811	1
1862155	1862269	2
11087985	11087986	1
587289	587314	1
337455	337456	1
311623	311598	1
11352440	11352439	1
5187133	5187145	1
9477930	9477929	1
4917402	4917399	1
6119937	6119982	1
9007144	8789938	1
5854351	5854352	1
7964862	7964815	1
4601254	4601249	1
10770966	10770971	1
4752424	6100658	1
6291786	6291785	1
9850912	9850920	1
1401319	1401312	1
7417201	7414426	1
11418437	11417847	1
8250990	8250989	1
6106414	6107596	2
6568594	6568593	1
10185035	10183913	1
3945022	3945021	1
9685003	9685004	1
7235192	12307064	1
5754789	5753303	1
11221331	11221332	2
6741187	6741188	1
3521406	3521405	1
7280485	7280486	1
1137269	1137381	1
10356727	10356728	1
5660887	5660888	1
8058966	8058965	2
11042858	11042776	1
2338129	2338130	1
11678370	11679760	1
2793695	2793700	1
6243669	6310643	1
10439374	10439373	1
11246765	11246757	1
4687669	3209805	1
8070436	8070435	1
9139405	9139406	1
2447802	2447801	1
11460599	11460600	1
11813258	11813257	1
5265609	5265594	1
7083081	7083082	1
8884559	8884536	1
7975971	3756021	1
6322085	6322086	1
3310242	3310174	1
12613698	12613697	1
5662676	5662675	1
12760408	12761051	1
5278463	5278464	1
12029903	12030205	1
2830005	2830008	1
8010850	8010849	1
4312564	4313123	1
10663861	10663862	1
1161405	1151037	1
7045739	7045740	1
11343420	11343419	1
10293203	10293204	1
9852651	9852652	1
4468174	4468173	1
2920459	2920460	1
6007165	6007166	2
12614167	12614168	1
4689253	4689254	1
6322991	6322992	1
3330186	3330163	2
9433619	9433620	1
7922761	7922762	2
6474094	6474093	1
3358947	6011853	1
11481804	11481541	2
9430703	9430706	1
12426548	12426547	1
7290193	7290194	1
1661313	1661544	1
3901161	3901162	1
11583027	11583028	1
4086838	4088588	1
12467690	12467689	2
3686571	3686574	1
3516296	3516295	1
10394149	10729131	1
1593327	1593328	2
955168	955167	1
803865	803866	1
1103518	1103553	1
2345619	2486934	1
7827386	7827400	1
7477072	7486977	1
3967364	3967361	1
3825615	3826936	1
7349352	7349351	1
9336568	9293476	2
7452351	7452352	1
7873165	7873166	1
9856818	9854829	1
11944103	11944106	1
2538722	2538721	3
4379623	4379624	1
4675661	4681810	1
4647047	4647048	1
2538720	2538703	3
9175247	9175248	1
307610	515516	1
2162064	2162061	1
8516645	8516646	1
10246315	11834718	1
1710448	1710331	1
11601067	11601068	1
9446521	6816138	1
11618985	11618986	1
10865903	10865904	1
12368290	12365114	1
7029322	7029319	1
4754884	4754883	1
9435294	9435616	1
6905049	6905050	1
1543012	1540735	1
7148275	7148278	1
8281085	8281086	1
7282115	7176607	1
3945020	3945023	1
7274568	7274567	1
11764879	11764880	1
10282185	10282188	1
6844737	6843699	1
8888645	8872006	1
8151091	8151092	1
11564964	11564963	1
12430953	12567215	1
2753893	2753894	1
8043677	8043678	1
11363695	11363733	1
6710471	6710472	4
10979024	10979017	1
10904697	10903295	2
9515935	9516191	1
7888490	7890477	1
12662450	12660949	1
7310381	7310435	1
3293788	3293058	1
6413453	6415204	1
4549808	4552767	1
5995390	5995389	1
7633329	7633330	1
3041855	3041856	2
2618382	2618381	1
4647049	4647050	1
4533690	4534211	1
6612771	6612772	1
3693844	3693828	1
1735095	1735096	1
7579106	7577478	1
3135175	3135176	1
11987010	11987160	1
11730019	11730020	1
12247353	12242740	1
5248664	5248236	1
7683109	7683110	2
9959222	9959219	2
8007446	8007473	1
11970133	11965816	2
3550194	3549675	1
11540228	11540145	1
4502539	4502540	1
10519061	10519062	1
767303	767304	1
3261877	3261832	1
6308218	6309607	1
3525137	3524148	1
1701547	1701548	1
9431568	9431567	1
9533113	9311122	1
7550005	7550010	2
5087624	5087623	1
11014084	11014453	2
4550122	4550121	2
12279885	12279886	1
9757115	9757116	1
7073314	7069824	1
11777169	11776695	1
8285871	8437981	1
3670488	3672559	1
9733847	9733848	1
1903627	12204864	1
1690708	1690707	1
776177	776180	1
2375332	2312863	1
11995320	11995319	2
4746985	4716311	1
9648822	9648821	1
1579662	1579661	1
1723854	1723649	1
4051783	4051884	1
7867684	7867677	1
6167066	6167131	1
7361651	7361652	2
4579780	4579623	1
3192969	3192963	1
11197363	11197366	2
5453730	5453729	1
10368428	10368427	1
5880002	5876612	2
684473	685796	1
9127910	9127909	1
8882833	8882836	1
3116754	3117428	1
1221102	10050688	1
3136906	3136905	1
9036333	9036334	1
547557	547545	1
8049228	8049225	1
126946	126041	2
5446139	5446383	1
12612753	12612754	1
5225304	5225303	2
11473493	11370333	1
2180580	2180579	1
7596813	7596814	1
2468721	2468722	1
4003293	4003294	2
10985535	10985536	1
9142846	9142845	1
10429403	10429404	1
7167982	7167981	1
3387501	3387502	1
1419047	1561197	1
8332727	8332728	1
5376990	5376989	1
10038674	10038673	1
9056024	9056023	1
6419640	6419639	1
6683809	6683810	1
4485982	4484773	1
7585794	7585793	1
7494363	7494309	1
12176847	12176828	1
11518673	11516548	1
5587430	5587429	1
3885911	3885976	1
11904376	11904322	1
9682605	9641792	1
9082421	9082422	2
5119640	5118221	2
6889403	6889404	1
8869060	8869059	1
1393152	1393122	1
1349188	1350587	1
10823663	10823666	1
8562781	8562782	1
10389617	10389571	1
48301	48259	1
6737865	6737866	1
6814639	6814640	1
4812505	4812492	1
5087723	5087724	1
8963595	8963596	1
2580410	2579310	1
1487183	1487169	1
5043674	5042784	1
8721987	8721995	1
11592280	11592492	1
6900866	6900846	1
1648539	1648573	1
3774878	3775050	1
7939511	7939512	1
6282372	6282371	3
8758725	8758726	1
4689255	4689256	1
1103592	1103589	1
5292033	5292310	1
9152551	9160553	1
5419938	5419937	2
8622482	8622481	1
10953980	7974301	1
11364858	1040983	1
10677624	10677950	1
12122409	12122410	1
3166421	3166422	1
7295686	7295685	2
5591312	5591311	1
7781228	7781227	1
6903120	6903119	1
4579377	4579263	1
866986	867000	1
10893093	10893087	1
1039761	1037303	1
10473199	10473200	1
12330198	12330195	1
9709328	9709327	1
6773541	6773542	1
2926005	2926006	1
6588318	6588317	1
11085978	11085976	2
10027181	10027182	1
3931431	3929845	1
3497849	3497850	1
614580	604888	1
1771359	1771360	1
7611283	7616237	1
8163777	8163821	1
5211918	5211917	1
7415870	7415869	1
11944108	11944107	1
10477325	10477326	1
9150452	9150486	1
10452604	10452603	1
7230313	7230316	1
3992719	3986935	1
7599183	7599184	1
2106577	2106580	1
1375657	1375658	1
4854404	4854545	1
1035874	1035415	1
10445567	10445568	1
7214547	7214548	1
4021070	4021069	1
1965749	1964580	1
10715188	10715187	1
1573351	1541703	1
5424115	5424116	1
7852047	7852036	1
10677628	10677625	1
12304730	12151498	1
11471959	11471960	1
4268715	4268709	1
3055223	3055224	1
12208635	12209270	2
6511666	6511665	1
5935560	5935559	1
1701549	1701552	1
7691679	7691722	2
4700409	4700758	1
230664	230679	1
1755401	1754578	1
4434128	4434127	1
583244	583243	1
11357844	11354133	1
6266603	11723438	1
9830822	10158405	1
4497004	4501191	1
12612755	12610006	1
6189590	6189589	1
218462	218461	2
7536235	7536236	1
3764676	3764675	2
2308713	2308714	1
7651	7654	1
11382638	11382637	2
1484925	1482158	1
8153637	8153638	2
6004072	6004187	1
12796709	12796710	2
11014452	11014451	2
2036908	2036907	1
10294278	10293960	1
3248102	3248099	1
3287774	3286493	2
1610763	1610764	1
1488055	1488105	1
6693365	6693366	1
6077701	6077702	1
8548674	8548662	1
12458670	12454990	1
6559051	6559052	1
1518624	1518623	1
1036987	1036988	1
9851259	9851260	1
475499	475500	1
10652120	10652119	1
5187641	5187762	1
7463643	7463644	1
11591811	11591800	1
281757	283544	1
1224091	1224092	1
10765	10766	1
8000406	8000516	1
4350724	4350723	1
5995388	5995773	1
6935806	6931514	1
5436818	5436815	1
943633	943634	1
8077925	8077926	1
5721601	5721602	1
6283628	6283835	1
1641223	1641224	1
7446373	7446314	1
12490892	12490891	1
9314565	9314685	1
7519217	7565696	1
7428339	7428340	1
2356574	2358177	1
7704171	7704163	1
8299767	8300278	1
214449	214452	1
8026786	8026785	1
2885083	2887176	1
4327661	4318697	2
6463185	6463194	1
8271667	8271668	1
7996421	7994622	1
9915595	9915596	1
11145825	11145826	1
3535151	3535152	1
11092606	11092605	1
3531588	3531606	1
11403434	11406012	2
12426554	12426547	1
6180590	6180203	1
6918284	7263669	1
11280927	11280928	1
4599245	4599246	1
3794686	3796849	1
750151	766649	1
9178689	9178690	1
624171	624174	1
1204085	1203776	2
8838109	8838114	1
5860057	5860058	1
9879027	9882223	1
4474509	4474085	1
6110407	6110468	1
11688510	11688509	1
2312864	2312863	1
8703195	8703196	1
1822312	1840203	1
5467095	5466247	1
6907222	6907221	1
2718036	2718035	1
2384612	2384611	2
11123905	11123002	1
11473935	11281291	2
4706490	4706483	1
475501	475502	2
10300844	10300841	1
9942423	9942424	2
7216813	7216814	1
7149027	7149028	1
5392398	5319918	1
5094025	5094026	1
10855645	10855688	1
114954	114953	1
3152581	3198251	1
3370451	4473702	1
2667346	2667674	1
1073285	1073286	1
3704729	3694995	1
10750287	10750288	1
2931688	2931677	1
6810411	6810412	1
915482	915479	1
11540144	11540143	1
931497	931478	1
4567323	4567251	1
9981101	9983029	1
3900780	3900779	2
2117536	2119491	1
8057073	8057074	1
4146365	4146366	1
9242744	9242743	1
11174204	11174199	1
3511778	3511777	1
6073879	6065986	1
3564741	3564742	1
8778248	8776878	1
1374895	1374909	1
7982377	7982378	1
1834029	1832975	1
1143247	1143248	1
11601172	11600745	1
7147244	7146837	1
1549573	1680450	1
5009905	5009906	1
798976	803154	1
9835303	9830308	2
11280927	11280930	1
7053559	7049418	1
5735197	5735198	1
7705177	7705178	2
8585201	8585202	1
8349387	8349380	1
12787391	12787392	1
10464420	10464419	1
11401055	11401056	1
9151426	9136108	1
6239971	6239769	1
5597191	5597192	1
8623094	8635418	1
9612145	9612160	2
4178956	4132353	1
378582	187404	1
10191654	10191653	2
10976606	10976605	1
7409931	7975201	1
7233869	7233354	1
12022894	12022896	1
7644037	7644038	1
6389709	6389710	2
816089	816090	1
7828127	7828128	1
2195320	2195277	1
6952268	6952267	1
85591	116526	1
9846001	9846002	1
3923847	3923848	1
1090909	1090910	1
4013705	4013659	1
9073818	6814871	2
7552966	7658827	1
745319	745320	1
7335633	7335624	1
11661770	11661767	1
1118431	1118707	2
7446322	7446321	2
10055011	10055012	1
10035652	10035651	1
8407183	8404100	1
7468827	7468357	1
11562190	11482020	1
12798730	12798729	1
11297489	11297030	1
5317249	5325829	2
3234076	3234322	1
11118232	11126217	1
7525486	7524843	1
11712071	11712072	2
11464296	11472651	2
8634902	8634901	1
10367623	10367624	1
7705179	7705175	1
12794712	12794711	1
4339484	4339505	1
12334902	12353498	1
6738629	6738630	1
4842704	4842703	1
10006078	10019669	1
1008955	1008956	1
4732689	4732690	1
2885462	2678293	2
4745069	4745070	1
2313374	2313373	1
7275492	7275491	1
3202701	3200787	1
3354485	3354488	1
7174765	7174766	1
9798749	9798752	1
4038686	4038685	1
1391988	1392021	1
595359	595360	1
11780668	11778837	2
496713	496747	1
369661	369662	1
5716242	5639872	1
3067519	3067123	1
3924987	3924961	2
6518508	6517665	2
3903615	3903618	1
11287187	11287188	1
296027	296028	1
8864537	8864538	1
1557682	1557681	2
4793093	4793094	1
7492085	7492088	1
11339029	11339030	1
4833998	4783813	1
1098387	1100642	1
8529579	8533389	1
1756049	1756050	1
2338294	2338286	1
10832626	10832646	1
7833777	7833778	1
9361705	9361706	1
11004127	11004128	1
8767473	8767474	1
8739863	8739864	1
9798747	9798748	1
8097382	8092758	1
3532932	3535150	1
7772531	7772497	1
6524086	6524081	1
3330145	3330187	1
3925230	3925229	1
4573535	4573545	1
10308720	10308719	1
8184924	8184923	1
636513	953030	1
5608176	5653276	1
478407	478408	1
4673451	3246298	1
2623118	2623117	1
10698843	10686545	1
11292115	11290205	1
11221440	11221439	1
7702136	7702186	1
3535153	3535154	1
2340954	2340953	1
1143245	1143246	1
2523709	2523710	1
11522034	11522033	1
4026635	4026682	2
12800459	12800460	1
8809327	8809328	2
6929298	6929297	1
12446489	12446492	2
5553590	5553589	1
8531093	8200962	1
5450899	5450900	2
1593331	8441166	1
11084935	10863836	2
8648648	8648647	2
9758390	9758389	1
3880001	3888288	1
8085545	8085546	1
6118443	6117526	2
7373815	7373816	2
771187	792992	1
7082247	7082250	1
10354682	10354681	1
449801	449802	1
6337892	6338777	1
2474037	2474040	1
9692827	9692828	1
12264855	12265102	1
7104517	7104518	1
7347723	7347761	1
12729869	12729851	1
10143229	10066160	1
12464603	12464200	1
2869681	2873213	1
12324875	12324876	1
10406892	10407139	1
8281079	8281080	1
8605304	8605398	1
2538723	2538724	1
2106486	2107056	1
3564640	3564740	1
10564886	10564885	1
7082378	7082246	1
293577	293578	1
4531954	4531953	1
1975697	1975698	1
3763818	3768789	1
9696922	9696921	1
4520954	4520953	1
3676895	3676896	1
3550299	3550522	1
8687839	8687840	1
11189894	11190264	1
10881154	10881153	1
11155066	11155071	1
6989271	6989266	1
9054383	9057533	1
10169170	10169169	1
3207323	5759376	1
9431568	9431565	1
5469233	5469234	1
651356	651355	1
4254487	1252054	1
2352484	2352483	1
2548562	2548561	1
3655260	3654836	1
9345156	9295288	1
3696564	3696562	2
7902065	7902506	1
1986009	1986041	1
2959948	2787004	1
3560619	3560620	1
5996145	5996146	1
7353012	7353693	1
1280992	1280991	1
2843708	2843861	1
8811741	8811742	1
7021458	7021457	1
11832196	11832195	1
6509011	6509014	1
2319128	2317689	1
761868	761894	3
8999167	9054718	1
6742641	6742743	1
5116744	5115416	2
7534751	7534747	1
4787690	4787689	1
635069	635070	1
9432794	9432788	1
7889920	11035728	1
6514436	6514435	1
10035320	10035270	1
1718903	1718901	1
6557455	6557458	1
9429231	9429232	1
10157619	10157620	1
7111316	7111315	1
5355435	5407405	1
152461	152464	1
8700583	8700584	1
1700040	1700039	1
3676889	3678833	1
9426901	9426902	1
3302990	3302989	1
5286374	5286373	1
4249548	4249565	1
7552660	7552659	1
9799350	9799349	1
6505259	6505260	1
12452974	12452973	1
10610462	10610461	1
7421318	7424308	3
5223077	5223090	1
9994127	9992956	1
2815319	2814698	1
7912160	7913111	1
2124630	2002918	1
10723331	519979	1
1035224	1035223	1
6903530	6903498	1
7273705	7383198	1
4714835	4713252	1
3555919	3555922	1
9163507	9163510	1
1533570	1533569	1
12325211	12326445	1
3249949	3251385	1
6470638	6468183	2
9790416	9790415	2
3933443	3933434	1
1675274	1675295	1
2832965	2837896	1
2156726	2156725	1
10466688	10466687	1
1090075	1092078	3
3378715	3376472	1
672897	672923	1
1827754	1827753	1
10730377	10730558	1
9932119	9931619	2
10466187	10465996	1
893380	893377	1
8499655	8499664	1
11437125	11437126	2
11102560	11118657	1
7701097	7701134	1
2759777	2759473	1
11340035	11340036	1
6635580	6635579	1
7110799	7110815	1
5782848	5782562	1
7708496	7708495	1
