fend1	fend2	count
10209436	10209435	1
9576796	9576789	2
4862762	4862761	1
3475067	3461580	1
12511009	12509079	1
10266399	10266400	1
1559890	1559889	1
9751191	9751214	2
394394	393888	1
1190109	1190230	7
6489800	6489797	2
300370	301313	1
9751189	9751190	3
9241664	9246157	1
2627389	2627308	2
1068322	1068321	1
2007071	2007066	2
9576796	9576793	1
9466006	9465636	1
7085939	7085940	1
8379308	8379307	3
11267031	11266990	1
2271129	2271130	1
5809729	5809730	1
7610701	7610702	2
2272437	2272438	2
6194353	6194354	1
11428769	11428770	1
9336265	9336266	1
10806831	7948545	1
11571593	11571652	2
12721748	12721209	1
6114451	6114452	1
9465171	9431205	1
7207203	7207204	1
8992821	8992824	1
9807575	9807576	2
12247952	12247510	1
8419709	8419565	1
10308392	10308397	2
8381058	8381057	1
5570854	5569424	1
3149667	1997671	1
2986722	2986719	2
1212032	1212112	1
11558568	11551569	1
8103405	1062796	1
8768370	8768369	2
1960236	1960235	1
2506912	2506915	1
7695927	7695928	3
10308394	10308393	2
12335717	12335718	1
6019596	6019595	1
9665821	9665822	1
10862344	6333854	2
3466567	8638589	1
8558870	8558510	1
49767	286334	1
4689432	4772353	1
6865308	6865307	1
9317852	9317851	1
5601835	5601883	1
9693330	9693325	1
10939047	10939048	2
7135242	7135241	2
5783523	5785398	1
724916	686199	1
10321370	10324156	1
10610063	10610064	1
9230869	9230870	1
9924194	9924193	1
8526710	8525564	1
12283453	12287685	1
6251302	6256588	1
4392087	4392090	1
8434771	8434767	1
7997382	7997381	1
12041568	12041567	1
9076700	9074762	4
4353556	4353555	1
9593461	9628857	1
3127498	3127495	2
7716948	7716947	1
12600125	12600126	1
2411510	2409711	1
2725811	2725908	1
10419887	10424883	1
811163	811164	2
5791972	5791971	1
6748769	6748770	1
494616	476201	1
12243692	12243677	1
12427784	12427833	1
11916550	11915428	1
5591827	5591828	1
11749970	11762513	3
11533829	5968188	2
1075628	1076885	1
3760449	3760450	1
1426453	1426454	2
5930441	5930442	1
128836	128835	1
8300699	8300700	1
7206158	5488745	1
7861465	7861466	2
4326712	4326711	1
1521450	1528889	1
7840827	7840828	1
7464938	6174844	1
2850375	2851255	1
11969413	11969416	1
2938485	2938486	2
9816613	9816625	1
12485517	12485418	1
12248365	12248375	1
5784477	5784478	1
6942301	6942054	1
5742988	5739829	1
11527866	11527891	1
811165	811166	2
2793749	2793750	2
9760217	9761668	1
5949841	5949858	1
9123995	9123327	1
9263692	9260919	1
3951579	3951580	1
4028239	4028256	1
4649743	4649744	1
5506158	5506155	1
10254510	10254516	1
6105250	6105253	1
5930059	5530213	1
2238528	2238524	1
8682370	8682369	1
2475079	2475080	2
5865748	5865747	1
2721327	2719593	1
7201090	7203039	1
7419716	7410670	1
11007987	11007988	1
10344990	10344989	2
996033	996036	1
11571915	11571916	1
10496828	10496837	1
2506038	2517564	2
4060569	4060570	1
3372374	3372355	1
4534746	4534745	1
1446544	1445772	1
6874455	6873502	1
3251138	3256774	1
4207625	4207626	1
7223652	7223651	1
10672523	10672524	1
11460770	11460769	1
6284148	6284147	1
2669988	2670131	1
5689342	5689686	1
4149493	4149494	1
11112193	11112194	1
4312429	4312430	1
11480759	11480760	1
3116357	3116358	1
3158939	3158944	2
11263390	11263387	1
895672	895651	1
6363060	6363037	1
1715335	1717960	1
7134055	7134478	1
10152308	10152489	1
10885411	10886106	1
49769	286334	1
8398121	8398122	1
4017115	4017134	1
7352006	7352003	1
2361817	3812202	1
3660238	3660243	1
9243321	9243322	1
4711185	4711186	1
4256515	4256516	1
2228906	2228922	2
5758934	5759045	1
4007952	4007951	1
9417525	9417970	3
286029	286030	3
4507395	4507396	3
8273675	8273676	4
8831736	3668629	1
10066424	5939146	1
8768437	8768441	1
6769437	6769438	1
6612130	6604474	1
8017711	8005715	1
5965793	5965794	2
11969417	7200205	1
9229200	9229197	2
5988615	5988636	2
10440977	10440978	1
2196023	2196024	1
5271468	5271460	1
12631585	1322199	1
2567850	6791187	1
7139386	7139497	1
8320678	3715504	2
7283199	7283192	1
65668	65555	1
1266473	1266474	1
2015166	2015165	1
3931909	3932379	1
11682528	11682175	2
11701200	2639466	1
7265820	7265819	4
12598612	12599143	1
7906487	7906488	1
2029432	2029420	2
5091576	5091582	1
2063210	2063207	1
1157340	1157339	1
3834733	3834734	1
1955999	1956000	1
1119552	6411036	1
11823550	7446429	2
5566741	5566742	1
4489875	4489975	1
11966599	11966602	1
913115	913116	3
791915	791916	2
6363410	6363357	1
6120232	6120231	1
3257075	8107271	1
5391438	5391433	1
10097892	10101200	1
5273438	5272823	1
8788010	8787762	1
4408949	4408885	1
12574811	12537600	1
3853924	3853923	1
5930057	5930058	1
5820640	5820639	1
3570607	3629438	1
3877153	3253356	2
1896119	1896120	1
355503	356606	1
7752592	7752591	1
6958509	6958510	1
7874936	7874943	1
7245769	7245765	1
3657949	3657950	1
2644251	2644242	1
8224007	8223799	1
5755124	5969297	1
1889526	4938148	1
10939045	10939046	3
8977162	8977150	1
3109834	3109831	2
1955757	1955758	1
9576796	9576814	1
6992961	6992962	1
4636250	4657939	1
7102090	7102093	1
3233052	3233049	2
11674535	11674536	1
6686216	6686215	1
5447952	5447950	1
7282777	7282778	1
10164158	10164157	1
1296240	1295620	1
6266144	6266143	1
8755447	8656451	1
1955759	1955760	1
673842	673841	1
5872744	5872743	1
8348859	8348862	1
11284882	11284919	1
1862654	1862619	1
6789279	6789280	2
9765213	9765214	2
8008168	8008167	1
11932368	11929229	1
7997384	7997383	2
7070254	7021458	1
2341736	2341002	1
10083180	10083179	1
12668730	12668729	2
3973314	3973313	5
3991519	3991520	1
6843450	6843449	1
7276721	7276722	2
774668	776911	2
5820421	5821885	1
11121395	11121398	2
4612226	4612251	1
1966826	1966825	2
278841	275120	1
7822665	7822666	1
558790	558787	1
7303499	7304317	1
1977155	1977156	2
12555413	12555414	1
2885039	2885040	1
8262744	8262576	1
11808487	11808508	1
9323334	9323338	1
4855107	10670432	1
8547619	8547620	1
12315014	12314469	1
1798105	1798108	1
5653265	6004507	3
5961469	5961470	1
833605	825722	1
753203	753204	1
912366	912365	2
6688826	6688825	1
6836126	3812118	1
8762783	8762784	1
8107270	8107269	1
11826372	11826371	2
10202721	10202717	1
866538	867050	1
1254503	1272221	1
2593522	2592906	2
5512441	5512442	2
49767	49768	1
3540823	3540824	1
4018764	4018806	1
7569448	7540821	2
6314457	6314458	1
9821744	9821743	2
12555415	12555416	1
10066690	10066689	1
7134057	7134478	1
3203972	3203971	1
766058	766057	3
6152859	6152860	2
6753778	6754353	1
9162767	9162833	1
6045869	6044876	1
12461826	10371326	1
2379636	2377557	1
9610882	9610897	1
11267031	11266994	1
9576792	9576789	1
11759732	11760714	1
5673121	5673122	3
76478	105870	1
2377069	2377072	1
12784723	12784724	1
5148207	5148208	1
7072366	7165314	1
12202449	12205820	5
3866656	3866655	1
10209439	10209440	3
11966599	11966604	1
8643309	8643310	1
4834884	4834883	1
2197316	2196029	1
10302291	10302294	1
5791974	5791973	1
1396196	1396195	1
11378315	11378309	1
4376706	4375486	1
9419213	9419240	1
6126052	6126051	2
4792033	4792034	1
4084136	4083646	1
2313360	2313357	2
5809727	5809728	1
631546	629767	1
9664522	9664541	1
4147764	4147763	1
12391654	12391653	1
10174709	10174710	1
5120275	5120285	1
10228372	10228390	1
3106305	3106306	2
1396194	11394099	1
8010335	8010338	1
3728357	3731348	1
5109618	5109464	1
3478113	3478114	1
5817591	10774963	1
3196099	3196100	1
7432115	7432116	3
91945	5371039	1
12145876	12145875	2
12129022	12129021	1
6952267	6952268	2
5344793	5344794	1
143759	143762	3
4327126	4326713	3
4523440	4526058	1
2398800	2398728	1
3063404	3063402	1
12029840	12029818	1
7040980	7040979	1
1164741	1164747	1
1336381	1336382	1
9230578	9230577	1
303103	303096	2
6993681	6892834	1
6762559	6762562	1
11519037	11519072	1
5411353	5411354	1
5066515	5066548	1
811167	811168	1
4520953	4520943	1
11289421	11289410	1
5852912	5852909	1
8370284	8370291	1
3378547	3376206	3
2856167	2850700	2
9855379	9855785	1
3008788	3008787	1
828386	828385	1
6194355	6194234	1
7466337	7466338	1
1692082	1691827	1
7874818	7874796	1
9987963	9987964	1
593646	593645	2
11222981	11222987	1
11164365	11164776	2
378373	378374	1
3787581	3732584	1
5651305	11660144	1
6161288	6161293	1
3492026	3492025	1
11966603	11966604	1
692633	692706	1
11272240	11272239	1
8467411	8467412	1
6877965	6877955	1
2010557	2010563	1
12319869	12319892	1
10806829	10806830	1
4565053	4564501	1
1295849	1296225	1
6712641	6712642	2
2812635	2929154	1
7320869	7320896	2
6753778	6754355	2
11914480	11914479	2
9692739	9692740	1
7302448	7302453	2
7319298	7319304	1
7119081	7119082	1
2743538	2743553	1
1075833	6531334	1
6746510	9562323	1
9536445	9550002	3
11571918	11571917	1
11266991	11266994	2
12433601	12433537	1
9162765	9162833	1
5740930	5744170	1
2949875	2949856	1
7284219	7284220	3
9729736	9729733	1
3245958	3245957	1
419002	417646	1
3569730	3569729	2
1499426	1500548	1
7248173	7248174	1
9065052	9065055	1
9571144	9571143	2
7011763	7011795	1
12540056	12540055	1
2207771	2207884	1
6174932	6174931	2
9550007	9536440	1
9711162	9711167	1
10298612	10298674	1
11018986	11018985	1
3961693	3961690	1
8941456	8941455	1
3939306	3939305	1
7840825	7840826	1
6134586	6134585	2
6648242	6597870	1
8768368	8768367	2
483119	483120	1
12740725	12495610	1
5272822	5272821	1
7948514	7948513	4
9229196	9229195	1
4565055	4564501	2
2601774	2601779	1
7948512	7948511	4
10418549	10418552	1
10197925	10197887	1
9472928	9472651	1
5702383	5702384	1
5750992	5750989	1
12240930	12240929	1
5274640	5274639	1
5887563	5888040	1
10342245	10440116	1
175988	175999	1
9851069	9851070	2
6542407	6540754	1
11215374	11215371	1
11038585	11038588	1
5841813	5841772	1
9488837	9499032	1
11094536	11094520	2
6521052	6521051	1
8379457	8379488	1
6796814	6797118	1
11038002	11038001	1
10287687	10284943	1
4007953	4007954	1
2336653	2336656	1
5792661	5792662	1
10196577	10196617	1
2029436	2029433	4
3478112	3478149	3
6331852	6331841	1
2509362	2510606	1
12541977	12541986	1
6342259	10386516	2
6529122	6529121	3
6924445	6924134	1
5930443	5930500	1
1068320	6891656	1
8238806	8238805	1
8347755	8347756	1
9131434	9131433	1
9070300	9071001	1
8440522	8442145	1
12203491	12203492	1
7781603	7781599	1
6708701	6708703	1
6158026	1243897	1
2065223	2065224	2
6787463	6787464	1
8564618	8564615	1
4924643	11019498	1
10676010	10672522	1
6754354	6754353	2
7432126	7432114	3
9291123	9291146	2
9076702	9076701	4
3550300	3550299	1
4879619	4879620	1
2354858	2354857	1
5148209	5148210	1
2836632	2836395	2
5643976	5643118	1
5960511	5962361	1
5204842	5204865	2
11589155	5445715	1
12176808	12176807	1
1559892	1559891	1
3402161	3402162	1
12555417	4820820	1
6343214	6343192	1
12041566	12041561	1
10936118	10936115	1
4577127	4577130	2
10704794	10704793	1
11373334	11373333	2
11340634	11340633	1
2080502	2080376	1
2567852	2567851	1
12400425	12400446	1
162302	162209	1
1098538	1098537	4
7875510	7875648	1
5931971	5606791	2
11158461	11158462	1
41634	41633	1
5659293	5659294	1
1732279	1732280	1
5273440	5273439	2
283000	282999	2
3472596	3473778	1
7458861	7458862	1
3532986	3532985	2
2324710	2324709	1
3323501	3323502	5
2855021	2855024	6
11337890	11337887	1
255201	255202	1
3203967	3203968	2
5579834	5579650	1
8469051	8469052	1
11683655	11683656	1
8213640	8213648	1
5152449	5152450	1
11993046	11993045	1
4040073	4042234	1
9580671	9580663	1
5713720	5713951	1
3206441	3206442	1
3593509	3593528	1
3477164	3477163	4
9757252	9769706	1
5801923	5801924	2
2939867	2939822	1
6566179	6566101	1
4267961	4267962	1
12686949	12686930	1
5758938	5758937	1
4704225	9728628	1
7175646	7175645	1
2793747	2793750	1
1309740	1206168	1
7134055	7134056	2
3866654	1173781	1
3681116	3680908	1
7874938	7874937	1
8482340	8480717	1
4834884	4834881	1
188014	188013	1
3660886	3657478	1
11909781	11909782	1
3859940	3861370	1
9830579	9831208	1
11003865	10270543	1
8922422	8922436	1
10285267	10285268	1
5630092	5630086	2
11278488	11278487	2
5367900	3961738	1
5689285	5689286	2
6752183	6752184	2
9173507	9145868	1
838153	838154	1
3698878	3698894	11
10428902	10428901	2
7202180	7202179	1
3126455	3126456	1
2018103	2018077	1
9729736	9729735	1
9452569	9452570	1
3486292	3486260	1
3478112	3478111	1
9336263	9336266	1
3561577	3561596	1
3873366	3873364	1
2062578	2062296	1
7732003	7732073	1
9776244	9772836	1
5916888	5916887	3
12145874	12145873	3
10378201	10378202	1
361497	631561	1
9184317	9184326	6
3956344	3956347	1
6563320	6563319	1
1961057	1961080	1
8875060	8875075	1
5204844	5204843	1
143763	143764	3
6155106	6155105	1
11650163	11650164	1
8821901	8827684	1
6277250	6277438	1
6144272	6144271	1
11038004	11038001	1
7166016	7166015	1
9132332	9132380	1
2678313	2690527	1
1790515	1790516	2
3324873	3324891	1
12340361	12258608	1
12123278	12123275	1
5755046	9957354	1
8568805	1530495	1
10885411	10885412	1
10406863	10406864	1
4024259	4033662	1
2852321	2851032	1
11742101	11741957	2
2627398	4876567	1
9550003	9550006	1
6710383	6710386	1
9319889	9319619	2
925533	925534	1
3259913	3259926	1
7166018	7166017	1
3403228	3405863	2
10515604	10515603	1
175995	175989	2
2615201	2615202	1
5820642	5820641	2
5274646	5274643	1
1389549	1515393	1
6421256	6422103	1
5804920	5804923	2
11935991	11935992	1
7930961	7931663	1
630979	629873	1
5969294	5969293	1
9229520	3158719	1
3991521	3975739	1
10885413	10886106	1
8314576	8314575	2
4111384	7966296	1
7821582	7821560	1
9665823	9665824	1
3858534	3858533	4
9442255	9452404	1
11775218	11774368	1
3827933	3827934	3
6599930	6599929	1
8601674	8601673	2
4924654	4925133	1
8839264	8839037	1
2474438	2474466	3
11914482	11914481	3
3593717	3593156	1
9711166	9711165	1
5865750	5865749	1
3858532	3858531	3
8059119	8059120	1
10676010	10672524	1
10813993	10814091	2
8601672	8601671	3
5968189	5968190	2
7008494	7008497	1
10358809	10358812	1
6535802	6551980	1
7531946	7531791	1
11742714	11742684	1
3660242	3660239	1
3920620	3919684	1
3922514	3922511	1
7921065	7918965	1
1100369	1100370	1
11105128	11105028	1
2313358	2313357	1
2087349	2087350	1
2211593	2211594	2
9481927	9481969	1
6188647	7830099	1
11698869	11698870	1
10066690	10066687	1
9278688	9278687	2
3853934	3853925	1
5411355	5411356	1
5976443	6114450	1
6254522	6254521	1
7804639	11545928	1
11916804	11916818	2
7783546	7783545	1
11533138	11533137	1
3203970	3203969	1
5258169	5257396	1
5540818	5388106	1
8601674	8601671	1
4689434	4689433	1
1507108	10204794	2
4270488	4270485	2
4834880	4834883	1
5969296	5969295	1
776910	776909	2
6529693	4547152	1
1461988	1341695	1
5441359	5183217	1
5442697	5442698	1
9751189	9751214	1
5003610	6871394	1
3405862	3405861	1
9472930	9472929	2
6017279	6017280	1
6489798	6489797	1
8552896	8552895	1
7284223	7284224	1
3196101	3196211	1
2086057	2164564	1
8941458	8941457	1
3620055	6084953	3
108959	112065	1
6540755	6540756	1
6904280	6904279	1
3735337	3735338	3
6538314	6538313	1
3629435	3629438	2
4009716	4009763	1
3885821	3885822	1
1987060	1987057	1
9769477	9767532	1
3126112	3126111	1
4011395	4011355	1
4616018	4616017	1
11321379	11321461	1
2194013	2194014	1
7265818	7265817	4
1795095	1795098	1
10444918	10444917	1
4800951	4799861	1
11717255	11717256	1
687721	692950	3
10923186	10924771	1
3827935	3827936	3
3477162	3475400	3
9343895	9343896	1
4184781	4184782	1
8768370	8768367	2
9253175	9253176	1
4163234	4160677	1
3525530	3525529	1
6952269	6952270	2
8184987	8184988	1
1632718	1632717	1
2896282	2897907	1
5729651	5729654	3
2643087	2643078	2
6159661	6158972	2
2901259	2901318	2
9074763	9074764	1
11478148	11477853	1
10486647	10486628	1
3353663	3353664	1
10379789	10379790	1
6489800	6489799	1
8773993	8780795	1
7963631	7963632	3
11762512	11762511	3
1902930	2150944	1
3199842	3199778	1
10458867	10458465	1
5257742	5255841	1
1791455	1791456	1
9655883	9655884	2
7440378	10225011	1
3818370	3816604	1
589911	589460	1
10402216	3990059	1
5534306	5534433	1
6407134	6407169	1
7822667	11664854	1
3949212	3954221	1
6752179	6752182	1
6525631	6525629	1
7085937	7085940	1
3876012	3876011	1
8737774	8737773	1
7298214	7312796	1
6814718	6814771	2
4147766	4147765	2
4832982	4832981	1
6924885	7629591	1
9723679	9723691	1
9085528	9085527	3
2339310	2339309	1
2308251	2308252	1
2663525	2663573	2
7109730	7109729	1
9076702	9074762	2
6796991	6796992	2
3109830	3109829	1
7679289	7695926	1
6312101	6313038	1
793240	793249	1
12784731	12784732	1
10281370	10281415	1
5415739	5412202	1
7446330	7446329	1
9085530	9085529	3
6772388	6772387	2
6059068	6060009	1
7811275	7811276	2
841727	841728	1
2864834	2864833	1
3329794	3328608	1
475089	513554	1
593648	593647	1
11482613	11490626	1
128838	128837	1
1661336	1661335	1
8018611	8018612	1
1053860	1053858	1
3276157	3276158	4
10155103	10155104	1
3447082	3464626	1
928345	928346	1
6579203	6579019	1
10716323	10716324	1
1610471	1552607	1
9504949	9504889	1
3538914	3539021	1
5746320	5746332	1
3323503	3323504	5
8768437	8768443	1
10167023	10167024	1
9655885	9656035	2
8419564	8419563	1
279155	279156	1
12540241	12540242	1
11265150	11265114	1
11355345	11355299	1
9855377	9855378	1
7527952	7527981	1
3288991	3288992	1
8663773	8663774	3
9487089	9487078	2
11129709	11129766	1
879553	879554	1
7854720	7854727	1
7085937	7085938	1
10764409	10766753	1
11808511	11808512	1
3542676	3542675	1
7755467	7711060	1
12047292	12047296	1
2725559	2725560	1
7872914	7872913	1
6180769	6180696	1
9855377	9855785	1
8538306	8538309	1
7352537	7278686	1
10078704	10078703	1
4567281	4567282	1
11112195	6874773	1
2308253	2308236	1
10209438	10209435	1
2210323	2210324	3
5271480	5270702	1
6210146	6210145	1
2324708	2312051	2
4502669	4502670	1
3419422	1880506	1
8601670	8601658	3
8300701	8300702	1
9080592	1400091	1
12717213	12717533	1
8651893	8969310	1
1186429	1186430	1
5678305	5678306	2
11759732	11759731	1
4312431	4312432	1
188016	188015	1
10942953	9987962	2
5758936	5758935	1
1273380	1273379	1
9505969	9505957	1
3106303	3106304	2
9504375	9501824	1
6439856	3559371	1
8768442	8768441	1
8347757	8347752	1
5280164	5280086	1
44635	44622	1
9332871	9332874	1
5538608	5539037	1
2490606	2475078	1
10155129	10155135	2
1632716	341413	1
10155134	10155133	2
3817039	7551163	1
2950401	2950402	1
7619418	7843257	1
12123274	12146187	1
4529185	4478798	2
4147760	4147758	1
647967	647968	1
7284221	7284222	2
10149607	10149642	1
5894505	5894500	1
9821746	9821743	1
4584319	4585376	1
143759	143764	1
4782183	4782144	1
7166018	7166015	1
6155108	6155107	1
8762780	8762625	1
5818793	5830801	1
2254754	2254753	1
1995752	3308127	1
4580955	4580469	1
4494125	4494126	1
10402031	10402032	1
9565842	9565867	2
2894065	2862967	1
9394187	9394188	1
10619932	10620083	1
11759730	11760714	1
2168705	2168917	1
7393575	7393576	1
3199840	3199778	3
5279838	5279835	1
4485347	4485348	2
851975	851978	1
5066644	5066647	1
3358479	3358480	1
4346021	4346022	2
4554128	4554200	1
9284201	9284204	1
4184765	4184766	1
7716946	7716916	1
1273770	1273769	1
12145872	12145813	2
2663572	2663571	3
9421646	6268485	1
1977157	1977158	1
3691398	2036830	1
2816008	2816846	1
6577732	6577731	1
12467383	12467419	1
10200711	10200712	2
3550030	3550029	2
11856593	11856565	1
7958393	7958394	1
282998	282995	2
1040274	1009307	1
7781605	7781596	1
4147762	4147761	1
4875793	4875794	1
9229200	9229195	1
8010337	8010338	4
5976441	5976442	1
1497941	8462508	1
6029315	6029316	2
6223371	6223372	1
1659279	1665395	1
1110139	1110147	2
7490759	7490745	1
303101	303102	2
6219299	6219304	1
529958	528100	1
9571142	9571137	1
335372	12526826	1
4296265	4204748	2
2178879	2178880	1
7645595	7642170	1
1568813	1568808	1
10307146	10307145	1
2641793	2641794	1
4815509	4815510	3
2669990	2669989	1
8030424	7941280	1
7104623	7104624	1
9046905	9048263	1
6769352	6769360	1
9511658	9511657	1
8922437	8922438	1
9336263	9336264	2
9729734	9729733	1
6210148	6210147	1
868645	868646	1
6578189	4668098	1
7707225	7709788	1
9832703	9833527	1
8861362	8861354	2
10688251	10688254	3
8451520	8452654	1
11909783	11903985	1
3947510	3948141	1
4320970	4248046	1
4565053	4565054	2
1173780	1173777	1
6542405	6542406	1
1426452	4285623	1
6029317	6029318	1
41636	41635	1
8532822	8533743	1
9667804	9667810	1
12792290	12792538	1
2187314	2187346	1
1834240	1834239	1
7104620	7104622	1
6030373	6030768	2
3251641	3251696	1
8633553	8633554	1
8493918	8497222	2
5824949	5824959	1
8010335	8010336	4
2014747	2014690	1
8659768	8656359	1
3478110	3478149	1
7284221	7284224	1
2909683	2907363	3
2032667	2032668	1
2313360	2313359	1
8148543	8148544	1
6694368	6694390	1
6952965	6952966	1
5515773	5515774	1
5273438	5272821	2
5010644	5010643	1
11038004	11038003	2
7175681	12453019	1
11607533	11607471	1
1137273	1137317	2
2305427	2305428	1
2733301	2733302	1
12544290	12545651	1
4800949	4800950	1
2416360	2276224	1
9799225	6754976	1
4879617	4879618	2
3908172	3905182	1
1874734	1876676	1
611274	611295	1
11428767	11428768	1
4625125	4739304	1
5865746	5865783	1
10307420	10307419	3
18417	18414	1
9821746	9821745	2
12408213	12408244	1
11587538	11586208	1
6566839	6566842	1
5901781	5901603	1
7963633	7963700	2
2793747	2793748	3
5465753	5465754	1
5939407	5944938	1
728218	728221	1
4345691	4339603	1
10570622	10570621	1
7393573	7393574	3
11984385	11984386	2
3249064	3249532	1
8576305	8473471	1
4719962	4719961	1
7687649	7687702	1
6160963	6160964	1
5696907	5697173	1
7513154	7510824	2
12769522	12768667	1
7661239	7664494	1
10668036	10671765	1
8061468	8061467	2
3508763	3508764	1
558788	558787	2
2641790	2641789	1
8102570	8103984	2
9065323	9065325	1
3980596	3980615	1
9508244	9510539	1
10817898	10817897	1
879555	879564	1
11808509	11808510	1
9259519	9259520	1
4012655	4012656	1
6717259	6717260	1
10306986	10310344	1
9162765	9162766	1
4526059	4526060	1
9504888	9504887	1
9576788	9576814	2
6649656	6649655	2
10037240	8645110	1
2852498	2852497	1
12335719	12335722	1
2641937	2641942	1
737992	737913	2
10313151	10313075	1
783558	781752	2
5551353	3550301	1
7507713	7507714	1
3570607	3629434	2
6754590	6754593	1
3885823	3885824	1
6792753	6791998	1
495418	495420	1
794529	792253	1
1561962	1562312	1
2669988	2669991	1
8714380	8714379	1
11864466	11864465	1
11099326	11099397	1
11112191	11112192	1
9429057	9531176	1
844807	840232	1
9992733	9992734	1
3199842	3199841	2
11783869	11783696	1
3310860	3310857	1
2439920	2417130	1
1717961	1717962	1
378375	378376	1
9472930	9472651	1
9708270	9708269	2
9310314	5116834	1
750924	750923	1
7855201	7855202	1
10281775	10281776	1
5411357	5411358	1
1165591	1165592	1
5442695	5442696	1
631901	631894	1
11571653	11571654	1
1834230	1834227	1
6268484	6268483	1
1559892	1559889	1
728222	728221	1
5511114	5513073	1
