fend1	fend2	count
6542989	6499548	1
11622787	11622788	1
1097224	1097223	1
2825271	2825272	1
11961668	11961667	1
4502892	4502859	1
6397423	6401697	1
4601945	4601954	1
8543258	6158217	1
9998572	9998569	1
6957916	6957817	1
4914941	4913973	1
1398072	1398067	2
11922033	11922027	1
6468254	6468241	1
1912987	1912988	1
9083989	9083990	1
3550579	3550582	1
9193694	9193693	1
4578607	4578608	2
9639923	9639957	1
1787751	1787752	1
3762897	3762900	1
6343214	6343085	1
242327	247546	1
4144327	6855248	2
6119518	6119515	1
8471977	8618292	1
5638145	5638146	1
6739348	6739353	1
10797811	10797812	1
12049263	12049264	1
6172215	6171878	1
8578659	8578660	1
6449864	6450469	1
3075234	3075233	1
11133803	11133804	2
9751805	9751808	1
1350607	1338790	1
11047212	11047187	1
5130541	5130542	2
8762671	8762672	1
6146165	6154078	1
8761158	8769196	2
7861660	7861704	1
12049262	12049261	2
10389593	10389594	2
2464760	2465352	1
5340312	5340688	1
7886465	7853045	1
5218490	5218474	2
7771673	7771674	1
6737422	6737419	2
4746428	4745587	1
1959272	1959271	1
1649421	1649852	2
237819	245145	1
4740651	4740365	1
7044326	7044267	1
8149721	8149719	1
6373982	6373969	1
10442068	4515148	1
2648933	2648934	1
1352241	1352242	1
7421755	7421756	1
7763826	7763825	1
2572664	2572683	2
1251346	1251345	1
11159309	11159226	1
4742791	4742794	1
434158	434155	1
7567727	7876520	2
5152987	5152990	1
5433563	5433564	1
4026257	4035859	1
4927443	4981974	1
1959245	1959270	1
2462115	2462116	1
455755	462060	1
11640642	11640641	1
7399161	7399162	2
7717143	7656863	1
11828458	11828508	1
11895856	11895851	2
5480231	5480232	2
9865778	9865781	1
8151015	8151016	1
7498981	7500711	1
6869886	6869885	1
1595033	1592923	3
6562720	6569268	1
4432267	4432268	1
6726370	6726369	2
7056830	7056829	1
6793434	11087684	1
10110391	10110392	1
3111640	3111639	1
9013223	9013224	1
2794328	2794356	1
4740996	4741276	1
8471005	8471008	1
8826535	8800151	1
2385633	2385624	1
10532188	10532187	1
6980782	7044755	1
11157064	11157063	1
7822033	1533705	1
6504408	6504407	1
4652899	4651847	1
7918449	7918450	1
9704731	9370641	1
7019215	7019218	1
2521437	2521402	1
5397663	5400938	1
2134515	2134516	1
89619	89637	2
8927980	8927979	1
6506103	6309387	1
10034862	10036811	3
10905541	10905542	1
750316	750314	1
6773763	6773764	6
2399565	2399563	1
1436221	1436232	1
10801778	10801769	1
4377170	4377169	1
4046630	4046629	2
8614627	8614658	2
7861705	7861706	1
1640347	1640348	1
6249970	6249969	3
911209	911210	1
8157393	8157394	1
11660795	11660796	2
6783353	6783354	1
11621497	4756996	1
10252887	10252888	2
12198385	12201288	1
12646403	11987155	1
5316432	5316431	1
6339162	6339698	1
7428287	7428290	1
1876252	1876251	2
6876427	6876428	1
3887064	3887067	1
11161269	11161270	1
7876316	7550583	1
8565502	8565499	2
9640147	9640148	1
6555586	6421440	1
8509101	8509102	2
3097355	6476230	1
10173486	7593047	2
12048559	12048571	1
11789581	11789582	2
7958371	7958374	2
7792786	7791711	1
11665149	11665048	1
11575439	11575666	1
2228256	2228253	1
7000479	7000116	2
9751805	9751806	2
9164581	9164035	1
6752181	6750175	1
6329081	6329082	1
10716735	10716738	1
1217172	7030183	1
10750357	10750358	1
1486753	1486754	1
1273687	1273690	1
7989909	7989888	1
8628803	8628824	1
2521439	2521402	2
645059	645060	1
7080861	6980723	1
3607936	3607939	1
6119223	6119224	1
4292126	4292125	2
353655	353656	3
11385076	11385075	1
12385937	12386516	1
4306434	4306433	1
420969	420972	1
8211914	8211913	1
1169925	1169926	2
7883326	7883782	1
185196	184869	2
1831474	1831469	1
6038580	6038579	2
6919249	6919273	1
7924557	7924580	3
1056693	1056694	1
11302799	11302802	1
4986485	4986486	1
10196987	10196988	1
455210	455209	3
3141324	3141287	3
760035	899534	1
6901810	4263337	1
673263	673271	2
3385096	3385095	2
660448	660439	1
4592938	4592935	2
2382442	2382470	1
6930763	6930764	1
105688	105687	1
7725266	7725263	2
11222098	11222097	2
3383315	3383400	1
3280511	3280512	1
12471871	12471874	1
3550583	3550584	1
4090274	4090271	1
11074099	11074100	1
8846271	8630236	1
5899988	5899996	1
4579785	4579786	3
6737082	6737081	3
2972162	2972161	1
7276926	7276923	1
4740476	4740475	1
2459673	2459674	1
8129817	8129818	1
12030596	12264955	1
9988330	9988329	1
7082421	7082422	2
497789	497790	3
4489653	4489738	1
6952830	6952829	1
12336346	12336343	1
9927443	9927486	1
10311298	10311231	1
3479769	3479770	2
9763114	9763117	1
3281882	3281830	1
6419573	6419574	2
4431283	4431284	1
9028788	9028787	1
2386259	2386260	2
4387294	4387306	2
7357783	7359420	1
11577288	11577287	1
3603865	3603866	1
7931310	7931331	2
1002245	1002246	1
1086259	1086262	3
9787685	9789798	1
1287594	1287593	4
1030388	1030387	1
4036022	4036021	1
746984	746983	1
8022685	8022968	1
3934500	3934499	1
10052104	9948359	1
4579781	4579784	1
11233635	11505297	1
10247313	10066878	1
1359264	1359267	1
11775630	11775597	1
9348449	9348450	1
9654036	9654035	1
6188366	6188363	1
8067440	8067685	1
1926597	1926598	1
12652139	12652140	1
7024837	7024838	1
7496084	7496083	1
11534456	2125338	2
6577256	6577255	1
7375011	7375000	2
848477	850199	1
6262839	6258970	1
5444039	5442477	2
6726368	6717592	2
9721390	9721389	1
565937	565938	1
61471	68105	1
7651727	7651731	1
11771818	11764819	1
5910234	5910233	1
6831621	6831617	1
2694909	2694910	1
6148111	6148130	1
6872399	6872386	1
9933	10744	1
10292407	10292408	2
835836	835833	1
2736221	2733324	1
3263949	3263950	2
10220503	10220506	1
663545	803834	1
9551148	9551147	1
9734147	2934871	1
9464614	9463882	1
2753106	2718138	2
444286	650652	1
5501793	5501794	1
1906030	1906056	2
3529215	3522172	1
5916874	5915404	1
11999666	12001940	1
4687238	4687233	1
4746008	4746007	1
1144922	995352	1
6007631	6007638	1
11013797	11013810	1
5757720	5757719	1
6477847	6477389	1
9854924	9854923	1
8776715	8776716	1
2554343	2554344	1
5100720	5100715	1
550973	550969	1
6225188	6225232	1
3319524	10931162	1
11538796	11538540	1
2792814	2795927	1
196448	196447	2
2542706	2382451	3
3612795	3612814	1
10012426	10027740	1
9154251	9154190	3
3116243	3116244	2
7382393	7346464	1
10924517	6738455	1
5820987	5690728	1
8265025	8265026	1
10663012	10663009	1
1144220	1144217	2
1568689	1568731	1
6876425	6876426	1
4063846	4064480	1
5358010	5358006	1
6003305	6003279	1
6093861	6093862	1
5679174	6011615	1
5993425	5993426	1
5616841	5617619	1
10776876	10776875	1
1371312	1371832	4
4210968	4210967	1
5533533	5500983	1
2605079	2605085	1
7222370	7222369	1
4124928	4124927	1
4757825	4757826	1
9655903	9655904	3
11500560	11500534	1
12476920	12476919	1
2838101	2838102	1
1801535	1801536	3
3887888	3887887	2
12354282	12354281	1
1289467	1288713	1
1280552	1280549	1
7805965	7806287	1
2772252	2772251	3
2392463	2392469	1
394792	394789	1
8054555	8054556	1
7253620	7253667	1
10219527	10219528	2
3008947	2995566	1
10252872	10252886	2
3077170	3077169	1
5628043	5628044	1
5883994	5883993	1
7498262	7498261	1
7628339	7634011	1
6492259	6492260	1
772999	773002	1
6094811	6094812	1
876003	876004	1
11928066	11928065	1
925348	925355	1
4310105	12133256	1
1998903	1999176	1
11211673	11211613	1
484453	484456	1
11376919	11376798	2
1592799	1072219	1
3887846	3887845	1
6930152	6930158	1
6388622	6388176	1
9330461	9330462	2
158041	158036	1
5834157	5834158	1
671633	671634	2
6588699	6588700	1
7115539	6579876	2
9654531	9654532	1
7078012	7133454	2
11259754	11259751	1
4738532	4738531	1
9179512	9180344	1
1497207	1389904	1
3401343	3401262	1
2825273	2825274	1
5023160	4986925	1
10160149	10160150	1
4592661	4594220	1
12132537	12132538	1
1563251	1563252	1
2928131	2928132	1
11878521	11878522	2
6234859	6234860	1
12501516	10369258	1
3818673	3818674	1
3716467	3729243	1
5188984	5112158	2
2641247	2630120	1
10795192	10795191	1
1987623	1987624	1
11634983	11634965	1
8272411	8272414	1
2515661	2515662	1
9294406	9294403	1
7374267	7374268	1
3247143	3247144	1
5065642	5065453	1
11662096	11662095	1
7185454	7185442	1
9848839	9848840	1
11459752	11459746	1
7034546	7034939	2
1643184	1560984	1
9893993	9893669	1
6166247	6160540	1
5906861	5906864	1
10538617	10538618	1
2839812	2839815	1
6651633	6651634	2
3373232	3373088	2
944954	944934	1
11307063	11307064	1
4328982	4328981	1
7926756	7926753	1
10708020	10708015	4
11482890	11482873	3
1038998	1150928	1
4579783	4579784	2
12405561	12405562	2
5976460	5976459	1
6092223	6117131	1
4366941	4201157	1
7184982	6349055	1
1707482	1707481	2
8860437	8860438	1
7852535	7852536	1
8080527	8080761	2
5993423	5993424	1
10721532	10721531	1
6094813	6094814	1
697080	696849	1
12203512	12203408	2
816259	836768	2
3625811	3715911	2
6044404	6044403	1
8395242	8395228	2
7783374	7783379	1
4738530	4738529	1
10297453	10297454	1
12652066	12652138	2
8764344	8758213	1
3834117	3834294	2
2587288	2587383	1
2125276	2125226	1
10647166	10517033	1
2016064	2013844	1
3596945	3596946	1
9507212	9507260	1
983599	983600	1
310091	306545	1
9352389	9352390	1
10336342	10336341	1
4657668	4657661	1
1193675	1193643	1
7415509	7415510	1
11709095	11709079	1
2331363	6606775	1
5988489	5988494	1
12779664	12811460	1
11717944	11717947	1
4591890	4593034	1
12255722	12264942	1
391680	394146	1
6957533	6966313	1
5802552	5802549	1
3907385	3907386	1
10118261	10118262	2
2554345	2554346	1
2214186	2214184	1
12777800	12777400	3
3089302	3089523	1
8694295	8695005	1
1194962	1194961	1
2852418	2852417	1
12129690	12129689	2
10549496	10549495	1
9051038	9050982	1
934540	934539	1
6033756	6033751	1
7613049	7613050	1
1449142	1449141	1
2775609	2775610	1
9360114	9359541	1
9280794	9280793	1
156383	107359	2
8060114	8060113	2
5668871	5668872	1
5543849	5543850	1
6121816	6121875	1
10244825	10244826	1
9747676	9747675	1
7105972	7105960	1
7024837	7024842	1
6007639	6007617	1
3242395	3242351	1
11472660	11472659	1
1151338	1151337	1
3564923	3564988	1
8519411	8519412	1
2391987	2391988	2
9508861	9508862	1
5569234	5457433	1
5961366	5961365	1
10457292	10467124	1
3967875	3967864	1
10075417	10075302	1
9516165	9516143	1
9947755	9947756	2
683329	683330	1
6680927	6679099	1
2357680	3364053	1
10878198	10878201	1
5439305	5439308	1
12660798	12660548	1
5843871	5843893	1
5061053	5353904	1
5210460	5212975	1
7342146	7342145	1
11221310	11221320	1
9839024	9839023	1
10182607	10182610	1
12754931	12754932	1
6327673	6327674	1
6687964	6687963	1
1592922	1592921	3
9087380	9087565	1
12745029	12745032	1
155042	155031	1
6740536	6740535	2
449107	547365	1
12336344	12336343	1
10060796	10717088	1
10435314	10435313	2
6615200	6615203	1
6499549	6499550	1
10745371	10664351	1
4334258	4334907	1
6937326	6937323	1
913282	913279	1
6365325	6365326	1
10338061	10338082	1
3029644	3029643	1
4039272	4039271	1
10560142	10560331	1
4739727	4738462	1
1025854	1025857	2
984965	984966	1
10961491	10961492	1
52660	52407	1
12030592	12264955	1
905695	905698	1
6125005	1063096	1
10654260	10653716	2
6683930	6680744	1
8446764	8446761	1
68078	68075	1
2482879	11008992	1
4031690	4031687	1
1612316	1612313	1
11005254	11005253	1
9763515	9763516	1
8427325	8129393	1
108349	108250	1
10995151	10985952	1
5657734	5666284	2
5813749	5813750	3
852574	852573	1
11245988	11242085	1
11485842	11485841	1
1169878	1169924	3
5267601	5267602	1
108349	108248	1
1250217	1250218	1
12019954	12019953	1
10207831	10207832	1
7473659	7473146	1
3383408	3383407	1
5543791	5543805	1
6584737	2262520	1
1191141	1191072	1
11789583	11838645	2
11275853	11275854	1
11895856	11895853	2
3248170	3248824	1
6045411	6045414	1
2630108	1836138	1
9781609	9781610	1
1834091	1473357	1
6165627	6044405	1
7376474	7376473	1
6844571	6844572	1
11662098	11662097	1
1015436	1015435	1
10812142	10885000	1
10287951	10288004	1
8611159	8611162	1
8968705	9072271	1
12395985	12395988	2
7332399	7332400	1
3430154	3430153	1
11728015	11728143	2
11239902	11239901	1
4244417	4244418	1
2838075	2838100	1
6241429	6241430	1
6621985	6621986	1
11983826	11983602	1
11575437	11575438	2
5810377	11245830	1
9386398	9715440	1
5177588	5177587	1
5022652	5022647	1
1595020	1595019	1
1289587	424994	2
12243258	12243257	1
4621114	4621113	1
6206812	6206319	1
7019217	7019218	1
9531202	9531178	1
12250731	12250732	1
6740246	6740245	2
1062016	1062015	2
6703205	6703208	1
4573280	4542989	2
216763	216772	1
7392992	7392991	2
1260524	1260523	2
1633522	1633521	1
8653294	8653339	1
1642918	1642958	2
11709093	11709094	1
6773759	6773762	4
10491173	10491174	1
3687845	3687905	1
3123933	3042393	1
915538	915537	1
10708020	10708017	5
2635638	2635637	1
2182589	2183963	1
3405157	3405158	1
7326276	12793465	1
8196721	8196722	1
9299716	9299715	3
3932871	3956836	1
3450752	3450751	1
6096289	6096281	1
2671966	2671965	1
11484296	11484295	1
11531415	11531423	1
1799417	1799418	1
54913	54921	1
635997	635998	1
9767788	9767787	1
8817759	8817869	1
7135863	7135864	1
10418972	10509065	2
8828067	8828070	1
462163	462164	1
6881729	6881730	1
12045683	12045686	1
4687172	4687142	1
8040197	8040223	3
3881809	3881810	1
332104	332103	1
4804567	4804568	1
2924117	2924075	1
7917902	7917877	1
12745029	12745030	1
1484183	1483425	2
10075417	10075300	1
509394	509374	1
7559273	7559274	2
2679456	2827245	1
11775171	11774886	1
9579383	9579384	1
3100440	3100439	1
772274	772250	1
12797782	12797781	1
12602330	12602329	2
1922530	1922529	2
1050302	1050297	1
9018938	9018937	1
12290531	12290532	1
4553875	4553878	1
6165627	6044403	1
2403070	2323679	1
3991784	3991966	1
12680605	12680304	1
8632990	8632989	2
11600083	11600095	1
817515	615154	1
9098578	9098575	1
12312239	12312240	2
762520	762519	1
1497984	1498023	1
11559875	11559878	1
6300454	6300453	2
11239552	11239551	1
4917405	4917331	2
1270859	1270860	1
10096765	10200947	1
571203	571206	2
1913079	8760762	1
10249748	10249747	2
4134636	4134635	1
539195	539196	2
7117426	11826686	1
3250465	3250470	1
479869	479870	1
9660577	9718947	1
7610866	7610865	1
2903638	2903637	1
9432046	9433089	1
10118263	10118322	3
5181927	5180821	1
10404136	10476030	1
10322883	10797132	2
10203274	10203273	3
965051	965052	1
7650458	7650457	2
5926450	5926449	1
10475136	10475366	1
20763	20839	1
2903636	2903945	1
2382450	2382449	2
9314516	9314515	2
1024508	1024242	1
8343809	8343595	1
4054060	4054057	1
11276698	11278616	1
506431	506432	3
3803834	7120708	1
4495618	4495613	1
1682399	1682400	1
11331582	11331581	1
10210974	10210973	1
6528110	6528109	1
12164626	12164625	2
6467909	6467910	3
12521015	12521542	1
11931856	11928067	1
9612835	9612836	1
10528969	10528970	2
9274666	9274665	1
6359075	6359078	2
2934724	2934723	1
12485954	12485952	1
10707546	10702688	2
1713547	1713548	1
370839	370797	1
1405321	1405322	1
6342646	6509224	1
3655917	3655920	2
8072810	8072809	6
6206054	5878082	2
10123969	10123393	2
2466906	2466905	2
7613051	7614782	1
5431812	5431811	1
3461222	3461221	1
1826734	1826733	1
590164	708535	1
7109583	7109584	1
434160	434159	1
8760025	8759891	1
11742070	11742069	1
1667832	1597481	1
11385072	11385071	1
8848445	8848456	2
1451715	1451716	2
8403890	8403889	1
7329698	7329697	1
3830897	3830898	1
7841770	7841767	1
6750236	6750233	1
46158	46144	1
3479767	3479768	3
7761553	7761554	1
3146336	3146335	2
1773797	1782734	1
230096	233799	1
948134	948176	1
5101543	5101885	1
11579095	11579096	1
1049844	1053118	2
314723	314632	1
698777	685083	1
3737840	3737839	1
9148880	9150971	1
6435460	6410412	1
12018795	11882924	1
2550183	2518282	1
10757992	10757988	1
10411667	10411668	1
10657560	10657577	1
9725574	9725577	1
9472551	9472552	1
2074721	2066191	1
7402159	7402144	1
11916630	11916629	1
7091534	7091533	2
8040457	8040458	1
12798096	12797774	2
3737836	3737835	1
11889390	11889325	1
9057713	8979393	1
689021	688960	2
2247225	2247227	2
1639956	1639959	1
6121818	6121817	1
4716699	4716145	1
7333437	7333439	1
12207396	4278903	2
10864437	10864438	1
11817280	11817288	1
3740682	3740681	1
984362	984361	1
8700016	8704169	1
4039270	4039232	1
2710849	2710558	1
8269333	8269334	1
12149454	12149449	1
401067	401831	1
335322	335321	1
11786764	11786767	1
4284877	4284878	1
118273	118274	1
1798457	1798458	1
11989873	11989874	1
9468734	9468733	1
8765297	1986423	1
7555803	7555851	1
10584640	10584639	1
6698310	6698309	1
3652769	3652770	2
7218354	7218199	1
5790405	5790408	1
6367286	6367285	1
484455	484456	1
3186497	3186498	1
10394822	9867947	1
10019205	10019102	1
12602276	12602329	2
3889127	3889128	2
8457148	8562642	2
7670634	7670633	2
976920	976719	1
7548716	7548715	1
8845449	8845450	2
5059015	5059178	1
12237703	12238053	1
1595876	1526035	1
9557869	10263922	1
12239351	12239352	1
5227765	11205344	1
9905837	9900851	1
1829972	1830011	1
8838700	8838699	1
864221	864222	2
2880564	12253930	1
8778410	8778409	1
5736529	5736532	4
1062014	1060968	2
10627977	10628007	1
5537893	5537894	1
1198087	1198088	1
6900449	4303116	1
11698868	11698867	1
643440	635996	1
11742076	11742071	2
10206782	10206781	1
7791710	7791709	1
636651	636652	1
12177382	12177381	3
10165007	10156411	2
10384741	10384561	1
7737809	7737779	2
4306434	4306431	2
1423613	1380051	1
3337323	3337326	2
7017667	7017668	1
2027574	2027573	1
520886	518699	1
814955	814956	1
5507749	5507750	1
11870187	11870188	2
913278	913283	1
6380109	6364739	1
10773221	10774501	1
984967	984968	1
5093204	5093203	1
6760011	7323731	1
1094580	1094579	1
6281976	9447141	1
1131762	7392995	1
2606284	2606280	1
1364353	1732396	1
11288790	11288824	1
8509099	8509100	2
9566711	9566712	1
3440503	3440504	1
10207827	10207832	1
8297059	8297060	2
3288161	3288164	1
9929082	9929081	1
3023749	3038576	1
1705281	1705342	1
5998740	5998739	1
11884867	11884836	1
10263477	10263478	1
1287585	1287586	2
11772158	11772157	1
3603861	3603864	1
3887886	3887885	2
11497173	11497174	1
11001988	11001987	2
2391985	2391986	4
2595322	2595325	1
4210966	4210965	1
1893785	1893804	1
6119225	6119226	1
11165831	11165832	1
7852532	7852531	2
5555400	5555356	3
3198609	3198612	1
11162035	11294626	1
5578383	5578384	2
2967771	2967772	1
3319288	3319287	1
1842020	1842019	1
4339076	4339075	3
1186979	1186988	1
8748019	8748020	1
11147826	11147825	1
905699	905700	1
7026964	7112614	1
1287590	1287589	1
7855782	4689875	1
10337127	10338616	1
3737838	3737837	1
11615731	11615732	2
10879108	10879107	1
8709746	8889256	1
4523035	4524009	1
7339506	7339501	1
8694928	10169305	1
9919365	9922164	1
2835255	2835276	1
1265265	1389836	1
11263595	11629108	1
12312237	12312238	2
855376	855375	1
3876054	3880374	1
443339	443242	1
2642874	2643997	1
10642753	10732615	1
9948363	9948364	1
11696808	11697700	1
9531669	9531773	2
7275142	7275141	2
12255416	12255415	2
1720550	1720553	1
12618254	12618253	1
11038003	11038000	1
2050883	2118334	1
7398492	7383485	1
2291128	2333691	2
10754499	10754500	2
2465353	2465354	1
7199018	1544084	2
10754752	10754751	1
12030328	12030327	1
571199	571200	1
2507381	11876091	2
268104	265551	1
3636466	3641076	1
4652897	4652898	3
11706950	11706949	1
3603859	3603860	1
9547820	9547819	2
7125867	7125868	1
12746056	12745897	1
5451835	5451836	2
2424815	2424816	2
9135377	9135359	1
12745031	12745032	1
1055657	1055658	1
820668	820667	1
7965112	7965111	1
4495312	4495311	2
5696030	5696029	3
7056836	7056835	2
4133878	4133875	1
743305	743285	1
7483788	7449312	1
10125121	10125047	1
10265693	9567843	1
12331823	12331824	2
5561052	5561046	2
4756997	4756998	1
391168	391167	1
6500782	6484511	1
10028004	10028003	1
6310634	6310633	2
7287041	7296300	1
6514355	6514358	1
6821727	6821845	1
6525195	6525196	1
7932132	7932129	1
7399614	6828340	1
3655458	3655535	1
5588005	5588006	1
4270690	4270689	1
7136963	1312734	2
7603856	7603855	1
4083537	4080721	1
9352387	9352388	1
6787757	6787758	1
11865922	11764469	3
4590604	4590603	1
114380	2839774	2
11531419	11531423	1
1457345	1457346	1
6412165	6412166	2
5442476	5442475	2
7227878	7227877	1
10890569	10892878	1
10116890	10116675	1
7515170	7515169	1
10167133	10167134	1
11270985	11270986	1
9747269	9747270	4
5926448	5926447	1
10745	10746	1
4179436	4179435	1
7656860	7656859	2
5213505	5213517	1
855426	855456	1
3694192	3694191	1
5724306	5724305	1
9654634	9654037	1
3547606	3547605	1
6238183	6359412	1
7307469	7307477	1
6084961	6084962	1
9166562	9166561	1
1074805	1074771	1
820666	820665	2
1643544	1643780	1
9576659	9576660	2
6755017	6755018	1
7577289	7577328	1
7213290	7213289	1
11767228	11767213	1
7927090	7927089	1
5799994	5799997	1
2459677	2459678	1
2570247	1511751	1
4359514	4359511	1
10853004	10852995	1
7498260	7498322	1
12328775	12328188	1
8860459	8922059	2
1528775	1528764	1
991901	991891	1
4740489	4740490	1
8671361	11694822	1
136660	136421	1
2832295	2832296	1
10418482	10418481	1
3102157	3108297	4
618336	618335	1
4014478	4014477	1
9573485	9573507	1
8383647	8383648	1
7735397	7735398	1
4662639	4662640	1
11544402	11543716	1
11739902	11739901	2
1645281	1645282	1
8465234	8465233	1
9138024	9138035	1
6359079	6335194	2
1912981	1911894	1
12628278	12627398	1
11739900	11739899	1
1683622	1678217	1
1136237	1136238	1
8230650	8230649	1
940041	940042	1
6955285	6955317	1
10225823	10225841	1
6841753	6819149	1
5438623	5438624	1
1131762	1132332	2
11895856	11895849	1
10362875	10362878	1
7376472	7376471	1
8844310	8844307	1
12167479	11977187	1
2415115	2414851	1
6968930	6968929	1
7333533	7333534	1
8976939	8976927	1
10493608	10493605	2
7395249	7395250	2
5109262	5111867	1
6674896	6674895	2
11865831	11865063	1
11520315	11520696	1
173608	173607	1
6095644	6095576	1
6781112	6781111	2
10512194	10459933	1
3980736	3980735	2
7463944	7463943	1
3460439	3460567	1
3140994	3140993	1
2554343	2554346	1
11870189	11870190	2
1590911	1590912	1
506245	506246	1
11582161	11582224	1
11798782	11798787	1
6008377	6008406	1
4732699	4732700	1
4795155	12642210	1
2228261	2228262	1
6651635	6652046	2
7550557	7550558	3
10240364	10240363	1
8347087	8346790	1
12358386	12358385	2
4579781	4579782	1
10360719	10360458	3
8584167	8584168	1
242325	242326	1
5949153	5945965	1
10144820	10144803	1
10716281	10716282	1
8230654	8230651	1
158037	158038	1
12312235	12312236	2
11894767	11894770	1
4752631	4842659	1
11575433	11575434	2
11543717	11543718	1
8717123	8717124	1
7041916	7042405	1
900725	900726	1
2775609	2775640	1
10404138	10404137	1
6041849	6041850	1
8008410	8008039	1
2151567	2151568	3
7220023	7220024	1
1186989	6692496	1
11615733	11608875	1
5704121	5704122	2
1287592	1287589	2
4354783	4311633	1
9654529	9654530	2
2934726	2934725	1
993020	993019	2
10339522	10339534	1
4005832	4005895	1
11861316	11850992	1
4938289	4937913	1
5100720	5100719	2
6412167	6412168	2
3291075	3291682	1
9997453	9997427	1
10766772	10767009	1
9013219	9013222	1
3527577	3527578	2
5645915	5645903	2
2386491	2382111	1
10075301	10075302	1
9329922	9329921	1
9155950	9155954	1
3520204	3487752	1
8493041	8493042	1
4579778	4580137	1
6258985	6266359	1
2096128	2096216	1
11940359	11940360	1
9958587	9958588	1
11861607	11861608	1
4526042	4526041	1
11278622	11278619	1
8276601	8174338	1
158813	157561	1
9500972	9500971	1
7883033	7883034	1
6554929	6453899	2
8541714	8570102	1
12227843	12128840	1
8748568	8748567	7
5093202	5093201	1
5150759	5143777	1
5227866	5227865	1
2976257	2956371	1
10657720	10657455	2
4157223	4157224	1
11409127	11409130	1
5799140	5798935	1
6578543	6578544	1
11559875	11559876	1
9593536	9617933	1
12388260	12388257	1
4990340	4990339	2
3186495	3186496	1
1643548	1643547	1
553586	553585	2
9096674	8896645	1
8335749	8345464	2
1547231	1547232	1
4036020	4036019	1
455208	455383	1
7810470	7810469	1
4479107	4479108	1
343940	343939	1
10155081	10155084	1
11483395	11483396	1
3755235	3755236	1
5221344	5221842	2
155042	155039	1
1891455	1891219	1
2445622	2445621	1
10685145	10685146	1
6275412	6275453	1
851081	851082	1
12000469	12013589	1
1167247	1167248	1
8612147	8612148	1
2074719	2074720	1
1756481	1756482	2
5282745	5283274	1
8394285	8601400	1
10609848	10609847	1
10634701	10634415	1
11915556	11915635	1
12684100	12041223	1
2134513	2134514	1
7593046	7593045	2
8129388	8129412	1
8353257	8489536	1
11796565	11796566	1
83914	83911	1
6679595	6680396	1
1432954	1432953	1
10037677	10053952	1
7044337	7044338	3
10507780	10506552	1
4349625	4349694	1
5153240	5153239	1
2675456	2675474	1
3021373	3021374	1
11980556	11980555	1
3887893	3887894	1
12243256	12243255	2
154234	154231	1
740372	740387	1
1191618	1191617	4
8031122	8031109	1
3447055	3447056	2
4596387	4596388	1
8705232	8705229	1
2904648	2904700	1
9157924	9159161	1
11024764	11024763	2
4327289	6961921	1
7968915	11330873	1
7430319	7430351	1
5315745	5316433	1
11284176	11284165	1
9193982	9193981	1
1885041	1884221	1
9624392	9624390	1
3454132	3885242	1
8017052	8016675	1
6356463	6356464	1
3907765	3907766	1
4332202	4331918	1
6919247	6919248	1
10383605	10383606	1
1033774	1033773	2
10197962	10198269	1
9454235	9454238	1
12576307	12375197	1
4110537	4110192	1
3203445	3203446	1
9709248	9686922	1
20838	20835	1
12232507	12232213	1
2942505	2946928	1
12333880	12331824	1
5726155	5726156	1
9606511	9606512	1
9051676	9051675	1
9316786	9316644	1
982952	687746	1
3010015	3010049	1
1062016	1060968	1
9382994	9382993	1
2415826	2413985	1
5711279	5711280	1
6823504	6823479	1
5568656	5571683	1
991263	991264	1
9229333	9229441	1
1239583	1002139	3
7061658	7061514	1
853319	853320	1
4616332	4715369	2
9149003	9165751	1
10244841	10244842	4
8241250	8240699	1
5221346	5221345	1
835632	835605	1
11411865	11411866	1
10222391	9880465	1
6406389	6406405	1
10848056	10848055	1
8886369	8886370	1
768593	768594	1
10165512	10210013	1
1451717	1451718	1
7816157	7647206	1
1066230	387116	1
7666550	7666549	1
10282768	10282767	1
4745191	4745192	1
7498927	7498238	1
12392268	12392278	1
11687504	11687503	1
4609003	4609004	1
3097353	3097354	1
4825448	4825447	1
11008993	2482880	1
10357696	10357695	1
11570540	11570535	1
7155903	7155997	1
10061635	10061636	1
12362740	12363334	2
3140418	2771570	2
10772592	10772591	1
10979078	10979077	1
1337371	1337372	1
7264445	7264446	1
3129111	3129072	1
1230954	1228824	1
4363949	11695024	1
7967292	7967291	1
6275655	6275636	1
968096	968095	1
571201	571202	2
11602250	11406035	1
4075237	4051413	1
12789728	12789641	2
9053573	9039494	3
3889129	3887847	1
10679761	10678278	1
11608859	11608860	1
3814414	5261076	1
7000117	7000118	2
7802196	7802146	1
769187	769188	1
9564451	9564452	1
8245654	8054554	1
8236256	8236251	1
4421965	4421993	1
95446	333580	1
12123570	4473230	1
1202820	1188065	1
10829717	10829515	1
2413758	2415089	1
6184537	6184622	3
4360585	4360586	2
2464760	2465354	1
11500593	11500594	1
11681491	11681492	1
4251465	4251591	1
5117064	4958964	1
9589168	9589165	1
450618	447609	1
7825514	7825513	2
8108458	8108457	2
95913	299927	1
424368	424367	1
8787870	8787869	1
10247075	10246774	1
10292612	10292600	1
7608146	7607141	1
3140491	3140492	1
3369280	3369342	1
8762673	8762701	1
10433607	10509900	1
6421441	6421442	1
12672050	8412216	1
3296437	3296462	1
7029206	7029473	1
4276616	4276615	1
6737402	6737394	3
4578609	4585038	2
8399803	8399804	2
6419575	6419540	1
589628	746985	1
1024510	1024509	1
9681610	9681609	1
2876109	7906105	1
11960596	11960593	2
11300203	11300204	1
4588512	4587579	1
9171708	9170702	2
484391	455734	1
634228	634227	1
3269138	3269137	1
3460719	3459042	1
5022517	5022518	2
12301036	12301035	1
4514590	4514589	1
5438621	5438622	1
6659400	6659399	3
4406461	4406462	2
6504431	6504409	2
5961368	5961365	2
9069325	9069326	1
9437871	9437872	1
4122635	4122602	2
793227	957855	1
2542706	2382449	1
6465654	6465651	1
12028431	12187147	1
3303224	3303223	1
10795185	10795186	1
6423760	6426335	1
1702942	1449724	1
6371596	6374526	1
11382761	4651825	1
1698793	1698794	1
375093	369874	1
2972884	3005168	1
7804748	7660722	1
1695945	1695946	1
9140414	9140556	1
4850831	4857110	1
5100359	5100360	1
2257868	2257729	1
9283940	9283939	1
1876256	1876255	2
7244706	7244705	1
1793709	1793744	1
2560129	2560041	2
1402781	1402782	1
2604876	2604875	1
6291849	6291850	1
10109475	10117973	2
12443385	12443386	1
6165620	6165619	2
4421117	4230647	1
1786384	1786339	1
6187487	6187488	1
7778205	7779455	1
1020818	1020817	1
1447884	1451841	3
4349678	4349693	1
5591034	5591091	1
8389059	8389060	1
8512668	8512674	2
991232	993142	2
1148780	1148765	1
1007278	1006700	1
9280792	9280791	1
11530516	11301277	1
4606346	4606331	2
2575298	2575297	3
1645286	1645309	1
1367336	1367335	1
10160312	10161102	1
6655350	6655347	1
1733129	1733130	1
9621988	9621991	1
7809290	7809289	2
5344781	5344782	1
9503801	9515830	1
10455708	10455711	1
3352695	3352920	1
218411	218414	1
9792614	9792679	1
6828341	6828297	1
2531516	2531515	3
782755	782756	1
11773549	11773550	1
10019207	10019102	1
6538793	10913836	1
4958757	4958758	1
3267905	3269139	1
11125134	11124953	1
4023256	11334577	1
11895852	11895851	1
8467327	8467883	1
6801045	6801091	1
5282289	5282282	1
8495113	8495114	1
844910	845624	1
556831	556788	1
5018570	5018569	1
3884889	3884890	2
5439301	5439304	1
8594074	8593141	2
6137738	6137757	1
5431814	5431811	3
9370640	9370639	1
6188757	6188758	1
592430	592539	1
4460938	4460937	1
6037676	6037675	1
9249197	9249198	1
6722521	6722522	1
6275653	6275654	1
12356385	12356386	1
1062269	8062333	1
1148844	1148843	1
5714810	5716255	1
3814414	5261074	1
3167759	3167804	1
10124164	10124163	1
266871	266872	1
487447	487448	1
11850794	11850141	1
10643032	10643031	1
620411	620412	1
10716716	10716715	2
11860759	11860760	1
11763504	11763503	1
4990336	4990339	1
1154199	1154200	1
10290836	10290835	3
1736083	1448153	1
4526044	4526043	1
4204330	4204329	1
4255313	6886850	1
6467299	6275711	1
6030928	6030618	1
1094582	1094581	2
4428096	4428099	1
4258586	4258583	1
7596245	9510323	1
948136	948135	1
83450	83915	1
9729887	9729888	1
2789138	2789852	1
4492481	4492804	1
7809288	7809287	1
6356604	6356589	1
4068024	4071246	1
3297451	3297452	1
5727322	5727321	2
9253312	9249198	1
8665662	8665683	1
11161213	11161216	1
9544618	9544617	2
12358388	12358385	1
1595654	1736268	1
5971350	5971451	1
1389831	1389832	1
6084959	6084960	1
10266426	10266439	1
1641517	1641483	1
3925116	3925119	1
8414895	8414896	1
831399	831400	1
1179986	1191631	1
8378371	8378148	1
7342144	7342143	1
6489314	6489444	1
8306504	8306503	2
6651631	6651632	2
4060396	4060395	3
8201389	8192572	1
3198868	3198867	1
9929080	9929079	1
10055778	10055781	1
1698800	965890	1
9763513	9763514	1
1901631	1901632	1
7567180	7567179	1
2164529	2164530	1
2355591	2355594	1
1112392	1112389	1
2521437	2521438	2
4159885	12403956	1
1595033	1592921	1
10493604	10493603	3
7044335	7044336	2
7790457	7532221	1
6347131	6347132	2
12443387	12443388	1
1433077	1444127	1
3888531	3888534	1
1728476	1728475	2
1086257	1086258	4
10344922	10344933	1
11575435	11575436	2
10584929	10584930	1
11702253	11702256	1
6191081	1106573	1
8580989	8580994	1
3121705	3121652	1
10983773	10983774	1
9706411	6028230	1
8509632	8509631	1
3729359	3729330	3
4758886	4695207	2
10754504	10754501	1
3145233	6426688	1
590370	590367	1
4502793	4422393	1
11702259	11702260	1
1942860	1942842	1
2228263	2228264	1
6955316	6955315	1
2479921	2479924	1
10119780	10119783	1
11040592	10994472	1
1460267	1460268	2
12513792	12512130	1
9467534	9467590	1
3521387	12203811	1
6402692	6402685	1
6821725	6821726	1
8240611	8240695	1
10792725	10449299	1
12813293	12813294	2
1106892	1107607	1
9178957	9179017	1
4041928	4041927	1
8493830	8493793	1
6488472	6488469	1
3352693	3352694	1
876265	5338440	1
8940744	8940721	1
12684254	12684253	1
4221679	4439046	1
2444682	2251923	1
749143	773869	1
7498923	7498924	2
8110122	8110486	1
12027578	12027577	1
12280345	12280348	1
5581597	5474373	1
9014162	9014161	1
4624582	4625374	1
10937498	10937685	3
626562	626925	1
2411001	2411002	1
10324347	10324348	2
622895	621626	1
6117861	6117862	1
10240611	10050712	1
2632883	2632884	1
9969390	9969383	1
7056838	7056837	2
6148920	6148919	2
2401541	2401542	1
12049260	12045682	5
1304420	1304523	1
11777622	11777615	1
11807478	11805958	1
5438367	5438620	2
2997748	2998232	1
2779836	2939301	1
9330463	9316358	1
5516705	5516706	1
1064044	1064043	1
8312580	8312579	3
1098715	1098705	1
6750232	6750202	1
7737639	7737626	1
6482332	6482331	1
12019956	12019955	1
11110868	6590927	1
2972886	3005168	1
8784026	8784098	1
9865782	9865781	1
7427912	7427911	1
8152707	8562710	1
6606774	6606773	2
5258439	5258440	1
2775611	2775640	1
11623857	11623858	1
4707670	4707667	1
6886741	6886742	2
1793953	1793448	1
11073228	11072804	1
6094809	6094810	1
2479925	2479926	1
343938	687371	1
2710608	2710607	1
9182769	9182770	1
11674169	11671483	1
8570103	8570104	2
8844310	8844309	2
3699620	3699619	1
12308459	12308460	1
11702257	11702258	1
2667244	2683130	1
10971469	10971470	2
3992135	3992136	1
9609119	9609120	1
2104227	2104228	1
5652755	5652758	1
12761396	12761262	1
9193692	9193695	1
3474555	3473340	1
5628041	5628042	1
3100925	3100926	1
3097351	3097352	1
11285707	11285708	1
777882	795962	1
6738773	6738659	1
8465236	8465235	1
10332772	10332771	1
4795153	4795154	1
2404220	2404219	1
8736642	8734812	1
8681968	8682151	1
10165005	10165006	2
6160528	6160527	2
8371811	8371812	1
3366382	6187959	1
1212088	1212057	1
5906859	5906860	1
11729294	11695386	1
6117852	6117851	2
7852533	7852534	1
6189760	6190524	2
7037490	11783241	1
5022515	5022516	1
1825366	1825365	1
951137	951138	1
4702686	9975483	1
1650542	1650547	1
11459747	11459748	1
1015434	1015437	1
10055780	10055779	1
8833523	8831422	1
4185477	4185478	1
7865991	7858038	1
1666112	1666146	1
8276601	8174334	1
3889299	3889200	1
7991728	7991727	1
9717801	9717804	1
3884791	3884792	1
5557785	5557799	1
5861301	5861302	1
1105384	1105387	1
6917906	6917901	1
7026660	7026797	1
11679376	11679373	1
8557491	8557529	1
6826362	6825004	1
10362873	10362874	1
5318845	5318846	1
1272644	1273125	1
12658858	12336939	1
8397098	8397093	1
6834061	6834062	1
5261075	5261076	1
874669	874681	1
10804996	10804990	1
8665817	8665818	1
8213283	8213286	1
2226074	2226073	4
5592813	5592734	1
10138383	10138384	1
1734651	1734652	3
2835484	2835481	2
5090197	5090091	1
772997	772998	1
3559422	3559421	1
5454019	5454020	1
5131088	5130481	1
9790141	9790555	1
6208867	6208868	1
3023399	3023388	1
871475	916528	1
10237495	10114613	1
1509353	1509354	1
6874927	6874907	1
9374379	9374382	1
2528890	2528889	1
11147828	11147827	1
3063284	3063287	1
7971287	7970174	1
11895852	11895849	1
8847987	8847590	2
11233472	11285144	1
11654612	11654611	1
8236315	7793716	2
8364993	8364994	3
11483500	11483497	1
6535283	6535284	2
5629447	5629408	1
5058204	5058186	1
5593499	5594393	1
7376949	7376475	1
10290733	10290736	1
7198686	7018106	2
12441875	8940307	1
9009082	8995969	1
1105392	1105391	1
10150847	7453444	1
1132333	7392995	1
10767006	10767005	1
9500530	9123066	1
6872821	6872836	1
11060121	11061155	1
2652846	2652827	1
11101392	11098311	1
4338055	4338056	1
6519968	6520849	1
3395138	3395133	1
12658860	12658859	1
2654474	2654228	1
5864829	5864830	2
4145780	4201152	1
4263914	4265506	1
5117468	5117467	1
5227868	5227867	2
2831874	2834252	1
9078612	9078738	1
6956115	6956177	1
769602	769599	2
8265023	8265024	1
1171107	1171108	1
2546386	2462114	1
1148764	1148763	1
5188631	5188632	1
1667845	1667846	1
9534775	9659726	1
3339746	4582995	1
5394723	5394726	1
335320	335319	1
1082686	1082743	1
7776688	7777735	1
6328300	6328299	1
8704529	8704532	2
3526177	3526169	1
6550773	6550774	1
516407	516408	2
2068650	2068649	2
8645627	8645628	1
6851722	6851719	2
3687056	3748339	1
12308458	12308457	1
11451232	11472665	1
12356387	12356388	1
37764	38017	1
4618540	4615568	1
1060372	1060371	1
11390731	1579364	1
2835480	2835479	2
9300068	9305991	1
1449144	1449143	1
7791565	7791566	1
10473209	10473210	1
11147828	11147825	1
2463044	2463102	1
6760431	6760432	2
1600477	1600478	1
10606629	10606662	2
2628988	2630597	1
8343807	8343808	1
4005675	4003933	1
6577671	6577674	1
6275892	6275904	1
7871030	7871029	2
6699140	6699139	1
3050136	3050170	2
11526723	11526724	1
8150998	8150997	1
8839309	8684523	1
9077947	9077948	2
9346985	9348448	1
11239550	11239547	1
7221317	7222893	1
7490822	7496176	2
7244761	7244704	1
6366220	6366045	1
7518672	7518675	1
1922528	1922527	1
8450527	8450528	1
10376845	10376846	1
4212820	4212851	1
2529053	2511043	1
7112937	7112938	1
11613178	11621496	1
12647614	12646402	1
1117037	1117028	1
3551463	3551464	2
9446273	9446254	1
5961368	5961367	1
5378991	5378992	3
9531667	9531668	2
7326276	12793463	2
331527	331513	1
7737807	7737808	2
6989136	6993591	1
5557783	5557784	1
8364995	8364996	2
7669758	7669741	1
10768543	10768129	1
10099463	10099464	1
3995421	3995422	1
9061303	9061304	1
6544723	6544724	1
1313680	1313679	1
5589416	5589415	1
4587162	4587161	1
10708020	671199	1
7656685	7653187	1
2518283	2518284	1
3994767	3994770	1
5663537	5728861	1
5188629	5188630	1
11921183	11920952	1
1391816	1067019	1
6607434	6607527	1
5658782	5658785	1
2736934	2736933	3
986522	986519	1
449105	449106	1
10448772	10448771	1
970540	970616	1
7656862	7656861	1
1148839	1148840	1
5571682	5571681	2
11820606	11820605	1
8782340	8782331	1
27577	27578	1
6815503	6698311	2
1643548	1643545	2
9773898	9773437	1
12665144	12299939	1
926633	591977	1
8886373	8886374	1
4868685	4868686	1
8262415	8262416	2
10332662	10339223	1
1371847	1653107	1
6755015	6755016	1
1039184	6132794	1
9761260	9761259	1
10560143	10538683	2
4958734	4958758	1
8049432	8049394	1
6201220	1781250	1
6611537	11199378	1
7473147	7473148	1
10764797	10608522	1
5100718	5100715	2
2573235	2573426	1
11478506	11478490	1
3976368	3976371	1
1151336	977607	1
1582206	1582205	2
707547	707548	1
12045685	12045686	3
4014480	4014479	1
8464360	8464359	1
7051570	7051568	1
6392610	6392609	2
1276521	1276524	1
11895850	11895849	3
1451840	1451837	1
2639721	2639722	1
5813751	5813752	2
2595864	2596090	1
10244821	10244822	1
2238154	2238151	1
5240746	5240745	1
5018568	5018567	1
8825698	4303756	1
1359266	1359265	2
5561453	5561454	1
2675459	2678232	1
6378370	6378369	1
6716655	6715252	1
1352239	1352240	1
7399159	7399160	2
2228217	2228218	1
11880197	11880198	1
4566327	4565731	2
3965759	3965992	1
4532044	4532043	1
8887273	8887274	1
6716659	6715252	1
12563472	12563471	1
843416	843415	1
5931832	5931829	1
6157811	6157812	1
12454404	12454403	1
11742049	11742119	2
6300035	6300038	2
4805305	4805306	1
9997444	9997443	1
6815501	6815502	4
2972886	2972885	1
7861721	7861503	1
10209348	10208979	1
1359268	1359267	1
6641550	6641549	2
9107599	9107600	1
10897780	10897799	1
9849905	9849914	1
2605074	2596258	1
10332664	10332663	1
8737094	8737377	1
3154901	3154873	1
9101821	9101824	1
1334213	1152383	1
7787702	7787701	1
10252889	10252890	2
5022513	5022516	1
7156981	7156982	3
1944765	1944766	1
6206812	6206317	2
413263	413708	1
9373160	9699589	1
1411093	1411091	1
5161980	5161977	1
9857338	9857313	1
10113520	10113498	1
5906865	5841017	1
8067442	8067441	2
7717141	7717142	2
9096676	9096675	1
4537414	4537341	3
11702261	11701533	1
2164535	2164536	1
12609538	12691295	1
9579385	9579393	1
4404970	4404969	1
1071071	1071072	1
360401	7151304	1
10125095	10125096	1
12284741	12282101	2
6348909	6349367	1
9988764	9988763	1
5022513	5022514	1
843217	10230025	1
5131090	5131089	1
9291776	9291801	1
671631	671632	2
6707317	6694805	1
10203272	10203271	2
2385488	2385487	1
10140766	10138382	2
1103578	8446765	1
2906774	2811240	2
4179443	4179444	2
5794709	5794696	1
11984603	11762763	1
3887066	3887065	1
1488915	10507781	1
7842297	7843298	1
6886745	6886746	2
2853238	2853233	1
3762901	3763004	1
3212799	3212800	1
5707191	5706447	2
3881595	3818672	2
302385	302388	1
9431136	9431133	1
5998742	5998741	1
1984239	1984240	2
8356029	8356032	1
6482933	6482936	1
1287592	1287591	1
3546870	3546658	1
9852300	10463593	1
6444490	6444489	1
10125120	10125119	1
4004600	4004599	1
5298475	5298047	1
149149	149150	1
10448770	10448718	1
10468667	10468668	6
9621990	9621989	1
7762610	7762602	1
6399668	6399667	1
6160530	6160529	2
6703203	6703204	3
5501789	5501794	1
4914939	4914940	1
6024739	6026055	1
49975	49976	1
5501244	5501243	2
2905191	2910137	1
5176016	5176056	1
3551465	3551466	1
158039	158040	1
12244787	12244790	1
783258	782754	1
6427700	3287484	1
1236672	1244760	1
17288	17140	1
6736868	6736867	2
4958734	4958756	2
7597383	7831768	1
6452650	6343934	2
3906581	3906588	1
12232503	12232504	1
6155923	6155924	1
3571327	3571346	1
1392355	1398293	1
10027669	10027670	1
5150757	5150758	2
11713806	11713812	1
11270987	11514794	1
9545647	9545648	1
12149111	12149112	1
2351636	6526501	1
4757638	4757637	1
11778855	10808947	1
4610431	4610432	2
7059671	7174386	1
1025856	1025855	2
7397574	7396352	1
7869888	1188729	1
4568869	4564972	1
10721535	10721536	1
10953964	10953963	1
9452587	9377909	1
7679733	7739209	1
7401465	7401466	1
10606627	10606628	2
3139003	3139017	2
9854926	9854925	1
10372377	9827262	1
5871231	5961369	3
9101817	9101820	1
1905541	1905542	1
2352224	2352350	1
4270692	4270691	1
7354446	7354448	1
1954934	1954798	1
5596180	5280607	1
5501719	5501722	1
5283169	5283170	1
9087378	9087565	3
3227291	3227277	1
398631	398263	1
6048400	6048399	1
2708808	2708807	1
6021568	6021709	1
7024839	7024842	1
2527570	2532076	1
3232766	3232725	1
6004169	6004148	2
10903125	10902830	1
7446446	7446419	1
2295940	2395151	1
8769358	8769357	1
987038	987037	1
11331580	11331579	1
5164029	5163956	1
3872526	3829729	1
10301698	10301697	1
618336	618333	1
2324618	2324617	1
6140994	6152710	1
3516810	3518066	1
5417677	5417678	1
11086221	11086222	1
11776074	11776154	1
10505299	10500595	1
6525064	6525063	2
9795313	9795314	1
6577258	6577257	1
12330647	11998973	2
4740491	4740492	1
1919986	1919985	1
9072270	8968707	1
11961666	11961665	2
9466306	9466305	1
3704480	3704479	1
12343227	12343228	1
8416219	8416220	1
1053127	1053153	1
6362275	6362276	1
7282948	7284735	2
6734117	6734118	1
7019215	7019216	3
6258659	6258559	1
9068301	9068302	1
1992188	1992179	1
4740495	4740530	1
9826678	9826677	1
11673785	11673031	1
6324838	6325373	2
5227864	5227863	1
4479911	4339899	1
4000304	3732504	1
7901639	7901640	1
8778408	8778407	1
6755011	6755012	2
5567498	5567615	2
7376470	7376469	1
10722868	10713674	1
1284107	1284108	1
455384	455383	1
3316832	3316831	2
11409847	11409848	2
7357495	7357496	1
1425885	7443182	1
10493608	10493607	1
11148120	11148119	2
809189	645212	1
10209120	10209119	1
4744991	4746009	1
3325972	3326054	1
5130480	5130536	1
7321551	7320284	1
11567175	11572273	1
6881391	6882357	1
8769360	8769359	1
925893	925894	1
9333883	9333884	2
4693337	4693338	1
5451837	5451838	2
5451839	5451840	2
1987621	1987624	1
4367757	4681812	1
746069	1300979	1
12456172	12456037	2
2984986	2984983	1
5227869	5227872	1
12476930	12476929	1
3830899	3830896	1
3465297	3465346	1
4060398	4060397	3
2422801	2422802	1
12602276	12602331	1
7853792	7853791	1
5022654	5022653	1
4259451	4259452	1
8004198	8005721	1
9359540	9359539	1
3871252	3871452	1
10470661	10470662	3
2391608	2391607	1
995322	1256246	1
5190356	5193873	1
1723814	1723813	1
973863	1025350	1
6715637	6715451	1
421642	421593	1
2058760	2054266	1
7269071	7275143	1
8903001	8903002	1
8389818	8389666	1
8880306	8880305	1
6177488	6177487	1
11913696	11744181	1
612126	612125	2
11731588	11731587	1
5298632	5298631	1
6955285	6955315	1
9545649	9545672	1
5998738	5998743	1
1728347	1727614	1
1084421	1084422	1
12030596	12030593	2
2996520	2995532	1
11001995	11001996	1
9468917	3402951	1
8750019	8750020	2
6752179	6752180	1
11961640	11961639	1
12526434	12526603	1
9577613	9577616	1
8183591	8183578	1
10336562	10336561	2
8860457	8860458	2
10363171	10363172	1
8509634	8509633	1
8016081	8016097	2
11754864	11754863	2
7444644	7444586	1
11709091	11709092	1
12308456	12308349	1
10904763	10905715	1
11385074	11385073	1
10723092	10728314	1
11565679	11565680	1
3757814	3781466	1
6836157	4285225	1
462165	462061	1
724404	724391	1
406568	2571605	1
1731444	1731443	1
2185062	2196206	1
5620891	5620948	1
2308129	2307813	1
12779165	12779166	1
11789755	11789756	1
6755013	6755014	2
9185755	9148113	2
12598345	12598327	1
10120860	10120980	1
10359401	10359398	1
1497204	1389833	1
1108066	1108051	3
9796651	9796652	1
7629345	7629346	1
4954510	4954509	1
3163622	3163627	1
10772590	10772589	1
8603914	8618416	1
1652159	1652160	1
4428289	4428097	2
6409260	6409177	1
420967	420968	1
2639865	2639866	1
180866	7468790	1
12253931	12253934	1
9809170	9809169	1
4752632	4752622	1
12227841	12227842	1
9472553	9472554	1
4609005	4609006	1
7261849	7261850	1
12485876	12485875	1
4781337	7745894	1
391166	391165	1
9122963	9122971	1
1257574	1257635	1
2208709	2208710	1
6917099	6896240	1
8321711	8340457	1
8742001	8742002	1
4121547	4121548	1
8345535	8345519	1
970659	971009	1
8991393	8991394	1
11961638	11961669	2
4174725	4174726	1
6736870	6736869	1
11990741	11990742	1
6993527	6993528	1
3307618	3307591	1
11423749	11424980	1
3735739	3735740	1
9635600	9689252	2
6300016	6300011	1
4145087	4145114	1
250742	250794	1
4232625	4232626	1
6841744	6841803	1
8939383	8927981	1
8956003	8956004	1
9170705	9170708	2
9169896	9169664	2
5516703	5516704	1
7324926	7351226	1
6356461	6356462	1
7704787	7704788	1
9043483	9043484	1
1645283	1645287	1
5282739	5282744	1
11166827	11166830	1
6467911	6467912	1
5124332	5115301	1
11461809	11461879	2
12522246	12522245	1
2293	2294	1
10931716	10931713	2
12482381	12482225	1
9497568	9497567	1
7661255	7661177	2
9069408	3215217	1
11519314	11528834	1
7342146	7342143	1
5488522	5541569	1
1091347	1091348	1
9419734	9419478	1
6857586	6857585	1
3597258	3687067	2
1554792	1554915	1
12775922	12775921	2
12237746	4186501	1
6659398	6659397	3
6189173	6190157	1
5193476	5193475	1
11307065	11235034	2
7403264	7403266	1
1497201	1389904	1
1964744	1964545	2
2071784	2071781	1
9182771	9182772	1
10207364	10163000	1
5970420	5970417	1
9551146	9551145	2
11793634	11793633	1
5301753	5301756	1
10724046	10722050	1
33662	33661	1
11613842	11613857	1
9154191	9154196	3
10589116	10589115	1
11559254	11559251	1
825056	826372	1
5885236	5885215	1
10903534	10900955	1
3938510	6703261	1
12748230	12748229	1
5039728	5039727	1
12169315	12168576	1
5818791	5818792	1
1158198	1176405	1
6718817	6718795	1
7648914	7638995	1
1025854	1025826	1
6897566	6897563	1
10259588	10260842	1
10125046	10125043	1
6328314	6328299	1
6850419	6857587	1
6604114	6604113	1
2972377	2972378	1
6176832	7956225	1
10513349	10519921	1
5594392	5594391	1
8038434	8038401	1
11294627	11294628	1
545423	545426	1
10293752	10293743	1
5130489	5130490	1
8149718	8149717	1
4568863	4568868	1
10147498	10147497	1
4995571	4995572	1
592077	593436	1
12149448	12149447	1
3154899	3154900	1
6343928	6343927	1
9075973	9075974	1
2600547	2602651	1
10882940	10882939	1
1673470	1673467	1
5181927	5180819	1
11535251	11782594	1
9747666	9747675	1
3287483	3287484	2
8306502	8311698	2
1497201	1497206	1
7592288	7592268	1
6067389	6067399	1
12665305	12665306	1
1942860	1942840	1
10249746	10249745	2
2837125	2837222	1
158007	157554	1
876367	876264	1
3248172	3248171	1
8833521	8833522	1
324766	324765	1
7902735	7961927	1
4524167	4524170	1
5743013	5743014	1
10985444	10985441	1
8534364	8606847	1
2534019	2499732	2
7164080	7078502	1
10201002	10201001	1
1642748	1639957	1
11160035	11160036	1
3631476	3535470	1
3875510	3875439	1
11709091	11709079	1
4633675	4657060	1
6737395	6737396	2
8016804	8016760	1
10220505	10220506	1
105686	105977	1
7293497	7293500	1
6755015	6755018	1
10926222	10926221	1
4570531	4570532	1
4587164	4587163	1
7402145	7402146	1
11456383	11502050	1
8318488	8318487	1
7161658	7158210	1
8059279	8059730	2
6322171	6322172	2
3544266	3544265	1
8049534	8049531	1
3907767	3907768	1
11389796	11389795	1
43489	43490	2
3802875	6769075	3
9754401	8707358	1
2336038	2334545	2
4943043	4942530	1
1216792	1551564	4
9331921	9333763	1
561471	562366	1
6478773	6477899	1
6551747	6551748	1
6409261	6409262	1
7056834	7056831	1
11371681	4651528	1
5952426	5951331	2
4470879	4470781	1
6127006	660992	1
5791594	5798312	2
5736533	5736534	3
6795991	6617334	1
4702688	4702687	1
2078443	2224051	1
4134576	4134637	1
2324620	2324619	1
6070739	6070740	1
12797769	12797695	1
11391239	11500592	1
1489488	1489487	1
206179	206180	1
2814045	2814046	1
10467125	10467126	1
10207827	10207830	1
6615202	6615201	1
11278627	11278628	3
10359108	10358723	1
9545647	9545672	1
6815503	6698309	1
9923454	9926187	1
11074015	11074027	1
8816888	8816891	1
10263921	10263922	2
1778387	1778240	1
768346	768592	1
10904403	10904161	1
5404031	5404032	1
8652733	8652753	1
8538614	8538613	2
978357	978358	1
10900954	10900181	1
6525062	6525428	1
207026	206537	1
2784293	2784294	1
8539917	8539525	1
627783	627784	1
11541543	11541554	1
8724397	8804373	1
128997	4278315	1
6206318	6206317	1
11272927	11272928	1
2438710	1545745	1
6155921	6155922	1
7650467	7650471	1
7186216	7186215	1
12731423	12721683	2
3989247	3989248	1
6621983	6621984	1
12684252	12684251	1
4650082	4647825	1
2635640	2635639	1
120136	123335	2
5865721	5620890	1
7661176	7661175	1
4635416	4635442	1
11769539	11770461	1
5550040	8883110	1
5695090	5694964	1
6753431	6753302	1
3442568	3421259	1
12367877	12367878	1
8844308	8844307	2
7135049	7135050	1
10745369	10745370	1
1504923	1505144	1
10153572	10153633	2
4566252	4566293	1
3372259	3365929	1
6223333	6223465	1
12358388	12358387	2
9619767	9619332	2
7613646	7617674	1
12574304	12574303	1
6165618	6165617	3
5131283	5131284	1
4575479	4575480	1
6778770	6778790	1
1166080	1165118	1
5146140	5146139	1
12754935	12754936	1
11452438	11452437	2
12345838	12345835	1
12305177	12305186	1
11432408	11432407	1
9751807	9751808	2
4179441	4179442	1
3997790	3997789	1
6574206	6574205	1
8769505	8768676	1
1740266	1740265	1
2628962	9122243	1
1530112	1529628	1
7273135	7273376	3
12760150	12760221	2
7803529	7803530	2
6245533	6249021	1
4217891	4217942	1
7231847	7231848	1
3701779	3632778	1
3583040	3583919	1
1457075	1408872	1
11333971	11333972	1
10252497	10252498	1
9557869	10263920	1
1079716	1079715	2
12333880	12331822	1
10963274	10963273	1
3383410	3383409	2
1197242	1197364	1
5631651	5775730	1
12007247	12010605	1
10853287	10853292	1
108249	108250	1
6319118	6319165	1
11483496	11483495	2
5743015	5742960	1
5344783	5344784	1
3560851	3560852	1
2132160	2132512	1
6199581	6198612	1
7721308	7721087	1
8385608	8385607	1
1448987	1449126	1
4464375	4464376	1
9314518	9314517	2
11166829	11166830	1
10455710	10455709	1
5259704	5259023	1
8099010	8099009	1
6844378	6844377	2
5632982	5632981	1
6552796	6542214	1
10102915	10094631	1
11211675	11211613	1
6078288	6078287	1
4592912	4592911	1
4565945	4565948	1
7156983	6817792	2
9763511	9763512	1
1964745	1964746	1
7192049	7192050	1
993143	993144	2
10343053	10343054	1
9576657	9576658	3
1289587	1289590	1
2424817	2424820	1
10513504	10514111	1
1667527	1667528	1
12231669	12232082	1
2243773	2243774	1
11444867	11444868	1
4168011	4168012	1
1949988	1949987	1
6024833	6027907	1
521071	521116	1
8630237	8630238	1
8308095	8405711	1
3145235	6426688	2
3976370	3976369	1
4228979	4228980	3
12395989	12395905	1
9686067	9709251	1
173424	173423	2
2400250	2400249	2
11880199	11880200	2
7351812	7351809	1
7460978	7460977	1
8191453	7803476	1
8890493	8890527	1
10892532	10892465	1
6886743	6886744	2
2093055	2093058	1
4628920	4628915	1
3108296	3108295	3
6292923	6293944	1
4023248	4014481	1
4362266	4360421	1
11600619	11600620	1
2295942	2295941	1
9390139	9390142	1
391168	391165	1
4806441	4806442	1
668774	668773	1
1084419	1084420	2
8470551	8470552	1
11621711	11621712	1
11106032	11105077	1
10528971	10601588	1
9051040	9051039	1
10110393	10110394	1
2698006	2698005	1
3167757	3167758	1
10214233	10214234	1
6300452	6300034	2
8554129	8557474	2
10716718	10716717	2
7849453	7849454	1
965053	965054	1
11577286	11578872	1
5861299	5861300	1
4281242	4281241	1
3487497	3487404	1
4843087	4843088	2
9948361	9948362	1
2447526	2447523	1
1773795	1773796	1
11411618	11411617	1
6443591	6443594	1
12766159	12766160	1
8938420	8937517	1
2183628	2183619	1
5282056	5282055	1
2713042	2713113	1
3655534	3655533	1
6598448	6598447	2
8845454	8845453	1
6659445	6659446	1
539591	539575	1
12308348	12308347	1
9087380	9087379	1
9915713	9915672	1
4710126	11584976	2
6716655	6716658	1
10310154	10310688	3
984963	984964	1
1071481	1071482	1
237286	237285	1
10726228	10726225	1
8983893	8983894	1
6033756	6033753	1
4867917	4867903	1
3111642	3111641	1
8378369	8378370	1
2669767	2669768	1
620415	620416	1
5893866	5893828	1
8653295	8653296	1
3528528	3528527	1
9685789	9576272	1
10542315	12779162	1
12276256	12276255	1
7531459	7535659	3
7884768	7884767	1
10360667	10360718	3
1638256	1637987	2
7276922	7276921	1
10006532	10008997	1
6655348	6655347	2
4179436	4179433	1
1186067	1186069	1
141408	94344	1
8280191	8280192	1
10813855	10813840	1
11348447	11348448	1
10126455	10126456	2
12536467	12536426	1
10919335	10919336	1
6444488	6444491	1
3528526	3528525	1
9876451	9873939	1
12012337	12012338	1
9667877	9667878	1
9853950	9851975	1
8067444	8067441	1
4243595	4244416	1
5056652	5056651	1
4262036	4303852	2
8950641	8982179	1
6789171	6729693	1
3920397	3920400	3
751008	751005	2
4739725	4739726	2
461979	457178	1
7056834	7056829	1
6094721	6094808	1
5049898	5049971	1
5501717	5501718	1
2050881	2050882	1
3625323	3625305	1
2062561	2066056	1
6254852	6254857	1
8250595	8250596	1
7498925	7498926	2
5200467	5576920	1
2575290	1513029	1
785312	786100	1
3040990	3040989	1
3554036	3554011	1
8845451	8845452	2
2757131	2757132	1
9356135	9356081	1
6378113	6446360	1
4684334	4684331	1
1686726	1686725	1
5879213	5880117	3
9253312	9249196	2
5300731	5296443	1
5482073	5482187	1
10618949	10618950	1
1401381	1401426	1
2375463	3319287	1
3963319	3963320	1
11211673	11211674	1
1184599	1184600	2
5239366	5522917	1
6430203	6430204	1
11661431	11661432	1
2164123	2164124	1
11017618	11020968	2
4306432	4306431	1
1066232	1066231	1
7016494	7016493	1
11742076	11742069	1
11796567	11796528	1
5818793	5818794	1
1579286	1620703	1
7446365	7446366	1
4510949	4510950	1
6490274	6489301	2
10153114	10153130	1
4537743	4537746	2
9862784	9862783	1
1937933	1945678	1
11395953	11395956	1
7446448	7446350	1
9374477	9374478	2
11191693	11191694	2
5531046	5531012	1
5501789	5501792	2
2645161	2645024	1
8550540	8550495	1
3167755	3167756	2
8540951	8541089	1
8023096	8023095	2
12790049	12790050	1
6034041	6037938	1
6093863	6093864	1
7421769	7421754	2
8868741	8873329	1
10220503	10220504	1
4392831	4392811	1
11993082	11991085	1
9709250	9709249	1
12283318	12283317	1
7528872	7528871	1
6958255	6957475	1
5926452	5926451	1
3958908	3958907	1
3549685	3549686	2
10623378	3081477	2
5656323	5630384	2
892112	892104	1
2052464	2052463	1
993029	993030	1
10360887	10360888	2
8049432	8049390	2
12575552	12575551	1
11309227	11310546	1
12532144	12532247	3
11472109	11255168	1
1231032	1251347	1
484453	484454	1
820668	820665	2
12343229	12343232	1
820664	828230	4
3950566	3950563	1
6956822	6956835	1
9680972	9680971	1
95288	95287	1
4179434	4179433	1
5245451	5443887	1
9598313	9598352	1
10258436	10258433	1
8793095	8875326	1
10980177	10981776	1
1075547	1075548	2
3123931	3123932	1
9615201	9621989	1
9087904	9035616	1
8420152	8420151	1
11728014	11728013	2
9667879	9667880	1
196301	196449	2
10338081	10338082	2
7787704	7787703	1
12511415	12511418	1
3534965	3534412	1
9193588	9193587	1
1727789	1727790	1
5366884	5366887	2
3596947	3596948	1
6467297	6467298	1
11085856	11085853	1
1447888	1447885	3
10732421	10731562	2
10882942	10882941	1
1154197	1154198	1
1842662	1842661	3
441779	441780	1
8422862	8422866	1
6338617	6338618	1
1513725	1510130	1
7771287	7771288	1
11880197	11880200	1
11565718	11261233	3
360173	360174	1
10493606	10493605	1
925903	925904	1
10704505	10704536	1
8160860	8160536	1
11004820	11004363	1
561162	561161	1
3277078	3277192	1
4006705	4006706	2
3529211	3529214	1
1755790	1755789	1
11961649	11961652	1
11285705	11285706	1
1261915	1261961	2
8821698	8821697	2
7638994	7638993	1
9867002	9867616	1
7166766	7291999	1
10734225	2835121	1
6774699	6774700	1
772997	773002	1
11409125	11409126	1
2507244	2507474	1
7917879	7917903	1
9377241	9377242	1
5855230	5855229	1
6399666	11180439	1
6834886	6834885	1
2228221	2228222	1
9579383	9579393	1
1595022	1595021	1
8244545	8244528	1
1404189	1765675	1
11166827	11166828	2
9135358	9132956	1
892810	892809	1
7977580	7906025	1
7977389	7977380	1
4431262	4431282	2
11183564	11188665	1
993027	993028	1
6281720	6281719	2
2542718	2542715	1
1276517	1276520	1
152988	153759	1
10110389	10110390	1
425864	425863	2
9468915	9468916	1
6205954	6203342	1
2002173	11727129	1
9122462	9122398	1
10488271	10488256	1
9122082	9187047	1
7556781	7556773	1
1942841	1942842	1
11039593	11039604	1
4657064	4634272	2
83133	62330	1
2341224	2341223	1
2649498	2649497	1
10169095	10169096	1
8296770	8296851	1
2831497	288331	1
4804565	4804566	1
1395458	1395457	1
108227	108228	1
3802873	3802874	4
10197709	10197710	1
12243260	12243257	1
5256512	5256168	1
8572416	8572415	1
1030390	1030387	1
2770959	2770960	1
9857049	9857668	1
62616	62613	1
10338061	10338080	3
8887296	8887272	2
1411140	1411137	2
1540223	1540235	1
3385082	3385081	1
5625993	5625994	1
20800	17134	1
4990338	4990337	1
8208418	8209139	1
7403467	7403441	1
1558231	1558232	1
11116614	11116635	1
2665519	2665502	1
11278629	11278630	3
6116599	6116600	1
9583970	9538642	1
12045683	12045684	3
12731178	12731011	2
1643558	1643557	1
423097	414637	1
5658786	5658785	1
9811176	9814530	1
5852297	5902439	2
11577433	11577434	1
2784291	2784294	1
8439385	8148571	1
12652142	12652141	1
1965690	1965707	1
2983125	2983126	1
11387847	11387848	1
2965665	2965666	1
8886371	8886372	1
2258195	2253998	1
11739902	11739899	1
5507747	5507748	1
3003918	3003944	1
5500411	5500414	2
620413	620414	1
2388181	2411000	1
1248795	1390983	1
6030619	6030592	1
1128894	12743855	1
12314441	12303364	2
9380351	9380281	1
6037680	6037679	1
11782687	11782677	1
8060484	8187727	1
12669031	12669032	1
6078928	6078927	1
7133603	7133604	1
8748570	8748569	4
8799797	8799909	1
8475887	8560278	1
9496645	9496646	1
11854420	11854455	1
5547018	5547015	1
11188330	11188329	1
8699788	9483695	1
7730672	7730669	1
8359936	8359881	1
6951337	6953301	1
12052017	12051990	1
12793464	12793463	1
5429869	5429870	1
10231623	10231624	1
6070196	9618264	1
6469924	6469898	1
5381054	5381087	1
2382444	2382470	1
8244368	8191659	4
9998572	9998571	1
835838	835837	1
8617998	8618062	1
577951	578003	1
2796111	2796112	1
6888492	6888334	1
3650389	3650390	1
10132323	10132324	1
10669646	10669645	4
10808946	10810506	1
5587138	5543848	1
7846041	7846042	1
4553879	4553905	1
6657629	6732811	1
479871	461341	1
3319288	2375462	1
1833614	1833613	1
10433198	10433197	1
12797784	12797783	1
5507751	5507752	1
10219529	10219530	1
12256110	12259477	2
9854922	9854917	1
9510704	5753089	1
7785595	7785801	1
2127426	2127011	2
2417638	2417637	1
3865753	3865890	2
2565010	2563818	1
460662	460661	1
2923398	2923395	1
10721534	10721533	1
7013921	1057000	2
1296546	1295629	1
8016011	1801352	2
10740862	10740957	1
173422	3321289	2
6430205	6432286	1
335548	335742	1
5829561	5829562	1
7473658	7473657	1
11926209	11923915	1
2905116	2905115	1
2434924	2434923	2
3056330	3054746	1
11531415	11531418	1
1451840	1451839	2
3167757	3167804	1
5232942	3813312	1
10181597	10181598	1
3285979	6426777	1
3959455	3959456	1
1389829	1389830	1
8937313	8793316	1
5494114	5494113	1
6808647	6774525	1
4110197	4109701	1
4647194	4643937	1
6427700	3287482	1
12450280	12450124	1
1528771	1528779	2
9792685	5492387	1
1954493	1954494	1
11702362	11702359	1
9111053	9111054	1
9680974	9680973	1
5696028	5696027	1
6836156	4285095	1
11512554	11512553	1
11662094	11661527	1
1568673	1568674	1
11767603	11767604	2
10801832	10801831	2
8051259	8051260	1
2784291	2784292	1
1148842	1148845	2
404675	404676	1
10134007	10134003	1
1046902	1046872	1
881609	6664598	1
12136885	12136889	1
10429149	10429073	1
12303367	12303368	2
4757074	4757639	1
9606513	9606514	1
3881807	3881808	1
4168009	4168010	1
6807587	6807588	1
5227866	5227863	1
1568675	1568640	1
8077373	8077374	1
2641499	2641610	2
10652988	10652987	1
3781403	3781404	1
8850538	12164627	2
6448628	6448521	1
184868	184867	3
1988119	1972194	1
7714310	7714307	1
5915917	11230721	1
1378698	1378679	1
1194960	1194959	1
9602824	9602823	1
4072946	4744985	1
5359459	5359460	1
7346576	7346569	1
9824786	9824783	4
10358654	10358660	1
1030390	1030389	1
10564605	10564741	1
12244153	12244154	1
2333779	2328979	1
11358173	11358174	2
9947757	9947758	2
3913325	3913326	1
3679892	3679891	1
7306630	7306629	1
2544797	2544766	1
9018936	9018939	1
5190362	5190357	1
6520848	6520847	1
1171122	1171106	2
71402	71401	1
12243260	12243259	1
6149632	6149629	2
7927088	7927087	1
506433	510266	3
1254931	1254932	1
9516860	9516974	1
9654634	9654035	1
10050140	10050139	1
5093204	5093201	1
11920954	11920953	2
10237493	10237494	1
12779163	12779164	1
2480386	2479929	1
5483609	5483612	1
3254654	3254665	1
1050594	1050593	3
4997310	4997319	1
4684337	4684338	2
11828515	11828516	2
4196331	4196245	1
1834090	1831403	1
10196981	10196982	1
6338969	6338970	2
9445872	9452540	3
6726370	6717592	1
4237270	4237269	1
5777444	5777443	1
7672604	7671862	1
3556759	3563238	1
5601991	5601996	1
2189654	2189653	1
10136857	10148590	1
9707209	8462522	1
8905434	8905099	1
4628886	4628885	1
5799364	5798467	1
12740403	12610132	1
646092	645058	1
441778	650836	1
6112033	6112034	1
11608857	11608858	2
8414889	8414890	2
12450138	12450137	1
3749682	3749648	1
11027560	11027559	1
4401227	4401228	2
5152985	5152986	3
9823020	10494507	1
8923435	8923431	1
4537747	4537748	2
3063656	3055649	1
1668882	1668875	1
317467	317448	1
12202960	12202959	1
10753968	10753967	2
8452423	8452384	1
10336564	10336561	1
2251909	2251910	1
12129437	12130018	1
3227289	3227290	1
8022517	11876232	1
12331827	12208329	1
7125865	7125866	1
341405	341406	1
12129435	12129436	1
4640773	4640774	1
4434636	4436923	1
2507263	2507264	2
262232	262231	1
7019223	3784072	1
8088919	8088920	1
9597913	9597914	1
2382053	2390434	2
7415842	7415841	1
8247255	8210598	1
1333409	1333392	1
4791414	4791417	1
4239457	4239460	1
9643012	9643011	2
8949346	8953746	1
7427513	7967023	1
12351193	12351209	1
1403780	1403779	1
11329987	3772422	1
6655350	6655349	2
11278617	11278618	1
2266355	2266158	1
155038	155031	1
11070261	5316334	1
9998570	9998569	1
10349587	10350050	2
7244887	7244890	2
6014511	5674239	1
262200	212336	1
3451042	3447054	2
10221943	10223563	2
3067572	3067569	1
8847591	8847592	1
8647343	8647344	1
526908	526978	1
4310350	4310345	1
3907762	3907759	2
2068637	2076915	1
1451838	1451837	1
6781110	6781109	2
8265027	8265028	1
8364130	8556334	1
5868878	5847211	1
7816219	7754608	1
3036275	3039409	1
12048570	12048569	1
7184445	9609118	1
1841689	1841690	1
11405284	11405283	1
3819302	3819301	1
7022548	7024842	1
9659727	9659730	1
6037678	6037677	1
3245449	3245450	2
5482186	5482185	1
455208	455385	2
4831891	4831892	1
11100967	11102055	1
10452726	10452723	1
7949538	7949537	2
2374609	2374616	4
3145233	3145234	1
1034615	1303619	1
12053805	12042014	1
10708016	10708015	2
1436217	1436220	1
3140963	3140964	1
10249744	10043166	1
11002060	10811590	1
12609540	12609539	2
3286949	3286954	2
11060278	11060120	1
8574495	8574496	3
11709089	11709090	2
11854422	11854421	1
346907	346859	1
206181	206182	1
10593810	10763804	1
2097725	2097726	2
2459675	2459676	1
4239459	4239460	1
2561964	2561976	1
11861605	11861606	1
3988170	3988169	1
6426776	6426773	1
3212974	3233073	1
2323	2292	1
157680	103031	1
7940065	1723543	1
6533639	6531598	1
6368217	6368218	1
4155449	4155425	1
4274350	4274183	1
5271601	5271602	1
9717805	9717806	1
10146718	10146717	1
2218292	2218358	1
1289591	424994	1
7357497	7353545	1
6173299	1992189	2
6119520	6119519	2
1152920	1152962	1
9664710	9666190	1
10241018	10244494	1
4177689	4174727	2
5238573	5238581	1
3464091	3464312	1
2134511	2134512	1
10197711	10197712	1
11786766	11786765	1
11482890	11482871	1
387106	387109	1
3691282	3651156	1
5547014	5547013	1
6148918	6209596	2
6940217	6940228	1
10244823	10244824	1
8396797	8396798	1
3063912	3198049	1
6421443	6421444	1
3998355	3997852	1
4628884	4628883	1
12232505	12232506	1
805286	805168	1
9576676	9485577	1
7446288	7446287	1
7775694	7775662	1
1260661	1260662	1
8065957	8066844	1
12754933	12754934	1
1786386	1786385	2
8569761	8569764	1
11795286	6942900	1
7102743	7102744	1
1707480	1797363	2
11161173	11161223	1
5534126	5530270	1
7871028	7871027	2
10889034	10889028	1
6689638	8409222	1
7456519	7456520	1
8067444	8067443	3
6426689	6426690	3
1852747	1852748	1
7991689	7991729	1
1108081	1108082	1
12748228	12748227	1
3444065	3444066	2
12336346	12336345	1
7672536	7671861	1
10132307	10132308	1
11371361	11332541	1
11084561	10300967	1
1574901	1574560	1
2479917	2479920	1
449105	547365	1
12334352	12330204	1
7967294	7967293	1
3316830	3316829	2
11827847	11827848	1
12309283	12306851	4
5146104	5146057	1
11931858	11931857	1
157560	157559	1
10669644	10669643	4
7663505	7663508	1
8528386	8528380	2
1049182	1049181	3
3063657	3063658	1
8574497	8574498	3
1360602	1361087	2
1516065	1516025	1
1440779	1432247	1
6037674	6037673	1
6738732	6738879	1
10033880	10033879	1
2397961	2399509	1
2639723	2639724	1
8766549	8667258	2
9910623	9905353	1
270834	270843	1
1102144	1102211	1
8886369	8886372	2
5335528	5331513	1
3403269	3403250	1
6177588	6177585	1
9058877	9057322	1
7016498	7016495	1
6372471	6372500	1
7515172	7515171	2
2486451	11524151	1
5572821	5576773	2
1169878	1169926	1
6650625	6651626	1
10658902	10658901	1
4280634	4281574	1
6431933	6431977	1
4843089	4843090	1
987036	987035	1
12259472	12259471	1
1046429	1046617	1
5431814	5431813	1
4249579	4249628	1
10336340	10336339	1
7717143	7656861	1
7869888	3124065	1
2411003	2411004	1
1262193	609398	1
11828517	11828471	3
2965667	2967653	1
3116241	3116242	2
2521435	2521436	2
6482930	6482932	1
8049391	8049394	2
6155925	6155926	1
4666544	4666543	1
4141653	4145115	2
9540681	9540682	1
9597153	9597154	1
5240744	5196642	1
6703205	6703206	1
6699120	6699119	1
7022548	7024836	2
233284	233283	2
5489457	5489458	1
11349637	11349659	1
1643787	1643788	2
5043389	5043397	1
1580931	1580932	2
4239457	4239458	1
6041847	6041848	1
7181572	7181571	2
9810688	9810478	2
7967085	7967086	1
10330356	10328292	1
6412161	6412164	2
6205547	6204955	1
5836441	5836442	1
984650	9425371	1
9331540	9331506	1
10761636	10761635	1
11565677	11565678	1
10435316	10435315	2
6033752	6033751	1
2359718	2359717	1
341403	341404	1
3917698	3917718	1
7794951	7794952	1
1591198	1391490	1
590632	590660	1
12284695	12284696	1
1490307	1490308	1
10263479	10263454	1
1250219	1250220	1
951851	951852	1
1543465	1543466	3
9660477	9660478	3
11487907	11487908	1
8578661	8578662	1
10196983	10196986	1
15178	15173	1
3286482	3286069	1
10928138	10793339	1
6806965	3302778	2
8424277	8424278	1
11371359	11371360	1
11042338	11042337	1
5283167	5283168	1
9577611	9577612	1
9796581	9796638	2
10244843	10244851	2
