fend1	fend2	count
10088848	10088847	1
6678622	6678621	1
5848534	5848533	1
5994129	5994130	2
10084767	10084768	1
9703773	9703776	2
11267394	11267393	1
2896001	2896670	1
3272491	3273699	2
3467874	3467873	2
6624198	6624190	1
8215006	8215005	1
10309397	10309398	1
4050234	4050670	1
171182	171181	4
11370629	11338484	1
10738806	10738805	1
7609472	7609471	1
11248966	11248965	1
8335558	8335557	2
2074531	2074532	1
12740061	12740062	2
1992106	1992105	1
5700443	5700476	1
4547956	4547955	2
7863023	7863024	2
788445	787965	1
7695723	7695796	2
2331813	2331814	4
10809802	10809801	2
7680138	7680133	1
10125632	10124174	1
4238063	4238064	1
8018033	8018034	2
3580140	3579889	1
5550689	5550727	1
12286177	12291190	1
3799291	3799187	2
9160092	9159968	1
6037513	6037514	1
590956	590950	2
9574994	9574991	1
9072395	9072397	2
2957091	2957092	1
3270950	3270947	1
3046517	3046518	1
8908654	8908653	1
11330303	7724168	1
9848549	9848550	1
1410029	1411717	1
6664750	4324240	1
2451167	2451168	1
7609474	7609471	1
3923195	3923196	1
3052601	3049615	1
3208231	3208352	1
11903011	11902796	1
5320835	5364051	1
658694	658430	1
5597268	5595745	2
4420237	4421779	1
7600438	7600449	2
5305243	5305244	1
3528977	3528978	1
6306002	6305982	1
10698151	10698152	1
10008908	10008907	1
10184280	10184279	1
10197212	10197217	4
5809001	5809002	1
8167349	8167350	1
5833777	5833778	2
2783667	2783410	1
4925815	4925816	1
9160094	9160093	1
2777082	2777081	1
4653911	4653912	1
11461355	11461912	1
5872020	5872019	1
9311013	9311014	1
5311241	5311244	1
8525065	8527690	1
1477446	1477445	2
5648914	5648913	2
10505109	10505129	1
231301	231302	1
10531031	10524056	1
10429186	10429185	1
6941002	6953529	1
5960151	5960152	1
5524328	5524843	1
11276484	11276483	1
9369622	9369621	1
3965082	3966337	1
2503771	2503772	1
3999396	3999652	1
5944045	5944800	1
6619942	6619941	3
5213171	5213172	1
4413727	4302321	1
6245259	6247672	1
8248563	7446319	1
377981	377982	1
11834098	11834097	1
3457580	3457576	2
3237752	3237782	1
4121416	4121415	1
5530091	5530092	1
5653362	5653414	1
2287189	2287190	1
8242987	8242988	3
8994428	8994427	1
8822575	8829154	1
9083106	9083103	1
9395467	9396098	1
3133402	2908409	1
5152320	5152536	1
605073	604401	1
599844	788519	1
9350265	9349586	1
6406140	6405997	1
8217016	8217015	1
1324837	1324838	1
8652420	8652419	1
10179717	10180497	2
11554393	11551154	1
3989152	3989151	1
2412750	2412749	1
2803345	2803346	2
11401022	11401021	1
2495328	2495327	1
6059346	6059345	1
821691	821692	1
3218375	3218431	1
11251257	11251258	1
11921216	11921294	1
5809021	5809024	2
2628611	2628612	1
12799642	12800844	1
720580	717840	1
5829221	5829187	1
3091216	3091185	1
9099521	9143297	1
7513083	7513052	1
6144936	6152118	2
1175487	1175488	1
9469670	9469667	1
3950553	2263361	1
10898635	1826574	1
10677803	10677122	1
1734031	1734032	1
5311245	5311246	1
8341356	8341355	2
2160172	2161065	1
11116522	11116521	1
9909236	9909235	2
10417479	10417473	1
815337	815023	1
7942476	7942475	2
6219493	6219494	2
3713673	3713674	1
5502508	5502507	1
3400024	3400023	2
3167608	3167578	1
3882349	3882350	1
8095862	8096128	1
5741118	5741117	2
6235604	6235603	1
7802497	7802498	1
8560615	8533708	1
10028440	10027744	1
6994876	6994869	1
11819665	11819670	1
437138	436106	1
7641513	7641514	1
3775520	3775519	1
2475128	2475125	1
10647676	3328202	1
149463	210928	1
9969951	9969954	1
11343161	11343162	1
12332039	12332040	1
12636768	12636767	1
5607661	5607662	1
11694936	11688910	1
5796553	5788495	1
1244673	1185706	1
6598717	6598237	1
3367320	3367319	2
3278396	3278220	1
12750238	12748974	2
4386188	4386099	1
1671259	1671256	1
2703373	2703374	1
837646	837664	1
5889152	5889633	1
3049974	3049751	1
10876814	10877004	1
4751192	4751113	1
6974951	6974952	1
3693483	3693484	1
10383675	10383676	1
6092958	6092957	1
1664897	1665743	1
5994615	11037445	1
2560670	2560669	1
2133856	2133855	1
452511	359757	1
10832103	10832104	1
8486200	8486197	1
6795252	6795269	2
11828158	11828157	1
7446468	7446467	1
1101432	1101435	1
4483290	4483186	1
875163	875166	1
5817683	5817684	1
490811	488595	1
2025611	2025361	1
5984694	5984689	1
10084759	10084760	2
5965863	5965864	2
282846	12436363	1
10360504	10360627	1
4149745	4149835	1
10411056	10411055	1
2776472	2775739	1
2235529	2235530	1
3745041	3748785	1
5201228	5201227	1
2389303	2389308	1
10309397	10309419	1
942196	942195	1
6710537	6710538	1
5364096	5367215	1
2907872	2907855	1
440811	440816	4
6328576	6328566	1
10710261	10711005	2
8217179	8217182	2
7001975	7001976	2
78644	78656	1
5827375	5827376	2
5706846	5706845	1
597655	518345	1
1763179	1765741	1
4286509	4286510	1
7729129	7729081	1
3824821	3824822	1
3692213	3692899	1
928620	928619	1
5334168	5334022	1
5201226	5201225	2
4386738	4386735	1
6133604	5697761	1
742470	742461	1
5734373	5733916	2
5214117	5213232	1
10378406	10378405	1
7756449	7756452	2
11289309	11288493	1
7199280	7199279	1
12467544	12467543	1
2609126	2609125	1
4193343	4193353	1
6275523	6275232	1
5608632	5608580	1
10643955	10643949	1
1046257	1048552	1
7836816	7836815	1
10195348	10195347	1
868407	868408	1
12239352	12239351	1
4794909	4681980	1
8900903	8849051	1
4329921	4330203	1
444678	444677	1
4387752	4387768	2
3523080	3523079	1
10486471	10486629	1
5907356	5907355	1
10607600	3332113	1
2828554	2828673	1
1963438	1963435	1
3136770	3136767	1
11101138	11102735	2
5253858	5253857	1
3218139	3218140	3
4255	2530	1
7152148	7152507	1
2503773	2503774	1
10706061	10706064	1
4938294	5017494	4
3309563	3250015	1
5859710	5859709	1
5922240	5922217	2
507208	507211	1
7114814	7137654	1
10078036	10078039	1
5918768	5918817	1
7609474	7609473	2
6330603	6330506	1
5741116	5741083	1
6261034	6261033	1
6012418	6015471	2
129619	127952	1
1590642	4048664	1
1802259	1802260	1
27951	27952	1
11718808	11718803	1
10154916	10154915	1
4047876	4047873	1
2179444	2182636	1
3498803	3497820	1
9129076	9129075	1
10451780	10451779	1
10048897	10048900	1
8969435	8969849	1
527730	527735	1
6643405	6643406	1
11231742	11231741	1
10613224	10613215	1
381632	381631	1
2404442	2402124	1
8352294	8350954	1
11610966	11611834	1
8688573	8688574	1
6661890	6661889	1
9504319	9504320	1
8378964	8378963	1
4680408	4681079	1
11711559	11711575	1
8443378	10904278	1
9950062	9946406	1
11373130	11373129	1
11858625	11859243	1
3798228	3798231	1
5638819	5638820	1
6407280	6367441	1
10426874	10426873	1
253246	253260	1
9031191	9031189	1
1712667	1712688	1
9015750	9015747	1
9129716	9130059	1
12627326	12626338	2
10292215	10292920	1
7136410	7136409	1
161187	161188	1
3659845	3653096	1
10804152	3935269	1
3998554	3998553	4
6086182	6086181	1
3630638	3630637	1
2993434	2993059	1
9536557	9537915	1
7495349	7495350	1
9688441	9688447	1
173074	10769814	1
834975	834976	1
4706067	4706068	1
9355386	9355373	1
11173767	11175640	2
11545336	11545335	1
8728859	8748885	1
11476360	11476505	2
7513053	7513054	1
202852	202851	1
385380	385379	1
6663246	6663307	1
624853	624854	1
756584	756581	3
1035777	1037387	1
10142158	10142161	1
3474039	3450621	1
11704323	11702060	1
11531346	11531345	3
2500426	2500423	1
4309540	4311627	1
2599914	2599893	1
12686200	12673415	1
1872913	1872914	1
2881717	2881718	1
3380961	3380962	1
577838	577631	1
4170717	4174362	1
7801949	7801950	3
7681647	7681648	6
11712110	11712109	1
11343163	11343164	1
7911055	7911046	1
5860346	5860343	1
7633067	7595682	1
10993352	10993715	1
9502214	9501980	1
6633975	6633884	1
435744	437143	1
5550726	5550725	1
5858811	5859711	1
8450627	11076941	1
9850921	9850765	1
11718804	11718803	1
1798041	1798042	1
9618344	9560983	1
5714436	5714435	1
5147739	5147740	1
12560717	12563706	2
8297031	8297032	3
12018109	12017173	2
3111873	3145666	1
9050530	9049909	1
10432512	10431085	1
11406057	11406062	2
3617114	3617113	1
3938391	3938406	1
8729456	8729455	1
7575603	7575583	1
12642910	12642909	1
9783076	9783132	1
8087289	8087290	1
7280156	7281173	1
7886286	7895489	1
10615647	7771601	1
377983	385383	2
2450164	2450161	2
7462969	7462970	1
11019320	11019456	1
11245412	11245411	3
3989152	3989149	1
10828900	10828733	1
710621	710005	1
1834099	1834100	1
8978647	8979275	1
3417647	3458513	1
9240024	9240011	2
2849017	2684647	1
11043704	11043703	1
9021441	9020683	2
9240034	9240033	2
2665451	2665452	2
1829082	1829081	1
4471046	4471043	1
2901727	2901728	1
2560787	2560788	1
9072395	9072399	1
8072437	8072438	1
6116254	6116253	1
10606866	10606857	1
1668083	1427669	1
6712327	6584065	1
2689804	2689754	2
7060399	7060400	2
187333	201548	1
9111501	9116435	2
8908652	8908602	1
5880905	5880906	1
8044333	8044374	5
7148086	7148170	1
6274983	6274984	1
12594388	12594342	2
7856966	7857023	1
12205397	12205398	1
11202561	11202562	1
7783292	7783291	1
10475122	10475121	1
11145189	11146146	1
10832103	10832108	1
3475308	3477261	1
9935421	9935461	1
3923741	3923749	1
9096820	9096817	1
8654498	8654497	1
8383168	8390960	1
11394053	11394059	1
2921945	2921946	1
7159959	7159977	1
10447119	10455317	1
10895661	10895662	1
3967592	3967589	1
7175825	7126159	2
11554391	11554392	1
627401	627402	1
11611365	11612560	1
7446286	5649060	2
161185	161186	1
7554820	7795069	1
11108564	11100784	1
752687	752700	1
4492645	4492695	1
1834097	1834098	1
3056245	3056246	1
8417058	8417057	1
12517383	12517384	1
6678624	6678623	2
11251260	11251259	3
4646102	4646038	2
117263	117264	1
11008957	11006804	2
1115195	1125813	1
7836834	7836833	1
1324839	1324840	1
399111	397857	1
2092155	2092156	1
11570303	11568255	1
8835398	8835397	1
4525325	4525326	2
1281997	1281998	1
4744693	4744694	1
7323083	7323084	1
11192648	11193368	1
5725922	5725730	1
1065734	1044738	1
12133816	4299530	1
3536233	3536234	2
5982984	5982983	1
12768563	12768564	1
800721	800096	1
10805780	10805974	1
123933	123967	1
3209942	3209939	1
12799644	12799643	1
2904799	2908408	1
4015626	4015623	1
4435363	4435364	1
7116378	7116409	1
2743115	2743088	1
7609221	7609475	3
9927033	9927923	2
11655929	11655930	2
3403455	3403458	1
604400	604399	1
11816788	11816722	1
11278885	11281344	1
10414105	10414112	1
3025386	3030539	1
1293593	1293594	1
5997447	5997448	1
6472816	6473236	1
6211427	6210543	1
11939427	11939428	1
4818660	4818650	1
7492337	6729790	1
735124	735123	1
7418737	7418740	1
8439917	8439918	1
12301017	12301018	1
6737439	6737440	1
1253192	1247778	1
9619527	9619528	3
11828053	11828001	1
10142164	10142159	1
6416701	6416702	1
1855746	1855743	1
3207396	3207395	4
11867104	11866914	1
11766194	11766191	1
6086184	6086183	1
5049661	5049662	1
23451	23454	1
6059351	6059352	1
3049974	3049749	1
378847	384642	1
6031272	6009803	2
1768905	1775546	1
5651458	5651425	1
11798287	11797393	4
11882323	11882324	2
11733415	11733418	3
4678161	4803302	1
6059348	6059347	1
5308443	5307589	1
7675560	7675963	4
1407624	1407621	1
5332487	5332404	1
2513913	2513918	1
1869662	1869383	1
1676596	1676595	1
8288096	8288095	1
9126053	9126086	1
3677914	3662698	1
9096822	9096817	1
3967596	3967593	1
10318343	10318344	2
11115531	11115532	1
783266	762256	2
6027114	6027082	2
9844833	7206841	1
5783179	5783116	1
12199284	12199283	1
9744821	9551866	1
4386098	4386097	1
3813645	3813690	2
10304521	10304526	1
11160900	11160899	1
12783260	12784087	1
8659685	8658944	1
3693481	3693482	1
3090789	3090792	1
5880907	5880908	1
1631154	1631151	1
12042321	12045184	1
6683352	6683351	1
90015	90056	1
9804537	9804527	2
6261032	11558407	1
8980681	8980682	1
9983354	9983342	1
4154853	4155056	1
6797510	6794698	1
7121378	7121357	1
4397145	4397068	1
9516433	9516448	1
2808937	2808946	1
2939828	2939827	1
6929172	6929171	1
4733029	4733030	2
12683426	12683425	1
8821138	8821137	1
310896	310899	1
8986821	8983688	1
2349708	2349707	1
10226853	10226893	2
461858	461855	1
8264022	8264021	2
12160845	12160833	1
8438431	8438432	3
3731063	3730964	1
1596806	1596805	1
11409257	11409258	2
7713197	7713232	1
52145	52320	1
9912010	9912009	2
9776283	9771171	1
10304521	10304524	1
9955055	9955000	1
12798307	12798308	1
9327480	9327281	3
3311287	3311429	2
10255121	10255122	1
3373979	3373988	2
6028707	6028708	2
8341358	8341355	1
4807594	4808425	1
20733	20811	1
3115232	3115727	1
8652894	11662362	1
9778223	9778224	1
6241181	6241182	1
3543892	3543891	2
5237049	5237050	1
10172879	10172880	1
400099	400100	1
3143187	3143190	2
4838274	4838273	2
3571816	3571819	1
11613025	11237379	1
11718810	11718809	1
5937366	5996611	1
3045417	3045418	2
11643465	11645796	1
6311914	6311913	1
433730	433729	1
10473661	10754111	1
4015628	4015627	2
11613257	11612708	1
5165219	5165220	2
6178167	6178663	1
7891683	7891684	1
8017906	8017905	2
207782	207781	1
7231153	7231433	1
5966634	5966633	1
7326116	7326095	1
8948595	8946347	1
8994430	8994429	1
9108837	9108838	1
622964	622963	1
4276097	4276098	2
5056335	5056336	2
10756686	10756715	1
365018	363399	1
32366	32365	2
7135755	7136541	2
2970297	3221365	2
1853779	1853688	2
6873753	6873758	2
10555433	10555434	1
10719424	10719423	2
8939611	8938011	2
11693969	11693970	1
7681649	7681650	3
7446248	7446247	1
1507623	1507452	2
9125428	9125447	1
5157295	5157396	3
6380143	6380144	2
10261439	10261440	2
6108105	6108106	1
4471046	4471045	1
5052661	5052662	1
2249840	2249837	1
11861122	11582339	1
11751425	11751411	1
8900606	8900603	1
6464069	6464070	2
7148641	7148642	1
1782242	1782433	1
6479601	6575488	1
10488792	10488789	2
6755910	6755909	1
9964616	10601806	1
7262042	7262036	1
7139001	7118248	1
3431131	3443222	1
1287842	1287933	1
78646	78656	1
7491758	7491761	1
370883	370884	1
6501314	6501313	1
10238576	10240405	2
12618851	7978199	1
4569868	4569865	1
7376941	7376936	1
4040690	4040687	2
11703728	11705016	1
11112269	11186482	1
8191627	8183984	1
7922063	7922064	2
5214115	5214116	1
10821064	10823288	1
3240261	3240262	2
8397877	11116521	1
7200320	7200291	1
5236818	5236815	1
9516190	9510514	1
4418750	4418749	1
5547511	5547512	1
5153884	5191693	2
2539192	2539188	1
11344530	11342730	2
8685998	8686346	2
350294	350293	2
3562050	3562939	1
9515829	9514935	2
3854927	3854928	2
2900572	11931425	1
2882302	2882299	1
9439526	9439523	1
519525	519526	1
4534060	4534025	1
9566269	9566270	1
9625030	9625027	2
6040210	6040196	1
7937586	7937585	1
468800	468799	1
3615479	3612472	1
11246387	11250721	2
12048158	12048157	1
3675415	3675063	1
5699590	5699589	1
7641354	7641353	1
5004730	5004729	1
10227177	10227178	2
8861202	8861201	3
11119037	11115173	1
9274528	9274523	1
10983149	10983150	1
2374846	2374845	1
12652961	12650966	1
5734371	5734372	3
7007654	7006664	2
5081556	5081553	1
1434725	1434726	3
9516433	9516450	1
3590842	3592713	2
8103372	8103369	1
9912008	9913228	1
5837554	5837553	1
1732302	1732301	1
7542736	7538961	2
3109052	3109051	1
9894728	9890321	1
7382117	3322562	1
2808237	5116842	2
3196413	3227012	1
10243248	10243207	1
3639809	3639812	1
3617302	3617119	1
9112535	9112536	1
9125430	9125447	1
10051999	10052000	1
7435990	7435968	2
6706723	6694232	1
6194677	6194678	1
6083987	6083988	1
3031709	3031712	1
4445898	1916769	1
6478373	6478374	1
7066495	7066496	1
2953030	2952442	1
2355213	2355214	1
10918529	10918990	1
7221006	7221005	1
12199272	12199271	1
1046601	1046602	1
9560688	9560693	1
12361383	12361384	1
6330601	6330602	1
12408459	12408460	3
4574329	4574330	2
7447795	7448145	1
8613155	8613158	1
5724252	5723903	1
6640623	6640624	1
6511573	6511574	1
6096308	6096343	1
3431129	3443222	1
9078196	9078195	2
11119037	11119038	3
5191517	5191524	1
7974003	7974004	1
7126158	7126157	2
6017353	6017354	1
117526	115227	1
9954948	9954939	1
6009802	6009801	2
3142018	3142017	1
6027378	6032220	1
4550216	4312354	1
202596	202595	2
11549770	11549773	1
11330965	11316763	1
8176035	12208014	1
11561660	11385330	1
2099679	2099680	1
1391053	1391054	2
11483786	11483742	1
9129074	9129120	1
5626618	5626617	1
8454804	8454801	2
836643	836644	1
8397877	11116523	1
3236773	3236774	1
2299120	2296332	1
7942474	7942473	1
3731061	3730964	2
3926723	3901650	1
9502575	9502365	1
8983897	8983271	1
6894263	6893739	1
1997052	1997102	1
5264284	5264366	1
8586964	8586963	1
464652	464651	1
7138917	7138924	1
10809807	10809808	1
9480112	9480111	1
2265445	2265448	2
9434177	9433884	1
5905138	5905148	1
11573655	11573656	1
1800899	1800900	1
3457584	3457581	2
11272177	11438436	2
8880033	8880036	1
10777636	10777635	1
12284795	12284967	1
916498	916469	1
7799859	7799862	2
5466141	5466185	1
4238106	4237979	2
1454147	1454148	2
8998908	8998905	2
12423955	12423956	1
5458101	3055611	1
9895349	9895329	1
6759259	6759236	1
10227175	10227178	1
9885389	9885390	1
10392796	5516872	1
990050	990049	1
5492082	5492081	1
1443746	1419095	1
3586759	3586760	1
8652433	8652434	1
9815972	9814921	1
1919906	1919903	1
8387074	8387073	2
5655845	5655872	1
1623630	1623633	1
6807256	6803662	1
6601307	6603473	1
10775484	10775483	1
2279638	2279637	1
4566185	4196336	1
605073	604399	1
2994164	2994110	1
11003692	11003267	1
7675894	7675716	1
6107409	6107410	1
69129	69010	1
6552669	6552958	1
10089058	10089057	1
6166203	6166210	1
10677961	10677962	1
12740061	12740064	1
6552667	6552668	1
8341358	8341357	2
2030847	2031222	2
9582236	9585135	1
11835396	11835399	1
400095	400096	1
3965050	3965049	2
7863025	7863026	2
3250945	3250946	2
4601137	4601081	1
9568575	9568578	1
3923193	3923194	1
10193132	10191909	5
11967868	11967933	1
6414539	6414511	1
1300343	1300432	1
8386556	8387051	1
8629323	8629324	2
9850386	9847647	1
11835398	11835397	1
2074529	2074530	1
3237767	3237991	1
6012422	6012419	1
2091741	2093211	1
10612131	10612132	1
3473402	3473436	1
2454857	2454858	1
2161053	2161060	2
8977027	8977074	2
6183698	6183695	1
10173794	10173823	1
7504895	7504898	2
4544685	4544440	3
5502506	5357928	1
6991774	6991760	1
9493678	9493427	1
3873931	3890378	1
10317582	10317575	1
12184266	12206352	1
11313273	11313274	1
7732181	7732182	1
8830748	8831599	1
11591311	11591630	1
10809805	10809806	1
12623158	12623157	2
2513608	2513607	1
6313600	6313597	1
4237785	4237786	1
3619636	3621327	1
8403177	8403155	1
8496278	8496116	2
3011553	3012048	1
10475120	10471096	2
12467097	12467098	2
10984323	10999208	1
6005641	7537032	1
8728947	8728949	1
5165133	5164785	1
5595073	5595074	1
6581348	6581132	1
6116041	6116010	2
4917322	4917321	1
2248685	2248666	2
6797374	6797373	1
5006814	5006813	1
10651999	10652000	1
10199355	10199358	1
249579	242769	1
5216041	5218266	1
5984692	5984689	1
10972581	10973515	1
8441075	8441076	3
5364726	7396271	2
3673228	3673294	1
791125	791126	1
9125847	9125848	1
9051862	9051702	2
11051722	11051730	2
10683947	10683948	2
8763283	8763284	2
12196475	12199297	2
2614611	2614612	1
249578	249575	2
11519110	11519107	1
6678632	6678631	2
8421084	8421083	1
12342889	12342890	2
9332594	9267559	1
10674268	10674267	1
11145431	11153277	1
10089051	10089052	2
6379617	6379618	1
761371	761372	1
2631288	2631287	1
5447685	5448037	1
7067745	7067746	1
6511575	6511576	1
6125358	6125339	1
1870016	1870064	1
9490627	9488862	1
6764744	6764743	1
10116797	9881699	2
7083712	7081273	1
1181604	1181603	1
11718810	11718803	1
8108418	8107747	1
6774923	7911555	3
11615215	11615216	2
11252601	11447880	1
6784180	6784177	2
8174736	8166770	1
173676	173668	2
9778219	9778222	1
8881644	8881643	1
11492253	11492137	1
2554130	2554059	1
6464170	6464169	1
9451537	9451538	1
3631265	3631729	1
10253031	10253410	1
2330581	2331109	2
10205490	10205503	1
8827315	8827316	1
5295757	5295758	1
5649057	5649060	1
5306028	5308660	1
9504843	9501869	2
10613263	10613264	2
453187	453085	1
6513777	6513780	3
9977638	9977637	1
11648624	11648616	1
5861650	5861634	1
5681502	5681501	1
875163	875164	1
10195346	10195516	1
8013782	8010280	1
5923404	5923403	1
5295755	5295756	1
3543894	3543893	2
11845536	909378	1
8896942	8899103	2
4701047	4701048	1
4902912	4902911	2
3407296	3407295	1
5183132	5183064	1
11658733	11658422	1
5264671	5264672	2
710617	710618	1
11718810	11718805	1
7136326	7136373	1
913340	913339	1
12747512	12747511	1
2905968	2905964	1
6211578	6211577	1
7231423	7231424	1
11988794	11988797	1
5165221	5166054	1
10893753	10638338	1
6012424	6012419	1
11859242	11859241	1
5311394	5311393	1
8217183	8217184	2
7335941	7335949	1
6905081	7017150	1
5907042	5906293	1
6926563	6926636	2
8925217	8924877	1
5794145	5794146	1
8980681	8980096	1
10179741	10179742	1
5129170	5129169	1
7066493	7066494	1
5983675	5983341	1
9640544	9639887	1
6348361	6348389	1
8387072	8387069	1
4066056	4066172	1
244877	244882	1
4299531	4299532	1
3999741	3999742	1
9516190	9510512	1
6648298	6648297	2
9248497	9248498	1
10850621	10845195	1
4043372	4043381	1
12467821	12204168	1
1381744	1381743	3
11359884	11359883	1
9643035	9648997	1
8010493	8010496	1
111655	111679	1
4497273	4497157	1
8791379	8791849	1
10211229	10211230	1
10756714	10756713	1
5448307	5448310	1
3799289	3799290	1
3995074	3995066	1
5756164	5756163	1
9691678	9691677	2
6132571	6130423	2
11678157	11678158	1
1893273	1893226	2
1171962	1171961	1
3515987	10255359	1
5110043	5110046	1
5427892	5428849	1
8830768	8830767	1
7443037	7441226	1
4490726	4490707	1
9087093	9087094	4
10698153	10698154	1
576808	571308	1
492087	492088	1
3218230	3218229	1
6311916	6311913	1
1561613	1561587	2
1781439	1781440	2
3167610	3167578	1
6849075	6849076	1
8166780	8166444	1
3820822	3820821	1
2342686	2342640	1
3109061	3109053	1
3926788	3926643	2
10226851	10226852	2
5648914	5648911	3
8845716	8845731	1
3216206	2900708	1
8068216	8068215	1
5855269	5855270	2
1924831	1924832	3
11262118	11260492	1
7067830	7067829	1
11875696	11875721	1
32749	32369	1
836645	836646	1
740451	740452	2
149091	149092	1
8299206	8299205	1
9021439	9020683	1
11574084	11574081	1
10806878	10806877	1
10983626	10983629	1
10343762	10343780	2
6182328	5087841	1
9108837	9112889	2
1236461	1236462	1
5412540	5412539	3
9063187	9063173	1
12054192	9946855	2
6548813	6548816	1
3090791	3090792	1
7913357	7913360	1
7474412	7473373	1
4391842	4391841	1
5209241	5210225	1
7060401	7060402	2
4068219	4068220	1
10454110	3290015	1
3162378	3162393	1
2598242	2598176	1
6507318	6507317	2
4328945	4328946	1
861157	861158	1
9023448	9024227	1
10528918	10516792	1
11771540	11771539	1
9131255	9131261	1
2411573	2411603	1
3579892	3579889	2
5938007	2045328	1
1235305	1235306	1
8712352	8712372	1
143005	143645	1
5574877	5574846	2
12265948	12265962	1
10388057	10571792	1
10467804	10467803	1
9642285	9642286	1
11440648	11440667	1
5828277	5828482	1
11175796	11173268	1
12525249	12525871	1
507210	507209	1
11929312	11929311	3
2475130	2475129	2
5519656	5519655	1
9150122	9151174	2
11615217	11615218	2
2577425	2577426	1
88064	88063	1
12207259	12207292	1
10173826	10173823	1
827955	827958	2
6619940	6619935	1
832241	832242	1
9860110	9851267	1
117261	117262	2
11396488	11396487	2
8158352	10850082	2
3814267	3814268	1
11373856	11766883	1
7472073	7472074	1
6660759	6660951	1
8347969	8347972	1
5052663	5052664	1
3185557	3185878	3
6388499	6388500	1
11401492	11401489	1
10206508	10206950	2
3088725	3088726	5
5311243	5311246	1
3548238	3548267	1
4121414	4121411	1
10218897	10218898	2
7560759	7560853	2
5249356	5252361	1
6048539	11402265	1
1855748	1855747	2
6510756	6509433	1
11961251	11961237	2
84696	84695	1
10304525	10304526	1
1206168	1206087	1
10261437	10261438	3
5448305	5448306	1
3090789	3090790	2
4573248	4573255	1
7938456	8867209	1
11702285	11702351	1
2631620	2631619	1
8086535	8087415	1
2372181	2372182	1
186424	186423	2
9176543	9176544	1
12640581	12640575	1
10027743	10027744	1
7409908	7409907	2
4367381	4366963	1
8837545	8837973	1
4495005	4495006	1
7155181	7155108	1
12342891	12342892	1
8863533	8863370	2
6129269	6129272	2
350290	350287	2
6550012	6549971	1
3060937	3060945	2
707117	707118	1
891624	894435	1
1086788	1086614	2
2265445	2265450	2
1883145	1872914	1
10486817	10486934	1
7659813	6089993	1
9279397	9279400	2
10704368	10706060	1
4819528	4819519	1
4624441	4624442	1
3538423	3538426	1
8213628	8213627	1
4360277	4358782	1
2810313	2810314	1
12504230	12517382	1
1520799	1520800	4
8186941	8186942	1
6738220	6738219	1
11512858	11512851	1
6077965	6077999	2
7839529	7857393	1
4954267	3191514	1
5748177	5747186	1
720283	720524	1
9460370	9460369	1
10206951	10206952	1
4667076	4668152	1
11042073	11041907	1
430981	432952	1
7937584	7937587	1
9848551	9848579	1
2023545	2023546	1
2577863	2577739	1
369789	370817	2
7116646	7116660	1
3007639	3007143	1
11732577	11732578	1
6643933	6637242	2
6860229	6860232	1
5116843	5116844	1
12663435	12663440	3
791123	791124	2
7005767	7003355	1
5967390	5967387	1
10707838	10712820	1
12052045	12054486	1
8064439	8064442	1
4068954	4068966	1
400097	400098	1
3812468	3813304	1
1489530	1496599	1
2843005	2842932	1
7973517	7973518	1
2156511	2150408	1
10488796	10488789	1
11095779	11095780	3
2631290	2631287	2
9260068	9260067	1
4744695	4744696	2
1727728	1727725	1
4587575	4587576	1
7478788	7478784	1
12626339	12626340	1
5926242	5930399	1
11607595	11607598	1
12361381	12361382	1
7809084	7809083	1
4386188	4386097	1
6077998	1907903	1
5632053	5632054	1
6550360	6549014	2
3218141	3228498	3
3002103	3002106	2
3695290	3695287	1
8297318	8297317	2
10426881	10426875	1
5360598	10446635	1
5040831	5039947	1
9674899	9674900	1
11835402	11835397	1
7116378	7116407	1
2777486	2778282	1
6222612	6222611	1
12560715	12560716	3
11988796	11988795	1
155648	155647	1
8533910	8533645	1
965086	959381	1
11449121	11449119	1
421141	421142	1
9024641	9023991	3
9826585	9826586	2
1576993	1576926	1
8343367	8343372	1
2663964	2663921	1
8630576	8630580	1
9156269	9156308	1
2628453	2631291	3
1428140	1427669	1
6116258	6116257	1
605071	605072	2
6012424	6012423	1
11094472	11094547	2
4386111	4385249	1
9229752	9229751	2
12018629	12018630	1
10701105	10701106	1
12160811	12161287	1
3075987	2977424	1
12699357	12699397	1
11309196	11309195	1
350292	350287	1
10159050	10159049	3
3506813	3506816	1
12355361	12355362	2
2376322	2388171	1
7669200	7669195	1
6225520	6225705	1
7178175	7178176	1
5981760	5988121	1
562721	562722	1
9246711	9246712	2
7695161	7695162	1
572800	572906	1
6555694	6555684	2
1257918	1257917	1
9342317	9342464	1
11615589	11615571	1
5873014	5872021	2
5339692	5339691	1
6108107	6108108	1
726949	726837	1
10794001	10794002	2
497828	497827	1
11222785	11222190	1
3337290	3337289	1
10484340	10485422	4
8186936	8188255	2
2810779	2810780	1
3529518	3529517	1
6128991	6128993	1
7005740	7005799	1
5913695	5913696	1
10872428	4559073	1
191307	191293	2
9851973	9851974	2
10156428	10156548	1
12343936	12343933	1
6786882	6786881	3
4056773	4056686	1
2339480	2231215	1
4869628	4869623	1
8861204	8861203	3
7514212	7514217	1
6509432	6509429	1
10683724	10686923	1
5148188	5147956	1
5213529	5226316	1
5808010	5808009	1
98633	98749	3
12334698	12337104	1
11615219	11615220	2
2554132	2554131	1
11678155	11678156	1
10078499	10077959	1
11402879	11402612	1
6477544	6477543	5
10103998	10101495	1
205940	205277	1
2374844	2358343	1
6870619	6868092	1
9532134	9532133	1
5725573	5725574	2
10002167	10002168	1
11028454	11028476	1
5349088	5349080	1
12686422	12686421	1
5412541	5412542	1
8017904	8018138	2
6386048	6386694	1
5645026	5636458	1
12541492	12538136	1
2722262	2722256	1
6678927	6716923	2
8780153	8780154	1
1546995	1546667	1
866679	866694	2
12284793	12284794	1
11957179	11957180	1
12557922	12557924	1
4275751	4275862	1
4483187	4483188	2
5628721	5628801	1
11866394	11866393	1
8690217	8689975	2
10536259	10536260	1
12127666	12021668	1
3725803	3725847	1
6878970	6881626	1
5536076	5536197	1
8845718	8845717	3
9285940	9285939	2
2202479	2202480	1
4269872	4270327	2
1351975	1351978	2
1314018	1314108	1
9626938	9626937	2
6413991	6415071	1
10126266	10126202	1
427900	427899	1
3088723	3088724	4
8335711	8335712	1
11090887	11090888	1
7446472	7446471	2
1338097	1338106	1
1929602	1929973	1
8821131	8821132	3
4757030	4762917	1
10540387	10540589	1
8844414	8837602	1
2458982	2458981	1
5364724	5364727	1
9532132	9532131	1
452004	452003	2
6311697	6311698	1
7847691	7847141	2
8254773	8254750	2
5669511	5668022	1
10739598	10739262	1
10108258	10108828	1
11733419	11733420	2
1637423	1637424	1
5645723	5600531	1
12604776	12600466	1
2265445	2265452	1
9116434	9116433	2
5517619	5518236	1
6379615	6379616	1
6484582	6484581	1
3754382	3754381	1
10914910	10912189	1
9129077	9129078	3
8343984	8343874	1
7700513	7700514	1
11313275	11311711	1
291329	291330	1
8721149	8721109	2
8282292	8282291	1
7839605	7839579	1
6059348	6059345	1
12419611	12419602	1
5708407	5708408	2
8156458	8156457	1
2852228	2849759	1
4277556	4277555	1
7472071	7472072	2
5913680	5913785	2
8972314	8972519	2
10380671	10380669	2
557417	557420	1
6039762	6039761	1
7446293	7446288	1
7314079	7314082	1
8063185	8063177	1
1761274	1761273	1
9469670	9469669	2
11679929	11679930	1
9699729	9699839	1
1520798	1520867	1
5882117	5882195	1
8012805	8012860	1
12048160	12048159	1
67761	259556	1
5631435	5631407	1
1671829	1674334	1
1293622	1293588	1
5993167	5993308	1
10029354	10025103	1
740453	740454	2
378562	378559	1
8488248	8488247	1
8154938	8151226	1
7562138	7562137	1
3510420	3510336	1
4650128	2614330	1
310730	310729	1
2503629	2503770	2
6459766	6459759	1
8223795	8223796	2
6979192	6979201	1
2173486	2173556	1
1996184	1996181	1
8066857	8072464	1
6836987	6836988	2
12775592	12775591	1
2674704	2674703	2
6142812	6142937	1
6045608	6045607	1
32368	32365	1
7147406	7147392	1
999552	3400429	1
7681651	7681652	2
12779999	12775186	3
8335817	8335559	1
10701739	10701740	1
3973293	3973294	1
9494682	9494849	1
1303507	1303508	1
5773579	5773558	1
2609794	2608553	1
6905091	7017515	2
3649199	3649151	1
7001977	7001978	1
5962589	5962590	1
7026977	7026978	1
4241039	4241030	3
10358811	10358812	2
434155	434158	1
10908262	10908261	1
12780228	12782275	1
418460	418579	1
6082928	6082934	1
3354858	3354857	1
236468	15352	2
6478375	6478376	1
6333138	6333137	1
7834461	7834441	1
3529373	3529374	1
2835457	2835639	1
6424453	6424454	1
4125584	4778876	1
4540516	4540651	1
5018466	5018461	1
9778219	9778220	1
6453101	6453102	1
10236606	10236603	1
7842850	7842849	1
6914767	6914768	1
8015072	8015069	1
3818798	3818797	1
8556864	8556863	1
331378	331363	1
11365163	11365164	2
3629281	3629514	2
11976246	11976245	2
6566705	6567015	1
6258926	6258756	3
8215503	8215504	1
5203931	5203932	1
4164385	4308869	1
9569837	9569878	1
5412545	5412546	1
7944321	7817590	1
7300617	7298040	2
3911729	3911730	2
3423310	3424889	1
11926813	2351320	1
7809087	7809083	2
8982570	8982746	1
7137047	7137048	3
3534892	3536232	3
11766194	11766193	2
1519195	1519196	1
1564344	1564343	2
11309194	11309199	1
12536340	12536337	1
2242921	2242922	1
1403672	1404695	1
5628560	6953415	1
4277558	4277557	1
8656639	8656632	1
11442099	11442102	1
10041296	10041295	1
1664896	1665590	1
11461913	11461914	1
377998	377997	1
7094345	7094346	1
7446661	7446518	2
10701741	10701756	1
9847600	9847599	1
12775187	12775188	1
10768364	10768363	1
1580202	1580201	1
188122	188112	1
3944024	3944016	1
4786474	4786551	1
11093092	11083499	1
2018067	2013535	1
4817396	4806608	1
9362245	9362246	1
7372103	7372104	1
9883766	9883194	1
932832	932820	1
7552275	7552774	2
2315492	2315491	1
777761	777762	1
6333136	6333135	1
6186748	6171254	1
5761607	5761605	1
10886576	10886534	1
6538561	6538562	1
11735901	11739296	1
2810647	2810707	1
3807422	3807214	1
9240767	149090	1
11609103	11608988	1
5656222	5656225	1
5707474	5699940	4
1656218	1637043	1
7552775	7552776	2
12645535	12645536	1
12420367	3775368	1
4276614	10186047	1
8335817	8335557	1
6129305	6129268	2
9780318	9780191	1
7157011	7157012	2
8688575	8688576	1
12030467	12030173	1
12634374	12634373	3
12475283	12475284	1
3400020	960104	2
1876700	1876715	1
5981419	5981438	1
11960228	6061362	1
709051	709033	1
12351455	12351335	1
1590791	3903150	2
10179388	10179463	1
7431108	7431107	1
9505885	9505981	1
7266595	7266563	1
942198	942197	1
2806622	2806621	2
5559513	5559514	1
11362010	11362009	1
1674283	1674284	2
6110350	6110379	2
9909234	9909233	1
6670737	6670738	1
7446430	7446429	1
10174416	10174415	1
7615766	7615765	1
8980683	8980096	2
9585670	9585669	1
649590	643631	1
385382	385379	1
740449	740450	4
4677530	4677529	1
5997449	5997455	1
10880239	10880240	1
11212383	11212384	1
9963699	9958319	1
12298466	12303892	1
7801952	7801949	4
1703	1135	1
3598351	3598352	1
8111095	8111096	1
12258943	12258944	1
796056	431917	1
4958038	4958037	1
7158330	7158329	1
8099755	8099839	1
5919285	5919286	2
5857781	5857782	1
6147460	6147463	1
5648762	5648761	2
6053069	6053125	1
10154914	10154913	1
3640759	3640762	1
10441857	10441858	1
2922132	2922038	1
4649510	4649509	1
9516449	9516450	2
6549587	6549588	1
6031342	6030851	1
977516	975326	1
8881640	8881603	1
1674335	1674336	1
5908093	5908094	1
9085797	9085812	1
5467282	6054322	1
4797779	4797782	3
9544801	9544808	1
10316894	10316893	1
6312432	6312429	2
8295027	8292473	1
11476109	11476153	1
2882298	2880353	2
2898194	2898378	1
4525327	4525328	1
2658380	2658379	1
11028251	11028252	1
4278460	4278459	1
275625	275626	1
9640542	9639887	2
5849716	5987212	2
4560921	4560914	1
11828127	10825925	2
6933137	6934180	1
8048481	8048197	1
11711936	11711939	1
1127181	1127184	1
5512813	5512804	1
829406	832694	1
7478080	7478079	1
10191149	10191150	1
6130422	6130419	4
6414510	6414509	1
5330978	5330974	1
1877574	1877573	1
9021439	9021440	2
276953	275904	1
1239889	1232749	1
5866987	5867026	1
8066921	8066922	1
2599072	2599071	1
63657	63658	1
4644054	4644807	1
7758300	7758299	2
6555685	6555686	1
12750247	12750248	1
12199877	12199456	1
2971266	2975009	1
9111501	9116433	1
3470467	3469598	2
3738104	3737655	1
11073116	8408855	1
11345868	11345865	1
3056247	3058101	2
1573819	1573820	1
7100567	7100570	1
8438433	8438436	1
6902196	6902215	1
10833185	10835917	1
4119429	4119031	1
12135949	12135950	1
1231334	5596277	1
5819111	5819114	1
1121655	1121656	1
10283551	10283615	1
7522538	7522562	1
9436018	9435945	1
8454806	8454805	1
11207441	11207442	2
3387850	3387985	1
2803930	2796324	1
7833158	7833157	1
4294289	4294290	1
1020540	1022895	2
10760542	10760541	1
2628453	2631287	1
4015630	4015629	2
7896425	7896426	1
8215501	8215502	1
7005744	7005741	2
3071392	3071391	1
440813	440816	2
1615259	1615231	1
12457541	12457528	2
2207982	2207977	1
9905717	9905778	1
10699758	10699757	1
418578	418577	1
10826308	11548094	1
9797086	4956762	1
2008289	2008296	1
11331551	11330268	1
4918183	4918188	2
7748394	7748393	1
1836916	1838327	1
6124619	6124620	1
10461647	5509692	1
11766192	11766191	2
735122	723618	1
8022545	8021520	1
12242698	12244980	1
1829113	1827877	1
3785149	3785150	1
2658656	2658655	1
1541264	1541263	1
10816163	10816221	1
5435918	5575486	1
8814061	8835914	2
661402	661031	1
1386543	1387017	2
6948903	6949029	1
12442140	12442139	1
7026148	7026147	2
6409630	6409629	1
1661762	1663081	1
8212907	8212908	1
3455374	10065763	1
8829155	8829156	1
283755	283911	1
1243268	1244072	2
9359387	9285158	2
2920410	2920407	1
7131054	7131053	1
11902322	11913428	1
1721803	1715150	1
11459312	11459311	1
9142963	9164580	1
10832105	10832108	1
1028729	1028730	1
8899232	8899231	1
12787992	12787991	2
6955832	6955831	1
3046519	2969338	1
6699335	6699237	1
117528	117527	1
11028006	11028135	1
7090499	7090500	2
11194630	11194625	2
6952731	6952732	1
2630853	2631274	1
12634372	12634375	3
9883764	9883194	1
12386198	12386236	1
10751084	10751083	1
9014776	9014690	1
9286334	9286480	1
12048160	12048157	1
4446126	4446125	1
1204744	1203634	1
10159050	3554610	1
9624869	9624870	1
5720294	5720037	2
8387050	8387049	1
5809025	5808362	2
11443122	11443121	1
11455164	11455163	2
5857779	5857780	2
11125672	11125653	1
5295755	5295758	1
10983147	10983148	2
91558	91561	2
839554	838800	1
11967618	11967617	3
8454806	8454801	1
9978296	9978316	1
9557321	9557308	1
10908663	10908664	1
12000944	12000941	1
12742430	12742429	1
1972471	1972472	2
9850362	9850361	1
231303	231306	1
5875267	5874101	1
3973295	3973296	1
570773	570774	1
6058825	6058826	1
1264453	1264466	1
9349587	9349588	1
7922061	7922062	2
10277742	10277741	1
10382908	10382986	1
12714736	12714735	1
5819824	5819827	1
4015622	4015621	1
2328718	2333477	3
5648760	5648777	1
9889810	9889707	1
9544801	9544802	1
3108736	3108645	2
11256944	11256998	1
5859900	5986000	1
192210	192209	1
377981	385383	1
3999403	3999650	1
12265419	12265420	1
10933414	10933413	1
12237734	12237733	1
4745947	4738776	1
5653951	6872514	1
3207394	3207391	1
5726561	5726564	1
1203696	1203635	1
7205522	7205521	1
9505397	9505398	1
9510513	9510514	1
9494259	7749957	1
8522011	8522012	1
8977350	8977363	3
3983434	3983433	1
10518234	10521386	1
8020666	8021050	1
11273220	11273215	2
11646546	11646515	1
12714738	12714737	1
6024267	6024268	2
4350460	4350942	1
7641515	7641516	1
6116107	6114677	1
6423662	6424452	1
4391846	4391843	1
6101350	6101349	1
4041425	4041405	1
9774087	9774088	1
9469668	9469667	1
10492112	10694559	1
8060167	8060175	1
10482081	10481481	1
3409627	3409628	1
8603281	8605279	2
8815112	8815628	1
9371244	9369623	1
3903130	3904067	3
9883766	9883765	1
2364626	2364625	2
8623360	8623362	1
7726559	7727753	1
9611612	9611611	1
3898782	3898410	1
11173417	11173418	2
6934187	6934188	2
7946689	7946694	2
4185819	4185820	1
9807431	9807475	1
8064165	8063477	1
8712354	8712353	1
2354242	2354241	3
6422607	1753772	1
6744613	6744614	1
4411192	4411187	1
6884707	6886325	3
5046105	5046108	1
9575953	9575954	1
8410705	8410706	1
10518104	10518103	1
4490500	4490497	1
4814371	3999001	1
291312	290131	2
10732729	10732730	2
11231742	11231739	1
2409691	2411393	1
3877811	3954020	1
12536572	12536395	1
261023	261013	1
11991800	11991797	2
3027412	3027411	2
4683942	4842315	1
5539408	5539426	1
5757045	5757046	1
5694076	5694075	1
7839580	7839579	1
3042064	3042116	1
5860344	5860343	1
1730954	1643505	1
737754	737746	1
1639364	1729980	1
430551	430552	1
6948206	6948205	1
3692213	3692897	1
12351207	12351208	1
12304523	12475282	1
1877576	1877575	2
2135284	2135250	1
8881642	8881641	1
5756162	5762511	1
10319818	10320145	3
7143468	7143467	1
2848684	2848683	1
4519932	4519576	1
10586697	10586698	1
4497241	4497270	1
7478137	7478134	1
1883145	1872912	1
1924367	1924368	1
3067939	3057217	1
3827396	3828135	1
10589760	10589759	2
4322555	4322556	1
4877368	4956943	1
10334355	10334499	2
2942477	2942877	1
4170637	4170638	1
6140481	6140482	1
610087	610088	1
7343610	7343609	1
10277738	10277737	1
2755520	2755519	2
3749024	3749021	1
7628833	7628834	1
5648762	5648777	1
8516032	8516644	1
5297531	5297532	1
10211231	10210312	2
11245412	11251263	1
12538718	12538737	1
5756502	5754608	2
11018097	11019054	1
5260438	5260441	1
8845730	8845729	1
4279135	4295547	1
2475124	2475127	2
1459187	1459188	1
9507623	9507587	1
2322131	1785353	1
1303691	1303692	1
4065342	4065345	1
1761672	10732195	1
7466717	7466856	2
5280140	670827	2
7183155	7148878	1
11409259	11409238	2
6024265	6024266	2
4319890	4319902	1
6082935	6082936	1
9848117	9848118	1
1847648	1847667	1
11670272	11671816	1
12728791	12728792	1
10343764	10343763	2
9915615	9915616	1
78650	78649	2
10226849	10226850	2
5829186	5829185	1
810806	810805	2
9925300	9925299	1
9285159	9285160	1
1720048	1720051	1
1085952	1085951	1
11823614	11823613	1
4583436	4583410	1
9032526	9069958	2
10102506	10104309	1
778839	778840	1
10040717	10040718	2
2573196	2573389	1
2153042	2153074	1
10237436	10237435	2
865457	866394	1
7793447	7793625	2
12124565	12124566	1
10471097	10475013	3
4369347	9693854	1
11998242	11998304	1
7249350	7249349	1
890873	890876	1
1690408	1690407	1
7147393	7147396	1
9881694	9882493	2
253940	253939	1
2060118	2060095	1
901269	901270	1
5917055	5917391	1
122415	122416	2
468823	468801	1
10168274	10168281	1
8020668	8020667	1
7463426	7463701	1
7094216	7094164	1
12721483	12722023	3
4259893	4259469	1
1529520	1529517	2
12436980	12437723	1
5762510	5762513	1
272712	272711	1
9978002	9978005	1
3129158	3129157	1
6757726	6757941	1
10777659	10777660	1
3207392	3207391	3
7249892	7249891	1
8714593	8714606	1
12458713	12458909	2
12273119	12273120	2
628700	628699	1
4119208	4119207	1
6151824	6151789	1
7278537	7278538	1
10987903	8545286	1
8633490	8633847	1
5607664	5607660	2
5737643	5737644	1
4557422	4207604	1
4449909	4449910	1
10136117	10136120	1
777763	777859	1
719826	720700	1
5878009	5963730	2
10490444	10488808	1
5873014	5872019	1
12377040	12252307	2
10142965	10142966	1
4284871	4284872	1
11696742	199674	1
3645666	3645665	1
6036418	6038552	1
7611716	7611707	3
11180101	11180104	1
4959191	4958897	1
6701254	6699747	2
2411675	2411676	1
2475130	2475127	1
4605418	4605417	1
8665978	8666083	1
1670929	1670930	1
8300766	8300783	2
10177175	10177176	1
5835864	5838414	1
6497843	6497844	1
9642283	9642284	3
11186483	11186486	1
9101631	9101638	1
7681647	7681650	1
2489987	2490005	2
4690603	4677529	1
6344508	6344747	3
4958042	4958037	1
9703777	9703780	2
8863813	8863443	1
11987220	11987219	1
3045333	3045334	2
5400000	5399999	1
12740078	12740461	2
9928786	9928779	1
6964300	6964601	1
9642740	9642739	1
8705332	10096599	1
5704344	5706981	2
631398	631514	1
239416	239415	1
11904755	2232226	1
9098686	9098685	2
5779058	5779057	1
1868050	1868047	1
3041226	3041225	1
5913784	5913783	1
1676313	1676314	1
207786	207783	1
12648679	12648680	2
7736039	7736040	1
6087447	6087448	1
8486202	8486201	1
11664025	8729920	2
5274469	5275019	1
9888693	9999583	1
6719492	6719491	1
10409676	10409675	2
2265449	2265450	2
291331	291332	1
5994131	5994118	1
11703730	11703729	1
2398836	2398827	1
1560585	1560588	1
3012871	3091302	1
3807351	3807352	1
7511761	7511751	1
3167610	3167609	1
3200672	3200671	1
5969398	6099561	3
3535574	3535561	1
2353135	2353136	3
10850083	10850084	1
10298677	10298678	1
11738071	11738045	1
1467201	1467202	2
1575411	1574311	1
8517156	8514863	1
11647017	11647030	1
2331815	2331816	4
8285269	8285233	1
5232997	5233000	1
1674910	1675844	1
12812648	12812647	2
6955830	6958144	1
8063181	8063184	1
10775486	10775483	1
434159	434181	2
10166897	10167219	2
5530319	5530090	2
8453465	8410638	1
2943153	3035419	2
1765740	1765739	2
1767542	1767541	1
10562818	10562676	1
6873759	6873762	2
8821136	8821135	1
8900606	8900605	1
4538416	4538414	2
1637425	1637426	1
6152315	6152316	1
4421589	4421590	1
8190891	8190846	1
10588828	10588865	2
4926735	4926507	1
9126053	9126054	1
8013784	8013783	2
5950463	5950466	2
2663467	2663303	1
2935957	2935978	1
7266593	7266594	1
622962	622961	1
9922817	9922824	1
4955414	4955411	1
6621185	6621186	1
8394860	8396643	1
10033865	10033877	1
10142162	10142161	1
1592649	1592650	1
3856427	3855043	1
10084755	10084758	1
9332798	9332797	2
2475126	2475125	3
5809021	5808362	1
10218899	10218887	2
8336965	8337675	1
8798940	8797924	1
4497077	4495632	1
5342299	5342300	2
1633827	1699295	1
7927842	7929439	1
2499713	2499056	1
8576179	8576180	1
9108839	9112889	1
6341930	6341929	2
8314130	8314129	2
3455347	3457237	1
10612712	10610936	1
12136807	12136808	1
4344086	4344246	1
7952063	7952064	1
9375299	9376784	1
2495357	2495331	1
5993185	5992959	2
5815680	5815948	1
1723050	1723049	3
9963697	9963698	2
9915613	9915614	1
1631156	1631151	1
6211627	6211628	2
9087095	9087096	1
3521566	3521565	1
11231974	11231931	1
4953900	4953895	1
11545334	11545333	1
12408457	12408458	4
6140013	6139817	2
6158928	6158927	2
7549173	7549162	1
3854925	3854926	3
4471658	4471657	1
11996084	11997497	4
7678077	7678080	2
6344686	6344685	2
6934181	6934186	2
6428257	6428258	4
12239644	12239589	1
423902	413396	1
8235392	8235391	1
3260153	3260780	1
11699756	11699741	1
6140483	6138937	1
6157043	6157120	1
11259316	11259315	1
2616121	2616142	2
7630094	7630093	1
11274777	11274780	1
773669	773672	1
12154591	12152636	1
12690778	12690777	1
6664843	6664571	1
6263612	6264388	1
12445823	12448564	1
8576140	8576178	1
1529524	1529521	3
8061452	8061451	2
10101312	10101566	1
4454055	4454027	1
6090756	6091897	1
11733164	11733161	1
6120378	6120377	1
2965224	2964682	1
11109529	11109530	1
3233144	3233143	1
7342225	7342226	3
11003692	11003265	1
4231752	4620140	1
11473430	11470687	1
11766201	11766202	1
10756686	10756713	1
988048	988053	2
171182	171176	1
3898795	3899334	1
6683354	6683353	1
6765504	6764866	2
7747576	7747575	1
10719422	10719421	1
10414103	10414104	7
10486935	10486936	1
2553754	2553753	1
6897317	6897315	1
8152396	8152432	1
5464242	5465869	3
5845236	5845302	1
8697442	6210216	1
4445898	1916771	1
4353352	4353264	1
10809800	10797064	2
3753134	3751120	1
8615413	8618259	1
3049748	3049751	1
5669509	5669510	2
12815016	12815012	1
12024185	12024186	1
5758540	5758351	1
5115908	5114944	1
2631290	2631289	1
7681649	7681652	1
8387067	8387110	1
594405	594406	1
7669181	7669182	1
1954150	1954188	1
3088722	3088721	2
8881233	8881234	1
1637427	1637428	2
8235392	8235457	1
10543030	10543029	1
3789376	3789375	1
7114362	7114359	1
7448144	7448143	1
3898411	3898412	1
3966706	3966705	1
12797850	7992993	1
5060798	5060786	1
1779297	10921615	2
12048160	12048171	1
10485828	10485827	1
1245266	1245285	1
7720206	7720205	2
2500075	2466433	2
4471660	4471659	1
12618084	2511592	1
4367155	4367158	1
5648400	5648414	1
8449769	8450086	1
10905482	10905479	1
11265751	11265752	1
3461546	3461549	1
6862387	6865770	2
10488794	10488793	2
10801352	10809633	2
7956921	7956922	1
8156489	8156490	2
2989311	2989294	1
2983751	2983752	1
619732	623572	1
464654	464653	1
9335614	9335613	1
7096107	7096108	1
7222935	7223668	1
1901121	1887335	1
9142608	9141889	1
11313221	11314805	1
4323341	9439118	2
9578513	9578510	2
12725975	12725976	1
13887	11308	1
3457584	3457576	1
3648161	3648162	1
2358586	2358585	2
10504636	10504635	1
5257993	5257994	2
9327280	9327277	3
4525329	4525330	1
6443757	6443758	1
12233109	12233964	1
7026150	7026149	2
2121866	2121825	1
8449922	10905566	1
5086192	5086775	1
8513380	8513384	1
919804	919814	1
8869195	8869196	2
2565120	2565119	1
11615903	11615906	1
2806624	2806621	1
5278219	674660	2
7446470	7446469	1
10199570	10199336	1
8633492	8633491	1
7205271	7205267	1
8994430	8994427	1
4537374	4537373	1
9157893	9157894	1
12129106	12129104	1
5276679	5267654	1
9818206	9958003	1
12797406	12797405	1
11678153	11678154	1
6511573	6511576	1
5123796	5123795	1
1690406	1690279	1
1492810	1493249	1
5711521	5711551	1
3901968	3901643	1
8831532	8831531	1
2179303	2178784	1
1196458	1196457	1
11711940	11711937	2
12446521	12446586	1
516074	516213	1
6630326	6630411	1
5364043	5364002	1
12247484	12247481	1
7645003	7644859	1
8525065	8527688	1
9568553	9568554	1
2379104	2381541	1
9754943	9754944	1
10040719	10040582	1
9634799	9634800	1
9588863	9589686	1
4056200	4056199	1
9842625	9842626	2
7836818	7836817	2
6024457	6024443	2
8235390	8235457	1
12606712	4062418	1
2186029	2186030	2
4953303	4953253	1
5984694	5984693	1
12525229	12525230	1
5257995	5257996	1
10723087	10723088	1
1461434	1462044	1
11921109	11918509	1
1243869	1244051	1
10972755	10972756	1
11119039	11115173	2
3461548	3461547	1
9953071	9953074	2
114889	114890	1
5878005	5878008	1
12119958	12120005	1
9645618	9645615	1
4244089	4244090	1
6552616	6552609	1
10227179	10227180	2
6261030	6261033	1
2160176	2160173	1
2806794	2806793	1
4573858	4573857	1
8538224	8538221	2
10976692	10976943	1
7456004	7456003	1
4362817	4362818	1
3543618	3543897	1
7090497	7090498	1
6094220	6094248	1
8831530	8831529	2
11760017	11759990	1
6887126	6886482	1
7446286	5649056	2
846676	846594	1
6152288	6152287	1
423734	424397	2
8787070	8785072	1
3640763	3640764	1
4286383	4286384	2
10203693	8024897	2
9873917	9874334	2
10240766	10240765	1
10704368	10706064	1
8866908	8866386	1
11314230	11314228	1
7692628	7692627	1
2451410	2451409	2
8603219	8604047	1
2450160	2450159	2
868405	868406	1
4015626	4015621	1
8438433	8438434	1
3697145	10181272	1
5949167	5949168	1
5412543	5412544	1
4170715	4170716	1
5710806	5710805	1
9497575	9497834	1
11178051	11178052	1
2553778	2553753	1
6527577	6527642	1
8613153	8613154	1
5866985	5866986	2
7067832	7067831	1
3827394	3828135	1
125540	125566	1
8870802	8871517	1
12009229	12009230	1
1732300	2920411	1
4471044	4471043	1
9096820	8422669	1
4653620	4653656	1
6964963	6964964	2
9004409	9004410	1
5827377	5824405	2
5860346	5860345	1
4422189	4422187	1
4138634	4131879	1
397893	397636	1
3989148	3989147	3
6383506	6383505	1
7692448	7692447	1
1046597	1046600	1
5636857	5636860	1
4620077	4620078	1
5802785	5805785	2
567375	4427259	1
10934988	10934987	1
4549005	4547955	1
7996197	7996198	2
1614315	1614316	2
3713420	3713419	1
3132259	2983207	1
6036913	5935281	1
5819115	5819436	1
10354706	10354705	2
6060558	6060557	1
6152478	6149227	1
12490483	12492203	1
6341928	6341925	2
1303689	1303692	1
1183669	1183641	3
5194177	5422342	2
7676570	7676794	1
112417	112827	1
27949	27950	1
11207434	11207440	2
5583736	5583727	1
5913680	5913783	1
10318345	10318346	1
6591772	6591763	1
2458984	2458981	1
8533638	8529983	1
8845716	8845729	3
207786	207781	1
5399998	5399995	1
11095781	11088779	3
7446478	7446475	1
2495330	2495329	1
8977029	8977074	3
4605508	4605515	1
9215144	11417507	1
4238112	4238357	1
6942192	6942187	1
7222933	7222934	1
11070946	11083248	1
10724404	10724403	1
11432226	11441512	2
1758635	8378298	1
9376753	9376789	1
9339433	9339628	1
5075600	5075599	1
3512316	3510256	1
4620141	4620142	1
4087332	1825984	1
4328985	4328986	1
2279660	2279639	1
4955416	4955415	1
4301208	4301103	2
12311319	12310994	1
8820779	8819863	2
3637307	3637308	1
11973729	11973730	1
8849228	8849225	2
11891128	2962866	1
6501316	6501315	1
6719749	6719750	1
2243025	2242920	2
4578273	4586865	1
4571390	4571650	1
12661364	12661361	1
2129223	2129224	1
12523226	12523225	1
4323744	4323262	2
961288	961287	1
3987647	3987648	1
5640344	5640341	1
7809087	7809085	1
4475214	4474582	1
8404303	8405015	1
4440987	4441037	2
2665453	2665454	1
5723090	5725579	2
8337700	8337716	1
4445373	4445374	1
9611614	9611613	1
7227107	7227108	1
3925450	3925449	1
5145455	5145456	1
10050563	10050566	1
10645409	10645410	2
2210171	2210129	1
9942625	9942641	1
9252048	9252047	1
1976107	1973925	1
1834095	1834096	2
11221441	11218120	1
10037771	40141	1
5193500	5193503	1
1699763	1699770	1
6489327	6489481	1
2088774	2088834	1
226226	226225	1
4795653	4795654	1
10358513	10358524	1
7237398	7237606	1
8643320	8643319	1
3985894	3979626	1
10316892	10316926	1
12043171	12043164	1
6971618	6972747	1
5802493	5799947	1
3421434	3711892	1
4572242	4571782	1
440811	440812	2
6935488	6938256	1
1504940	1505564	1
354020	354019	1
4547958	4547957	2
10042621	10042509	1
7648222	2668405	1
8830750	8830749	1
10698151	10698154	1
11882213	11882216	1
2161064	2161063	1
2114637	2114479	2
6967359	6968602	1
7502655	7502656	1
9572398	9572397	1
6360343	6360346	1
9015818	9015817	1
11095779	11088779	1
1672726	1674282	3
5377458	5377457	1
2285815	2285696	1
7770379	7770483	1
12387891	12387892	2
10081052	10081051	1
11599001	11604116	2
7907411	7907428	1
277381	277382	1
10098118	10092963	1
2265535	2265536	2
6165968	6165965	2
3887822	3885951	1
9149014	9149013	1
4656045	4656046	1
8020584	8020691	1
10142164	10142163	1
8156456	8156455	2
825811	825825	1
11030753	11031050	3
1520801	1520802	2
9638848	9638858	3
5959839	5959840	1
2517039	2513353	1
4023236	4024668	1
3799289	3799187	1
8286298	4226568	1
8555245	8555246	1
2127446	2127648	2
6433803	6439123	1
9682095	9682096	1
483496	485097	1
12747510	12747509	1
8629325	6165969	2
10327768	10327767	2
381630	381629	1
277069	277070	1
4557778	4565267	1
10125760	10125759	1
9640544	9640543	2
1875790	1875789	1
12714508	12714507	1
12449247	12442854	1
2398838	2398837	1
11625026	11625056	2
7141406	7141405	1
7607035	7604065	1
11761042	11761176	1
927312	928572	1
6097930	6097929	1
4026609	4027664	1
7431110	7431109	1
4867937	4867938	1
1753352	1753351	1
6152119	6152120	2
5430228	5430227	1
6116256	6116255	1
9304692	9304338	1
8988697	8988601	1
10035410	10035413	1
1604676	1604675	1
9529915	9529916	1
203043	203038	1
9346524	9534774	1
11251262	11251261	2
2559304	2559297	1
1574926	1576255	3
2354740	2354705	1
4957934	4957853	2
2874742	2874789	1
3207394	3207393	3
11967986	11967981	2
11245410	11251261	1
12356272	12356271	1
9380432	9380531	1
11540888	6160376	1
10327766	10327763	1
10145996	10146224	1
6660757	6660758	2
8541181	8545111	2
5873016	5873015	4
4497186	4497038	1
11053867	11053868	1
10386724	10386723	2
5659119	5659127	1
3998552	3998551	3
10213577	10213578	1
3580140	3579893	2
6464071	6464072	3
6759257	6759258	1
5258894	5258893	1
6116105	6116106	1
7523119	7523139	1
8496280	8496279	3
8441805	8441797	3
3612473	3612474	1
4588449	4597995	1
6640625	6640684	1
11775520	11775570	1
8335819	8335557	1
1467203	1447912	1
1046274	1046273	2
6921400	6924957	4
4548657	4550069	1
5960153	5960154	1
28923	29605	2
2647023	5838727	1
4369177	4369218	1
9574996	9574995	2
740451	740454	1
10720275	10720276	1
865507	864664	1
6655584	6655793	1
2658378	2658377	1
890877	890878	1
12233965	12233966	1
8060165	8060166	2
10554416	10552992	1
12312566	12312545	1
5364050	5364047	1
2276413	2276414	1
9352151	9352157	1
6116039	6116040	3
4287023	4288309	1
344487	344490	1
6194679	6194680	1
11643463	11645796	1
2553778	2553755	1
1258236	1258235	2
3521564	3521523	1
1676170	1676169	1
10981162	10979432	1
7675562	7675561	3
2520915	2493428	1
2595503	2594065	1
7713442	7713441	1
3903255	3903243	1
5541153	5538514	1
11334717	11334718	1
7026124	7026215	1
2960435	2959968	1
5708437	5708842	1
12184268	12184267	2
3731061	3731062	2
7376939	7376940	1
5453094	5452528	1
4958042	4958039	3
10447117	10447118	2
8826569	8827314	2
4370764	4370424	1
10224410	10224409	1
4151309	4151310	1
3617118	3617115	1
2826345	4421630	1
353825	353823	1
11552719	11552720	1
10082720	10082719	1
192043	192001	1
6311916	6311915	1
2252308	2252316	1
3367318	3367317	2
5121792	5123797	1
5895904	6139215	1
10672946	10672418	1
283026	283021	1
4286385	4709475	2
1315452	1315420	3
212662	212147	2
3798232	3798229	1
6614784	6614438	1
7489265	7476724	2
7975419	12651901	1
8355293	8354877	1
5669509	5668022	1
1303689	1303690	1
4606865	4606866	2
12343936	12343935	1
12530047	12530052	3
1027049	1026620	2
3143561	3374024	1
12721477	12721478	2
5364108	5321158	1
7292382	7292385	1
2794700	2794699	2
7106738	7106737	1
10354708	10354707	2
11212381	11212382	1
8286300	8286299	1
6241183	6299147	1
5550689	5550725	1
1048416	1048088	1
4563502	4563501	1
9915617	9915618	1
11724143	11724135	1
9925298	9925297	1
12740460	12740459	1
236470	236469	5
2458984	2458983	1
6661888	6661887	2
6631441	6629739	1
5311474	5311232	1
1614313	1614314	2
6443700	3743467	1
8690786	8690304	1
12306375	12306376	2
3310085	3310066	1
1668083	1428141	1
381628	381627	1
10206525	10206526	1
10751212	10755207	1
7331941	7330773	1
1580019	1580109	2
2939756	3039043	1
8224001	8223667	1
5960151	5960154	1
2810309	2810312	1
3923191	3923192	1
4614882	4614881	1
10227175	10227176	3
10116797	9881697	1
7289968	7289942	1
11579500	11579499	1
5833779	5833880	2
2544362	2544361	1
3864276	3864273	1
3240944	3240943	1
6477542	6477539	3
7513985	7513295	1
2714597	2695984	1
12356270	12356273	1
1037386	1037385	1
311304	311303	1
8699370	8699335	1
4529248	4529273	1
1479711	1479712	4
11231740	11231739	1
8201050	8201049	1
10802375	10802388	1
3383947	3383981	2
9333332	9333331	1
6120243	6120244	1
7159404	7159403	1
1175489	1175490	2
9240032	9240025	2
9674901	9675383	1
9634797	9634798	1
12244819	12244820	1
3160730	3159187	1
5395302	5395301	1
5021632	5022306	1
988678	988677	1
4015797	4015798	1
4806612	4806611	1
11789358	11788978	1
106842	105396	2
1647027	1647362	1
7435992	7435991	1
3088723	3088726	1
9125430	9125429	2
1609180	1609179	2
6965977	6965771	1
12049224	12048387	2
3987645	3987646	1
5283547	5283548	1
2898196	2898195	1
9163011	9164985	1
7599461	7599462	1
1775547	1775548	1
6249918	6249917	1
6686479	6686480	1
5648912	5648911	2
3887039	3887036	1
1622063	1625493	1
1966542	1966550	1
704667	698400	1
1573399	1573400	1
9251646	9251645	1
5896353	5896407	1
310898	310897	1
3989150	3989149	2
8068214	8068213	1
2743115	2743116	1
8863780	8863779	1
12265963	12265964	1
11116287	11116290	1
7728758	7728757	2
2812321	2812311	1
10414109	10414112	3
9274392	9273958	2
5565218	5565836	1
2389511	2389512	1
6925385	1111837	1
4387754	4387753	1
8721147	8721148	3
7446459	6513180	1
11245410	11251263	2
3637305	3637306	1
928629	928573	2
8527567	8582166	1
9383429	9383427	2
4031872	4031871	1
2476655	2476844	1
3969459	3969460	2
10074484	9830716	1
610085	610086	1
4071818	4071468	3
6393246	6393251	1
5943586	5943585	3
12623160	12623159	1
11027553	11027554	1
11020729	11020730	1
3143185	3143186	2
5699591	5699592	1
5793391	5793349	1
6570980	6571979	1
10058590	10057725	2
10360964	10360963	1
8044463	8042485	1
10070993	10070994	1
6686121	6685661	2
5933887	6030586	1
9788567	5119715	1
12473795	12473651	1
12442142	12442141	1
12623884	12625022	1
11575016	11575013	2
10159688	10159668	1
1028731	1027087	1
2178776	2179119	4
6576880	6576879	2
10411058	10411057	1
10777661	10777637	1
11341733	11342247	1
5622043	5621980	1
738520	903150	1
8863531	8863532	1
12259779	12259780	1
1477448	1477447	1
11208648	11208380	1
2265451	2265452	2
10276309	10276331	1
11191054	11191053	2
10486506	10492066	2
10304306	7446470	2
4519389	4519109	1
5468177	5468178	1
3250947	3250948	1
5239378	5239363	1
8008546	8008545	1
3826902	3674921	1
10159048	3554610	3
10055408	10055407	1
9108835	9108836	3
11003266	11003265	1
3263682	3263685	1
6100482	5971781	1
7839605	7839581	1
8556866	8556865	1
8297029	8297030	3
9691990	9695536	1
6527443	6527448	1
1670927	1670928	1
7240471	7240491	3
10414105	10414108	6
8517126	8517125	1
880775	880747	1
78646	78645	1
2485677	2485658	1
8977027	8977028	2
5337604	5337548	1
10775486	10775485	1
722260	722259	2
1126270	1127180	3
7405186	5634616	1
10330639	10323160	1
8406754	8406751	2
7831139	7830780	1
7456002	7455999	1
9925296	9925293	1
3732312	3731034	3
613054	613053	1
1192340	1244032	1
6965770	6965769	1
834971	834974	1
10240764	10240763	1
78648	78647	2
8320737	8320738	1
9142217	9142218	1
10277740	10277739	1
5078165	9698186	2
9318426	9318681	1
7514216	7514213	1
4718316	4718376	3
593230	596817	1
10680822	10680821	1
3116671	3116376	1
9799332	9799331	2
10698132	10698150	2
7147807	7147808	1
10211229	10210312	1
4031870	4031610	1
6904370	6904367	1
8675188	8675187	1
3966589	3966707	1
10409674	10409673	1
3306140	3306137	1
7641511	7641512	1
4170639	4196945	1
253261	253262	1
10463918	10463917	1
9126055	9126086	1
2358584	2358581	2
8675190	8675189	1
10021246	10023805	1
7478082	7478081	1
11334221	11336226	1
4611154	4611169	1
2546368	2546365	2
7896425	7896428	1
6678630	6678629	2
5887506	5887317	2
5837625	5840540	1
5433718	5433717	1
10241974	4377890	1
834332	833243	1
5570021	5570087	1
10101491	10101492	2
10820300	10820450	1
600411	600412	1
7680140	7680139	1
758180	757602	2
7801951	7801952	3
4549005	4547959	1
5489629	5334395	1
8764106	8811054	1
5021634	5021633	1
4392259	4802503	1
7896427	7896428	1
10309399	10309419	1
6455249	6455255	1
3407294	3407291	1
1177160	1177156	2
3111957	3112526	3
12546740	12546718	1
8217179	8217184	1
4605416	4606864	2
8839045	8839046	4
5620702	5620701	1
6977548	6977547	1
12048156	12048171	2
6905089	6905090	2
3878860	3879271	1
12690934	12690933	1
7753254	7753242	1
2794698	2796137	2
3169328	3169323	1
827400	834970	1
5101519	5101805	1
323581	323609	1
12664097	12664098	3
4629697	4629698	2
7912839	7913475	1
1163356	3807350	1
7140245	7140255	1
9568555	6170691	2
32749	32365	1
3927588	3927596	1
7778081	7778082	1
2190233	2190237	1
5930386	5930385	1
10173794	10173827	1
963807	962001	1
7910920	7910917	2
8181239	8304134	2
108429	108432	1
4121418	4121417	1
2743117	2743088	2
2347802	7781080	1
5216039	5216040	1
10751169	10751231	2
1318903	1318889	1
4629695	4629696	1
6353521	6353522	2
4735419	4735680	1
8438435	8438436	1
4925288	4925814	3
3622287	3620917	1
4048665	4048666	1
1479906	1479710	2
9953075	9952564	2
2647645	2647646	1
1785009	2275830	1
350292	350291	2
5356123	5356124	1
2577423	2577424	1
9638859	9638860	2
11613255	11613256	1
10832112	10832111	1
2267123	2267728	1
3304070	3297596	1
5878168	5878167	1
11651353	11651371	1
7735696	7736038	1
5737645	5737650	1
2331813	2331816	2
3047501	3045429	1
3973092	3877232	1
3871928	3900100	1
12485367	12485201	1
12198870	12198867	1
1631156	1631155	1
1721751	1721752	1
6453088	6453100	1
2354240	2353134	3
2555949	1942233	1
11415693	11415694	1
2599070	2599069	1
3169326	3169323	1
8297316	8297315	1
1195369	3704509	1
429669	429670	3
3036041	3214276	1
3403457	3403458	2
10923627	10923628	4
4652045	4652143	1
5916365	5918349	1
5341378	5341679	1
253246	253262	1
10045240	9959328	2
9118224	9118223	1
12373928	12373927	1
6587153	6587078	1
990094	990079	1
8296008	8195883	1
3311287	3311288	2
5311241	5311246	2
7654186	7655459	1
4649042	4649137	1
5999511	5999514	1
687532	687580	1
12165944	12165510	1
8059301	93802	1
8966987	8966984	1
5907939	5907357	1
4318582	4318161	1
4804910	4804909	1
7504899	7504900	1
2323518	2323511	1
4444735	4444733	1
1313487	1313488	2
1257916	1257915	1
3169328	3169327	2
4838693	4838694	1
4469376	4469375	1
5069361	5069362	1
2476857	2476858	1
12504230	12517384	1
9286064	9286738	1
407196	516941	1
2528059	2528060	1
9999945	9999946	1
3749584	3707344	1
4576580	4576579	1
7833309	7832980	2
5908095	5908089	1
2416166	2416144	2
2783917	2783918	1
3403455	3403456	2
8314128	8313681	2
10296438	10296720	1
6640623	6640684	1
10082088	10081225	1
4391840	4387801	1
1366599	1366600	1
9999947	10000117	1
8338287	8338662	1
3049999	3049748	1
6994940	6994939	2
2052595	2063513	1
3813061	3808188	1
1478434	1478433	1
1064177	1064178	1
6177232	6177220	1
197868	197949	1
11264647	11264648	1
390780	390779	2
9795490	9795489	2
4533219	4533184	1
6694233	6694234	2
6223188	6223193	1
171180	171176	4
5452529	5452530	1
1920220	1919907	1
5190410	5190369	1
3046517	2969338	1
11396486	11396483	2
6131087	6131088	1
11258290	11258268	3
1829409	3973816	1
11233028	11233027	1
8813276	8813820	1
169911	169912	1
5627628	5627627	1
115530	116173	1
6538563	6538590	1
10923629	10923630	3
11174345	11174231	1
8623864	8622012	1
3311289	3311429	2
11618776	11609844	1
10573360	10573630	1
1637423	1637426	1
10547942	10547953	1
6059360	6059359	2
7441261	7441264	1
5560467	5560468	2
4629695	4629698	1
7628835	7628661	1
6683354	6683351	1
7781436	7781178	1
10218897	10218887	1
3126353	3126354	1
8987992	8988342	1
3625833	3626031	1
117261	117264	1
3208229	3208230	1
8053649	8054128	1
6450856	201642	1
7056861	7056862	1
8850997	8850715	1
1100691	1100692	1
3567763	3575175	2
1184106	3707203	1
3109061	3109051	1
6012422	6015471	1
10720277	10720278	1
1189867	1189868	1
4527868	4527151	1
8018225	8018226	1
6147462	6147461	1
9674899	9675383	1
2629347	2743771	1
7252871	7252874	2
2784753	8863534	1
6751131	6751132	2
5844509	5844510	1
5585161	5585258	1
6989179	6997118	1
6415152	6416700	2
9335612	9334614	1
1328074	1328073	1
382518	382517	1
12034738	12037158	1
12740063	12740064	1
7669183	7669184	1
9362300	9362282	1
5878005	5878006	1
3020604	3020436	2
9996886	9997851	1
4222998	4222995	1
2599068	2599067	1
4495906	4495633	2
1984321	2462870	1
9096822	9096821	3
4448335	1916790	1
3500881	3500882	1
5566714	5566713	1
11169939	11169940	1
3322563	3322564	1
11173419	11173404	3
2901729	2902739	1
4171856	4170714	1
10983147	10983150	1
139324	139776	1
8309673	8309674	1
10673115	10673116	1
3149296	3149295	1
7933504	7933937	1
7184998	7184997	3
7308798	7308795	1
8952864	8952863	1
821473	9076487	1
5807031	5655858	1
5968958	5968952	2
10411903	10408715	1
4690603	4677531	1
9529913	9529914	1
459328	459327	1
5878007	5878008	1
6033622	6030587	1
1886023	1886024	1
4495007	4495008	1
6630328	6630327	1
12188351	12184809	1
1560769	1560793	1
1053850	1053849	2
9625453	9624868	1
9778221	9778222	1
3854839	3854924	3
10488796	10488795	2
2643601	2708078	1
5261206	5261286	1
1514325	1514328	1
8796536	8796021	1
6448197	6448198	1
5464244	5464243	4
3311428	3311427	2
2513606	2516676	2
2475128	2475127	1
5615573	5615574	1
5017495	5017496	3
9881698	9881697	1
7901371	11516952	1
11334719	11334720	1
2977045	2977210	1
8634754	11867116	1
10987224	10987223	1
12151789	12151790	3
2976418	2976417	1
9786901	9786904	1
