fend1	fend2	count
4706457	4706458	1
12378778	12379296	4
9903211	9902671	1
517163	521002	1
9134563	9134564	1
4188856	4188855	1
4958210	4958209	1
12184695	12184696	1
10518703	10522496	1
1343993	1343671	1
11897768	11897765	1
7005762	7005761	2
9554485	9554486	1
9304087	9303366	1
5235715	5235716	1
4677288	4677287	1
10452548	10452547	1
9867495	9867569	1
2414823	2414826	1
7269452	7269430	2
8845890	8849324	2
10037505	10037506	1
8424598	8424597	1
6041556	12654388	1
11142239	11142240	1
7757000	7756999	2
1587689	1587460	2
10091761	10091762	2
6036552	6036500	1
1971047	2228331	1
671745	671746	3
3212971	3212972	1
11389024	11389023	2
6361170	6361169	3
10654740	10654725	1
890518	890516	1
7100072	7101902	1
4180911	4180912	1
6600548	6600547	2
4265297	4265298	1
10014197	11269542	1
3777057	3777069	1
7963768	7963767	1
5601276	7230036	1
7221992	7222016	2
3044604	3044603	1
9691878	9691875	2
641469	641470	3
6482978	6482977	1
11890626	11885582	1
10507442	10610160	1
7948572	7948571	2
10355311	10355312	2
9926598	9926968	1
12694400	12694420	1
6030256	6030307	1
5381480	5381475	1
10079190	10078787	1
12550682	12550629	1
5554643	5552708	2
2649054	2649053	2
3778574	3778573	1
5745636	5745651	1
1612694	1612693	1
11630281	11637646	2
4264361	3492635	1
8389504	8390142	1
1878192	1878191	2
10571640	3595689	1
6586336	6586335	2
3977147	3977148	1
7920569	7920570	1
12315474	12315473	1
1325694	1325693	1
5663247	7743388	1
12256100	12256099	4
5413066	5413065	1
3407322	3406575	1
10215339	10215328	1
9625803	9625804	1
11369161	12570609	1
6894923	6894924	1
8560799	8560933	1
6289894	6289893	1
2547050	2469069	2
7155592	7155286	1
11576019	11576020	1
10908074	10908073	1
4706250	4706245	1
5347442	5349057	1
10290788	10289241	1
5847191	5600534	1
5964558	5964557	1
9054283	9054252	1
2370999	2369168	1
12561999	12561847	2
6032308	6032307	1
8683991	8683992	1
4207342	4214247	1
1523644	1523643	1
8877928	10907706	3
4644728	4644725	1
7517198	7517111	1
9067604	9067603	2
4257874	7221841	1
12727539	12727511	1
3861426	3861425	1
4041002	4041012	1
9092144	9091218	1
337921	267832	2
8701724	8701723	2
3149098	3148768	4
7294153	7280393	1
11323540	11323539	1
2476639	2476640	2
8570311	8570293	2
4305720	4305719	1
7894612	7799264	1
11339176	11339123	1
5452555	5452556	2
743712	743711	2
1972893	1971722	2
8347174	8305245	2
7340602	7340591	1
4648413	4648414	1
3534969	3534970	1
1776262	1776257	1
6004011	6004012	1
10447222	10448258	1
5586012	5586011	1
900257	900258	1
983306	983305	1
2270571	2270572	1
4395164	4386088	1
9050455	9050554	1
686514	686511	1
3298157	3298158	1
3616809	3616810	1
6826285	6826286	2
1482119	1482120	2
10088889	10088890	2
7622508	7622507	1
3264969	3265380	1
10123381	9834126	2
11855995	11855998	1
9098857	8721933	1
1980885	1980886	1
7861443	7861449	1
1758343	1758344	1
5273225	5273221	1
7956286	7956336	1
1080166	1080317	2
3725652	3725651	1
8683223	8683224	2
2488276	2491647	1
3892954	3892851	2
3338786	3338785	1
10635746	10550766	1
9824373	9824376	1
3908107	3907991	1
4752564	4752563	1
7543252	7543103	3
7807835	7807838	1
11863467	4117813	1
2047746	2049873	1
1479646	1479645	1
9908156	9908155	5
3855945	3853538	1
7250505	7284657	1
884519	884374	1
8074698	8074697	1
5673438	5673437	1
1357629	1357632	1
3959053	3959054	1
3421884	3421909	1
9013297	9013298	2
12471944	12473012	1
8674771	8674772	1
11015906	11015905	2
11518938	11518937	1
3333067	3333070	1
123959	224405	1
10378391	9467330	1
11780420	11780419	1
1759012	1758016	1
10710449	10710450	1
7799208	7799207	2
9298780	9298775	1
7932117	7932118	2
468494	474087	1
4227497	4227489	1
5292061	5292100	2
10555242	10555281	1
5056328	5056327	4
9977999	9978000	3
12568214	12568213	1
5497578	5497577	1
12232327	12232332	1
4255509	4582355	1
5917180	11007738	1
9510503	9510504	2
7218613	7218614	2
7273528	7294789	1
4299083	4299084	1
10400427	10400428	1
1291241	4120041	1
6895357	6895494	1
1614295	1614296	1
10082086	10082040	1
528768	2703839	1
865308	865307	1
9126597	9126581	1
6192792	6192791	1
5023090	5022948	1
11417912	11420686	1
10015109	10015018	1
11667681	11667682	1
1151317	1151322	1
9993147	9993061	1
11730691	11730692	2
7862465	7862466	1
7192440	7192542	2
2069949	2069950	3
2754761	2754762	1
2357924	2357938	1
9751214	9751811	1
9300041	7015329	1
9831416	9831415	1
6743309	6743310	1
10062320	10062293	1
5366281	5365096	1
2517581	2517593	1
8440499	8440522	1
4545340	4545337	2
1162007	1162010	1
891654	891651	1
7639980	7604326	1
8129973	8129974	1
8244615	8244616	1
11538688	11538767	1
6833608	11372730	1
2736091	2736092	3
181509	184380	2
4070695	4070768	1
7450431	7450432	3
11216296	11215470	1
4337688	4337778	1
6062303	6062306	1
9107642	9107645	1
3063628	3063627	1
1139438	1139440	2
10356561	10356564	1
2317181	2317074	2
9264288	995646	1
10194145	10194141	2
5588715	5588700	1
6273655	6273656	3
6702123	12734867	1
1765782	1765781	2
3246265	3246266	1
5766986	5766977	2
1341940	1337984	1
12603404	12604752	1
6347	6348	2
3931363	4057082	1
12365490	12365489	1
7070591	7070584	1
5401202	5401201	1
4502531	4502534	1
4752568	4752567	2
5464070	5464075	1
987646	987645	2
11388367	11388153	1
7903017	7902921	1
1888952	1888949	2
574093	574094	1
450183	3382848	2
11753220	11753481	1
7558149	7559871	1
9134559	9134560	1
9625805	9625806	1
6898397	6898398	1
2280405	2280406	1
5355137	5355133	1
7900020	7900019	1
7264390	7264389	2
1587691	1587460	1
9153623	9154448	1
4248328	4248503	1
11387961	11388182	1
11597170	11597169	1
10620318	10619962	1
8836664	8836667	1
6724202	6724201	1
2943622	2943581	1
7429583	7429591	1
8867125	8867126	1
11994680	11994679	4
1728577	1728578	1
5155605	5155606	2
7014819	7013996	2
12186363	12186366	1
6273655	6273658	1
6944327	6944328	3
9705559	9705560	1
8742063	8742123	1
10907871	3962857	1
6657702	6657701	2
9774195	9774196	2
3697930	3697929	1
7329489	6201067	1
6655229	6655230	1
8494959	8481391	2
5844682	5844681	1
1863327	1863341	1
7925586	7925568	1
11629392	11629391	1
10744338	10744333	1
6364060	6225708	1
3742252	3742251	1
4540838	4540837	3
8563909	8563910	1
2258423	2258424	1
10319722	10319721	2
177737	177792	1
2048836	2048864	1
7939598	7939597	1
830274	830273	2
6255779	6255773	1
2966862	2972384	1
4486540	4486552	1
11076206	11076205	2
7956315	7956283	1
10091757	10091760	2
9467032	9467031	2
10678781	10678764	2
10605811	10602879	2
1977271	9294532	2
10489690	10489689	1
3990372	3987916	1
6503759	6503760	1
4439438	4439444	2
11930412	11932149	2
5299603	5285926	1
5232078	5232077	1
6732447	6732363	1
11352234	11314299	1
6325749	6325738	1
3298180	3298179	4
12763685	12763657	1
11733047	11733066	1
139567	144213	2
8262264	8261463	1
12483670	12481412	1
6954989	6954923	1
9519707	9578717	1
5368549	5368600	1
10336525	10336526	1
6679697	6679698	1
10565897	10565898	1
8838572	8838571	2
6682589	6682597	1
6886462	6886163	1
8980197	8980173	1
7116609	7116610	1
1533747	1533748	2
861271	860851	1
7278073	7285922	2
9663290	9663307	1
6037954	6037957	1
7242046	7242045	1
6328224	6328223	1
4438807	4438808	1
4362574	4362570	1
10545137	10545162	1
6661943	6661944	1
2975068	2975067	2
4617054	4617178	2
6502353	6504123	1
9663373	9663374	3
5346568	5346567	1
8570292	8570291	1
1366283	1366284	2
11269140	11269139	2
4016646	4017311	3
6639221	6639222	1
7126666	7126133	1
5065171	5105401	1
11099501	11099529	2
6569122	6569121	1
3208501	3208471	1
9180751	9180752	1
9145765	9145766	1
915854	934041	1
5931264	5931263	4
7052229	7052230	1
9510503	9510506	1
10429347	3649170	1
6118774	6118796	1
7808625	7808673	1
7446260	3606846	1
3688266	3749635	3
4665139	4665140	1
9425947	9425966	1
10137536	10137097	3
8529866	8530754	1
2380250	2380248	1
4608506	4608680	1
633941	633942	4
9684990	9685055	1
1497588	1497587	1
10300959	10231047	1
1723248	1723247	1
3495200	3495199	2
3539350	3539349	2
3990372	3990375	1
9004660	9004657	2
12775204	12775203	1
1749505	1749462	1
11690535	11690536	3
7703504	7703516	2
5843317	5843318	1
5216231	5216152	2
654864	654890	1
3152704	3152665	1
4951543	4951544	1
633943	633946	2
2974483	2974484	2
7452903	7453224	2
7203753	7204617	1
2491883	2491782	1
5041363	5041361	1
5383414	5383438	1
455788	455787	3
11542051	11542052	1
2905696	2903408	1
11994946	11994945	4
8952769	8953488	1
6388172	6388171	1
6480572	6480569	1
11337489	11337490	1
4566552	4566549	1
10986264	10986263	1
6010992	6010675	2
11479121	11479208	2
8053616	8053588	1
7754909	7754887	1
1141729	1141730	1
5579438	5579435	1
3322782	10216450	2
10349644	10349625	2
2193210	2193213	1
1926173	1926174	2
1724213	1721883	1
5399425	5399426	1
9485766	9485808	1
3936591	3936592	3
10318797	10318798	1
341899	94092	2
1451203	1451242	1
11192876	11193077	1
4070769	4070770	3
9282971	9282974	1
4580691	4580727	1
9178531	9178514	1
3279072	3283801	1
2528320	2528317	1
9510830	9510502	3
4070693	4070768	1
11643476	11643475	1
1899850	1903080	1
10278348	10278347	1
360729	360625	1
6263272	6263254	1
7923079	7923077	1
9004654	9004666	2
10262062	10244743	1
11647053	11647060	1
5739572	5739571	1
2337499	2337500	2
3274806	3274805	1
11445694	11472285	2
5837601	5838925	1
12775510	12775509	1
10226873	10226874	5
9717851	9717852	1
7264335	7264336	1
6521014	6523927	2
10296416	10296415	1
12466629	12466641	1
11673418	11673417	1
8169568	8169567	2
8275873	8275874	1
1628451	1742625	1
11992965	11992966	1
2809062	2809061	2
12663823	12663402	2
2927829	2927830	1
3112696	3112695	3
10553911	10544388	1
11833792	11832531	1
7005760	7005783	2
9470462	9470461	5
10868535	11744458	1
1450891	1450892	2
2228130	2228127	1
5912281	5912282	1
11633073	11633076	1
7444069	7298337	1
7080618	7080610	1
1222853	1222854	1
11026878	11026869	1
1251541	1248563	1
9648184	9648181	1
10865841	11880843	1
7045688	7045687	1
1875968	1874962	1
11297512	11499162	1
6324015	6321623	1
6585795	6590850	1
10565779	10998048	1
8154053	8156104	1
5435090	5435035	2
4836039	4836040	1
2571891	5679904	1
6157505	6157506	2
1573985	1692248	1
4416887	4415839	2
3099209	3099212	2
9331846	9331845	2
4674703	4674740	1
9810803	9810804	1
5763328	11032696	1
6235692	6235691	2
12691980	12691979	1
8851370	8851369	1
6144190	6144189	1
6995240	6995226	1
1964841	1964023	1
2787031	2787032	1
10173224	10173706	1
7669054	7785875	2
9091203	9091204	1
12438310	12438309	1
6356603	6356604	1
3961317	3961318	1
12616032	12616059	2
5729303	5729304	1
6388133	6388134	2
11338657	11338749	1
10777105	10777106	1
4617160	4617146	1
9968042	9968025	1
11830880	11830879	1
4031369	4032113	1
6458289	6458319	1
10965476	10965475	1
5839291	5839292	7
4435092	4435091	1
3939547	3937182	1
223274	224068	1
1775819	1776756	1
10540823	10539595	1
1972032	1972029	1
3368800	3253109	2
12474256	12475640	3
2633331	2633332	1
10760545	10760546	1
10703867	10733995	1
10351452	10351440	1
1434464	1435413	1
1722207	1722210	1
8281598	8281891	1
3035643	3035648	2
271187	271188	1
9586605	9586608	2
4223206	4223205	2
12566894	12563785	2
10516387	10517702	2
6110701	6110702	2
10026456	10026785	2
860953	860944	1
2886559	2888542	1
758195	758196	1
9428257	9428258	1
6620016	6619954	2
6558340	6558339	1
12477859	12477749	1
3032002	3032001	1
1304990	1304989	2
2803283	2795726	2
9764022	9764019	2
9845502	9845499	1
540696	540695	1
830272	830269	1
4565237	4565271	1
947978	814956	1
3032605	3032978	1
947097	900256	1
6698805	6714832	1
10523819	10667093	1
7101659	7101717	1
5430869	5451756	1
7558155	7559871	2
645595	645060	2
7717476	7719111	1
10231046	10231045	1
1252725	1252726	2
7202519	7202562	1
134522	40847	1
2566189	2601589	1
3981857	3981858	2
3616832	6572845	1
8224103	8224017	2
8602176	8602175	1
5955347	5955316	1
7478053	7480324	1
7653189	7653190	2
9141472	9141471	1
2012758	2012750	1
10534712	10534711	1
6558342	6558339	2
6207673	6207676	2
8684048	10517585	1
171554	171684	2
11526228	11526227	1
1248637	1248638	1
5420127	568813	1
1721879	1721880	1
11801192	11801189	1
6019857	6019836	2
10904545	10904603	1
1953638	1953601	1
1263243	1259596	1
5765776	5675224	1
1800461	1800462	1
4325205	4325159	1
11512362	11512379	1
1660095	1660098	1
10335980	10335979	2
645155	645156	1
1455350	1455326	1
10893757	3957616	1
4439058	4438984	2
6257767	6258735	2
3338079	3337896	1
4609281	4611920	3
11885765	11885766	1
5083075	5082563	1
1204754	1204069	1
7941411	7941412	1
2840998	3055644	1
3117779	3118053	2
3359783	3359784	1
172489	172490	1
11117158	11117157	1
11170149	11170160	1
7713751	7695472	1
2442657	2442658	1
12459676	12459369	1
2550056	2550822	1
995806	995805	1
7538082	7467429	1
7456743	7456744	2
963458	961995	1
10093659	1679269	1
1704888	1705063	1
5464753	5464618	1
5187830	5187829	1
2503964	2503963	2
7713588	7713552	1
1705062	1705061	1
11671493	11671176	2
11019238	11023053	1
11872043	11869900	1
7670304	7670303	1
1027774	1027773	1
6279178	6243483	3
9717733	9717850	1
5182003	5182004	3
8637869	8641175	1
12772354	12772353	2
11872571	11872572	1
2992272	2992270	1
6935990	6936290	2
8638128	8644052	1
4812180	4789352	1
11798129	11798130	1
12044755	12045998	1
465959	465929	1
9978001	9978004	1
6748274	6748273	2
11337545	11337546	1
7224869	7224870	1
12370865	12370866	1
3148769	3148770	3
9035745	9035746	1
540692	541423	1
9978001	9978002	2
1749538	1749550	1
892759	893114	1
11428407	11428408	1
81618	116845	1
2770627	2764176	1
7941209	7696461	2
6405155	6405173	1
10893224	10893223	1
10196165	10196128	1
6351304	7061584	1
2050911	2050912	1
12191307	12191308	1
8429203	8429204	1
2390627	2199484	1
6288058	6288148	2
3786408	3786407	2
5739570	5739569	1
1455353	1455354	2
7116607	7116608	2
7017268	7017245	1
6122387	6204832	1
7449985	7450782	1
9440484	9442182	1
997058	997053	1
927051	927052	1
7387057	7387058	2
10048344	10048339	1
12631777	12631778	1
6352790	7133452	2
10801849	10801748	2
11513013	11493556	1
3736680	3736679	1
4248504	4248503	1
9309134	9309133	1
9961690	9961655	1
5928196	5926784	3
11099501	11099502	1
2046833	2046834	1
3809339	3808530	1
2940354	2940353	1
286658	286654	2
7548268	7548267	2
1455351	1455354	1
2308713	2308704	1
5381480	5381477	1
7581094	7581093	1
7732061	7732039	1
11310712	11310709	2
4540209	4540177	1
8938426	1532637	1
3508360	3508415	1
12768748	12769723	1
872373	872374	2
12131583	12131002	1
1750387	1750388	1
983287	983307	1
4090984	4090983	1
5894260	5894259	1
8170306	1396261	1
3301607	3301399	1
4680023	4680129	3
10770310	10770309	2
9508465	9492518	2
11614355	11614356	1
12184745	12183756	1
601465	601428	1
5738107	5738376	2
2895613	2896043	2
7768905	7768908	1
1401194	1378683	2
10623943	10623944	2
4015541	4014589	1
5024391	5024392	2
9042846	9042845	2
8425958	8425412	3
7261025	7261026	1
987644	988131	1
8154315	8154316	2
11764956	2376760	1
5642375	5642376	1
6129773	6129802	1
975231	975232	1
1614297	1614387	1
8464306	8485123	1
7645907	7645908	1
3279301	3279302	1
5897261	6019106	1
6703271	6702220	1
6572021	6572022	1
7893084	7893083	1
6694999	6695046	1
6312091	6312092	1
12046001	12046002	1
11968920	12205923	1
12417049	12417060	1
5799813	5799814	2
1301695	1301696	2
3993219	3993224	1
7851982	7851981	1
1486506	1486505	4
6424891	11661843	1
11406071	8327535	1
11629390	11629389	1
10441276	10441830	1
7802011	7802012	1
3298160	3298163	1
3723854	3724404	1
11892608	11892607	1
365543	365680	1
811783	811784	1
3191974	3194060	1
2149669	2149670	2
9691886	9691883	2
2601859	2601860	3
10881755	10881741	1
11337547	6688917	1
9175995	9175996	1
8437596	8564968	1
10166249	10166250	1
4319034	4320874	2
7116718	7116721	2
12604282	12604281	1
9179656	9179659	1
5230091	5230092	2
5458761	5458762	2
7844321	7944705	1
3590526	3590525	2
11183408	11183407	1
5342080	5342083	1
6037370	6037367	1
6831362	6831304	1
12379297	12379298	3
4723163	4722775	1
1048466	1048465	1
11677150	3740470	2
11677068	11677067	4
10538796	10538795	3
4568031	4568034	1
10883744	10883743	1
4350249	4350250	1
7218973	7218974	1
1826330	8228611	1
10620590	10619558	1
773763	773764	1
4662864	4493205	2
10278794	10278791	1
8300132	8300130	1
2192519	2196762	1
10298171	10297957	1
10036565	10036568	1
10497183	10497184	1
3533066	3533065	1
9467036	9467035	1
1255004	1254997	1
11253077	11253080	1
3499495	3499496	1
9904523	9856631	1
3869695	4783990	2
323283	323284	2
9889701	9889594	2
9940127	9940128	1
8071466	8071465	1
8994947	8994948	2
7643435	7649688	1
11038048	11038047	1
6453180	6562098	1
7817290	7817260	1
3099110	3099107	1
8367330	8319017	1
10379697	10379878	1
6591689	6591692	1
7968374	7968373	1
1508798	1508797	1
2463163	2467877	1
6870700	6872775	1
5017204	5017203	2
7703365	7703366	1
9491173	9491432	2
8561130	8561129	1
287789	287422	3
3295000	11852949	1
4296499	4296470	3
8867127	8867192	1
3242167	3242168	2
10878262	10878261	1
4849313	4765066	1
3017565	3017075	1
1797206	1797228	1
6628217	6628218	1
3697991	3698000	1
7661985	7661988	1
327492	327491	1
7311368	7311373	1
2381986	2382010	2
9124270	9142302	3
8780701	8780702	1
12366352	5719466	2
5989320	5989692	1
6409565	6409608	1
3719348	3719347	1
12279283	12279433	1
3051326	3051323	1
10539393	10539358	1
9925329	9925330	1
7653191	7653089	1
4615928	4615830	1
3329673	3329674	1
7721088	7721110	1
1945774	1945773	2
9052604	9052603	1
1898601	2082748	1
2218956	2218955	1
3974769	3976835	1
2681432	2661164	1
883545	883546	1
11024873	11024881	1
2445908	2442669	1
11386260	11386252	1
166062	166061	1
11094014	11094017	1
7663025	7654337	1
9831420	9831415	1
10055816	10056868	1
11404481	11404482	1
9333583	11512075	1
5334977	5334657	1
2039220	2039203	1
3626634	3626633	3
8922932	8928136	1
4827424	4827413	1
1007277	1007228	1
6127736	6128209	1
6681063	6681879	1
9098964	9099974	1
9681283	9685665	1
5746684	10884947	1
7780606	7697719	1
4041003	1453202	1
4582883	4582925	1
10907707	10907708	2
3264969	3265382	1
3626632	3647396	2
9915026	9915023	2
2496426	2496459	1
1996026	1996025	1
8172024	8172023	1
6981258	6978149	2
7729433	7729434	3
10469163	10469164	2
11843357	11841365	2
9596831	9596827	1
4130544	4130543	2
5828725	5828681	1
5041705	5041708	2
10211592	5998799	1
9305667	9305668	1
1484792	1484784	2
645157	645223	1
5782975	5782978	1
1258812	1354750	1
6482976	6482975	1
415645	415646	1
7411367	7413647	1
5912480	6044417	1
7696099	7695996	1
7324424	6121541	1
5488994	5488993	2
7218971	7218972	1
3528682	3528685	1
9467879	9467930	2
7964198	7964195	1
3039894	3039891	1
7546449	7546422	1
4472505	4472508	1
2149673	2149676	2
519139	519142	1
6661913	6661942	2
10053469	10021714	2
1612652	1612651	1
7446467	7446468	2
6514436	6514398	3
794849	794850	1
12183089	12183463	2
6240468	6239248	1
7164658	7164656	1
4407836	4407783	1
12545134	12545130	1
8577210	8577209	1
3885325	4540839	1
3273902	3273901	1
8796666	8796665	3
11608218	11608224	2
4749448	4749447	1
3079978	3077090	1
365036	365052	1
2254710	2254709	1
5243695	5243696	1
9154323	9154324	2
325744	325647	1
11943310	3032194	1
10281685	10205621	1
6281892	6282262	1
3112615	3112616	1
8503407	8503427	1
12649990	8910299	1
11224115	11224163	1
6682587	6682588	3
4381173	4173639	1
4563873	4563820	1
12154106	12154153	2
7595018	7595017	1
9092165	5380145	1
11898945	11898179	1
582607	582610	1
11513844	11513843	1
651530	650990	1
10134615	10134616	1
8742942	8742941	1
3832871	3832874	1
6697950	6697949	2
7729096	7729095	2
7851757	7851758	1
9332867	1319346	2
3719923	3719924	1
633947	633948	3
348901	348902	2
4355881	6745418	1
9994531	9994532	1
1539343	1540594	1
11804785	11805143	1
11005578	11120565	1
5431571	5487046	1
12046570	12046569	1
10063403	10063406	1
11142241	11144068	1
6657698	6657662	1
8307440	8307439	1
6035756	6035755	1
10301772	10301771	1
4939771	4939741	1
10111201	10111202	1
9656788	9656787	1
8987216	8981854	1
10444820	10447347	1
10709381	10720640	1
7223010	7222753	1
9175991	9175994	1
6534393	647667	1
3107032	3107037	1
5511188	5511187	1
1421538	1421261	1
6940618	6940617	2
654866	654865	1
7585959	7585960	2
886955	886956	1
6503761	6503762	1
5746102	10884944	2
3972867	3973097	1
5671771	5671812	1
5928196	5926786	1
9798245	9798538	1
1155334	1155992	1
12713668	12713667	1
3990374	3990373	1
3703825	3703826	2
5716074	9488181	1
1361576	1361575	2
11435460	11435459	1
1113375	1118055	1
10497185	10623950	1
12626467	12626572	1
1137044	1137043	2
5269856	5269845	1
6361168	6360901	2
1334545	1337745	2
12159425	12159426	1
5803724	7213411	1
11483519	11483554	1
9800953	9801283	1
2652525	2652526	1
9831376	9831464	1
274659	274455	1
8641443	8673105	1
277781	277782	2
2112029	2112092	1
11099503	11099529	1
9100338	9100337	2
293002	200698	1
3157920	3157919	2
11328554	11332329	1
2193320	2187127	1
7090680	11452413	1
2051458	2051455	2
1579654	1580306	2
2700111	8214260	1
10475811	10475852	1
4425197	4425198	1
7772207	7772208	1
10469065	10469068	1
11515257	11515258	1
6535002	6535353	1
10461722	10461721	1
5243693	5243694	1
5017273	5017515	1
5571830	5571244	1
11220610	11206628	1
9004656	9004655	1
4296497	4296498	3
2073829	2073129	1
9479239	9479240	1
2607110	11808274	1
5270764	5270763	3
5021983	5021984	1
5330933	5330892	1
12783281	12782766	1
4504714	4504722	1
1787408	1787407	1
8795476	8795475	1
10668901	10668902	1
5775175	5775176	1
7123705	7123777	2
3028198	3028278	1
4553363	4553427	1
5669355	5669356	1
6461474	6461473	1
1725647	1725648	1
11830877	11830878	2
4070484	4070483	1
10559088	10559087	1
391246	774806	1
3242169	3242172	1
9295506	9295549	1
9014095	9014096	1
3569861	3569862	1
4362070	4362057	1
3395031	3396584	1
3251522	3251521	2
10761798	10761797	1
10905165	10902750	1
4733256	4733255	2
5256118	5256117	1
7898475	7893815	1
7356325	7353198	1
6130951	6130952	6
11279453	11279454	1
10471627	10471754	1
11890231	11741577	1
11361325	11353212	1
530718	627019	1
9871261	9871262	2
374854	374853	1
1628178	1628177	2
6924309	1058060	1
3049632	2933754	1
6293820	6293890	1
2061111	2061296	1
2409428	2547520	1
11277443	1092051	1
2038142	2637059	1
8666460	8666457	1
7785329	7785880	1
3622466	3745870	3
1048649	1048521	1
9677740	9624451	3
5974700	5974699	1
4102664	4102663	2
4645760	4645763	1
954099	954100	1
4648411	4648412	1
1955949	1956111	1
176496	176502	1
8783009	3982530	1
896463	896464	1
6013446	6013500	1
6534810	6532194	1
3092314	3092493	1
4216671	4216674	1
537061	537062	1
12375019	12375020	1
6273657	6273658	3
3318709	11847829	1
6470705	6470706	1
574091	574092	1
5431134	5429775	1
5467587	5467588	1
5552709	5552710	1
6213246	8369748	1
7010639	7010640	3
7871984	7871983	1
7482817	7482820	1
5705357	5704717	1
772969	772967	1
6158094	6053474	1
3246267	3246337	1
2880977	2880978	2
1088995	1088998	1
4154062	4140972	1
1378838	1378837	1
11529316	11529315	1
6696432	6696431	2
7795582	7795565	1
10029581	10029582	1
1874965	1874872	1
8274565	8274344	1
891650	891649	1
12596959	12597320	1
2706073	2646135	3
10374684	10322074	1
4824777	4824780	1
9584257	9584467	1
11827990	11827987	1
9343180	9343177	1
692042	694307	1
10257551	10257699	1
10298682	11629725	2
3217057	3217058	2
5680777	5680778	1
11438569	11437917	1
6328335	9365801	1
526178	526204	1
3940487	3940488	2
6835293	6835294	1
1660095	1660096	1
7049325	7049326	1
1520495	1520496	1
9963039	9963036	4
6091264	6091263	1
11556116	11556111	1
1612692	1612691	1
5924770	5924769	1
7200737	7200738	1
2357034	2357554	1
716528	716525	1
12568447	12568213	1
7483136	7483135	1
716537	716538	1
10477119	10477111	1
7771455	7767613	1
5107173	5107174	1
2555952	7829502	1
7389393	7389394	2
237915	266729	1
664239	664240	2
633943	633944	2
4990992	4991720	2
4751443	4751718	1
3157922	3157921	2
3527125	3527111	1
6118779	6118780	2
5355623	5355626	2
12242459	12239160	1
5215710	5215700	1
4134494	4141255	1
6702221	6702222	1
145715	136356	1
10986840	10986837	1
7682850	7682849	1
8208422	8208351	1
2720130	2720129	1
6920379	6920382	2
2736093	2641460	1
11889937	11889888	1
2907674	2907673	2
9639810	9641364	1
11169211	11169216	1
5717085	4445441	1
49025	5065170	1
3341414	3341413	2
12119686	12123155	1
22187	22188	1
5434447	5435702	1
11940759	11940760	1
5194262	5193995	1
12806114	12810939	2
4478305	4478306	3
12474258	12474257	4
10239116	10239115	1
62261	61965	1
7148392	7058917	1
2375005	2440785	1
5869839	5867586	1
7071547	7071548	1
4192030	4192029	2
10218127	10218128	1
2258421	2258422	2
8391263	8391257	1
10807429	10807430	2
7670302	7670305	1
3361517	3361518	2
11084486	11084485	1
10560270	10560047	1
6002252	3107187	1
1065769	1065790	1
10068174	10068173	1
3961055	10887695	1
7117525	7092010	1
7899357	7899358	1
11833794	11833793	2
11591330	11591329	2
6537089	6537092	2
12332547	12332548	2
10897000	10984164	1
3019030	2866450	2
6041967	6041977	1
2120866	2021532	2
1534706	1534186	1
5820610	5820613	1
3218249	3218252	1
370820	370819	1
1033246	1034051	3
2228699	1962380	1
5571828	5571244	3
8452958	8452957	1
3321079	3321080	1
12294499	12294185	1
6358062	6464487	1
2334786	2334785	1
4084067	4084057	2
11521808	11520749	2
1951542	1951541	1
1218350	9552839	1
9717191	9717192	3
3039892	3039891	1
6704364	6704332	1
7446459	7446443	1
3417847	3725437	1
397198	480455	1
1486504	1486526	6
9717733	9717852	1
4580843	4581220	2
99292	99332	1
7084383	7080621	1
1535880	1459639	1
2485250	2485249	1
6091262	6091265	1
4279170	4279109	1
1932508	1932505	1
7388188	4557539	2
8849106	8849060	1
6241868	3445596	1
3100152	3098334	1
7574975	7572489	1
6320048	6320047	1
1926175	1926363	3
6748577	6748578	1
10036565	10036566	2
10663512	10663511	1
8514863	8004989	1
3871761	3871762	1
8711801	8711802	1
2902859	2715401	1
6003	5726	1
3642595	3642596	1
5314572	5312086	2
8729201	8729374	2
4833556	4826695	1
10023223	10023226	2
5964554	5964553	1
7038524	7038515	2
1612205	1612206	1
9466720	9476044	1
8254032	8254031	2
4041348	4041396	1
683936	683363	1
5050399	5050400	2
4611921	4602520	1
12483428	12483427	1
2580348	2571900	1
2258417	2258418	2
7531173	7531174	1
3961319	3961320	1
3484874	3484854	1
8334263	8334264	1
7913177	7913178	1
12651818	12651815	1
12533660	12533663	1
5567247	5567248	1
6345027	6345028	1
11096983	11096906	2
10025931	10025932	1
11391016	11390969	1
12565729	12565364	2
7369029	7369030	2
2476635	2476638	2
3253055	3253058	1
2132295	2132296	2
5995567	5995568	1
11638749	11573053	1
7952328	7952327	2
5105400	5105399	3
2550058	2550057	1
11155625	11155628	1
4717153	4717319	1
7692187	7692226	1
9179658	9179657	1
12388264	12388283	1
8374527	8375674	1
6067253	6067254	1
1987548	10768208	1
5537590	5537587	1
6728071	6728072	1
11872573	11872574	1
1898799	1898800	1
7440093	7440094	1
3497128	3495845	1
4130545	4130546	3
4182395	3570768	1
2401481	2401482	1
6041978	6041981	1
4187460	4186803	1
2619423	2619442	1
5665189	5665304	1
8665309	8664720	1
3517479	7084333	4
3208470	3208465	1
10691825	10691828	1
895863	895740	2
5056324	5056323	1
6281978	6281480	2
5653149	5809032	1
4223208	4223207	1
391246	397749	1
4070691	4070692	2
10495530	10495529	4
3483409	3739480	1
7073550	7074355	1
2224787	2221520	1
277800	277799	1
120008	120019	2
12018370	12018369	3
4090760	4090817	1
8612416	8613867	2
8386802	8386796	1
6682589	6682590	2
5550800	5550799	1
2003803	2003793	1
10167938	10167927	2
6970005	6970006	1
10894941	10894943	3
6310217	6310218	1
6240305	6240308	2
1123799	1179583	1
8479964	8479318	1
853376	853371	1
9182694	9183003	1
556600	556597	1
11934937	11766935	1
10114095	10114098	4
12625153	12625695	1
5819686	5819685	1
5843319	5843320	1
3978114	3979458	1
12184695	12184698	1
8440499	8440500	1
10480781	10480793	1
12232331	12232332	1
519143	519144	1
7239197	9807776	1
186231	186234	3
5540339	5540340	1
5099957	9083969	3
2607112	2607111	2
10453792	10453791	1
7830636	7830656	1
3928606	3928659	1
485977	486115	1
7045673	7045689	1
2513070	2513069	1
3709704	3709720	1
5570350	5570349	2
11061232	11061188	2
12663403	12663404	1
10873222	10873221	1
10860296	10860295	1
3320550	3319889	1
8070250	7663755	1
5926785	5926786	2
8563907	8563908	1
6037748	6037747	1
11336412	11336415	1
6019855	6019856	2
6337728	6337770	1
7264734	7264723	1
10419822	3734795	1
455786	455769	3
3833445	3833446	1
1592245	1592246	1
6826287	6819616	1
6407996	6666411	2
7123165	7123166	1
8796681	8796667	3
4060257	4060244	1
6958732	6958691	1
3813582	3813455	1
5551331	5551745	1
11275560	11275557	1
3158434	3158433	1
7999067	142680	1
2164690	2164689	1
2120868	2120867	3
7980897	7980898	1
6972017	6972155	2
11663456	11663418	2
2503962	2503967	2
199493	199494	2
5823513	5823514	1
96403	10769297	1
9117767	9117768	1
4839626	4839716	1
5008916	5010037	3
1901843	1901844	1
3817821	3817822	1
3230970	3230950	1
10881967	10881968	2
1117647	1117057	1
2658031	2658032	1
4174418	4174417	1
12555436	12555431	1
10894255	10894256	2
2866681	2866652	1
12045999	12046000	1
4370905	4381575	1
920038	920010	1
8463758	8463757	1
8308844	8308814	2
185394	185393	2
8673751	8638843	1
7347788	11642943	1
8215138	8215137	1
3662764	3662961	1
695913	695681	1
1972028	1972027	1
12359811	12359803	1
11413841	11413842	2
12232327	12232330	2
8910298	12649989	1
8827742	8827686	1
10374231	10372645	1
1568502	1571970	1
5359484	5359495	1
6288149	6288154	1
11568262	11576338	1
11690529	11690536	2
9557975	9557976	1
11884123	11884124	2
11556426	11554165	1
9417384	9408152	1
9417386	9417385	2
7931432	7931431	1
2629067	2629068	1
7614188	7614599	1
2787033	2787034	1
6242769	4934847	3
11647958	11647957	1
8215140	8215139	1
2904870	2904815	1
8019015	7902687	1
1139434	1139433	3
3321085	3321099	1
4405662	4405737	1
4745144	4745078	3
6412801	6412907	1
9845498	9845497	3
7218453	7218023	1
4381581	4381582	4
1749568	1749565	1
11107631	11103104	2
1352993	1352994	1
8188437	8188419	2
9843637	9843654	1
1769835	1769836	1
11893250	11897860	1
10226871	10226872	3
3723202	3458422	1
10715809	10711548	1
4371552	4371547	1
7071569	7071546	1
10540825	10539595	2
6834973	6835292	1
6001675	6001676	1
4322832	4376282	1
12049972	12049971	1
4081458	4083141	1
3647017	3647018	1
7566952	1895953	1
992960	992959	1
7645561	7645906	3
11503247	11503248	2
1151323	1151324	1
8796679	8796680	3
5544064	5544063	1
10759678	8812333	1
3265383	3265384	2
2966862	2972378	2
4093593	4093808	2
1898801	1898815	1
9792641	9791433	2
2782207	2782310	2
894912	11929574	1
11391014	11390969	2
314291	314292	1
7295059	7295060	2
10999314	10998929	2
9324720	9324469	2
1007277	1007226	3
11142239	11144068	1
5383437	5383438	2
11877872	11877871	2
10650353	10650392	3
731291	731143	1
4180909	4180910	2
12446851	12445605	1
9561457	9561458	1
1276241	1275186	1
5579434	5579433	1
10469069	10469070	1
8073881	8073884	1
10193757	10193769	2
7574973	7574974	1
1327362	1327379	1
1618559	1620689	1
11672639	11672765	1
199509	199510	1
5705230	5705217	1
4300309	4300310	1
10602844	10475598	1
7756998	7756997	2
10736284	10751540	1
10121966	10121757	3
9309177	9309168	1
7023343	7023392	1
10914771	2809073	1
12554785	12678814	1
11152130	11167037	1
4685074	4685073	3
1235405	1222852	1
9666670	9666667	1
5845308	5845267	2
2084294	2085497	1
9672362	9672106	1
6539324	6538008	1
4299314	4299159	2
2199936	2199935	2
5488719	5488733	1
6722320	6722295	2
4116881	4116882	1
12259881	12259871	1
7124024	3076539	1
5700144	5700074	1
5653930	5653929	1
10703865	10703866	1
12006699	12006700	1
5837608	5838916	1
12182899	12182926	2
8776498	8776497	1
7431548	7431547	3
6336667	5344871	1
11631622	11636136	1
5946835	5946836	1
5539149	5538789	1
8790149	11169137	1
287787	287422	1
8183543	8128795	1
5864481	5864482	1
1183281	1183126	1
4079052	4079051	1
10290935	10291033	1
632821	255743	2
4180907	4180908	2
9240046	9240045	1
916421	916422	1
7431549	7431550	1
2149669	2149672	2
9151733	9151794	2
2909476	2909475	1
3977375	3977376	3
5594589	5594590	2
3285593	3285611	1
5379820	5379819	1
6177285	6177286	1
2098087	2098088	1
8071444	8071443	1
7710851	7711013	1
8490082	8511049	1
7089444	7089368	1
9685153	9685159	1
2633333	2633334	1
8043622	8043621	2
9424000	9423999	1
4070693	4070694	1
9544193	9544194	2
2959636	2959635	1
9932244	9951741	1
7163891	7163844	1
5848820	5851426	1
6312091	6312050	3
8070271	8070253	2
4493204	4493199	1
145713	145714	2
7802035	2575822	1
2209722	2209717	1
8794805	8794574	1
2438931	2438936	1
12636645	12636646	1
6007201	6007184	1
2908304	2908303	1
1723250	1723247	1
9034751	9036977	1
7472239	7471861	1
10345371	10345372	4
6050080	6050079	1
6503757	6503758	1
5849907	5849908	2
1241735	1167677	1
1353270	1353269	1
4716416	4716415	2
8750293	8749886	1
8836666	8836665	1
2330040	2330022	1
9963037	9963066	3
888871	888872	1
12153095	12153549	1
9372564	9372559	2
8754898	8754820	3
7086279	7086280	1
10577911	10436495	1
11909871	11790750	1
5105335	5102137	1
8751038	8751054	2
5751820	5751819	2
22192	22191	2
1204756	1204755	2
10063412	10063409	1
10167757	10167758	1
11628869	11628870	1
322928	330333	1
1613163	1613166	1
12049995	12049969	1
10454283	10454301	1
2263441	2263442	2
3809715	4539749	2
11724927	11724928	2
3885325	3885326	2
10375364	10372376	1
5361903	5361904	1
9426803	9426735	1
3931363	4057080	2
910363	910364	1
1712737	1711970	1
10536287	10967481	1
6078560	6078535	1
8109268	8169729	1
10887154	10887153	2
5394775	5394781	1
712449	712450	2
6464591	6372822	1
7913184	7913390	3
6343849	6344067	2
9100336	9100335	3
12183227	12183576	1
7049755	7051588	1
9059415	12649989	1
11207205	11207206	1
4645762	4645761	1
11589413	11612360	1
3930212	3930211	2
1048969	1048972	1
11033255	11032550	1
7292297	7292298	1
652757	651267	1
12155792	12136544	1
172489	172492	1
8729196	8728793	1
173610	173658	1
4579942	4579945	2
7986616	7987138	1
7950660	7950659	2
6345	6346	2
9689006	9689235	1
11294457	11291475	1
2616377	2616378	1
12378781	12378782	1
9678973	9678957	1
6656809	6655353	2
49974	46208	2
5317742	5317745	1
5231718	5232079	2
4192028	4191032	2
6481841	6481842	1
6527717	6527730	1
10827580	10827579	1
10447294	10447291	1
10765774	10765773	1
5221785	5221799	1
10489645	10489646	1
12191309	12191310	1
6059266	8345391	1
2757307	2757308	1
11319963	12649989	1
9966263	9966232	1
8508725	8586731	1
3322343	3322344	1
8267754	3035568	1
3108419	3108420	1
7863644	7863888	1
3606847	7446259	1
9145767	9145768	1
12649990	12649989	2
4552606	4552603	2
5867315	5872459	1
2598712	2598711	1
8307438	8307434	1
10827578	10827581	1
12762023	12762015	1
7450431	7450434	2
6513644	6513641	3
12232334	12232333	1
3277872	3278389	2
8296720	5019911	1
1174884	1231586	1
7803233	7803234	1
1174884	1231584	1
10635546	10635545	1
2809064	2809063	3
9976529	9976504	1
10296416	10296413	1
3745443	3743892	1
11513011	11513012	2
2592374	2592373	2
8495772	8513257	1
1655324	1655323	1
1241507	1241530	1
12015659	12026360	1
3626045	3626046	1
1592471	1592474	1
9240044	9240039	1
4299081	4299082	1
9530443	9530446	1
6000233	6000142	2
12156793	12156794	1
3983417	3983418	1
6974430	6973643	1
6536728	6536683	1
9419940	9416494	1
10626662	10626659	1
11896027	11733326	2
11218826	11218843	1
6026988	6108046	2
540696	540693	1
401042	401256	2
8859844	8858713	1
5856088	5856087	1
11553824	11553821	1
8036773	5511659	2
4327305	4327310	1
2259913	2259914	2
3364672	5270758	1
5229675	5229657	1
7093899	7093900	1
3625549	3625550	1
9630848	9651757	1
1246244	1246237	1
3561469	3563054	2
7355067	7355068	1
11426889	11426890	2
7874186	7874456	1
7063516	7063515	1
6349140	6348120	1
11641709	11641710	2
10457061	10457062	1
6037366	6037365	1
3569859	3569860	1
10575131	10575132	1
6187593	6187604	1
6114310	11576343	1
9816634	9816614	2
550186	550183	2
12015238	12015186	2
8309883	8309884	1
1233883	1233837	1
12049970	12049969	2
1673935	1673936	1
6095510	6095537	1
3193832	3152600	1
6696867	1265578	1
4679175	4679176	2
10592056	10592060	1
9856630	9856629	2
12235691	12238486	1
8604231	8604232	1
11100206	11100203	2
6789090	6794156	2
9353836	9354486	1
6935267	6935268	1
10457063	10457064	1
3941549	3976491	1
9722260	9722259	1
7106968	7107179	1
10091447	10091448	1
2098087	2103057	1
2814182	2814179	1
7298325	7298326	1
7787894	7787883	1
3728103	7130450	1
3099213	3099202	1
4327335	4327281	1
1240468	1240537	1
9068810	9068497	1
504174	504230	1
5776891	5777205	1
4826788	4826787	1
5946275	5946276	2
12123154	12123157	1
11907332	11730691	1
4925612	4925415	1
9010153	8796013	1
5968179	1302097	1
10981264	10981263	5
11116450	11146894	1
1301693	1301694	3
7682619	7682620	1
1520142	1520159	1
3311640	3311645	1
467936	468028	1
11049102	11049101	1
5502782	5502781	1
7010734	7010778	1
9648184	9648183	1
11832603	11832604	1
5808392	5810296	1
10399899	10399900	1
5531062	5531061	1
2733035	2734212	2
5504356	5504387	2
5379943	11155624	1
8635017	8635041	2
2425012	2425011	1
1785704	1785703	1
6039275	6039075	1
10548165	10555183	1
6172775	6172778	1
9810895	9811135	2
2356668	2356665	1
10643818	10644446	1
1594509	1594510	2
12548727	12548730	1
5594561	5594586	1
9309136	9309133	2
6093692	6093689	1
1353555	1353556	1
11795723	11795724	1
327430	327490	1
3501429	3508058	1
9126323	9126324	1
3039890	3039812	2
11795721	11795722	1
11156694	11156640	1
2038145	2038146	1
1326710	1334971	1
2907711	2907675	1
4528372	4844299	1
6212347	6212348	1
2195006	2195545	4
9395060	9395059	1
1952877	1952634	1
10351727	10353757	1
2073844	2073828	1
10622939	10622940	1
7943631	7965572	1
4847187	4847188	1
198881	198882	2
12049995	12049971	2
1292021	8624902	1
692667	692668	1
6855760	11350815	1
9544191	9544192	1
11255638	11255637	1
10276754	3253351	1
1616116	1616203	1
2330136	2330187	1
11286169	11286170	2
9944655	9944656	2
7653088	7653087	2
6045417	6045418	1
3945369	3945370	1
11846560	11765688	1
4300766	4300751	1
2606644	2602788	1
6812481	6812513	1
10956711	10956712	1
9648182	9648181	1
11084656	11084653	1
9352705	9352706	1
1414893	1254272	1
6675514	6675532	1
10775005	2767935	2
3048414	3048454	1
527648	527647	1
1294617	1294618	3
10623941	10623944	1
6728069	6728070	1
3870007	3870008	1
8623231	8623232	1
5866802	5866799	2
2762524	2754760	1
3455388	3464371	1
9067600	9059805	1
617449	617213	2
1299525	1299556	1
12325395	12323977	1
12502949	12502950	2
11383306	11383460	1
4155794	4146205	1
5867276	5867448	1
3117173	3117174	1
4939763	4939764	1
10965478	10965477	1
6091171	6091197	1
5452557	5452575	1
5804573	5804375	1
11303769	11302656	1
7007190	7007469	1
1859152	1859237	1
1447419	1447102	1
2321387	2321261	1
6180733	6180671	1
5057500	5057499	2
4953552	4953562	1
6745415	6745418	3
9796398	9796901	1
11836808	11836758	1
99327	99328	1
1964474	1968907	1
10083087	11278199	1
8429775	8430615	1
4566552	4566551	2
10270146	10270145	2
8364415	8364403	1
12154110	12154107	1
7447189	7446899	2
5310433	5310438	1
7750261	7750339	2
7116720	7116613	1
10029583	10027392	1
11902428	11902872	1
1666365	1666322	1
242290	242289	1
9467034	9467033	1
5143331	5144729	1
8899691	8899692	1
6311379	6311380	1
5793534	5794176	1
6201929	6201930	5
4757777	4757780	1
5897259	5897260	1
7851263	7851264	1
3147896	3147895	2
5844685	5844644	1
5044063	5044056	1
9437162	9437161	3
11286586	11286574	2
1144197	1144198	1
7456154	7203583	1
7070589	7070590	1
7757000	7756997	1
11026868	11026867	1
8765770	8765769	1
1830810	1830809	1
7581092	7581095	2
9711974	9711973	1
9926835	9926836	1
5157896	5157840	1
6093690	6093689	1
2239432	2240342	1
4307586	4307585	2
679615	716730	1
6834920	6835241	1
1052973	1052997	1
7908744	7909708	1
859387	859376	1
10211592	5998797	2
2974485	2974486	1
6857043	6857044	1
8105306	8105305	2
9752620	9752612	2
5355627	5350314	2
5531020	5531012	2
402539	402540	1
9869703	9867976	1
2120870	2120869	3
12258358	12191933	1
6229080	6229075	2
12184693	12184696	1
8707218	8706634	1
5024269	5024365	1
7139034	3639068	1
11597651	11597652	2
4622700	4622513	1
10148047	10148050	1
2517969	2517970	2
10345288	10345378	1
8437795	8437796	1
8307591	8307592	1
2051460	2051459	1
11061234	11061233	1
12403124	11289434	1
317869	317870	4
6482079	6482083	1
1152237	1152238	1
2744922	2735960	2
8610415	8610404	1
6244	6271	2
12649990	9059414	1
9189900	9196359	2
2041747	2041750	1
4981221	4981222	2
861037	861078	1
2023172	2118445	1
11677070	11677069	3
3711783	3712545	1
9999342	9991645	1
5985631	5990763	1
11699623	11699624	1
10301941	8591624	1
6680617	6680513	1
9845393	9845396	1
1152239	1150227	1
10288560	3144797	2
3667783	3667771	1
10168771	10168772	1
4038751	4038661	1
8386517	8386000	1
11315068	11315017	1
1401196	1401195	2
7038526	7038525	2
5570346	5570345	2
632819	632820	3
10134617	10134283	1
8844230	8844229	3
1563172	1563171	2
11362522	11362521	1
251727	126593	1
7842859	7677421	1
10545920	10545919	3
10507996	10507995	1
2422802	2422799	2
7621807	7621808	1
5043393	5044545	1
10043579	10052744	1
2267066	2267762	1
10827264	10827344	1
3198425	3198441	2
5435034	5435033	2
11932178	11932177	1
7585957	7585960	1
12406586	12406583	1
8612418	8612417	2
2331311	2330158	1
149297	149318	3
6059856	6059861	1
2401479	2401480	1
825733	825866	1
2907953	418051	2
10141311	10121983	1
3209859	3209895	1
2149671	2149672	2
6720665	6720666	1
12625708	12625707	1
9229697	9229553	2
10689844	10690464	1
2538224	2538223	3
3533064	3533061	1
10116931	10116932	1
2786447	2786641	1
3146793	3146794	1
10485723	10485505	2
712451	712452	1
4745131	4745132	2
4824795	4824798	1
11677066	11677065	4
5946859	5946860	1
1190125	1190132	1
663002	197297	1
11655459	11654993	1
11765188	11765187	1
6821989	6825477	1
5709720	5709755	1
5488734	5488733	1
3626043	3626044	1
7017946	7017959	1
7729435	7729436	2
11084665	11084666	1
11157821	11172695	1
11423760	11423759	1
3500658	3500657	1
12423833	12423834	2
8515358	8515357	2
10375674	10375671	1
8224015	8224016	2
11164562	11163158	1
7342521	7342541	2
12225599	12225628	2
9010533	9147834	1
10116168	10116207	2
11193542	11193541	4
630513	630366	1
7920571	7920382	1
7562613	7562614	1
2754763	2754764	2
480849	480850	3
10374230	10374229	1
7868226	7868223	1
9309138	9309137	4
8350658	8334972	1
8447445	8445287	2
11335259	11335309	1
7782193	7782232	1
9598328	9598375	1
10504084	10503696	1
6055121	6055122	1
1117165	1117467	1
8900326	8699112	2
7862862	7862553	1
7714823	7714816	1
2553700	2553699	1
5584597	5584598	1
6619123	6618133	1
746995	746985	1
9578668	9578667	1
11156106	11156099	1
10529729	10529730	1
2690303	2690304	1
7781251	7781578	1
9845500	9845499	2
2546125	2550883	1
6234092	6234087	1
3940119	3940120	1
11282975	11282976	1
5105728	5196638	1
5570348	5570347	3
769813	767526	1
6951931	6951932	1
1532017	1532018	2
11866785	11866788	1
6725571	6725572	3
5330609	5342718	2
3217327	3217328	1
1235	1236	1
1107889	1084407	1
8294014	8293808	2
10986695	10986696	1
7161075	7049171	1
6283273	6283591	2
2568844	529494	1
7665957	7613646	1
11671177	11671178	2
3011055	3009400	1
7876731	263194	1
2584163	2584164	1
4652440	11221365	1
9613551	9613552	1
10205034	10155970	1
9054936	9054935	2
9542845	7111898	1
2180978	2177357	1
7400369	7400370	1
11515330	11515256	1
9178780	9178779	1
4152463	4152536	1
11678107	11678108	3
11928892	11928891	1
5215878	5215877	1
11512624	11512704	3
2641588	2721385	4
3303953	3304026	1
9967631	9967632	1
4208582	4209618	1
3626043	3626046	1
8680956	8680955	1
5688575	5688747	1
10014197	11269540	1
7907612	7907228	1
1162007	1162008	2
1575512	1575646	1
334805	334813	1
6736345	6736346	1
2484069	2485253	2
1638587	1638588	1
6314064	6314013	1
6986425	6986440	1
11742864	11742899	1
1765782	1765779	1
9025806	9025805	2
4368846	4368849	1
2485625	2485626	2
11927897	11927931	1
1297930	1297979	1
4083302	4083279	1
2660350	2660349	1
5229092	5229091	1
10069865	10069866	2
3006394	3006352	1
7289375	7289376	1
5020211	5020212	1
6002227	6002228	1
1772747	1772748	2
5571830	5571829	2
1283934	1284557	1
9949654	9949653	1
9151731	9151732	3
1353557	1353543	1
11409265	11408333	1
5571832	5571829	1
5665189	5665302	1
12527710	12556378	1
12356667	12356668	2
6490541	6490542	1
11905695	11905696	1
10986259	10986267	1
3305997	3305998	1
8063132	8063140	3
4706459	4706462	1
5769957	5769826	1
5864243	5864244	1
8897815	8895861	1
366330	365817	1
272548	272547	1
1623378	1628522	1
9920303	9920290	1
6180552	6180511	1
10196161	10196164	1
3719921	3719922	1
7093417	7093418	2
710449	710452	1
976818	6959323	1
4164240	4216900	1
2489497	2516260	1
2528220	2528219	1
8445285	8445286	1
3117970	3117258	1
10277858	10277857	1
3298165	3298166	1
11035694	4567713	1
7541887	7541888	2
1659953	1659235	2
12191311	12191312	1
1623066	1623548	1
7829365	7829368	1
1117551	1117577	1
9613553	9613554	1
6652459	6652460	1
6312051	6312092	1
10691967	10726421	1
8363263	8363264	3
4060205	4060256	3
8462628	8395238	1
6152856	6152561	1
11833214	11834078	1
6037753	6037955	1
2988291	2988292	1
743710	743707	1
4114798	4114675	1
967383	967384	1
6704096	6704092	1
7806777	7806778	1
4327525	4211910	1
3612501	3612503	4
10984001	10984569	1
5837314	5835921	1
6170351	6170166	1
2909588	2909760	1
9109484	9178432	1
4003897	4004469	1
886999	886926	1
10519919	10520454	3
11253657	11253660	1
6677759	6677662	1
10107123	10107124	1
1557640	1557639	3
11071654	11072339	1
7148869	7148834	1
7558153	7558154	1
6288058	6288154	1
6144352	6138935	1
8034454	8034362	1
3643449	3643486	1
4619444	4619441	1
11595052	11595485	2
2675054	2675125	1
8704911	8705804	1
10043237	10043238	2
8495774	8495773	1
3253997	3253998	2
6730509	6730510	1
10874171	10874184	1
9083457	9083460	1
2025842	2026780	1
10148045	10148046	2
5921914	5921907	1
9103586	9102079	1
4582881	4582882	1
5510550	5511399	2
12238399	12238400	1
10810947	10810948	2
10701341	10701323	1
10067967	10068175	1
6283271	6283272	2
4016648	4016647	4
6286084	6267151	2
10858952	10858949	3
5017208	5017207	2
11765190	11765189	1
2493462	2493461	2
5057641	5057642	2
10173856	10173733	1
183501	183462	1
9567807	9568080	2
6081920	6081971	1
112274	112273	1
5974701	5974702	1
12119529	12119532	2
12356666	12356663	2
8901646	8901645	2
7931434	7931433	1
8767519	8914611	1
10271052	10271051	1
6682591	6682597	2
8485122	8485121	1
3321077	3321078	1
11523128	11523021	1
10718586	10718585	1
12140090	12140089	1
970361	970550	1
6208496	6208495	1
12195651	12193056	1
9682976	9683000	1
886997	886998	1
9127112	9127092	1
11263354	11263353	3
6091469	6091041	1
12473044	12473041	2
1598139	1653820	2
8430602	8430601	1
7398635	7398890	2
298424	527361	1
6886464	6886463	1
1567931	1567932	1
4171007	4171008	2
10167136	10167139	1
10036721	10036730	2
6724256	6724253	1
5793351	11236922	1
1620666	1613647	3
4381579	4381580	3
2258832	2259107	1
2489033	2486651	1
6679536	6683143	1
12488911	12488912	1
9093257	9093258	1
5434445	5434446	1
4121894	4121893	1
10168759	10168770	1
3565442	3565435	1
7161801	7161805	1
10516384	10516383	2
10114093	10114094	5
1338167	1338118	1
11182755	11182771	1
5024364	5024363	1
7276822	7276821	2
6172563	6203640	1
3059662	3059853	2
3942572	3942571	1
4703763	4768101	1
917881	917884	1
295957	295971	1
8876640	8876637	1
6334299	6334302	3
9845502	9845501	1
6514399	6514400	1
3681321	10422401	2
4104986	4102665	3
2703840	528769	1
6581935	6581936	1
10794212	10818538	1
7872493	7872494	1
3168874	3168847	1
5917207	5917199	1
5376251	5376321	1
6833657	6833517	1
2907676	2907675	1
316971	317006	1
9920896	9920893	2
2972931	2974482	3
1765780	1765779	3
7116720	7116611	1
11658825	11658826	1
11391016	11391015	1
7807261	7807262	2
12503490	12503487	1
3291956	3291961	1
7684658	7644123	1
7580461	7580462	1
8334259	8334262	1
9702867	9702868	1
7022612	7022606	1
2387568	2387565	1
7025504	7025501	1
9378572	9378571	2
3286792	3286791	1
5267409	5267417	3
11100031	11100032	2
8921790	8921789	2
6470707	6470708	1
8220314	1609984	1
5235552	5235042	1
8101953	5944056	1
5379818	5379830	1
11430538	11430537	3
6492325	6492307	1
11977467	11977420	1
2825276	186723	1
2559385	7788850	2
4916299	4916302	1
8347178	8347175	1
7148835	7148836	1
2668250	2668247	1
3525981	3525982	1
11621706	11621701	1
7640399	7640400	1
178222	118231	2
83199	83178	1
11594618	11594617	1
1235405	1222854	1
1726815	1726816	1
12542888	12542887	1
12673899	12673902	2
12506021	12514417	1
483440	483439	1
728379	728380	1
2193453	2197204	1
8751177	8751146	1
7640437	7640398	1
11018497	11018498	1
5396829	5397539	1
415609	415610	1
5425198	5425189	1
9731865	9731866	1
5783418	5783417	1
7339265	7248167	1
7876731	263198	1
11743500	11754279	1
3557372	3557375	1
709752	709751	1
4123801	4123246	1
8010856	8010855	1
7236690	7235043	1
9004656	9004666	1
9840465	9841779	3
4722984	2150955	1
8334265	8334266	1
6745415	4355880	1
8245631	8245632	1
3258548	3258931	1
11142239	11142242	1
3983419	3983207	1
8892166	8892165	1
7036809	7036760	1
1234142	1237703	1
7531235	7531238	3
10399364	10399025	2
6480597	6480573	1
7038398	7038694	1
6897890	6897889	2
5236076	5236075	1
7292299	7292211	1
12205178	12205177	1
1562282	1561888	1
2193212	2193211	1
142681	142682	1
1830433	1830434	1
11744214	11744211	1
12663913	12663914	1
8979525	8997012	1
289537	289534	1
11816274	11813761	1
9796148	9799042	2
5057643	5057501	2
9298780	9298777	1
4075492	4075515	1
8849108	8849107	1
5565487	5565510	1
1352995	1352996	1
7835706	7835702	1
7829363	7829364	1
4616939	4616942	1
7218611	7218612	1
10477649	10477650	1
9072128	9070961	1
3060079	3060121	1
4623862	4648078	1
10194140	10194139	1
6682114	6682113	1
723202	723162	1
2258419	2258420	2
2827615	2827060	1
1996028	1996027	1
6748849	6745486	1
9182348	9183607	1
11957060	11957059	1
12417018	12419357	1
8883037	8883038	1
9871263	9871268	2
165868	2090816	1
3160397	3160465	1
12338855	12338856	1
1391342	1391341	1
4617160	4617144	1
12405711	12405712	1
4532142	4532160	1
7723250	7723249	1
5675341	5675342	1
2000745	2000746	1
178904	178908	1
192697	192698	1
1644309	8463759	1
3795568	3795567	1
10484039	10484042	2
3469409	3469410	1
2583307	2584162	2
11412051	11412289	1
4433160	4433159	2
4762137	4762138	1
10720495	10720460	3
7705820	7705825	1
8793402	8793356	1
10538798	10538797	2
7644494	7644502	1
1666363	1666364	1
10075981	10075982	1
3688933	3691245	1
11591605	11590963	1
9502590	9502589	1
6110695	6110700	1
12598623	12598626	1
12726101	12726102	1
8455616	12487028	1
7414728	7414727	1
6570015	6570018	1
7941381	7941188	1
5467771	5467772	1
11508064	11323541	2
5017208	5017205	1
7224871	7224874	1
5808858	5808857	1
4621437	4621438	1
8691198	8691197	1
5969640	5969639	1
716852	716884	2
6383899	6367929	1
10082	10081	2
12315879	12315888	1
10434951	10434952	1
5351790	5351753	1
12279549	12279550	1
640764	640763	1
9738530	9738488	1
5021251	5021166	3
6198687	10206669	1
3759745	3759746	1
11026878	11026867	1
5777255	5777218	1
8388817	8388825	1
8561128	8561142	1
7138957	3639202	1
1367228	1365490	1
578596	582606	1
5866806	5866803	2
1294619	1294620	1
3674207	3674208	1
5270692	5270763	1
1975269	1975363	1
199518	199517	1
1836627	1836628	1
7370581	7364207	2
12238382	12238398	1
10477074	10477016	1
8527483	8527484	1
11503245	11503246	1
8070619	7663741	1
10643626	10643479	2
7792887	7792889	1
7431951	7431952	2
6154072	6124117	1
12507696	12507695	1
2633335	2633338	1
5585766	5585765	2
1542599	1542795	1
983287	983305	2
9418422	9418420	2
1687566	10091768	1
2162916	2164776	1
9648192	9648191	2
10337621	10337622	1
2496586	2496589	1
12192812	12192959	1
2938240	2938239	1
1920817	10765773	1
4407272	4407271	2
1877041	1877044	1
8779660	8779939	1
3361519	3361520	2
6858702	6858701	1
5572512	5571714	1
4648415	4648416	1
6791111	6716442	1
1996031	1995993	1
3359991	3359992	1
11678109	11678110	2
9959964	9959963	1
9169104	9169084	1
3046812	5842248	1
4691858	4691857	2
3688929	3688932	2
12292231	12292232	3
11964373	11964384	1
4653140	4581177	1
10928426	10928425	1
6886902	6882964	3
3440272	3440271	2
10091757	10091762	1
7720308	7680723	3
4070161	4070162	1
12660191	12660192	1
4426390	4430414	1
9512757	9512758	1
5089085	5089015	3
12184693	12184694	2
12507698	12507697	1
4824791	4824794	1
1120814	1120916	1
7218963	7218968	2
8711051	8711058	1
6120273	6120274	1
645877	645878	1
10655187	10655188	1
5342899	5342900	1
9095081	9095082	1
6972197	6972198	1
8298765	8299511	1
7303383	7355465	1
8627348	8635389	1
6855762	6855761	3
3975273	11671335	1
11864664	241348	1
1048971	1048972	1
8046969	8064418	1
11957058	11957057	1
4953942	4953941	1
9910486	9914654	1
6505527	6505528	1
10506924	10506923	1
9719728	9719747	1
9901292	9901291	3
5964556	5964555	1
1749570	1749569	1
12772352	12772351	2
10469167	10469168	1
9978003	9978004	2
10806425	10806448	1
7710847	7711013	1
8280838	8280837	1
4093809	4093810	1
4070366	4071308	1
6697990	6697891	1
8298763	8298764	1
3568205	3568206	2
9189763	8979683	1
10833038	10833037	1
5665303	5665304	1
1705060	1705059	1
7729158	7729157	4
527177	527178	1
1748270	1748269	1
4003894	4003893	2
7202558	7202547	1
9873285	11032550	1
5666896	5666895	1
1723246	1723249	1
6355628	6451339	2
2907711	2907677	1
10962138	10962046	3
8610615	8610616	2
1357633	1357634	2
5820163	5860533	1
5050397	5050398	1
926956	4190945	1
5236074	5236077	1
3222214	10222400	2
7431504	7431501	2
11053384	11208778	1
7414507	7414508	1
7292206	6403957	3
1660097	1660098	1
7014843	7014844	1
7210646	7210645	1
11216298	11216297	1
5793536	5793535	2
11617367	11540956	1
734483	734484	1
9830931	9831170	2
116580	116579	1
9508822	9508821	1
9264498	9264497	1
1728452	1728548	1
8721187	8721188	1
7729156	7728519	2
3529348	3529188	1
5594585	5594586	1
2471401	2472744	2
1236463	9762869	1
4573168	4567239	2
6699398	6791833	1
11451959	11451960	1
7514265	7514266	3
5640708	5656118	2
3495819	3495831	2
7980261	7980262	1
6484512	6371003	1
8478154	8420050	1
6035757	6035758	1
9147279	9147194	1
2534971	2534972	1
5626324	5626347	1
7936911	7936906	1
5041801	5041704	2
7146172	7059829	2
11284251	12295270	1
3273897	3273903	1
11186219	11184859	2
11578834	11578833	2
7703341	7703342	1
6819084	6819083	2
6235989	6235693	1
1494373	1494374	1
10473900	10469342	2
19900	19979	1
12506019	12506020	1
9174798	9174797	1
7230035	7230036	1
8452960	8452959	1
10063410	10063409	1
1749564	1749563	1
10768328	10768327	1
348903	348904	1
684805	3010323	1
4672441	4671547	1
8275100	8275099	1
10049923	10050059	1
11700245	11700622	1
11048894	11048893	1
630854	631711	2
9004660	9004655	1
4654349	4654350	1
5055289	5055296	1
11720576	11720652	1
12338851	12338856	1
4733260	4733255	1
10540823	10540824	2
302416	302415	1
9681283	9685663	1
5815616	5815613	1
5155608	5155607	3
7288361	7288565	1
8978677	8978678	1
374856	374855	1
7714821	7714822	1
11725327	11728662	1
4749446	4749445	1
3288226	3288225	1
12627633	12627629	2
4670713	4670714	1
5024389	5024390	4
7950658	7950657	1
5182001	5182002	4
8819059	8819060	1
2121919	2121896	1
8046125	8046126	1
884192	884191	1
9249021	9249022	2
7184298	11460505	1
3246263	3246264	2
1337985	1337986	1
5165575	5165576	1
1078477	1078478	2
11983470	11983190	2
5021167	5021168	3
11832530	11832529	1
2112244	2112165	1
9933515	9933516	1
6502351	6502352	1
4248328	4248505	1
1109956	1109959	1
7728712	7728711	2
7531233	7531234	2
11103586	11106606	1
5017206	5017205	2
12438312	12438309	1
7555489	7555497	1
11098144	11100032	1
9378570	9378569	2
7116612	7116611	1
4752566	4752563	1
1302598	1302719	2
90364	91128	1
11370369	11370370	1
5292106	5292103	1
2736091	2641460	1
542690	542708	1
16826	16825	1
2337501	2441932	1
6828116	6828115	1
1592243	1592244	1
5601276	7230034	1
12604284	12604283	1
4017378	4017381	1
2974483	2974486	1
11518940	11518937	1
6972559	9154588	1
3658737	3624166	1
1152237	1150227	1
4790807	4790808	2
161157	161158	2
4824177	4824178	1
9023811	9023819	1
11032611	5742037	1
7688485	7688486	2
5819000	5818999	1
4121888	4121862	2
9940125	9940128	1
10395274	10395273	1
1498222	6782150	1
8052629	8052630	1
9824373	9824374	1
4324163	4324166	1
861366	860834	2
5159504	5159330	1
9622272	9622217	1
2610443	2610444	1
8169570	8169569	2
12438785	11284712	1
5799091	5798400	1
7831091	7830946	2
8424061	8424025	1
10116959	10116960	1
2025844	2025843	1
8224170	8224216	1
5229088	5229091	1
2606654	2606651	1
10121754	10121753	2
9512942	9512925	1
313065	313066	2
7792032	7696823	1
3727254	3727246	1
10223693	10223694	1
2894940	757569	1
10093657	10093658	2
4113809	4113810	2
10082198	10082197	1
7724385	7688484	1
5542400	5541742	1
3087369	3088076	1
43374	43516	2
1231508	1174858	1
9510505	9510506	2
11586988	11584745	1
9058073	9059804	1
12205718	12451638	1
2596432	2596425	1
535809	535810	1
4187689	4168982	1
12449040	12448747	1
12783609	12783616	1
2806741	2651867	1
11001805	11001817	1
4184751	4184752	1
7304221	7305190	1
6174161	6174284	1
948428	823810	2
1766094	1766093	2
10376489	10375978	1
3885327	4540839	2
7352073	7351704	1
9013454	9013453	1
6320046	6320049	2
2224785	2224786	1
9014138	9014094	1
5809036	5809035	1
3418677	3418678	1
5670789	5670034	1
7450433	7450434	2
4540836	3886654	1
8029544	8029932	1
392073	392076	1
11807511	11805681	2
10152420	10152423	1
7459584	7459583	1
3672693	3624171	1
11923116	11923115	1
4385873	4385874	3
92924	92921	1
10735960	10735959	1
4616943	4616944	1
11094016	11094015	1
8154317	8154318	1
11676217	11676521	2
408732	408731	1
7890030	7891149	2
9188549	9188554	1
1354171	1354172	1
10088891	10088892	2
10114093	10114098	1
83197	83198	2
3361521	3361522	2
6070009	6070010	2
313067	313029	1
5435535	5435538	1
11518936	11518935	2
7052227	7052228	1
2628950	2628746	1
4177082	4176879	1
2469050	2469049	3
5626115	5626116	1
518903	10719074	1
3253053	3253054	1
11244509	11244510	1
8825177	8825178	2
11444639	11444640	1
7851180	7850983	1
8683101	8683102	2
10069851	10069864	1
3703707	10312085	1
2796849	2796854	1
1830429	1830432	3
7585957	7585958	2
7935532	7935529	1
1338165	1338118	1
4076916	4074914	1
10222401	10222402	2
3646942	3663028	1
2697458	2703843	1
1639090	1639089	2
6093692	6093691	1
8369045	11576018	1
3620204	3620203	1
5906275	11210194	1
11889620	11889619	1
8309268	8309267	2
8885429	8888191	1
10146487	10146488	1
1365961	1365896	1
11994676	11994675	2
1287467	4081500	1
4733260	4733257	3
4615801	11203656	1
813527	813528	1
7432015	7432016	1
896972	897062	1
1510405	1513454	1
2038147	2038148	1
8707026	10504933	1
12771237	12769337	3
6750762	6748275	1
4812917	4812891	1
1366281	1366282	2
7786437	7786440	1
1283936	1283935	1
10861651	10861167	2
6969798	6969797	3
6949651	6952731	1
10826536	10826535	3
7985645	7993115	1
7302407	7307185	3
10873222	10887155	1
3981920	3981919	2
3266955	3266956	1
2982505	2982510	1
8784751	8784752	2
9020588	9020555	1
10986266	10986265	1
10989595	10987974	1
2387566	2387565	1
7393589	7393590	1
7750259	7750260	1
1612203	1612204	1
12556699	12552616	2
11518940	11518939	1
10896993	10897060	1
8606384	8606383	1
9303367	9303368	1
11366130	11366129	1
11629448	11629454	1
1712455	8040343	1
10134621	10134624	1
12423835	12423814	2
3253999	3254000	1
9778808	9778548	1
6013651	6013652	1
9309136	9309135	1
9067602	9067601	2
2592372	2592371	1
8742061	8742062	1
10901925	10903313	1
1587689	1587690	1
271214	271186	1
10466823	10466824	2
317867	317868	2
6138934	6138933	1
6472392	6472375	1
10204249	10204304	1
1831832	1831831	2
6757180	6757179	2
10190295	10190296	1
8353422	8352901	1
9544193	9544198	1
4399314	4399313	1
1825780	1825779	1
3818589	3818590	2
5601278	5601277	2
7474318	7474365	1
8473074	11624613	1
6630832	6630826	1
11087709	11087710	1
10356243	10356241	1
10324485	10324486	1
1763419	1763420	1
11243833	11243834	1
1075356	1075347	1
3585608	3585605	1
10602878	10602877	1
4338805	4338818	1
9943163	9946154	1
1746390	1746389	1
12507698	12507695	1
10974599	10974102	1
936156	914675	1
6119499	6198166	4
3893130	3893129	1
8844252	8844251	3
708881	4853858	1
8994945	8994946	1
10626658	10626657	1
1979462	1979469	1
7313305	7313374	1
11655086	11655083	1
3984641	3984642	2
6110695	6110702	1
7432017	7431987	1
3888642	3891214	1
1405760	1405757	2
12760969	12761034	3
425349	425334	1
12246146	12246140	1
5809033	5809034	1
10293470	10293463	4
5383414	5383436	3
11263356	11263355	3
9442514	9442513	1
10744342	10744339	2
9251801	9251802	3
12493931	12493932	1
1874963	1874964	1
11647960	11647959	1
3992698	3992695	1
1338165	1338166	1
3725650	3725647	1
11269541	11269542	1
3040732	2891149	1
4083140	4083139	1
5571832	5571831	2
8838574	8838573	1
11875350	892723	1
4001745	4001746	1
6840209	6840077	1
6860117	6857600	2
95488	92293	1
1334911	9875372	1
11731365	11731366	1
341828	338623	1
10063412	10063411	1
2676933	2676936	1
9512755	9512756	2
9825469	9825470	2
8434342	8437794	1
7186143	7186144	1
3413963	3413964	1
10539054	10538721	1
2720754	2720749	1
6129740	6129739	1
12388280	12388279	1
12506598	12563124	1
1215878	1215860	1
12676296	12679840	1
8575088	8575087	2
11169217	11170927	2
12182513	12183088	2
1779980	1764325	1
1098844	1098785	1
3273897	3273901	1
11391978	11392003	1
12561986	12561985	1
10709173	9717155	1
11193073	11193074	2
8169570	8169567	3
895263	11876028	1
6326721	6327272	1
8491133	8491166	1
8953670	8953669	1
8829375	3273917	1
10900467	10900468	1
10854200	10854197	1
3928608	3928607	1
1166421	1244899	1
1304990	1304936	1
7847691	7847692	1
12473046	12473045	2
9689216	9689219	1
5866806	5866799	2
3140355	3135450	1
9813435	9810399	1
10108871	10121320	1
9588882	9587851	1
4609164	4619211	1
3996433	3996513	1
9975691	9976158	1
5086670	5086743	2
9663375	9653961	3
6174394	6174393	1
6705603	6705506	1
2317810	2317807	2
1318246	1318245	1
8150606	8150605	1
853376	853375	1
9941808	9941807	1
10946306	5666434	1
1801394	1801393	2
3762851	3762852	1
7656260	7649697	1
11042356	11015672	1
5974703	5974704	1
3030518	3033091	1
5944057	5944058	1
11344656	11344754	1
12649990	11319962	1
6447015	6414868	2
3460143	3471779	1
1288100	1288099	1
10881969	10881970	1
12813771	12813772	1
263195	263196	1
7155287	7155300	1
1515425	1515477	1
10117863	10117866	1
9582260	9583223	2
840322	840321	1
8001791	8001789	1
11964385	11964386	1
529982	529942	1
8173478	8173477	3
8842720	8842723	1
893198	894399	1
6509599	6509514	1
6388170	6388169	1
4307588	4307587	2
12247369	12247370	1
7460477	7460225	1
9632632	9580449	1
9860559	9882699	1
1175694	1175690	1
9471894	9472570	1
5275097	5275098	2
7576477	7576478	1
12503486	12503485	1
2098089	2103057	1
5755885	5755886	1
6276756	6276755	1
7950662	7950661	2
10577909	10577910	1
11520748	11520747	2
8579512	8247948	1
5309658	5310052	1
7999067	142682	1
7104933	7104934	1
8386797	8386798	1
9134945	9184242	1
7827987	7827988	1
6511958	6511957	2
7368991	7368994	2
1067923	5816503	2
7186786	11447207	1
8478845	5866314	1
9692363	9692371	1
10623941	10623942	2
9361450	9361867	1
1790202	1791106	1
11406588	11406587	1
262229	7871194	1
7705093	7705094	1
10794214	10794213	1
4432794	4432793	1
2357778	2357757	2
4552608	4552607	2
1467420	1467397	2
5155603	5155604	1
4116551	4116552	1
4434450	3999298	1
7768904	7768903	1
9470460	9470459	4
11738375	11738376	1
4016648	4017311	1
1627777	1627861	1
6183322	6183321	3
10117865	10117866	3
1520497	1520498	1
12802236	12802233	1
4174830	4174829	2
5828723	5828681	4
10516386	10516385	2
6037642	6037625	3
1888961	1854892	2
680923	683338	1
10464431	10464432	1
6976611	6974411	1
1306123	1306737	1
11513009	11513010	3
9675533	9675534	1
8654812	8647361	1
324802	2287146	1
11568324	11568323	2
6405323	6405324	1
7179478	7179477	1
4076332	4076331	4
12364615	12365136	1
9942462	9941809	1
3944505	3944485	1
12137704	12137812	1
12668996	12668995	1
7656575	7656952	1
3416112	3417016	1
3625796	3625778	1
1110490	1110489	1
10164114	10164105	1
4223204	4222877	2
8776496	8776493	1
3993217	3993218	2
6758977	6758982	1
2330862	645578	1
9231449	9231450	1
3198613	3198616	2
11966577	12184369	1
9705841	9534341	1
5594561	5594584	1
4052688	4052183	1
6704309	6704310	1
10422607	10433820	1
11193540	11193539	3
11647960	11647957	1
12383414	12383413	2
2115015	2115365	1
1504984	1505541	1
5820612	5820611	1
5024406	5024405	1
6745043	6745046	1
3035649	3035650	3
6337868	6337867	1
7816215	7816216	2
890028	890027	1
6559035	6560500	2
12550225	12547043	2
4412521	4412522	2
12190734	12267196	3
11530596	11530595	1
4428760	4429103	2
7369031	7369032	2
1777152	1434946	1
2046835	2047144	1
7710847	7710850	1
4022022	4021647	1
6203613	6203676	1
888137	888138	1
9134179	9134180	1
9817037	1122298	1
7249691	7249692	2
5823678	5823677	1
9415981	9415973	1
326257	326115	1
2138292	2138569	1
4208528	4208527	1
7210567	7210568	1
12561988	12561987	1
3610096	3610445	1
5355623	5350314	1
5115134	5115089	1
6177279	6177284	1
11833792	11832529	1
6935992	6935991	3
9010586	11157162	1
9889699	9889700	2
10452519	10452546	2
3867339	3867340	2
11667683	11667684	1
8192015	8192012	1
6696436	6696433	2
6201481	6202371	1
3273916	3273915	1
12238384	12238383	2
326259	326115	1
11038046	11038045	1
7207392	7207387	1
7460546	7460545	1
5898044	5898051	1
1007227	1007228	2
860718	860689	1
5526818	5527146	2
4552602	4552601	2
11140162	11140161	4
3736553	3736554	2
6121358	5376254	1
6557662	6557661	1
2000747	2001572	1
9058071	9058072	1
2703840	2703839	2
8659195	8659196	1
3117969	3117971	2
2555952	2555951	1
6129710	6129703	2
12150191	12150192	1
1875973	1875974	1
3688929	3691245	1
4541335	4541336	1
7152602	7152712	1
1332686	1332721	1
4939765	4939766	1
9994533	9944932	1
2001642	2001636	1
6144421	6144359	2
11671491	11671492	3
11672866	11672897	1
12547459	12540089	1
9251803	9251804	1
10172500	10172393	1
2675124	2675123	1
11354446	11354335	1
975229	975230	1
5799815	5799816	1
7412403	7444408	1
1998746	1998544	1
12614643	12614644	2
6831922	6831898	1
6106056	6106045	1
4570762	4570759	3
8167344	8164836	2
7682852	7682851	1
1476319	1476943	1
12414014	12419045	1
10018971	10018976	1
11760479	11755968	1
5056314	5054019	1
8827028	9068117	1
8363258	8359239	1
1117645	1117646	1
1304992	1304991	5
11406586	11406585	1
183499	183500	1
11023031	11023032	1
1479644	1481557	1
7671607	7671781	1
1455351	1455352	1
10148047	10054442	1
5160312	5159393	1
1416129	1416123	1
172491	172492	1
10121778	10121775	2
1837849	1836624	4
11389022	11389021	1
12390648	12390645	1
8064419	8064420	1
3983807	3977374	2
5488719	5488735	1
12343233	12343201	1
5591912	5591962	1
12553059	12553060	1
11098144	11100030	2
641482	641515	1
7292208	7292207	4
1515641	1515734	2
9176841	9175631	1
11973284	11964799	1
2281789	2281798	1
3142560	3142565	1
8279131	3037893	1
8564929	8564930	1
12772350	12772349	2
3032058	3054278	1
3626634	3647396	1
12457325	12457326	1
614250	614309	1
1704652	1704651	2
11698259	11698260	1
1932047	1932048	1
6035754	6035749	1
4946532	4946531	1
6363136	6363133	1
11467844	11467843	1
7252528	7440045	2
4332784	4333011	1
1638589	1638590	1
12119527	12119528	2
2073844	2073129	1
6274075	6274076	2
9869386	9869385	3
4342533	4346070	1
6388172	6388169	1
5894277	5894278	2
2678863	2678864	1
11994678	11994677	4
4619440	4620517	1
5748240	5748199	1
6657700	6657699	2
7728400	7728399	2
7305915	7304323	1
4746915	4746916	2
1486506	1486526	1
10117863	10117864	2
5292101	5292102	1
1206095	3820886	2
153827	153828	4
1294617	1294620	1
4369391	4369392	1
4057081	4057082	1
10466825	10466826	1
10023239	10023222	3
9100068	9100067	1
9563900	9563899	1
6167640	6167639	1
10933163	10933299	1
10288710	10288694	3
3208464	3208463	1
168145	167964	1
6256614	6256646	1
6099053	6094360	2
7386672	7386671	1
7953417	7953425	2
11114959	11201479	1
8742940	8742939	1
6793693	6793694	1
8644679	8644680	1
6756993	6756994	1
4004468	4004467	1
2874386	2874385	1
11512074	11512071	1
1768069	1768070	2
7937164	7937156	1
7511936	7512431	1
401805	401806	3
5187832	5187831	2
8428057	8427997	1
2722585	2640633	1
5540341	5540118	1
5348287	5347711	1
9499010	3394631	1
8440501	8440522	1
1523642	1523645	1
7806587	7807006	1
5691157	5694096	1
7937878	7937802	1
11381637	11381638	1
12184147	12184148	1
5823436	5823435	1
2486601	2486602	5
11515925	6915116	1
2376371	2376372	1
5931143	5931025	1
8428830	8428815	2
9128158	9128157	1
10905404	10905403	1
3817823	3817824	1
5931262	5931261	3
8258808	8258819	2
9512759	9512760	1
3357012	3357011	1
2025846	2025845	1
10957032	10957031	1
3786406	3786142	1
891654	891649	1
8978675	8978676	1
5381476	5381475	1
3107036	3107035	1
5014064	5014043	1
10894010	10894009	1
10392147	10312069	1
10856579	10856580	1
12150193	12150194	1
4850687	4850688	2
909349	909350	1
12140088	12145888	1
9087213	9089957	2
9976739	9977998	1
1558051	1558052	1
5249243	5249244	1
6288698	6288695	1
7589231	7589232	1
8183316	8183315	1
6472358	3736800	1
10905406	10905405	1
12551301	12691981	2
5980976	5980973	1
7692750	7692749	1
4667763	4667768	1
5054566	5054594	1
11237710	11405696	1
633945	633946	2
9332865	9332866	1
5399427	5399627	1
11243835	11243836	1
5060907	5060908	2
7914154	7913262	2
8300154	8301003	1
9240048	9240047	1
3958558	3958557	2
8293809	8293810	2
4381583	4381588	1
12752449	12752450	1
10905406	10905403	1
663053	663056	3
11771557	11771551	1
11970340	11969999	1
11322230	11321105	1
8923707	8923652	1
4747223	4747427	1
8224013	8224014	3
9112362	9112415	2
2057303	2057304	1
4752566	4752565	1
2096799	2097140	1
1162009	1162010	2
9689218	9689217	1
12761830	12761829	2
8642353	8645091	1
9309008	9308792	1
1040981	1042562	1
10605266	10605265	1
9973617	5808857	2
12568447	12568215	1
12661042	12661041	1
11107629	11107630	2
4839601	4842464	1
166062	166059	1
9731521	9730699	1
2627756	2666223	1
10377719	10377717	1
6201931	10224054	3
5467636	5467635	1
4867903	4867906	1
8260286	8473149	1
1573983	1573984	2
6039273	6039274	1
9681185	9681186	1
7804245	7804242	1
2762524	2754762	1
11866025	11866028	7
1107319	1107320	1
8325981	8343229	1
9354487	9354488	1
10542773	10624923	1
5805237	5805238	1
1533745	1533746	3
2607524	2607523	1
3737289	3737290	1
1261630	1250100	2
11689016	11689015	2
11444638	11444637	1
7157684	7164824	1
11076208	11076207	2
388950	388953	1
10300957	10300958	1
6037746	6038600	1
9810893	9810894	2
5694150	5691156	1
4003897	4004467	1
3199003	3199060	1
6024979	6024980	2
3791321	3791185	1
3039894	3039893	1
6834922	6834921	2
3659423	3659424	1
11115053	11115054	2
10158620	10158619	1
7264685	4631469	1
8635388	8635387	1
8069575	8069088	1
10873222	10887153	1
5793538	5793537	2
1034050	1034049	2
36923	36924	1
10482275	10482260	1
7692748	7692751	1
4057066	4057065	1
1292168	1288101	1
12473130	12473129	2
2753592	2753591	1
8421175	8421176	2
7932119	7932120	2
7478049	7478052	1
2120868	2021532	1
5312772	5312771	2
10036567	10036568	1
11082812	11082811	1
5334656	5334673	2
6211650	6150036	1
6032570	6032507	1
7446442	7446441	1
3929460	3933666	1
7025500	7025499	1
3098655	3098642	2
4260294	4547710	1
3467323	3467324	1
9894591	9904443	1
5842320	5842317	1
1007640	1007639	1
10689154	10720708	1
6789192	6789191	1
12145576	12146170	1
12758060	12758069	1
10591557	10594324	1
10675945	10675946	1
8489597	8489617	1
3402569	9538519	1
8858712	8858711	2
3708110	3708107	2
3723856	3723855	1
12206717	12207296	1
9340639	9343166	1
988364	988327	1
11797083	11797824	1
8648026	8646469	1
9816615	9816616	1
36925	36926	1
3389703	3389706	1
7222752	7222751	1
6909663	6909528	1
5270692	5270765	3
7017147	7017150	1
4569102	4569116	1
9467931	9467932	1
7334452	7335002	1
11568326	11568325	1
186229	186230	1
1336931	1336268	1
11689965	11689966	1
4654347	4654348	1
1494375	1494376	1
2703838	2703903	4
8046969	8064420	1
170993	171055	1
5631497	5631578	2
5542112	5542137	1
7728714	7728713	2
11745554	11745381	1
10957613	11131626	1
10213617	10213618	1
2482981	2317829	1
3876535	3876559	1
10139462	10139442	1
1434462	1435413	2
3957645	3957646	1
2819366	2819383	1
12293720	12290316	1
1727087	1727088	1
7000129	7000130	1
6713034	6713033	2
11193540	11193537	1
2026781	2026782	1
6819082	6819510	1
7379484	7380494	3
4114800	4114799	1
7622506	7622503	1
2111267	2111268	2
5887680	5887300	1
8363262	8363259	1
12468731	12468732	2
12800643	12800627	1
1297930	1297977	1
12145889	12145896	1
7703363	7703364	1
8061945	8061936	1
10974597	10974598	1
8682438	8682437	1
7100444	7100443	1
11218928	11202371	1
12188973	12201353	2
4585947	4585836	1
786360	786359	1
9800153	9800165	2
5601505	5601612	1
5714910	5714815	1
1960037	1959992	1
3131162	11212582	1
10393488	10393487	1
3306743	3308037	1
6022284	12647565	1
8267763	3030378	1
7141485	7141465	1
12722116	12722112	1
3068355	3068356	1
1304988	1304936	1
1292168	1288099	1
10873220	10887155	1
3072096	3075004	1
9282478	9272228	1
8345681	8345682	2
4733254	4733253	2
1836625	1836626	2
6405323	6405328	1
9362323	9363371	1
1117645	1117057	1
3321562	3321363	2
1523655	9907474	1
11803828	11803827	1
10999473	10999474	3
9238937	9238938	2
10270148	10270147	2
9142213	9142214	2
12784610	12785536	1
2217922	2217861	2
6175571	6175572	1
10575133	10575134	1
3242167	3242172	1
853374	853371	1
12604778	12607966	1
2606317	2606318	1
11722832	11716088	1
7446372	7446371	2
7444409	7444410	1
6322037	6322038	1
8665307	8665308	1
2595261	2595161	1
8102725	8102726	1
10424965	10435912	2
12434700	12434699	2
886565	886566	1
7682848	7683659	1
9108870	9117549	1
3577454	3577453	1
5713063	5711863	1
9142107	9142108	1
4079256	4077628	2
11867922	11867921	1
11524088	11524091	1
5793529	5793295	1
4541333	4541334	1
3864573	3864603	1
6125829	6127026	1
7277461	7294661	1
8877954	8877929	1
11337485	11337488	1
1369853	1369854	1
4621428	4621427	1
10137538	10137537	2
4325556	4325555	1
6619955	6619956	2
6825474	6825354	2
1748309	1748310	1
6073169	6043912	1
5310433	5310434	1
1038290	1039729	1
8043620	8043573	2
7563676	7563675	2
8014133	8014096	1
5495852	5495851	1
194242	194537	1
8644681	8644682	1
9134561	9134562	1
8224213	8224216	1
7603908	7604342	1
8555379	8548619	1
1996028	1996025	1
5643979	5643980	1
1979489	1979198	1
4502535	4623664	1
6115374	6115410	1
11208556	11208555	1
5195934	5195933	2
10121756	10121755	2
12486384	12486357	2
8684881	8696999	1
10345373	10345376	2
3495200	3495197	1
11193937	11193543	4
9869388	9869387	3
11853656	11853651	1
9685664	9685663	1
9691882	9691879	2
2871429	2869934	1
8078550	8078557	1
5197865	5197897	1
7533826	7533825	1
5154707	2102641	1
11666244	11666130	1
5194857	5111426	1
2376373	2376374	1
2596374	2482145	1
6283053	6294213	1
6123749	6118352	1
10622950	10622949	1
7469472	7469447	1
8418546	8418180	2
6203734	6170342	1
2038143	2038144	2
4863835	4863836	1
11761959	11761960	2
8393770	8393769	1
2754778	2754753	1
5116273	5162513	1
3942481	3942482	1
11738003	11735517	1
6283271	6283591	1
11913702	11913969	1
6342402	6342401	1
6069529	6069799	2
12037165	12037166	1
1887177	1887178	1
1784297	1797257	1
11690529	11690534	3
7590824	7591356	1
7017151	7017152	1
6496859	6496908	2
11322226	11321105	1
47488	50147	1
9731835	9731836	1
3619834	3617535	1
11544192	11544133	1
9088697	9088700	1
6116519	6116803	1
6111092	6111091	1
236745	236746	1
10257864	10257863	1
4188917	4175417	2
4910477	4913205	1
11178387	5936579	1
3589470	3589469	3
2649122	2648697	1
247819	246348	1
10789186	10789193	1
10146485	10146486	1
3040926	3040917	2
7337562	7337393	2
10469165	10469166	2
10538800	10538799	2
10011664	10010682	1
1954083	1933445	1
8556003	7878919	1
1764754	1764751	1
4183480	4183479	1
7740867	75198	1
9117409	9117766	1
8665307	8664720	1
9441057	9449560	1
6141554	6141553	1
2972379	2972384	1
10645193	10645194	1
3893141	3893131	2
10083398	6189536	1
5353399	5353350	1
8181927	8181928	2
3253	3243	1
2376307	2170740	1
6558342	6558341	1
415976	415692	1
1521596	1521595	1
7145993	7145994	1
3619141	3621570	1
10538800	10538797	1
803147	802945	3
8262415	8262416	1
6500299	6502622	1
659999	656605	1
6458931	6458942	1
12001908	9927126	1
460840	460839	1
10116961	10116847	1
6059289	6059292	1
10014195	10014196	3
1212612	1211988	1
9831420	9831417	1
6044548	6044545	1
3472174	3476746	1
8682440	8682439	1
5204966	5204965	1
11169211	11169212	1
5489724	5489723	1
5139591	5139592	1
11513011	11493556	1
7917147	7916533	1
12468756	12468730	2
12192958	12192957	1
185466	301589	2
91129	91130	1
3947306	3947305	1
10319720	10319719	1
1294436	1294530	1
11140160	11140262	4
8682440	8682437	1
7737581	7737582	1
7768902	7772206	1
4824791	4824798	1
3265381	3265382	1
2017929	163654	1
16824	16827	1
6240327	6240332	1
9595037	9595038	1
10858948	10858934	4
407064	353873	2
11403994	11404413	1
4280975	4280976	2
12184697	12184698	1
10813776	10813816	1
1019589	1019590	3
398751	2308088	1
8270355	8272520	1
599201	599204	1
9467877	9467878	2
11087308	11087625	1
7440095	7440096	1
8243462	8243461	1
1231585	1231586	1
3244517	5924653	1
4250106	4250068	2
5579438	5579433	1
5867703	5864242	1
5732494	5617093	2
183485	185395	1
8991653	8993368	1
7179476	7179475	1
8170772	8170771	1
2503966	2503965	1
4022025	4023625	3
11666258	3981156	1
10770308	10770307	2
8842726	8842721	1
2736093	2641462	1
1675457	1624677	3
9940125	9940126	2
5429551	5429552	1
5515507	6748508	1
8858710	8858709	1
1580205	1580206	1
8376097	8377042	2
5670024	5669887	1
10049921	10049922	1
6403739	6403636	1
7363218	7362481	1
1542787	1542792	1
11452412	11452411	1
11314298	11315089	1
8925812	8925490	3
890550	890553	1
4733256	4733253	1
4172725	4172726	1
4576451	7221475	1
1391340	1391343	1
9713989	9693519	2
895741	895742	2
7126124	7126123	1
3906145	3906146	1
51557	51558	2
10764234	10764231	1
10226875	10226876	3
7450429	7450430	5
11806206	11806082	1
8794688	8794687	1
4384413	4384414	1
2803133	2803280	2
9584693	9584694	1
1927080	1927183	1
7446465	7446468	1
9558618	9557974	1
2241249	2087850	2
10544788	10560817	1
9928467	9915027	2
8057550	8054811	1
5346566	5345993	4
2598710	2598709	1
11603831	11651166	2
6313707	6313519	1
6514436	6514400	1
7322152	7321396	1
5058690	5057040	4
301473	301539	4
11703229	11701083	1
4384415	4384416	2
6354726	6354725	1
3100264	3103724	1
2528316	2532348	1
3956801	3956802	1
2063526	2063525	1
4377403	4227586	1
4060205	4060244	1
10393416	10393301	1
11611287	11614359	1
6201062	6201084	1
8844228	8844253	3
4555906	4555905	1
6972557	6972558	1
5301745	5301750	1
4622373	4622375	1
6597899	6597900	1
1434464	1434463	2
7449400	7449476	1
1748377	1654390	1
8897287	8897288	1
3057423	3080463	1
4439440	4439439	2
9564015	9564016	1
7100442	6128856	2
10780229	10779015	1
3521664	3544893	1
8437874	8437700	2
1080444	1079887	1
12145812	6291692	1
5453775	5453771	2
1970971	1970972	1
6480568	6480567	1
899326	671921	1
6349010	6349076	1
8035260	8035257	1
11322230	11322227	1
4713452	12740200	1
145711	145712	2
5874586	5874787	1
11193538	11193537	3
3495198	3495197	2
6381417	6382661	2
9973617	5808859	1
12451647	12209813	1
8374525	8374526	1
269811	269812	1
1768007	1768068	2
10565777	10565778	1
6207167	6207599	1
1233	1234	2
3330489	2620911	2
11723293	11723992	2
7247735	7248733	1
12671289	12676016	1
2975070	2975069	1
5573400	5572485	5
10114091	10114092	6
3981203	8775255	1
6938798	9339619	1
3403021	3403022	3
450465	450466	2
663057	665968	3
7891148	7891147	1
5477531	5478035	1
845097	845098	2
7610416	7610389	1
11867920	4301925	1
4622371	4622372	1
10372367	10372368	1
10435913	10435914	1
2255224	2255223	1
1391589	1391590	1
1007392	6904762	1
4070691	4070768	1
326257	326258	1
8638140	8638139	1
5783172	5782974	1
1361574	1361573	2
11169213	11169216	1
8160334	8160337	1
10271633	10271435	1
4828313	4828314	1
12438308	12438311	1
8828799	4904550	2
7558149	7558154	2
4124691	4126103	1
8085419	8085420	1
10827345	10827346	1
3062563	3062961	1
1248639	9824893	1
10542019	10534868	1
1394547	1394550	1
9663373	9653961	1
287787	287788	4
9544195	9544198	2
4386718	4198802	1
12006184	12006183	1
12171377	12171427	1
1784295	1784296	1
7386670	7386669	1
12730581	12730575	2
9467036	9467033	1
12568445	12568446	2
5939720	5939705	1
10148051	10054442	1
5721498	5721354	1
6059860	6059857	1
12625694	12625693	2
3495830	3495829	1
2801071	2801074	1
9717083	9717084	1
9541668	9541697	1
850542	851164	1
8624399	8624400	1
4755593	4755594	2
6139165	6139166	1
3934080	3934079	1
9591824	9588066	1
894914	894913	1
8814436	11179947	1
4174828	4174827	2
7280392	7280391	1
6793699	6449995	1
8452962	8452961	2
9320503	9320473	1
7470136	7470120	1
390775	2870323	1
775748	775747	1
2834689	2834690	1
6226670	6226673	1
12465031	12120178	1
3952383	3952317	1
4776749	4776694	1
2648326	2749222	1
10468341	10468360	1
5276165	5276166	2
4834457	4834458	1
668705	669503	1
10464429	10464430	2
7676378	7786483	1
7071549	7071550	1
11142243	11144068	1
10959427	11079725	1
3292327	3292248	1
5105326	5102078	1
354931	354932	1
9147195	9150597	1
734485	727047	1
6559073	6559834	2
2414838	2552486	1
12206396	12206287	1
10204216	10204219	1
6090810	6090809	1
8642227	8625951	1
11362520	11362519	1
294364	294363	2
11523130	11523129	1
8224170	8224212	2
11612300	11589396	1
10086973	10086974	1
8805758	8805757	1
6051725	6052150	1
7196975	7196976	3
4218158	4163546	1
9134181	9134176	1
2258821	2255276	1
6487711	6487580	2
49025	5105401	2
3084844	3094882	1
7020730	7177372	2
5310435	5310438	1
2280403	2280404	1
2217844	2218040	1
7912397	7912398	1
5758335	5758172	1
5613365	5613368	3
3038418	3037656	1
1237526	1234213	1
462251	461813	1
5203842	5203720	1
10372636	10372631	1
10938282	11172659	2
7429578	7429577	1
4589796	4589785	1
6698005	6698008	1
9869388	9869385	1
5088062	5087768	2
10063407	10063408	1
10663653	10519305	1
9324468	9324467	1
8862577	8862578	1
5024267	5024268	1
7868228	7868227	3
10893329	7108514	1
5906425	5908453	1
56712	56711	1
5276167	5276168	1
1096885	1096667	1
12511868	12511867	1
9543970	9543948	1
4865662	4865661	1
5461133	5461136	2
1833858	1759743	1
7017147	7017152	1
7847693	7847694	1
8289615	8289524	1
6323299	6323300	1
3817825	3818004	1
11018302	11018301	1
277783	277784	2
4443188	4435470	1
10803101	10803102	1
7558149	7558152	1
3246265	3246337	1
5617160	5618031	2
12405709	12405710	1
5056322	5052083	1
10194101	10194102	4
