fend1	fend2	count
5755964	5755963	1
3613039	3679255	1
5619976	5619975	1
4067237	4067139	1
1782081	1782174	1
7124099	7121300	1
2720858	2720857	1
9705314	9701689	1
10893233	10893236	2
9423847	9423848	1
989686	989685	1
11501722	11500236	1
12442405	12442406	1
4800142	4800139	1
1771209	1771210	1
10317436	10317433	1
3238431	3237490	1
11854955	11854956	1
10187545	10187546	1
6711463	6711464	1
11610092	11610091	2
6554600	6554737	3
9042839	9042840	1
6731391	6731392	1
10198343	10198344	1
891103	891104	1
10235829	10235830	1
9680757	9688592	1
10912608	10912605	1
11724005	11724006	1
2787642	2810833	1
8869818	8869815	2
9365614	9363400	2
10468220	10468219	1
3826361	3826364	1
11627784	11627804	1
8663173	8663158	2
6424406	10646121	1
955081	920292	1
4739795	4668221	2
8332957	8332958	1
11968314	11968313	1
5962586	5962585	1
388283	388284	1
1286901	1286902	1
7492670	7492669	1
8692203	8692204	2
12805712	12805624	1
6899147	6936874	1
11928244	11928237	1
893070	893069	1
4149125	4146132	1
32450	31719	1
2719770	2719767	2
11929999	11929936	1
3939104	7179093	1
5657995	5657996	1
3600778	3600777	1
4051827	4051828	1
11705359	11705360	1
11856902	11856901	1
2232017	2232020	1
8393106	8393105	2
11053637	11053638	1
9175638	9175637	3
2730285	2731664	1
3929484	3929483	1
3559122	3561420	1
1229836	10001381	1
12713786	12713792	1
726928	726927	1
8074578	8077135	1
11739068	11739067	1
6455397	6455398	1
7557156	7557155	1
4792928	4792927	2
2163719	2163720	1
3966154	3966153	1
12785770	12785606	1
2925327	2925328	1
7917600	7920602	1
10633230	8397640	1
11188179	11188182	1
6542632	6542631	1
11600167	11600168	1
9847890	9847889	1
5576231	5576060	1
10070082	10070081	1
1877087	1877088	1
3036965	3036966	1
4038983	4534522	2
5602883	5602884	1
11242018	11242017	1
11360784	11356898	1
6183564	6183599	1
3541573	3541640	1
6311883	6312245	1
5876352	10381083	1
883249	882356	1
816056	816055	1
8237418	8237417	1
5354444	5354441	1
1958320	1958319	1
1383037	1383038	1
11156440	11156439	1
9229334	9229333	1
1699886	1699885	1
3583129	3583276	1
7359608	7357726	1
10198341	10198342	1
6491613	6491614	2
10138620	10138619	2
898793	898794	1
6305469	6305470	1
9040182	9055620	2
3626030	3610654	2
10912606	10912605	1
5529112	8926713	1
4004383	4004384	1
6435802	6260302	1
3488493	2123870	1
4751929	4835550	1
3817602	3825098	1
11109097	11108981	1
5529729	5523831	1
2812525	2812526	1
10665954	10665945	1
10481403	10481398	1
2044601	2044606	1
10925120	10925119	1
1943828	1943807	1
8538969	8493871	1
4403639	4403640	1
9070758	9070757	1
1972160	1099106	1
10283229	10283227	1
7153093	7153094	1
3530610	3530607	1
10243437	10242082	2
10613540	10575938	1
9585860	9585863	1
12623666	12607151	1
11272027	11271789	1
8256687	8265733	2
1218994	1218991	1
4705465	4705245	1
1394512	1394511	1
8694645	8713320	1
5705984	5641033	1
2941875	2867915	1
9775261	9775160	1
849348	849347	1
8846621	8846622	1
11215288	11215247	1
2587157	2565345	1
3957962	3958035	1
4442183	4440127	1
12665795	12663230	1
3929482	3934038	1
5213867	5213868	1
6479422	6479421	1
12741588	12741585	1
9966625	9959836	1
5364028	5366495	1
7461240	7461239	1
3944013	4042821	1
7102353	7102356	1
5984159	5984160	1
2281567	2281568	1
10323271	10323207	1
188856	189981	1
2519723	2519799	1
9987303	9987304	1
9136480	9134078	1
9563889	9564136	1
6092282	9494804	1
4446384	4446536	1
1090940	8564983	1
3376608	6010096	1
6114164	6114163	1
3036067	3032749	1
1652665	9182976	1
9492971	10417057	1
2464664	2465776	2
3293229	3293230	1
11604229	11604230	1
4080234	4080233	3
9182666	9182409	1
2473365	2473366	1
917427	1291005	1
9551770	9551769	1
2676918	2686407	1
7314118	7314117	1
6096765	6096777	1
6113536	6095513	1
875278	875273	1
10184067	10184068	1
5917597	5917627	1
207202	207201	1
12318489	12318376	1
11981408	11986628	1
5057375	5057376	1
8191598	8191601	1
11783011	11783014	1
3339579	3339543	1
6877559	6877562	1
7249747	7145348	1
4050814	4050813	1
1068583	1068584	1
10642246	10629451	1
7291605	7291606	1
5631514	5631529	1
7186510	7185850	1
5587679	5587417	2
5819647	5819665	1
5720678	5891555	1
776398	3793771	1
5831652	5831651	1
2836210	3161797	1
8215804	8215803	1
3154795	3154796	1
12118674	12118673	1
3401071	3403205	1
8833320	8833322	1
8420822	8420819	1
10177110	10177387	1
5709326	5709325	1
3935100	3934610	1
1749575	1749576	1
8959302	8959301	1
8471322	8511372	2
159546	159545	1
1973619	1973620	1
10008602	10005283	1
11296786	11296785	1
7935282	7935279	1
6439331	6443904	2
8590025	8590026	1
12051158	12051155	1
12539305	12539327	1
6966248	6966247	1
7778580	7778526	1
8215772	8215771	1
4537594	4537772	1
7086966	7029828	1
7777180	7777179	1
3208137	3200534	1
12618780	12624570	1
1970017	1967492	2
11051664	11051663	1
10051677	10051678	2
11294686	11294685	1
386378	346527	1
10673389	10673390	1
6617800	6617904	1
9109683	9110563	1
3656645	3656646	1
6509260	6509696	1
6525006	6525830	1
7230879	7230880	1
12640694	12641614	1
9885405	9885408	1
10048716	10048715	1
10746872	10746902	1
971188	971187	1
2938056	2938088	1
2221061	2221062	1
10341910	10342255	1
12792920	12791137	1
11496695	11496667	1
5370209	5370210	1
2357681	2357684	2
3211118	173796	1
11493775	11492418	1
8340158	8340076	1
4532285	4532286	1
5560960	5368842	1
2511908	2449700	1
163070	163069	2
10648245	10648246	1
11502882	11502874	1
3880014	3880035	1
7461238	7461237	1
12780702	12780699	1
8809764	8809763	2
12652539	12652540	1
2107963	2107964	1
11093369	11093372	1
8836123	8836124	1
6491611	6491612	1
7461240	7461237	1
7731202	7731201	1
3859830	3859842	2
6048245	6048246	1
8536630	8536629	1
3035449	3038229	1
9538061	9538062	1
2587253	2567323	1
330387	330388	1
11274914	11274911	1
9735607	9735608	1
7398059	8809028	1
2897778	2896510	1
10265963	10266282	1
3603139	3620938	1
11544854	11544851	1
10520181	10520182	1
5657997	5658016	1
7007633	7007640	1
5280693	5280694	1
8564664	8564663	1
3948371	3948372	1
10291856	10291842	2
3516297	3506592	2
11242026	11242021	1
10170055	10170056	1
6753034	6753305	1
2170106	2131690	1
1726177	1726178	1
2557429	2557430	1
9965098	9963340	1
1481270	1481269	1
2191368	2191367	1
8648949	8648950	1
5630547	5630470	1
1547214	1327188	1
404258	403327	1
11402686	9793659	1
4546756	4547014	1
5587650	5587649	1
6150749	6150750	2
3756336	3756335	1
12124861	12124862	1
12473832	12474003	1
6408435	6392141	2
10440679	10440631	1
850486	850587	1
6281897	6281898	1
10282442	10282441	1
4701821	4701822	1
5628796	5599881	1
5602881	5602882	1
5920477	5920478	1
3457900	3457899	1
1425730	1425729	1
9126199	9126200	1
2557427	2557428	1
7985658	10764254	1
4075893	4075856	1
12134131	12134126	1
8389632	8380309	1
2939358	2939357	1
3159737	3159738	1
12504684	12493651	1
11418253	11433167	1
8033487	8033490	1
5386032	5410254	2
6529846	6529524	1
9363401	9363402	1
11261032	4231128	1
5354442	5354441	1
10769271	10769272	1
5641476	5642014	1
38085	38086	1
10248960	10248959	1
3946440	3946439	1
12771731	12771763	1
6790889	6790890	1
6742286	6742253	1
5803579	5806918	1
12376317	12376318	1
4271409	4271410	1
1775061	1775062	1
8073629	8073630	1
618063	618064	1
6002559	6002560	1
6344922	6449038	1
12804890	12804887	1
8451830	8571698	1
5267847	5267848	1
4556667	4556668	2
10260137	10260138	1
1444508	1476216	1
1377313	1377607	1
2122883	2122905	1
6151425	6151426	1
11433051	11427470	1
12670554	12668923	2
8483497	8463695	1
8903304	8903303	1
9229697	9235803	1
6288197	6288198	1
8882468	8882467	1
9128832	9128831	1
12189841	12181904	1
1190692	1190689	1
1084763	1083592	1
4521790	4520066	1
10827717	10827722	2
3873557	3873560	1
8077793	8074567	1
10480856	10477067	1
6018865	6716928	1
3051533	3051534	1
9919498	9919495	1
11973279	11973280	1
7197169	7192949	2
12665362	12665920	1
1483749	1483750	1
1139339	1139340	1
11295713	11294685	3
7206888	7200703	1
1713111	1713112	1
6903487	6903488	2
8448135	8448020	1
3243720	3161229	1
8562827	8562828	1
7037774	7041998	1
2703967	2703961	1
12785607	12785608	1
278450	278447	1
12670469	12670470	1
7275952	7275949	1
6858690	6858689	1
38426	36547	2
12772828	12678661	1
4710530	4710527	1
7206890	7206889	1
331192	331191	1
6122075	6122076	1
1884922	1884918	1
2471889	2471890	1
5692793	5692794	1
2564230	2564033	1
12408806	12408805	1
6033369	6033370	1
11889497	11889683	1
3034723	3034724	1
8972070	8972063	1
8417589	8417590	1
6280876	6280875	2
4614833	4614834	1
11452067	11452068	2
1515073	1515074	1
3615730	3615723	1
8168592	8168591	1
7788765	7788766	1
4048262	4048259	1
420380	420379	1
6838132	6835492	1
7235562	7239439	1
10735687	10735688	1
8647604	8647601	1
5152412	5050809	1
6273450	6273449	1
9175642	9175641	1
3034720	3034717	1
9337775	9433933	2
4345751	4450782	1
1346789	1346790	1
11599389	11599390	1
5589489	5589490	1
816058	816057	1
12393837	12393838	1
5092960	5092959	1
4294849	4294810	1
4722890	4836117	1
12687879	12685624	1
2093886	2093360	1
10217212	10224673	1
1007374	1007373	1
4381515	4381518	1
11156438	11154891	1
6088894	6088891	1
7477370	7478201	1
10486645	10486616	1
8957190	8973157	1
3928760	3928759	1
10802528	10802708	2
3788189	3788190	1
8619307	8630880	1
8258827	8252675	1
6197342	6197341	1
1218994	1218993	1
1330467	10723031	1
5472243	5472244	1
9258598	9252417	2
5736475	5736476	1
12120544	12120543	1
8884846	4004523	1
12295529	12295530	1
5706864	5706884	1
3309250	3309249	1
1692596	1692595	1
1315105	1444512	2
3953045	3961216	1
6356183	6356184	1
8880160	8880327	1
9520498	5596898	1
8543307	8398529	1
2330634	2330633	1
5527353	5532118	2
9188703	9192332	1
8837988	8837987	1
6169157	6169155	1
5984159	5984162	1
5975728	5975727	2
2674611	2674612	1
169355	169356	1
474503	474632	1
3219082	3219079	1
10631959	10631960	2
2110048	2109938	1
12184062	12184061	1
951022	7683530	1
7136362	7146563	1
6196533	6197336	1
8554403	8551228	1
352569	352570	1
4049168	4049167	1
10451188	10456899	1
9551768	9551767	1
3556940	3557214	1
7940054	7940053	1
9625925	9604147	1
8013650	8013649	1
6539507	6539508	1
11889664	11889663	1
9471468	3394103	1
8513626	8513625	1
9172254	9160715	1
319171	319172	1
9296633	9295720	1
9134079	9134080	1
10183443	10183440	1
252900	446711	1
9764517	11330561	1
8673077	8673153	1
8894737	8894689	1
10438913	10402003	1
2619260	7441402	1
6170177	6171013	2
5814544	5814543	1
3739266	3739263	1
12643468	12641187	1
9717749	9717750	1
9245614	9245613	1
891105	891687	1
4511705	4511802	1
11053635	11053636	1
1307599	1306836	1
4555832	4555831	1
5926188	5926187	1
10077717	10077570	1
4312344	4312343	1
155052	155051	1
8922423	8922424	2
9764247	9757786	1
2852795	2852862	1
8789216	8789213	1
1544636	1544635	1
4545772	4545698	1
7080879	7083366	1
1523321	1523322	1
4855111	4844058	1
8727122	8725286	1
1883608	1883607	1
792665	792322	1
11547899	11547902	1
4085026	3899495	1
10138054	10138053	1
2184436	2441541	1
916534	914562	1
4506823	4506829	1
7530047	7530048	1
1106233	1106236	1
8684049	8684027	1
12131647	12131648	1
7906856	7906853	1
8616693	8616696	1
10166422	10166421	1
12777614	12777613	1
2454421	2454422	1
4278186	4278185	2
1116956	1116591	1
6353829	6353581	1
4716797	4490049	1
6346434	6346433	1
4444660	4444657	1
4735931	4735942	1
7085340	7085339	1
4306948	4306947	1
10822390	10822428	1
7150943	7150944	1
2081035	2081033	1
10995296	10995295	3
5252712	5252711	1
5736477	5736478	1
6360440	6360437	1
440603	440604	1
1251921	1199725	1
3140360	2891411	1
155050	155049	1
3927997	3927998	2
4458575	4458576	1
12596305	12367544	1
7288948	7288945	1
5839216	5839215	1
10309081	10309082	2
1647977	1647982	1
5959091	5959092	1
807140	807129	1
6199987	6199738	1
10755648	10755647	1
6841468	6892414	2
2232021	2232022	1
7850590	7850587	1
5077941	5077948	1
6710512	6710511	1
1664999	1664916	1
6041060	6041057	1
3371309	3371651	1
1397760	1398040	1
6227650	6227649	2
2084026	2084023	1
7917857	7917858	2
2435147	2435148	1
3607616	3614337	1
9078993	12201422	1
6060202	6060201	1
9619601	9619604	2
4053846	4053845	2
3535351	3535354	1
645958	3634621	1
6773033	6773064	1
12226762	12226800	1
10149531	10302187	1
2313231	2313232	1
5330561	5330562	1
1021660	1021659	1
10641856	10641855	1
850571	762961	1
1658481	1566398	1
2117937	2117938	1
4331375	4598795	1
5236744	5236352	1
7182116	7182146	1
11385252	11385251	3
984903	984906	1
7433126	7433125	1
8562825	8562828	1
3993179	4041712	1
10713615	10713616	1
6161928	6161927	1
12562625	12562626	1
9961174	9968239	1
1675426	1675425	1
6043717	6043577	1
8754961	9091820	2
12128343	12128344	1
5934786	5934785	1
6187739	6187740	1
605405	605406	1
730888	730887	1
2380618	2427248	1
4084979	4084982	2
4187584	6510289	1
11156399	11159248	1
11689505	11688845	1
6790710	2939359	1
3858075	3878904	1
12640698	12640697	2
3979961	3979962	1
10418473	10418474	1
6906381	6906198	1
10083801	10083802	2
5878375	5878376	1
11867848	11867847	1
4782953	4782954	1
6742602	6742601	1
5329219	5329220	1
4027773	4027774	1
330396	330386	1
7831604	7831603	1
8527638	8511720	1
8713209	8711207	1
5412024	5412042	1
9686466	9686465	1
3339579	3339545	2
10697616	10698906	2
6249145	6249146	1
8221217	8221218	1
3956418	3956415	1
4710751	4710959	1
10377242	10377241	1
9024377	7325102	1
2938124	2938123	1
1206573	1206574	1
6432246	6432243	1
9549175	9549176	1
816060	816059	1
9293705	9293706	1
7701353	7701356	1
6929985	6929986	1
4254843	5485291	1
647112	893422	1
8170978	8170977	2
8538444	8538443	1
10494914	7819767	1
5182418	5191431	1
976938	975761	1
9735605	9735606	1
12668953	12668954	1
10130874	10130888	1
6478492	6478491	1
2583525	2583526	1
12673295	12673262	1
11998814	11998811	1
9901889	9901890	1
4504285	4504286	1
3828323	3828422	1
7078820	7078269	1
1091243	1091246	1
12596017	12596018	1
5596538	5596537	3
3258727	3261502	1
5743889	7586900	1
3943841	3943842	1
407856	407838	1
3722660	3717872	1
5738091	5738092	1
9620499	9620500	1
6079599	6090183	1
4303073	4303074	1
1111667	1111668	2
10566309	10566349	1
6187741	6187742	1
10479221	6427303	1
4271393	4271394	1
2454708	2454707	1
9345948	9345645	1
5328690	4498667	1
8129186	8129422	1
5923965	5923966	4
9997660	10130409	1
10986523	10986524	1
2723065	2723055	1
3741580	3741579	1
904646	12780703	1
11195174	11987153	1
6513098	6513097	1
6630121	6630122	1
9357307	9357310	1
5533944	5533943	1
773783	773788	1
11380890	11380889	1
9519835	9520273	1
8468491	114311	1
10987276	10987233	1
5243482	5243481	1
2761159	2761160	2
5748182	3244286	1
1741499	1741481	1
12396979	12397084	1
12223919	12223920	1
8074818	8074815	1
6733719	6733722	1
9972456	9972455	1
5018499	5018311	1
5793083	5793030	1
3497689	3497747	1
12134127	12134128	1
6929278	6929984	1
10124762	10124759	1
4015720	4016116	1
1515075	1513725	1
9711637	9711640	1
1709729	1709730	1
7074577	7077436	1
6939782	6902302	2
5949117	5949118	1
9965083	9965084	1
9851778	9851777	1
2720856	2720855	1
2680961	2680964	1
7114324	7114130	1
3763282	3763880	2
6714955	6714956	1
2636304	2635525	1
10742485	10742633	1
1206684	1206683	1
8882466	8882465	1
8909976	8908591	1
10403158	10403157	1
9442868	9442860	1
6508407	6508410	1
1749563	1749564	1
12337399	12337376	1
6858688	6858687	1
7180284	7176522	1
4652924	4653643	1
10365688	10357462	1
10092701	10083800	1
5887541	5887542	2
10444188	10444187	1
4080232	4080229	1
3819333	3819334	1
8248804	8153392	1
12542143	12542144	1
4430277	4475095	1
767571	767572	1
4596331	4596334	1
6347721	6347697	1
6344500	6344499	1
9236294	9236291	2
7822089	7822113	2
12315807	3229033	1
5577917	5577846	1
3852262	3852261	2
6998585	6998607	2
8369410	8369409	1
3149895	3149896	1
1127509	3377099	1
9113687	9113688	2
55986	55985	1
3756334	3756333	1
4657788	4657787	1
11509619	11509622	1
8866558	8866715	1
12232874	12232736	1
1877542	1877625	1
5016706	5014476	2
11961555	11961556	2
7010051	7010052	1
7534987	7534988	1
6173779	6173782	1
11614858	11614857	1
4015066	4013326	1
1967493	1967494	1
4379498	4380747	1
4753977	4753980	2
1071466	1071460	1
10451342	10455371	1
6910099	6910085	1
6413728	6413731	1
3928766	3928765	1
6901644	6901643	1
5749300	5749548	1
9236323	9229652	1
4069965	4069946	1
10344140	10344137	1
8607782	8607777	1
4624416	4624415	1
9174146	9174145	1
2005755	2005776	1
10987234	10987233	2
7401515	7393945	1
8618153	8600536	1
1182457	6671348	1
5003537	5003538	2
2891890	2891889	1
8924282	8924281	1
3714860	3714880	1
11319516	11319515	1
5203325	5203326	1
2724214	2724213	1
2008755	2008756	1
12746053	12746485	2
5565781	5565782	1
12176433	12176434	1
9765992	9765989	1
1501303	1501304	1
3938262	3937578	1
11716071	11716072	1
12625171	12625172	1
6950694	6954763	1
12180347	6961185	3
2260348	2260405	1
7777413	7777414	1
5812970	5812969	1
6756832	6756831	1
6387444	6387441	1
1685557	1685558	1
4981691	5119107	1
9819577	9819578	1
6612627	6612628	1
4441011	4441012	2
5539600	5539589	1
10715071	11610981	1
8064952	8064163	1
3551926	3551925	1
4083043	4083044	1
8477296	8477293	1
6703232	6703231	1
10907867	10886329	1
8553683	8553684	1
3274952	3274955	1
4937781	4937116	1
7000870	7000873	1
6396319	6396320	1
7549177	7549178	1
6423376	6423375	1
9302056	9317369	1
3826372	3826371	1
984901	984902	1
8889563	8889564	1
10184071	10183495	1
5016125	5012160	1
11868807	11868810	1
10727630	10727838	1
8730625	8752556	1
10262550	9885513	1
647391	647392	1
9711294	9711535	1
6090182	6090181	1
6387444	6387443	1
5044959	5046981	1
1473843	1473844	1
1803840	1784667	1
12485308	12485307	1
4360411	4360412	1
4236990	4206298	1
3628479	3716513	1
11609174	11609173	2
4147826	4202411	1
5410255	5386193	2
11598590	11598589	2
1308333	1308334	1
10472820	10472907	1
4375695	4375696	1
7010049	7010050	1
6478494	6478493	2
7047573	7047574	1
9549175	9549178	1
10026692	10026691	1
7491762	7491761	1
6419041	6419042	2
11929997	11929998	1
2465091	2465092	1
8363670	8365136	1
8365620	8357996	2
12208449	12208450	1
551955	551847	1
9287481	9287484	1
9528005	9528006	1
236234	236233	1
711666	713994	1
1556952	1556951	1
12355252	12355096	1
4942644	4947588	1
3624618	3624625	1
11406182	758141	2
10435216	10435200	1
4835551	4835552	1
1740007	1638796	1
3325712	3325711	1
2092600	2092599	1
3570149	3570150	1
10663004	10663003	2
3023983	3028033	1
3159741	3159742	1
441170	441169	1
9365138	9365631	1
5956482	5956513	1
2891892	2891891	1
6158727	6158728	1
11273600	11272884	1
859895	859896	2
5016121	5016124	1
3515516	3516256	1
3898315	3898316	1
5693298	5693297	1
6038163	6038164	2
10772996	10772989	1
6563535	6380721	1
11779397	11779468	1
5518525	5518526	3
2111070	2111067	1
395119	394502	1
12179975	12180017	1
3489183	3489184	1
2450842	2450841	2
7768299	7768300	1
6602695	6602696	1
6562490	6562489	1
10309079	10309080	1
5455412	5455411	1
1762872	1762871	1
1574888	1574124	1
9929630	9912377	1
10508202	10508824	1
6508521	6508526	1
12462625	12462626	1
7828907	7825804	1
12798052	901945	3
7149216	7150942	1
1828664	1828661	1
3946883	3946888	1
6897428	6894895	1
10065188	10065187	1
6009359	6123675	1
3150196	38081	1
7047571	7047572	1
4257628	4257625	1
3661550	3685117	2
4070333	4070334	2
647406	647390	1
10282583	10282586	1
921036	921035	1
2184546	2184545	1
2204200	2331299	1
5069377	5069378	1
6835434	6835433	1
5696234	5696263	1
11783015	11783016	1
9994144	9994143	1
4607406	4604670	1
4701823	4701811	1
9386757	9387266	1
433206	433205	1
9300708	9300707	1
11578910	11478570	1
8583327	8547674	1
11242020	11242019	1
5601619	5601586	1
438825	449584	1
762862	1243407	1
6518968	6518967	2
5092499	3094946	1
8631846	8631845	1
8982753	8755101	1
10206997	10206998	1
8850599	8850600	2
6506551	6508406	1
5934784	5934877	2
1747428	9066878	1
6972970	6972969	1
9922869	9922870	1
1800669	1803030	1
6129379	6129380	1
5226528	5226534	1
10889731	10889732	1
7361255	7361356	2
11590295	11544855	1
10016012	10015999	1
6023583	6023586	1
1195210	1195209	1
1748229	1748249	1
5715711	5715022	1
8898735	8898736	1
5002544	5002531	2
8440637	8440638	1
8958004	8958003	1
1828036	8564665	1
8517299	8517300	1
6993407	6993408	1
12804501	12804502	1
4735155	4735203	1
1010673	1010674	1
11965629	11965632	2
4181094	4181091	1
8924690	8924689	1
3071586	3071585	1
4255904	4255899	1
5358271	5358272	3
5817852	5848708	1
4064609	4083137	1
7187992	7186789	1
10506724	10506704	1
12052995	12004824	1
9959129	9959130	1
9878134	9869780	1
9068949	9068950	1
6014279	6013608	1
7119987	7119988	2
3234422	2971236	1
6181355	6181356	2
8039601	8039564	1
2443204	2443203	1
2393740	2380924	2
6175331	6175639	1
6832232	3595823	1
5186850	5186849	1
9153830	9153829	1
4263724	4263723	1
6360222	6358265	1
8562611	8564431	1
2394614	2392225	1
10976280	10976279	2
1587347	1587343	1
12772408	12772405	1
5637317	5637318	2
6288195	6288196	1
10506705	10506706	1
6182323	6183058	1
3032215	3032216	1
6103321	6104432	1
914610	914609	1
7077545	7077546	1
8755028	8755059	1
12622174	12622171	1
10054765	10054766	1
8061450	8048079	1
9088204	9099442	1
1712163	1711616	1
3794903	3447153	1
9090825	9090826	1
12485308	12485303	1
1039177	1171159	1
9418293	9418248	1
273459	273731	1
6945925	6945926	1
3003250	3003249	1
1090652	10180584	1
9775161	9775162	1
6427302	6427301	2
10217307	10217312	1
11623131	11623134	1
10886175	10886176	1
5345722	5345762	1
8858272	8858271	1
3883713	3883714	1
1822383	1822384	1
527201	527517	1
6191965	6191966	1
11581428	11581427	1
11643656	11643653	1
11467649	11467652	2
6060348	6060347	1
1890795	1890796	1
3154797	3154803	1
6552071	6552072	1
6281895	6281896	1
9334065	9334066	1
3865568	3865567	1
6099760	6099757	1
10725572	10725571	1
5924535	5924536	1
1454123	1454124	1
1091618	1091615	1
4516638	6648791	1
7549179	7549180	1
11077845	11077846	2
7334854	7334853	1
8625296	8625295	1
9115814	4023417	1
664354	662953	1
6141201	6141202	1
9973183	9973360	1
1875202	1875201	1
1714358	1714357	1
11364383	11364384	1
2071011	2393071	1
8825508	8827801	1
1658479	1658480	1
6520331	6520332	1
396004	396003	2
7074575	7074576	1
3185744	3140897	1
979528	979527	3
7829620	7829599	1
3101590	3124141	1
9984790	9984789	1
12349046	12343332	1
5641478	5641477	1
9489803	9489804	1
9134677	9134678	1
8673075	8673076	1
1830892	1830889	1
2465093	2465096	1
6589653	6589654	1
3623004	3623001	1
3071588	3071587	1
7036242	7036241	1
6288686	6288685	1
4809850	4809849	1
8736016	8736015	1
1307597	1307598	1
6587683	6587684	1
4570094	4573460	1
5631537	5631538	1
1418086	1418094	2
8562825	8562826	1
364900	365216	1
6359888	6359887	1
4212826	4213085	1
7510464	7510463	1
5768441	6130190	1
2667450	2684423	1
8351281	8475240	1
5670186	5670178	1
3236747	3236748	1
3896222	3896221	1
1965447	3526623	1
7342909	7342910	1
8719534	8716672	1
6199985	6199986	2
6866199	6866200	1
11464446	11464443	1
2421214	2381294	1
1187249	1186656	1
10995300	10995297	3
8684026	8684025	1
2173708	2173712	1
1031692	1031812	2
6194963	3979036	1
6196494	6196493	2
2422402	2420381	1
1259366	1259930	1
6542687	6542688	1
1654372	1654343	1
6960637	12182759	1
8323353	10499071	2
2184868	2512226	1
8863888	8863887	1
7935278	7917856	2
7583747	7584297	1
3865566	3865565	1
1319665	1310930	1
8390385	8390386	1
417672	417680	1
4267903	4267906	1
780035	780036	1
2166452	2166447	1
2830858	2830853	1
2537836	2537835	1
11578944	11578226	1
5886793	5886088	1
5671981	5671984	1
3535365	8828643	1
8639786	3400509	1
36992	36991	1
10128115	1383399	1
6432242	6432241	1
6535287	6539506	1
8600545	8600546	1
9366179	9245082	1
6174404	6174403	2
5401441	5401442	1
9643791	9643908	1
5055391	5055392	1
10407042	10406929	1
2638022	2638007	1
2231852	2235672	1
5374763	5374624	1
11649580	11649577	1
4050865	4050866	1
2332742	2332492	1
1638895	1638896	1
1771207	1771208	1
5112750	5112749	1
1704918	1704917	1
11078323	11078324	2
3417574	3406403	1
11358050	11358049	1
1230397	1230398	1
10404097	10404098	1
12455148	10144440	1
4042667	4042684	1
1106483	1106612	1
9168060	9168051	1
1195679	1195680	2
9471247	9470432	1
1732157	1732158	1
9000434	9000433	1
7310391	6479131	1
7036185	7036186	1
10595478	8322175	1
9438769	9438730	1
11389334	11389333	1
2471891	2471872	1
7180396	7180395	1
7515987	7515988	1
3770172	3770198	1
6991080	6989406	1
4538898	4538897	2
4417871	4443348	1
4026723	4026724	1
3557892	3557891	1
7427716	6512761	1
10427639	10427649	1
4792067	4792068	1
6152859	6152849	1
2250814	2251681	1
2561734	2576042	1
7963496	7940140	1
4560532	4560600	1
473540	473570	2
12486001	12486002	1
9989159	9989160	1
2869021	2869022	1
3788191	3788192	1
5969560	5969517	1
8062745	8061753	2
953681	953682	1
11959920	12227213	1
4003461	4003462	1
3966154	3966151	1
6942001	6904639	1
6501559	6501560	1
5674826	5674825	1
6266719	6242808	2
54563	134119	1
12316905	12316393	1
188680	198687	1
12182309	12182310	1
10665557	10665558	1
6116697	6116796	2
11467647	11467648	2
7822085	7822088	1
10214463	10214384	1
6479983	6479984	1
9764247	9764250	1
7596314	7596303	1
7473382	7473385	1
2804178	2803846	1
7248793	7248794	3
9282606	9289309	1
3901116	3911839	1
306883	306884	1
758859	758860	2
11672478	11672477	1
10494656	10494655	1
6243242	6243241	1
1308331	1308334	1
1140538	1140537	1
1381860	1381859	2
5565279	5565778	1
4661545	4661546	1
307051	307072	1
169995	169998	1
5999206	5999205	1
1931247	1931201	1
3977706	3948882	2
2450848	2450847	1
10427648	10427647	1
12738919	12735606	1
11039073	8941494	1
1095766	1095765	1
10992913	10992914	1
12405142	12228148	1
8969225	3629271	1
2523067	2405272	1
7809396	7546400	1
9677192	9677243	1
396002	396001	2
10168515	10168518	1
3286644	3286643	1
9171261	9171184	1
11535998	11535916	1
8384810	8384809	1
2125331	3454478	1
8452319	8451517	1
810483	809815	1
5887539	5887540	2
10725560	10725721	3
3067548	3067341	1
11427469	11427470	1
7567818	7568828	1
4044604	4044603	1
5092786	5092785	1
1828666	1828665	1
1738292	1738291	1
7912353	7912403	1
5949119	5949122	1
10665181	10665182	1
9694342	9513346	1
5978668	5978635	2
12297530	12298338	1
4526776	4526775	1
3092503	3091297	1
6898290	6898287	1
5663175	5662790	1
8728128	8768268	1
1058508	1058507	1
10301100	8403227	2
10394350	10495965	1
11092664	11091484	1
5568586	10880550	1
8464159	8464160	2
6726822	4446766	1
8809029	7275779	1
6310468	6310377	2
6187973	6187738	1
11505016	11509618	1
728152	728133	1
1111342	1111339	1
10160964	10116038	1
7731204	7731201	2
3278334	3278333	3
9060629	9060630	2
2379839	2379812	1
2686406	2686405	2
7789168	7789167	1
8400722	8400721	2
2141204	2141201	1
4044316	4044315	1
6202422	6185470	1
12237609	12237610	1
5845631	5845632	1
7203788	7203787	1
762157	762158	1
11231726	11231723	1
7457842	7457841	1
5443025	5443028	1
12150485	12150406	1
1175455	7929222	1
6136973	6137027	1
10774959	10774960	1
9778030	9778029	1
2995710	2942854	1
10037442	4534638	1
11272713	11272702	1
9695970	9696079	1
4676169	4676170	1
7179899	7179900	1
4991461	4991446	1
10065603	10064317	2
12665989	12665990	2
7115209	7115210	2
6637923	6637924	1
8705432	8705431	1
8170980	8170977	2
5989270	5989269	1
12687877	12687878	1
8553683	8553686	1
10281692	10281689	1
12145065	12145068	1
4220065	4220056	2
570016	570015	1
6356185	6348207	1
4067138	4067137	1
5092786	5092795	1
5959225	1104728	1
2667908	165882	1
9939043	9941042	1
2053329	2053330	2
873668	754690	1
8004495	8004214	1
2064608	2064601	1
11557877	11557878	1
4778255	12266851	1
9180662	9180661	1
8690118	8690536	1
10157089	10157097	1
3394289	3394290	1
283507	283508	1
1116141	1116142	1
4312340	4312339	1
6184764	6184763	1
1752385	1752386	1
8046566	8046572	1
5455418	5455415	1
456319	456594	1
2189439	2189440	1
3959013	3959014	1
11402622	11401431	1
10172583	10176938	1
5056313	5056289	1
11393177	11389335	1
8713321	8713322	1
10564725	10565833	1
10216246	10216245	1
7281438	7280919	1
163219	3233887	1
1720754	1720751	2
6875616	6875615	1
11382667	11382703	1
5526435	5526449	1
10231967	10231968	1
7768308	7768307	1
8303661	8303662	1
1833791	1833792	1
8649974	8649973	1
10470020	6612626	1
4706692	4706691	1
2852793	2852794	1
371610	371954	1
6196492	6768989	2
7260651	7274752	1
1502013	1481271	1
7046973	7046974	2
5905378	5905377	1
632206	632201	1
2312406	2312405	1
2458521	2494618	1
4263722	4263721	1
1785080	1800325	1
1539664	1539663	1
8451832	8451831	1
99644	99677	2
1772111	1772112	1
5611521	5611526	1
4545624	10152465	1
4999237	4999238	1
8552753	8552772	1
887474	884375	1
8928405	8928406	1
5693300	5693299	2
12718337	12718614	1
9293703	9293704	1
4045081	4048139	2
12804501	7309632	1
11969066	11969065	1
8625298	8625297	1
11498609	11498610	1
12741584	12741583	1
6131936	9696804	1
12549103	12549104	1
6500230	6500229	1
940039	939930	1
2135379	2135380	1
5362596	5362593	1
5971151	5971149	1
6049559	6132265	1
2556759	2577058	1
2297376	5589831	1
4019830	4019497	1
10765761	10765762	1
2603047	2585209	1
4379185	4379186	1
7179450	7182802	1
851467	853257	1
5512298	5512297	2
8368152	8368151	1
5238587	5238588	1
6165675	6164930	1
10285201	10285202	1
1661285	1661286	2
1968534	1967920	1
8647249	8647292	1
4552718	6042791	2
9925351	9925352	1
1679823	1679652	1
5641920	5641919	1
6265222	6256661	1
8380472	8380448	1
10540245	10540246	1
246329	246330	1
619037	619038	1
8724335	8728507	1
10705263	10705264	1
7449575	7449576	1
9346352	9346351	1
571441	551469	1
3935300	648001	1
2070534	2070533	1
11298242	11298241	1
16193	20744	1
10733168	10733150	1
11870774	11870773	1
6846144	6850521	1
11545348	11545447	1
9168445	9168446	1
2109648	1921989	2
8897563	8897126	1
5329191	5329218	1
10297067	10297068	1
10987278	10987277	3
6019131	6019134	1
10648243	10648244	1
7920603	7920604	1
3395679	9363534	1
10343512	10343511	1
8706113	8707378	1
7657183	7657184	1
6494471	6494472	1
9463692	9462781	1
886934	4051826	1
8659839	8659840	1
3998056	4380080	1
1727403	1727404	1
9926487	9926488	1
3725118	3725117	1
6161932	6161931	1
4917058	4917057	1
10938880	10934318	1
1651516	1651515	1
10646790	10678723	1
7035267	3763780	1
3051107	3051532	1
6709365	6709382	1
11927993	11927994	1
2641203	2641572	1
2730787	2730788	1
3442068	3442065	1
3377970	3377969	1
12685635	12685636	1
9182675	9176328	1
6520333	6520273	2
6505408	6505407	1
12131649	12137499	1
2244235	2244348	1
6343298	6337637	2
7416263	6587682	1
3621322	3623887	2
9012872	9012871	1
11965625	11965628	2
7915013	7851636	1
10435521	10412477	1
11993378	11991847	1
7400593	7400594	1
9335609	9335612	1
10419004	10419399	1
8928076	8928075	1
11415275	11415263	1
3356268	3356271	1
4197558	4197557	1
2983053	5540089	1
4050818	4050815	1
10263973	10208893	1
6851589	6829758	1
9851798	9851797	1
7303048	7308238	1
3100925	3100926	1
924635	954736	1
8864418	8864415	1
6638216	6712075	2
5848477	5848478	1
10102566	10102523	1
12390276	12390275	2
1667811	1661284	2
6901143	6868189	1
4648385	4648383	1
209049	5009703	1
11324801	4691846	1
764966	764965	1
9921035	9921066	1
330398	330397	1
3274956	3274955	1
3264123	3264124	1
1543207	1543194	1
8040857	8299974	1
2549309	2549310	1
1472765	1472766	1
1117980	1117979	1
8496968	8494160	3
9751396	9751395	1
2968121	2968122	1
8179797	8179785	1
8639151	8639152	1
12681738	12681737	2
5168566	815868	2
1147262	1147261	2
1721821	1721822	1
5410420	5410406	1
4570046	4570045	2
6922247	9819576	1
7461242	7461241	2
9677197	9677198	1
5541571	5566615	1
8545237	8545238	1
9312502	9312473	1
5577915	5577916	1
11842958	11842955	1
5165009	5165010	1
4992355	4992356	1
10801740	10801739	1
4251471	4251472	1
10001148	10001147	1
5638659	5638660	1
12738288	12738263	1
8390387	8385518	1
11379605	11379257	1
4395020	4395019	1
9345950	9345949	1
2518268	2440613	1
7245542	7245545	1
11299491	11299521	1
12148999	12131676	1
3274952	1706339	2
8496970	8496969	1
3512107	1941007	1
698678	698677	2
10126035	10126036	1
9943128	8051243	1
1894082	1894081	1
5704877	5705169	1
3325827	3325713	1
2267143	2267144	1
1496514	1496513	2
807089	807146	1
5917595	5917596	1
7171014	7171013	1
3701385	3701386	1
8354361	8354362	1
2163717	2163718	2
7406126	7414502	1
4572611	6523934	1
5553889	5553890	1
12315807	12315808	1
7789170	7789169	1
12504686	12504685	1
11493753	11493756	1
8850292	8850289	1
10114767	10114768	1
10851371	10851376	1
6926086	6926085	1
99676	99675	2
12485306	12485303	1
10128115	10128116	1
3030609	3030614	1
5984404	5984403	1
7409455	7414088	1
4104810	4106281	1
875272	739302	1
3600776	3605704	1
7794117	7826248	1
4987431	35429	2
9974787	9974788	1
10427551	10427552	1
9042792	9042789	2
11542934	11485147	1
10884413	10884414	1
5018620	5018603	1
7524199	7524200	1
8872946	8872945	1
10377208	10377207	1
4088838	4088837	1
8074814	8074813	1
11231139	11231197	1
4092258	4092257	1
7203778	7203254	1
10363227	10363228	1
6156506	6156505	1
5330463	5330860	1
8842672	8842671	1
10390313	10390314	1
9917628	9917627	1
674354	674353	1
8582526	8582525	1
12315809	3229033	1
9361301	9473401	1
1749571	1749572	1
9109495	9109496	1
10477308	10477307	1
1123124	1247282	1
10587378	9484358	1
6013584	6013583	1
358702	358699	1
8639153	8639075	1
12602820	12602819	2
10807018	10807127	1
356969	356970	1
7223015	12715567	1
6274987	6274998	1
892122	892495	1
8190864	8188621	1
10243433	10243436	2
5653592	10341201	1
6137964	6079355	1
8288776	8288775	1
8430678	6102599	1
4428025	4428026	1
5755966	5755965	1
5238247	5578664	1
1150549	1147171	1
12402183	12493385	1
12455826	12455825	1
12669754	12669753	1
9953466	9953726	1
2760678	2688441	1
1249151	1249152	1
1147260	1147255	2
1194480	1194479	1
3865568	3865565	1
10170968	10170967	2
3794252	3794251	1
6753304	6753303	1
7181265	7181266	1
12492890	12487250	1
7295292	7383698	1
831554	833090	1
1134536	1134535	1
3826365	3826366	1
7072647	7072648	1
5721499	5721500	1
10349163	10321699	1
10648247	10648248	1
10540247	10540252	1
8902661	8902662	1
12647023	12647024	1
3278332	3278331	3
1721819	1721820	1
4431629	4431630	1
849348	849220	1
843527	4047380	1
5367063	5367064	1
2573369	2573349	1
6275725	6275728	1
2256031	2217271	1
11400928	11400927	1
8850294	8850293	1
7436027	7435839	1
5385435	5389588	2
5541569	5541570	1
10642248	10642247	1
7831168	7831165	1
11870776	11870775	1
7501695	7508831	2
9295860	427905	1
12245609	12245610	2
5578023	5578024	1
6578282	6578290	1
8039599	8039600	1
7776057	7777181	1
12272348	12272347	1
1621074	1621464	2
4661295	4661296	1
7831170	7831169	1
11188183	11188184	1
10166403	10166404	2
6846146	6846145	2
4853730	4853729	1
8477298	8477297	1
8280283	8926268	1
615837	615849	1
11595440	11595439	1
8547221	8547918	1
3217787	3421109	1
5424968	5424902	1
728494	728493	1
9050933	9050936	1
2966827	2966828	1
1392062	1391467	1
10448742	10449901	2
9748968	9783276	1
2637732	2637731	2
1390128	1390125	1
7351833	7351834	1
1556954	1556953	1
12649155	12649156	1
8928074	8928073	1
8069092	8086924	1
11241789	11241812	1
9300703	9431855	1
4495552	12716160	2
9972609	7021273	1
9384871	9385906	1
5849584	5849583	1
8914824	8914823	1
1802681	1822360	1
12713793	12713794	1
6533016	6533344	1
8767191	8767192	2
3274954	3274953	2
3731179	3753148	1
4080230	4080229	1
1837411	1837412	1
1383039	1383040	1
8796473	8796474	1
6111703	6111678	1
3158808	3158807	1
6039417	6039297	1
6183437	6181335	1
9751394	9751393	1
3560210	3560209	1
11587097	11587098	1
11353307	11353308	1
4700053	4700070	1
4192940	4193005	1
10170949	10170950	1
6011364	6011363	1
4876649	4876650	1
5643112	5643109	1
753441	3949613	1
758528	758534	1
5828419	5828431	1
2683623	2683626	2
5995415	5995416	1
3454491	3454435	1
7275948	898792	1
9614996	9614995	1
8673073	8673074	1
1444513	1444514	1
11395011	11395012	1
402674	402673	1
10663731	10662986	1
8746049	8752832	1
9500649	9500650	1
6365548	6365547	2
1109024	1109931	1
3708732	3687905	1
6841480	6841479	1
12319002	12318499	1
1749573	1749574	1
2044607	2117953	1
10876246	4266468	1
10150262	10149897	1
2141747	2141748	1
12183449	12183452	1
9303866	9303942	1
10986527	10986499	1
5817856	5817853	1
8769728	8734680	1
2737226	2737225	1
814804	814640	1
7870412	7871333	1
10440675	10440678	1
3489185	3489186	1
7590140	7590137	1
11637054	11637053	1
6310183	6310184	1
11078325	11078326	1
3034721	3034722	1
8283887	8283888	1
11411480	11408492	2
9081455	9034212	1
6694218	6694217	1
5653270	5653269	1
6317134	6317133	1
2542583	2542584	1
11668073	11668068	1
11452060	11452066	2
8941445	8941448	1
9311677	9311678	1
6944057	6934140	1
7857359	7857360	1
6080749	6080750	1
141242	141271	1
2357681	2357686	1
209351	209352	1
1058506	1058503	1
5597193	5597194	1
10032596	10031335	1
1140561	1140562	1
11334145	11334146	1
3283537	3283538	1
5428280	9108133	1
8170980	8170979	1
5419464	5419471	1
10124758	9997560	2
5959093	5959096	1
3464095	3464096	1
10569000	10568999	1
8763696	8763695	1
9425231	9421846	1
3315307	3314926	1
10177386	10177385	1
10107538	10106368	1
3834319	3834320	1
5991342	5991341	1
7975533	7975534	1
7688218	7688215	2
9980468	9982875	1
9903497	4925881	1
10651572	10651571	1
3834321	3834410	1
4681626	4694241	1
9258602	9258599	2
6535285	6535286	2
2441110	2441109	1
3927368	7154760	1
2115361	2115362	1
7789957	7789945	1
11599391	11599392	1
6826561	6826618	1
4360422	4360421	1
2587545	2553607	1
8170211	8170212	2
2210977	2206601	1
5738087	5738090	1
11007731	11007748	1
1108408	1108407	1
1408541	1408542	1
10468951	10468221	1
3955097	4078143	1
9770070	9760625	1
1708254	1708253	1
6742155	6742130	1
11500729	11500732	1
7782746	7783167	1
6387442	6387441	1
11867905	11867906	1
12628623	12628624	1
4555833	4560645	1
5261057	5261060	2
10986523	10986526	2
4819711	4819742	2
183747	200907	1
6989875	6989876	1
5512808	5512807	1
8288018	8288017	1
926557	935291	2
12136307	12136308	1
4556665	4556666	2
9042837	9042838	1
4842038	4839590	1
8040983	8040961	2
2836231	2836232	1
9907765	9907766	1
944373	944374	2
10406770	10406111	1
4474986	4474882	1
448019	448020	3
10730954	10739267	1
9293391	9293392	2
1556950	1556947	1
11490662	11490659	1
9663305	9663306	1
8982751	8982752	1
353059	353060	1
4876140	4876026	1
3883715	3711973	1
10116057	1392635	1
5759034	5758718	1
6405915	6381596	1
8872933	8872947	2
4262332	4262331	1
7395635	7395636	1
10269284	10268789	3
459309	456541	1
2653601	2653602	1
6161926	6152651	1
12768595	12768596	1
6934141	6934142	1
8365137	8365138	2
11194157	11194152	1
6355772	6352953	1
6967263	6967264	1
7819768	7819767	1
9134081	9134246	1
4227575	4227576	1
2227428	2227427	1
632185	629218	1
8625301	8625302	1
4066099	4066100	1
3560032	3474225	2
8922427	8922430	2
5303277	5303259	1
2988853	2988856	1
12532602	12532594	2
864248	2473364	1
674306	674875	1
4237562	4237574	2
9087075	9087076	1
336616	336615	1
9328118	9328117	1
1712952	1712929	1
2897454	2897329	1
4056453	4055888	1
1748227	1748228	1
10377240	10377211	1
3486013	3486014	1
5115492	5115471	1
1011347	1011348	1
1329124	1329123	1
12366245	12366248	1
4538900	4538899	1
7435620	7435619	1
1114566	1116549	1
3948281	3949882	1
2378154	2378153	1
3293576	3293572	1
5642553	5642556	1
3026144	3026143	1
12511860	12511859	1
5410434	5410433	1
2009612	2009619	1
8271131	8271132	1
11286809	11286810	1
5482324	5468865	1
1181769	1181776	1
240744	240743	1
2025896	2039167	2
8940003	8939857	1
7935282	7935281	1
4442181	4442182	1
6769814	6769811	1
1039947	1039948	1
5648632	5648631	1
10207206	10207205	1
11393553	11393554	1
6936875	6936876	1
629219	629220	1
1393219	11879201	1
4676165	4676168	1
8105121	8166899	1
8444801	8444818	1
8191600	8191599	1
10433357	10433358	1
9966837	9966838	1
2830860	2830859	2
5944565	5944566	1
2967393	2967394	2
4736295	1547693	1
8452319	8451519	1
5455779	5455731	1
10661994	10661993	1
393494	393493	1
5821524	6040010	1
5984161	5984162	1
1147257	1147258	1
10938880	10938879	1
177363	177462	1
1529995	1529996	1
6525840	6525839	1
4271456	4271415	1
7731204	7731203	1
5014140	5014139	1
179215	2687997	1
4395022	4395021	1
6966244	6966236	1
2013741	2013742	1
8625298	8625295	1
8686246	8686245	2
6106122	6106121	1
4312350	4312347	2
954503	954504	1
12388327	12388328	1
8564425	8564426	1
3321691	3321692	1
6714957	6714958	1
10128299	10128300	2
3148139	3148140	1
4031262	9093114	2
8198679	8198680	1
11337352	11337351	1
3979037	3979038	1
10311627	10311630	1
349575	351370	1
1616298	1284824	1
5738087	5738092	1
4833609	11618366	1
10216193	10216725	1
2525154	2530974	1
2804895	2805084	1
5697179	8170137	1
8607146	8607103	1
1751278	1750439	1
4297893	4297939	1
2719811	2719812	1
7211552	7211545	1
7568829	7568830	1
3858353	3642546	1
7441417	7441418	4
6423374	6423622	1
12245611	12245612	1
11418251	11433167	1
2260126	2260123	1
2831028	2830998	1
5370211	5369032	2
10414609	10411521	1
6060316	6060205	1
1568302	1568301	1
7096169	7096170	1
2233379	2232101	1
3961217	3957945	2
5627228	5627227	1
5969829	5969830	1
8185754	8186665	1
5550055	5550132	1
5693842	5653275	1
8088339	8088342	1
421888	422007	1
5914888	5914887	1
2587247	2587248	2
6737568	6737561	1
1384718	1384715	1
6600815	6600816	1
11238467	11289814	1
5226530	5226534	1
7998160	7997805	1
7520616	7520615	1
4055917	4055918	1
636081	636057	2
10688885	10688886	1
4004522	4004521	1
2853125	2853126	1
8508403	8517298	1
2465097	2481146	1
2786425	2786426	1
10311625	10311626	1
5009072	5011277	1
5352217	5352975	1
2213932	2213931	1
3072371	3072431	1
9554983	9554984	1
7139525	10007048	1
3513966	3513797	1
1427401	1253917	1
3597343	3597344	1
8177847	8177848	1
5656609	5656610	2
9168467	9168468	1
7260648	7260647	1
8709865	8709772	1
3294327	3294328	1
6009775	6009776	1
7345233	7345124	1
5455414	5455413	1
10057522	10053839	1
5010783	5010443	1
4137581	6223414	1
9554985	9554986	1
7170069	7168852	1
9250600	9250596	1
10906086	10907192	2
4079203	2159542	3
8843408	8843407	1
5866819	5866822	1
2962907	2959951	1
10110014	9965763	1
7149377	7149057	1
7280918	7280917	1
11279652	11283941	1
9625668	9625667	1
8299100	8299099	1
48868	48867	1
6199983	6199984	2
3219082	3219081	2
2121162	2121161	1
6557870	6557869	1
5917626	5917625	1
3879395	3833556	1
5092784	5092795	1
11297973	11548058	1
8545235	8545236	1
9549177	9549178	1
6027085	6707927	1
386380	386379	1
7457844	7457843	1
883359	883360	1
12640696	12640695	1
7943906	7943905	1
9521152	2849718	1
5205118	5205117	1
10099339	10098627	1
503391	7558881	1
7852783	7852784	2
10808464	10808463	1
3697919	3697925	1
6018864	6716925	1
7932498	904083	1
11194457	11194827	1
6419043	6422619	1
6673590	6211894	1
9252514	9252513	1
6434952	6434951	1
8982930	8982306	1
6867253	6867254	1
11537425	11537421	1
4048266	4048265	1
7434506	7435942	1
8898737	8898738	1
5653993	5642996	1
858209	858210	1
8513476	8502904	1
1318983	1318984	1
6768988	6768987	2
570673	570674	1
12534238	12534237	2
7596316	7596315	1
8282136	8282129	1
8568350	8568347	1
4094891	4094892	1
4701112	4701111	1
11989020	11989019	1
8651416	8651415	2
3949886	3949885	1
7462829	7462830	2
10435519	10435520	1
5280691	5280692	1
6164931	6164932	1
1803031	1803032	1
12789047	12789048	1
2926777	2926796	1
8663991	8663987	1
4048264	4048263	1
3782488	7090614	1
10460141	10460091	1
10433355	10433356	1
5195639	669917	1
815875	809549	1
10435517	10435518	2
10339915	10339916	1
1159039	1146031	1
748264	748267	1
11307449	11300449	1
780416	780451	1
2704301	2704302	1
11121649	11118320	1
5005743	197270	1
2476860	2476857	2
6371629	6371643	1
11324529	11324530	1
11126597	11032339	1
7491760	7491763	1
593446	593445	1
8652771	8652772	1
6657760	6657759	1
3380512	3380511	1
1750582	1750579	1
10274862	10273692	1
4714969	4714970	2
1104005	1104006	1
2030238	2295608	1
6376266	6254905	1
1842730	1842725	1
6690159	11324800	1
5905530	5802022	1
1322356	1322423	1
8652191	8652192	1
6684571	6684574	1
591188	591187	1
3056545	3056546	1
4736295	4736300	1
6360702	6320660	1
5435593	5435594	1
11991247	12157581	1
11336651	11517730	1
3242133	3423300	1
1566399	1566400	1
714798	714797	1
10765763	10765764	1
6288199	6288203	1
6045052	6045020	1
9921067	9921072	1
3045909	3045910	1
1621601	1621602	1
8390383	8390384	1
4688391	4688424	1
11188177	11188178	2
3804502	3804486	2
9982476	9982475	1
9245616	9245615	1
5753594	5753043	1
6119889	6119921	1
10082126	10082125	1
10760866	10760863	1
2831769	10250850	1
11533690	11533689	2
161613	161614	2
5367004	5367062	1
8387703	191040	1
10971425	10971426	1
7446386	7446383	1
9374359	9374360	1
3557894	3557891	1
3291339	3287227	1
6740153	6740156	1
5009470	448347	1
6710510	6710509	1
6018075	6018076	2
932600	932655	1
8392501	8392504	1
6016895	6016884	1
593444	593443	1
6658674	6658861	2
10054464	10054567	1
6141304	6141303	2
3383444	3383443	1
669916	669915	1
1556977	1556933	1
10705265	9925981	1
4262330	4262329	1
1120424	1120417	1
1481790	11824612	1
7243595	7243704	1
1555279	1555280	2
11945212	11945034	1
5997731	5997428	1
6554720	6554968	1
1425883	1425884	1
2086475	2086473	1
2726304	2891893	1
6132264	6132261	1
6703578	6703577	1
3592994	3592761	1
6240679	6240560	1
11399966	11399965	1
7121154	7121151	1
5866825	5866826	1
5471630	5471629	1
1155378	1155377	1
854470	1573683	1
82929	82912	1
4990849	4990850	3
7000138	7000137	2
10083815	10083785	1
8654771	8654772	1
7174543	7174544	1
2502233	2492875	1
3159739	3159740	1
8896912	8896911	1
6690159	4691846	1
6282281	6282318	1
125253	117030	1
11163225	11165254	1
5144572	5144569	1
4778255	4811567	2
10437242	10437241	1
1308331	1308332	1
321149	358815	1
3451115	3451540	1
10204526	10204877	1
2002606	2003381	1
2337210	2337813	1
10825106	10825103	1
12295643	12295644	1
9819248	9819247	2
318965	314015	1
1418095	1418096	1
6104433	6104434	1
9499488	9499487	1
2873007	2872988	1
5425727	5425728	1
8968000	8962485	1
728492	728368	1
3593582	3593600	2
7520609	7520610	2
5565779	5565780	1
9735603	9735604	1
6835475	6835659	1
12607555	12673012	1
1230028	1185366	2
8539130	8539129	1
1933527	1933528	1
9800912	9801232	1
7645061	7629138	1
2892997	2893079	1
11353309	11353312	1
473545	473546	1
10925118	5777693	1
6152848	6152847	1
7324403	7324408	1
10107839	10106309	1
8625300	8625299	2
10170947	10170948	1
8648951	8648164	1
3217780	3217779	1
6701166	6651559	1
10166405	10166406	2
3383352	3383342	1
888193	890806	1
10170964	10170963	1
3621324	3621323	2
11967269	11966846	1
3535364	3535363	1
6684569	6684570	1
5471628	5471627	1
5866823	5866824	1
3040436	3040435	2
2872078	2869020	1
1165068	1165411	1
12644963	12644964	1
1649378	1649375	1
6703197	6703233	2
11620565	11620566	1
6840265	6829404	1
9949266	9943003	1
8552594	8548619	1
12382877	12382878	1
7672951	7672952	1
2313230	2313225	1
250954	250953	1
11410583	11410584	1
6036834	6036833	1
3898311	3898312	1
8201558	8201555	1
10160452	10160123	1
3710658	3886032	1
6566519	6566522	1
8644581	8644668	1
5201696	5201695	1
8437847	8437824	1
6552035	6552036	1
7935280	7935279	1
11928246	11928245	1
377733	377059	1
791947	791948	1
3794254	3794253	1
993459	993460	1
3729131	8665185	1
8306580	8306579	1
473571	473572	2
7913577	7913308	1
2216841	2216827	1
3139080	3221111	1
9229336	9229335	2
5069379	5069380	1
3618578	3627283	1
875278	739302	1
3618103	3630304	1
6003539	6003542	1
4403641	4403642	1
11791525	11791526	1
1010779	1010675	1
2966825	2966826	1
10650404	7857358	1
2936693	3219259	1
4440201	4440152	1
6557868	6557867	1
4070415	4070426	1
4599678	4600551	1
758535	758536	1
1168366	1168361	2
8582146	8582145	2
6691386	6691385	1
7606601	7809397	1
1010676	1010675	1
331733	331734	1
11230119	11227912	1
6529859	6529860	1
1731804	1731803	1
11267930	11271058	1
1714455	1714456	1
1947775	1946994	1
4470958	4470957	1
7310404	7310410	1
1832480	1832479	1
1061219	1061222	1
3092554	12254380	1
1545742	1545739	1
4446767	4446768	1
696165	696166	3
3421141	3421142	1
4431638	4429042	1
5814951	5852972	2
4552884	4552337	1
5212388	5212313	2
6591165	6591166	1
1179333	8491935	1
1449142	1449141	1
4045943	4045944	1
948470	948469	1
5084253	5084254	1
4329432	4297270	1
8092819	8092820	1
9099443	9099444	1
1140536	1140535	1
12177843	12177844	1
4113030	4113029	1
5056288	5056285	1
7819766	7819758	1
987073	968902	1
5281567	5281678	1
8011971	8011972	1
12592961	12592962	2
6455399	6455400	1
3741582	3741581	1
9478571	9478572	1
6396321	6396322	1
5877887	5917669	1
11049453	12208448	1
9917487	9914269	1
990355	990356	1
3725044	3724735	1
4596335	4596336	1
1652384	1652383	1
4999240	4999237	1
283782	306573	1
2468001	2468002	1
8816272	959222	1
4570044	4570078	2
3819331	3819332	1
9252520	9252515	1
796159	796160	1
592648	592647	2
2724216	2724215	1
3698082	3698077	1
6112096	6112095	2
2972460	2977456	1
6589608	6589607	3
9295587	9295590	1
6591163	6591164	1
1643052	1619814	1
6811900	6811899	1
836186	836185	1
7492673	7492674	2
6165673	6165674	1
6275139	6275126	1
9288306	9282069	1
8447539	8447540	1
7768306	7768298	1
4050816	4050815	1
12540157	12495089	2
8837990	8837989	1
2149660	2149792	1
263555	263560	1
8755018	8754824	1
3051596	3051595	2
5253311	5253312	1
5576494	5576505	1
6843094	6894894	1
1696595	1696098	1
2357685	2357686	1
4557944	4560710	1
9813131	9813147	1
9519844	9519843	1
3339577	3339578	3
7435622	7435621	1
4620101	4823927	2
6937735	6937736	1
6882346	6882345	1
11864318	11864303	1
10001150	10001149	1
10886173	10886174	1
6328295	6327295	1
2664238	2664237	1
8451518	8451517	1
3756336	3756333	1
5587670	5587667	1
7682991	935005	1
12442407	12449879	2
10399995	10399996	1
11578227	11578228	1
3040438	3040437	1
10052367	9962998	1
4258158	4260077	1
2373930	2373933	1
8171203	8171204	1
5421979	5378266	1
10613541	6180382	1
645966	645965	2
7492667	7492668	1
3165823	3165824	1
7336917	7342078	1
12681361	12681362	1
4080232	4080231	1
7852785	7852786	1
11471701	11471702	1
8538446	8538445	1
9717747	9717748	1
1246750	1246745	1
10574976	10574870	1
6249147	6246997	1
6196531	6196532	1
4250582	4250205	1
9163148	9163147	1
154172	154169	2
7125975	7119589	1
2330636	2330635	1
8869420	8869410	1
3355452	3355451	1
4375697	4376294	1
11487009	11487010	1
5018631	5018632	1
10145725	10145726	1
3869858	3869946	1
10987276	10987235	2
7446427	7446428	1
11221443	11221444	1
5671989	5671990	1
12663231	12663232	1
16510	16509	1
1757607	1757608	1
292205	292206	1
8553685	8553686	1
4792930	4792929	2
5389672	5389589	1
3708737	3708738	1
1346791	1419703	1
3283814	3283813	1
10278752	10278751	1
8752557	8752558	1
7641995	7641996	1
8924688	8923244	1
9335613	9335614	1
8607102	8607101	1
3426275	3413940	1
3938264	3938263	1
3672265	3672302	1
592127	592128	2
9969629	9969565	1
2440247	2440250	1
8250298	8250295	1
1549527	1550373	1
1195333	1195334	1
2087182	2115363	1
1704916	1704919	1
1738294	1738293	1
3219080	3219079	2
5712727	5712687	2
7473390	7473389	1
2675581	2674610	1
6341419	6342279	1
3701387	3694494	1
2100521	2100522	1
5906638	5906637	1
2211205	2211206	1
1716049	1717463	1
5117154	5117104	1
12471805	12471849	1
278932	278931	1
9665732	9665731	1
6657762	6657761	1
10637636	7907247	1
12804503	7309632	1
6369322	6369321	1
1241592	1241594	1
5352020	9197021	1
8371035	8372069	1
2638085	2638086	1
1851574	1864176	2
3339544	3339543	1
6661938	6661964	1
4302205	4302208	2
9994142	9994141	1
3959024	3959023	1
12502372	12502371	1
7197167	7197168	2
7159394	7159393	1
11969021	11969022	1
5116843	5116844	1
11399964	9793628	1
7309633	7309634	2
6103149	6105088	1
4044667	4044668	1
10026694	10026693	1
8192876	8192875	1
3249599	3249600	1
7281436	7280921	2
8632993	8632994	1
7890701	7890702	1
9993553	9993554	1
10035038	10035035	1
2637805	8226407	1
1120426	1120425	3
9727609	9727600	1
6105633	6036476	1
2813178	2813177	1
10451190	10451189	1
6241280	6241279	1
8903813	8903782	1
12647399	12647400	1
3739262	3734679	1
5721689	5721690	1
8199123	8199369	1
5729671	5732876	1
9331140	9331844	1
6497705	6497706	1
11610094	11610093	1
11264822	11264821	1
12277817	12277818	1
11363829	11363830	1
1561049	1731805	1
2405274	2405273	1
6282279	6282280	1
9066879	9066880	1
6930485	6929242	1
9360561	9374429	1
4306625	4306626	1
5230573	5230546	1
11705361	11705362	1
1098342	1098418	1
5565036	5565035	1
8001318	8001317	1
3383442	3383561	1
11038277	11038369	1
6524090	6525914	1
3620937	3620938	1
347337	347304	1
9643909	11624978	2
1603367	1603368	1
553708	553707	1
10196512	10196511	1
3795260	3795207	1
12453849	12453850	3
5435121	5435122	1
9006347	9006348	1
1631109	1634812	1
7000140	7000139	2
683205	684657	1
10432740	10432737	1
6337617	6337618	1
9380802	9380801	1
5634228	5634227	1
11011506	11011509	1
5763854	5763853	1
3149882	38084	2
8958002	8958001	1
1544504	2282065	1
3282173	11678068	1
8419334	1196854	1
9973661	9972203	1
3490268	3523644	1
1540613	1540592	1
8370262	8370255	1
10262981	10264929	1
8641895	8641896	1
423480	423479	1
9023969	9048412	1
1120424	1120419	1
6835436	6835435	1
7215521	7215487	1
6184795	6184796	1
12223921	12223922	1
1960242	1960298	1
7085122	7085341	1
4836144	4836143	1
2838294	2856048	2
5420189	5420146	2
1046469	1046472	1
10317294	10317293	1
7605212	7608507	1
9446282	9446281	2
9520500	9520499	1
2331927	2331825	1
9192416	9192415	1
9190270	9189851	2
10921025	10921026	1
943624	943650	1
10456898	10456897	1
4113028	4114172	1
8243737	8243738	1
2525704	2525703	1
8513628	8513627	1
1010779	1010677	1
3568464	3568463	1
9534147	9536606	1
4503103	4506268	1
3367126	3367125	1
6060346	6060345	1
210793	210794	1
4706690	4706689	1
10001154	10001153	1
5637319	5638146	1
2379837	2379838	2
1441875	1441894	1
2311629	2276782	1
2329728	2329671	1
7077551	7077554	2
6437831	6437832	1
3271290	7205158	1
7774496	7774495	1
5261911	5261912	1
6790887	6790888	1
6562498	6562491	1
4560644	4560643	1
3369073	3369074	1
6727549	6727550	1
7515989	7516008	1
12428813	12428814	1
3217782	3217781	1
519527	519528	1
1163599	1163600	1
12433603	12433604	1
6488917	6488918	2
7215519	7215520	1
6111590	6111745	1
12670490	12670489	1
9562325	9562326	1
3087646	3087645	1
864199	1191042	1
340759	341130	1
9702884	9702858	1
1577091	1577092	1
2879683	2878828	1
4016502	9107266	1
6227648	6227647	1
9677195	9677196	1
10716462	4733902	1
4832835	4832836	1
12372505	12372506	1
7042920	7042922	1
6533016	6533015	2
10372233	10372234	1
6191277	6193123	1
3869860	3869859	1
7125530	7125381	2
3914656	11380891	1
620416	620411	1
8902655	8902656	1
5427800	5427820	1
2810573	2809032	1
3153302	3153296	1
7931234	7831605	1
2942760	2942758	1
7842876	7842875	1
10682652	10682542	1
1509416	1509415	2
9188701	9188702	1
213473	213476	2
5271923	5272043	1
10231229	10231230	1
12392787	12392788	1
10053673	10053828	1
7568831	7568834	1
8809064	8809063	1
4446769	4446770	1
957591	957592	1
9163150	9163149	1
10873945	10873948	1
2267183	2267142	1
6253653	6253654	1
6177181	6177182	1
1619377	1619328	1
8177445	8171251	1
9021637	9021613	1
10489136	10491839	1
8544713	8544714	1
371612	371611	1
2109650	2109649	1
5657979	8104260	2
8227800	8227797	1
9880260	9880259	1
6972933	6972743	1
6187254	1358952	1
6227650	6227647	3
959797	959798	1
12154770	12154769	1
1675424	1465130	1
2424126	2423479	1
973700	1058744	1
4199036	4198877	2
10749880	10749879	1
10327087	10327088	2
1111344	1111343	1
4851771	4670605	1
3724728	3728118	1
868209	868192	1
160886	160885	1
3672845	3618732	1
5401441	5401444	1
5421979	5378268	1
5540088	2993457	1
10207204	10207203	1
11260043	11260085	1
9053182	9053185	1
10343741	10343742	1
6612233	6612234	1
5293185	5293186	1
6127235	518305	1
3938264	3937578	1
5576972	5576935	1
5697989	5695162	1
8810788	8809065	1
12144864	12145064	1
11296806	11296787	1
4139182	7446426	1
10405474	10405473	1
6285331	6285332	2
11957229	11961136	1
82100	214059	1
9558982	9558945	1
9345212	9345211	2
3575532	3575535	1
9812281	9812282	1
7111639	7111438	1
8331606	8331657	1
10992915	10992916	1
3624618	3624627	1
4139186	4139183	1
9818391	5938551	1
5379747	5379748	5
10089915	10089916	1
920673	920674	1
7077445	7077448	2
9053998	9053997	1
7529347	7528888	1
3115927	3115928	1
4860559	4860560	1
5589830	5589829	1
3280275	3280276	2
10496323	10476290	2
3319584	3319612	1
4736301	1547693	1
364911	614497	1
2042833	2042834	1
6542630	6542629	1
7260650	7260649	1
2424176	2423476	1
6529024	6529154	1
4365853	4365854	1
115769	115772	2
5819903	5819904	1
5619775	5619812	1
6697361	6796238	1
10170966	10170963	1
4583702	4583699	1
2900068	2900067	1
5924846	5925068	1
2420378	2420377	1
2806634	2631788	1
1090049	2013740	1
491938	491975	1
10725702	10725701	1
10472822	10472821	1
8902657	8902658	1
9843169	9843170	2
4034919	4039143	1
3982677	3982936	1
11734082	11734081	1
2566547	2566548	1
9482293	9482940	1
2121160	2134402	1
5050417	5122211	1
9064652	9055219	1
3800243	3800244	1
5237005	5237006	1
8166647	8166648	1
126763	126841	1
11995721	11993143	1
8822120	8822119	1
10099337	10099338	2
4343812	12777615	1
6505410	6505409	1
9374357	9374358	1
4092256	4092255	1
4141401	4140751	1
8427993	8449597	1
11995719	11995720	1
8181287	8181288	1
1591981	1598562	1
8070391	8070392	1
8889719	3966122	1
8692205	8692206	1
10332209	7811990	1
6497703	6497704	1
9951278	9951277	1
6266690	6266689	1
6038547	6038550	1
12240399	12240412	1
2785061	2684795	1
6533831	6533832	1
9383548	9383547	1
6707926	6707925	1
12764934	12764933	1
9088508	9088507	1
3822172	3822169	1
4225855	6327278	1
8386574	8386064	1
8625125	8625119	1
12193591	11956368	1
6820467	6820551	1
3076362	3076361	1
7398613	7398618	1
11880480	11828100	1
10565619	10565830	1
9012870	9012869	1
5237445	5237446	1
570671	570672	1
10054767	10054768	1
8763179	8763191	1
870348	870347	1
953683	7565280	1
9919491	9919494	1
3552048	3551927	1
9472369	9472370	1
4936591	4937420	1
10938511	10938512	1
10499070	10499069	1
5914890	5914889	1
6042824	6042838	1
211902	211901	1
3473873	3473874	1
1106335	1106672	1
5601833	5601866	1
6526200	6526199	1
6500228	6501422	1
7303918	7302898	1
2877778	2877764	1
4002054	4002053	2
182330	182329	1
12771251	12771058	1
4852847	4852848	1
6060348	6060345	1
9825238	9825344	1
9063232	9053997	1
10106260	10106259	1
6106984	6107015	2
10631956	10632051	1
10487988	10470317	1
3538482	3538481	1
2597042	2597041	1
10460564	10460559	1
6935652	6896325	1
6958939	6949408	1
12428760	12428759	1
7907918	11529580	1
614526	365212	1
1165070	1165069	1
12620115	12607867	1
5570194	5570193	1
3154794	3154793	1
5437862	5439375	1
10372231	10372232	1
9014582	9014579	1
5721501	5725765	1
5230727	5230716	1
2938128	2938125	1
1494264	1494261	1
5884156	5883620	2
987066	987065	1
12539646	12539645	3
2641178	2641177	1
1843816	1846778	1
4032883	4032890	1
3321978	3322125	1
394127	394176	1
158976	158938	1
7396471	7396730	1
1490486	1490485	1
2363	2366	1
2587249	2587252	1
9831583	9831584	2
10315794	10339524	2
11585543	11585544	1
7349706	7377984	1
5596417	5596356	1
7358018	7357990	1
165992	165889	1
4409201	4409151	1
8905077	4002245	1
9175640	9175639	2
9119447	9119448	1
6491620	6491619	1
9128834	9128833	1
2909919	2909920	1
8448133	8448134	1
1430592	1430591	1
8711479	8780985	1
473547	473548	1
1537191	1537192	1
989054	8495956	1
9134679	9134680	1
5447544	5546349	1
1218992	1218991	1
6148697	6148698	1
6882348	6882347	1
2424382	2206499	1
7871030	7871027	1
6473313	6473314	1
6835656	6835655	1
6511584	6310182	1
2788425	2788426	1
11078289	11078290	1
10065444	10065443	1
5291281	5291841	1
11433051	11427468	2
767573	767574	1
12249881	12249882	1
8680235	8680236	1
8451707	8451708	3
3603139	3620936	1
5922938	5922962	1
12649157	12649150	1
638817	612238	1
6655325	6655339	2
10412476	10412475	2
11501923	11501924	1
2135375	2135378	1
12428758	12428757	1
1496874	1491951	1
1116180	1116179	2
6174406	6174405	2
2686404	436461	2
10646652	10646651	1
9845108	9845274	1
598487	598493	1
6312505	6312552	1
4863792	4863791	1
5642015	5642016	1
5512806	5512604	1
263464	263461	1
1094189	9077878	1
1139445	1139448	1
8092817	8092818	1
5578587	5578588	1
972147	972152	1
2249809	2250234	1
11504968	11502721	1
10290486	10290485	1
9258658	9258603	1
12188888	12188887	1
11086238	11154789	2
1122848	1122847	1
11039062	11039061	1
1210623	1210624	1
2236765	2236766	1
5422909	5422910	1
4557946	4557945	1
5601255	5601256	1
5472016	5472015	1
5401445	5401448	2
10489138	10489137	1
5207938	5204316	1
8111735	8105261	1
11475997	11475998	1
5275341	5275342	1
3115923	3115926	1
3656647	3852780	1
10435519	10412477	1
3756600	3756595	1
387976	387975	1
6955378	6955377	1
10315825	10315826	1
4328383	4328386	1
6568426	6568060	2
9858410	9858329	1
4141148	4141147	1
3280125	3280305	1
4313201	4313206	2
4363384	4363381	1
10318584	10318583	1
11965341	12362477	1
11418749	11418750	1
6620583	6620584	1
11607428	11607545	1
8105117	8105118	1
9171187	9171188	1
3776289	3776290	2
6107535	6107536	1
9500651	9500652	1
3788193	3766413	1
8869082	8869405	1
3974012	3974011	1
2159543	2159544	2
4651471	4651472	1
12597551	12606166	1
3116682	3116001	1
3618738	3618735	1
8698960	8698959	1
6076854	6076851	1
9181290	1742863	1
11343403	11347275	1
11113138	11113279	1
10149529	10149530	1
5555092	5481719	1
8282136	8282135	1
300259	298772	1
12240066	12240063	1
5555879	5555880	1
1209695	1209696	3
5226530	5226529	1
3271290	3271289	1
12485999	12486000	1
6488919	6488920	1
1143570	1143569	1
4713285	4713286	1
2379813	2379806	1
2647046	8247225	1
619039	619040	1
5600609	5627229	1
1751465	1751466	1
9886785	9891452	1
6038928	6038925	1
4331689	4331690	1
3140159	3140160	1
448001	448002	1
7174196	7174195	1
10667167	6156726	1
3103877	3103878	1
2416708	2414974	1
5255609	5255526	2
11636868	11636867	1
7237230	7238499	1
5651591	5651592	1
10094428	10092379	1
11757628	2406299	1
7672604	7672603	2
7789170	7789167	2
5353854	5361602	1
1218885	1218995	2
4093619	4093620	1
10057604	10057603	2
11011510	11011509	1
3948565	3946592	1
5014095	5014102	1
2777183	2777184	1
3315103	3315104	1
2925950	2925949	1
3858073	3858074	1
2603108	2601663	1
1727405	11053777	1
394177	394178	1
11461732	11461731	1
3132066	3116937	1
7200702	7200699	1
10117920	9962107	1
5780456	6431846	1
8157067	8157068	1
8666560	8666559	1
647620	645043	1
12613712	12613711	2
1523319	1523320	2
6507256	6506340	1
3965027	3965028	1
12316181	12316182	1
11567897	11567898	2
8514538	8514529	1
6632575	6632561	1
2804542	2804539	1
145966	145801	1
452263	555947	1
10023613	10023614	1
1052877	1052878	1
2520896	4044603	1
9168448	9168447	3
6211895	6211896	1
3856219	3856222	1
9166842	9166841	1
10145727	10145730	1
6162192	6162191	1
10897480	10897479	3
10161971	10161974	1
7600931	7732242	1
4213084	4213083	1
4186178	4186177	1
10873949	10873950	1
5862887	5862888	1
7473392	7473391	1
4390894	4391277	1
11577107	11574546	2
9254103	9254104	1
289420	289409	1
4458552	4458574	2
10410210	10410209	1
6548237	7307779	1
6368445	6363039	1
10287870	10287881	1
4002056	4002055	2
8922425	8922426	2
11636870	11636869	1
10283991	10283992	1
6018073	6018074	3
935411	933357	4
8582528	8582527	1
11234633	4368569	1
6071165	6080630	1
4571997	4571998	1
4596654	4592693	1
7281438	7281437	1
3549534	3549531	1
11260725	11255291	1
1529552	1529551	1
832458	832457	1
8515306	8515330	2
7214243	7214464	1
153415	153416	1
3309248	3309240	1
696167	634477	2
1131572	1131828	1
6450011	6450012	1
300367	320115	1
4559011	4352740	1
5922407	5922408	1
1857691	1863945	1
10310770	10310769	1
4315636	4315635	1
4244040	4243615	1
2423478	2423477	1
6013582	6014335	1
17730	96214	1
12560684	12560683	1
7412116	7412115	2
4520067	4520068	1
1876602	1876601	1
4833272	11616120	1
2420380	2420379	1
11627818	11627817	1
10648239	10648244	1
6612231	6612232	1
11726503	11724004	1
1970017	1967494	1
10435716	1854003	1
3621301	3626039	1
11447242	730817	2
7233796	7286956	1
6001649	6001650	1
8039597	8039598	1
6394035	6394036	1
3294860	3294859	2
1011349	1010205	1
12665072	12665071	1
5262293	5217058	1
751273	751274	1
9316342	9316341	1
821487	821488	1
9065539	9065544	1
11393112	11393111	1
6206177	6200916	1
5512875	5512876	1
1973300	1905470	1
452261	452262	1
3562669	3562670	1
3293938	3283536	1
7400595	7399905	1
8549553	8549554	1
3033688	3058891	2
3442064	3442063	1
6753044	6753122	1
10137548	10133813	1
3380514	3380513	1
11848430	11848429	1
10557173	10557143	1
10497452	10497504	1
5586001	5586002	1
12051158	12051157	1
2201888	2201887	1
8582138	8582288	2
12670406	12674354	1
3570285	3575109	1
9153822	9153821	1
9764251	9757786	1
2342844	2342843	2
6060200	6078380	1
11118719	11122450	1
2580528	2576256	1
6396313	6396314	1
832460	832459	1
8686244	8686243	2
7913650	7913649	3
5237447	5237443	1
9473162	9636391	1
9967443	9968681	2
3928764	3928761	1
5535245	5535253	1
7297875	7237944	1
1046473	1046474	1
4302209	6531259	1
5586003	2149110	1
4160649	4160650	1
2209169	2209145	1
4474988	4474987	1
12003416	12003415	1
7020950	7020949	1
11007729	11007730	1
8493397	8493398	1
2774684	2730786	1
9425227	9425230	1
12422896	12422893	1
10297069	10297070	1
12539644	12539643	2
1451862	1461341	1
3191979	3191980	1
6131270	6130865	1
1197755	1197756	1
11672482	11672479	1
10180939	10180940	1
758858	756906	1
2559246	2559245	1
4990851	4990852	2
6929231	6929234	1
6977092	6977084	1
9052716	9052702	1
9416758	9416757	1
1750331	1750334	1
7395637	7270433	1
5709224	5709102	1
8952136	8955341	1
289546	322937	1
9119235	9119240	1
7012378	7094162	1
11261215	11261045	1
5247142	5247141	1
271967	271968	1
12204572	12204577	1
11854957	11854958	2
6466970	6256426	1
5262290	5262289	1
12368056	12368136	1
9109681	9109682	1
3100705	3123657	1
12297689	12297690	1
3537367	3537368	1
1285561	1285562	1
1372265	1372266	1
12778986	12778936	1
5268626	5268625	1
12597549	12597550	1
3970299	3970300	1
935290	935289	1
8181289	8155560	1
10170966	10170965	1
7940052	7940051	1
11992363	11992364	1
12558351	12558106	2
2465095	2465096	1
6923878	6923877	1
4030594	4030593	1
8843406	8843409	1
1712016	11871509	1
4083136	4083135	1
6319250	6319249	2
264182	210792	1
7174175	7174176	1
11295713	11294687	1
2649363	2649364	1
570020	570019	1
6318102	6436304	1
8058730	1979685	1
10642763	10642428	1
3322101	3322102	1
1430590	1430323	1
2039166	2039227	2
736624	736623	1
4504557	4504560	1
12305880	12305879	2
4375693	4375694	1
6022661	6022664	1
3264119	3264122	1
9065183	9065184	1
2285816	2285815	1
1975792	1976716	1
5128491	5128492	1
11848422	11848419	1
8842670	8842669	1
1624696	1602684	1
12039313	12039872	2
8626602	8626516	1
6870700	6866198	1
6067724	6788263	1
797088	797087	1
2492002	2492001	1
9880352	9880351	1
8889556	8889562	2
8582148	8582147	2
1934379	1934386	1
3623000	3622999	1
11373466	11364382	2
3165825	3165826	1
11418251	11418252	1
11966019	11966020	2
4992357	4992358	1
7101115	12389928	1
8991819	8991810	1
11487005	11487008	3
3277799	3277809	2
4137579	4137580	1
7000872	7000871	1
3929484	3934038	1
5812968	5812967	1
4526774	4526773	1
5262834	5262831	1
4234432	4234431	1
8260403	8260285	1
5951926	5951896	1
12738262	12738261	2
5587672	5587671	1
8041302	8041339	1
4828720	4831159	1
5818402	5818103	1
500778	500773	1
10026690	10019366	1
12393833	12393838	1
278439	278451	1
9092337	9092208	1
6317509	6317510	1
7277380	7328552	1
55810	55809	2
10283322	10282475	1
6200654	6200653	1
5520995	5520996	1
570024	570021	1
11408366	11408493	1
8538869	8539080	1
8305996	8307222	1
4069965	4069948	1
647114	647113	1
9573855	9573856	1
7712259	5611095	1
5266040	5266039	1
4143373	4143374	1
1502013	1481269	1
3782488	6663834	1
8895974	3974013	1
6141203	6141206	1
849346	849220	1
1435999	1436126	1
6742493	6742495	1
1116143	1116144	1
12453851	12453830	3
4823926	4823925	2
5328826	5324314	1
6563386	6563663	1
9374428	9374427	1
2692128	2692127	1
8693372	8703592	2
3898313	3898314	1
4360413	4360414	1
10938878	10934318	1
6106119	6106120	1
513628	513627	1
3133574	3133573	1
979526	979538	3
9128830	9128829	2
3763284	3763283	1
10138618	10138906	1
1973602	1973601	1
11489113	11489114	1
12542159	12542160	1
8652193	8652207	1
12301531	12301532	2
6268150	6258828	1
4476098	4474971	1
10400678	10401650	1
2674613	2674614	1
406945	406118	1
11610463	11610464	1
11791523	11791524	1
4186180	4186179	2
6282279	6282318	1
4819847	4819779	1
10536127	10536128	2
6465396	6465395	1
187884	188149	1
6658860	6658859	2
10728745	10728536	2
9615707	9616317	1
12416575	12536863	1
10881544	10881543	1
4476100	4476099	1
6748698	6342319	1
2892670	3130958	1
6993405	6993406	1
1067189	1067190	1
3858071	3858072	1
50568	3394288	2
7517131	7584290	2
3296244	3296243	1
2227432	2227429	1
7308086	7308085	1
8254179	8254245	1
11772685	11772686	1
6564008	5993997	1
2308675	5578586	1
12502374	12502373	1
5291279	5291280	1
2206498	2206497	1
6944054	6933654	2
12205849	12206097	1
10734128	10729988	1
3421143	3421144	1
8865716	8820551	1
10467423	10467424	1
2637981	2637982	1
3194927	3194928	1
8902659	8902660	1
7701114	7701113	1
4843752	4843751	1
10302278	10302275	1
317299	315789	1
8392505	8392506	1
10261209	10261210	1
7987754	7987587	1
6875618	6875617	1
1104464	1104463	2
10926776	10927837	1
12268064	12289263	1
4307091	4073079	1
3543030	3542965	1
1619329	1619330	1
6181357	6181358	1
1318987	1318992	1
5069381	5069382	1
6944056	6944055	2
6699323	6701559	1
10754548	10754547	2
11598592	11598591	1
3088527	3088528	2
11449130	11449292	2
3959022	3959019	1
6112094	6112093	1
2653599	2653600	1
552836	583990	1
7263497	7263498	1
6542604	6542686	2
4104810	4106283	1
12676699	12676700	1
10977427	10977448	1
12318377	12318378	1
12128345	12128346	1
9710731	9710771	1
8649972	3459466	1
3521332	3521055	3
7406305	7415313	1
1751297	1749801	1
9695400	9692625	1
55988	55987	1
5934784	5934787	1
6165	1527	1
11127658	11993288	1
7780751	7780741	1
2086484	2086473	1
5525012	5526863	1
8665128	6600812	1
4172155	4171949	1
3966137	3966155	3
3560214	3560213	1
1381858	1381857	2
4746646	4667084	1
6542690	6542633	1
1046469	1046474	1
947046	947045	1
4429771	4429772	1
10451982	10450768	1
5991340	5991475	1
8354363	8354364	1
9442861	9442864	1
8857962	8858273	1
1120418	1120417	1
10039607	10039612	1
5609004	5609003	1
5637319	5637001	1
7434839	7434671	1
6966246	6966245	1
6284861	6284866	1
8370793	8370791	1
2093886	2092585	1
553710	553709	1
5181464	5181463	1
9394194	9394193	1
9994140	9994139	1
6408429	6408434	1
3220736	3220732	2
12792783	12792784	2
2542581	2542582	1
2204202	2204201	1
3949894	3949887	1
7808744	7808158	1
5232441	5232442	1
6952267	6945924	1
921080	921079	1
10615777	10488991	1
10427550	10437243	1
5815769	5815770	1
11609172	11609171	2
10065186	10065183	1
6197275	6197252	1
2207934	2207810	1
8889717	8889718	1
8033485	8033486	1
9128834	9128831	1
2121587	2121760	2
3150198	3150197	1
1732159	1732160	1
9848095	9848096	1
8837681	8837277	1
9465799	9464927	1
6313512	4267902	1
10315478	10315477	1
7285549	7393043	2
6812981	6813046	1
4120019	4119480	1
8170209	8170210	3
10907193	10907194	2
1699982	1699981	1
12393833	12393836	1
7378933	7380911	1
1205880	1205784	1
10302274	10302273	1
2793353	2793354	1
6197340	6197337	1
3751262	3751259	1
12812857	12812858	2
6347560	6360982	2
583978	584027	1
8831265	8832483	1
7165819	7167748	1
7180400	7180397	1
3296288	3296287	1
6835658	6835657	1
8454901	8422480	1
2159545	2159548	1
2107961	2107962	1
12789045	12789046	1
5530367	5530368	1
6565580	6565559	1
2418922	2418921	1
7053821	7053822	1
7314116	7314115	1
11147465	11141940	1
9819250	9819249	2
6759493	6759258	2
11489308	11489307	1
9532274	9532273	1
5238152	5578669	1
1788833	1788834	1
11515403	11496997	1
6358534	6358550	2
5587674	5587673	1
8527477	8527478	1
2719945	2719946	1
3890679	3890680	1
7544402	7545051	1
12167749	12168037	1
5216161	5216162	1
1394064	1394008	1
984907	984908	1
1774075	1774076	1
6004459	6004472	1
3112615	3112616	1
2660647	2660648	1
4690761	4690762	1
4070331	4070332	2
1732161	1732162	1
6737437	6736948	1
12618447	12618448	1
10505566	10505565	1
10149073	10149078	1
7018916	7019814	1
3444351	3440314	1
6972968	6972967	1
10712486	10712513	1
4007168	4007167	1
1318985	1318986	1
6056904	6056972	1
1751295	1751296	1
9450329	9450242	1
9677194	9677193	1
5993865	6060349	2
7726648	7761363	1
9711292	9711535	1
6181348	6181347	1
8333854	8333853	1
1331001	1331640	1
2595093	2595096	1
10194430	1113419	1
3304670	3304669	1
10921027	10920976	1
4055847	4055764	1
10460566	10460565	1
4689341	4689342	2
7321000	7278263	1
1408539	1408540	1
1685555	1685556	1
9684175	9682209	1
3859843	3859844	1
12037501	12037502	2
1758949	1758950	1
9336135	9331981	1
7473388	7473387	1
6103587	6103989	1
659719	659142	1
8896910	8888496	1
8150893	8150894	1
914843	914810	1
10281219	10281220	1
11498702	11498743	1
2160889	2160890	1
1010671	1010672	1
8566199	8566258	1
5812147	5812148	1
9060631	9060632	2
11993142	11993141	1
5197836	5197835	1
6141201	6141206	1
11464442	11464441	1
4615798	9795597	1
7088430	7089069	1
2093361	2092585	1
10626940	6589876	1
12511858	12494864	1
5460376	5460215	1
5844144	5844143	1
692956	692955	1
4792932	4792931	1
8819518	8038058	1
6476555	6476556	1
1044174	6142540	1
4312346	4312345	1
1081974	10181433	1
4023186	4023185	1
5262830	5262825	1
281129	281160	1
6042775	6042776	1
10557483	10560166	1
2173113	2173114	1
13396	13132	2
5631528	5631527	1
9288308	9288307	1
6929235	6929236	1
1230030	1230029	3
1345253	1345319	1
4697195	4697171	1
10055857	10118269	1
9654049	9654034	1
1832478	1832477	1
9163269	9163270	1
1924851	1924743	1
6549960	6549959	1
7672953	7672954	1
11527702	11527701	1
9489813	9489814	1
5275451	5275340	1
7100277	7100278	1
8673071	8673072	1
9360995	9360996	1
7842814	7885325	1
3309313	3310731	1
6193122	6193121	1
11496996	11515388	1
5873535	5873536	1
9344664	9345188	2
2275702	2275701	1
4853732	4853731	1
11387029	11390067	1
250033	246604	1
8423785	8424089	1
5514162	5514161	1
10051538	10051676	2
6882787	6882792	1
1163597	1163598	1
11620880	11637055	1
9255444	9255416	1
5087101	5087102	1
3271288	7205158	1
2293374	2293363	1
12003755	12003756	1
7324599	7324600	1
7730816	7731205	3
11566592	11566591	1
3087648	3087647	1
5770585	5726582	1
11393115	11393116	1
7945090	7945077	1
10290484	10290483	1
9808844	9808841	1
8679625	8679626	1
12185011	12184063	2
5434760	5434721	1
5075583	5075557	1
6446293	6448477	1
8512106	8508598	1
1586499	1586500	1
10287312	10287311	2
10711973	10711974	2
9153833	9153834	1
10208394	10208393	1
1642660	1642657	1
10897481	10897508	1
6041833	6041836	1
5165011	5165012	1
9731978	9731564	1
5369314	5369321	1
6537591	6533830	1
3725120	3725119	1
1539662	1539661	1
12783650	7277710	1
283505	283506	2
108405	113028	1
4358513	4358514	1
2401497	2401498	1
5996932	6175342	1
6088839	6088850	1
1039051	1039052	1
3216396	3216395	1
6533014	6533344	2
3966152	3966151	1
1070038	1070037	1
1569611	1569612	2
5727647	5727648	1
10411844	10432438	1
7025122	7025121	1
12446724	12565789	1
2256162	2182815	1
12519897	12519898	1
6523926	6455856	1
8821054	8819958	1
8299217	8298559	1
4278188	4278187	2
8315144	8315184	1
7153187	7153188	1
4293672	4341068	1
9795221	9795224	1
9131675	9131676	1
5190435	5197837	1
11360777	11360778	2
3560212	3560211	1
9434091	11652032	1
7113895	6490568	1
8012289	8012290	2
11716073	11716074	1
1177279	1177280	2
8871158	8997836	1
3946438	3946437	1
10138620	10138906	1
1674499	1674500	1
10292123	10292124	1
7310985	7275098	1
3939844	7277518	1
11084600	11084537	1
7821640	7822208	1
10626942	10626941	1
8416919	8416920	1
1324211	1324212	1
6317886	6317885	2
12461550	12461577	1
6016866	6016889	1
6185827	6185828	1
1266797	1266798	1
6525831	6525832	1
5354444	5354443	1
10152458	10152455	1
1930325	1930328	1
2378152	2383591	1
11976119	11975047	1
9239223	9239148	1
9677254	9677210	1
10897478	10897114	3
992592	992589	1
6007550	6007543	1
7302899	7302900	1
10494658	10494657	1
2467524	12790255	1
283933	283936	2
9705315	9701686	1
6732765	6731390	1
726299	726302	1
7605216	7605213	1
1726093	1726079	1
5378267	5378268	1
2251076	2251313	1
888572	888570	1
1021662	1021661	1
3761801	3761802	2
10754544	10754352	1
5554119	5554120	1
10009209	10009210	1
2278651	2278652	1
9620167	9620168	1
4081279	4081280	1
190838	190746	1
9287287	9287480	1
1239799	1239800	2
12015312	12015628	1
5853281	5853240	1
3391309	3391310	1
586095	587711	1
11514491	11514556	1
11362910	11362909	1
4827487	4827588	1
4785886	4785885	1
2467123	2467124	1
9371369	9325453	1
4833647	4833608	1
10827977	10828631	1
2511193	2511194	1
1660414	1660413	1
12368156	12368155	1
6955188	6955428	1
921078	914611	1
6380527	6519529	1
8074563	8074566	1
3422604	9490350	1
9161908	9161631	2
12208451	12208452	1
2006406	2006405	1
11306904	11318683	1
4048138	4048137	2
2046776	2046775	1
10153724	9955533	1
12485993	12485998	1
5924533	5924534	1
5589487	5589488	1
7446257	7446265	1
11981443	11965340	1
2637119	2637120	1
6273284	6273298	1
10673391	10673392	1
422968	422967	1
3626033	3630036	1
3158723	3158703	1
12118676	12118675	1
12118676	12118673	1
4235537	4238038	1
5171413	5172769	1
6479981	6479982	1
1033584	1035963	1
11625948	11625947	3
240746	240745	1
12486003	12486004	1
9129571	9129572	1
7211554	7211553	1
5023372	5023369	1
10225703	10225966	2
423482	423481	1
829372	821486	2
2951224	2950991	1
4250824	4250823	1
2601768	7374153	1
9853829	9853830	1
1713070	1712953	1
10898890	10898873	1
11239760	11242027	1
10315641	10315642	1
10081860	10081910	1
10874404	10874403	1
71430	71427	1
11076203	11047746	1
8630279	8630284	1
9429353	9429347	1
8451709	9949639	3
11871494	11871493	1
2861866	2940733	1
3580781	3580782	1
2381962	2388303	1
7905249	7905252	1
12493291	12493292	1
8882199	8882469	1
7396737	2315049	1
3727391	3727360	1
9328116	9328129	1
12445653	12445654	1
8130162	8130159	1
2382827	2382828	1
36994	36993	1
938397	918781	1
6186911	6186912	1
2804538	2804537	1
5358273	5358276	2
11546015	3900888	2
12228143	11962644	1
645146	645145	1
9088519	9088520	1
5018633	5018634	1
1181777	1181778	1
8545233	8545234	1
12494402	12513636	1
1827605	5578387	1
12183778	12183725	1
12641210	12641209	1
1060433	1060402	1
3800241	3800242	1
8276030	8275737	1
11011510	11011507	1
3230982	3230971	1
7859788	7859785	1
265557	265399	1
10343743	10343744	1
2328082	1558101	2
10065373	10065374	1
8780174	8780173	1
3443757	3443758	1
6249143	6249144	1
301986	301985	1
4991985	4991986	1
8797477	8797506	2
9538059	9538060	1
2086473	2086474	2
6436782	6436781	1
9393680	9393698	1
3597345	3597346	1
10613401	10574513	1
3563501	4039476	1
10363229	10363230	1
2377921	2377620	1
7043465	7043466	1
9306309	9304496	1
11681067	2019672	1
772857	772858	1
2009872	2009871	1
8997837	8997840	1
4031149	4031150	2
48873	48869	1
4314115	4315363	1
3592414	11552973	1
7153189	7153190	1
184928	189863	1
1025549	1025550	1
8260734	8260733	1
3196512	3196511	2
11353313	11353314	1
11156449	11156450	1
10125420	10125167	1
6434954	6434953	1
2788521	2749475	1
836369	836370	1
11483182	11474185	3
1118811	6178288	1
52549	8977	1
990353	990354	1
2591336	2591335	1
507308	507307	1
6500280	6500279	1
674075	674076	1
7032426	7032419	1
10813551	10813615	1
3535668	3535667	1
12373939	12376316	1
9489805	9489812	1
7044274	7044273	1
11428359	11428362	1
11533692	11533691	2
9383103	9383189	1
7115215	7115218	1
10468949	10468950	1
408494	408493	1
7208162	7208176	1
10057687	10057707	1
12142077	12142078	1
2465091	2465094	1
2086475	2086485	1
5634226	5634225	1
6682676	6682675	1
10302272	10302271	1
5329235	5329236	2
5018629	5018630	1
9473164	9473163	2
5619773	5619774	1
7905607	8008997	1
12667835	12667242	1
917799	918651	2
552838	552837	1
12364461	12354178	1
6510689	6510690	1
5696214	5696224	2
11870778	11870777	1
7185334	7185329	1
4474970	4474969	1
4512552	4516961	1
8999444	8999443	1
5721691	5721692	1
6346438	6346433	1
4172153	4172154	1
6524978	6423765	1
4281182	4281179	1
1220573	1221622	1
161615	161616	2
3309909	3308599	1
3956414	3956413	1
9171185	9171186	1
3092501	3092502	2
3232205	3232245	1
6600813	6600814	1
4073031	4073032	1
6434956	6434955	1
2583361	2583362	1
8100300	8100299	1
7275100	7275093	1
1034191	1034227	2
11568185	11568195	1
1829552	1827454	1
9688487	9688473	1
4294401	4294402	1
6390866	6390299	1
9762992	9762991	1
6280877	6275138	1
9099445	9099446	1
6554373	6554412	1
1539660	1539659	1
7414503	7414504	1
6720219	6714646	1
10725700	10725693	1
9168450	9168449	1
11393608	11393588	1
377157	377158	1
8725287	8725288	1
6927370	6927327	2
1472767	1472768	1
3234662	3234861	1
1569609	1569610	2
3605795	3605796	2
10203873	360652	1
8883872	8883871	1
1246752	1246751	1
9875230	9875229	2
6727551	6729330	1
8405405	8405414	1
2416363	2416364	1
9394196	9394195	1
11395013	11394964	2
7831164	7831163	1
10912608	10912607	1
8755021	8755019	1
3863344	3863347	1
1833785	1833790	1
1089934	1089931	1
3071248	3071247	1
2673589	2673590	1
5999645	5999863	1
8822118	8822123	1
5763858	5763855	1
3297277	3307870	1
8092815	8092816	1
8586111	8586116	1
9094715	9094672	1
4735202	4735201	1
1840978	1840356	1
1366381	1264805	1
10412382	10412381	2
8282134	8282129	1
6790710	2939357	1
7423033	6588035	1
11332686	9626163	2
1099283	1099286	1
5092797	5092798	1
10300578	10300045	1
3396001	3396002	1
7731242	7731241	2
2309298	3283815	1
1749221	1749562	1
2457313	2457275	1
10340924	10340923	1
7880080	7880079	1
584026	584025	1
6346438	6346435	1
4474988	4474882	2
5099242	3101298	1
2168917	2168918	1
8871936	8873236	1
8815366	8815365	1
7238250	7238279	1
2568445	2568446	1
2992624	2992623	1
8515168	8515160	1
1618955	1666946	1
5442779	5442780	1
8447541	8447542	1
11117737	11117802	1
5576934	5576933	2
7651401	7650036	1
9063232	9053999	1
7128815	7242406	1
5721491	5721573	1
11456833	11456834	1
4251467	4251470	1
1386675	1387092	1
1777327	1777328	1
11966021	11966022	1
7871176	7871182	1
1007372	1019598	2
8646129	8646130	1
12415101	12415104	1
10016131	4394223	1
738352	725284	1
9383103	9383104	1
12742284	12742271	1
6021562	6021814	1
12207840	12415162	1
10460558	10460557	1
8545231	8545232	1
6025466	6025552	1
1387093	1387094	1
7406488	7406410	1
12179022	12179021	1
7211544	8861662	1
884990	884953	1
3196510	3196509	2
6740157	6740158	1
1209412	1249155	1
3211120	3211119	1
2722102	7167842	1
5887511	5887512	1
4151085	4151086	1
2059557	2059558	1
6040831	6011672	2
10651570	10651569	1
10520183	10519999	1
11814018	11814017	1
9383105	9383189	1
10001152	10001151	1
3208511	3208512	1
12318379	12318380	1
8959302	8959299	1
11480030	11480029	1
9510490	9510489	1
4568185	4568186	1
11991247	11991250	1
4331691	4433906	1
10184069	10184070	1
884978	884977	1
2600277	2600280	1
6784495	6784496	1
2458281	2458144	1
10613399	10613400	1
8690537	8677378	1
11134129	11134130	1
7523504	7523503	2
6006523	6006524	1
6005526	6005089	1
4480922	4628204	1
5927469	5928061	1
4042240	4042239	1
4306497	4308139	1
10798206	10798063	1
6038165	6038166	2
12053537	12053538	1
10495499	10495502	1
6712074	6712073	2
4113508	4113485	1
6065037	6065038	1
6310037	6310027	1
2379839	2379806	1
645144	673975	1
9131673	9131674	1
4371148	4371147	1
12051156	12051155	1
1598665	1597145	1
5291840	5291839	1
6444516	6444515	1
10873801	10873819	1
1140558	1147263	2
3962509	3962510	1
11266236	9595278	1
8105119	8105120	1
10616158	10614943	2
10982960	3105472	1
2450846	2450843	2
174958	435447	1
99602	99601	1
982103	982104	1
1590996	1596788	1
10080052	1904533	1
9991729	9991730	1
3597323	6828363	1
10774326	3005561	1
4991157	4991984	3
408496	408495	1
5336396	5336395	1
5329003	5329004	1
2719935	2719944	1
9547517	9548537	1
7820192	7820326	1
3640677	3640680	1
3071590	3071589	1
3933034	3933033	1
3217784	3217783	1
191041	191042	1
9182668	9182667	1
5010624	5010577	1
2508799	2507834	2
4470184	4470183	1
4050818	4050817	1
10392553	10392554	1
9853831	9853832	1
3322124	3322123	1
4994074	447618	1
10467425	10467426	1
673279	813746	1
7291607	7280684	1
6981653	6981654	1
9341835	9341814	1
3776291	3776256	1
751253	751272	1
3278336	3278335	2
2953861	2953862	1
91879	86434	1
3668071	3668121	1
3557894	3557893	1
5799974	5799973	1
8882199	8882465	1
12758115	12758258	1
9589735	9421502	1
1536581	1536584	1
7121156	7121155	1
4307482	4307481	1
2027802	2027631	1
12812321	12812856	2
5401443	5401444	1
5190662	5190661	1
11664105	3246621	1
4635400	4635399	1
5637000	5638146	1
1585877	1585878	1
213471	213472	2
7314860	7325377	1
1479729	1479730	1
12760702	4657789	1
7689166	7653968	1
12602818	12602815	1
4069947	4069948	1
4070332	4069136	1
1425014	1425013	1
5207285	5144573	2
9813146	9813145	1
2104061	2104064	1
8062743	8062744	2
6744342	6744329	1
6396309	6396312	1
11475145	11488709	1
10735689	1385882	1
9087574	9087590	1
3310730	3309241	1
9925349	9925350	2
3026142	3025936	1
4533311	4533031	1
5290569	5291868	1
4533310	4533309	2
4721291	4721292	1
3327965	3327966	1
7107882	7107881	1
7890703	7959572	1
3277808	3277807	1
6230396	6230395	1
4661298	4661297	1
7057041	7057042	1
10145455	10146024	1
4228710	4234687	1
4539892	4539891	1
