fend1	fend2	count
4819395	4819396	1
4741143	4740600	1
1828433	1827852	1
5054350	5052440	1
7921452	7921451	4
10777862	10779818	2
10705662	10706066	1
4392676	4392679	1
8084172	8088884	1
1472411	1375127	1
746971	940059	1
2771912	2771923	1
3617517	3616567	1
16801	16802	1
1587646	1588046	1
11826267	11826255	1
3691590	3691589	4
10597696	10597695	1
11997145	11997146	1
952084	952083	2
3071886	3071883	3
11406486	11406485	1
1985241	1984083	2
6828249	6829696	1
5074575	5074551	1
4018852	4018856	1
4677534	4677132	1
6437419	6437420	1
9506798	9506775	1
350013	349840	1
6354553	6354547	1
11707586	11707580	2
174163	174160	1
11222643	11222674	2
3669566	3674728	1
1028419	1028565	1
1184062	1186071	1
4252592	4182538	1
3899137	3899138	1
12241160	12241159	2
7273499	7273488	1
5984565	5984566	1
8840835	8838475	1
6590173	6590178	1
6242317	6238945	2
8813196	8813195	1
1405794	1405793	1
10330300	10330837	1
11410264	11410267	1
633274	633339	2
10837324	10837323	4
1780813	1778964	1
624966	624937	2
9443554	9443553	1
690584	688760	1
5040505	5165873	1
945812	945815	1
2601369	2601414	4
5153442	5153441	1
10596081	10596082	1
8480202	8480201	1
1663608	1663544	2
10641814	10641654	1
3290625	8548395	1
520196	520195	2
1186152	1186151	1
9008690	9008689	2
11332415	11332418	1
3047846	3047843	1
6691007	6690490	1
9628749	8084909	1
8332253	8332254	1
3195921	3195932	3
1431645	1431646	1
2378592	2378591	2
5335419	5335420	2
10775008	10777042	1
5925656	5925655	1
6571450	6571449	1
769742	770134	2
5460614	6761268	1
10927310	10927305	1
5326492	5326491	1
4148228	4148227	2
1843047	1843048	3
8833862	8831395	1
7550619	11462749	1
11675894	11675893	2
104923	267607	2
9643341	9643393	1
1380474	1380463	1
5214783	5214784	1
10930139	10930140	1
1354064	1354061	1
2973750	2975018	1
8262147	8262091	1
3117386	3117385	1
10493715	10493716	1
7510597	7511350	1
8828572	8828571	2
5539012	5538599	1
1885655	1886537	1
5457159	5460615	1
6021671	6021589	1
3595673	3595680	1
1186109	1186151	1
11438137	11438138	1
9953151	9953552	2
6848118	6848117	1
12624253	12559485	1
3533979	3533975	1
2321521	2321522	1
11879750	11879749	1
8528239	8528246	1
10366223	10366226	1
398430	398193	2
11596244	11597559	2
1343889	1343890	1
5940543	5940553	1
11302483	11302448	1
11132672	11131392	1
6351731	6351732	1
5253911	5253912	1
2724307	2724298	1
7931197	7931198	1
1007140	1006651	1
635207	642707	1
2408432	2572526	1
9778605	9764707	1
8074886	8074884	1
1002365	1002366	1
692694	692693	1
45811	45808	1
10415982	10415973	1
8006511	8006543	1
817016	817015	1
2208731	2208732	2
2119200	2118642	2
12598777	12598782	1
885211	885212	2
1848678	1848681	1
3868210	3868209	4
2072620	2072619	1
3197167	3197168	1
5192748	5192747	1
5541103	5541104	2
6138662	6140610	1
8692082	8692349	2
5448813	5395454	1
3727400	3729489	1
6829953	6830984	1
12810432	12810498	1
4217598	4217597	2
7308155	7308156	1
3019767	3019768	3
8830211	8830208	1
4165793	4165794	4
10179126	10179123	1
7921634	7921451	2
2330468	2330465	2
3783856	3783853	1
956718	956727	2
7772884	5704951	1
3450414	3450413	1
2961557	2961477	1
6617279	6617391	1
8391984	8391982	1
6221101	6276016	1
11014396	11014395	2
1997577	2010933	2
556327	560541	1
11354767	11358426	1
2342357	2342358	1
7645696	7643656	1
6084564	6084486	2
9967763	9967764	1
8962488	8962453	1
10933216	10933215	1
9862253	9847857	1
4603580	4603593	1
6082907	5957026	1
1559412	1559411	2
10442779	10442780	1
7552468	7552467	1
6778245	6778248	1
5641708	5643115	1
2745862	2746590	1
10067749	10067409	1
9664464	9664547	1
10710256	10710255	2
3293992	3293989	3
4336515	4336516	1
1878616	1875580	1
11300155	11301230	1
11675892	11674743	2
3035572	3035571	1
9597676	9598242	1
8969283	8969284	1
4461821	4461822	1
9115861	9115862	1
509156	509153	1
5457142	5457139	1
5452563	5452564	1
679608	693101	1
911010	911009	5
10310415	10310416	1
2735693	2735696	1
11301852	11301851	1
9394850	9394861	1
2236952	2238097	1
11134569	11134381	1
681559	681560	2
11419105	11418489	1
9101620	9101640	1
10436945	10436941	1
10246557	10246722	1
387203	11360940	1
7891889	7891892	1
11575490	11575489	2
3802592	3802589	1
7768552	7768551	2
7796108	7796105	1
6270973	6269237	1
8713911	8721962	2
3115700	8202649	2
1570399	1569937	1
5180991	5180953	1
11124258	11124257	1
619535	619536	1
7693865	7693544	1
12593099	12595768	3
1574915	1579218	3
10400551	10400514	1
8996894	8996816	2
6353518	6237884	2
7608171	7601513	2
2686512	2686269	1
4949983	4949986	1
5524417	5524492	1
7057980	7058499	1
9575051	9575117	1
3783383	3783384	1
9434317	9434315	1
1369106	1369105	2
8411573	8411574	2
354941	355110	2
8184518	8184517	1
7274762	7274697	2
10576531	10576532	1
5893270	5893339	1
9672432	9672431	1
1039497	1040350	1
2970283	2970286	1
3120702	3118708	1
2607915	2607916	1
2168134	2168133	1
8659611	8747480	2
6072176	6072173	2
8466962	8469845	1
840148	840145	1
10261511	10261512	2
9969548	9969539	2
9392553	9442539	1
3912868	3514186	1
3585848	3582051	1
8462304	11230606	1
7553414	7554247	1
6495438	6495437	2
7891891	7891892	1
12598777	12598780	2
8773253	8773254	1
11599764	11601890	1
2594006	2594009	1
10577410	10576562	1
7978803	7978790	1
4839635	4839630	2
6683923	6683917	1
9334500	9334499	2
3506988	3506975	1
10429544	10429543	2
12806972	12807155	1
2072624	2072623	2
829147	829148	1
9688275	9688658	3
11703615	11701953	1
6352151	6352154	1
7556773	3765568	1
1539515	1539484	1
9315220	9315219	1
11680043	11680044	3
4392678	4392677	1
109587	110533	2
7412855	7412856	1
9465460	9465459	1
2012821	2012788	1
4104722	4104721	2
5211626	5211875	1
1285227	1285263	1
533141	533142	2
4352888	4352887	3
5734020	5734019	1
10023752	10023743	2
2619885	2619833	1
4994968	4994967	1
6768068	6766979	1
5307029	5307030	2
5211628	5211627	2
1142415	1151371	1
5541099	5541102	1
4151817	4151689	1
11572618	11572580	1
11345628	11345627	2
9062309	9062310	1
3217380	3217139	1
9108844	9108843	1
8572199	8572312	1
11799684	11795895	1
11598200	11599998	1
11181437	11182515	1
10586614	10586613	1
5401572	5397645	1
4549502	4551607	1
10603890	10603896	1
2556733	2555310	2
6530750	6530836	2
7664566	7672701	1
7426602	7426601	1
368088	365877	1
5419591	7430017	1
7550200	7550199	1
10078856	10078855	1
7971107	7971108	1
11884695	11884696	3
4236391	4236389	3
5984565	5984568	1
11181652	11180425	1
4250340	4251363	1
10776625	10776626	1
4876826	4876786	1
6348130	6346991	1
11637001	11637726	1
6974189	6974190	2
5077812	5076479	1
2235812	2236090	1
6018519	6018520	1
10443582	10447618	5
5737505	5737506	1
6036309	6036316	2
9183604	9183534	1
3868208	3868207	3
7916693	7916687	1
8056073	8056074	1
10813122	10812933	1
6686467	6686468	1
10807554	10807553	1
6205773	6205776	1
6623977	6623978	1
197297	1043	3
3138849	3138844	1
6207846	6206866	1
1851971	1851972	1
6757946	6757945	1
1191405	1191411	1
7430016	7430015	1
12529595	12529598	2
10498742	10505407	1
1446612	1446614	1
12294595	12290793	3
11342324	11331606	3
4601140	4601047	1
8184464	10183779	1
6315736	6315733	1
12727133	12727134	1
7627458	7627457	1
1412227	1412228	4
4569143	4569144	2
5560743	5560744	1
1279807	1279804	3
11445185	11445186	1
4175840	4180372	1
1845774	1845771	1
9159551	9164158	2
8865474	8870699	1
11194909	11194321	1
3047842	3047841	2
2699735	2699736	1
10707370	10707372	2
8554389	8554390	1
5415185	5416219	1
9707595	4700121	1
10930274	10930403	1
3596497	3596498	1
10001646	10002532	4
6258130	6258129	2
5334908	5334905	1
3437404	3437423	1
1427850	1427849	1
3033948	3033947	1
3035570	3035584	1
9557474	9557471	2
3385482	3372927	1
2596866	2595822	1
1625759	1625762	1
2815414	2815411	2
785257	785258	2
1252661	1252651	1
11246777	11246960	1
1609863	1609749	1
4339438	4342753	1
10517804	10517803	1
116868	116867	1
6994093	6994262	1
10166540	10166506	1
5211876	5211875	1
1283393	1283396	1
4600304	4600111	1
12529599	10761209	3
1729897	1730092	1
3410542	3410541	1
1949784	1949924	2
10067571	10065400	1
4341083	4341084	1
4721472	4721471	1
10179124	10179123	1
1939768	1937388	1
5560785	5560742	2
2865941	2866464	1
10409893	10409894	1
2949710	2949709	1
9545837	9546223	1
2232099	2232100	1
8701668	9587927	3
11134567	11134568	1
5204366	5204386	3
11282439	11283090	1
11345814	11345081	1
6271860	6271859	1
1976504	1976503	2
10927310	10927309	1
3824959	3825262	2
11198448	11198431	2
9142869	9142944	1
2713003	2713057	1
10431632	10431631	2
10657361	10657362	1
6308109	6308110	1
2379031	2379032	1
1657514	1659327	2
9078159	9078160	1
9559567	9559412	2
5877632	5876891	2
2698109	2965376	1
4783815	9554208	1
5961080	5960980	1
1984202	1984199	1
10715740	10715739	1
9690865	9690866	1
7969042	7968228	1
1197569	1197561	1
9078161	9078288	1
6123903	6123858	2
4565154	4565153	1
678349	678350	1
11655014	11347076	2
9858439	9858440	1
3904050	3904030	1
11180954	7191294	1
8006537	8006538	2
9162198	9162196	2
10916009	10914278	1
6858678	6858677	1
8776861	8771868	1
2805248	2805255	2
8639593	8639594	1
1188542	1188541	2
6962919	6962920	1
7520758	7520747	1
11614541	11614542	1
9392313	9390554	1
5052013	5052002	1
2852401	2852404	1
11648197	11481090	1
8904375	8904376	1
7309687	7311732	1
6156522	6015758	1
2309590	2309589	4
1062511	1062512	2
182315	182219	1
2209702	2208730	4
10400548	10400547	1
1732249	1732771	1
11332417	11332418	1
8615898	8524048	1
3463049	3463306	1
11943888	11940893	2
9055832	5764168	1
2084582	2084593	1
8490169	8493221	1
1610899	1610853	1
5392600	5392608	1
5415800	5415811	1
10078858	10078857	1
11174088	11174087	3
12642885	12549216	1
8528235	8528238	1
7701831	7701823	1
6570512	6569564	1
10413726	10413719	1
11331988	11471300	1
5087846	5087859	1
7446450	7446458	1
5806583	5804412	1
8167600	8167599	1
8327209	8327264	2
1148224	1148229	1
7987028	7987053	2
9172388	9172381	1
3514754	3514765	1
11674489	11674696	2
8086322	8088464	1
5318906	5318909	1
6349750	6349749	1
5868935	5868849	1
2745097	2745101	1
1757292	10389775	1
9750017	9750270	1
5088901	5088757	1
11782767	11782680	1
11534305	11534306	1
658533	658534	1
5235484	5235489	1
10054343	10054344	1
10422105	10422106	1
7418302	7418350	1
7548153	7548142	1
2631316	2631321	1
9523539	9524925	1
1267128	1269000	1
4833164	8502314	1
1336119	1336120	1
2944244	2944285	1
8089812	8089832	1
4759467	4759468	1
8700104	8700103	1
8891238	8891400	1
12434139	12434140	2
5196776	5196773	1
1147595	3195920	1
6097599	6097602	2
1474163	10586089	1
2092249	2092250	1
10518277	10518280	2
10698154	10698153	1
132122	132551	1
11171247	11134207	1
347361	339297	1
473866	473865	1
10820347	10820348	1
10586614	10586611	1
9974224	9980158	1
294877	294878	1
37845	37826	1
5427162	5427159	1
12627150	12627149	2
7732208	7732211	1
8964957	8965079	1
158550	178343	1
11286526	11286242	1
10854905	10854906	1
2423946	2423945	1
6825099	6821270	1
11014394	11014351	1
8969285	8968348	1
5275944	5273782	1
6846144	6846143	1
7215225	7171059	1
11319369	11319454	1
11819665	11819713	1
1136128	1136127	1
4104724	4104721	2
1584047	1584052	3
3923843	3923846	1
8046203	8046204	3
2331523	2331498	2
2427236	2427218	2
6262168	6262167	1
668103	670441	1
8316909	8250752	1
10490014	10490013	1
10266417	10265668	1
956718	956729	5
6283600	6283599	1
3065055	3065016	1
10377516	10377121	1
9114956	9114959	1
6755122	6755117	2
7574806	7574851	1
8008348	1074951	1
10444662	10444665	1
736650	736649	2
7942578	7942166	1
4798718	4798791	1
1442788	1427851	1
5514054	5517895	1
10179126	10179125	2
6457906	6457905	3
5115629	5114889	1
2399187	2399188	2
2852399	2852400	1
10518295	10518276	1
4830938	4830937	1
2895390	2895536	1
7781248	7781289	1
9939027	9939028	2
2892103	2893588	1
4260668	4259248	1
92983	92984	1
8394497	8394487	2
9718538	9718537	1
11823575	11826419	1
6605008	6605007	1
99209	133993	2
8063213	8063166	1
1698690	1698689	3
10637629	10637630	1
4294730	4294729	1
6001295	6001292	1
12462322	12462315	1
2187811	2187812	1
5911701	5912279	1
11790878	11790860	1
10757108	10757113	1
5545149	5544407	1
4434110	4434146	1
817018	817017	1
7656212	7656111	1
8190243	8190244	3
1622241	1620688	1
9786760	9786759	4
3796821	3796822	1
11429112	11424085	1
2234532	2234531	1
8279668	8279667	2
4248741	4248724	1
3855537	3855656	1
9152267	9152268	1
8828574	8828573	1
10991043	10991092	1
9990293	9990285	1
4076051	4076046	2
11234819	11237774	2
2234530	2234529	1
623823	623828	1
952666	952665	1
5561421	5561340	1
8067513	8067594	2
3221277	3222114	1
5148448	5149405	1
7478712	7478711	2
3640513	3640514	1
6619548	6619545	1
9156118	9156117	1
5970067	5970068	2
710269	710270	1
502298	502297	1
7446452	7446450	1
4164703	4164704	1
4352890	4352889	2
11859846	11859859	1
5159151	5159152	2
4823547	4823544	1
11127000	11127913	1
5211626	5211877	1
10468943	10468944	1
7504656	7504655	1
5441398	5441397	1
5066539	5066536	1
8600222	8600190	1
10616426	10616423	1
8596198	8596669	1
7758420	7758451	2
9291181	9291195	1
4155463	4153709	5
4141607	4140793	1
90480	91768	1
4227530	4249219	2
11478201	11478202	1
10078854	10078857	1
6802432	6802431	1
4741626	4741588	1
76157	60150	1
2655953	2655954	1
380914	380913	2
3598483	3598494	3
8302465	8304645	1
2232243	2232098	1
1622283	1622284	1
3425136	3425135	1
10126722	10126721	1
885213	886155	2
11091275	11089902	1
9840215	9841903	1
12240525	12240518	1
3923848	3923847	2
5132805	5132806	2
6692775	6692657	1
1317949	1322750	2
11197102	11197101	2
715476	715487	1
939945	940018	1
994209	994210	1
11796019	11796020	1
10854856	10854906	1
8608441	8608369	1
3907806	3907793	1
3142767	3142768	3
9650168	4659162	1
11289305	11288272	1
10714065	8410556	1
8818988	8818984	2
8400600	8581361	1
2423948	2423947	2
1588366	1581832	1
11441377	11441378	2
8946437	8946479	1
110873	110874	1
6636278	6636277	2
6821271	6821272	1
10497501	10497194	1
9278691	9278692	1
5226479	5226480	1
5004726	9856107	1
8990650	8987811	1
11174090	11174089	2
10472098	10455444	1
11222641	11222642	2
2294542	2294531	1
1943176	1943175	1
6700738	6701678	1
10915518	10915517	1
9948169	9948170	1
6097603	6099439	1
103723	102088	2
1354060	1354063	1
9091206	9091850	2
1609863	1609747	1
369695	369696	1
7443559	7443560	1
5246834	5246833	1
7286077	7286078	1
8554498	8563873	2
8105888	8106461	1
10468941	10468942	1
7575269	7575264	1
4222210	4228456	1
94467	94501	1
10899070	10898937	5
7964990	7964989	1
4822032	4822031	1
11373533	11373534	1
8749103	8749104	1
9309800	9309799	2
7391880	7390017	1
1119868	1119867	1
4412688	4407864	1
3595671	3595672	1
2671357	2671344	1
2423944	2423943	1
1284015	1283392	2
11031204	11030446	1
2234532	2234529	1
10357751	10357737	1
10328332	10328349	3
3280522	3280521	2
4957236	4955851	1
5731785	5731904	1
4665510	4665509	1
8612043	8612044	2
9999854	9999853	1
11374101	11374243	1
4241985	4241982	4
8208783	8204001	1
8819508	8819531	1
10512951	10673536	2
8167598	8167597	1
8976202	8976201	1
6123313	6116793	1
3155976	3156649	1
11944372	11944371	2
5737503	5737504	1
1407031	1407032	1
10956740	10970285	1
4505835	4507704	3
6415401	6737611	1
3623045	3622072	2
4426805	4426806	1
12535273	12536002	1
5220482	5220510	1
2740048	2735609	1
9163605	9163642	1
3623043	3623044	2
2933788	2939881	1
2980396	2980337	1
1186111	1186153	1
4822034	4822031	1
4153485	4153537	1
5456274	5456276	1
1824929	1824932	1
11793155	11793144	1
11703080	11702334	1
5356295	5356262	1
556325	556326	1
8244629	8244630	1
6708194	6708193	1
5339392	5339389	1
4181289	4180643	1
10724290	10724289	1
927692	927094	1
2208613	2208614	1
10581837	10581840	1
8050369	8050370	1
8041669	8041672	1
8219833	8219828	2
8452679	8452693	2
8738464	8734268	2
5415756	5415755	2
6999517	6985887	1
12023952	12024847	1
10999729	11014350	1
8452692	8452716	1
1252050	1151906	1
5808257	5808260	1
4399650	4399680	2
683733	683734	3
9994471	9994456	1
6922723	6922724	3
11782769	11782680	1
10581841	10581842	1
5244837	5244838	2
9085241	9085242	1
4212018	4211971	1
9184583	9132765	1
7815184	7815179	1
1472409	1472410	1
1470892	1470859	2
4141558	4141561	1
7139023	7138781	1
543722	543387	1
6802434	6802431	2
5860814	5860813	2
9268148	9269045	1
1692602	1693309	1
519525	518874	1
8589886	8589885	1
9542745	9542746	1
10000195	10000196	2
2092246	2092243	1
5737507	5737496	1
4667348	4667347	2
2212659	2212660	2
572808	572811	1
1375874	1375873	1
5356105	5319404	2
4839637	4839630	1
190515	190516	2
6349294	6347848	1
2808557	2808503	1
2522711	2523384	1
8809573	8809574	1
952711	952087	3
260858	260690	1
5454672	5454671	1
1956352	1956349	3
294536	297054	1
782212	782211	1
3881300	3881303	1
8689785	8689786	1
7446452	7446448	1
3609738	3609737	1
5411406	5409698	1
6991402	6993136	1
8909813	8909816	1
6455803	6458750	1
10953977	10953978	1
11056562	11056703	1
10716640	10715034	2
9017167	9017158	1
7825814	7825826	1
7161053	7160689	1
6619546	6619545	2
5651693	5650381	1
7891889	7891890	1
703549	703436	1
11280651	11279189	2
469257	472454	2
11488662	11488666	2
977431	1158985	1
10235819	10235430	1
11508538	11508557	1
1498102	1498086	2
6136933	6137297	1
6197111	5502369	1
8608368	8608367	1
3280520	3280519	1
10641648	10641647	1
9115865	9115866	3
5189376	5187985	1
8074985	8074887	1
8739385	8737957	1
2970493	2970761	1
3616566	3616565	1
10581839	10581840	2
9026522	9024449	1
8067131	8067132	1
2965377	2965865	4
11321457	11321460	1
6945581	6945941	1
3074560	3074559	1
12539879	12539880	2
6028693	6028689	1
4136774	4136777	1
7709408	7709540	1
7758422	7758421	2
9285318	9285309	1
9495496	9495492	2
1659326	1659325	2
6276933	6277064	1
5097940	5097488	1
6400010	6400019	1
10378189	10378190	1
5799983	5799966	1
4796420	4614530	1
7707301	7707302	2
2119202	2119201	3
7781288	7781287	1
12695191	12695192	2
1228850	1228847	2
10332817	10332822	6
6968941	6968942	1
4858411	4858412	2
5318908	5318907	1
12598781	12598782	2
9980034	9979840	1
11572620	11572619	1
1550586	1550585	2
11759592	11759595	1
8305429	8302582	2
4810916	1773191	1
7920823	7921449	1
148222	148221	1
3726768	3726765	1
9798877	9799041	1
11262379	11265205	1
4746607	4746608	1
2649009	2649010	2
1255338	11401753	1
4730302	4731351	1
4578224	4578223	2
10923255	10865579	1
6594795	6594796	1
9294108	9293986	1
8575681	8575682	1
12406368	12406365	2
6063305	6063306	1
7446379	7446384	1
1173739	1173709	1
4317826	4317823	1
11508556	11508555	1
9054716	9054719	1
5193850	5193920	2
10429557	10429543	1
10328334	10328333	4
8589071	11265245	1
1831901	1833090	2
6880943	6880944	1
2633024	9862976	1
3341063	3341098	1
3912419	3913569	2
1663247	1663250	1
8194608	8194607	1
8773446	8773252	1
6093124	6093121	1
6055036	6055035	2
3940654	3940651	2
9266237	9266238	1
8960030	8961635	2
10813262	10813261	2
663748	663657	1
10726996	10726993	1
5435087	5435088	1
12685432	12685443	1
6741664	6741663	1
1831953	1833091	2
5311891	5311892	1
8315593	8315642	3
4799871	4799872	1
6848114	6848113	2
10292010	10291448	1
4151538	4186904	1
7706019	7706014	3
8315643	8315644	3
1453625	1453628	1
5965553	5965693	1
8280049	8280014	1
1285225	1285226	1
5969320	5969319	1
5840512	5840518	1
2309588	2309587	4
11381164	11381163	1
6848120	6848119	2
3897395	3885987	1
7732210	7732209	1
12230875	12230876	4
6457908	6457907	2
813954	944944	2
5177724	5177745	1
438187	438202	2
1186111	1186151	1
3047846	3047845	1
6632665	6632491	1
10493715	10493718	1
204567	204360	1
6893990	6893989	2
7713613	7713607	2
10429557	10429545	2
4595114	4594968	4
7685068	7685067	5
9960231	9960222	2
9991305	9987636	1
8041673	8041674	1
3931950	3932286	3
5438738	5439777	1
1308064	1308063	1
1603153	1513133	1
1167966	1167965	1
5427162	5427161	2
7758139	7758091	1
110793	110794	1
12776973	12776977	1
6163152	6163359	1
2017643	2017707	1
1615181	1615182	1
268558	272048	1
1228850	1228849	1
6688033	6688071	1
5541099	5541100	1
11888532	11888531	1
6394212	6394219	1
735311	735312	1
11803867	11803921	3
10930137	10930138	1
11414674	11414667	1
6480904	6480658	1
2039700	2039632	1
8720519	8720520	1
1631611	1631406	1
2601367	2601368	3
3687215	3687216	1
7687301	7687162	1
534907	535140	1
782210	784237	2
6571863	6571451	1
4341087	4341088	1
618977	618943	2
801544	801543	2
10837322	10837319	2
11293112	11293111	2
6758327	6758334	1
3306646	3312054	2
9846284	9846209	1
6501854	6501853	1
12529597	12529598	1
4675775	4671704	1
8305660	8305659	2
9906821	9905946	1
988384	988383	1
10688982	10688986	1
3197169	3197170	1
8278237	8278463	1
6692775	6692659	1
9815390	9831360	2
4819274	4819138	1
7445391	7171569	1
3824957	3824958	2
7473701	7473709	1
10238313	10238404	1
9978854	9978851	1
2487349	2487350	1
11780431	11780432	1
11370790	11371950	2
7973100	7973260	1
696006	696003	1
59594	59593	4
4688777	4688826	1
5655559	5655596	1
6239395	6239396	1
3071882	3071881	1
793430	793453	1
3516147	3517796	1
9467066	9467065	1
2874136	2874120	1
1692461	1691748	1
2992349	2991813	1
3517016	3517015	1
7310783	7310784	1
11300162	11300161	1
11405803	11407065	1
7249689	7249690	1
7519633	7518975	1
7270401	7268783	1
10330836	10330301	1
8218346	8220167	1
6193800	6193799	1
6271889	6271890	1
1843041	1843044	3
2232243	2232102	1
9267327	9267328	1
1559414	1559413	4
7921634	7921453	4
5874992	5874598	1
3624422	3624421	1
6858676	6858124	1
11790880	11790879	1
1629641	1629642	1
6495560	6495559	2
9264602	9264601	1
11086507	11086573	1
10518295	10518280	1
11489447	11512922	1
11522789	11476258	2
1643225	1643216	1
11228435	11228436	1
6172127	6172121	1
3019602	3019601	1
11666141	11666215	1
6053091	6053086	1
8403264	8403327	2
10776570	10776569	1
5705030	5705736	1
3940656	3940651	1
4132998	4131574	1
9583348	9583347	2
2582803	2582827	1
7006688	7007197	1
2415246	2413524	2
11282437	11282438	1
3873143	3873144	1
7688507	3758906	1
9112593	9112594	1
2232101	2232102	1
676008	675995	1
6643987	6643988	1
7278984	7278983	1
5860802	5860815	1
11390421	11390422	1
7185629	7185624	1
193360	192769	1
11672366	11671873	1
12763698	12763697	1
3138847	3138848	1
1473062	1473061	2
4830942	4830937	1
10596081	10596170	1
2423916	2423915	2
2537680	2537683	1
6605006	6605108	1
10664470	10664469	1
8575679	8575680	1
7262519	7262520	1
8268892	8268888	1
10328332	10328351	1
2938954	2938897	1
7707350	7707300	2
5863718	5863737	1
10930276	10930275	1
1252450	1251359	1
7771685	7771686	1
5214785	5214883	1
6594883	6595018	3
300595	300596	1
10498863	10505390	1
7691870	7691869	1
6461603	6325015	1
460166	460154	1
7446415	7446416	1
9775486	9775485	1
8314432	8315335	1
8879987	8879988	1
9131585	9126074	1
6055034	6055031	2
8424847	8428396	1
4469683	4469684	1
5460682	5462165	1
2815414	2815413	2
10616424	10616423	1
10698152	10698151	1
10781628	10781713	1
7935926	7936065	2
385228	385225	1
11323145	11323146	1
9242301	9357273	1
2897447	2897362	2
10064115	10064136	1
3863980	3863979	1
5992548	6124082	1
8223641	8223521	3
11532430	11532429	3
8332902	8332895	1
4261032	4258532	1
8642161	8643268	1
1629663	1629664	1
5987518	6067965	1
11228435	11228438	1
10923254	10923253	1
4634463	4634464	1
1288680	1288667	1
891434	891433	1
6368865	6368952	2
4138822	4138809	1
9586814	9587509	1
10120085	10120086	1
3714079	3714080	1
8969853	8969968	1
6307768	6303516	1
2811176	2811207	2
4447305	4447306	1
16803	19247	1
6242315	6242316	3
10302141	50103	1
12797189	12798902	1
10876919	10875294	2
2112701	1854625	3
11038804	11038803	1
190513	190514	3
4042247	4042248	1
4835367	4834826	1
8388978	8390390	2
12368846	12368845	1
991159	991445	1
1750031	1750032	1
10529997	10529934	1
7293851	7293852	2
501165	502018	2
4107475	4107463	1
10214147	10214148	1
6112164	6111649	1
10821715	10822368	1
11754915	11754916	1
4360142	4360141	1
3947984	9297303	1
802668	805044	1
10927306	10927305	1
2177026	2176119	1
4314069	4314074	2
10591243	10703881	1
12670760	12670713	2
953557	953558	2
4355403	4355470	1
4652313	4804251	1
5541101	5541102	1
1752879	1750032	1
4806387	4803836	1
759881	920945	1
1663545	1663546	2
1050725	1050726	1
10477966	10477965	1
6205773	6205774	1
952086	952083	3
9385237	9385238	2
10807552	10807555	1
6433728	6434284	1
928149	928150	1
9078289	7942202	2
8075779	8075375	2
3923852	3923849	2
10501076	10501079	1
10012946	10012914	1
9465458	9465759	1
2293551	2293552	1
6629121	5420839	1
1752879	1750030	1
4141562	4141561	1
6572439	6572440	1
452891	452896	1
3463051	3463306	2
6966759	6966760	1
2670223	2670224	1
6068418	6070095	2
1186109	1186110	2
6798561	6798562	1
1752614	1752936	1
6522389	6522390	1
12735071	12735040	1
10685755	10685756	1
7574806	7574853	1
11757680	11757679	1
10311207	10311230	1
796127	796132	2
11782767	11782768	1
3466383	3466384	3
12617581	12618452	1
1609748	1609747	1
11816820	11816748	2
11722314	11722313	1
10758667	10758668	2
11357902	11357901	1
11584436	11584441	1
11878212	11878211	2
11177607	11177608	1
643987	643988	1
8394495	8394487	1
1871897	1871898	2
2649011	2649032	2
9007229	9007230	1
824709	824710	2
10743449	10743451	1
1275486	1277725	3
5129532	5129568	2
11014398	11014397	3
373184	373164	1
6433153	6433154	3
3137844	8042652	1
11816749	11816684	2
5556223	5556240	1
7770168	7769871	1
4204046	4168790	1
10570863	10570852	1
10223859	10223860	1
6904559	6902839	1
6846140	6846143	1
1322751	1322752	2
427629	427630	1
6961426	6961423	1
1442788	1427849	1
3823587	3823588	1
6128906	6128909	1
7840647	7841704	2
6358354	6358279	1
9495499	9495500	1
8395314	8249879	2
9377663	9377664	2
11383098	11383077	2
681561	681562	1
1269076	1272132	2
7566461	7566464	1
5961080	5961079	2
7958569	7958570	1
8305429	8302584	2
8702443	8702447	1
1474905	1474906	1
11620371	11620126	1
7829208	7826739	1
1693019	1705673	1
2090743	2095204	1
10604539	10604540	1
9376457	9376458	2
4599815	4600991	1
4783811	4783814	1
10596083	10596170	1
7577838	7577837	1
1571933	1571938	2
1939958	1939938	1
9653862	9653880	1
3878915	3878338	1
4293754	4294729	3
2221837	2221838	1
6072174	6072173	1
5631164	5631150	1
7135	7120	1
8837963	10648104	1
364165	363402	1
799953	799922	1
6070123	6070124	1
9798615	9798616	1
7964988	7964745	1
939943	939944	1
5013389	5012245	1
10912357	10912358	1
6823626	6823625	2
7384409	7384410	2
213206	212770	1
4053077	4053078	1
5915878	5715321	1
1468487	1468484	1
8762218	8762228	1
1843045	1843046	3
10625286	10625140	1
10737226	10737225	3
6636319	6636320	3
11582658	11582674	1
10027081	10027034	1
10694962	10697073	1
7701822	7701821	1
5457142	5457141	1
10391379	10388250	1
12564437	12564837	1
11355563	11355558	1
4399681	4399684	3
9688114	9688113	1
3489	3490	1
8507674	8504829	1
6495436	6495452	2
1150782	1150781	2
1634872	1634871	1
10813260	10813259	2
9126901	9126902	1
2974247	2974191	1
2944246	2944245	1
11267564	11267065	1
1050728	1050727	1
12035088	12035087	1
4527033	4527034	1
11901294	11901785	1
5193756	5193755	1
1732689	1731356	2
8352558	8352261	1
1320603	1174479	1
11817472	11817477	1
1136124	1136129	1
9819387	9819378	2
10604541	10604553	1
6442860	6442859	1
2503477	2503643	1
12024846	12024845	1
3956066	3956083	1
10837320	10837319	1
876537	914673	1
5953890	5955038	1
11910003	11910004	2
2895541	2895523	1
1987480	1988390	1
3090464	3090463	1
1457117	1457114	1
5500073	5500068	1
10378666	10378692	1
949181	948315	2
2600947	2597872	1
4527035	4527036	1
9078695	11933899	1
6573520	6573517	4
6875923	6866710	1
2845294	4471811	1
7426604	7426603	1
2119919	2119924	1
3670707	3670708	1
11124256	11124255	1
8749101	8749102	1
190852	190851	1
10579000	10580716	1
3033946	3033945	1
1412229	1412230	2
3463049	3463050	2
11357862	11357903	4
8977289	8979643	1
699119	699120	1
2712834	2727562	1
1831900	1831897	3
9430426	9430425	1
7231995	7232244	1
5460684	5460683	1
11762296	11764841	2
1660937	1660934	1
872654	873785	1
4543097	4543087	1
2840419	2840337	1
11283235	11283236	1
1252656	1253652	2
4165795	4165798	4
10803540	10805925	2
2119923	2119924	1
3136568	3136567	1
7528050	7528553	1
1681396	1681403	1
109587	110535	3
10097463	10097426	1
9326769	9326770	1
1887369	1887370	1
2323206	2321516	1
10260722	10260733	1
4317826	4317821	2
10724288	10724287	1
1924382	1924381	1
4051503	4053076	2
10353637	10353624	1
3971653	3971654	1
1530326	1530325	2
8554389	8554392	1
271672	271671	3
9905069	9905070	3
7913014	7913013	1
2865394	4935699	1
6623532	6622904	1
10810783	10810784	1
3599868	3599904	1
2017641	2017642	1
2260489	2260490	1
10679852	10683662	1
6313899	6314158	1
10545764	10563141	2
2237335	2237933	1
6302716	6302715	2
4076047	4076048	1
10562352	10562811	3
11247441	11247442	1
10159863	10159761	1
2215175	2215176	1
1410625	1493877	2
8403264	8403329	1
1984202	1984201	1
9644213	9644209	1
1228852	1228851	3
2921972	2673232	1
10217735	10217730	2
11718392	11722315	1
6353829	6353771	2
5624754	5624753	1
6844961	6844963	1
953376	953375	2
294879	1485689	1
5618141	5618142	1
10953964	10953963	1
12684455	12684456	2
1062691	1062510	2
1611943	1612502	1
2235177	2235789	1
4600984	4600983	2
806287	802492	1
9078289	7942204	1
2563002	2562426	2
8823469	8823470	1
8516428	8473693	1
11014396	11014351	1
91498	91497	1
1528905	1528754	1
10569882	10569853	2
9154577	9154578	1
10073157	10073150	2
10254985	10258440	1
5129859	5130321	1
10244420	10244419	2
11910001	11910002	1
5932329	5932330	1
9987626	10070524	1
6617279	6617280	2
9395807	9395808	1
11759596	11759593	2
2232215	2145895	3
10252959	8294026	1
6846140	6846145	1
326399	330044	1
2621501	2621502	2
3007540	3007574	1
10770458	9967762	2
10167784	8190781	2
4642098	4642097	1
4341085	4341086	1
8608439	8608440	1
10552128	10552127	1
10506602	10506630	1
11530008	11530072	1
7951369	7951370	2
7287008	7285911	1
7529159	7529160	2
109586	109585	1
5427160	5427159	1
10126722	10126719	1
11811551	11811557	1
4834827	4834828	1
4839633	4839634	1
10933214	10933217	1
8772687	8772507	1
9705389	9705411	1
2247520	2247495	1
6256323	6256292	1
3686364	3686361	1
5140595	5138825	1
10586612	10586611	1
3868212	3868211	4
7958571	7957320	1
3046661	3046662	1
4822030	4822029	2
4112035	4112033	1
618702	618959	2
6559888	6559872	1
7954819	7954772	2
5578325	5578326	2
9786758	9786757	4
10477609	10477610	3
2603681	2603678	1
599780	599779	2
11911573	11911574	1
8394495	8394496	2
11225228	11225227	1
10483412	10483411	1
6848115	6848100	1
8773446	8773254	1
2994106	2993702	2
5142700	5142699	1
8608438	8608341	1
3107062	3107061	1
4387661	4387662	1
3472704	3472703	1
4876728	4876727	1
2168132	2168131	1
10710258	10710257	2
7942203	7942204	3
1084323	1084319	1
2135875	2135897	1
7609812	7609846	1
10328350	10328349	1
10837322	10837321	2
1375872	1375871	1
1554695	1554696	1
9356949	9356952	1
3430736	3430690	1
781916	781915	1
8735459	8738076	1
6959104	6959026	1
7742	9089	1
10810627	10810784	1
781914	781913	1
1228852	1228849	2
1445020	1445019	1
671568	671403	2
8510926	8510924	1
6372238	6372255	2
6336320	6336362	1
5969322	5969321	1
3425557	3425558	1
6028691	6028692	1
2633379	2633148	1
2475971	2475972	1
1942887	1935834	1
1134744	1135060	1
5288364	5288367	1
7192649	7192652	1
9580650	9580476	1
7983298	11108370	2
2435700	2435699	1
9999339	9995944	1
5949238	5949237	1
9379092	9379080	2
4745976	4745975	1
9959622	9959625	1
3888562	3888599	1
1251356	1249645	1
9115863	9115864	2
11003064	11003008	2
3033950	3033949	1
7179274	7177271	1
10556717	10556744	1
11526069	11527191	2
3940656	3940655	2
7964189	7964190	1
9334502	9334501	1
11815464	4023719	1
11427112	11424007	1
6283598	6283601	1
10027868	10028533	1
6738300	6738299	1
7929075	7929076	2
8462308	8462305	1
6581425	6581426	2
8919955	8919956	2
12786890	12785074	1
346972	352862	4
5940997	5949451	1
3098274	3098271	3
1982636	1985955	2
10447526	10447525	1
6798559	6798560	1
5540159	5540068	1
11011260	11011398	1
625708	625707	1
3047844	3047843	1
1112460	1112459	1
1664829	1665587	1
678347	678348	1
7745750	7745752	1
116530	121314	1
4654843	4655454	1
2818716	2818715	2
2072622	2072621	2
5373195	5373187	1
9083313	9083316	2
1112462	1112461	2
4925651	4925687	1
181155	7245764	2
300593	300594	1
10977845	10977841	1
6060981	6058045	1
7611176	7611175	1
2092248	2092247	1
11106683	11106684	2
11536326	11536314	1
5415758	5415753	1
8969967	8969968	2
3951151	3951152	2
1362151	1362571	1
8831226	8849092	2
6350694	6350262	1
2356224	2356247	1
10411635	10411636	1
6617281	6617391	1
2321519	2321520	1
1698692	1698691	3
6205775	6205776	1
10930137	10930140	1
1733863	1733864	1
678618	678601	1
8596670	8596669	1
7247683	7247684	3
5406531	5406534	1
6710290	6710293	2
12447194	12447193	2
8554502	8554499	1
405562	405515	2
10886603	10886702	1
5738993	5739568	1
12736587	12732164	1
8554391	8554392	1
2961054	2873211	1
9959626	9959623	2
11532428	11574547	3
10770011	10770012	1
3045825	3045826	2
4652866	4652865	2
1845772	1845771	1
1354062	1354061	2
1303918	1303152	1
4559080	4559108	1
10074803	10075694	2
2665957	2665950	3
9333824	9330676	1
11707581	11707584	2
1103896	1103298	2
12558999	12637734	1
9704024	9708054	1
9713436	9712258	2
1939809	1943175	1
11968133	11965584	1
936682	936681	1
8211382	8209477	1
6922725	6921636	2
11370013	11370029	1
10854856	10854904	1
1508531	1510494	1
1630991	1630992	1
11918910	11918905	1
6075988	6068137	1
4062411	4062412	1
6455427	6455498	1
403663	403660	1
8870401	8873661	1
7191295	7191296	3
5313894	5313893	1
7841705	7841708	1
6690675	6694793	4
10450191	10450193	1
10648105	10648106	1
4454824	4454823	1
2378590	2378589	2
11530010	11530009	1
7913012	7912781	2
2698101	2698102	1
3873145	3873146	1
10095320	10095319	1
1399371	1399347	1
7840647	7841708	2
6127586	6123898	1
5518416	5518393	1
5883278	5836463	1
5152646	5152634	3
6823628	6823627	2
2101260	2101259	1
7210	7199	1
3519052	3501887	1
1645023	1645024	1
1512424	1550587	2
2119001	2119002	1
8716291	8715656	1
1430850	1430844	2
4670495	4671550	1
8218833	8219315	3
5113604	5115554	1
5694579	5708873	1
8309884	8310052	1
6314943	6314944	1
7567028	7567027	1
11932716	11932691	1
10254527	10254528	1
359609	359610	1
379922	369694	1
8258870	8258874	1
10621620	1633915	1
11623597	11574382	1
6343610	6343609	1
8806927	8806823	1
11775387	11775388	1
10828178	10828177	1
6539371	6539372	1
9647393	9651050	1
7080067	7128351	1
2017641	2017707	1
8297140	8296361	1
9845276	9845274	2
12634859	12634860	2
7446446	7446449	1
1389732	2673707	1
2877307	2877310	2
7384344	7384408	3
3928309	3928777	4
9712670	9712673	1
11285616	11285615	1
5134052	5134092	2
909048	909047	1
12296336	12453298	1
4314069	4314070	2
6584486	6584883	1
6267296	6267316	1
10625141	10625142	1
4957224	4957223	1
11885774	11885758	3
9619124	9619123	3
4990646	4993861	1
7264715	7409111	1
10581837	10581838	1
6636317	6636318	2
9190804	9191847	1
8507720	8507719	1
8574846	8575678	2
6014260	6014259	1
282064	282116	2
6354341	6354342	1
10187197	10187559	1
6879060	6892837	1
11911963	11911958	1
4756591	4756592	1
12667443	12667435	1
996783	995365	2
3697537	3697541	1
4709509	2345917	1
5457923	5457852	1
4065056	4065734	1
129373	129739	1
40799	40815	1
10477606	10477613	1
960215	6902426	1
8302140	8302139	1
6032118	6032117	2
11184920	11184744	1
10095317	10095318	2
10166540	10166508	2
2105657	2105658	1
11606114	798137	2
6170387	5893660	1
7781248	7781287	1
8072293	8072294	1
8819350	8819337	1
3583559	3583560	1
4412365	4412366	1
10541772	10541966	1
2462484	2461516	1
8827306	8826682	1
1942885	1942886	1
3616024	3616027	1
11112836	11112835	1
320996	320995	1
5626711	5626712	2
6028022	6028021	1
5291892	5291071	1
3097055	3131085	1
5914858	73147	1
4107954	4107460	1
3880639	3881458	1
5962954	5962957	1
10698154	10698151	1
5088334	5087186	1
2859755	2995032	1
770146	757909	1
8969853	8969966	2
5673539	5673917	1
5142702	5142701	1
5348183	5348184	1
6764331	6670831	1
2348488	2348444	2
4587072	4587081	1
4261893	4260212	1
8244458	8242625	1
3354266	3354632	1
3800722	3802469	3
3758907	3758893	2
12780141	760937	1
763278	763277	2
2316488	2316064	1
4219866	4219882	1
3066484	3183791	1
11299448	11299434	1
4316458	4316545	2
3617434	3617433	1
11909288	11909272	1
2119919	2119922	2
10484556	10484554	1
1355168	1354065	1
7774323	7774324	1
8217826	8217822	1
2614344	2614341	1
6959027	6957215	2
7904744	7904743	2
6123901	6123902	2
8391723	8391726	1
8690905	8690906	1
2237335	2237935	1
6991404	6991403	1
3740003	3740005	1
6957590	6956362	1
435161	435185	1
4407024	4407191	1
7648003	7648103	1
11924390	11924395	1
1047668	1047667	1
8998100	8998023	1
1062000	1061999	2
10810627	10810782	2
2431533	2431534	1
478365	495740	1
5910100	5910096	1
12236793	12236451	1
10460236	10460292	1
10131541	10131462	1
6354343	6354344	1
4302329	4302330	1
11574546	11574512	3
9867576	9867575	1
4834331	4834033	1
4833865	4832896	1
9999391	9999397	1
1228848	1228847	3
10400546	10400545	1
2514147	2334489	3
2594008	2594007	1
94945	1369107	1
7284010	7284082	1
1723351	1723335	1
1939809	1943177	1
11465711	11465712	1
10987655	11023504	1
519958	520197	2
10827032	10826826	2
11085379	11085380	1
12634857	12634858	2
10411480	10411474	1
9806777	9806793	1
1557512	1557511	1
3881878	3881871	1
239961	243666	1
2899402	2899401	1
6213648	6213662	1
12368852	12368845	2
7547418	7547417	3
258848	258995	1
3626793	3626794	3
2212661	2212662	1
6698088	6698097	1
8886597	8886618	1
4785290	4651509	1
2299824	2299414	1
9804165	9803892	1
1947556	1947856	1
11293114	11293113	2
4412689	4412690	1
11650052	11343665	1
7494410	7494311	1
5457791	5457360	1
7754891	7753446	1
149462	149698	2
4875942	4867798	1
9870350	9870302	2
1050006	1050005	2
4830942	4830939	1
91637	102646	2
6125513	6125518	1
8369507	8369502	1
3702557	3876627	2
9695577	9695578	1
8266118	8258621	1
8812021	8812022	1
2473530	2473994	1
2692080	2692075	1
1550130	1550127	1
683735	683736	2
5821710	5821718	2
10284639	10284640	2
5408372	7429219	2
1275486	1277721	1
203561	203562	2
2869840	2869839	1
10368636	10369107	3
7906875	7906876	1
10623608	10624069	1
10799833	10799807	1
4822034	4822033	1
5129532	5129570	3
5734018	5734017	2
4601140	4601049	1
7231550	7230264	1
11029161	11029385	2
956728	956727	4
6072176	6072175	1
1693375	1693376	2
10616426	10616425	1
6619548	6619547	1
7262521	7262522	2
8249878	8249877	1
1050154	1050153	1
6070122	6070131	1
2162367	2162368	2
6354551	6354552	1
2469124	2457176	1
11428261	11428262	1
8812021	8812026	1
4520905	4520934	1
9452066	9452059	1
3824957	3825262	1
7049707	7049708	1
7767184	7768551	1
1984200	1984199	1
10474234	10474233	1
11769639	11769642	3
11265244	11265243	2
1049188	1050724	1
7423778	7423777	2
4781200	7370546	1
7018664	7018663	1
3118986	3121152	1
10513505	10513506	1
8898327	8898559	1
1552355	1552307	2
1354064	1354063	1
4241983	4241984	3
2614346	2614345	1
5129722	5129721	2
5564927	5564928	1
6782388	6782387	2
4142881	4142897	1
8051311	3101800	1
3539247	3539180	1
6535190	6535189	1
597635	594680	1
10089205	10089206	1
1994881	1994882	1
3218069	3218070	1
6014949	6015127	1
1845983	1845986	1
11984529	11984530	1
10357736	10357735	1
110534	110533	3
8395316	8395315	2
7512583	7512193	1
6354551	6354547	1
7701831	7701821	1
1551480	1551479	1
5424980	1390419	1
8960032	8960031	1
2555871	2558249	1
4317822	4317821	2
3013612	3013301	2
188886	3488	1
11157524	11157527	1
2140921	2142514	1
1279058	1279039	1
7446449	7446450	2
11816822	11816821	2
5154409	5154494	1
4165799	4165800	3
9315222	9315221	1
5134054	5134053	2
6605470	6605469	1
8154414	8154176	2
8747481	8748102	2
1282355	1283106	1
9078159	9078288	2
1842451	1841549	1
3048131	3046938	1
7929073	7929074	2
11825335	11825328	1
10941771	10941772	2
5961078	5960980	2
5530786	5528592	1
5132803	5132804	1
4545642	4545641	1
193482	193681	1
1150788	1161909	1
4240770	4240767	1
2815412	2815411	2
11122272	11122356	1
6790615	6791812	1
1618187	1618190	1
9725485	9724237	1
10179127	10179128	1
8738151	8738930	1
5967025	5967009	1
891432	891431	1
178126	178125	1
4314071	4314074	2
9150252	9150200	2
1300007	1285140	1
9465460	9465759	1
3719591	3719592	1
4826562	4826728	1
5984567	5984568	1
2547039	2547040	1
529052	529044	1
7262517	7262518	1
6962081	6961112	1
2944246	2944285	1
346666	346673	2
11869993	11869961	1
9299993	9299974	1
7825154	7826230	2
2123490	2123493	1
5415754	5415753	3
6848116	6848115	1
8840470	8813197	1
4811315	4811316	1
5317271	5316365	1
2563233	2563217	1
9229014	9229006	2
607068	607067	1
6123899	6123900	2
4831245	4831246	1
2872782	2872781	1
12812058	12812057	1
375278	375337	1
991001	990995	1
7921452	7920822	1
8091183	8091184	1
10400550	10400549	1
7921634	7920822	1
10419379	10419466	1
5350278	5350212	1
10570853	10570854	1
7746058	7746055	1
6346479	6348835	1
7240319	7895227	1
8809850	8809854	1
1557507	1557513	1
10357145	6312691	1
11778300	11778303	1
10947224	11036424	1
8502315	8502316	1
10192341	10192342	1
5578323	5578324	1
7031300	7031537	2
6778249	6778176	1
7643432	7644025	1
9078159	7942202	1
3778636	3774689	1
2378594	2378593	2
10479869	10478210	2
9502992	9504968	1
2998962	2998974	1
7721171	7721258	1
838407	838438	1
2100447	2099533	1
2162365	2162366	3
10715738	10714082	1
12801785	12802674	1
11132399	11141488	1
751616	749248	1
201865	201866	1
1277724	1277721	3
10927308	10927305	2
2348670	2348646	1
8375087	8375091	1
10493717	10493718	2
5729515	5729516	1
3760043	3760046	1
6193800	6193797	1
2649009	2649032	1
8493220	8493219	1
3078391	3074561	2
9329103	9329025	1
1828968	1829257	2
8596198	8596671	1
7007196	7007193	2
7412088	7412040	2
2133869	2133870	1
9718536	9686459	1
1336117	1336118	1
6270276	6270274	1
3926772	4057519	2
6193798	6193797	1
782212	784237	1
1472407	1472408	1
3071882	3071879	1
11944374	11944373	1
6688349	6688291	1
1328096	1328259	1
9334502	9334499	1
16801	19247	1
7460523	7460647	1
2163128	2163127	1
168716	167836	1
2761943	2762365	1
1038675	1038676	1
8612042	2147759	1
9242299	9242300	3
4588507	4588510	1
1481246	1480470	2
4581146	4581145	1
375374	375402	2
6848118	6848115	1
12043454	12043453	3
2259301	2259307	1
5272430	5272429	1
2399534	2399533	1
8642159	8642160	1
7426604	7426601	2
9886017	9886018	1
9015999	9016606	1
6219575	3449515	1
1726740	1726136	1
11720430	11720437	3
6551054	6549254	1
5415758	5415755	1
8622842	8622841	2
5215425	5216162	1
8847941	8849477	2
6846133	6846129	1
7460521	7460522	1
6352155	6352156	1
8638788	8638783	1
2168134	2168131	1
5641013	5643912	1
2868731	2868758	1
5439776	5439775	3
2462213	2462214	1
711648	711628	1
251381	251382	1
1197579	1197580	2
11680045	11680046	4
6394218	6394217	2
5315160	5315159	2
8169510	8165132	2
9591472	3817633	1
11563411	11563412	1
6895579	970343	1
7242559	7232953	2
1728949	1731752	2
271679	271673	2
2101258	2101197	1
11019643	11028314	1
7978252	7977416	2
12030047	12030330	1
4293754	4294731	1
9518802	9518567	1
11826418	11826417	1
1169872	1169870	1
1368538	1368534	2
5335417	5335418	3
4372981	4374007	2
4839635	4839636	2
8635962	8636809	1
2187810	2187809	1
10586536	10587581	2
10045514	9969535	1
7687287	7687288	1
3900745	3900758	1
10232182	10232185	1
10769993	10770010	1
2331499	2331500	1
1552190	1554694	1
10332823	10332824	5
294877	1485689	1
10584299	10584295	1
8418349	8418112	1
10126720	10126719	1
5315290	5315289	2
1579219	1574666	3
5645945	5645956	1
2514145	2514146	3
6724175	6722283	1
7314581	7312199	3
5129569	5129570	2
6696935	6696932	2
315177	315178	1
722926	719521	1
8812023	8812026	1
4032724	4032723	1
616017	616018	1
3569019	3569256	1
11338582	11338573	1
2072624	2072619	1
11332415	11332416	1
1559416	1559415	3
3576431	3576432	1
3098272	3098271	1
8302583	8302584	2
8067595	8067596	2
3142769	3142770	2
6478667	6478668	1
10444486	10444493	1
4723481	4723505	1
5283692	5283708	1
2156679	2157276	1
12161949	12162339	1
587711	587714	1
7921450	7920822	5
11652353	11652354	1
9115867	9115868	4
5699537	5698919	1
4778049	4778050	1
3472702	3472701	1
10641853	10641854	1
12684453	12684454	3
3736091	3737095	1
12414727	12414728	1
3163899	3163902	1
2332614	2329480	1
11287547	11286834	2
10604537	10604538	2
11652355	11652356	1
7767184	7768553	2
5916484	5916483	1
10184016	10184911	1
5058858	5058957	2
6812975	6813293	1
7974118	7974142	1
11885759	11885760	2
11197100	11197099	1
3077117	3077106	1
3617424	3617435	1
2949712	2949709	2
4104724	4104723	2
11817476	11817473	1
743871	743866	2
10651417	10651418	1
8184469	8184470	1
9621642	9621522	1
5419591	7430015	1
147179	146500	1
4262718	4262606	1
2644042	2643942	4
8909815	8909816	1
6258128	6258127	1
15386	15381	1
5415758	5415757	1
9073593	9073577	1
2165982	2210725	2
3760041	3760042	1
9672430	9672429	1
10710254	10710253	2
4600982	4601018	2
2092242	2092241	1
7153528	7151565	1
1166721	1167962	1
6632665	6632489	1
11365283	11365284	1
6033482	6038807	1
8185677	8185678	2
3004778	3004363	1
8600191	8600194	1
4581633	4581634	1
9938365	9924946	1
9115861	9115864	1
502019	502020	1
4018855	4017822	1
599778	599777	1
11867748	11866227	1
1633929	1633930	2
1747181	1747182	2
11228437	11228438	1
9395716	9395715	1
1285223	1285224	1
6607047	6605471	2
4999817	4999818	1
9083317	9083318	2
3799937	3799938	1
5363074	5361477	1
5802859	5801067	1
11545729	11545722	1
3071886	3071879	1
11923416	11923605	1
2082614	2082590	1
1609742	1609803	1
9419736	9419746	1
2644044	2644043	4
3761127	3758228	2
7951375	7951368	2
9359894	9422390	1
2319783	2319780	1
12529595	12529596	1
9052651	9189024	1
7978254	7978253	2
3605086	3605085	1
5246836	5246835	1
10616937	10616960	1
8296360	8296359	1
9692976	9693437	2
694438	694449	1
9586350	9586347	2
6032116	6032109	2
6023858	6023793	1
11201384	11201282	2
3598537	3598530	1
2420597	2420598	1
7527713	7527714	1
6802434	6802433	1
