fend1	fend2	count
6030106	6030105	3
1196173	1200821	1
12205140	12205062	1
11200514	11199614	1
965370	965587	1
3139353	3122682	1
8784676	8784971	1
1145247	1145248	3
8878403	8878404	1
12004678	12011321	2
5245033	5247640	2
12336153	12336219	1
11893375	11893376	3
8168797	8168798	1
6871058	6871057	1
11853289	11853290	1
5984129	5984130	1
1716698	1716688	1
4611000	4610999	2
11664761	11664762	1
5816886	5816883	1
3717040	3717039	2
12731264	12731703	1
10133526	10133525	1
8225186	8221621	1
7995661	7995662	1
11420685	11420686	1
368529	369326	1
12281246	12281242	1
2175597	2175598	1
5960901	5959049	1
8032217	8032213	1
1008001	1008002	1
1582658	1582657	3
7702836	7703341	1
3915863	3922166	2
5336470	5164691	1
7427159	7427117	1
5894890	1132869	1
5145706	5145705	1
11249250	11450343	2
1654797	1654062	1
7248150	7248109	1
3422350	3421599	1
11522450	11537522	1
8578614	8579134	1
972712	968328	1
1136636	1136616	1
5633302	5631154	2
3007529	3010687	1
1041133	1041134	1
2508469	2508470	1
969675	967564	1
11250822	11250828	1
1957641	1957644	1
3152561	3152556	1
4555049	3937681	1
11315100	11315099	1
906790	906789	3
162694	162693	3
11500174	11500173	2
6311007	6311008	1
7354532	2632084	1
268472	268471	2
10137944	10137943	3
10093017	10092602	1
8573919	8573895	2
1034069	1034086	1
9775448	9775447	3
11883852	11883851	2
1383409	7258462	3
3622295	3622298	2
844104	843390	1
11966030	6086628	1
7381643	7381617	1
2122461	2122456	1
1881413	1881414	1
5674322	5405644	1
6168062	6161558	1
915588	915587	1
9851880	9851879	1
2639845	2639848	1
11005795	11006845	1
8917779	11182415	1
1499764	2464645	1
1029756	1029753	2
2092644	2092643	1
12779148	12779147	1
9313958	9424677	1
3566047	3566064	1
489776	489775	1
1161821	1165942	3
7424856	7424853	1
9327760	9327511	1
3508259	3508167	1
12605563	12601151	1
1719379	2376625	1
5351517	5351574	3
4676395	4676396	3
11784177	464661	1
1421306	1475259	1
628391	555338	1
12477611	12477612	1
2920533	2924144	1
7645284	7645319	1
7267815	7270310	1
4639989	4639990	1
4624461	4624462	2
705343	705185	1
7555238	7555231	3
12014540	12254105	3
8545557	8545558	1
7245375	7245376	1
7895332	7895379	2
6584157	6584293	1
8434248	8434247	1
12740861	12617110	1
2106449	2106450	1
207822	211776	1
8322948	11046354	2
1510376	1265292	1
3565541	3566407	1
3505297	3505298	2
7399641	7399642	1
2788073	2788074	1
7000920	7000930	1
1505515	1505516	2
10435496	10435495	2
8184345	8184346	1
341317	337981	1
7299000	7298001	1
6188465	6185137	1
10186260	10182098	1
11438101	11438102	1
10015233	10015238	2
1189976	1189975	1
3455828	3455827	2
4548217	11398532	1
5657472	5653074	1
2448640	2448637	1
667761	666845	2
10275791	10275792	1
11938945	11938946	1
541070	541069	1
2211726	2211720	1
4879979	4879980	1
7001204	7000305	1
11274405	11273734	1
3499965	3499966	2
10319407	10435530	1
7256326	7256325	1
4002173	4001839	5
11770565	11770566	3
6769663	6769664	1
4422570	4424368	2
6122472	6122471	1
3484155	3851767	1
4364636	4143344	1
1784989	1786882	1
11054233	11054291	1
11021553	11021554	2
9793941	9793942	1
3428559	3428560	1
6024394	6024389	1
1584101	1584102	1
1615148	1620953	1
1549992	1549991	1
6267199	6267200	1
11426127	11426128	1
5429160	5429157	1
4201206	4201226	1
7102237	7102168	1
6475540	6475535	1
10446202	10446201	2
12721194	12713875	1
9248401	9248365	5
841389	941880	1
11997109	11999430	1
6109833	6111252	1
4285113	4285958	1
9691509	9691510	1
4723515	4722305	1
9550277	9550278	1
5824376	5824375	2
2145423	2145428	1
808052	808068	1
6420811	6422381	1
3942737	3942738	1
10074591	10074592	1
10018267	10018251	1
8664181	8664313	1
9915582	9915581	2
2813550	2813549	1
5088811	5041866	1
970790	970802	2
7621933	12305635	1
1122802	1122799	1
12124031	12124045	1
1231529	1231530	1
6002508	6003136	1
10491649	10490619	1
8381664	5528409	1
320407	320408	2
1670225	1670226	2
2448640	2448639	1
3662290	3662289	1
10310797	10310812	1
3862369	3862370	1
3785642	4810335	2
3974495	3974882	1
7439771	9947637	1
3710145	3710146	2
10464005	10462185	1
4723486	4723489	1
1789794	1789793	3
8697463	8704317	1
1588168	1573268	3
11592104	11592103	1
9980136	9980133	1
6085120	6085179	1
623857	623858	2
487674	487671	1
1666723	1666690	1
4413032	4413029	1
6533847	6533848	1
5781838	5781837	2
10707743	10707687	1
8651276	8651262	1
5200832	5358192	2
5722647	5722648	1
5538140	5538139	2
4741885	4741886	1
6538888	6740891	1
7642836	7642835	1
8567331	8567332	1
1953527	1953528	2
9984920	9984918	1
4694818	4850344	1
10571719	10571720	1
4101673	4101674	2
11185270	11185269	2
4533835	3463640	1
1524433	1524434	1
7056373	7056374	1
650643	650644	1
6362988	6363484	2
1445759	1445809	1
7793573	7794194	1
11234947	11234928	1
3394311	3394048	2
8574113	8574114	1
2661600	2661599	3
1782827	1782863	1
7627306	7627382	1
10896213	10896227	1
4186554	4186553	3
199502	199501	3
9843286	9843295	1
1062578	1062634	1
9048419	9049058	1
9180790	9180789	1
7772189	7772190	1
11044309	11044310	1
11087435	11087182	1
3723890	3723887	1
2365762	2367512	1
5898779	5898782	1
7739689	7742798	1
10765736	10765735	1
1670227	1673220	1
12242850	12244500	1
1333798	1333797	1
5883904	5883916	1
11407820	11407823	1
3108318	3108317	1
5989298	5989295	1
4940537	4940540	1
8090049	8095015	1
9881447	9881017	1
7428637	10296349	1
3127055	3127056	1
9301508	9293403	1
4233197	4233198	4
12204697	12204707	1
7477629	7477630	2
317102	317099	1
8303621	8303622	1
972007	968265	1
9999707	9999897	2
2740594	2738612	1
2339973	2339974	1
9654786	9654785	1
8334372	8334369	3
5188535	5188538	1
11860792	10775206	2
7435617	7435618	1
2357594	2378592	3
6201403	6201406	1
11461779	11461780	2
9972177	9976104	1
7959625	7959628	1
12457053	12457054	1
6729228	6729227	1
4623617	4623618	1
6432287	6432332	2
8088087	8088088	2
4984286	4982340	1
1945849	1956441	1
2106942	2106937	1
1883570	1883567	1
7265423	7265424	1
9787997	2378592	1
10635420	10635419	2
10507841	10507853	1
8573920	8573890	1
11540302	11541615	1
6450334	6450333	2
8790237	8786109	1
6934743	6934744	1
3483265	3483251	1
4347461	4348506	1
5335651	5335654	1
10318806	10318805	2
2189646	2244071	3
2813713	2813714	1
10976936	10976933	1
2232476	2232475	1
1238300	1239854	2
5156073	5156074	3
2897531	2889335	1
1450504	1450543	2
10141558	10141557	1
10508438	5381707	1
6860085	6860086	1
5894892	5815510	1
12333216	12339632	2
8554769	8554770	3
1458733	1458734	1
5316804	5317011	1
6784482	6784481	3
1611877	1611878	1
8103981	8102444	1
4522917	4522918	1
1582660	1582659	3
9242394	9233802	1
10879744	10879743	1
223231	223232	1
9085322	9085303	1
8178693	8178728	1
4109346	4109322	1
2857122	2856959	3
8967208	8962465	1
8362232	8361511	1
3645974	3645971	2
3754735	3627196	1
5517447	5517448	1
3856819	3856824	1
12056092	12056091	1
3544972	3544971	2
4857195	4857196	1
6125360	6125348	1
7222056	7222055	1
4389434	4389648	1
8826341	8825766	1
6587960	6587975	1
8762211	8762214	1
10234351	10234370	1
740338	740337	2
11927703	6348584	1
11403257	11403393	1
2511397	2511398	1
10438576	10438992	2
9802672	9802671	1
1158673	1157956	1
7363736	7369169	1
2419219	2419216	3
5508949	5517444	1
801750	801749	3
9553127	9553128	2
5784686	5784697	1
7250498	7250497	1
574021	574037	1
3053788	3053787	2
3053231	3053232	1
11920163	11920164	1
9676303	9677096	1
1941553	1941556	1
903638	624635	1
12205405	12201923	1
5611797	5611798	1
8505409	8505410	1
436093	436094	1
7591623	7588892	1
7612738	7612737	1
1474339	1474380	2
11177081	10976186	1
12244684	12243600	1
8301715	8342145	1
2265603	2263008	1
7203777	7203775	1
3669101	3658738	2
3197010	3198577	1
1007997	1007998	1
10249330	10248923	1
8378895	8380561	1
4672541	4672542	1
392252	392249	1
11923989	11923990	1
845137	845142	2
1789792	1789791	2
8829582	8828921	1
4435875	4439850	3
8100628	8100478	1
518130	4117045	1
3133763	3133764	1
8269192	8269155	2
453783	462462	2
6122439	6122440	2
1134082	1134076	2
9061220	9061219	1
7045253	7045142	1
3662583	3667466	3
2593794	5376353	1
12427717	12403382	1
622335	622345	1
5357655	5357739	1
12464234	12465582	1
12056090	1992985	1
10502650	10504711	1
7286767	7426887	2
9103812	9103810	1
4741918	4741917	1
650645	650646	1
11956041	11958233	1
38611	37302	1
6498647	6498677	1
810612	810609	2
10479808	10479801	1
4640319	4640320	1
6970046	6970045	2
2510925	2500577	1
6624576	6624575	1
9782535	9782536	2
7892599	7892600	1
10275793	10275807	1
4233459	4233196	3
9620561	9620562	2
8918668	8917079	1
5879876	5879875	1
9515546	9578380	1
1212621	1212622	2
6171123	6171124	2
12742797	12746207	2
11166838	11166820	1
5969795	5425307	1
12567858	12567866	1
12044511	12044489	1
1205940	1205795	1
5850810	5850809	2
7899749	7899752	1
114696	114695	1
12723645	12610289	1
6683042	6683039	1
6194233	6194234	3
10252543	10252551	1
11529446	11440513	2
505419	505420	1
25389	50772	1
1549992	1549989	1
6849881	6849882	2
7260337	7260338	1
4386442	4387406	2
1665755	1666223	3
1659193	1659194	1
6656402	6656932	1
10395515	10395518	2
9715170	9715169	1
4752425	4752909	1
2140639	2140640	1
4685723	4685724	1
1848453	1848454	1
2518030	2518022	1
10663688	10663685	1
4109203	4109881	3
6224523	6224511	1
6432390	6432387	1
9014960	9014959	1
6267780	6267779	1
3103897	3130493	2
493348	6783703	1
914003	914081	1
11212052	11205184	1
12370293	12372063	1
985103	996922	2
2936616	2936615	2
10154095	10150107	1
8465075	8465076	1
751228	753388	1
4193481	4374618	1
5923439	5923440	3
4393251	4393254	1
9626141	9626144	2
2989504	2989503	1
1017638	1017637	1
4953906	4950462	1
11089429	6094923	1
11495691	11495692	2
1263600	1263599	1
5040604	5040603	1
12316748	12316747	3
7097660	7097659	1
3043149	3043150	3
6837722	6837721	2
2983407	2983408	1
5277941	5200687	1
10661305	10661306	1
2731089	2731090	1
2340438	2340433	1
7125334	7125655	1
120105	120106	1
4600658	4600657	1
8296683	8296644	2
9013324	9013329	1
1470968	1346456	1
8377324	8377322	1
11529718	11529717	1
3549153	3548928	1
1205356	1206429	3
10553810	10548663	1
2517435	2513154	1
5711998	5711997	1
8882653	8883038	1
5884639	5754432	1
4511998	4511997	2
9010283	9010284	2
6600929	6600930	3
996085	996086	1
10172127	10163350	1
1084898	1084912	1
8727692	8727622	1
11565685	11565674	1
9057712	9057717	1
4053853	4058541	1
6787967	6787968	3
11408185	11408186	1
5606706	5606705	1
1207224	1207157	1
6136759	6136797	3
3747474	3745460	4
8898115	8894996	1
809697	809700	1
5536520	11527254	3
6105893	5490669	1
11397961	11398488	1
7637923	7637924	3
162694	6458484	1
1348218	1348215	2
6090972	6091020	1
7426375	7426376	1
9258433	9258587	1
5878902	5880832	1
11866655	11866656	1
2667486	2667483	1
6787963	6787969	1
8635944	8635943	1
7460746	7547012	1
5440267	5440587	1
4141075	4141090	1
5964775	5964975	1
4243864	4243863	1
3737115	3736675	1
648314	649621	1
4381641	4381644	1
7245745	7081681	1
8417190	8417189	1
4619476	4619475	1
6908063	6910187	2
1763435	1763438	1
1126080	1128348	2
1754957	1754958	2
11542001	11542002	4
8044930	8044964	1
595745	605395	1
1347648	1348219	3
6858360	10740460	1
2605039	2352345	1
2340074	2340071	1
11109732	11111148	2
3025519	3027411	1
8390379	8390259	1
4472207	4484847	1
2812576	2812575	1
3198266	3051525	2
1327762	1328164	1
8007392	8007391	2
9418055	9418045	1
1338167	1344980	1
6930550	6930549	1
7739488	7755062	1
9239119	9239120	1
9668527	9696397	1
7155473	7152584	1
12601150	12601149	1
2368607	2368642	1
6657029	6655329	1
3645976	3645971	1
870500	871227	1
9797437	9798717	1
5352799	5354418	1
3917690	3918241	1
8664298	8664297	1
8706812	8706454	1
1568569	1568570	2
4538539	4538540	2
9373787	9374082	1
11022734	11022737	1
10421538	10421533	1
8974166	8974165	1
12121842	12121729	1
5835795	5835802	1
10408818	10409886	1
10410679	10410680	1
2130781	2131629	2
5718638	5718635	1
2635652	2635649	1
6189279	6192981	1
7033694	6522259	1
7675350	7675368	1
1804950	1804949	2
9523510	9523454	1
2228909	2228910	1
9849954	9850410	1
4433269	4433270	1
7778096	7778095	1
4318899	4318900	2
7764180	7745944	1
6488078	6488086	3
6481020	6481931	1
5925788	6733784	1
6822548	6822547	1
5286375	5121135	1
9633281	9633282	1
5047652	5047651	4
11315092	11311157	1
9466449	9466516	1
5873118	5874475	1
10554441	10554508	1
4133958	4141749	2
3511352	3511351	1
10860044	10860028	1
2338609	1454518	1
159986	159983	4
897061	897082	1
11521132	11523006	1
12259629	924908	3
6871056	6871055	1
864315	864316	1
9775620	9775557	1
887739	749897	1
887144	886803	1
3931287	3929473	1
11350059	11284913	1
5274450	5274445	1
4937569	4940875	1
3501747	3501003	1
4307663	4307650	1
5540215	5540039	1
1417690	1506028	2
7072962	10740769	1
9189466	9189465	1
11639818	11640002	1
6206653	6206654	2
8645201	8645202	1
8788622	8790562	1
7139491	7139492	2
8150578	8150620	1
5322255	5322356	1
5798417	5801743	1
11992574	11992576	1
6743071	6743072	1
4837735	4837736	1
4109268	4110477	1
8869283	8868992	1
5099593	5099598	3
10705447	10705448	2
11196898	11198462	1
2437879	2437882	1
1560130	1560129	2
7038358	7047008	1
6671845	6671846	3
1342037	1342038	1
8110233	8110256	1
10697592	10683756	1
9575151	3373471	1
1287740	1287704	2
8465726	8465725	3
9276875	7692225	1
7694390	7694389	2
5996567	6190252	6
6122474	6122473	1
5333091	5183084	1
7612738	7612735	2
5736645	5736650	1
3592478	3601613	1
4368830	4369775	1
5655808	5650470	1
7028469	7020491	1
8737168	8737143	1
7681980	7681979	1
5203488	5203487	1
3698196	3698195	1
767446	767445	1
9319566	9319563	1
496766	494244	1
6490945	6490948	1
11507463	11507464	1
9604575	9672537	1
4088725	4088726	1
3698185	3698186	1
11493412	11493407	1
8051903	3605480	1
6635209	6635212	1
1348214	1348213	1
4279576	4269071	1
8308621	8094690	1
1705479	1705480	1
7313741	7315422	1
11030421	11030432	4
170644	170643	1
10971178	10970303	1
5781834	5781833	3
7819912	7818476	1
9659336	9659369	1
7475785	7474734	1
2147175	2147176	2
8224011	8243941	1
229734	235422	1
1104325	1104326	2
1090302	1089260	2
6840508	6840512	1
6031466	6031449	2
11938943	11938944	2
2817588	2817366	1
1603916	1603915	1
7026345	7026164	1
12264205	12263426	1
3932072	3932071	1
4178668	4328765	1
5952244	5952243	1
4292176	4293490	1
4086019	4086020	1
3632337	3632320	1
249304	249303	1
9101855	9101856	2
2887071	2887114	1
154727	156714	1
11096582	5520352	1
2782808	2788240	1
9544985	9547318	2
11044579	11045186	1
1327762	1328162	1
10767379	10767380	3
11424265	11424266	1
5425910	5425833	2
8946101	8946102	1
7667492	7666524	1
9959270	9959269	1
2920410	2920407	3
11964852	11985540	1
9664839	9683166	1
9567826	9567825	2
11832909	11829844	1
12451035	12451036	1
10101119	10101160	1
5696110	5696105	1
4856361	4854467	1
8611987	8611990	1
9127817	9128282	2
12375178	12374799	1
3142048	3142045	2
6096800	6096799	1
12737616	12737615	2
9842450	9842453	1
8678907	8678881	1
6594879	6594880	1
5273023	5273024	1
11311395	11299497	4
347264	347267	1
3644534	3644531	2
8331280	8343337	2
6824858	6824771	2
4178886	4178639	1
3936779	3936805	1
8201555	8201558	1
10469692	10747394	1
9370111	9369690	1
8084246	8084243	1
3971820	3971815	1
8683652	8682108	1
5751770	5753789	1
6985610	6985622	1
3623308	3622315	2
7539930	7492216	1
7627579	7625821	2
951725	951726	2
5784705	5784693	1
11222622	11223796	1
9325939	3981049	1
9510670	9513260	1
5912606	5912605	2
5268095	5268245	1
5104389	5104299	1
6699080	6742855	1
5180987	5180990	1
9959268	9959267	1
3637478	3637473	1
12567175	12567155	1
10933073	10934073	1
12316746	12316743	1
1697836	1697835	1
2209174	2209173	1
7899579	7899580	1
12335818	12335821	2
5692304	5693327	1
6708574	6708571	1
5290989	5290860	1
8737170	8737169	1
810612	810611	2
8088945	8088946	1
2733242	2733144	1
3733650	3733647	2
6641612	6641611	1
11752198	11752197	1
8360196	8360193	1
893598	893595	1
8386984	8386983	1
11453301	11453302	1
8974259	8974264	4
9778990	9776433	1
5781838	5781835	1
11106903	11114172	1
5014787	5015122	1
7242434	7242433	1
11119486	11116090	1
12044492	12044489	4
9947639	9947640	1
12133507	12133508	1
2524113	2524118	1
2999354	2999342	1
2663417	2663418	2
12805949	12805952	2
2965427	2965689	1
784042	837640	1
4288460	4293314	1
2189648	2189647	3
2529535	2541546	1
8983695	9014961	1
12053916	12053934	1
2145422	2145421	1
11418032	11418031	2
11893377	11893378	1
7950754	7958083	1
7148891	7148894	1
6095866	6019867	1
10755070	10755069	1
9128422	9133120	1
11545332	11545331	1
922577	922578	1
4748079	4748080	1
2706790	2706789	1
11606791	11606794	3
4630716	4633354	1
4310294	4310287	1
11596518	11596517	2
7115994	7115993	1
12801188	12801191	1
6613512	6613497	1
5617917	5617918	1
6814887	6814888	1
5208229	5306873	1
795806	795803	1
2714047	2714050	2
11696682	11696689	3
3818671	3818672	1
8087717	8088086	3
11878405	1110291	1
3341429	3341430	2
4093866	4002168	1
4381641	4381642	1
4021401	4021531	1
4735679	4735641	2
4839363	4837384	1
1075779	1075780	2
2013214	2013158	1
6470098	6470029	1
10453171	5511278	1
1980375	1980376	1
543821	543822	1
1183329	1188612	1
4611002	4610204	1
5526996	5527037	1
113323	112505	1
11585388	12475369	1
12033231	12033234	1
4086014	4086013	2
8084939	8084940	1
12037209	12037214	1
4048536	8281655	1
3307522	3307528	1
3104938	3104937	1
2706818	3737211	1
5863307	5863268	1
6438416	6280245	1
159982	159979	2
5696954	5696350	1
9291667	9291668	1
9570124	7843725	1
3644534	3644533	1
5136926	5136925	1
12445781	12446390	1
9293958	9293957	1
6867628	6945723	2
872139	871945	1
4524955	4522916	1
11997439	11997440	3
2280920	2281136	1
9925936	10255077	1
3990098	750173	2
9546727	9548116	1
120990	120945	1
4528363	4528200	1
11791918	11041715	1
10152618	10152615	1
5378248	5378251	1
1314247	1314248	1
2934446	2934443	1
9102028	9102027	1
11698712	11698711	1
7091027	7091028	1
12121730	12121729	1
157550	157946	1
5960901	5959047	1
3528520	3528874	1
8334111	8334964	1
12022973	12021774	1
5426905	5426908	1
7466708	7470855	2
11523447	11523448	1
8745880	7712021	2
6757570	6757569	1
701364	701363	1
7911098	7904954	1
10293523	10293824	1
4307951	4307188	1
1126085	1126086	1
8344071	8342906	2
12715509	12716761	1
622255	622480	2
2684556	2684627	3
740336	242471	2
5337694	5148387	1
5834952	5835823	1
5180989	5180990	1
115628	115637	1
4025553	4025554	2
162692	6458484	2
7313133	7312866	1
5974664	5430451	1
5860970	5822275	1
9462402	9462401	2
10851637	10851638	1
10987408	10987407	1
11274593	11273695	2
2258804	6046133	1
6192035	6192036	1
5571985	5538646	1
6201407	6201408	1
8530658	843183	2
132129	132130	2
9839525	9844363	2
8468313	8181605	2
2586930	2586935	1
11733772	11733401	1
5188533	5188534	1
7559800	7559799	1
5939695	5939696	1
1126084	1126083	2
1581495	1581496	1
6227653	6229584	1
5003864	5003772	1
12619831	12619858	1
584411	584412	1
8189587	8188227	1
2520549	2528701	1
11482792	11408462	1
7681976	7681975	1
10704510	10708021	1
1102817	1102849	1
3185637	3193235	5
11988206	12302588	1
2203032	2203031	1
3755405	3755466	2
11351135	11363715	1
7265423	7265426	1
11248668	11248667	2
5340291	5340292	2
6136101	6136102	1
3714169	3714170	1
2172255	2172409	2
957049	757135	1
11964265	11964268	1
4600962	4600961	1
4854253	4854523	2
9593716	9591974	1
7880136	3229793	2
6187399	6187400	2
2284466	2282989	1
11632434	11632433	1
8927280	8927279	1
1673725	1674202	1
8032217	8032211	1
918365	918369	1
2484498	2484497	2
9394145	9386346	1
11529264	11529263	1
599814	599813	2
5718471	5718472	2
11770563	11770564	2
4015313	4015314	1
8215397	8215353	1
6907163	6907151	1
1016356	1016355	3
9749281	9749282	1
3698079	3698197	1
1171544	1171543	1
5738404	5738233	1
251488	251467	1
7140183	7140180	1
318993	318994	1
10071489	10071374	1
795800	795799	1
7339920	7339919	2
5968478	5974274	2
12254104	12254103	3
9722768	9722709	2
4377354	4377353	1
2714429	2714430	1
10647452	10647449	1
3567091	3567094	1
10896695	10896444	1
9374479	9374482	1
4392099	4392100	1
9508134	9504747	1
11045326	11043737	3
5676988	5424401	2
6138155	6138156	1
5604963	5604964	1
12243072	12250776	1
10832627	10832628	2
2507380	2507420	1
3395640	3581604	2
10061182	10061179	4
4810334	4810333	2
4600962	4601948	1
10586241	10586242	1
6760860	6760859	1
3733652	3733651	1
4538478	4538477	1
10102314	10102313	1
11315098	11315097	1
787692	787691	1
3103412	3103411	1
7364788	7364787	1
8964454	8964682	2
7902087	7902078	1
7822989	7822990	2
3808610	3808603	1
808773	808774	2
7617004	7617003	1
11348591	11348592	1
11696053	11696054	1
12314806	12315780	1
2808261	2808262	1
3818601	3818602	1
3213447	3215107	1
9395609	9395449	1
5941216	5941215	2
11665726	11665730	2
7431353	7431354	1
11673758	11673751	1
2876817	2877047	1
6725146	6725145	1
12500755	12502232	1
1045964	1045963	1
6633584	6633577	1
6221593	6221603	2
304477	11879771	2
808494	808522	3
7473468	7473465	1
11764569	11763454	1
11027969	11027970	1
5862141	5862142	2
11060572	11060574	1
7870834	7873489	1
4694064	4694063	2
10896605	10875739	1
1356133	1366819	1
8072677	8072678	1
8266056	8266039	1
5596780	5598604	1
5715166	5715165	1
7399534	7399533	2
4736444	4735037	1
8352046	8352040	1
11824391	11824392	2
8428080	8428079	3
7344682	7344679	1
4680951	4680949	1
10894196	10894241	3
5804184	5799696	1
11632432	11633914	1
2441665	2441372	3
4626143	4626144	1
5259487	5259488	1
5568432	5489394	1
6802602	6802652	1
4066647	4066648	1
1190205	1189962	1
1715129	1715132	1
10296706	10290154	1
11490495	11490474	1
7274621	7274622	1
8532976	8588026	1
3211871	3211872	1
3040869	3044421	2
7037345	7037346	1
6197798	6197797	3
10270717	10270713	1
6870780	6870777	1
1943855	1943856	1
6252839	6252810	1
7336202	7335793	1
5539319	5534293	1
5656694	5656693	1
7543731	7543728	1
4462915	4462917	1
11448925	11490644	1
4365364	4365363	2
2524536	2529538	3
3307527	9978043	1
11637979	11623152	1
8156446	8156445	1
7168329	7164759	2
7446313	7446314	1
6391911	6391914	2
10097318	10097317	2
1088820	1088819	1
7739943	7739944	1
2540934	2540937	1
4040047	4028347	1
9797671	9797674	1
4644467	8176246	1
9241019	9240899	1
3499517	3499518	3
1150749	1150752	1
8045930	8046102	1
10896215	10896789	1
6317579	6319048	1
2097034	2097029	1
2723421	2723427	1
12337730	12337729	1
5894892	5894891	3
5765713	5765714	1
5872414	5872413	1
7133790	7133785	1
135606	135605	2
5524185	5523992	3
5315637	5315638	1
8387799	8385138	1
6900532	6900519	1
3601612	3599100	1
8298416	8298490	3
6840909	6840910	1
604290	604519	1
7062861	7062862	1
3044139	3044450	1
1100620	1105440	1
10759667	10531707	1
1611877	1611880	1
9365012	9365007	2
9572045	9571905	1
3306192	3304077	1
2279516	2118401	1
8029725	8030209	1
7058163	7058164	1
9775446	9775445	1
8103847	8103848	1
460277	460278	2
7974316	7974311	1
3231480	3231385	1
5105892	5105864	2
8107385	8043595	1
3714755	3714756	1
4371331	4371872	1
2356977	2356978	2
10945460	10945487	2
251603	9995746	2
8343262	8343277	1
8426362	8451945	1
7854363	7898057	1
8462003	8462004	1
6319049	6319050	1
7873475	7870001	1
7294994	7400650	1
7426377	7151881	2
2991819	2991970	1
2147171	2147174	2
4873902	2081356	1
9546935	9546902	1
10268592	7427607	1
10451908	11092663	1
7065959	7119078	1
9304082	9304086	1
5868259	5868260	1
10136856	10148175	3
5644410	5644407	1
5318817	5318818	1
5676588	5677183	4
2360692	2366587	2
10727957	10728273	1
5335653	5335654	1
10896226	10896789	2
6909556	6909530	1
1563957	1563935	2
1116552	1116555	1
9739019	9742874	2
5572961	5572443	1
2997312	2997302	1
6675735	6675736	1
7021233	7021234	1
5166851	5183049	3
9364279	9363353	1
5617057	5617058	1
5648518	5648517	1
240033	245297	1
7681978	7681977	1
10273772	10274817	1
556854	556853	3
7667673	7667671	1
900582	900575	2
7822991	7821463	2
3088209	3088210	1
4446962	4446955	1
6229288	6227679	2
11096128	5523453	1
1570161	1570162	1
6940219	6940220	1
6339005	6339566	1
11236581	11236582	1
11215161	11215162	1
11260200	11260199	2
11892819	11897193	1
692595	692600	1
11637587	11637588	1
8467233	8467234	1
1542024	9535756	1
8205620	11076246	2
346626	343298	2
12499261	12504573	1
1410665	1410668	1
1197003	1237023	1
3622293	3622294	3
10507853	10507868	1
536458	526768	1
7422436	7422435	1
6814390	6814424	1
10405107	10563597	1
8546979	8546980	1
1570072	1530672	1
11874597	11874598	1
10205256	10205239	1
4363766	4363771	1
7559802	7559801	1
9278690	9278542	1
801639	781869	2
10431395	10432116	1
12208799	12207013	1
337776	337775	1
9798903	9798917	1
6428482	6428485	1
4547834	4547829	1
1620952	1621141	1
7707049	7707013	1
6803592	6803905	1
11965305	11965306	1
3458417	3458409	1
11205389	11205391	1
9082171	11623305	2
4434964	4434961	1
3562925	3749013	3
12805951	12805952	1
5274446	5274445	2
5380823	5380824	1
4551476	4551526	2
236060	236511	1
5210354	11425383	3
5156988	5337695	3
3662583	3667474	2
10541367	10540969	1
2286292	2296675	1
1794811	1794812	2
4186552	4189654	2
10481841	10481845	2
2294544	2294539	3
2598712	2597381	1
6441799	6441800	1
10588109	10588112	1
5382789	5383047	1
11629808	11629783	1
4567030	4567029	1
12324853	12603087	1
8599509	8599510	1
1541692	1542382	1
4122333	4122334	1
11331615	11331616	1
2440087	2306206	1
1986929	1974045	1
314754	314844	1
8923152	8923119	1
6952061	6952062	2
3710143	3710144	3
12129967	5134554	1
8088947	8088890	1
3833176	3833175	1
3465987	3466034	1
5898781	5898782	1
614959	614960	1
7502750	7500816	1
12419870	12419851	1
11640426	11618281	1
7225889	7225890	1
10300173	10300174	2
9612737	9554353	1
3770593	3681707	1
9685882	9686985	6
5387378	5384732	1
11225277	11226498	1
10407983	10405318	2
3117857	3117825	1
4236663	4236664	1
1522379	1522380	1
1207846	1209139	1
1017640	1017637	2
9940361	9940362	1
3011609	3009753	1
8387230	6014581	1
791193	791194	1
8878454	8878453	1
12389471	12250291	2
7576408	7576333	6
6990818	6990817	1
310950	319961	2
8070434	8070433	2
1797260	1798523	1
321662	321659	1
7153750	7153749	1
5895502	5658342	2
3714751	3714754	1
6543944	6543872	1
5575360	5575359	1
4281252	4281151	1
11285732	11285735	1
5275960	5275955	2
5742687	5742948	2
1331855	1331856	1
5722638	5722269	1
75572	75470	1
6089459	6089460	1
10974689	10974690	4
4661588	4663453	1
2370512	2370493	1
129635	181166	1
4093667	4093422	1
7158738	7158737	1
6851302	6884054	1
2651863	2651850	1
6606885	6606886	1
5253697	5253698	1
10757718	10757717	1
2317697	2317492	1
5213489	5218375	1
9766083	9766159	1
8559058	8559060	2
4670660	4670659	1
2315420	2314678	1
12495823	12495824	2
6812926	6814993	2
7415769	7415872	1
10408300	10408262	1
965386	965800	1
9454429	9488232	2
10508311	10508312	1
8439669	9430166	1
8927282	8927281	1
4050074	4050878	1
12294681	12287731	1
5781838	5781833	1
11681578	11680493	1
3667794	3667732	1
2447686	2448915	1
4875584	4875569	1
5322577	5322315	1
2465199	2464320	1
3570805	3570808	1
4538691	11534509	3
11983815	11983811	2
8273362	8273361	1
5744540	5744521	1
11627217	9152099	5
8524642	8524641	1
7934676	8021327	1
2924021	2924026	1
193561	193564	1
7816760	7816752	1
5596450	5596934	1
1742122	1742121	1
6504151	6534269	1
7253351	7253352	1
347266	347265	1
9730540	9730301	1
6488822	6488821	2
2422805	2424404	1
6510821	6510822	1
10106815	10107059	1
8892264	8892263	1
6040017	6040018	1
337770	337769	1
5442191	5442192	1
9028199	9028200	3
10891851	10891852	3
1748527	1748528	2
8365394	8365339	2
9087241	867384	1
4563965	4563966	2
11959785	11959786	1
5633304	5633303	1
4748840	4748839	2
2419691	2419662	1
3969653	3970080	1
9830127	9830130	1
1059038	1059200	1
3808610	3808601	1
10701475	10718607	1
1592675	1592346	2
10062139	10062140	1
7158734	7158510	1
9500697	9501928	1
11421569	11422317	1
4622913	4621007	2
10155863	7323888	1
7980730	7831048	1
1528203	1251762	1
2164926	2164966	2
4576581	4563885	1
11446013	11445918	3
4270530	4269235	1
3711867	3711868	2
7155904	7155903	1
777928	777927	1
3022179	3021992	2
9807670	9820921	1
11209823	11207546	1
10375300	10379761	2
11673760	11673759	1
9964414	9964413	2
9568737	9567827	2
7903751	7903752	1
5328592	5449932	2
9130995	9130999	1
10168472	10769939	1
8809591	8809108	1
8574230	7863987	1
9487751	9487752	2
132127	132128	2
8088891	8088892	2
3145005	3145006	1
11462849	11462850	1
3671754	3671748	1
4716780	4715787	2
1456642	1456641	4
5307885	5307886	1
10760874	10757178	1
951727	951728	1
3324398	3324391	1
8638476	8638475	2
12631707	12631708	1
12786177	12786175	1
12397600	12294900	4
377078	378559	1
2344807	2340873	1
8684646	8684637	1
9549203	9549204	3
11610447	11610284	1
9098473	9098474	1
2699877	2698999	1
11726040	11726039	1
11054233	11054238	4
6104413	6103737	1
9851337	9850765	1
11119599	11121266	1
5601832	5601831	2
9345792	9345787	1
8309590	8309525	1
9326803	9326804	1
10995198	10995153	1
4804797	4804798	1
3901750	3902055	3
8341646	8068012	1
6336671	6336672	1
11527386	11527385	1
9326801	9326804	1
605417	605418	1
11574015	10758549	1
3505291	3505296	2
8745243	8745235	1
6121610	6121609	1
2774400	2774399	2
9538764	9538642	1
1217398	1217083	1
791195	788079	2
6075044	6073716	1
2500178	2497946	1
8232384	8232839	1
10116250	10121285	1
4995140	4995139	1
1967099	1967100	4
7951918	7951910	1
9872407	9811361	1
3698077	3698078	2
6566204	6566203	4
5219146	5219143	1
7386936	7386935	1
6548596	6548241	1
365326	366650	1
11516803	11516804	1
6643639	6643663	1
9747684	9747681	1
426027	426030	1
1406014	1406009	1
4748838	4748837	1
5870217	5870218	1
11193184	4173362	1
8437586	12346666	1
1524749	1524432	2
6501435	6501432	1
3097172	3097094	2
8971201	8970994	3
7573339	7573448	1
7649831	7649452	1
12318060	12318072	1
4700393	4700357	1
8919097	8919186	2
821916	821924	1
4657212	4657211	1
7512773	4167091	1
2172253	2172254	2
1999059	1999060	1
5538566	5538058	1
4639292	4639291	1
12124602	12124573	1
3599587	3599588	3
2849366	2849365	1
7944317	7818026	1
3345507	3345510	2
4865424	4862087	1
1745265	5497681	1
4003363	4003278	1
8839603	8839604	2
4812640	4812639	2
3540825	3540830	1
8151619	1172337	1
9080422	9081777	1
9127909	9127677	1
10777967	10777968	1
10403806	10403805	1
5997933	5997934	2
7750925	7644541	1
3993412	749890	1
4356203	4356204	1
823617	823531	1
5006099	5006102	2
4404436	4404435	1
8753423	8753296	1
10599416	10599411	1
12316757	12316758	1
3146665	3146666	1
4837843	4837590	2
10499040	10499104	1
9162891	9162892	1
1145247	1525345	2
10451885	10451897	3
9703860	9703859	1
11453329	11455536	1
4377352	4377349	1
8385483	3785753	1
824839	822161	1
5850814	5850813	2
1694230	1692054	1
8516460	8516595	2
771349	771350	1
4182556	4182555	1
11688506	11689327	1
7426179	7426180	1
2798783	2798784	1
790242	790241	2
474464	474969	1
1033551	1033556	1
9242399	9239110	1
5656923	5656924	2
1339333	1339334	1
10821417	5065962	1
5615514	5615511	1
10127130	10115513	1
2853767	2853768	2
11142616	11142615	1
7590300	7590299	1
6635209	6635210	7
6779548	6779551	1
4748838	4748835	1
10404037	10403688	2
6973080	6973079	3
5845473	5845474	1
8516524	8516561	1
359233	359234	1
1087818	1087840	1
6727901	6727902	3
7422440	7422435	1
11451642	11451641	1
12245397	12245398	1
5626820	5614176	2
3904631	3904632	1
622541	622542	1
11633900	11627893	1
12136028	12136027	1
2624178	2624177	1
1342855	1342856	1
6187401	6187710	1
656313	656314	1
11567992	11567991	2
3697737	3699326	1
2689527	2689761	2
5235321	5235322	3
8497546	8497545	3
4446561	4444548	2
9488233	9488234	1
1694128	1693919	1
9107125	9080768	2
12477260	12477259	1
4318901	4318902	3
11340075	11361087	2
11410949	11410950	3
3706351	3703923	2
1490040	1486496	2
10404039	10403688	1
4756629	4756632	1
8301614	8301249	1
6985612	6985611	2
11185945	6829354	2
10796080	6331568	1
6682133	6683420	1
8391346	8391345	1
3767296	3767252	1
5541826	5538510	1
8395037	8395040	2
8926606	8875198	1
11673406	11673286	1
10912280	10912785	1
8155051	8151132	1
5336606	5160376	1
9869681	9861757	1
9654315	9424797	1
11886209	11886197	1
4695573	4695865	1
2481673	2481965	1
10442603	10442604	1
813483	813452	3
10604234	7311099	1
12771747	12771748	1
10646193	10646194	1
11860178	11859868	1
3146667	3024864	1
4811770	4811710	1
6994094	6994093	2
11011901	11011902	2
10594136	11558797	1
6475540	6475539	3
10777969	10777970	2
2860068	2862323	1
1117375	1117376	1
1120222	1126060	1
8481312	8481198	1
2223346	2223345	1
852248	852247	1
7399868	7271299	1
4837770	4837739	1
5770585	5770586	1
7881502	7881031	1
7180428	7180427	1
2937982	2959120	1
2497947	2497948	1
7593188	7593167	1
12369993	12369994	1
5952242	5952258	1
3950790	3962280	1
7183504	7183500	1
358107	358104	1
4568001	4611455	1
9865718	9865717	1
84494	84491	2
4127282	4127281	4
3465991	3466034	3
2445899	2445900	2
7617002	7617077	1
996087	996088	1
6450336	6450335	1
4216645	4216646	2
3730669	3732140	1
11065732	11065734	1
4533833	4533834	1
4186556	4186555	2
2477463	2477466	1
8662399	8662325	1
2508467	2508468	1
1671097	1672376	1
11935914	11935977	1
8239168	8224689	1
11100665	11100681	2
5130886	5253701	1
1617312	1620578	1
1321654	1321587	1
6101350	6099516	1
1752219	1752220	1
11035953	11035954	1
6786758	6786757	1
12771745	12771746	1
4619478	4619477	1
11311393	11311394	4
5524548	5524636	1
5502309	5502311	1
12304166	12377909	1
9345003	9344994	1
2308297	2308294	1
9626141	9626142	3
10284224	10284223	1
3216811	3216812	2
11226532	11226571	1
6654889	6664909	2
367517	367518	1
8748369	8748370	3
4439851	4439852	3
6277861	6277864	1
4676333	4678082	1
3042975	3042978	1
7150130	7149796	1
8708807	8710201	1
1607549	1607624	1
9061218	9061221	1
3324527	3324558	1
9189909	9189484	2
11320322	11407816	1
9113349	9108870	4
8428903	8428904	5
10508029	10508032	1
11956039	11956040	2
9046152	9046151	1
6153732	6146031	1
1547984	1545768	1
6769045	6769046	1
5558539	11925856	1
12007568	12009265	1
1066831	1050744	1
8170955	4627235	1
3071461	3072339	2
3411635	3411636	1
7714974	7715134	4
7358168	7359094	1
4220541	4242643	1
11495010	11494997	1
8395037	8395038	3
8429746	8429745	1
6896596	6897853	1
10751531	10751577	1
2936420	2936426	1
6970954	6972541	1
3262708	3747695	1
6248282	6242923	1
2484500	2484499	2
6199430	6199429	1
9717844	9717433	1
11259038	11259037	1
1555383	1552752	1
4532853	4538538	1
56072	55951	1
3958687	3959749	1
3661302	3644127	1
11627207	11627208	1
12242852	12242851	1
6092464	6092463	2
1755570	1755762	1
3321428	3320838	1
5575358	5575355	1
1212852	7089896	1
838744	936133	1
808552	771530	1
4392101	4392119	1
11410949	11410952	1
4653705	4653706	1
8884006	8884003	1
11119919	11119920	1
6564747	6564749	1
382232	383063	2
1135202	1134976	1
10133528	10133527	2
9916277	9916222	1
2106942	2106939	1
7115752	7115749	1
1963371	1963299	1
393084	392253	1
7940956	7940955	1
7807427	7807435	1
11900546	11900545	2
1737327	1737328	1
12746494	12746464	1
1016358	1016357	1
7980017	7980169	1
6529139	6528430	1
7195064	7195071	1
7106306	7106312	1
11261578	11261577	1
6193696	6193789	2
1239794	1241663	1
91149	91150	1
10415176	10415175	1
5637443	5637444	2
6787684	6787968	1
3540825	3540828	1
5287723	5287724	1
9524471	9524474	1
214936	157016	1
2409362	2404652	2
4405694	4405693	1
1174012	1174011	3
1595796	1596361	1
7750316	7748077	1
7819525	7819531	1
10440328	10441036	1
12746496	12746495	4
3309355	3309356	1
12271817	11997438	2
3805589	3686188	1
9360163	9360164	3
12396491	12392861	1
5307889	5307890	2
5144868	5144867	1
7064240	7141034	2
12278308	12278305	1
8959270	8959269	1
10081393	10081394	1
8751029	8752304	1
9198380	9198379	1
10749247	7298592	1
5103910	5103318	2
8374290	8374289	1
10284942	4993298	2
9902221	9902222	2
1475576	1475575	1
9347759	9350195	1
1599590	1599619	3
9733055	9688806	1
5986372	5951257	2
9793935	9793940	1
193563	193564	3
892453	892873	1
2861091	2859368	1
10560895	10560896	1
6350565	6345740	1
7530922	7530921	1
2890252	3032566	1
11581177	11582076	1
2179453	2179454	1
5826769	5826770	2
2566223	2566963	1
4183076	4499467	1
3461193	3454178	1
3418187	3418188	1
8617834	8394854	1
680081	694840	1
2855480	2858485	1
7707252	7707049	1
6227641	6227642	1
6475534	6475533	1
9420405	9420406	2
6490419	6490420	2
3145815	3145816	1
1244812	1244809	2
5240513	5240498	2
8680749	8682667	3
10879742	10879735	1
7426177	7426178	1
467252	462781	1
1524303	1252045	4
7453892	7453926	1
5996565	5996566	6
10054060	10054069	1
201496	199503	5
4356593	4356594	1
8390315	8390309	1
9803886	9803883	1
4425362	4425361	1
6156652	6156592	1
9850874	9850871	2
5809690	5809700	1
393086	393085	1
12653194	12653193	2
906794	906791	3
4748836	4748835	1
1869224	1869222	1
2196234	2187695	3
7956897	7767023	3
3340643	3340644	2
268470	268469	2
12329365	12329368	1
5449933	5449934	1
2353206	2603006	1
1967097	1967098	3
1266959	1267372	1
6047892	2256552	1
11099498	10935131	1
628433	628434	1
6682387	6682392	2
12294781	12401341	1
4101541	4101542	3
1126084	1126081	1
6130360	5933959	1
7637779	7637920	6
7109440	7429396	1
3104936	3104935	1
2511692	2511689	1
10409083	10409086	1
3262710	3262709	2
249308	249307	2
8755430	8754755	1
1624886	1624885	3
5727829	5727286	2
12039915	12041535	1
355704	355703	3
5800197	5800200	2
103157	103158	3
576119	576120	1
4236665	4236622	2
7876569	7876753	1
7612736	7612735	1
175926	176394	3
6026795	6026798	1
11393303	11393294	1
3741752	3741751	2
5452665	5450802	1
4709187	4708068	2
5405559	1736253	1
2013606	2013605	1
12375181	12375239	1
4237264	4237174	1
11866977	11866769	1
3908253	3908502	1
9435771	9435772	3
71615	65321	1
2228580	2228616	1
12653195	12653196	1
5193642	5191413	1
350368	350226	1
2700028	2700520	1
3882397	3883762	1
4296493	4296430	1
11371359	11371060	2
6011992	6011991	2
2722420	2734260	1
7307280	7307752	1
9115191	4694814	1
8344034	8344033	1
5722303	5726106	1
1359849	1359852	1
4918807	4918775	1
2150951	2150956	1
7917541	7919818	1
7769901	7772198	1
2496031	2496396	1
2706796	2706791	2
3318507	3320725	1
3143460	3128268	1
3345509	3345510	1
9553116	9553126	1
430528	9308777	1
7270404	7275438	1
2245579	2245580	3
359235	359331	1
9048592	9048591	2
2119926	2119925	1
1670225	1673220	1
537109	537110	1
8518936	8518672	1
10868585	10868609	1
2242531	2241335	2
9094131	9732854	1
6450338	6450335	1
7118789	7118790	1
3697062	3697061	1
5274450	5274447	2
8892262	8892261	1
9094812	9094811	1
2671452	2671451	1
8273189	8272835	1
11460961	11459830	1
7214477	7214560	1
11377553	11378216	1
1782362	1781776	1
6029678	6030105	1
11179409	11180460	1
8610859	8610860	1
6785698	6785697	3
2405784	2405783	1
3667467	3667474	2
10751722	10751721	1
11003281	11003558	1
3019095	3017922	1
8374042	8374041	2
6092878	6102979	1
9544427	9544428	1
3066542	6302270	1
1237480	1236439	1
6257893	6257808	1
7612377	7612378	2
6436901	6437220	1
11696055	11696056	1
3194927	3194878	1
9966610	9966607	1
6497211	1080827	3
8128869	8129618	2
3705716	3705713	1
2147942	2147941	1
103471	103310	3
3551864	3942106	1
9139075	9122954	1
12205142	12205141	1
7418085	7418229	1
8762213	8762214	1
8635075	8635090	1
8473113	8473116	3
11698663	11698664	2
72509	68908	1
4544266	4544265	1
3910636	3910675	1
3115977	3115978	2
7296441	7296177	1
7380309	7379705	1
6207931	6142783	1
8920128	8920131	1
2504066	2489608	1
5875259	5875249	1
12044492	12044491	1
4410926	4411478	1
5047650	5047941	2
10325324	6918262	1
2089705	2089706	1
9931659	9931660	2
5784692	5784704	1
10402925	10403401	1
2817450	7380373	1
4366309	4366741	1
1877969	1877970	1
7899574	7899440	1
4331517	4331518	1
5736645	5736646	1
10441651	10441652	1
10437487	10436858	4
1137501	1133475	1
12543061	12544097	1
1305526	1305525	1
2179455	2179427	1
12205522	12199050	1
1118325	1118326	1
8387570	8387695	1
5110755	5110756	2
7659448	7654642	1
6711324	483269	1
5383324	5383323	2
12051159	12051160	1
12121299	10501262	1
7980785	7980081	1
2088030	2087297	1
3480935	3480930	1
2706796	2706789	1
4588201	4588053	1
11460668	11461364	1
862164	862163	1
1559391	1559392	1
6001713	6001714	3
12303415	12303416	1
6779786	6779792	1
12453731	12452937	1
4863037	4862925	1
7641536	7641148	1
8730156	8729087	1
10442063	10392501	4
2123355	1971028	1
6679784	6679781	1
2282066	2209459	1
9830856	9830855	2
4368024	4366728	3
12245591	12248095	1
825694	826642	1
5781840	5781839	4
2989502	2990877	2
9453638	9453645	2
6681282	6681294	1
1386221	2330169	1
2313341	2313316	1
4127284	4127283	2
3661581	3909522	1
10891024	10891023	1
1333796	1428609	1
9095904	9095899	1
8610857	8610858	1
3017537	3021213	1
10508313	10508314	1
12422716	12422728	1
5944855	5944856	1
11761821	11762024	1
10766332	10766331	2
5617913	5617918	1
5737261	5737071	1
2774407	2774401	2
3465987	3465988	2
5696110	5696109	1
843830	844088	2
8624869	8634118	1
8372233	8372235	1
7400993	7400944	1
8097264	8096462	1
6161168	6161167	1
5693595	5693596	1
12320436	12320431	2
11022731	11022737	1
377662	377661	2
4122335	4122336	1
8069111	8068834	1
957205	957051	1
1779430	1779433	1
6654933	6654934	1
3495515	3495516	1
8540693	8540694	1
11226079	11226084	1
2739712	2739711	2
5008735	5006931	1
3409825	3409651	1
4336267	4336250	1
6224211	6224212	2
12785129	12785063	1
3385928	3385909	1
9969032	10095988	1
2442552	2442555	1
7545701	7545680	1
730266	730265	2
5002853	5002966	1
3323705	3323706	2
2265651	2264917	1
11410951	11410952	2
11926787	11926788	1
8396180	8408328	1
7329840	7314563	2
10281126	10282591	1
4348507	4348508	1
5275954	5275957	1
11507461	11507464	1
8227456	8227453	1
11222753	11266997	1
7452011	7447208	1
8369437	8369856	1
7450885	7453224	1
9568737	9567825	1
9377360	9377393	1
10400354	10400228	1
1524625	1524626	2
1118323	1118324	1
5620963	5620872	1
1505511	1505514	1
6681219	6680748	1
6181603	6181444	2
1516629	1478205	1
6552445	6552428	1
4183915	4189279	2
1577094	1580034	1
5492868	1741870	2
5094519	5096267	2
10604903	10604904	1
2130781	2131631	1
2675011	2675012	1
6169243	6169256	1
1656243	1655223	2
3487616	3487608	1
5872416	5872415	2
11400083	10407487	1
2317699	2317492	2
355139	354794	1
5512086	5513487	1
11407510	11407509	1
7045044	9846014	1
7159896	7159893	1
4348354	4348346	1
10969083	10969084	1
5799894	5794432	1
1067663	1067626	1
12692319	12692320	1
5566256	5565646	1
4616665	4616669	1
6051994	6205262	3
11698710	11698389	1
9557389	9518166	1
6589544	6616191	1
3193445	3191243	1
6525869	4862333	1
360140	360142	2
7598727	7600680	1
9484223	9483097	1
3501618	3501613	1
11424503	11424504	4
8129619	8129620	2
5895504	5895503	1
9108496	9108495	1
11553011	10588902	1
5711929	5711930	3
7910493	7910494	1
3919040	3919039	1
5075724	5066667	1
11040547	11040544	1
8419269	8419277	1
3555410	3946502	1
6284684	6284683	2
6692894	6692893	1
8573894	8573891	1
11543639	11544037	1
9239960	9239959	1
12475513	12475519	1
667763	666845	2
911834	911833	1
1088828	1088827	3
9098689	9097578	3
7446460	7446459	2
10976255	11123628	1
2124112	2123638	1
1993544	1993543	2
12678894	12680161	2
2220179	2220180	1
2329295	2333343	1
6353532	6351461	1
6685547	6685548	1
1253109	1253022	1
4440943	4440944	1
6904306	6904176	1
235725	235760	3
2560634	2484501	4
11746861	11724167	2
4055158	4055149	4
2338948	2338425	1
4281237	4281238	1
1802128	1802486	1
2251379	2251382	3
2120357	2120202	1
1804948	1804947	3
9486666	9486669	1
9540935	9540936	2
11371325	11372246	1
3044093	3044090	1
5824427	5818754	1
9580915	9515253	1
5234930	5235031	2
5869831	5869832	1
12673762	12729093	1
2590240	2594914	1
1780602	1780014	1
11561151	11558566	1
10557748	10557745	1
1008003	1008017	1
4682206	4683619	2
7270324	7271971	1
12373972	12373969	1
5381843	5381844	2
10442605	10441903	1
5912604	5912603	2
6130672	6099408	1
3540829	3540830	1
3093004	3093001	1
10843807	10843808	1
5842440	5842439	1
460748	290796	1
5802005	5802006	1
9431156	9431155	1
5601830	5601829	1
6787684	6787966	3
5566669	5566670	2
5339807	5339808	1
10400637	10400638	1
4641623	4642593	1
1721339	1721340	3
8554771	8554772	1
4798897	4798898	1
2794978	2799836	1
3950221	3950222	1
10886182	10886689	1
922441	922427	1
12692392	12680417	1
9703858	9703857	1
5919622	5923111	1
906266	899401	1
1027007	1027008	2
1600648	1600647	1
6176558	6176557	4
2484500	2484497	1
175382	175381	2
5014714	5014724	1
3505627	3688052	1
4233541	4233508	3
2366586	2366583	1
4904697	4904709	1
9032876	9032832	1
6019709	6028368	1
888953	6754973	1
1594692	1594689	1
6077318	6077317	2
11960639	6137246	1
7833196	7833193	2
5135000	5135075	1
9662260	9709556	1
9963039	9964422	1
5691279	6325624	1
10286595	10286598	1
3628192	3628191	2
4693959	4694065	2
11536157	11540203	1
2182619	2185095	1
11461761	11461762	2
6784654	6784651	1
8814869	8814818	1
11664759	11664762	1
7745285	7747962	1
2900748	2870010	1
11756543	11756544	1
6567986	6568599	2
6973078	6970451	2
7713234	7621797	1
7151295	7151296	1
8110581	8079223	1
9571080	9571089	2
1932382	1919182	2
1850633	1857090	1
9419214	9419157	1
7397	5842141	3
5850814	5850809	1
10358395	10358444	1
10595480	10595485	1
6409526	6409550	1
4837852	4701200	2
11546971	11544837	1
3665303	3665304	1
3104626	3104625	1
4957378	4958423	1
179187	179188	1
2082665	2082666	1
10041951	10041952	2
12681755	12682281	1
7756919	7959624	4
8091175	8095158	2
1964288	1964210	2
6170516	6170437	1
10656950	10656949	1
973317	973318	1
12421358	12423081	2
2616230	2620831	1
9549205	9550276	1
12561521	12561522	1
2721044	2721043	1
11541999	11542000	2
7110689	7110686	1
7400711	7276323	2
2881091	2737654	1
8488041	8486615	1
1229713	1229687	1
1478424	1477918	3
114483	1878406	1
5631561	5628085	1
9169893	268913	1
11859314	11859313	1
7803692	7803691	2
2716113	2716139	1
10421532	10421531	1
11541999	11542002	1
5860992	5860378	1
3566250	3567672	1
6605788	6605745	2
2468427	2468001	1
3825543	3566964	1
4041964	4041963	1
9708254	9708026	1
11551672	11551612	1
7559802	7559799	1
260726	260081	1
795802	795801	1
8428904	8427787	1
6092462	6092461	1
7337276	7339017	1
1848467	1848454	1
9486668	9486667	1
584409	584410	1
6940221	6940216	1
12267820	12267804	1
229075	229076	2
10168474	10168473	1
4175717	4448499	1
11010070	11010067	1
3814723	3667513	1
7781983	7780413	3
10891851	10891854	2
10764348	10764347	2
6394575	6394576	4
303657	303658	2
7967199	7967232	1
3204040	3204049	1
10587196	10588004	1
5010956	5008024	1
2884437	2884454	1
9615582	9615581	1
1953525	1953526	3
1069179	1069173	1
7940958	7940957	2
2066945	2089704	1
383402	386284	4
1428912	1435355	1
6867630	6867629	2
10504711	10502648	3
2852865	2843374	1
5762252	5762467	1
8466379	8463912	1
9126051	9126082	1
11041406	11041403	1
11607743	11607744	1
60290	59380	1
12522145	12522146	1
9067587	9067588	1
3040867	3044421	1
5646232	5646680	1
6901764	6901763	2
6110214	6478384	1
10455792	10456584	1
574019	574020	1
8747804	8747803	2
9681946	9682012	1
11106193	11105807	1
4298726	4298729	1
3626818	3710283	1
3556781	3556731	1
8427228	8425412	1
5542919	5542134	1
10974691	10974692	4
3340696	3340695	1
5159393	5159394	1
11208321	11208324	1
9939491	9941622	2
3133751	3133752	1
2739691	2739709	1
3204562	3204561	1
174713	174635	1
7172361	7172419	1
7042526	7042156	1
810610	810609	2
11507461	11507462	1
363385	363386	1
12479026	12478662	1
12133506	12131980	2
4777800	4777799	1
1748525	1748526	2
9164826	9164825	2
11485279	11485280	1
9766083	9766084	1
4026744	4026741	1
5110757	5110758	1
1474381	1474386	1
3921677	3082995	2
3732077	3732078	1
11859144	10789621	1
4014202	4104199	1
10048348	10048350	1
5287725	5287728	1
6368249	5637186	1
7338712	7338718	2
343071	343074	2
5675113	5675056	1
12814851	12797261	1
11335183	11335184	1
5264268	5264267	1
12610128	12609955	2
3791639	3791652	1
6924411	11177212	1
9851227	9851235	1
1347648	1348215	1
9572356	9572834	1
3494420	3494419	2
430680	429106	1
9739970	9537814	1
4358572	4358571	1
5307891	5307894	2
5819967	5819962	1
3988194	3986474	1
3341431	3341435	2
5144866	5186779	1
10569660	10569814	2
11992571	11992697	4
10403038	10403202	1
584175	584322	1
896180	898723	3
10062137	10062138	2
365328	365327	1
4666541	4666542	1
7446473	7446474	1
4787411	4787325	1
1077579	1077502	2
4676272	4676270	1
9502912	9477628	1
2754021	2754024	1
11118217	11118995	1
9564870	9565366	1
9346739	9345725	1
6121610	6121607	1
2195202	2195189	2
9028159	9028083	1
10284222	10286095	1
12754303	12754304	1
4262649	4262645	1
2950750	2950541	1
5737953	5738280	1
1336068	1336107	1
3765772	3765697	1
6903242	6902948	1
159980	159979	1
3547434	3547433	3
4500741	4500729	1
3725953	3726007	1
11025257	11025269	2
3699969	3697471	1
4446242	4446241	2
531006	531003	3
100634	7446226	2
8097268	8097265	2
2890255	2889137	1
8193552	8178940	2
6450338	6450337	1
654089	890024	1
237131	237132	2
6871054	6859174	1
7180428	7180423	1
12746494	12746462	3
11044044	11044041	1
7966500	7966499	2
8182013	8182016	1
7375687	7387357	1
883606	883750	1
9282152	9282151	1
7890265	12694035	1
5731494	5731493	2
12294432	12294431	1
11595954	11595953	2
4840130	4840129	2
354613	354614	1
7462115	7462119	1
5993092	5993054	1
6813763	6814335	1
3030223	3034819	1
7276681	7276356	1
6779550	6779549	1
9028201	9028202	2
135604	135603	1
12205352	4297232	1
5278482	5278114	2
1397438	1394340	2
622340	622339	1
12245589	12245590	2
7265033	7265034	1
9153893	9153894	1
6230435	6230404	1
7961237	7961157	1
6024390	6024389	1
3529665	3529666	2
6227646	6227645	2
7583070	7579646	1
6990816	6990815	1
5528920	5528919	3
8444492	8443959	1
5450479	5450727	1
3497477	3496306	1
11439760	11439759	1
9851047	9854114	1
11994702	12031331	1
6708367	6708368	1
9723178	9723177	1
355706	355703	1
3164563	3187840	1
7056008	7056013	1
3767087	3762548	1
11913376	11913390	1
664492	664491	1
621269	601205	1
1794813	1794814	2
10308769	10308772	1
12302206	12297887	1
8851489	8851490	2
1334198	1334190	2
4724490	4723215	3
156998	251859	1
11568963	11571362	1
5709821	5709822	1
2239223	2236498	1
1102819	1102849	3
3698058	3698057	2
10793559	10793560	2
263038	263021	1
6614083	6614615	1
71017	162024	1
9304076	9304083	3
5215194	5215193	3
11618298	11618297	1
3710147	3710148	2
8353676	8353617	1
8294085	8294068	1
5726880	5726879	1
11087433	11087434	1
6432388	6432387	1
4799903	4799908	2
5260927	5276283	1
2136586	2136585	1
10974689	10974692	1
4702303	4704793	1
8418544	8418569	1
1034046	1034043	1
9710116	9710115	1
2291113	2447774	1
10933548	11073482	1
3941156	3941153	2
4879407	4879404	3
5774454	5774453	1
5725037	5722405	1
8826987	8826960	1
6160738	6160886	1
2160651	7897731	1
1478957	1478200	2
12259065	12259066	2
6633364	6633393	1
8927282	8927279	1
8885800	4536333	1
619415	619416	1
126249	126250	1
10159901	10159929	2
10403808	10403807	1
634302	638358	1
11760863	11824390	1
8860545	8860546	1
9845064	9845101	1
12752508	12752093	1
1115758	1115722	2
4514812	4247303	1
3833174	3833173	1
9126756	9129624	3
11849140	11849057	1
7833196	7833191	1
8215109	8215110	1
11358037	11342034	1
2252545	2250786	1
8583797	12338138	2
4598858	4413091	1
4137246	4137893	1
11234138	11233742	2
6019242	6019241	1
11393879	11393563	1
3117209	3117210	2
7512164	7512159	2
3031747	3031748	1
11252370	10299647	1
9828978	9828977	1
6739142	6127805	1
7122537	7122569	1
7020492	7028466	1
559543	559566	1
2850403	2850464	2
5709825	5709826	2
7129617	7129618	2
6383885	6383886	1
11801255	11801241	1
8234267	8241504	1
6363219	6363227	1
585479	585480	1
967177	969662	1
9343810	9343809	1
8187474	8187316	1
874174	870752	1
5968011	5968012	2
7654424	7654421	3
2658472	2658471	1
1049043	1000446	3
2682509	2682510	1
254014	254118	3
9507625	9507574	1
3940039	3940255	1
2213803	2112569	1
7749154	7659672	1
8974259	8974165	1
1505509	1505510	5
12337732	12337731	1
4458635	4458638	1
9852042	9852059	2
3876421	3876422	2
1410663	1410664	1
7853662	4724158	1
6963751	6962882	1
5229252	5205048	3
6970450	6970449	2
8422775	8548174	1
6727552	6728527	1
1621135	1621136	1
9446520	9446508	1
5371669	5443528	1
2802826	2795320	3
11664759	11664760	2
10703586	10703585	1
9394338	9394345	2
6088224	6162214	2
10307831	10311284	1
6373512	6371258	1
914471	914472	2
9747684	9747683	1
3284644	8032814	1
11500172	11500171	2
4384392	4383782	1
7142545	7142546	1
8400057	8400050	1
11259040	11259039	1
9681183	9670900	1
10877308	10895855	1
9755168	9754997	1
1592349	1592350	2
1474338	1474337	1
1251646	3522711	1
11854968	11853591	1
3142348	3142347	4
2145989	2145990	2
7191830	7192090	1
7706968	7706967	2
1131409	1131410	1
7777956	7778105	1
6606619	6614981	1
219578	11900995	1
12294746	12294745	6
5835795	5835798	2
6423563	6422778	1
2491434	2491433	2
3139996	2972419	1
11679588	11679596	1
10457183	10456348	1
7583072	7583071	1
3554029	3552897	4
406957	406962	1
6336673	6336674	1
2014650	2014661	1
339614	339613	1
9000774	9000634	1
5731496	5731495	2
10403009	10403892	1
5432040	5432039	1
4981781	4987039	2
12805949	12805950	2
8946099	8946100	1
8128859	8128860	2
12246580	12246579	1
942840	945700	1
2045133	2045104	1
5938887	5938869	1
7291441	7291442	1
4442857	4442858	3
10277496	11596642	1
7953366	7953368	1
3252649	3252650	4
862924	863960	1
495540	495524	1
6416451	6416452	1
677672	677671	3
41154	41153	1
2378593	2378594	3
4748739	4748740	4
6682352	6682351	2
8229507	8229533	2
3557357	3557358	1
10576133	10576136	1
6985612	6985622	1
3862700	3890772	1
7792020	7792159	1
4168882	4168881	1
8401084	8401087	1
11513935	11513936	1
351497	351502	1
2809890	2809759	1
7567533	7567534	1
1584399	1396333	1
6121608	6121607	1
4446627	4446753	1
3755283	3762631	2
5114727	5601390	2
8635463	8635464	2
6683040	6683039	1
204296	204335	1
9725149	9725150	2
680785	680581	1
1110674	1108934	1
7685890	7685159	1
758248	748055	1
5844595	5844596	2
12723843	12724281	1
6230218	6230250	1
5803708	5917731	1
6743565	6697545	1
10896213	10896789	1
5720825	5720023	1
3252662	3213177	1
8513135	8513154	1
7134752	7122451	2
7750354	7750353	1
6467076	6467035	2
11631115	11631116	3
1164149	1164152	2
11703594	11703593	1
3301462	3301535	1
1164153	1364814	1
5648836	5709586	1
5099589	5099592	3
8259956	8259955	1
4004458	4012419	1
2794128	2794127	2
7872169	7872180	1
4083581	4083582	3
10404037	10404038	1
6481020	6481933	1
1866334	1866345	2
5651189	5650084	1
12201296	12181502	1
12751371	12747773	1
5987815	5984475	1
1515428	1514913	1
366651	366652	1
3390194	3390710	2
4462817	4462824	1
4010156	4010148	2
12226831	12226836	2
6897673	6897903	1
204470	472840	1
4538480	4538479	1
9862199	9864876	1
2000792	2001850	1
15603	14575	1
9941870	9941869	3
4623149	4623142	1
5936902	5936895	1
4641169	4641170	1
2452718	2452715	2
10508033	10508034	1
7460709	7460710	3
1326533	1326516	1
4917776	4917049	1
12232599	12232601	1
11033468	11035328	1
1581147	1763846	1
2721407	2758494	1
9236325	9236326	1
550166	680536	1
5712497	5712462	1
168759	169136	1
11459710	11459709	3
5208409	5208419	1
2825537	2825538	3
7396795	7397163	3
249306	249303	1
3058755	3058758	1
8266038	6636199	1
6968796	6968801	1
8258033	8259992	1
3204560	3204559	1
11503525	11503512	1
192262	192261	2
6870780	6870779	1
8075780	8075705	2
2422723	2422724	1
5591412	5591537	1
10903815	10903826	2
5335651	5335652	1
10595254	10599333	3
337774	337771	1
9169893	9169898	3
7833190	7833187	3
8101548	8098961	1
6029678	6030107	3
5746848	1880855	2
5290573	5290988	1
5266583	5265651	2
5715349	5715271	1
820850	531007	3
7241763	6444297	1
7248555	7250574	1
6633584	6633579	1
12167337	12167340	1
8104991	8104992	3
7446308	7446304	1
9284031	9284032	1
712236	717331	1
11577993	11577994	2
773946	773945	2
3866253	7724399	1
3359397	3359398	1
5551847	5551632	1
4006878	4006877	1
6428481	6428969	1
7696743	7692483	1
509557	509558	2
11474679	11474173	2
11021555	11021556	2
12205356	12205353	1
9326801	9326802	1
1106665	1106666	1
6778211	6778762	1
4595873	4594468	1
2616727	2618480	1
6204511	6202804	2
5453852	5321815	1
6603090	6604035	1
5047650	5047943	1
11753541	11756268	1
11234945	11234946	1
11039566	11036897	1
11014385	11014386	2
12168337	12168340	1
4425499	4425500	1
12561519	12561520	1
11553009	11553010	2
2397755	2397756	1
1715129	1699525	1
3055243	3912036	1
8968714	8963588	1
9130998	9130997	2
1617314	1617313	1
7807199	7807200	1
9501615	9500160	1
6037386	6092231	2
2899164	2667281	1
11153798	6928874	1
8334109	8334110	2
6206653	6213508	1
12316744	12316743	1
5532551	5528921	4
4358570	4252871	1
6505588	6505587	1
709021	706611	1
7293080	7293245	1
10780538	10781854	1
4086016	4086015	1
1943452	2012150	1
1490645	1490646	1
400105	398295	1
301676	301671	1
1356131	1356132	2
5747612	1880888	1
2164967	2164968	2
11021553	11021556	1
2445913	2445898	1
1876863	1876864	1
8046281	2278672	1
987243	998081	1
1420235	1421450	1
9909967	9909977	1
5894890	5815510	2
843546	843556	1
78315	78316	1
4018328	4018597	5
3324749	3324750	2
2386857	2386858	1
3782356	3782571	1
4435765	4436092	1
8104989	8104990	5
4981781	8584828	1
1699379	1700108	1
2445821	2443548	1
2482161	2482162	1
6973078	6970449	2
8388693	8390232	1
749890	749710	2
12477266	12477265	2
10748121	10748124	2
2291314	2291415	1
6048214	6048217	1
1305524	1305523	1
8898118	8897101	1
8765950	8765960	1
7026185	7023893	2
1611879	1611880	1
11784832	11784831	1
9551509	7892353	1
8064234	8064233	1
5894546	5894692	1
4799903	4799906	2
3030422	3030421	2
9828980	9828979	1
2450741	2450744	1
6962939	6962940	1
10332851	10334269	1
12138171	12138172	1
5203570	5203545	1
7614652	7615141	1
4075645	4075646	3
6779929	6779930	1
10410681	10410682	1
7012921	7012922	1
12184201	12184100	1
8880123	8880121	1
2403266	2411289	2
5501378	5501555	1
9549205	9550278	1
1996395	1996396	1
5488632	5488629	1
2278346	2278200	1
774620	799943	1
10764350	10764349	3
3031749	3031752	1
10081687	7019248	1
2951186	2951185	1
2209174	2224959	1
12427529	12427128	1
5601832	5601829	1
2757160	2757159	2
10264017	10261653	2
11221679	11223992	1
4757008	4757005	3
3990100	3990099	2
4850521	4694862	1
2835646	2835654	1
3140923	3140933	1
9357081	9357084	2
8812403	8811069	1
4817323	4817324	1
2346644	2346547	1
1915770	1915769	2
9098479	9098480	1
2131630	2131629	1
6132431	6132432	1
5704051	5704052	1
3652377	3654759	1
9902223	9902224	2
8971203	8970994	2
9735970	9655243	1
2448638	2448637	1
11443587	11443588	2
11263361	11263362	1
1474338	1421682	1
8635942	8635941	1
11581167	11582065	1
1863272	1863271	1
1623656	1623653	1
3163969	3163972	2
10451908	10449823	3
1110642	1110641	1
5453422	5451596	1
12477258	12476939	1
2677014	2677013	2
10481695	10481696	1
11804846	11804843	2
1226885	1227247	1
1848467	1848452	2
11606275	11606794	1
2798785	2782080	1
5426229	5428055	1
1505513	1505516	2
4265460	4264396	1
5136118	5136117	1
8511374	8511605	2
2346450	2346466	1
9184335	9184338	1
4498801	4499045	1
2106938	2106937	1
10841287	10851636	1
6172972	6174705	1
10536695	10536807	1
8367008	8367011	1
6980078	6903621	1
8385292	8385291	1
5742712	5742711	1
7102301	7102429	4
1205358	1205357	2
5167304	5167372	1
37585	37586	2
3096673	3096678	1
40685	40686	1
5860379	5860380	1
5096266	5096265	2
7693764	7694297	1
3363708	3363707	1
615213	404165	1
1462693	1463351	2
1486497	1486498	1
9913697	5617056	1
9844455	9836278	1
12317486	12318120	1
11962193	11962194	1
2253628	2236656	1
6367623	6367898	1
6866261	6866262	2
1477721	1510310	1
11696688	11696687	2
7141723	7141731	1
4054202	4053714	1
6784480	6784479	3
11679199	6852351	1
2540139	2528306	1
632592	632453	1
3465987	3465990	1
12294622	12294747	5
4395530	4395498	1
4024240	4024239	1
1804374	1804075	1
10748060	10748746	1
867412	871261	1
1189599	1188920	1
3300807	3300808	2
6870778	6870777	1
5523954	5523953	1
5644812	5644680	1
7094206	7094205	2
2591034	2591033	1
8863155	8863459	1
10540232	10540219	1
8645226	8645200	1
3063579	3065161	2
7756919	7959626	1
7897730	7897729	2
8748371	8747805	2
11997768	11984057	1
8899933	8809817	1
10727745	10724630	1
11336572	11336571	4
1088826	1088821	1
10452579	10452582	1
4384164	4384163	1
4676009	4676010	1
5872659	5872660	1
1338165	1338166	1
11803734	11803760	1
8220129	8220101	1
6521781	6521782	2
6003307	8808172	1
9663414	9663413	1
12136026	12136029	1
3995434	3994886	1
6757568	6757567	3
887737	887738	1
10432117	10432118	1
7612379	7612380	2
1770151	1770152	1
7139165	7139176	1
12196592	4295580	1
1892587	1892590	4
7633872	7633883	1
6110904	5268762	1
5628905	5620166	1
3856821	3856824	2
321844	452633	1
113323	112503	1
11344021	11344274	1
6761572	6761571	1
4902250	4902247	4
7709323	9363765	1
7815916	3962480	1
1461503	1479954	2
3702325	3702326	1
3835533	3808460	1
3030420	3083003	3
487676	487675	2
10866489	4211261	1
8704544	8704543	1
6112157	6112197	1
7875804	7876005	1
6331652	6331641	1
6565345	6565256	1
3529667	3529668	2
1249620	1249617	1
5765979	5765980	1
103157	103160	1
1131406	1356987	1
9149168	9149167	2
3933981	3932071	1
886850	656905	1
8255822	8260267	2
4641167	4641168	1
8761664	8762291	1
736755	746859	1
4563961	4563964	1
6903384	6903383	1
5656292	5656695	2
6209569	6209570	2
10360474	10360473	1
2920406	2920469	2
2701856	2701852	1
3425661	3425662	1
5462597	10477515	2
5940927	5940928	1
1722548	1718996	1
7244243	8514329	1
4940426	4941194	1
10290172	10290675	1
12208287	12208288	1
12121842	12121731	1
1331857	1331858	1
3021993	3021994	1
2272723	2585799	1
9326791	9328084	1
4414580	4414562	1
7345458	7345470	1
11694473	11693784	1
9695384	9681194	1
9130093	9130094	1
10766423	10765737	1
3465989	3465990	2
12317488	12317487	1
1106541	1105222	1
6784654	6784653	1
8276079	8276522	1
341731	341732	1
5235576	5235513	4
11421781	11421791	1
7126001	7137057	1
351495	351496	1
4219912	4219911	1
10331491	10336471	1
2607731	2607732	3
6994098	6994095	2
6738345	6738781	3
2228582	2228581	2
5636191	5688990	1
3104934	3104627	1
3714751	3714756	2
5895224	5895221	1
2037981	2037722	3
5379260	5379258	1
3030678	3082208	1
7833196	7833187	1
9629399	9629400	1
5868261	5868262	1
12561523	12561524	1
5837026	5837025	2
2635652	2635651	2
9156694	9155822	1
5617915	5617916	1
2700760	2700811	1
1242736	1242735	1
12051752	12051751	1
10475827	10475830	1
4534163	4141585	1
3501258	3499964	1
1548630	1548639	1
3495463	3495429	2
4233461	4233196	2
2747134	2740072	1
10896215	10896227	1
9150465	9150466	1
9365347	9365311	1
11740197	11740198	1
3644532	3644531	1
9587407	9587776	1
2411579	2411580	1
4837327	4837696	1
3628165	3633290	1
5051170	5051157	1
7062863	7062612	1
668196	669061	1
1244808	1244807	1
6169243	6169254	1
8467370	8196043	1
6391911	6391916	1
1716010	1714110	1
750095	746985	1
7246202	7246201	2
5480861	5480637	1
6633578	6633577	2
1986927	1986928	1
10798062	10798193	1
6770340	6205340	3
149900	157571	2
7310542	7310540	1
2752835	2752836	1
5601446	5601441	1
6799139	6580860	1
12044490	12044489	2
4173300	4146230	1
12151820	12151819	2
11233467	11235580	4
5463702	5463701	2
9164828	9164827	3
10476845	6903376	1
8369646	8456441	1
349827	349828	1
3139714	3139713	2
1456702	1456701	1
5619672	5619662	1
8673523	8673064	1
4564683	4564684	2
4504576	4504098	1
1967101	1967102	2
6212112	6212107	2
5263860	5263857	1
10892197	10892198	1
8990811	8990823	1
692597	692600	3
11585286	11585285	1
628711	628712	1
5972960	5972957	1
11514001	11515220	5
7437662	2927280	1
12746496	12746462	1
12027413	12023577	1
7963649	7963628	1
2661602	2661601	3
4675276	4670861	1
9679679	9679680	2
11752196	11752199	1
4942562	4958939	1
3520097	3520101	3
3790706	3790703	1
1615183	1615157	1
10872608	10872602	1
11408183	11408184	2
6828102	11192553	1
1592347	1592348	2
10300175	10300176	1
10757716	10757715	1
1622123	1622330	1
3529669	3529670	1
8954390	8673068	1
1241418	1241584	1
11593052	11589616	1
2739710	2739709	2
5903347	5906453	1
7706970	7706969	3
1011344	1011386	1
460279	460221	1
1482395	1509049	1
8224555	8221620	1
4258607	4258608	1
12609939	12609940	1
7327006	7327005	1
6470028	6470027	1
7959625	7959626	2
5656292	5656693	2
1505513	1505514	2
5937495	5935963	1
4219914	4219913	1
12294432	12294214	1
6045130	6044525	1
8691265	8686324	1
1725808	1725807	1
1075797	1077108	1
11523490	11523449	1
10731755	10731091	1
658967	658963	1
2628385	2628391	1
7833192	7833191	2
10738800	10739091	1
11498593	11453036	1
16315	16316	1
9304082	9304084	1
11726141	11726142	2
6530723	6526697	1
5744563	5880461	1
7241761	7241762	1
5490978	5489910	1
10062137	10062140	1
3151053	3141650	1
9365006	9365005	2
11224072	11252452	1
10426844	10427806	1
9915584	9915583	2
3696095	3696084	2
6619977	6619909	1
6582350	6580534	1
3468502	3469869	1
5307887	6991013	1
9194662	9191586	1
386457	383307	1
12415048	12415045	1
6814892	6814889	1
1586083	1586084	2
2317697	2317698	2
3903505	3903506	1
11568832	11553426	1
620290	620289	1
5696108	5696105	1
11492246	11492243	2
5991310	5991309	2
6279517	6278487	2
7715135	7715012	4
3387568	3387567	1
10978540	10978539	1
3636602	3636601	1
10814546	10814972	1
7640398	7640051	2
2982655	2935654	1
7148895	7148896	1
9148699	9148727	1
1116173	1112636	2
11892746	11893057	1
9154982	9157019	1
9687304	9691335	1
1342857	1342858	1
11549763	11547389	1
2039270	2039269	1
10433116	10433361	1
12477264	12477261	1
7273909	7273910	1
872464	872544	1
6255680	6255679	1
4023313	4023314	1
7653051	7653052	1
5534518	5533419	1
10683675	10696037	1
12396922	12396921	1
12316759	12316762	1
808523	808524	2
11406575	11406495	1
5598933	5597874	1
11726038	11726037	2
4713897	12762937	1
10433118	10433117	1
8266058	8266057	1
8779278	8779275	1
5517445	5517446	1
6683042	6683041	1
264851	268975	1
12287434	12287431	2
9053625	9044312	1
5384864	5384861	1
2992282	2991645	1
3606433	3598446	1
12406209	12406004	1
11041404	11041403	1
7899749	7859150	1
3318789	3318646	1
5664898	5664897	2
8567213	8567332	1
4118735	1921587	1
2991436	2991456	1
1229686	1229683	1
3808862	3808861	1
6350914	6350913	1
1654063	1654064	1
6729226	6729229	1
2858784	7582319	1
7794160	7791358	1
8345493	8345878	1
12369991	12369992	1
10531431	10531617	1
11748823	11748824	1
496826	496729	2
2213647	2213648	1
7969039	8890609	1
10091898	10105049	1
4212824	4217674	1
114698	114697	2
9572045	9571909	1
10891853	10891854	3
938812	939165	1
6422380	6420810	1
6391915	6391916	3
3566065	3566068	1
5648094	5648993	1
7107340	7113617	2
7278409	7278597	1
5952246	5952243	2
2291414	2291315	2
7305654	7256840	1
11383020	11382413	1
6188610	6188639	1
5672881	5672882	1
12343354	12343444	1
5367538	5367537	1
7277945	7325093	1
3383503	3383267	1
6140610	6139329	1
4416677	4416678	1
10828022	10828021	2
9794461	9794462	1
10889967	10889968	1
3645976	3645975	3
760278	760062	1
9835956	6130374	1
1724513	1724514	1
7121546	7121545	1
2657367	2657368	2
1043620	1041132	3
10410679	10410682	1
8575009	8575373	1
1338093	1335304	1
1731366	1644384	1
3597342	3600999	1
6432390	6432389	1
9741495	9740227	1
4122239	4121862	1
7446245	9874480	1
11117914	11116510	1
11224184	11242743	1
971944	971943	1
2007117	2007084	1
9728533	9728550	1
2005734	2005949	1
9708758	9708750	1
3933981	3932073	1
9108601	9108602	1
11513143	11513144	1
12477264	12477259	1
12690118	12690117	1
518939	518839	2
11062601	11062593	1
11054164	11029168	1
4372641	4374870	1
8961085	8955194	1
7310379	7310380	1
6173840	8568142	1
5617915	5617918	1
7911705	7912091	1
6039457	6039219	1
11707014	11707052	1
8889507	8889508	1
5259489	5276256	1
9564782	9564793	1
5166329	5176922	1
9364343	7709487	1
11770567	11770568	3
8868928	8870995	1
6130858	6128576	1
6487014	6504866	1
5732656	5733127	1
1905367	1905368	2
1066269	1060684	1
5758235	5757092	1
2223344	2223343	1
1170921	1164814	1
418447	6531888	1
5772168	5484663	1
464650	11787242	2
3153329	3153330	1
4389649	4389650	2
5970068	5970070	1
7433244	7433256	1
2422767	2422772	1
12531311	12531312	2
3067189	3067383	2
6127914	6128417	1
5765977	5765978	2
10110001	10110002	1
12746463	12746464	2
9198201	9198197	1
10101869	10101870	1
5626337	5626338	1
8428159	8428160	2
4191695	4191696	1
6045011	6043095	1
8761432	8757454	1
10087134	10081392	1
12429878	12429901	2
2655370	2655369	1
9189464	9189463	2
5350456	5429982	1
295940	293096	1
4064735	4064740	1
8005262	8000709	1
7256276	7256283	1
4183058	4183062	1
8892236	8892260	1
12754301	12754304	1
2786622	2786619	1
4371784	4371783	1
1009209	1010069	1
6481932	6481931	1
6267201	6267202	1
11726040	11726037	1
4567034	4567033	1
9254062	9254025	2
638004	638003	1
5235323	5235324	2
3606435	3598446	1
7183943	7183946	1
5277072	5267207	1
7995663	7995668	1
3168600	3168709	2
9089998	9090012	1
3145468	3143022	1
2429716	2429715	1
6549531	6549534	1
11573326	11565400	1
11627881	11627882	2
7438172	7438573	1
7639677	7639678	1
6097192	6097191	1
66246	65777	1
6138173	6138154	2
7202045	7192980	2
10520540	10235093	1
4175591	4165091	2
6994098	6994093	1
10637007	10655723	1
8531854	8531851	1
9357079	9357080	3
5134337	5134338	3
11956208	11956193	1
4767411	4767412	1
1882860	1888505	1
10235240	10235410	2
8424742	8425334	3
2137808	5741911	1
11835725	11833992	1
4150171	4168883	1
692595	692596	4
5781836	5781835	2
7129615	7129616	4
5847756	5844003	2
9357088	7706762	1
6852350	6852349	1
7614171	7611462	1
3070413	3070385	1
2908667	4137580	1
2597913	2597916	1
9468541	9468542	1
2765991	2765992	1
9691336	9691335	1
3667797	3667819	3
8951854	8953393	1
1359410	1357997	3
8368608	8368607	1
11698661	11698662	3
2629925	6950215	4
5247641	5247642	1
10037546	10037531	1
8473117	8468745	2
8255824	8260267	1
11872379	11873183	1
2863644	3127344	2
1184100	1184099	2
701496	701585	1
159982	159981	1
10062787	10062788	2
10442570	10440211	1
12377168	12375765	1
9737787	9659522	1
1969002	1969001	3
8103845	8103846	1
3928340	3928317	1
9559042	9559018	2
8398081	8398763	1
9672536	9672526	1
12245587	12245590	1
5070428	5070427	1
6708572	6708571	2
6450338	6450333	1
1110640	1110639	1
8442772	8442771	1
2392892	2392891	1
7047589	11173192	1
1198351	1198352	1
12790623	12790626	2
12522143	12522144	1
6419392	6418850	2
9010285	9010434	2
8618236	8615138	2
2150899	2150900	1
11237733	11237734	3
3699914	3699913	1
4995140	4994353	1
1954989	1954990	1
11890112	11890151	1
5708160	5708158	1
7115992	7115995	1
922478	922422	2
6814994	6814993	5
5078176	5078175	1
4754176	4754175	1
1323189	1323306	1
5409796	1735455	1
9098687	9098688	4
678814	679620	1
5194031	5263264	1
5089772	5089754	1
8359565	8359566	1
7637921	7637924	2
7443989	7443979	1
6441801	6441802	1
168478	168505	1
3742661	2676768	2
9685884	9685883	5
6566259	6566200	1
6582861	6582862	2
8487831	8487832	1
4269645	4269636	1
6130251	6130243	1
3977285	3977080	1
7447446	3116477	1
8570860	8570846	1
9029813	9029816	2
2795661	2795664	1
7250502	7250499	1
1891894	1891893	1
2551536	2551531	1
5636218	5635426	1
9977734	9977809	1
6475538	6475535	2
1490624	1490479	3
6566202	6566201	2
4195123	4195124	1
8749981	8749982	3
2444467	2445059	1
3558863	3752651	2
599812	599809	2
4530185	4528345	1
3691287	3691102	2
12154010	12153479	2
4617748	4617752	2
8173147	9264195	1
1126082	1128348	1
8128867	8128868	2
6172929	6216006	1
2667488	2667487	1
8255824	8255823	1
6796918	6796917	1
11788781	11788782	1
10911662	10907844	4
1046708	1046707	1
461161	461162	1
452973	452974	1
5640173	5640174	1
1737325	1737326	1
3501266	3501612	1
7274587	7274676	2
8306927	8306928	1
5910640	5910635	1
718819	719421	1
8073674	8073651	1
1011344	1011384	1
9835815	9831483	1
10361804	10361801	1
8517869	8372191	1
586160	585142	2
5126344	5121806	2
6722323	6466516	1
5973108	5973027	1
10300171	10300172	3
768991	769595	1
1357014	1356993	1
4378788	12165224	1
2515195	2515208	1
3709290	3709287	1
5256055	5253849	1
6739070	5926915	1
10354815	10352441	1
7960179	7960171	1
5184039	12121383	1
6967917	6962938	1
6439559	6280184	1
3499515	3499516	2
1007999	1008000	1
5937333	6130363	1
12649988	12748787	1
939231	941354	1
4735410	4735407	2
10650671	10650672	1
9161189	9161203	2
5180987	5180988	1
6925928	6925923	1
6482681	6482682	1
991358	969599	4
6759422	6759419	1
3681706	3681705	1
7803690	849849	1
6588352	6588351	1
1748529	1749213	1
6367122	6367136	1
8342941	8342942	1
7140433	7140180	1
5664885	5664886	2
9959266	9959265	2
8475503	11617543	1
6756509	2368545	1
9767742	9768627	1
8468496	8468495	3
11402288	11402291	1
5642326	5642325	1
4902246	4902245	3
12612377	12612547	1
2212486	2214245	2
7190734	7190712	2
4707817	4708470	2
320814	320443	1
1920842	1918628	1
604292	604291	2
7140183	7140432	1
4233459	4233460	2
3168601	3168602	1
1972612	1972073	1
10062789	6834676	1
11859316	11859315	2
5951400	5951397	1
5620873	5620874	1
2591329	2591330	2
11462845	11462848	2
1126082	1126081	1
10596487	10596490	1
1928995	1930940	1
4614830	4614829	1
103159	103160	2
6952063	6952064	1
7739883	7739884	1
6597113	6597114	1
406957	406960	2
2048080	2047248	1
10133290	10133791	1
7046947	7046948	3
4552152	4552151	1
9464922	9464921	1
6654931	6654932	2
4416502	4416676	1
5646018	5648695	3
1899283	1899284	1
6738341	6738344	2
1244812	1244807	1
7840156	7840155	1
5340285	5340292	1
8842372	8840483	1
12015167	12119124	1
8046151	8046152	1
5912996	5912993	1
4753386	4753385	1
2505138	2505140	1
6395340	6395339	2
11451536	11451643	1
558799	558800	1
3163973	3163974	2
4775867	4775868	3
6026389	6026390	1
7026185	7023891	1
6648228	6649326	1
5972423	5972568	1
8296966	8330046	1
2701317	2701461	1
5861621	5861873	1
370584	370223	1
9439333	9439342	1
10759669	10531707	4
7585921	7586059	1
1647682	1640618	1
6640387	6640444	1
3876423	3876424	2
10552853	10552854	1
10990167	10987563	1
2147177	2147178	2
6684452	6684451	1
5835799	5835800	1
647836	647109	1
5463792	5463791	1
5325588	5325587	1
10673884	10673883	2
3760565	3817165	1
1269133	1269156	1
2641805	6949149	1
4185305	4185306	2
7428634	7428630	1
10571721	10571793	1
7661391	7661293	2
10434573	10434574	4
9151278	9130197	2
5961400	5960096	1
7847162	7850491	3
7808520	7934462	2
5676036	5676035	2
11442729	11442733	1
2995719	2980136	1
7830417	7830602	1
8545559	8545013	1
7940958	7940955	1
3595846	3599957	1
364418	364417	1
3874867	3856818	3
8097268	8096462	1
10411233	10411859	1
6866263	6866264	1
6519129	6519132	3
4556182	4545441	1
1789796	1789795	1
6023056	6023055	2
5788880	5785033	2
6857804	6857940	1
5986374	5986373	2
11819900	11819899	2
8427934	8429266	1
8414886	8403149	1
5915987	5911345	1
6724706	11939113	1
9865712	9865698	1
2478325	2478326	1
5310278	5310897	1
8567213	8567330	1
10986513	10988424	1
3732069	3732078	1
6888228	6887227	1
7111302	7111306	1
6793400	446624	1
6600070	6600069	1
4799907	4799908	1
9477130	9477129	1
961083	959957	1
6719505	6719509	1
9387246	9384547	1
2365071	2365072	4
1308339	1322508	1
3594878	3594886	1
10888523	10888878	1
1607821	1607824	1
512964	512961	1
11516797	11516804	1
7914641	7914629	1
4374285	4374286	1
6725841	6725842	1
10847563	10847566	1
5826771	5826551	1
12690120	12690119	1
9827882	9827905	1
951106	951105	1
10576780	10586240	1
9431830	9432009	1
9813879	9814522	2
3216813	3216814	1
9469034	9469033	1
12294654	12294651	1
11487021	11475033	1
1541882	1541879	1
7338719	7338720	2
2165783	2165786	1
1616459	1616460	1
3371501	3371517	1
1543758	1543743	1
7731670	7737706	1
5134339	5133750	3
12051750	12051749	1
1452431	1450567	1
8827577	8827872	1
8759444	8757626	1
7899753	7859150	1
10261593	271831	3
11134484	11139242	2
6102979	6102980	1
10477065	10479904	1
7184149	7184150	3
4381643	4381644	1
8397997	8398000	1
3114670	3008160	1
4819359	4819360	2
7842930	7842928	2
5099589	5099598	1
4193479	4193480	1
1568104	1568103	1
5351388	5781841	4
6432289	6432332	1
5267904	5267837	1
3714282	3714281	1
4064985	4064986	1
4837854	4837853	3
10983304	10982821	1
6206655	6213508	2
8514142	8514312	1
11864136	11863046	1
9229309	9229310	3
3444100	3444099	1
10508315	10505425	1
7526583	7526584	1
10978548	10978547	2
3543408	3543410	1
584407	584408	3
11625081	11647013	1
10225780	10225779	1
6311009	6311010	1
3040867	3040868	2
2357594	9787996	1
1075781	1075782	2
9771613	9771614	2
9791990	9805264	1
2729303	2729304	1
4347441	4347442	3
8281125	8280074	1
800475	800483	1
712505	733185	1
6990818	6990815	1
8638592	8638587	1
10066200	10066198	1
5155509	5155510	1
12513012	12513011	1
10701261	10719310	1
3647523	3647524	2
6738341	6738781	1
480445	480448	1
9749283	9749284	1
1995998	1995997	2
11910823	11910816	2
11127741	11127742	2
2893765	2893766	1
8375919	8375922	5
4041962	4041961	1
6725148	6725147	2
808287	808288	1
11221810	11222754	1
8518674	8347891	1
8327871	8310534	1
701497	700821	1
6156361	6156689	1
5543622	5543649	1
8745882	8745881	1
5830377	5830378	1
6504621	6504582	2
2322599	2322467	1
4356589	4356592	2
3469167	3482819	1
12317897	12317991	1
3142346	3142345	4
7912665	7912917	1
8465724	8465072	3
7265031	7265032	2
406961	406962	2
5630086	5616659	1
4384434	4384722	2
2522034	2380407	1
5835529	5840037	1
4284594	4284617	1
6905761	6905927	1
4416116	4416647	1
1627271	1616157	1
3808602	3808601	1
11318599	1121300	1
835616	835615	1
8026981	8026983	1
11408183	11408186	1
7222054	7222053	1
11281644	11285458	1
11551613	11551614	1
1463845	1463846	1
1000489	1000490	1
354615	354616	1
4689839	5844935	1
6064352	6064424	1
10738802	10738801	1
7931783	7932945	1
6122441	6122090	2
8428806	8428805	1
4995138	4994353	1
12420280	12429294	1
11461781	11461784	1
4146809	4141526	1
12814300	12814299	1
5982406	5982448	1
10971934	10973753	2
5272982	5272981	1
584409	584412	1
4713590	4712763	1
3027305	3027306	1
8714565	8714570	1
7084492	7084491	1
4064404	3975203	1
8170565	8170566	1
9462400	9463396	2
6280091	6279327	1
2441892	2441891	1
4594091	4594070	1
7942983	7939587	1
8465073	8465074	2
942307	947219	1
5727969	5727970	1
782785	776182	1
7859151	7899752	1
7416411	7420568	1
8429744	8429743	2
5641941	5642327	2
1102817	1102818	3
10401034	10663834	1
45086	43632	1
8305907	8539775	4
115355	164036	1
957095	957096	1
7426886	7426885	2
6796916	6796911	1
3661579	3661580	1
5927202	6739002	1
4024238	6739037	1
4373850	4374966	1
5872416	5872413	1
11420683	11420684	1
6143849	5955945	3
11938112	10837053	1
7260392	7261195	1
4981779	4981780	5
5024150	5023973	1
6080630	6073007	1
7921573	7921191	1
3707122	3702324	2
3049017	3049011	1
5306876	5306873	1
992667	108781	1
2368696	7576333	1
8066931	8066932	1
7249668	7249667	1
6812926	6814995	4
12209609	12209610	1
7184151	7184152	2
9369705	9369706	1
9850315	9850316	1
3659959	3621618	1
5136935	5136936	1
7307753	7307754	1
5218872	5228954	2
5289809	5289796	2
8456167	8370243	1
8040342	8040361	1
7681425	8725599	2
4753384	4753387	1
11440277	11439761	1
9925318	9925317	1
580737	6784483	3
2316167	1578369	1
12353881	12357120	1
4567032	4567031	1
7360844	7369684	4
3324751	3323903	2
2839220	3322718	1
5738659	5738660	1
2941339	2930226	1
8038261	6678864	1
5742714	5742713	1
5650086	5650124	1
8762211	8762212	2
1088826	1088819	2
4595037	4595038	1
12513010	12513009	1
3484097	3484098	1
1065775	1065778	2
8275419	8275277	3
5835799	5835802	1
3227569	3223923	1
3694617	3701663	1
6475202	6475206	1
6109832	5274876	1
4108401	4108402	1
4683735	4682216	1
5234742	5234739	1
4786237	4786936	1
3070076	3184629	1
6227635	6227636	2
5427086	5426680	2
8636087	8635462	2
2893767	2893768	2
11037179	11037182	3
7839772	7839760	2
5566671	5566672	2
1979121	1972952	1
1940788	1957274	1
4006443	3726986	1
5145704	5186353	1
7473468	7473467	2
9381640	9384385	1
9544425	9544426	2
7172200	7172199	2
4264671	4265233	1
3833176	3833173	2
10585206	10702501	1
10759667	10759668	3
8482719	8482720	1
1967095	1967096	3
8684572	8684571	1
11407808	11407807	4
6364338	6361566	1
2294421	2294422	2
2817359	2814695	1
10411974	5173824	1
3732069	3732076	2
1510376	1265294	1
5477601	9468540	3
1749097	1749100	1
4426320	4426319	1
7821012	7820984	1
6000285	6000288	1
4236663	4236622	1
6686329	6685546	1
5205049	5205050	3
825272	823872	1
11918233	11918234	1
2267847	2470536	4
785923	785924	1
12370650	8343562	2
12303410	12303473	1
3022177	3022178	4
11504501	5474068	1
9149649	9149650	1
8368229	8368230	2
4653703	4653704	1
5538140	8839529	1
8964162	8969014	1
3295810	3295975	1
1011385	1011386	1
7227628	7227616	1
12316706	12316710	1
6122573	6122574	1
6600931	6600932	2
2639594	4119099	1
8845351	8847402	1
1980663	1151314	2
8191369	6211525	1
7311471	7311610	2
11069351	11069352	1
7353874	12471350	1
9784849	9784850	1
10062787	6834676	1
8418265	8415990	1
10831989	11081104	1
6860087	6860088	1
3738031	3741742	2
3250639	3252559	1
3653148	3648565	1
6171095	6171096	1
11616892	10437968	1
5713914	5712951	1
7637921	7637922	3
3876719	3853201	1
10896213	10896214	3
11944319	11944320	3
9644077	9702127	2
10247002	9921085	1
4577283	4577557	1
3661960	3661879	1
9107800	9108225	1
9629218	9629401	1
12692269	12692270	1
4093868	4093867	1
8860490	8860546	2
7036305	7034144	1
1992262	1992261	2
11992696	11992577	2
4701783	4701784	1
8069762	8076242	2
3618277	3625724	1
7092009	7092010	1
10585843	10585844	2
751949	744067	1
6248310	6248289	1
11623304	11623303	2
2515207	2515208	1
11262860	11261579	1
9687304	9691337	1
1873253	1877519	1
1042884	1042883	1
7285544	7285543	1
8053244	3570943	1
3690313	3692605	1
8078633	8078634	2
8378748	8378739	1
1347648	1348213	1
1410313	1506170	2
7807466	7807443	1
11530816	11530776	2
5894315	5903697	2
5503831	5503825	1
112776	1888438	1
3236539	3236558	1
3252233	3252234	1
10828629	10828630	1
1698018	1699592	1
5146479	5146480	1
5527061	5527062	1
12168335	12168336	1
12480128	12480126	1
5208229	5306877	2
6158002	8444121	2
12171954	12171868	1
7249672	7249671	1
6559294	6559293	1
9633277	9633280	1
5260929	5276283	1
10447376	10449120	1
7640400	7640399	2
2868748	2868747	1
5325586	5325585	1
8078635	8078636	1
3651122	3648647	1
6649841	6649842	2
628431	628432	2
7452007	7452010	1
3817069	3817070	1
11470176	11470173	1
5463827	5463830	1
11577477	11577478	2
10915490	10915510	1
7843962	7843981	1
4675283	4675196	1
7750262	7743164	1
318995	320685	1
8408753	8408754	2
11453246	11453300	1
9948205	9947636	4
8455722	8455725	1
1107450	1108942	1
4384272	4384165	1
676813	674932	1
9854154	9850314	2
7819255	7819256	1
3034151	3034469	1
5432042	5432041	1
5815668	5715617	1
1778126	1778125	1
2878635	2887064	2
8842577	8842339	1
7438572	7438426	1
3247375	3246467	1
10097316	10097315	1
4855603	4201930	2
3546251	3548254	1
7537507	7537037	1
8224496	8224716	1
5738657	5738658	1
6585897	6585898	1
11500174	11500171	1
1046837	1048613	1
3345507	3345508	1
9679649	9679678	3
2478323	2478324	1
2193481	2189867	1
7737240	7735230	2
8523560	8523559	1
9974485	9974512	1
2254848	6054923	2
12029127	12029201	1
3534957	3535296	1
1079146	1079139	1
5276695	5276696	2
7135957	7124996	1
5986374	5951257	1
5409997	5409998	1
11493366	11494773	1
940921	8511797	1
10439635	10441820	1
12424148	12424147	1
399834	399866	1
8748371	8747803	1
5617913	5617914	2
6913852	6913782	1
11170173	11170177	1
930424	928165	1
6002141	6002129	1
11589917	11589918	1
2889594	3033528	1
9152781	9149533	1
6582901	6785483	1
3226799	3226800	1
4502250	11198952	1
8416161	3093841	1
12296533	12296534	2
5081647	5081668	1
3770593	3681705	1
2434074	2434073	1
8388132	8388131	2
4756746	4693956	1
1596421	1596453	1
3045479	3044932	1
5694304	5695252	1
2209172	2224959	2
146593	146594	1
10589761	10589776	1
11709341	4520536	1
729867	729870	1
3717042	3717041	3
8429746	8429743	1
2621874	2621873	2
3632456	3632576	1
628431	628434	1
3637472	3637471	1
1287705	1287706	1
902939	902940	1
11875924	11875923	2
3672101	3672104	2
7089916	7089915	1
22121	22124	1
4549531	4549519	1
12654146	12654145	1
8024770	8026363	1
1180423	1178367	1
653046	652335	1
4732819	4723645	1
6552429	6552430	1
5068472	5068471	2
11494755	11531891	1
841860	842857	1
12227428	12261484	1
6125946	6125945	1
8293610	8293547	1
8330006	8316360	1
4634944	4633237	1
2518642	2518641	1
8863481	8863482	1
1415814	1415817	1
9661875	9661823	1
11281989	11280125	2
9495155	9295911	1
12042053	12042054	1
9149166	9149165	3
1436040	1436129	1
11831995	9304086	1
3696085	3697995	1
9505673	9510542	1
8468800	8468799	1
9842452	9842451	1
740925	740926	1
1696606	1696367	2
155870	155869	1
9154494	9154493	2
3010059	3010339	1
7431355	2348623	1
4705665	4705666	1
895164	895161	1
8524642	8524639	1
11874040	11874903	3
8701829	8701830	1
1899080	1899075	1
4216647	4216648	2
12294430	12294214	5
3022179	3021994	1
7643379	7643380	2
10924962	10924961	1
1115755	1115756	1
5462618	5462686	1
5307887	5307888	2
5724247	5724322	1
971946	971943	1
6684454	6684453	1
6456876	6456871	1
590087	601149	1
5458036	10607119	1
10597368	10605722	3
271830	271827	2
5692445	5692383	1
10996401	10998816	1
3791653	3791654	1
346773	346774	1
6947149	6953590	1
2607931	2609412	1
4429695	4429696	1
9293450	9308331	1
6502979	6503047	1
10095903	10096448	1
12205223	12204130	1
8224553	8224554	2
9835993	9835981	1
10882966	10876454	1
2084749	2084750	2
6467076	8848220	1
5024152	5024151	3
5400933	5400934	1
5453192	5453191	2
6432287	6432288	2
3339059	3339060	1
5605990	5602573	1
4053853	4058543	3
5732327	5734410	2
3699891	3699915	1
10042670	10041004	1
4756629	4756630	1
9587576	9587441	1
2335271	2335272	1
5144121	5144122	1
11335185	11335186	1
9130995	9130997	1
8468494	8468493	5
6708574	6708573	2
8605631	8605632	1
11868541	11868544	1
5800197	5800198	3
11322197	11321466	1
922536	921818	1
2346837	2309608	1
9259681	9255414	1
759111	759112	3
8682484	8682286	1
2193036	2193035	2
10823443	10823444	1
7886068	7890850	1
1908753	1908756	2
3142050	3142049	2
12270659	12271436	1
824567	824564	1
8150761	8150762	2
7180426	7180423	1
6003467	5424425	1
9786415	9786426	1
9394247	9394240	1
341729	341730	1
8802827	8802829	1
3475595	3475596	1
19557	13895	1
4504882	4504850	1
3632335	3632336	1
1067444	1067443	2
4798891	4798896	1
9291412	9291430	2
2040819	2040820	1
3600116	3600089	1
7951773	7951774	1
3473945	3473946	1
6834413	6833520	3
2583725	2583726	2
10604945	10601806	1
10749614	10703693	1
864204	864320	1
10502375	10502376	1
6731836	6731768	1
1922638	10870823	2
6186216	6186220	1
4676397	4672528	3
1021656	1021655	2
5260927	5260928	2
1954991	1954072	1
8903783	8902550	1
285354	285341	1
5491490	5491489	3
12028075	12019747	1
9784583	9703189	1
10725728	6862155	1
914473	914474	1
6667755	6667756	1
9955508	9955697	1
2639849	2639823	1
4040047	4028349	1
9784733	9784729	3
4323417	4310322	3
651345	651354	1
10054766	10055745	1
10238691	10238688	1
11361086	11361085	1
11315100	11315097	1
12195319	12195320	1
5842533	5842534	1
1091470	1091476	1
4619480	4619479	1
9468543	9468556	1
5412828	5417741	1
7777747	7777501	1
6442224	6445958	1
2786200	2786195	1
5850812	5850811	3
583303	586332	1
4677380	4677379	2
10967841	10967842	3
11527339	11519120	1
12245587	12245588	2
8889505	8889506	1
8455365	8456417	1
1467808	3500065	1
4575910	4576314	1
7931171	7932057	1
3240403	3240404	1
1328163	1328164	2
11188956	11188221	1
2282339	2282340	2
2557783	2557784	1
10737079	10735407	1
2221996	2222008	3
11596249	11596250	2
971946	971945	1
5783825	5785177	1
11876493	11875965	1
10749555	10749969	1
7969037	7969038	1
2174743	2174746	2
5810212	5810200	1
9119328	9119323	1
3095576	3097995	1
4831563	4831512	1
11325206	11325124	1
10348221	10348222	1
8063798	8067028	1
4832756	4832755	1
4788436	4789218	1
9327758	9327511	3
11155007	11152255	1
5235323	5235326	1
11565162	11565157	3
11270191	11270411	1
9085155	9083564	1
5711914	5711999	2
7339753	7339754	1
1686856	1686855	1
10446200	10446199	2
5358193	5358194	2
5047942	5047941	1
8521854	8521853	1
10015009	10015010	1
10271225	10251522	1
9087236	9087224	1
20458	20512	1
1892591	1892592	4
9596265	9596215	1
3049096	3049268	1
8072679	7446266	1
11282895	11283094	1
6973452	6916884	1
12369937	12369938	1
7154914	7154917	1
12456035	12456043	1
2515195	2515206	1
9304082	11831994	1
12332938	12332937	3
11970168	8750143	1
11054239	11054291	5
5869356	5869244	2
1581441	1581443	2
570339	570340	1
11185489	11185271	2
11410126	11410125	1
4587058	4434438	1
11402290	11402289	1
4576458	4576457	2
4538476	4538475	1
5207278	5306166	1
10560893	10560894	1
9626139	9626140	6
4201308	4201305	3
5982001	5982002	1
6405949	6405952	1
5705956	5705954	1
6670269	6670224	2
11224866	11224861	1
8971201	8971202	2
9850870	9850707	2
8428902	8427787	2
8005111	8000659	1
8301131	8513092	1
745990	746058	1
11036896	11037191	1
8425017	8422157	1
12654702	12748765	1
6506634	6486585	1
11545485	11541131	1
8696265	8696243	2
959505	959506	2
3548474	3548471	1
5139963	5139959	1
10777967	10777970	1
11679597	11679598	2
1594690	1594689	1
2267037	6765670	1
7430357	7429068	1
4958329	4958316	1
2502372	2502371	1
6784652	6784651	1
7078159	7078143	1
9521315	9521316	3
8189585	8189586	1
9011737	9011738	1
8974259	8974167	1
3202356	3202372	1
1613537	1613538	2
8173929	8079227	1
1965130	1965129	2
4028310	4028459	1
12533760	12517282	1
5351575	5351576	3
365532	4000046	1
12129160	12128521	4
8782959	8782960	3
6013665	6013672	1
12345440	12362387	1
8567858	8567884	2
7738990	7741398	2
9468541	9468556	1
11905668	11905667	1
9357079	9357084	1
478803	6786534	1
4304229	4304566	1
2324038	2324064	1
11656444	4819358	1
4058542	4058541	2
3631419	3631327	1
9596456	9596455	1
12450792	12450811	1
6023054	6023053	1
6027906	6027867	1
824748	823028	1
4450553	4449062	1
2814217	2814218	1
12044511	12044493	4
6003907	6006386	1
4738276	4738273	1
2371066	2370691	2
5430208	5431865	1
6539922	6476539	1
3672085	3672100	3
4599612	4599609	1
9978229	9975881	1
8920712	8920673	1
8357755	8611071	2
11087610	11087839	1
1979130	1986595	2
6580629	6800396	2
7274677	7274678	1
11446126	11446125	3
6168898	6168897	1
10502650	10502649	2
1905369	1906683	2
11536155	11536156	1
8152780	8064029	1
7138978	7139001	1
11180631	11180632	1
7158736	7158735	1
2442554	2442553	1
2787853	2787856	2
2557492	2557782	1
4796464	4796386	1
6677962	6675741	1
4078312	4078309	1
6610146	6574621	1
2773604	2773556	1
10160033	10160034	1
11300367	11300368	1
8725892	10061179	1
5901816	5900130	1
9237439	9235804	1
2887069	2887070	2
12266063	12298457	1
9304085	9304086	1
5049196	5049195	1
1670637	1670696	1
2765993	2765994	1
7841068	7840945	1
5376278	5376277	2
9299043	9298285	1
4216649	4216650	1
1266701	1266702	1
11275010	11275009	1
3870028	3874327	1
9469038	9469035	2
8342939	8342940	1
2711443	2709900	1
5340285	5340290	2
6210857	6210858	1
6566258	6566254	1
2445466	2443566	1
1074903	1083438	3
7537684	7537915	1
7339918	7339907	2
11041406	11041405	1
1965252	1965249	2
9584152	9584185	1
10540921	10540922	1
7850266	7852579	1
10705449	10705450	2
8572695	8574847	1
11031069	11031057	2
5141874	5142242	1
376651	376652	1
1131999	1132009	1
9603859	9603860	1
4741887	4741919	1
4610998	4610204	1
8946103	8946104	1
11907817	11732369	1
5235325	5235326	2
4999303	4999384	1
3934945	3934959	1
1456700	1456699	1
3228142	3228141	1
6934544	6934536	1
7155368	7265340	1
4164705	4168998	1
5898779	5898780	1
4086017	4086018	1
7818032	7818031	1
124536	124531	1
3461452	3461330	1
10172125	10172126	2
1260231	1550030	1
1919835	1919836	1
667761	667762	2
4026014	4026016	1
4288380	4288195	1
5773901	5775955	1
10089375	10017529	2
3791655	3791656	1
11376812	11363735	1
6925928	6925925	1
8802827	8802831	1
730268	730267	3
7575387	7575286	1
1985997	1982021	1
8864939	8839057	1
3300805	3300808	1
1040937	1043630	1
4600960	4601948	1
3622293	3622298	1
11486794	11486786	1
9064553	9062848	2
10673369	10673592	1
584835	583291	1
3856819	3856820	2
185189	185191	1
10731031	10683648	2
2237001	2237075	1
11595183	11581848	1
3027356	3023691	1
11515983	11516923	1
4201310	4201309	2
7467462	7467479	1
11516797	11516802	2
9824702	9824798	1
9186653	9186654	2
3762551	3762554	1
11296963	11296917	1
5738657	5738660	1
2208152	2206335	1
1145249	1525345	3
8052966	8052965	1
11425648	11425199	1
8892238	8892237	1
3808612	3808611	2
143334	143337	1
4685725	4685726	1
10455450	10455843	1
6994349	6994350	1
2376624	2376623	1
3714275	3714283	1
4258605	4258606	2
11493414	11493413	1
1116554	1116553	1
1188657	1188649	3
2352292	2478570	1
5430210	5974503	1
6163906	6163903	2
8234761	8232791	1
7627031	7643378	6
3749447	3749448	2
8971201	9229098	1
11004184	11004166	1
5277241	5277187	1
540402	632373	1
9291679	9291750	2
6925924	6925923	1
4307041	4307042	2
8599511	8599512	1
1922345	1922348	2
6784482	6784479	1
10801217	10802213	1
11918562	11918752	1
355706	355705	3
3547432	3553070	3
10404069	10405166	1
8905349	8905350	1
8368606	8368605	2
2523464	2523463	1
48251	51015	1
932836	832893	1
8540695	8540696	1
4244566	4243865	1
3230992	3230981	3
5043215	5044026	1
2753411	2766809	1
7612377	7612380	1
5429162	5429161	2
6582901	6785485	1
4010311	4010312	1
3633305	3633308	3
6558178	6558073	1
6364343	6356353	1
3817067	3817068	1
7506845	7527752	1
12491029	12491030	2
7959627	7959628	2
11505564	11505648	2
8228539	8228544	1
3529424	3529403	1
6136446	6136421	1
10872686	10872665	1
1783212	1783491	1
11135406	11140014	1
3254998	3108320	1
12244047	12244048	1
5991650	5386185	1
4528443	4524330	1
8072172	8308568	1
11413859	11413946	1
7220378	7220337	1
11485242	11485278	1
9264194	8171672	1
3360106	3360105	2
4623151	4623142	1
4632809	4634937	1
8339521	8339522	1
647079	645547	2
2491436	2491435	2
5810251	5810252	2
786522	786521	3
4602479	4602480	2
3748257	3747961	1
10407594	10407581	1
9808795	9808820	2
735160	735159	2
3533203	3536102	1
10728058	10726909	2
8088945	8088890	1
803990	803989	2
9176973	9184505	1
11410130	11410127	2
3020608	3020607	2
193561	193562	3
212601	212604	1
6582486	6582485	1
12391018	12391062	1
11118512	11118511	2
5481888	5772367	1
8858638	8858645	1
6670267	6670268	4
9747682	9747681	2
5736647	5736650	1
11473261	11472554	1
8521856	8521855	1
10698246	10695273	1
3145003	3145004	2
1805125	1805126	1
5264232	5264269	2
6379621	6380579	1
7046949	7047027	1
442373	442374	1
5800199	5800200	2
4844705	4652178	1
11294956	11296960	1
3658494	3658491	1
2129809	1041028	1
12492415	12493048	2
11790554	11790543	1
10740768	10740767	1
8045377	6575442	1
6536964	5927082	1
5939849	5939850	1
5086513	5086514	2
4693959	4694063	2
11640015	11640016	1
6181601	6181602	2
6773739	6773740	1
9045042	9045045	1
9564677	9564678	1
11590927	11590930	1
3992270	3992306	1
803988	803987	2
7644075	7644165	1
1107513	1105681	1
6574783	8046505	1
4535369	4535377	1
9327760	9327759	3
2378409	2378410	1
5731496	5731493	2
3283670	3283669	1
2635650	2635649	1
9739626	11637586	1
2435617	2427051	1
5068640	5068639	1
7422440	7422437	1
8400058	8402448	1
3632321	3632322	1
6640385	6640386	1
6635211	6635212	1
4715710	4715798	1
1672293	1681218	1
787680	787693	1
11956039	11958233	1
3261878	3260919	1
5787615	5787616	1
249306	249305	1
574094	571838	1
2714051	2709279	2
12690120	12690117	1
433313	433309	1
10166570	10166529	1
1066950	1042885	1
8947111	8966836	1
5787398	5791003	1
6737412	6737432	1
3597124	3597138	1
8541376	8541558	1
162967	162968	1
7951465	7951697	1
9646473	9641376	1
5952246	5952245	1
6697228	6697227	2
6835278	10078846	2
7260941	7259760	1
1594692	1594691	2
1550001	1550002	1
3638523	1326363	1
5837024	5825162	1
359861	4064147	1
8052964	8055777	1
9685884	9686985	1
5676590	5676589	4
2222894	2223000	1
5709823	5709824	3
5706388	5704050	2
6380779	6376941	1
12051748	12042052	1
7876288	9292465	1
3360104	3360103	2
4233459	4233198	1
3363706	3363703	1
11623302	11623301	1
5265173	4936399	1
4298627	4297576	1
10399473	10446835	1
2065549	2065550	1
10080624	11710172	1
8860490	8860544	2
12152139	12152140	1
11697478	11697507	1
408693	408696	1
11490493	11490494	1
11470280	11471635	1
3252651	3252652	4
447296	447263	2
5666146	5666145	1
12315072	12315069	1
10173817	10173815	1
8605266	8610861	1
11196137	4174316	1
7236684	7242694	1
495556	492979	1
1540367	1540339	1
2731087	2731088	1
1017640	1017639	1
9626143	9626144	2
2786065	2786066	1
3835531	3835532	2
1126085	1130198	1
11446887	11446890	1
12316746	12316745	2
8909303	8983710	1
8807486	8808424	1
1505511	1505512	4
2950753	2797242	1
7734882	7734881	1
11606275	11606790	3
4426317	4426318	2
2072291	2076937	1
10945462	10945461	1
490620	490619	1
8448037	8446799	1
1084913	1084914	1
5446061	5384865	1
4756631	4756632	1
1669781	1669770	1
8832521	8832522	1
1579704	1579824	1
926849	918997	1
1462158	1462157	2
9096239	9101053	1
5784588	5784587	1
11472468	11472467	1
11407806	11407805	3
10971932	10973753	2
11618710	11617844	1
1139484	1139483	2
420709	415976	1
7660586	7714035	1
9620613	9612398	1
10689569	10688696	2
62412	62364	2
3927284	3230252	1
229077	229080	1
630442	543368	1
5664896	5664895	2
1924429	1924430	1
6349107	5058333	1
12262473	12262476	1
245418	230903	1
6125944	6125947	1
4837854	4701200	1
6215346	6215343	1
5321812	5453193	2
975315	975391	1
1570159	1570160	2
10434571	10434572	6
9529398	9532146	1
8342943	8342944	1
4610998	4611003	1
8696261	8696264	2
2783343	2783947	1
8522478	8294983	1
10871879	10871902	1
2739691	2739713	1
9766085	9766159	1
8529987	8528254	2
304892	303584	1
1256916	1268187	2
8524640	8524639	2
7735966	7735937	1
1041083	1043627	2
11520039	11519029	1
3212212	3212215	1
1549990	1549989	1
1355235	1355238	1
6075183	6075200	3
11871205	11871467	1
11837934	11875925	1
4520537	4520538	1
2216580	2216577	2
6142181	6139801	1
32062	134410	1
8899943	8899944	1
10354448	10354683	1
268912	9169898	1
7004449	7004422	1
7569933	7567505	1
2813711	2813714	1
12307236	12305330	1
6024394	6024391	1
1062596	1062595	1
6664597	6662113	1
1918265	1902503	1
6536600	6536630	1
5457505	5457501	2
5642431	5640704	1
10061182	8725893	1
3952281	3952000	1
192822	192821	1
10457428	10451429	1
3626969	3625099	1
4623772	4623799	1
10898880	1115009	1
2143402	2143358	1
7309727	7309455	1
1204566	1217287	1
2919351	2919352	1
6580861	6580872	1
4596563	4596589	1
6169255	6169256	1
3300805	3300806	2
9724856	9724855	2
4116341	4116342	1
785560	785953	1
5712163	5711599	1
10732026	10736341	1
9232669	9239768	1
10920356	10920355	1
1017985	1013917	1
9447694	9447693	1
5871824	5871823	1
12316763	12316764	1
1249179	1249092	1
2631019	2635653	1
3505291	3505298	1
2028715	2030423	1
4576456	4576481	2
5942272	5942235	1
4708471	4708472	1
1474336	1421682	1
11292853	11293045	1
9058208	9057278	1
6799137	6799138	1
11926574	11926573	2
9925316	9925315	1
10108529	10054894	1
7747924	7747923	1
10296221	10296222	1
6274242	6274236	1
1655222	1655221	1
8341835	8341836	1
9030318	9030317	1
1316644	1316641	2
438866	587178	2
1229713	1229683	1
11488070	11488066	2
5839372	5839367	1
