fend1	fend2	count
852467	852468	1
1760081	1760082	1
11384435	11384436	1
10989704	10989701	1
8016959	8016942	3
9585665	9601551	1
2851644	2851647	1
6237364	6237363	3
11669208	11669207	1
3525699	3525700	5
11471683	11471568	1
7907386	3313702	1
2887890	2887927	1
11836160	575837	1
341652	341647	2
11598803	11600646	2
5086048	5086047	1
8088192	8088191	1
8849697	8849698	1
8797238	8797225	3
1738785	1607796	2
11083487	11083488	1
10610039	10610060	1
8379215	8379217	1
11903484	11903499	1
3984162	3984161	2
4102013	4102016	2
6273661	6273640	1
6486501	6486502	1
5279415	5279416	1
4851539	10467913	2
10171621	10171622	2
83291	83292	1
8198477	8198478	1
11462409	11462410	1
3882786	3882785	1
1741771	1741704	1
3265537	3266029	1
2991377	2991378	1
9091935	9093132	1
7462527	7462671	1
3831375	3831376	2
12398060	12396958	1
6125833	6125719	3
7186881	7216845	1
637920	637919	1
774743	774744	2
4548073	4548074	1
3881447	3881448	1
6709766	6709010	1
9474313	9474314	1
2669418	2669431	1
4502912	4502909	2
5428644	8580494	1
603911	603912	2
10086865	10087073	2
1833815	1533261	1
4791825	4812433	1
8616119	8616120	1
2981849	2981850	2
6086628	6086627	1
769303	769304	1
8222335	8222336	4
5749926	5754696	1
6132056	6130530	1
9024432	9019541	2
8205039	8281791	1
6110679	6110885	1
4329573	4285924	1
202877	202862	1
6406663	6406159	1
5531914	5530919	1
9493175	9493178	1
6714110	6714920	1
4882018	4882017	1
11678691	11247314	1
12482548	12482569	1
287360	287359	3
3001358	3001357	1
12222801	12224618	1
9537838	10068559	2
9513166	9513163	1
7514353	7514354	1
753971	753974	1
9438744	9438743	2
2571723	2571726	1
9816821	9816822	2
6407229	6407230	1
3104402	3104467	1
2414516	2414513	1
2000207	1999067	2
9790617	9790575	1
8548523	8548520	2
7419747	7419699	1
5391214	5391213	2
2877565	2878620	1
6953609	6953610	1
1496921	1496922	1
1013054	1007864	1
5589927	5589919	2
8243790	8243789	1
3309513	3300281	1
7986391	7986392	1
1117369	1058790	1
1482047	1482000	1
2639180	2639179	1
10376115	10376116	2
8972090	8972089	2
12772471	12754843	1
6367494	6367491	1
9575406	9581474	1
10135699	10134338	2
3794404	3792924	1
10584518	10660715	1
2453177	2453180	1
12799024	12796373	1
9439866	9432988	1
8181119	8181145	4
5422314	8578044	1
2349271	2349272	2
1329961	1328019	1
8687468	8687467	1
3533669	3533674	1
8982904	8982888	1
6046969	6046970	2
6714816	6735911	2
10579869	10579628	2
1352601	1352604	3
3977878	3980285	1
3186694	3186693	2
3327991	3327994	2
1633604	1619349	1
1618326	1618782	1
5114481	5114482	1
5120421	5120422	1
6063014	6066085	3
2757630	2757629	1
7851214	7851222	3
1971043	1971044	2
12232492	12232491	1
6392066	6392080	1
632560	635685	1
10296440	10297584	1
6548902	6560430	1
10736930	10733253	1
754263	754385	1
9595262	9595181	2
7848651	7848652	1
2859197	2859198	1
9089745	9089746	1
7289761	7289762	3
10120923	10120957	1
1605482	1605592	2
10339261	10339262	1
10210496	10210492	1
2749424	2749421	1
602481	602482	2
9093131	9093132	2
8616121	8616078	2
1159522	1159503	2
2884757	2892140	2
7986393	7984244	1
7473240	7468723	1
5207866	5207865	1
1575102	1575073	1
12791175	12794406	3
3977433	3977434	1
11078889	11078890	3
923537	832933	1
12438716	12438710	1
5048999	5049000	1
11776367	11776368	1
7160232	7160231	1
11718043	11718019	1
4404637	4404643	1
10690884	10690874	2
8616119	8616078	1
4737624	4740080	1
2357654	2357653	2
11159142	11159130	3
8615372	8615371	1
11583039	11513313	1
10439285	10439286	1
6736306	6735831	1
4874570	4874569	1
8734330	8732643	2
8002559	8002560	1
6709627	6709628	1
11265150	11265149	3
8751869	8751870	2
389522	389521	3
5377234	5455777	2
2286208	2286195	2
4837093	4826623	1
9438742	9675491	2
9916078	9916093	1
3756549	3756556	1
2958186	2958185	1
8649417	8649418	1
129727	129728	2
4479276	4479275	1
4691151	4691152	1
8690689	8690935	1
4230716	4230715	3
6712540	4330618	1
5956925	5956926	3
7483336	7483335	1
4581335	4581336	1
1690542	1690541	1
392249	392252	1
4874545	4874546	3
9668620	9668619	1
9800027	9800158	1
3537671	3537672	1
7295946	7295945	1
3409081	10449705	1
8825757	8818716	3
11146329	11146330	1
4215754	4215753	2
11022690	11022689	1
7788884	7788883	1
11989219	11989220	1
10755409	10756000	1
1125609	1126046	1
7201475	7201476	1
8030889	8030205	1
9706419	9706420	1
9511776	9511775	1
12030708	12033731	1
6775133	6775134	2
1432130	1432129	3
6008531	6008477	2
107337	4386484	1
3260906	3260905	1
181894	174669	4
10254796	10085377	2
8981556	8981555	1
8201766	8213849	3
7012570	7012319	1
5601118	5601117	2
11391983	11391984	1
4230712	4230711	2
3522082	3522453	2
5367874	5367873	1
8719070	8720443	2
8357079	8357080	2
7101159	7101160	1
1395851	1395852	2
862430	862429	1
1228347	1228348	1
2802784	2804496	2
5526559	5526560	1
942513	942516	1
10883186	10882577	1
5591611	5596521	1
425852	966100	2
2286206	2286195	1
6986923	4592451	1
8247280	8247285	2
1165150	1165166	1
5057176	5057175	1
5422607	5422608	1
9791143	9791144	2
3623059	3623062	1
10570760	10571880	1
4329380	4329379	1
5493374	5493373	1
9563924	9563923	1
10207819	10207820	1
12663490	12663489	1
7277668	7277663	1
6997189	4851119	1
272253	268697	1
11031501	11031502	3
7227643	7227646	1
3090409	3090410	1
8535066	8535065	1
6539458	6539457	2
10173692	10173691	1
12752364	12752363	1
8819251	8819254	1
5818606	5818609	1
5713941	5713942	2
3018657	3018658	1
12734998	12734997	1
5629085	5629059	1
1676524	1676523	2
10059352	10048444	2
5468243	5468244	1
4700938	4700935	1
11357371	11357374	1
8603136	8603135	2
4041013	4041018	1
2540275	2540276	1
7604052	7604051	2
8015789	8015790	2
5714216	5760724	1
6407225	6407226	2
3309511	3309512	1
1951334	1951333	1
10202968	6744490	1
3186697	3186698	1
1989033	1994685	1
5467739	5467744	1
4084060	3922032	1
3967820	7392040	1
10554366	10554365	1
1099134	1099133	1
628495	624875	5
8314997	8314998	1
2316966	2316965	1
7967370	7967369	1
9040735	9040717	1
4251989	4251992	1
6561095	6561089	1
6764378	6764377	1
6467740	6467798	3
5476304	5476303	1
7189868	7189867	2
11846142	11846120	2
7200418	7200417	3
4498710	4653442	1
10444412	10444411	1
3022973	3022974	2
2899251	2899252	1
8061123	8061124	1
917027	917028	2
8893080	8893077	1
1736398	1736395	1
6914474	6914473	1
1289182	1289181	2
11319484	11409942	1
5446384	5446386	1
11159144	11159130	1
7101161	7101162	1
292513	292531	1
1604234	1604231	1
40655	44447	1
9432141	9431175	3
5171952	5163350	1
9093637	9093658	1
10187966	10187961	1
182991	182996	1
7399550	7399549	1
10444711	10444714	1
6989309	6989310	1
6432887	6432888	1
9893572	9893571	1
11874240	11874239	1
6524438	9972273	3
10691065	1328818	1
2498733	2498734	1
6500900	6500899	1
12679002	12679001	1
9001689	9001690	2
10242412	10242411	1
9649393	9649396	1
4038202	4038201	1
6714818	6714817	1
5173495	5173496	1
1633474	1633471	1
1667629	1667630	1
9975318	9975503	1
4135225	4135245	2
8913656	8913655	1
12232484	396133	1
8205561	8205033	1
5370699	5343222	1
603909	603912	1
2526119	2526393	1
4044837	4044838	2
9273803	9273820	1
3891268	3741122	1
6462668	6462611	1
11930440	11930536	1
7585838	7585837	1
5713943	5713944	1
11206728	11209896	1
3682082	3682081	1
9384865	9384872	2
2609262	2609218	1
11808036	646398	1
9354720	6134131	2
10760625	10767060	1
10929602	10923032	2
10618049	10618050	1
11156913	11155504	1
9818743	9818744	1
11193654	11193653	1
4432163	4432164	1
7743699	7743700	1
5497191	5497192	1
5469564	5469563	2
7211860	7212026	1
11427122	11427121	3
4864887	4864850	1
12051291	12051292	1
11551112	11551111	2
10452962	4711258	1
9115212	9115211	1
1310435	1310440	1
418239	418240	3
11513588	11513587	1
4787349	4837104	2
10529180	10529179	3
5048057	5045897	4
8073027	8073028	3
9340353	9340356	1
2831045	2831046	1
11115419	11099557	1
4266245	4266246	2
8808101	8807783	3
5579755	5579771	3
5056852	5056175	2
3130241	3129778	1
2374243	2373480	1
7285373	7285250	2
7763920	7763709	1
353976	353975	2
9896058	9896057	2
4064569	4064570	1
4305340	4303871	1
12130553	12130554	1
4131559	4131562	1
9173846	9173845	1
4230710	4230709	3
7698142	7698141	1
12669690	12669687	1
6710766	6710591	1
594849	594760	2
348878	348875	1
10490993	10490994	1
2796300	2796299	1
6257481	6257482	1
9164683	9164700	2
1962332	1962327	2
12199440	12199426	1
1139167	1139168	1
8719394	8719393	1
4467519	4467520	1
2042791	2046955	1
4692379	4692380	2
2498735	2497185	1
7835351	7927215	1
1311674	1304807	2
12564044	12564043	2
1347324	1346474	1
1432024	1429956	1
4321813	4321816	1
9901256	9901255	1
7087428	7087427	1
5600888	5599668	1
5973142	7818076	1
5742480	5742479	1
8701730	8699043	2
11317893	11317898	1
6280032	6280031	3
651036	651230	3
10258684	10257820	2
10185396	3319824	1
4268876	4140079	1
4238162	4237951	1
1831638	1710731	2
11159146	11159143	1
8648758	8666546	1
1860047	1860048	1
2244613	2244614	1
3059433	3059434	1
7928477	7928478	1
10777832	10378247	1
8693014	8693011	2
2583023	2583024	1
9153261	9137986	1
4110936	4110935	1
1077134	1077133	2
10040376	10040846	2
2164947	2164948	2
8192482	8192505	1
2574777	2574559	3
11672504	37582	1
12558339	12558340	1
11223642	11225599	1
3345404	3345395	1
47544	47543	1
9146865	9146892	1
8822971	8819805	2
7532440	7531791	1
11550587	11550588	2
2455723	2455724	1
3674430	3674429	1
7599205	7599206	1
8831960	8831959	1
12611129	12611610	1
8479775	8479530	1
2162033	2162034	2
3116688	3116687	2
9326670	9418034	2
9985754	591423	1
3200598	3200597	1
6471529	6471530	2
10057901	10057902	1
7739518	7739515	1
2138586	2138242	2
10970609	10970614	1
6994672	6847532	3
6913631	6914468	1
5525621	5525622	2
1147142	1147141	1
182997	182998	1
9441521	9441558	2
7029017	7029021	1
11517737	11518435	1
6129196	6129195	1
1228347	1227780	1
10267603	10267536	1
12537002	12537001	1
8181115	8181118	2
3022962	3022961	3
8615364	8615363	1
1745321	1745322	1
1020382	1020381	1
8903268	8898193	1
3484161	3485098	2
9273803	9273818	1
8960901	8960902	1
790803	790508	2
11166082	11166081	1
7648532	7463834	2
9381512	9381511	1
6721090	6721089	1
10444715	10444716	1
9349007	9349225	2
6174954	6174953	1
3091712	3091119	1
3038290	778088	1
6990334	6990327	2
4119653	4119654	2
1534968	1537100	1
3930249	3930250	1
12316622	12316947	1
11317899	11317707	1
989522	985716	1
9016441	9016442	1
11976105	11976106	4
5563887	5563875	1
4407217	4407218	1
1033135	1033136	1
5748753	5748761	1
10839054	10839053	2
5070520	5072479	1
9137912	9137911	1
8343101	8343102	1
9337555	9335223	2
3294727	3294728	1
4948683	4948684	1
4838490	4812198	1
11408589	11408590	1
1757749	1757750	1
3065157	3065158	2
634997	634321	1
11988785	11988788	2
415183	414877	1
3877414	3877409	1
3651673	3646716	1
11146331	11146332	1
7575901	7537799	1
12031539	12031540	1
2201225	2201226	1
2187204	2187203	3
5340573	5340576	2
442813	494769	1
5674849	5669656	1
9117518	9117517	2
5373960	5373963	1
161668	161134	1
10227492	10227491	2
10777417	10777418	1
7682827	7682828	1
4020763	4020695	1
1608565	1608566	1
3972277	3972306	1
6412597	6412598	3
2353069	2353072	1
4373246	4373245	1
9778746	9680140	1
3282355	3282356	1
9605984	9610620	1
4826597	4826602	1
7536851	7798712	1
9366762	9366761	1
7856330	7856329	1
11633929	11633370	1
10046063	10046501	1
7226702	7342296	3
10545357	10545358	1
6797224	6797223	2
8877081	8877082	1
10150961	10150962	2
3199736	3199764	1
2843239	2843240	1
2064508	2064507	1
4385323	4385324	2
3268080	3268079	1
6391953	3500668	2
10818278	10818271	1
4208900	4200721	1
2690809	2690810	2
5985230	5985229	1
2333827	2338649	1
1888989	1888990	1
1936452	1936451	1
4615799	4615802	1
11212828	11212827	1
7850477	7850478	1
7739516	7739515	1
3098967	3100519	1
5373128	5361214	1
1062685	1062686	2
4482977	4482978	1
6476258	6476257	2
3704720	3704739	1
8103739	8104267	1
160682	160507	1
3237489	3237527	1
9821177	9807635	1
5007797	5008082	1
9745079	9745082	1
10176957	10176958	1
7329085	7329086	1
7845126	7845163	1
12118265	12118266	1
9800138	9800137	2
7874108	7545291	2
12386271	12386272	2
6397564	6397561	1
3237857	3237860	1
4475467	4475507	1
7220087	7220088	2
8720442	8720441	2
2052749	2052752	2
987664	987663	1
12359729	12359732	1
10205655	10205656	1
10143929	10143930	2
903070	903067	1
3595759	3595756	1
5869431	2782169	1
4303870	4305256	1
10027698	10028350	1
5018274	5018429	1
6380119	6380120	1
9800140	9800139	2
7933070	7933069	3
4004766	4004724	2
7965600	7136572	1
328728	328722	2
6596685	6596686	1
4146620	4146619	2
5248204	5248203	3
7648091	7647120	1
5381325	5381326	1
1302253	1302292	1
2310125	2310126	4
4985615	4985458	2
11660979	11660980	1
8604816	8601112	2
7167726	7167750	4
9610630	9610629	1
7186995	7188112	1
7003243	7003244	1
11669205	11669206	1
3036842	3037128	2
3207562	3203045	1
10751247	10751248	2
10672887	10672888	3
2899996	8809036	2
4215756	4215753	1
10300921	10300864	1
9633230	9635272	1
3457470	202865	1
8887933	9086012	1
9144681	9144672	1
8267483	8266192	1
11503391	11503392	1
11403848	11403847	1
1620521	1620526	2
4392038	4392025	1
10086861	10086862	2
11581331	11569951	2
10437761	10437762	1
11878041	668531	1
10475066	10475338	1
6027214	6027213	1
7252447	7262187	1
5612241	5612196	3
7608638	7609513	2
2280254	2276290	2
11542475	11543727	1
12810193	12810259	1
8782805	8782806	1
7977210	7977209	1
7397791	7397792	2
11199350	11197394	1
12541541	12543895	1
11571872	11571871	1
3409081	3409082	1
862430	862427	2
6575584	6564547	1
1037571	11277881	1
2846173	2846176	1
10025749	10025750	1
11915377	11915378	1
9886135	9881774	2
10080629	10080630	1
7921183	7921184	1
9300467	9300468	2
5196384	5196381	1
6362778	6362683	2
8522637	8522638	1
3938767	3938768	1
10643574	10637061	2
8816369	8816370	1
3083216	3083151	1
6122528	6122527	3
4498629	4495924	1
11405219	11405220	2
4049941	4049942	2
3667048	3670704	2
2523540	2523539	1
1570510	1570563	1
6898736	6895061	1
12343120	12343119	1
8380437	8389572	1
4533198	4531890	1
8825750	8825752	1
2663168	2663917	1
7739518	7739517	2
6153925	6153926	2
96366	96304	1
10610039	10610044	2
10335852	10335845	1
1549645	1549544	1
1012849	1012846	1
11160881	11166081	2
7916564	7916561	1
3985807	3985845	2
11850082	11849977	2
7351740	7351739	1
1424773	1424774	2
2605533	2605534	1
5482233	5482234	1
519866	520751	1
9502818	9502817	2
10444709	10444710	1
1329563	1336661	1
11513218	11513245	1
1571319	1571322	1
11368853	11364655	1
3682084	3682083	1
999739	999740	2
4666588	4666606	1
2552522	2552521	3
6838922	6838916	1
6722764	6723167	1
11678691	11678692	1
1659625	1659626	1
6741143	6741144	3
6760468	6766026	2
10677110	10677109	1
814870	814869	1
4994875	4994876	1
1746017	1746020	2
10554342	10554367	1
3550748	3550747	1
3792925	3792926	1
3859414	3859413	1
5103249	5103252	1
8602106	8602103	1
12315087	12315090	2
11647641	11639712	1
4215756	4215755	2
5625158	5622546	1
519913	519916	1
9948211	9933283	1
5666768	5666767	1
7405695	7351035	2
3281831	3281832	1
778080	12496841	1
9499474	9776565	1
5113574	5113573	1
10989450	10989423	1
7490605	7579638	1
9786654	9786653	1
7828823	7828824	2
6300286	6301776	1
5689774	5689769	1
4570464	4570463	1
8809462	8809461	3
1611496	1611495	1
11273141	11273142	3
1318101	1313112	2
12635439	12635440	2
9417202	9332689	1
10755625	10755594	1
8643863	8643866	1
5114483	5141404	1
1052325	1052326	2
10691562	10691561	1
7068282	7183487	1
3234405	3146026	1
965726	965725	1
6250555	6250994	1
2435087	2423288	1
5625465	5625466	1
6250995	6250996	3
5223196	5223195	1
6280028	6280027	2
9324755	9324758	1
9318195	9318196	2
848440	847714	2
1345511	1345232	1
1645787	1645834	1
287301	287304	3
1756694	1756693	1
5014226	5014225	1
10006964	10006963	2
2781344	2781347	1
8615374	8615373	1
4656515	4656516	1
10582646	10582645	1
5426771	5426768	1
5459448	5459447	1
7874529	7874530	2
1698957	1698958	2
2065602	2067541	2
7289865	7288808	1
2375774	2375769	1
2232869	2232870	1
7557610	7557609	5
3629114	3629113	1
5070522	5070521	1
5289491	5289492	1
169591	4329908	1
8350384	8350357	1
3587361	3587364	1
6948947	6952098	1
2982881	2985077	1
3954760	3956903	3
2729632	2738913	2
3068386	3076285	1
1086422	1086421	1
344283	344484	1
178396	178393	1
7127439	10373300	1
180803	180804	2
7098573	7098925	2
2595744	2595743	1
3938769	3938770	1
8544764	8062496	1
10997032	10997031	1
348863	348864	2
1436704	1441115	3
6907884	6907881	1
7168149	7168202	1
10315817	10315830	1
11316775	11316516	5
5983238	5983256	2
7915372	7915371	1
11092811	11016970	3
4559042	4482671	1
3311190	3312184	1
5448361	5448362	1
5248198	5248197	2
3212219	3235074	2
10302331	10302332	1
8698244	8698243	4
9269041	9269042	1
4985611	4985614	3
3437594	3437593	1
11493578	11493577	1
11989221	11989222	1
2609215	2609226	3
11719744	11719743	2
3086138	3086137	1
1955427	1955428	1
9421870	9420830	3
499600	499599	1
10239033	10239034	1
5268153	5268154	2
2057246	2051377	1
7407497	7407498	1
8008578	8008577	1
2130896	2130895	1
12695066	12695093	1
4268869	4268445	2
7430067	7432941	2
2817331	657028	1
9078010	9077034	1
7295944	7295943	1
7482552	7575879	1
1772593	1772583	1
9433546	9433545	1
8262994	8262989	1
10067043	10067044	3
2310125	2310184	1
5436544	5436543	1
4648757	4648783	1
4268818	4305119	1
1762191	1762192	1
10638918	10638917	1
5381626	5381324	1
5245963	5245964	1
4568816	4567389	1
11442813	11442757	1
749290	749289	1
7851718	7851717	2
5459140	5460243	1
8603149	8603150	2
8545317	8545318	1
3007079	3007080	1
12685095	12685100	1
9502915	9502916	2
10737746	10737743	1
7092350	7092336	2
4224808	4179981	2
5527765	5378555	1
8984796	8979925	1
8705992	8705991	1
9273805	9273818	1
1266374	1266373	3
11302416	11302415	1
10774990	10774989	1
2308864	2308859	1
8581297	8581298	2
6092052	6092051	1
9915766	9914528	2
11314411	11314412	2
7591076	7591025	1
7986321	7986322	1
4408720	4409723	1
1510551	1510552	1
4818958	4818877	1
5422314	5422313	1
1746095	1746096	5
6317445	6317448	1
6088188	6088181	1
8918474	8918473	2
7311707	7311708	1
10672871	10672872	3
11768893	11771666	1
5689768	5689787	1
1529072	1529071	3
6192404	6192403	1
1075711	1075712	2
2618815	2615563	1
12634589	12634592	2
2051376	2051375	2
11539738	11539725	1
6873091	6873093	1
7137541	7137544	1
7900004	7900003	1
11695040	11695039	1
4064657	4064658	1
8300771	8300721	2
5384190	5394122	2
9169477	9169722	1
6907888	6907887	1
2000029	2000030	1
5248202	5248199	3
7494633	7494634	1
3557271	3557272	2
446775	446776	3
7649001	7649002	3
12483819	12483820	2
5868361	5868362	2
9264296	9264295	1
3699773	3698256	2
10986461	10986462	2
5367872	5367851	2
7407499	7407500	1
1057568	1057567	1
4038204	4038203	1
3603858	3603857	2
17292	17291	3
10405323	10405324	1
7321640	7322385	1
4141328	4141327	1
11863311	11863312	2
740243	739610	1
6311199	6311200	2
7853775	7852347	1
3307402	3307401	1
7913742	7913739	1
35981	35982	2
12148419	12147246	1
3992458	3992455	1
11427126	11427121	1
9943545	9943174	1
10231289	10231290	1
4575052	4575047	1
8727641	8727642	2
8441196	8441195	1
1612614	1612451	1
1672167	1670907	1
6559057	6559058	2
9817358	9817357	2
9853984	9850101	1
9616475	9616476	1
9658009	9658010	1
10306568	10306567	2
9501842	9502914	2
4338727	4338328	1
9543745	9543746	3
2295257	2295258	1
1341285	1341286	1
1075713	1075718	1
791995	791996	1
8008751	8008752	2
11440427	11440428	1
10208119	10208120	3
2257512	2257511	1
8059185	8059186	1
10284415	10284638	2
10677321	10677324	1
6360868	6360867	1
10355350	10354726	1
9990385	9994950	1
11006992	11006991	1
953467	953468	1
1493907	1492129	2
5311693	5311694	1
8818850	8818849	1
7204956	7204955	1
4665228	4657278	1
7035994	7035988	1
1181968	1181967	1
822504	825700	1
7993745	7993748	4
8108233	8108170	2
6431617	6431041	1
7549887	7549206	1
1021555	1022694	1
4876061	4876062	1
1099246	1099224	1
6998425	6998426	2
12183308	12183307	2
4310737	4314468	2
11941358	11941357	1
2835300	2835299	2
8808432	8802262	1
11800011	622326	1
6569496	6573245	1
11781372	11781371	2
3696145	7064272	1
2350199	2350200	2
4170711	4157188	1
4440190	4438986	1
10734477	10734478	1
11833569	11836586	1
10617376	10617130	2
4479313	4479495	1
5633718	5633717	1
8319484	8319483	2
12198823	283280	1
6090975	6090976	1
2704878	2705063	1
9685487	9685488	1
5804205	5813161	2
6246793	6250891	1
2887392	2887680	1
1590262	1597822	2
5771902	5772518	1
10065220	10065219	3
3407487	6672589	1
9659394	9659393	2
7968564	7968641	2
1147180	1147143	1
9280370	9283062	1
7875186	7875129	3
7362650	7362649	4
748387	747360	2
6538680	6538455	2
4531785	4531786	1
12468435	12468436	1
8189773	8189778	1
11664483	11664554	1
3005130	3009591	1
7432718	7432723	1
5978941	5978942	1
3575654	3575665	1
1313113	1313114	3
3873798	3873584	2
6650531	6650532	1
1075713	1076049	1
11482132	11482314	3
5227720	5232075	4
6192432	6192429	1
2921483	2921484	1
4060324	4058401	1
4102017	4102018	1
56454	56453	1
12602066	12602069	1
7130182	7335691	1
4225876	4179774	1
6549675	6549676	1
999737	999738	2
8874152	8874151	1
6907886	6907885	1
12188254	12188251	1
9621422	9621443	1
10681445	10479529	1
6420690	6420689	1
7101920	7101919	1
4558880	4558879	1
7828825	7828742	1
4824474	4824542	1
9235188	9235187	1
12451905	12451906	1
11159146	11159145	3
4880177	4880178	1
9109519	9109522	2
11155160	11155163	1
1831706	1831283	1
9194138	9194135	2
1587839	1588837	2
2316962	2316945	1
7191764	7191763	1
8546218	8546215	2
7212309	7212378	1
9463524	9463523	1
647098	647097	1
9334006	9334005	1
4245627	4245628	1
267896	267895	2
2780148	2780147	3
2379787	2379790	1
4141326	4141325	1
3063127	3063023	1
825701	825702	1
2547361	2547362	1
8975226	8975225	1
1050322	1050321	1
1337657	1337558	1
7462449	7462450	1
1291435	1291436	1
10268747	10268748	1
1474758	1474757	2
7594608	7641906	1
91368	91367	2
12425010	12425007	1
6309087	6309088	2
2269519	2269520	2
7531769	7531770	2
7675890	7675873	1
11595047	11595048	1
3859976	3860018	3
3423730	3423729	1
2554311	2554312	1
5956929	5956930	2
5791498	5791497	1
5224366	5224365	2
4700933	4700934	1
6280032	6280027	1
8867369	8867370	2
8522752	8522751	2
11425120	11418982	1
6125617	6125597	1
11274958	11274953	1
12693946	12693945	1
11526222	11526095	1
6937554	6937553	1
6079856	6079855	2
11547922	11548344	1
922338	680436	1
3086140	3086139	2
5101506	5497192	1
11336677	11336678	1
934808	925198	1
2341629	2341630	1
3104403	3056992	2
1022970	1022969	2
10490991	10490992	1
8962234	8962231	1
3254541	3252987	1
11040609	11040610	1
6357353	6449218	2
1075533	7458686	1
12024502	12024505	1
9339236	9339233	2
2612503	2598162	1
3755128	3755127	1
4735023	4735024	3
1306195	8159505	1
1538195	1538196	1
10516477	10516479	2
2010575	2010576	1
1703511	1702199	1
7741734	7741733	1
6989311	6989445	1
12201747	12198275	1
6520526	6520525	2
10373299	10373300	2
10366990	10366855	1
9466829	9466306	2
3909369	3906125	1
680437	680438	1
6908721	6909203	1
2359238	2359237	1
11634292	11634918	2
5422316	5422313	1
565307	565308	1
8263368	8261047	1
8632123	8664164	1
4362745	4362765	1
3940711	3940698	2
4614586	4614589	1
899712	5728204	1
6431613	6431041	1
5413941	5419926	1
10845378	10851683	1
10899839	10899840	1
1151241	1151242	1
8811450	8811449	1
12361123	12361128	2
6989309	6989445	1
4483403	4483406	1
1099575	1099576	1
4554507	4554508	1
7993749	7993750	3
2357656	2357653	1
6556286	6556235	1
11713374	11713775	2
3603860	3603859	1
11526978	11523857	1
4301907	4301917	1
11400667	1783368	1
5367800	5591111	1
9348936	9487597	1
7750062	7747587	1
9126256	9126255	1
3674094	3674093	1
2656248	2656247	1
2757628	2757658	2
8792308	8792307	1
10736932	10733253	1
7807116	7809276	1
1718873	1718876	1
2010650	2010649	3
7010381	7010382	1
6951005	6950978	1
6741141	6741142	3
7088926	7088925	2
11719022	11719021	3
1278454	1278544	3
7593987	7593988	1
6526503	6526504	1
5367805	5365634	1
11378832	11378800	2
11701262	11701266	1
2715435	2715436	1
10362382	10362381	2
3133143	3135009	2
7596007	7596008	2
11902378	11906807	1
10222045	10222046	1
10229143	10229144	1
267356	379541	1
6531450	6531365	1
4853305	4853306	1
11427128	11427127	3
2699488	5758283	2
6688881	6688882	3
9875091	9875092	1
7457726	7457725	2
6466971	6466972	1
3752112	3905324	1
8700447	8700448	3
9722369	9722370	1
5622022	5609111	1
10332802	10332825	1
884615	884405	2
8698600	8698599	1
12360278	10595146	1
605955	605431	1
9193377	9193415	3
8323001	8326055	1
5741253	5741254	2
9828838	9828823	1
7859533	7859534	2
3913562	3728266	1
5020147	5020150	1
7581589	7581590	2
2455721	2455724	1
7025143	7025047	1
5526396	5526558	2
1532483	1532484	2
11246745	11246750	1
11780201	11780234	2
1674313	1674350	2
9972814	9972813	1
9513166	9513165	1
5198634	5198633	2
9566737	9566738	1
1876732	1876731	2
3587365	3587366	1
12633835	12633836	1
7471344	7470343	1
10229143	10038340	1
3007079	3019524	1
6840481	6840672	1
10166298	10166588	1
9585860	9585859	1
143528	143527	2
8074804	8071400	1
7554239	7554240	2
4564072	4558883	1
6106468	6106467	1
204934	204933	2
5141433	5141434	2
425024	425023	4
5735484	5745216	1
9518461	9518457	1
3762040	3762039	1
3509226	3509223	2
5745297	5745298	1
2201227	2201228	1
2080986	2074059	1
2530771	2530772	2
8181115	8181116	5
7901025	7901026	1
4985610	4985609	1
340723	340724	4
1883595	1883596	1
12641551	12741571	1
2681341	9812365	1
5115007	5115008	2
6986548	6986560	2
2272329	2272330	1
1352599	1352600	4
8757613	8757614	1
7014852	250476	1
5956927	5956928	3
2656788	2656787	1
869710	869709	1
10195228	10195301	1
12131147	12131203	1
6314729	6313654	1
4670155	4657851	2
8700451	8700454	1
4359309	4359310	1
232543	6836671	2
9918291	9918169	3
10161583	10161584	2
9076948	9071053	1
2647061	2647062	2
9146985	9143750	1
10310891	10310892	1
6809685	6809689	1
10944497	10944500	1
11738805	11736231	1
11920414	11912768	1
11846144	11846143	2
4831702	4831705	1
2491014	2491046	1
3628737	3642223	1
7424816	7424815	2
6760358	6760357	3
2686524	1059177	1
1397909	1397912	1
11627057	11628513	1
6986556	6986551	3
11433369	11433382	1
2163788	2164344	3
1437052	1557689	1
12602072	12602067	1
1834456	11673471	1
7528179	7528278	1
1110986	1110985	2
9621424	9621423	1
5625156	5622546	1
8825591	8825592	3
2660781	2660782	2
2551817	2551818	1
4478421	4479542	1
6265843	6265844	1
4154740	4154739	1
1187799	1187800	1
2647144	2647143	1
11075871	11075872	1
1746015	1746016	1
6819572	6819420	1
6568645	6569521	1
10555349	10555352	1
6755485	6755486	1
3016509	3016277	1
1665262	11195874	1
7457724	7457723	1
7770387	7770394	1
7073723	7074455	1
5814249	5790196	1
5865922	5865919	1
7351792	7351746	2
8074806	8074805	2
5886017	5886018	2
7882398	7882397	2
8999994	8999993	1
5747632	5747567	1
12165989	12165990	1
806812	803000	1
529287	531820	1
7803337	7803338	1
10736932	10736931	3
64975	64976	1
10677321	10677322	2
3877408	3877407	2
2007545	2006324	1
9712355	9712356	2
5115005	5115006	2
300658	300657	1
11786697	11786698	2
8319482	4999260	1
3704017	3887868	1
11282736	11371417	2
4041743	4041561	1
9917150	9916617	1
8820652	8820651	1
1291433	1291434	2
5126240	5126069	1
2517834	2505849	1
10325577	10325578	2
5525623	5525624	1
9999559	9909715	1
322913	322914	2
4018855	9098368	1
8202063	8204706	1
550573	544372	1
5468243	5468246	1
4752328	4751347	1
3909060	3909059	1
3609124	3570801	1
4004800	4004724	1
10482113	10482114	1
12322987	12320484	3
1324599	1324608	1
7818092	7818091	2
3137858	3137855	1
11258389	11258390	1
6712544	6712543	2
3394399	3393403	1
1034727	1034728	1
3992460	3992459	2
10195300	10195299	1
11392022	11392021	2
10770540	10770524	2
6466973	6466539	1
1840976	1840975	1
2295103	2295104	2
9843201	9843202	1
2226301	2226304	2
6797199	6797204	1
3525701	3525704	2
2571723	2571724	1
7337614	7333802	1
4416940	4416937	2
8151983	8153605	1
9115214	9115213	1
6089423	6089424	2
452727	452728	2
4985610	4985607	1
9035738	9050963	1
11159144	11159143	2
8700447	8700452	1
5157316	5148114	1
11962182	11962181	2
3963257	3963030	2
1831640	1831639	3
12352042	12351998	1
11224338	11224331	1
3323187	3323188	1
12125575	12125717	3
10096581	10096584	1
1671408	1673864	1
11405217	11405218	1
10170677	10170678	1
10393396	10393395	1
187641	187642	1
3025727	3025728	1
2669432	2669431	1
8222341	8222342	1
1842000	1841999	1
6089752	6089751	2
12533634	12533633	1
5468245	5468246	1
1772580	1772311	1
4149110	4283088	1
7922035	7922036	2
11101849	11106371	1
1551137	1551132	1
10768594	10774958	1
8795555	8795601	1
5373945	5373946	3
9784020	9785828	1
1738783	1607798	1
6567693	6567694	2
4633180	4631594	1
5092333	5092357	1
2765980	2765966	1
4373252	4373251	1
2758941	2758932	1
769301	769302	2
5857769	5857770	1
2688099	2688100	1
7615748	7615791	1
509779	508108	1
6204127	6204084	1
8446250	8446013	3
3262317	3262318	1
2589365	2589366	1
5721329	5721330	2
8330073	8334041	1
8494153	8494154	1
10120956	10120955	1
7550671	7550674	2
6088760	6088759	1
9893570	9893573	1
8735285	8737337	1
8184143	8183729	1
11678693	11247314	2
7293732	7293567	2
9791907	9791970	1
2246741	2246820	1
12477218	12477122	1
2647059	2647060	3
6092919	6092922	2
6352890	6352893	1
6637833	6637834	2
8319486	8319485	4
268696	268695	1
3292975	3292976	1
12787981	12787999	2
657029	657071	1
5135927	5135928	2
3987103	3987104	4
2433928	2433927	2
10368723	10368724	2
10926002	10926001	2
5005879	5009296	3
7937411	7937412	1
5381291	5490617	2
1456352	1456349	4
9737086	9737105	2
5020158	5020157	1
7768917	7768918	1
8676825	8722530	2
10202277	10202278	2
10298102	10298101	2
8326228	8328280	1
743166	743103	1
2019767	7735619	2
1343385	1343386	1
6760360	6760357	1
7973836	7973835	2
9640300	9640299	1
7514351	7514352	1
8526263	8526268	1
7803339	7803416	1
10020392	10020391	4
3391574	7942154	1
6869340	6869339	2
8189779	8189780	1
7106829	7106900	1
8892958	8894524	2
41993	41149	2
8875825	8862570	1
6752323	6751862	1
7761074	7760615	1
5115009	5115036	1
5956388	5956387	2
9148729	9148690	1
8287439	8505898	1
968608	971343	1
11993614	11993613	1
10524140	10523813	1
2741504	2860615	1
2868026	2864215	1
8345392	8345391	1
10433299	10437487	2
5689534	5688599	1
11848887	11848870	1
4478419	4478420	1
9463522	9463084	2
11175382	11175377	1
6414175	6414176	3
13109	11855	2
5382118	5382117	1
242621	242622	1
8693841	8693842	1
753971	753972	1
9354724	9354721	1
6734357	6734091	1
10161585	10161586	1
6481287	6481288	1
9154910	9154909	1
2647142	2647141	1
7683164	7683161	1
9349648	9352266	1
11258375	11258376	1
6169349	6169350	1
5579315	5578842	1
1576148	1576147	1
4615779	4615780	1
3297436	3297581	1
4709241	4709242	1
6715648	6720056	1
2861097	2898170	1
12245419	12245420	1
6972102	6972099	1
9816819	9816820	2
10127298	10124869	1
12669688	12669687	2
5125034	5130007	1
9880472	9879026	1
10196101	10196102	1
5490633	5490606	1
5547420	5547599	1
12692364	12692367	1
3513715	3513716	1
8858480	8855288	1
11316775	11316518	1
10727633	10727636	1
8700449	8700450	1
7244341	7244342	1
2444789	2444792	1
326056	319574	2
4549581	4475657	2
918319	918320	1
10997678	10997677	1
10205573	10205574	1
7934842	7934841	1
5890988	5890987	1
7698138	7698137	1
9855817	9855820	1
7545288	7545287	2
12787979	12787980	2
2086630	2086627	1
2589367	2589669	1
7575903	7537799	2
8526267	8526268	2
11571851	11571873	1
11633948	11633259	3
4628454	4628457	1
5761591	5760991	1
5410496	5410495	1
6829557	6826960	1
10755016	10737952	1
4042629	4042630	1
4607782	4607781	2
2747393	2964170	1
3214729	3214730	1
683454	683453	1
6435272	6435275	1
6203779	6203784	1
6977072	6976827	1
3973862	3973857	1
10281546	6773230	4
7983170	7983169	2
4221642	4181225	1
7111736	7113038	1
10422173	10422298	2
5649874	5649873	1
9761610	9761609	1
7446255	7446256	2
424628	425025	1
4385321	4385322	2
7759025	7759170	1
7335037	7335038	2
1962332	1962331	2
9706417	9706418	2
11467896	11467895	6
1237885	1237863	1
7287007	7286987	1
8680607	8684331	1
192933	193700	1
4063351	4063352	1
7489903	7488888	1
4064659	4064384	1
8954129	8954130	1
1429959	1429960	1
2811868	2813274	1
12625673	12623006	1
9595082	9595817	2
2226519	2226520	1
11530196	11530193	2
7351034	7351033	2
9015698	9016562	3
6218171	6218172	1
10483059	10485529	1
7214753	7214756	1
1247814	1250218	1
10422469	10422470	4
2134603	2134601	1
4278846	4278845	6
2541505	2541514	1
11701679	11701680	3
9865804	9865828	1
3323189	3323190	3
5367876	5367873	1
11905839	11905840	1
1310441	1310357	1
10624636	10632964	1
4321808	4321846	2
3685364	3718067	1
9542700	3497020	2
6391173	6390661	1
2455721	2455722	2
3173601	3173659	2
4356965	4356966	2
8444526	8445568	1
2831443	2831444	1
9571930	9571838	1
7335690	7335689	1
9349648	9349647	4
1055641	1055642	1
1474756	1474755	2
3440239	3440242	2
6494115	6494116	1
4044734	4044733	2
9518461	9518455	2
5535391	5532311	2
2384212	2384211	1
10148554	10144065	1
10143166	10143165	3
1087831	1087686	1
4117833	4117822	1
10366304	10368575	1
9104701	9104702	1
6430577	6430586	1
10165831	10166284	1
3629215	3629216	1
1528799	1528804	1
11701677	11701678	2
6086609	6086622	1
9300469	9300461	2
8992972	10002291	1
5366565	5366566	2
10311747	10311748	1
903375	903046	1
5771902	5771901	1
9319285	9319286	3
3025725	3025726	1
7851716	7851713	1
8367656	8367653	1
11019143	11019144	1
2543532	2544055	2
9099436	9099435	2
3441020	3517429	2
12678998	12678995	1
8689904	8689903	2
11521548	11525347	2
10196890	10196749	1
3650633	3650701	1
7486327	7486145	1
3783262	3783261	2
6364573	6364574	1
3817983	3817986	1
6557811	6557247	1
1047125	1047126	1
2756662	2756661	2
3538353	11994886	1
5478585	5478679	1
202786	202783	1
8008576	8008575	1
4072316	4072315	1
3877406	3881446	2
7771666	7771665	2
2327639	2327640	1
9024434	9024433	2
245897	245898	1
6280030	6280027	1
1057570	1057569	1
5140357	5140360	1
5865929	5865964	2
10366306	10366305	2
11239612	11239611	2
12624006	12625279	1
2884791	2887670	1
8621623	8621624	2
5086046	5086043	1
7781773	7781048	1
8549234	8551454	1
12133676	12133675	1
2746390	2746389	1
3235780	1795732	1
10803704	10803703	1
6082130	6082033	1
1962330	1962327	1
6679142	2156301	3
11657078	11649157	2
5431759	5431752	1
12051117	12052331	1
4554457	4567982	1
4201222	4201221	1
11448057	11448058	1
6276416	6276415	1
7251444	7251443	1
10414330	7032933	1
308691	9946740	1
433487	433488	1
2000715	2000716	2
4667999	4668002	1
449666	449639	1
1145614	1145599	1
11970522	11970519	1
10183162	10183142	1
5154305	5154306	1
7926324	7930309	3
3967987	3967996	1
5666986	5666985	1
3933089	3933090	1
5848158	5848157	2
7189543	7189548	2
8809460	8809835	2
3833441	3833442	1
6977958	6973301	1
1608563	1608564	1
7204271	7204272	1
11300363	11300366	1
5860166	5860165	1
5958491	5958492	1
12598232	12598229	1
12458105	12458106	2
6305780	6305779	1
7214753	7214754	1
11812203	11812204	1
4160936	4160935	1
5436542	5436605	1
5482235	5482236	1
6004663	6004664	1
6280030	6280029	1
3799548	3799547	1
7227647	7226202	1
8269203	8269222	1
4798294	4798266	2
217446	217445	1
4339535	4339538	3
3589016	3589015	1
6751278	6751277	1
1179751	1179752	1
3525697	3525698	5
11615873	11615876	2
12203627	197985	1
7280763	7280764	1
10911682	10911681	1
10393396	10393825	1
4388307	4388308	1
6282465	6282466	2
9546869	9546870	2
5537337	5537340	1
12649641	12649642	1
6964683	6964996	1
12303216	12303215	1
8042224	8042230	1
11449181	11459515	1
8257916	8257898	1
11664481	11664482	1
4937323	4866389	1
4321847	4321850	1
9109859	9109520	1
10310932	10310935	1
7076533	7076540	1
5209509	5209510	1
11028979	11028980	1
5924375	5924520	1
3440623	3440624	1
11137571	11137575	1
9774042	9668625	1
6611853	6613183	1
7238813	7238814	1
6199422	6199421	1
3395396	3395393	1
10413840	10411346	1
7493511	7493516	1
8245153	8244975	1
5766986	5766983	1
3991847	3991908	1
7964514	7964513	1
10311572	10311571	2
12227746	12227745	1
10955988	10957144	1
7446251	7446252	1
11067668	11067667	1
10997818	10997033	1
5742482	5742481	1
10144266	10144265	1
7427710	7427709	1
965666	965661	1
12040878	12207948	1
11309080	5285958	2
1506159	1502581	1
5958484	5956389	2
189351	189352	2
7107547	7106771	1
9316687	9316688	1
3196488	3196515	1
1840978	1840975	2
660304	660302	2
4957827	4957828	1
9979116	9979115	1
519870	519869	1
5704245	7899988	2
4925263	4925214	1
4536291	4342647	1
8985042	8984896	1
8443274	8443273	3
4321823	4321824	1
2807595	2807596	1
11384329	11384330	1
1728419	1728420	2
4824476	4824475	2
4280420	4280417	3
10551200	10552247	1
1351816	1351815	2
4416938	4416937	2
4814940	4814939	1
2450890	2450889	1
11424960	11424959	2
11569165	11573935	2
12412919	12412368	1
6192406	6192405	1
1360422	1360458	1
3391523	3391524	3
5970165	5940565	2
965662	965661	1
6779630	6779629	2
2155978	2148845	1
4180937	4180938	1
4361130	4361129	1
11278661	11278703	1
12659792	12659791	1
3692249	3692250	2
8608655	8608656	1
8284171	8284172	2
3550748	3550745	1
5886015	5886016	2
1958662	1958659	1
1310435	1310357	1
7203403	7203248	1
1424775	1424769	1
1248217	1248224	2
7599207	7599208	1
3741123	3741124	1
3876721	3877755	1
10504356	10506218	2
6928473	6928476	1
8737388	8736679	1
539066	282388	1
12743985	12743986	2
12203548	12203547	1
3313472	3311591	1
12695092	12695091	1
5380964	5381256	1
2052747	2052748	2
10203789	10203792	1
9299927	9489122	1
7934175	7934176	1
5232074	5232073	1
9683313	9683314	1
6311197	6311198	3
7204240	7204279	1
6507509	6507510	1
3746365	3746366	1
9177642	9177749	1
8828931	8818398	1
8757615	8759236	1
2983779	2983780	1
12467195	12467185	1
3324045	3324046	2
2187152	2183754	1
1532044	1532043	1
12316622	12316621	1
12605499	12605502	3
8494939	8494944	4
1397322	1398773	1
5057176	5056454	2
4662434	4662433	1
7446249	7446252	1
4581331	4581332	1
8812674	8812677	1
5642091	5642092	1
12448589	12448451	2
5505434	5505433	1
2316964	2316963	1
6023942	6023897	1
5340573	5332156	1
6541827	6541400	1
2533949	2533966	2
2702178	9863319	1
7864602	7850369	1
7177676	7177572	1
2145536	2145535	1
3087823	3087828	2
10986459	10986460	3
3270544	3267277	1
6549677	6549678	1
12165802	12155918	3
9349331	9345725	1
6089754	6089753	2
6526648	6526647	1
1064653	1262236	1
2349270	2349263	3
446777	446782	2
11273139	11273140	1
2384210	2384209	1
9962142	9962333	1
3753459	3753460	1
10478758	10478771	2
6296861	6296862	1
12717928	12717927	2
3324043	3324044	2
1099588	1099563	1
11022686	11022683	1
6494522	6494521	1
4653479	4653482	1
6168169	6168384	1
3122895	3122896	1
199584	199583	2
1241021	1241022	1
1970006	1970005	1
6097552	6142108	2
4358490	74751	2
11247932	11256033	2
9388951	9388944	1
11112694	11192527	1
11569281	11569282	2
3090411	3090412	1
8758525	8758526	1
6362889	6362803	1
10522905	10522906	1
8461219	8461220	2
2388214	2388452	2
9328857	9328858	1
12625675	12623006	1
8684330	8684329	1
2507697	2507700	1
10285012	10284872	3
6162115	6162118	1
8608660	8608659	1
6621593	6621594	2
11836372	11836496	1
5003007	1068839	1
11078891	11078892	2
1514912	1514911	1
6881482	6881481	1
3368846	3384686	1
11595473	11595430	2
1241229	1241234	1
7913742	7913737	1
7115727	7115910	1
7857207	7857208	1
12669690	12669689	1
6650686	6650685	2
12352375	12351535	2
10202437	9943674	1
3372891	3372892	1
3763277	3763278	1
9003938	9003937	1
4867191	4867192	1
12374752	12374755	2
11206745	11206746	3
12695066	12695091	1
11094526	11094525	1
10986459	10986462	1
11657081	11646983	1
6013508	7817091	2
3091019	2998783	1
8367656	8367655	1
7102218	7102130	2
8415368	8415118	1
10377345	7051678	1
9572497	9572502	1
6720057	6720058	1
10911137	10911140	1
10393394	10393825	1
4788169	4788172	2
9178117	9178118	1
2102332	2099718	1
10929429	10929484	1
11361308	11362614	1
11705740	11705739	3
414559	414560	2
11662079	11662350	1
6125831	6125719	1
4559044	4559043	1
5742476	5742042	1
2647146	2647145	1
10682902	10682896	1
8984897	8984898	2
3781286	3781278	1
7731655	7731690	1
4823429	4823432	1
10369110	10369107	1
753973	753974	1
10599290	10599289	1
4200582	4200581	1
9530920	9530690	1
11513013	11513016	1
8339263	8345729	1
2729717	2729718	1
7251471	7251445	3
1057592	1057567	1
12125868	12125860	1
3030889	3030890	1
4141324	4141323	1
10684505	10833230	2
10239224	10239160	1
2757651	2753437	1
2780146	2780145	3
6721090	6721123	1
5604296	7638709	2
11575618	11575615	3
1536028	1536027	1
10434655	10434658	1
8976193	8976255	1
9926301	9926302	1
6800647	6800648	1
6625418	6625415	1
1653016	1654143	1
7078577	7078578	2
1673721	1673722	1
10632235	10632242	2
4717247	4583509	1
6010713	3805198	1
5140350	5140356	2
12181852	12181578	2
138436	130521	1
3287260	3287217	1
6895062	6895061	1
4613645	4613646	2
12355684	12355696	1
4506272	4506271	1
424411	424412	1
2119467	2119468	1
9972810	9972809	2
7949138	7946199	1
5379988	5379983	1
4214024	4214016	2
3282357	3282864	1
4085320	4085319	1
7537798	7537747	4
1055368	1055367	1
5056265	5056266	1
11990073	11990069	1
4008049	4008050	2
5981986	5981942	2
10818376	10818379	1
6755483	6755484	1
473663	473664	2
7930308	7930305	2
6867623	6867624	1
134346	140690	2
4306962	4306961	1
7923724	7922499	3
4277592	4278849	3
9117775	9118051	5
1170246	1170306	1
4553246	4553245	1
4788512	4787998	1
11878037	11878040	1
9129073	9186337	1
3260374	3260461	1
5461739	5461740	1
1429957	1429958	1
1620737	1634282	1
12699217	12698914	3
9994169	9994170	1
7339895	7339910	1
4730750	4730558	1
1203965	1204654	1
11701675	11705704	1
9426985	9451705	1
6614564	6613237	1
6428330	6428607	2
7565870	7565869	1
7864606	7864603	1
4631817	4686676	1
10208119	10208122	1
7897441	7897442	1
6772916	6772915	2
6622265	6622266	1
10570378	10570376	1
2716242	2716241	2
1625533	1631097	1
10298551	10299102	1
5379990	5379989	2
2649982	5695853	2
4042145	4056776	1
8179786	8179785	1
4575054	4575053	1
802352	802351	2
7354351	7352197	3
1571319	1571320	2
10555283	10555286	1
5341194	5341184	1
2203622	2202213	1
1278826	1278825	1
10911137	10911138	1
6321198	6321184	1
11056403	11056404	1
2613203	2613204	1
4388309	4388310	1
1582927	1582928	1
8189773	8189780	1
8257903	8257904	1
9334004	9333992	1
8000963	6192407	1
683456	683455	1
9349650	9349649	5
603909	603910	2
7240042	7242309	1
11550589	11550590	2
12026413	12026414	1
11101841	11101844	2
3257360	3258454	1
3160782	3160611	1
10842238	10842237	1
880846	880841	1
4611540	4611537	1
4004794	4004724	1
6402240	6401826	1
5490514	5490513	2
4214025	4214026	1
7584844	7584843	1
10470886	10470885	1
4914669	4914670	1
10727635	10727636	1
5538722	8561445	1
7433809	7433812	1
9735157	9735158	3
11861491	11910384	1
8533563	8526745	1
5048386	5048393	1
2311579	2311610	1
348876	348875	2
11670365	11668478	2
8431675	8431676	1
3187031	3187032	2
8489843	8489844	1
8336962	8338569	1
11717778	11717777	1
9931192	9922682	1
3485099	3485102	1
3463368	3463367	2
10195709	10195710	2
802354	802353	2
9816817	9816818	2
6556288	6556287	1
8066960	8347266	1
5095215	5095208	1
637925	637926	3
3744656	3744649	1
6129131	6129132	2
1551260	1551255	1
10114245	10113188	3
8029625	8029626	1
3756549	3756554	2
5471657	5448828	1
6069165	6057714	2
8260100	8260048	1
676893	676894	7
2830516	2830515	1
4517111	4517112	1
8582104	8582563	1
2379787	2379788	1
3810013	3810010	1
2317103	6796231	2
6740889	6740892	1
11224332	11224331	1
2999162	2999161	1
4095208	4095207	2
9230250	9230247	1
10366832	10366831	2
1395847	1395850	3
10882480	10882463	1
9972812	9972811	1
6313328	6313356	1
10451185	10451186	1
7106901	7106902	1
7867069	7867070	1
4036223	4036224	1
7088924	7088923	2
4075683	4075684	1
5674847	5674848	1
7280768	7280767	1
1762004	1762003	1
8475760	8475759	1
5160233	5160234	2
1132156	1136658	3
8522752	8522749	1
4520386	4520438	1
9181746	9181745	1
3395250	3395249	2
8443264	8443263	2
5321083	5321084	1
8603152	8603151	2
10985275	10985562	2
8788633	8788638	1
6066084	6066083	3
3059253	3059254	2
10922610	10922609	1
7019118	7019518	1
98388	98387	1
5842323	5842326	1
3198675	3198478	3
5377234	5377233	1
6599795	6599796	1
2295257	2293666	1
8368216	8262995	1
6088758	6088757	1
8796381	8796382	2
11551110	11551107	2
6008476	6008475	2
11316517	11316518	4
5410699	5410692	1
1827367	1827368	1
11427126	11427123	3
6216024	6216023	1
4230714	4230713	1
9834570	9834567	1
6737892	6737916	1
628514	628511	2
4321821	4321822	1
2086638	2029156	1
1278456	1278455	4
8610831	8610774	1
9692017	9692018	1
7669625	7669626	1
10206380	10199679	1
10440362	10440328	2
9853701	9853702	1
2138586	2138244	1
1294231	1294243	1
6401161	6401162	2
11101841	11101846	1
3762854	3762856	1
5194261	5194262	2
7354348	7354338	4
12373735	12373645	1
7927218	7835350	2
11362908	11362960	1
9855682	9856454	1
8987342	8987341	1
9358125	9358128	2
1436706	1441115	1
10983355	10983051	1
6633956	6633948	1
2556860	2556859	1
3550746	3550745	1
3546252	3546251	2
11472636	11472631	1
8578934	8578933	1
9166254	9124699	1
6922728	6922699	1
5382116	5382115	1
7850958	7850957	1
6219924	6218024	1
8796383	8796384	1
1370613	1370616	1
1327419	1327372	1
161670	161669	1
8272854	8272851	1
4432165	4445041	1
11785937	11785906	1
10969960	1380732	1
3977431	3977432	2
8012457	8012459	2
4154742	4154741	1
7620993	7620757	1
813274	813269	1
7402474	7402473	1
6432813	6432814	1
9299331	9502008	1
2571725	2571726	1
6388747	6388748	1
3795066	3795065	1
10726276	10726275	1
2552564	2551816	1
7771157	7768916	1
7839016	7840151	1
4215758	4215757	3
12546874	12548059	2
8274161	8235598	1
11115153	11115154	1
11208475	11208476	1
9572494	9572493	2
1424773	1424769	1
7610912	7609663	1
10453223	10449842	1
1936452	1936449	2
375090	375096	1
7958396	7958395	2
3329371	3329374	1
11638945	11479152	3
1002791	1002792	1
2107047	7977211	1
11900988	11900987	1
5469566	5469565	2
623523	622756	2
8889505	8889506	1
2746218	2746217	1
11160881	11166083	1
12559749	12559743	1
1168660	1169487	1
11890196	11890195	1
10312016	10403714	1
1306193	1306194	2
7294727	7289864	3
1646034	1646033	1
7446257	7446258	2
3991909	3991910	1
5579795	5579796	2
6751249	6751279	1
10677323	10677324	2
9319595	9319568	1
4487493	4493540	1
1457516	1457513	1
6184701	6184702	1
10474226	10474216	1
6107513	6107514	4
3099523	3096674	1
12715371	12716072	1
654487	654488	1
8386536	8386535	1
7277668	7277665	2
5693743	5693744	2
1940804	1940803	1
4631819	4686676	3
8498229	8498230	1
7698140	7698139	1
7430112	7430031	1
4637487	4637488	1
12756228	12761505	1
5390907	5390903	1
1037569	1037570	1
41991	41992	2
6053607	6053608	1
1050324	1050323	1
7960323	7960324	1
3164984	3164983	1
4779404	4779403	2
10203343	1459307	1
2746392	2746391	1
10717581	10718046	1
5903433	5900655	3
8754669	8754670	1
1832584	1832581	1
3740213	3740214	1
9264298	9264295	1
4946745	4946746	1
6401536	6405587	1
3639543	3639676	1
3518235	3518242	1
1099629	1099560	1
8831958	8831957	1
7547670	7547691	1
7803337	7803416	1
9845282	10227493	1
10437261	10438608	1
2350193	2350198	1
6828238	6828235	1
4548456	4548455	1
11190640	11190637	1
10296439	10298103	1
10103134	10103133	1
11618244	11616767	3
5490222	5381134	1
11914277	11914867	1
9307252	9563436	2
3969966	3969963	1
4582447	4582448	1
1659627	1659515	2
4321813	4321814	3
12249115	12249116	1
9349646	9352266	4
11629539	11629537	1
7696276	7696275	3
1092863	1088691	1
8833980	8833979	1
6492503	6492506	1
8698240	8698239	2
11348675	11348709	1
8070399	8070664	1
5507718	5507717	1
11665568	11665567	1
9142753	9142754	2
9729574	9729569	2
7114512	7114517	1
6004665	6004666	1
8608658	8608657	3
5482237	5482238	1
8222337	8222340	2
11101845	11101846	1
9015582	9015579	2
5840627	5841891	1
7084951	7084954	1
9345726	9345725	2
4388307	4388310	1
11800199	11800200	1
12803719	11856536	1
5091801	5092915	1
11703115	11738173	1
2288282	2288365	2
4477038	4477037	1
8087083	8086909	1
1094433	1094434	1
11600647	11600648	2
2352711	2382366	1
7581587	7581590	1
3746363	3746364	1
10192267	10192268	1
8247284	8247283	2
9760697	9760698	1
8732137	8732138	1
10882315	10882316	1
588889	588890	3
8705993	8705996	2
10953964	10953963	2
8801429	8801430	1
7204253	7204272	1
2391801	2391154	1
901889	901909	2
12680541	12667227	1
9918289	9918290	3
10198816	10198815	2
2182621	2182622	1
7983503	7983504	3
4255368	4256859	1
9269041	9286935	1
6688120	6688113	1
12791171	12791174	3
8577254	8577251	1
8808113	8808172	1
7901027	7901028	1
5048997	5048998	1
12348947	12347025	1
1246450	1246449	1
5194065	5194260	2
11040611	11040612	1
8184141	8184142	1
11994377	11994378	1
11626568	11626567	1
6985625	6998424	2
4653476	4653203	2
8042231	11179619	1
637923	637924	1
6572607	6572608	1
11964512	12123220	1
8666171	8666172	1
1042496	1042495	1
7327057	7327060	1
853811	853812	1
5017346	5017496	1
10006968	10006965	2
862428	862427	2
10027171	10029585	1
8836516	8836515	1
2295259	2293666	1
3397731	3397732	1
7147994	7147993	1
353649	353650	1
3935891	3935892	1
7916154	2836774	1
2457211	2457758	1
7009313	7008429	1
7930790	7930789	1
4680648	4668655	1
12035720	12030486	1
4441259	4441260	1
2384212	2384209	1
6334231	6331317	1
945767	945770	1
9518456	9518455	1
3705089	3705090	1
9914987	9914988	1
7923433	7923434	1
12438611	12438644	2
838261	838262	2
2202675	2202676	1
5155770	5155769	1
3550750	3550749	3
10536052	10536051	1
7327061	3891529	1
6382984	6241919	1
11761166	11761165	1
5160235	5166686	2
11494648	11494647	1
6613182	6613181	1
202786	202785	1
6439542	6439539	1
10803702	10803701	1
7763842	7611957	5
283992	283991	1
4662281	4662286	2
6741145	6741146	3
6125596	6125595	2
129549	121635	1
6504188	6503884	2
3605657	3683082	1
8546216	8546356	2
8577347	8580620	1
8855254	8855242	2
10758999	10970484	1
6104460	6107107	1
676377	676378	1
8690943	8690944	1
3239279	3320404	1
7009678	11748472	1
1385028	1390217	1
1671027	1671028	1
8847518	8847517	1
4065302	4011650	2
9876355	9878469	1
2865491	2865492	2
9617268	9617267	1
3281755	3281756	1
7788232	5931298	1
5237296	5236729	2
1173272	1173271	1
3623059	3623060	1
348865	348877	2
8827572	8827469	1
6671744	6671743	2
1528797	1528798	1
5267075	5267076	1
5268155	5268156	2
3395802	3395801	2
8922262	8922261	1
3214725	3214728	2
12676772	12676771	1
956067	956068	1
11765949	3984205	3
8270121	8270122	1
12692366	12692365	1
3292809	3294726	1
9658682	9658681	2
1546896	1546895	1
10718047	10718048	1
5057952	5058669	2
3783264	3783263	2
2843237	2843240	1
5482231	5482232	1
1567241	1567242	1
7968834	7969098	1
1733002	1733001	2
861231	861232	4
2985979	3080701	1
9292372	9292465	2
2807515	2807594	2
2807499	2807504	1
9946142	9946141	1
10182560	10182555	1
5246211	5246212	1
6375779	6375780	1
9326672	9326671	1
2091250	2091249	1
7937032	7937031	2
308640	307929	1
4307974	4307973	1
250526	7014853	1
8129208	8129207	1
1457876	1457875	2
9249854	9249853	1
255902	257309	1
12724972	12693947	1
12044703	12044704	1
11264181	11264182	2
3260460	3260459	1
4504438	4504437	2
8421687	8421371	1
3826756	3826755	1
1837811	1837814	1
10990135	10990136	1
1860765	1860761	1
6107381	6107382	1
10086863	10086864	2
2444113	2444114	3
1674351	1671806	1
1083158	1079228	1
10170679	10170680	1
7913738	7913737	2
7184956	7184955	1
10311077	10309886	1
12304322	12304321	2
8239681	8239682	1
1501564	1501563	1
11472213	11472216	4
794228	794150	1
5713856	5713853	1
9040007	9040008	2
4700943	4700431	1
249802	249799	1
11976107	11976108	1
6637831	6637832	2
5463050	5644133	1
8682261	8687467	1
9664371	9664372	1
1151243	1151244	1
8195262	8063463	1
1175151	1175152	1
4687778	4605014	2
10268427	10268428	2
8630384	8627841	1
7551198	7548921	1
3546250	3546249	2
7470340	7470339	1
7507712	7507709	2
7917166	7917165	1
3682114	3735191	1
478368	476931	2
3108725	3108717	1
6851082	6851081	1
7937855	7937410	1
7160230	7160225	1
5981455	5981466	1
657802	657801	1
7052718	7052658	2
8608662	8608659	2
1701163	1701192	1
6559059	6559884	2
11929966	11917585	1
482670	481961	1
7926326	7926325	3
9109521	9109522	3
6109704	6109703	1
7979072	7979071	2
11722820	11722819	1
8898192	8898191	2
7979076	7979075	2
6491946	6491945	1
6947187	6947188	2
7074950	7074919	1
10472861	10472862	3
3463762	3429598	1
12752121	12752365	1
1704083	1702713	2
12640395	12669738	1
4342209	4342212	2
12557864	12557863	1
3327995	3328015	1
10399022	10399021	1
10124868	10124867	1
939577	672789	2
6526506	6526505	2
4024600	4024599	4
4378714	4378713	1
3307400	3306514	1
9537936	9751530	1
4220082	4182077	1
10189439	10191517	1
1795733	1795734	1
1302920	1318592	2
11179608	11179700	5
10098148	10098147	1
12668240	12668239	1
1351799	1351817	2
4492204	4492203	2
11370542	11304007	1
7326177	7326178	1
6107515	6104098	3
8181117	8181143	1
5099459	5099501	1
12031541	12031544	1
6468086	6468085	1
7695241	7695244	1
253666	253618	1
9753657	9753658	1
5615552	5615549	1
4359208	4359021	1
4051984	4051983	3
8328127	8328130	2
8257905	8257908	1
2803650	2807498	1
5985190	5985247	1
8437896	8437895	1
11874244	11874241	1
8561146	8561144	3
3020933	3020942	1
8633231	8644143	1
9667213	9667214	3
7422508	7422505	1
1766677	1766682	1
9360181	9356560	1
8961572	8961571	1
3018990	3018989	2
3851628	3851627	2
8546214	8546356	4
3519529	3515972	2
7446379	6944321	1
1571067	1571058	1
418237	418238	4
11401909	11401999	2
4880182	4880181	2
9501842	9502916	1
3022975	3025817	1
5904413	5904416	1
11045316	11045313	1
101384	101383	1
9145572	9145569	2
4194515	4194472	1
5491695	5491696	1
8328125	8328126	2
9196564	9197695	1
11763572	11763569	1
8532137	8532138	1
3316311	3286571	1
9318197	9318202	4
2831043	2831044	1
11264181	11264184	1
4253348	4253347	2
6898736	6895063	1
4394468	4376101	3
9091935	9093130	2
2374565	2374566	1
9358129	9358130	1
6723108	6723166	1
8722292	8719639	1
2686076	2686075	1
74750	74749	2
787853	11828286	2
11915375	11915376	1
3460191	3460192	1
8173766	8174748	2
5808428	5808426	1
2995006	2994896	1
8400603	8400604	1
4215889	4216693	2
7745624	7747941	1
10744378	10352354	1
5573846	5573849	1
5629085	5629057	1
6076128	6076125	2
2379835	2379836	1
19743	18415	2
8833982	8833981	1
12663488	12663487	1
3810011	3810012	1
6230758	6223660	1
1311676	1311675	1
7423590	7444557	1
7461195	7461196	1
6430589	6430590	1
8371172	8375416	1
5648892	5648891	2
11866918	11868804	1
6797222	6797221	2
11752613	11752630	1
1187801	1187802	1
4877670	4877761	1
3283677	3283678	1
4253346	4253387	2
5143761	5143762	1
3744052	3744057	1
3933302	3937187	2
3629610	3629609	2
12374754	12374753	1
2923672	2923681	1
4044839	4044851	2
6535712	6547574	2
8984821	8925145	1
9359871	9359752	2
4987742	4987737	1
7249114	7258709	1
7843689	7843690	1
228038	233093	3
6321344	6321343	3
47894	47885	1
10155739	10158424	1
1915597	1915600	2
4581333	4581334	1
3456601	3431106	1
10618465	10758723	1
6514353	6514354	1
7925722	7925721	1
6723042	6723799	1
9324753	9324754	2
7507708	7507703	1
8293679	8293123	1
3283216	3283215	4
7446255	7446258	1
2192633	2193423	2
6318732	6318731	3
4631817	4631818	2
4836133	4836134	1
908533	909573	1
6857373	6857374	1
4797108	3691057	1
3525703	3525704	1
9984308	9984307	1
6849332	6849331	1
11503393	11380340	1
9572496	9572495	2
10623199	10623200	1
9635327	9635330	1
2019765	2019766	3
2021533	2021534	2
11827094	11827093	1
10512971	10510378	1
5648047	5648893	2
7574898	7550670	1
169435	162873	1
11362615	11362676	1
8608662	8608661	1
1048625	1048109	1
3216726	3218591	1
4862883	4862884	1
2650828	2649361	1
10452964	10452963	2
8308614	8308784	1
913512	923182	1
8508347	8489522	2
4472271	4472272	1
7877185	7877193	2
3164986	3164983	2
4375824	4395280	2
1057592	1057571	1
2523397	2523398	1
11416892	11416891	1
9346093	9346039	1
4700940	4700939	1
4985611	4985458	1
1241229	1241232	2
3059239	3059242	1
1341287	1341296	1
10295461	10295375	2
7320906	7319471	1
2257420	2257508	1
11783759	11784151	3
2137686	2137684	1
2975573	2975574	1
12510125	12510128	3
10014995	10014996	1
1728407	1728412	1
106855	111874	5
9507429	9507645	1
5633718	5633715	1
1121223	1121224	1
7673320	7673319	4
6741199	6741367	1
9311669	9312112	1
3864825	3864826	1
12559742	12535603	1
6109707	6109708	1
8810778	8810777	1
2895885	2922933	1
38099	38102	1
3556318	3556304	3
10632243	10632244	2
2691828	2691827	1
42931	42932	1
3307402	3306514	1
8727494	8727490	2
12324968	12324967	2
8753245	8753246	1
10996537	10996538	1
8298477	8298475	2
11028981	9251213	1
5674845	5674846	1
1608959	1608562	1
6689729	6689730	1
5101506	5497190	2
9430656	9771880	1
6721088	6721123	1
4111767	4103287	1
8924284	8924283	2
9299049	9299777	1
5547043	5547346	1
1274771	1274776	1
9161629	9161630	1
6737871	6732142	2
2075571	2075574	1
5060789	5060071	1
7406454	7404899	1
7781502	7775114	2
8017843	8017846	1
3706260	3706259	1
2777652	2773744	1
10423925	10589120	1
12734348	12734347	1
10370200	10370282	1
6454083	6452109	1
12641262	12640911	1
4407215	4407216	1
1854875	1854876	2
10658357	2027476	2
5048805	5048388	1
10686808	10686691	1
3556325	3556326	1
3381454	3381453	1
9095515	9999246	1
350883	350884	1
10482115	10482116	1
12426390	12440399	1
8260106	8260101	1
1077132	1077131	2
11826403	11825964	1
4447358	4591489	1
4731815	7263461	1
4040357	4042470	1
2530785	2530794	2
2551579	2551583	1
3036153	3036144	2
8158151	8161923	1
8328123	8328124	2
10231291	10231292	1
3091295	3091296	1
1039644	1039643	1
8428890	8428020	1
9066780	9066775	1
9878468	9878467	1
10565512	10565511	2
11401905	11401906	2
12700040	12699872	1
1482186	1482183	1
1278724	1278723	1
7557608	7565858	3
12674579	12675865	2
7446475	7446478	2
3497021	3497022	1
1075719	1076049	1
3409083	10449705	1
509527	3926192	3
11722818	11722849	3
8016943	8016944	1
485152	485151	1
6494114	6494523	1
6638913	6638914	1
6526646	6526577	1
10369106	10368722	2
1480597	1479186	1
1490540	1490563	1
8282187	8282173	1
803001	803002	2
7545423	7545437	1
2348691	2348665	3
3305303	3305300	6
4278848	4278847	4
6056862	6066662	1
3917079	3629333	1
2377979	2416594	1
9669658	9677619	1
3854442	3832129	1
9907592	9890781	1
4668028	4668027	2
4040355	4040356	1
7158769	7159724	1
6986550	6986549	3
7078061	7078062	1
10150963	10150953	2
7882396	7882220	1
10208121	10208122	3
1644228	1644310	1
7506633	7506642	1
11783757	11783758	4
8971010	8971009	2
6326737	6326740	1
299727	299728	1
2455719	2455720	3
6010711	6010712	1
5902088	5899365	1
7935176	7935175	2
3695302	7377203	1
4880172	4880167	4
8181094	8182528	1
7875188	7875187	2
11513586	11513585	1
6204358	6204448	1
11966356	11966355	2
11056936	11055301	1
12181719	12181841	2
8682261	8687469	1
4207847	4207848	3
11976105	11976108	1
3019195	3037360	2
9696274	9701148	1
12649643	12649672	2
9752332	9752331	1
2669418	2669433	2
6349390	6349389	1
300656	300832	1
9921563	9921564	1
5469381	5492806	1
945767	945768	1
538346	538345	2
8086359	8086360	1
9792508	9792507	1
9523393	9523394	1
12299852	12299851	3
96413	11666104	2
2254007	2254003	1
8603140	8603139	1
6178996	7959471	1
2455328	2455327	1
6698026	6696922	2
3054897	3054898	2
4343109	4343110	1
3069515	3069516	1
2275289	2275290	1
3557269	3557270	1
8698242	8698239	1
8216954	8216959	3
1268366	1268365	1
11295851	11295852	2
11569151	11574412	1
9273803	9273804	2
8757613	8759236	1
4917359	1079049	2
7942155	7942156	1
3100518	3100521	1
7242308	7242307	1
11564038	11407519	1
5367876	5367875	3
4038206	4038205	1
3744652	3744649	2
5535197	5535198	1
9424851	9425352	2
10296439	10298101	1
4041015	4041018	1
10394026	10394939	2
12198511	12198512	1
6611853	6613181	1
2488195	2488196	1
8088190	8087629	1
2435747	2435401	1
7303525	7303526	1
12369280	12369279	1
4377060	4377059	1
8887931	8887932	2
8512684	8515322	2
4004800	4004767	1
4675090	4675089	1
3362408	3362407	2
6205983	6214373	1
2090143	2090144	1
5713856	5713855	1
1091591	1091592	2
4700942	4700941	1
9127710	9125916	1
7993040	7989192	1
7733418	7733361	2
3992734	3992882	2
8169436	8168807	1
8293390	8284170	2
7307487	7307613	1
4859999	4860000	1
5873264	5873526	1
10079674	10231040	1
11077351	11077352	1
8700449	8700452	2
6508287	6508288	1
1241233	1241234	1
5978382	5978231	1
769301	769304	1
7986323	7986324	2
3199740	3199737	1
10490980	10490751	1
10999357	11000812	2
7758652	7758651	1
4380291	4378686	1
10004886	10003520	5
3756555	3756556	3
3007081	3019524	2
2895394	2895393	1
3607109	3607110	1
7352331	7352332	2
4416940	4416939	1
10146270	10144869	1
7817473	7817474	2
2358666	2358665	2
11921866	11921865	3
10530750	10530749	1
3537782	3537148	1
8924282	8925206	1
5135925	5135926	2
9108280	9112749	1
1017769	1017770	2
9323699	9323700	1
7560405	7560406	1
10401757	10401758	1
8247923	8247928	1
10893455	10893409	4
4554455	4554456	1
813268	813271	1
3323185	3323188	1
2609202	2609201	3
8809242	8809026	1
4713524	4713098	3
11713374	11713773	1
1988018	1988017	1
10187869	10187870	1
12803523	12803524	3
5533718	5533717	1
1314766	1369999	2
11993612	11993725	1
9053633	9053634	2
336259	336318	2
10953962	10953961	3
11082909	11082910	1
353978	353977	1
6563724	6563723	1
6431613	6431616	2
7297733	7303524	1
3192833	3192834	1
124387	124247	1
657804	657803	2
8747947	8744259	2
207905	207981	1
9278869	9278870	1
58196	58195	1
3437595	3440243	2
5377232	5455777	2
9850272	9851561	1
618645	592329	1
7979074	7979073	2
12813547	12813548	1
9774044	9774043	1
10418726	10417300	1
3561880	3561877	1
2581918	2581917	2
1024231	1024431	1
8643777	8643778	1
10239035	11008907	1
5873266	5873265	1
6202733	6202734	1
12253148	12253143	1
10997760	10997759	1
12760675	12760676	1
12460506	12437752	1
4668001	4668002	1
9817360	9817359	2
3820608	3815362	1
7679889	4611889	1
1060215	1060216	1
11264183	11264184	2
5689774	5689787	1
9340353	9340354	2
12564046	12564045	2
2075570	2075433	3
448142	448141	2
12641538	12641537	1
8454137	8454140	1
6991401	10839858	1
2178161	2178182	2
154330	154327	1
6906153	6906488	1
2886649	2886650	1
10405325	10405326	1
5289489	5289490	1
10584518	10584517	2
7427712	7427711	1
2408979	2408980	1
12348114	12348113	2
7207590	7207589	1
8092791	8098894	1
3365623	3365621	1
208054	208053	1
1767429	1767430	2
12118284	12118283	2
6484315	6484559	2
6689731	6689732	1
12467184	12467183	1
8236706	8236705	1
10455514	10455513	1
9523395	9523396	1
8825604	8816305	1
8732133	8732134	1
3420659	3420663	1
10719442	7160948	2
2639178	2639471	1
12287779	12286949	1
5926884	5926883	1
1638673	9650273	1
7222597	7222598	1
12442053	12426347	1
3546248	3550266	2
5771900	5772518	1
8292934	8292740	1
9462387	9462698	1
5873268	5873267	2
7436462	8574197	1
10219917	10219918	1
348878	348877	2
9468072	9468069	1
7219978	7220086	2
8680599	8681227	1
4442810	4442850	1
8731852	8731115	1
8820650	8820647	1
6752348	6744008	1
5326209	5326210	1
7326175	7326176	1
2280164	2280161	1
5236546	5236196	1
1314004	1314003	1
4018033	3999423	1
1746530	1639832	1
2638702	2638741	1
673965	673968	1
9794255	9794256	1
10749123	10749108	1
359186	359183	1
5070163	5070164	1
5508252	5508402	1
4994408	4994407	1
2046956	2046955	1
11084643	11084798	1
6779451	6779452	1
2093456	2093454	4
8001831	8001832	1
6013510	6013509	2
9109857	9109858	6
5194065	5194262	1
1052860	1052859	1
3094939	2993654	1
5270187	5270188	1
8272856	8272855	1
11175127	2573745	1
3914300	3914299	1
454328	454327	1
3587361	3587366	1
8689186	8685071	1
7907759	3353073	2
392681	392682	1
9856828	9856819	1
8722921	8722899	1
5440140	5440144	1
10982889	10982890	1
4947282	4913156	1
180805	180806	1
11114957	11115152	1
4118017	4118018	2
4373250	4373253	1
11759371	11761058	1
7867527	2831042	2
4230714	4230711	1
7416266	7416265	1
3234037	3234040	1
414468	414467	1
340727	340728	2
1896725	7742285	1
11775247	11786247	1
9821721	9818742	1
8603138	8603137	2
5382894	5105714	2
1006074	1004933	1
659061	658836	1
6599793	6599794	1
7084971	7084972	1
12462451	12462452	1
8580530	8580550	1
8003753	7950135	2
4813370	4813369	1
7204278	7204277	1
5579795	5579112	1
1640429	1640430	2
3557258	3592643	1
8531147	8531148	1
1033135	1033173	1
6066611	6056674	1
2783390	2783389	2
9486823	9486425	1
10057903	10057904	1
7402604	7402603	4
4994406	4994405	1
4812718	4814941	1
9229325	9229234	2
9235401	9358120	1
4201226	4201223	1
5396440	5396439	1
8927941	8981555	1
8758527	8756638	1
8954804	8954807	1
5795206	5795777	1
8099594	8090450	1
1708831	1708832	1
1100031	1100032	1
5507716	5507715	1
949849	949850	1
354058	352585	2
2257510	2257509	1
6096514	6095760	1
6507511	6508410	1
9161527	9161541	1
7550328	7550319	2
8639817	8645564	1
12375732	12375667	1
9792506	9792505	1
9135752	9135749	1
11709088	11709087	1
6532873	6533053	1
7176761	7177109	1
11112696	11112695	1
6088188	6088183	3
10892774	10892543	1
12655995	12655996	1
12426348	12426347	1
1606442	1727752	1
4571524	4570918	1
9418312	9418311	2
9235190	9235187	1
5168140	5168139	1
6537150	6537149	1
1631627	1631629	1
12384888	12409515	1
4038857	4036222	1
2286612	2286611	1
1365025	1365026	1
2030233	2030238	1
4321815	4321816	2
2895392	2895391	1
4479278	4479277	1
6563685	6563686	1
3876485	3876486	2
4881358	4881357	2
8526263	8526266	1
11569027	11568867	1
11575749	11575691	1
8599920	8599919	1
6435281	6441633	1
8479318	8479315	1
4385325	4385287	1
2297469	2297499	2
317096	317095	1
4876059	4876060	1
3473391	3473395	1
8283903	8283906	1
3044447	3044448	2
7828589	7828710	1
3568800	3568745	2
11070599	11070600	3
1840978	1840977	2
4112822	4112761	1
6849330	6849329	1
2500874	2501332	1
8814249	8814250	3
9109519	9109520	3
861233	860370	3
10373522	10373515	1
7581587	7581588	1
5719513	5719456	2
1847315	1847316	2
10298550	10299009	3
8404780	8404777	1
637925	637422	1
4735718	4735715	1
9937284	9937283	1
9047427	9047434	1
5268157	5268179	2
12438645	12438646	1
1659623	1659626	1
10059547	10059076	1
10309334	10310890	1
10712623	10712584	1
4358308	4360940	1
6501874	10193643	1
6334658	6340803	1
1576146	10355549	1
11897132	11790935	1
1156298	1156305	1
11548782	11548781	1
6600936	6600935	2
9631948	9631945	1
9688029	9688051	1
7697502	7697443	1
7993745	7993750	1
6622263	6622264	1
10474810	10459512	1
7363933	7402462	4
11037390	10983048	1
12535342	12535341	1
8608662	8608657	1
9756295	9756296	1
2649984	2649983	3
9488414	9488377	1
10165686	9068400	1
7083508	7083505	1
2843241	2843242	2
7188985	7188986	1
10239230	10239225	1
2512558	2512557	1
9301544	9301543	1
5505533	5505534	1
3799914	3799922	1
9325539	9325540	2
11863313	6103203	2
11363057	11363058	2
8051414	8185543	1
1736394	1736391	1
1756692	1756691	1
2756660	1402739	2
6564191	6562472	1
9518888	9518887	1
10144862	10144859	1
12252379	12249141	1
1393432	10567113	1
4441244	4441258	2
3629255	3686744	1
6990328	6990327	3
8806225	8801428	1
5431757	5431758	1
3094952	3094951	1
73110	73109	1
9851067	9851068	1
9058576	9058579	1
2757630	2757658	1
10401759	10401760	1
3463366	3463365	2
899729	899730	1
3623061	3623062	1
6489274	6489273	1
10965116	10965115	1
10109446	10109443	1
11669368	1704869	3
1402966	1405535	1
2375390	2412290	1
11705742	11705741	4
350881	350882	1
8181092	8182528	6
741275	741279	1
8008753	8008319	1
5451968	5452138	1
10236183	10236184	2
8874950	9123989	1
9514872	9516872	1
6986550	6986560	1
5020156	5020151	1
7251444	7251441	1
7873906	7454878	1
10720066	10756846	1
2298460	2298473	1
2410703	2417655	2
6433329	6433330	1
7098993	7340868	1
5373972	5373971	1
8494155	8494158	1
6237061	6237062	1
9125376	9125316	1
5223731	5224365	1
10004323	9097769	1
1097450	1097463	1
3319798	3319797	2
1033137	1033173	1
10736930	10736925	2
10280073	10280074	1
3603107	3603108	1
1045860	1045200	1
9901192	9901191	1
8378165	3257668	1
2743646	2743645	1
8966673	8961474	1
9867254	9867278	1
6317507	9851514	2
4868956	4874544	4
7127439	10373298	3
6566946	6566945	2
11024940	10953610	1
12805492	12805489	1
1704868	1704867	3
10182646	10182643	1
1970004	1970007	1
2009179	2009180	1
11078034	11078033	2
3360819	3362332	1
2432536	2428149	3
6933957	6953608	1
10071150	10073677	2
5455532	5455510	1
3514274	3514295	1
10280075	10280665	1
12467195	12467183	2
3084080	3084118	1
74748	74747	1
7678242	7678238	2
749288	751289	1
6349527	6349528	1
5571872	5571871	1
3060121	3060122	2
12752119	12752120	3
1854877	8791145	1
9647893	9647894	2
10074530	10066621	1
127932	118102	1
9118050	9118049	4
8060971	8060902	1
2606395	2604284	1
7149787	7149788	2
12316620	12316947	1
11923991	11923994	1
6418839	6418840	1
6455589	6455590	1
6265841	6265842	1
7256670	7255644	1
6248869	6244432	1
8258034	8256967	1
6925450	6924631	1
1082537	4927759	1
9786648	9786645	1
4310442	4549431	1
8722184	8722183	1
4734927	4736026	1
124236	123035	1
2698004	2698003	2
9093942	9093941	1
6814170	6814169	2
10713488	10712918	1
4686761	4686791	1
7067421	7067422	1
10664573	10666017	1
1291437	1291438	1
10082612	10082605	1
84291	129393	2
2359723	2359726	2
2415710	2415745	1
8299349	8299350	1
3444608	3444607	1
1289117	1289335	1
6218169	6218170	2
2275593	2275596	1
7695243	7695244	1
2237826	7973275	1
8810606	8810282	2
1456093	1456094	1
12502887	12502888	1
10423021	10423022	1
694709	694800	2
5057954	5057953	2
10508325	10508326	1
20892	19670	1
8973848	8972760	1
10282436	10282435	1
7707085	7690769	1
12672894	12672897	1
9932346	9932338	1
6298411	6298896	2
9868265	9888555	2
12752121	12752363	1
9194138	9194137	1
1955250	1953687	1
7084953	7084954	1
11223234	11223233	1
4147335	4147336	1
7687929	4993942	1
4004794	4004767	1
6734731	6734734	1
7570930	7574692	1
12226904	12167903	1
12193401	12193402	1
8997370	8997369	3
2310127	2310184	4
9374335	9373787	1
7887431	7887410	1
10334078	10334072	1
9808636	9807984	1
9142755	423797	1
6407227	6407228	2
7735618	7735617	2
3217087	3215692	1
8988341	8994895	2
703759	703760	1
10986722	10986721	2
10109442	10109441	1
9552979	9553112	2
6758583	6758584	2
72698	72697	1
9060873	9060876	1
8437898	8437897	1
4125662	4125661	1
6760360	6760359	1
4813372	4813371	1
9320499	9320505	1
8400605	8400606	1
9918287	9918288	3
11708281	11708282	1
8522750	8522749	3
198752	198751	1
12663414	12663413	2
2843239	2843242	1
9069427	9069428	1
10183164	10183163	1
5345918	5349815	1
5367874	5367851	1
5145639	5145621	2
2151776	10682868	1
8031795	8031796	1
11465559	11465560	1
8289249	8288851	1
7446282	7446279	1
10311075	10311076	1
1341217	1341220	1
8368216	8262989	1
7902220	7900906	1
9177332	9177331	1
3320336	3320335	1
2038982	9484723	1
5352170	5354994	2
7591078	7591077	1
11714055	11714056	1
9493179	9493180	1
7366395	7366398	1
565305	565306	2
6950977	6950978	1
4627640	4723428	2
8957840	8957839	1
8749344	8755683	1
8531145	8531146	1
3930251	3930595	2
5223731	5224367	2
10610045	10610060	1
10530594	10530591	2
272253	268695	1
9638400	9640056	1
171720	172439	1
7470342	7470341	1
200740	200742	3
1708833	1708834	1
8622905	8622906	1
6773239	6773240	1
2890349	2889260	1
10063430	10063427	3
8181119	8181143	1
7458144	7458139	2
8400603	8400606	1
4322408	4330871	1
10268749	10268750	2
8698602	8698601	2
9785393	9785388	1
2035335	2035336	1
9273819	9273820	2
7591078	7591025	1
12025715	11999173	1
449135	449136	2
6263458	6263358	3
12489136	12476496	1
6382933	3478860	1
1763944	1696051	1
6317449	6317450	1
3732004	3732003	1
5467737	5467738	1
11155505	11155506	1
8181117	8181118	5
7566277	7566295	2
11076479	11076482	4
1733004	1733003	2
1566585	1566619	1
2242011	2242012	1
7568532	7568538	1
2379789	2379790	1
387651	387625	1
11596184	11596183	1
7191762	7191752	3
7822542	7822541	1
7850904	7850808	1
11929968	11929967	1
362019	362030	1
11111140	11111139	1
8546216	8546215	3
2674614	2674591	1
3531357	3531355	1
3116210	3116209	1
1356060	1350095	1
473113	473251	1
3638040	3638039	2
10268656	10268655	1
12435297	12435340	1
2961603	2992245	1
3194036	3194585	2
12138117	12138118	2
4306960	4306959	1
5490512	5490527	2
3083540	3083539	2
5237298	5237297	3
12295098	12295095	2
11167186	11167185	2
12163253	12162926	1
9396465	9396438	1
11532118	11536134	1
2105670	2105669	1
11396127	11423758	1
3859412	3859415	1
2448081	2448049	1
7364831	7364779	1
9385779	9385780	1
7570667	7568117	1
6819386	6819270	2
325707	323115	2
11572156	11572155	1
7164111	7164112	1
9165431	9165432	1
7214749	7214752	2
9005626	9005623	1
11611598	11611597	1
10439287	10439288	1
651853	651854	1
7371931	7372028	1
294093	293214	1
10947906	10947863	1
6524438	9972271	1
1436706	1436705	3
2021535	2030170	1
4049939	4049940	2
6390182	6390181	2
8876166	8876165	2
5189184	5188123	1
4154744	4154743	1
9430269	9773248	1
565303	565304	2
7990491	7990492	1
6785553	6783325	1
3833437	3833438	2
20894	20893	1
9139733	9139734	1
6430591	6430592	2
5100106	5100111	1
6487009	6487010	1
4091714	4088466	1
3320334	3320333	1
112489	113261	1
9396252	9395938	1
9701149	9701150	1
9756297	9770242	4
8551903	8617770	1
1395853	1395840	1
7354349	7354350	2
9231986	9231985	1
2843237	2843238	2
2491827	2491779	1
3280727	3280728	2
8047654	8047653	1
12478234	12567807	1
6021926	6021932	1
12367207	12367500	1
3282355	3282864	1
4316560	4318089	1
2096748	2091959	1
3834600	3834599	1
9635291	9635326	2
11921447	11921448	1
2161663	2133269	1
6039764	5973011	1
3952871	3952848	2
965724	965723	1
12625673	12625674	1
9269043	9286935	1
6242811	6242749	4
3568802	3568801	1
9972814	9972811	1
1179753	1179754	1
11322133	11322134	1
10955991	10955992	1
9012351	9012262	2
12743980	12743984	1
11529931	11529932	2
3736042	3736039	1
9109857	9109518	1
5579797	5579112	2
1050327	1050383	1
7659392	7659386	1
9973360	9973180	1
4748844	4743766	2
10970097	10969857	2
12351997	12351998	2
10882359	10882360	1
11184564	11183829	1
8921477	8921473	1
4323634	4323778	1
8682951	8682956	1
4749308	4749305	3
392974	391693	1
10065218	10065217	4
5927201	7803077	1
7159123	7159124	1
9803111	9803112	2
8724792	8730655	1
2686244	2686062	1
3244481	3209293	1
12641536	12641033	1
11515204	11515200	1
4245908	4245907	1
2178943	2178944	1
9192827	9196381	1
9753492	9753491	1
11390497	11390498	2
11427171	11427174	1
2286208	2286207	1
9892968	9892974	1
2348664	2348661	2
11209044	11213670	1
9658680	9658679	2
8248928	8248927	2
7166948	7166947	3
12640393	12640394	1
7503687	7503688	1
7654801	7654802	1
2758933	2758934	1
5959969	5959931	1
10249859	10249860	2
1501562	1501561	1
12315091	12315092	1
4042625	4042628	1
6842421	6842422	1
10172160	10172157	1
11206733	11206736	2
10109426	10109447	3
2959875	2959876	1
9872315	9872316	1
10740028	10740025	1
10472863	10391244	3
692885	692886	1
6712542	6712541	2
4057563	4057564	1
495220	3936263	2
10672878	10672877	1
2739330	2741097	1
3947287	3947288	1
9675272	9675269	1
7850475	7850476	2
11167003	11167187	2
5120881	5120882	2
2357656	2357655	2
8328131	8328132	1
10369106	10368724	1
2834382	2834381	1
1488678	1488675	1
7323826	7319563	1
8828505	8828506	1
55399	54009	1
2905575	2905400	2
11143406	11143405	1
3266030	3266029	1
9015584	9015583	2
5155768	5155767	2
1767752	1767751	1
9159484	9164481	1
1607797	1607798	2
5905315	5905316	2
4266244	4266243	1
1052858	1052857	1
9229325	9229236	1
11611602	11611601	1
10399024	10399023	1
10515731	10510557	1
2787948	2788063	1
240212	239568	1
11726721	11726724	2
8181094	8181093	5
9864705	9862976	1
4985608	4985607	2
10818270	10818273	1
3744656	3744653	2
5721331	5721779	2
4668026	4668025	2
160682	160509	1
5127977	5127978	1
10170354	10170353	2
11458039	11458040	1
11871867	11871868	1
813252	813251	1
22254	22139	1
7580569	7580570	1
3042915	3042958	1
6290723	6292345	1
9972272	9972271	3
3981125	3981126	2
903066	903069	1
2362545	2362504	1
8533561	8533562	1
11301129	11301132	1
11409057	11409293	1
4658517	4656789	1
7777018	7777021	1
10020394	10020393	4
8927941	8981557	1
6339419	6339847	4
2768779	2768782	1
3525701	3525702	1
10422171	10422172	1
9827102	9827101	1
2063508	2063507	1
771928	771927	1
11897956	11898179	2
299226	309519	1
4410118	4410117	2
8242025	8242026	1
7932580	7932579	1
5479762	5483649	1
10983050	10983049	1
8546218	8546217	6
2434807	2434894	1
5713939	5713940	3
3692001	3721223	2
4727394	4727393	1
12684410	12684409	1
2716240	2703865	2
9842875	9836236	1
1363526	1368723	3
8954972	8947032	1
6650684	6650683	1
7204253	7204270	1
4331917	4331898	1
7575901	7575902	1
11631107	11631123	1
8518486	8518485	1
8548638	8548587	1
7427923	7101921	1
8611043	8611044	1
11224330	11224333	1
9191431	9189809	1
7207542	7207591	1
3648150	3715268	1
9349331	9345727	2
3323185	3323186	1
6233945	6233946	2
9757763	9757764	1
12294345	12294352	1
6073825	6073826	1
12322555	12322558	1
6930445	6930408	1
11878037	668531	1
11156242	11156241	1
4473068	4473067	1
11718023	11718010	2
3607111	3607112	2
7774360	7775081	1
1462789	1462765	1
8819249	8819250	1
11392020	11392019	2
5020024	5020023	2
5423162	5423161	1
10300897	10297998	1
9381510	9381509	1
11984871	11984006	1
3951245	3951246	1
5155770	5155767	1
1880236	1880235	1
5924739	5924740	2
8048815	8048816	2
1698959	1698953	1
30275	30276	2
10229145	10038340	1
7167751	7167269	3
12039324	12039304	1
1806350	1822698	1
6766527	6766528	1
12138357	12138395	1
9921561	9921562	1
4050136	4050135	1
5734148	5600178	1
1886002	1886001	1
5844106	11774294	2
3059243	3059246	1
7695241	7695242	1
4421072	4410119	2
10798978	10798983	1
9255842	9255886	2
141831	223695	1
8748942	8749549	1
11156308	11156307	1
4667999	4668000	1
11242626	11242625	1
9466307	9466308	1
7945360	7943242	2
202784	202783	2
9502820	9502817	1
11688075	11688076	2
6280032	6280029	1
4085739	4085524	1
10537540	10537544	1
965666	965663	1
7695918	7695915	1
7062720	7062719	1
11764552	3978921	1
10506174	10507478	1
11006806	11006805	1
1645135	1641065	1
2991379	2991380	1
6881484	6881483	2
4366895	103133	1
2925802	2925801	1
11609872	11614471	1
8838197	8838198	1
6450197	6450200	1
1745319	1745320	1
11164379	11164384	1
4698501	154331	1
9087099	9087083	1
8918802	8918801	1
7981348	7981347	1
10730282	10737079	3
8749706	8755941	2
3976145	3976183	1
11220974	11221002	3
7857253	7857254	3
402360	402357	1
12468433	12468434	2
6230444	6230443	1
4882022	4882019	1
637922	637921	1
4807496	4803029	1
12203550	12203549	2
903070	903069	1
2507878	2507861	1
9349465	9352103	3
7749228	7749218	3
12352042	12351996	2
7241824	7241761	3
3575710	3575709	1
1228349	1227780	1
11492219	11492220	1
4826596	4826595	1
3249593	3249585	1
9180969	9180936	1
8903268	8898191	1
6709625	6709626	2
10355549	1576148	1
11584964	899148	1
1722023	1722024	1
10983355	10983049	1
8334804	8074769	1
6015305	422556	1
10012695	10012696	1
8698242	8698241	3
5951909	5951912	1
2472188	2475068	1
4991769	4992058	1
10917232	10917231	1
11625760	11612846	1
11430629	9712356	1
6430587	6430590	1
896715	896232	1
4319126	4357963	1
2802785	2802786	1
9825399	9827103	1
7280766	7280765	1
1611778	1611777	2
5571870	5571559	1
7178008	7178007	3
4482979	4482980	1
3033282	3095216	1
7447997	7447944	1
11863311	6103203	1
11533630	11533629	1
6992049	6847413	1
3294688	3295071	1
11467504	11467503	1
4152927	4152928	1
9340355	9340356	2
4170386	4170385	2
11538325	11538326	1
11362911	11362912	1
4775792	4775911	1
11295853	11296075	1
5470385	5472917	1
10291243	10291261	1
9493173	9493174	1
10302329	10302330	1
10687924	1429051	2
519883	519871	1
8700453	8700454	2
6623008	6623007	1
9984304	9984309	1
3682080	3682083	1
11022688	11022687	1
6363723	6309093	1
7580449	7477303	1
1066532	1068336	1
591424	591423	1
1804491	8129209	2
8059187	8059188	1
6744491	6744492	1
5285774	5562021	1
5453488	5330731	2
1002997	1002993	3
11318379	11318380	1
4253348	4253387	1
3648404	3652073	1
6637104	6635333	1
703761	694482	1
4746696	4748406	1
1602786	1602798	1
4492873	4482408	2
2781000	2780149	2
5141431	5141432	2
6057487	6057488	2
9264298	9264297	1
5954370	5954369	4
11190638	11190637	1
11849478	11850210	2
5873266	5873526	1
9259847	9259880	1
10870190	10870193	1
11401870	11401869	2
6990334	6990329	3
7589695	7589698	1
6187471	6187472	1
6933113	6933114	3
8318673	8318674	1
10280065	10280066	2
10938210	10938129	1
632237	632238	1
11190640	11190639	1
5813718	5807611	1
9055180	9055179	1
1761060	1761059	1
6169336	6169350	1
6872711	6872717	1
11748467	7009679	1
6637831	6637834	1
11748467	11748472	3
3487939	3487905	1
9688108	9688028	1
4689941	4689942	1
7222597	7222600	1
11907475	11907476	1
4755574	4755573	1
5340577	5332156	1
7446249	7446250	1
6432815	6432886	1
12386269	12386270	2
4881356	4881355	1
7695775	7725624	1
7742016	7807861	1
5413807	5413757	1
2552520	2546938	3
11542473	11542474	1
11211714	11211711	2
1529074	1529073	3
8719396	8719395	1
3603109	3603110	1
6682436	6682118	1
9381930	9381929	1
11037963	11037391	1
11418991	11422991	2
5449561	5449351	1
7214755	7214756	1
9229235	9229236	1
5633716	5633715	1
12559747	12559748	1
12269428	12269421	1
9334008	9334007	1
637927	637422	3
3395814	3397086	1
7931011	7930791	1
9154086	9153640	1
12438611	12438646	1
4517113	4512684	1
8046215	8046216	1
6739230	6739229	2
3515319	3515324	1
217444	217443	1
3199743	3199773	1
287306	287305	1
8859494	8859491	1
7267019	7267020	1
11057758	11057757	1
170127	170128	2
8794773	8794774	1
7654119	7654120	2
11520560	11529856	1
3056993	3056994	2
9035014	9035013	2
6734735	6734736	1
6947189	6947190	2
10109446	10109441	1
1757257	1760080	1
9235190	9235189	1
6002508	6001154	1
6376537	6377267	1
3929090	3929089	3
202355	202356	1
8788631	8788632	1
4075681	4075682	1
1571321	1571322	2
5014224	5014223	1
10774992	10774991	1
5057174	5056454	1
7347611	7084950	4
7845127	7845128	1
4350917	4350396	1
11658243	11652359	1
7988881	7988882	1
801126	801125	2
7857210	7857209	1
6259913	6259916	2
7788882	7788881	1
9538445	9758257	1
6184703	6184704	1
3615155	3614766	1
4361132	4361131	1
6169336	6169348	1
1933122	1933121	2
9381928	9381920	1
11084645	11084798	1
4122296	9059785	1
1173270	1173269	1
10891831	10885897	1
6797203	6797204	1
6921181	6921182	1
7221121	7221117	1
6308641	6308618	1
10800651	10800652	1
10536050	10536049	2
11300363	11300364	1
7885590	7885566	1
2985978	2985986	2
1309141	1309142	1
7277670	7277669	3
9810716	9810715	1
5591996	5591993	1
9679421	9679422	1
11415431	11419480	2
6797199	6797202	1
8655744	8656023	1
3549849	3549850	1
8367654	8367653	1
7765052	7765051	1
5422316	5422315	2
9154908	9154907	1
3256939	3256940	1
8093019	8096734	1
4749647	4749648	3
11443541	11443546	2
7251442	7251441	1
4277592	4278847	1
3538815	3538816	1
5713854	5713853	1
10979297	10946750	1
5818019	2836823	1
5148249	5148250	1
6477467	6476588	1
10486595	10564831	1
996793	996798	1
2210664	2212173	1
628105	628106	1
340725	340726	3
5331312	5331311	1
2609200	2609316	2
9395939	9395940	1
7082089	7082114	1
11568017	11568018	1
4865634	11490350	1
10104193	10104194	1
3164986	3164985	1
9513164	9513163	1
6407886	6404977	1
11571922	11571919	1
9273805	9273820	1
7545290	7545289	2
1259431	1259432	1
11078032	11073811	2
8403581	8414717	1
10389981	10389982	1
10060033	10063495	1
5547252	5547251	2
10584516	10660715	1
12051293	12055282	1
10145542	10145541	1
11482315	11482316	2
11149028	11149057	1
1529070	1529069	1
5095661	5095326	1
8240930	8240933	1
5041842	5041841	1
7835090	7835084	2
6420694	6420691	1
2010648	2010647	3
6383185	6288484	1
6013496	7775150	1
12118263	12118264	2
1659623	1659624	2
7695157	7700477	3
4551974	4475783	1
9327198	1691484	1
10208000	10207880	1
6688883	6688884	1
7851216	7851215	2
8542423	8542424	1
2686245	2686248	1
428134	428133	1
7501267	7501268	2
6966463	6966464	1
465642	465641	1
9109859	9109518	3
8796551	9856950	1
11302414	11301442	1
7742018	7742017	1
8326300	8326297	1
8732415	8733972	2
8565840	8296047	1
1433002	1432999	1
5633720	5633719	2
1455597	1455598	2
694487	717404	2
6316857	6315185	1
945769	945770	1
4554509	4554442	1
6360523	6360526	1
10332804	10332803	1
3697723	3702949	2
7424814	7417831	1
11921162	11921159	1
7776795	7776767	1
9974081	9974082	1
639333	639334	2
8403577	8403580	1
8577345	8580620	1
9667215	9667308	2
2831441	2831442	1
4868574	4868284	2
1984785	1983681	2
5422312	8578044	2
11709645	11709708	1
3281754	3281753	1
969251	971565	3
641918	642090	1
9585858	9585857	1
7189866	7191167	1
8248926	8249671	2
3199742	3199741	2
1109447	1109465	1
7945362	7945361	2
11760709	11760710	1
11462102	11467505	1
7978934	7967875	1
5199481	5199482	1
9933194	9933188	1
1432998	1433003	1
10911139	10911140	1
5045662	5045661	1
1661405	1661158	1
656926	655489	1
2720187	2719646	1
6441664	6441671	1
6274497	6274498	2
6390034	6390033	1
11550229	11558933	1
2178945	2178946	1
11146104	11139469	2
2348691	10200393	1
12734998	12734995	1
9466829	9466308	1
5738405	5738406	1
1651090	1646035	1
6859662	6859659	3
7807199	7805174	4
749957	749771	1
5645677	5645678	1
10341822	1592011	2
2958388	2884151	1
1321581	1320335	1
1490703	1490706	1
2019765	7735619	1
3246114	3246111	2
9567779	9346706	1
4790567	4790570	1
11557247	11557277	1
1117077	1116560	1
642091	642092	2
5479764	5479763	2
12598234	12598233	2
1048826	1047645	1
4558882	4558881	1
7935019	7935177	3
10171623	10171624	1
2042791	2046957	3
2597943	2603019	1
5860164	5860167	1
8794775	8794776	1
12243909	12243904	1
6849334	6849333	1
3104466	3104465	2
8181144	8181143	4
7390742	7390741	1
10143164	10142846	2
10424946	10430178	1
3940426	3941113	1
11611600	11611599	1
1877217	1877218	1
6218169	6218172	1
10104195	10104196	1
4054493	791515	1
1306191	1306192	2
9658007	9658008	1
2374567	2374568	1
8809244	8809243	1
1532147	1532008	1
9509860	9512042	1
5303407	5303408	1
10727633	10727634	2
11735107	11734763	1
459003	459000	1
4361128	4361125	1
1318101	1313114	1
12343118	12343115	1
3419898	3419921	1
11320399	11320400	2
12032321	12032322	1
3265537	3266031	1
330972	330971	1
6040670	6040667	1
7875321	7899648	1
5363579	5363588	1
10769275	10769276	1
7901029	7901030	1
12343114	12343113	1
12499447	12499448	2
7818088	7818087	1
3027457	3027458	2
903068	903067	1
5715345	5715346	1
11711670	11711669	2
7084951	7084952	2
10482052	10481558	1
11790922	11914276	1
1109669	1108955	2
1651090	1646033	1
10775075	10852891	1
9088328	9089744	1
6432889	6432890	1
10763015	10763004	1
8732135	8732136	1
6881480	6881483	1
6021928	6021927	1
9165429	9165430	1
4656788	4656787	2
1248582	1248581	1
672152	670748	1
11744477	11744478	2
8859490	8860279	1
5894582	2666954	3
1347317	1347318	1
8015791	8015794	1
5197632	5196771	3
10282961	10282962	1
7084969	7084970	2
9300467	9300461	1
1348283	1348271	2
12594562	12594557	1
10538553	10538197	1
11401907	11401908	2
3834511	3834512	1
2138243	2138244	1
2617225	2617226	1
9565997	9566002	1
4343115	4343118	1
6709629	6709630	1
8710048	8710047	1
1561411	1561415	1
8526180	8526179	1
8494945	8498218	2
10491382	10507446	1
5742478	5742477	1
9487595	9487596	1
11417734	11417733	2
9346707	9346708	1
5952758	5952757	1
1611776	1611405	2
6759683	6762811	2
11195770	11195875	1
719069	803887	1
9190210	9191009	2
4698499	4698500	1
648819	648820	2
5621883	5621817	1
10803708	10803705	1
8975146	8975543	1
4857005	4857006	2
9099434	9099371	2
1022714	1020878	1
6833984	6834028	1
7206518	7206521	1
6412599	6412600	2
740241	740242	1
2544906	2544905	1
4044732	4044745	2
4587347	4598848	1
9502820	9502819	2
10176375	10045045	1
8565099	8565100	1
9851065	9851066	1
8431671	8431674	1
10672863	10672864	1
4004800	4004795	2
8372016	3257869	1
5625158	5625157	1
11568015	11568016	1
9122874	9122873	1
3864830	3864829	2
11413797	11527724	1
11823024	11818419	1
1608959	1608564	1
12390248	12390247	1
7524763	7524764	1
987476	987475	1
11076877	11076950	1
2161659	2161662	1
603907	603908	4
10193860	3365013	1
6062596	6062584	2
6040666	6040665	2
8397538	8397530	1
12545249	12473880	1
674621	674515	1
852465	852466	1
9325537	9325538	2
3311641	3311642	1
12442053	12426349	1
6088182	6088181	3
3933556	3933555	2
8833982	8833979	1
1345509	1345510	1
9396462	9390663	1
8283907	8283908	1
11793499	482585	2
12026415	12026407	2
11595471	11595472	1
2234526	2234562	1
11115155	11115156	1
4029494	6952611	1
11713774	11713773	2
7085673	7084294	1
7570934	7570931	1
4303351	12183828	1
9770243	9771963	1
4812718	4814939	1
3063631	3063632	1
264163	261629	1
10508966	10508716	2
3044449	3044450	2
6872391	6872786	1
11573934	11573933	2
5988154	5988153	3
10772374	10772373	2
8308789	8308792	1
2182619	2182620	1
6418841	6420835	1
8444145	8444146	1
11205256	11205510	1
7222599	7222600	1
7986389	7986390	1
8565842	8565841	1
436205	11384434	1
12012928	5120880	1
5020022	5020021	1
9845282	10227491	1
627273	627274	1
8833771	8833983	2
4937970	4937969	4
9191246	9191156	1
3073271	3073272	1
1289180	1258728	1
6676347	6676348	2
4271720	4271916	1
4948685	4948686	1
2021528	2026041	2
11761164	11760949	1
8002561	8002562	1
5526396	5526560	1
10512759	10512760	2
9161627	9161628	1
11403849	11403850	3
10770525	10770532	1
8790535	8790538	1
2551577	2551578	1
10524138	10523813	1
7527528	7527719	2
1857211	1857197	3
1319460	1363961	1
6125831	6125832	2
1420700	1420933	1
3750013	3750014	3
4502914	4502913	4
5303288	5303406	1
2791702	2792116	1
70170	70169	1
2388234	2388233	2
8749075	8749076	1
11598152	11601745	2
4416192	4416265	1
570141	570142	1
9024767	9024459	2
9549417	5045661	1
4998723	8323042	1
6059121	6061870	1
1957088	1957087	2
7486327	7486143	1
8790205	8790206	1
1086420	1086292	1
9001691	9000437	1
7141856	7213179	1
7981346	7981343	1
7815082	7815081	1
4347499	4347502	1
4280416	4280415	2
3031222	3031881	1
11103003	11103004	1
12734996	12734995	2
7240042	7242307	2
3833439	3833440	2
8402222	8402221	1
11729289	11715110	1
11545600	11546203	2
429777	429778	1
10124711	10124866	1
12778348	12778347	2
8682031	8682735	1
10897738	10878171	1
10736924	10733253	2
9316689	9316683	1
7277664	7277663	1
12294383	12292087	2
7897013	7897014	1
847699	847071	1
6868333	6868334	1
10099147	10099148	1
4536637	4544784	2
1332393	1332394	1
9015578	9015516	1
6420688	6420687	1
9194136	9194135	1
6951005	6950976	1
2162031	2162032	2
11495901	11495906	2
9421872	9421871	3
1006076	1006075	2
11853160	11815900	1
1014989	1014996	1
4741801	4741802	1
10444529	10444526	1
578645	575346	2
12531133	12533870	2
1526223	1526224	1
7289763	7300861	2
9659388	9659261	1
