fend1	fend2	count
3405395	3405396	1
10643300	10643298	1
5580506	5578617	2
5490431	5471952	2
3946570	3946575	1
4536277	4556979	2
5537474	5537471	3
12015598	12015597	2
401281	401292	2
3757440	3757439	2
9748571	9748574	1
12742316	12742313	2
6225902	6225901	2
5388134	5412115	1
663873	663874	2
3521124	3521102	1
9038906	8839830	2
9545443	9545444	1
10876069	12121667	1
9734532	11114064	1
7342494	7341140	3
3154385	3154386	1
5969021	5969022	2
3538893	3537399	1
4590173	4590174	3
8699932	8699931	2
197109	197110	2
5416360	5416422	1
1107281	1107282	1
9722830	9722874	1
12669081	7189065	1
2331389	2331390	1
5333412	5333429	1
6573730	6579277	1
10022558	10022557	2
1313783	1313784	1
405801	405802	3
643832	643831	1
7863950	7863948	1
4344070	4344069	2
8392079	8392080	1
4024546	4026022	1
6395877	6395878	1
4276648	4276647	2
11613897	11613936	2
7491115	7489458	2
7537905	7537906	1
11950856	11964513	1
5206514	5206513	1
5283786	5283781	2
11775709	11775711	1
2519252	2519244	1
7366724	7366721	1
1521372	1513676	2
8767709	8767710	1
108696	107719	2
8555788	8555787	1
5493949	5459481	1
10689979	10730741	1
2503888	2503887	2
7365814	7366982	1
10078384	10078383	1
8628866	8627776	1
10705932	10706184	2
12799510	12799506	3
2718779	2718780	1
2172007	2172196	1
3918058	3918057	1
9639862	9718375	2
5888693	5888694	1
6082422	6082427	1
11878476	11878475	3
8983725	8983726	1
6213917	6057655	1
393059	393023	1
10115798	10115856	1
118751	118752	3
7151561	7151562	1
8696778	8696777	1
539349	539350	1
10299344	10299628	1
7210721	7210700	2
5551428	5551427	1
7165498	7069967	1
2295182	2295181	1
9357651	9357654	1
5866618	5866617	1
2641721	2641722	1
7466978	7466975	1
3231159	3231141	1
2314513	2314506	1
12450170	12450173	3
12049866	12049926	1
5348806	5348805	1
5416360	5416424	1
1504515	1504516	1
8757130	1160636	1
9237887	9237874	1
3811825	3814251	2
3152660	3152617	1
11201589	11201592	2
2023638	1886970	1
3724644	3719465	2
3044803	3044804	3
12814031	12814044	1
6189557	6189558	1
4613653	4613656	2
5903701	5903540	1
1543941	9312799	1
5486339	5486340	1
8368253	8368254	2
1349329	1374609	2
938970	938969	3
289473	289594	1
12297056	12296688	1
12359563	12359549	1
4663875	4579517	1
10765120	5582389	1
1566641	1566668	2
9587012	10745514	4
1788788	1579722	1
12647390	12647389	1
2672159	2672160	1
8417673	8417674	2
10123533	10123488	2
8068105	8066759	1
7764350	7764349	3
10076857	10076858	1
300570	300557	1
7039469	7039470	1
4730449	4730452	1
6829421	6827552	1
12038429	12038263	1
1555094	1555093	1
4991690	4991687	1
1900457	2211271	2
7866381	7884284	1
7754441	7754442	2
3792887	3792902	1
5235687	5235690	1
4994108	5168604	3
9240292	9240198	1
403735	403900	2
3582472	3582471	1
7699430	7960203	2
11931380	11931379	2
7336964	7336963	2
5322520	5322243	1
5983088	5983087	1
5931405	5931406	1
12492840	12489590	1
8798172	8798171	2
9387780	9387714	2
6935584	7028272	1
5500436	5500435	2
8755784	8755783	1
11869372	11869276	1
3866156	12125427	1
5578941	5578981	3
8195961	8190177	1
1032818	1030765	1
11078858	11078855	4
3964473	3968527	1
5471535	5471393	1
592387	592388	1
5019767	5019177	4
5855342	5856603	2
3556837	3558441	1
10235780	10235779	2
9091970	9091967	1
281950	281949	1
3423414	3424849	1
6281992	6281991	1
664087	664088	1
5852682	5852681	1
2164334	2164319	1
4313248	4313247	1
506984	506983	1
10718746	10726496	2
7540	8566	2
3512285	3512286	2
4007279	4007282	1
11196083	11196078	1
637367	627073	4
10021750	10021749	2
2935956	3265279	2
12002286	11998627	1
7060577	7060578	5
7040083	7006284	1
7185419	7185420	1
5408680	5415542	1
263892	263895	1
4682033	4682036	1
8872746	12345833	1
3323158	3339726	3
5362590	5362595	1
254934	254938	1
315428	249202	1
9047778	9043511	2
3320047	3320048	1
11090647	11090648	2
7214220	7214219	1
8782377	8782468	1
5620944	5620943	3
10103250	10103247	1
4859289	4954877	1
1020478	8986228	1
7722402	7722047	2
2510489	7034987	2
12209274	12209273	2
9445091	9445092	2
9921624	9921623	1
6035141	6305920	1
1471781	1440834	2
11879633	11879978	3
405803	405804	2
3691282	3691281	1
8826387	8826344	1
5288656	5294726	1
6018198	6018197	1
5735099	5735009	1
9482612	9482611	2
1190133	1190309	1
5363138	5363137	2
5119783	5119823	1
5545973	5545974	1
1244553	1244554	1
4039616	3901911	2
5629357	5629383	1
12144959	12144960	3
9905320	9905319	1
11860168	11860173	1
275221	275222	1
11676257	11836410	1
9515952	9515966	2
7060577	7138964	2
5671482	5670888	3
1793692	1793763	2
10648564	10648563	1
2603939	2603940	1
295449	197234	1
228734	228733	1
8544608	8544607	4
10338665	10337567	2
10697518	10697517	1
11480547	11479519	1
10533004	10532999	1
9304894	9304960	2
7152258	7009661	1
11611474	11610650	5
76167	76168	1
3000419	3000849	2
5153638	5153637	1
6696880	6696879	1
3383542	3383541	3
2510579	2510580	1
1845143	1845093	1
12240498	12240497	1
10313210	10313209	1
1310370	1310369	2
2611670	2612561	2
1588449	9356335	1
12019906	12462862	1
12792234	12597093	1
6346593	6346600	1
3005683	3005595	1
2245270	2245345	1
5197563	5197564	2
12143965	12143968	1
11598799	11598800	2
3584343	3584475	1
12174072	12174057	3
12742314	12742313	1
10455114	10455113	1
7364392	2610862	2
3951084	3732668	2
2394000	2393995	1
2195688	2195724	1
4055523	4055526	2
12174451	12174452	1
683343	865570	1
1380464	1380463	2
7446271	7446274	1
6601597	6601599	1
3044803	3044810	1
9722830	9722872	2
398571	398572	1
642904	642903	1
11605591	11604841	1
8720894	8720886	1
3194209	3194210	1
11480819	11480820	1
4434123	4434129	1
9318365	9318366	1
2672161	2672162	1
7395208	7396117	2
7364192	7364085	1
9113074	9113071	1
4194840	4194942	1
3855761	3855256	1
6381507	6381498	6
7588890	7588889	3
11618284	11618283	1
7935803	7935776	2
1040920	1040919	1
6434106	6432502	3
460198	459307	1
2473714	2473713	2
11450379	11451735	2
746760	746754	2
532265	532266	1
3624153	3624154	1
7858186	7857194	1
9679575	9679576	1
2514715	2514242	1
7656067	7656090	1
9944738	9944721	1
7398249	7398250	1
7298020	7297999	1
6673337	6673338	1
6627655	6253048	1
448864	448863	1
6710115	6713997	1
9756771	9756772	1
10399052	10399047	1
12144959	12144962	1
11768960	11766843	1
5360403	5360302	3
2530416	2530415	2
6961679	6961786	1
431226	431223	2
9925530	9925529	1
7200378	7200377	1
3780747	3772738	1
11634111	11634112	2
11708150	11707241	3
1949152	1953154	2
5542206	5547472	1
10040352	10040351	1
9724538	9724537	1
8249183	8249184	2
9773005	9773006	2
2595444	2595443	3
2951028	2951027	1
12767078	12767077	1
9836514	9836587	1
732822	732821	2
6225900	6229600	1
11112068	11112151	2
10301583	10301586	1
2873991	10503415	1
11696164	11695572	2
619938	203845	1
7603993	7603994	1
7429313	6739759	1
11776502	11776501	1
1303451	1303452	1
9771654	9771653	1
9629214	9629235	1
10807204	10807203	2
1189032	1292129	2
11644785	11637006	1
5179581	5179582	1
2110136	2163009	1
7848715	7848718	1
4730447	4730448	1
262700	262699	1
12316639	12316838	2
5431486	5431491	2
9423965	9423966	1
9955571	9955572	1
5208309	5208318	1
11716500	11716499	1
5280086	5282330	1
1477207	1477203	1
5288563	5288564	1
145172	145171	1
9558187	9558188	1
10457694	11233230	2
217502	217366	1
5258611	5258612	1
5728914	5728942	1
609762	609761	4
659073	660411	2
12540078	12540063	1
2530428	2530427	2
3826297	3826298	1
7659143	7659144	1
7266421	7266508	1
2470754	2514249	2
3898367	3898368	3
2449589	2449590	1
3719889	3719919	2
612354	612351	1
738502	738501	1
9926116	9926119	1
5383796	5383795	1
8181608	8181605	1
9855865	9855866	1
811013	811014	1
3237983	3237902	1
8671891	8671892	1
4323394	4323391	1
6227111	6227112	1
466003	466118	1
188132	486003	1
4121224	5878379	2
7198685	7198686	1
6465293	6465294	1
9132406	9132403	1
1964122	1964128	2
9860352	9860349	2
9387194	9387128	1
8427012	8427011	1
3090402	3090438	1
499694	499732	2
4272804	4272534	2
12171642	12197943	1
831511	831512	2
6674254	6674156	3
308552	308551	2
11210544	9468926	1
5185486	5185485	2
539349	446071	1
393061	393023	1
3667547	3667540	1
2341793	2622302	2
2768015	2768016	1
7978507	7978508	2
7423721	7423722	1
3814483	3814484	1
4437081	4437084	1
1189034	1189033	3
6254276	6254275	1
3669863	3669783	2
6152731	6152732	3
5276287	5276288	1
3154896	3154893	1
7175452	7175435	1
3373703	3270682	1
5629754	5614960	1
12125366	12125349	3
9656376	9656358	1
7730309	7730310	1
2314043	2313934	1
7926023	7926073	2
300556	645991	1
6310563	6310564	1
3156432	3140431	2
7640253	7640254	1
5898214	6000060	1
6334447	6334448	2
7151563	7154407	1
7373912	7373911	1
7401673	7401674	1
254530	254566	1
3319471	3320046	1
7295963	7295958	9
2530018	2529998	1
12031262	12016835	2
9957879	9957880	4
9036795	9036781	3
10632745	10632746	4
10705454	10705457	1
10249778	10249777	1
1936867	1936868	1
5450184	5450183	3
1387158	1387157	1
3709457	3709458	2
6643447	6643518	1
7211841	7375713	3
2548791	2505395	1
1135308	1135307	1
6121982	6121981	2
3740834	3740833	1
6146362	6152730	5
10539678	10539677	2
127508	127505	1
879206	879205	2
3631651	3631652	1
9423967	9423968	1
5801553	5801245	1
1558950	1558939	2
5494541	5469309	1
9238401	9234804	1
5802011	5802012	2
4469772	4469805	1
4552410	4552407	1
7662784	7471887	2
495997	495998	1
525759	526044	1
1107283	1108056	1
4047032	4054348	1
5153636	5153635	1
9357651	9357652	5
5792203	5902861	1
5288656	5294724	2
11112163	11111783	1
5431488	5431491	1
8384347	8384425	4
466028	465534	2
7174821	7174822	1
5974492	5974504	2
9513682	9341456	1
7563486	7563485	2
10766354	10766353	2
8245383	8245785	1
303283	308553	2
5294701	5290649	2
5975086	5975089	1
454620	454619	1
2544336	2544335	2
12285974	12285973	1
6069075	6069076	1
1964353	1967494	1
1310368	1310365	2
10015763	10014717	2
2023636	1886970	1
3049356	3049355	1
12499206	12499227	1
9470286	9470500	1
11668228	11668227	1
5942358	5942357	1
4812793	4812283	1
5904269	5661232	3
6356242	6356329	2
11040798	11038808	2
2770105	2770106	1
6243919	6243880	1
12540062	12540061	2
1312613	1312610	4
7475323	7675958	1
4730445	4730446	1
6348263	6348264	1
2129657	465534	1
10166014	10166013	1
5500434	5500433	2
2739079	2739080	2
7768535	7769113	1
9915726	9915828	1
9848719	9848714	1
2478929	2478930	3
10484998	10484997	1
9964835	9965331	1
10114760	10114759	1
6530989	6530990	2
2422511	2422513	1
9127723	9127724	3
7536108	7536107	1
6900313	6899897	1
9646466	9646465	1
348875	348876	1
331919	331920	1
1234023	1234133	2
677748	687510	1
4774121	4774692	2
4081511	4081504	1
7796879	7796888	1
3521103	3520182	1
4838264	4838263	2
3631577	3631578	2
5760944	5760657	2
10804106	10804103	1
8569852	8571678	2
925177	925178	1
3140430	3140429	2
1771461	1771462	2
5810364	5810325	1
4583706	4855072	1
4730537	4730566	2
7679831	7679832	1
11516725	11516723	4
4438479	4438632	5
2893045	2954212	1
1318939	1321036	1
1310836	1248408	1
4010384	4010383	1
2278241	2278242	3
3363876	3363875	2
5552363	5552364	1
2918929	2852784	1
12722028	12766896	2
4267053	4266724	1
12547729	12547726	1
8825505	8825506	1
2201218	2209420	1
6695504	6691942	3
5967575	5967560	1
8918224	8918181	5
4080039	4080040	1
2541774	2541773	1
5493949	5459479	1
9957948	9957947	1
4496963	4497886	1
1094220	1094088	3
11188691	11188666	1
11301674	11593592	2
10632747	10587084	3
3155830	3155829	3
1315402	1316114	1
3991976	3991975	1
1741242	1741238	3
12354710	12354707	4
7617977	7617961	1
2261778	2261777	2
5592780	5592693	2
9988956	9988955	1
7151559	7151560	1
11099989	11099990	1
11415737	11415740	1
5097701	5097702	2
4150592	4150591	1
4833249	4833252	1
12557165	12557168	2
1065923	1065924	1
11489164	11489156	1
6751714	6751479	3
2024728	2024731	1
5589214	5589293	2
3109915	3111098	1
5047004	5046222	2
6972917	7033859	1
11046211	11055530	1
3887668	3887394	4
1234132	1234131	2
3095326	3095275	1
7112340	6972520	1
967053	967049	1
9535136	9535135	2
9101826	9101825	3
12186160	12186291	1
1275157	1275367	2
3549878	3549884	1
7547670	7547669	2
5582068	5582067	2
712373	809081	2
6630693	2439115	2
9677476	2633948	1
3449629	3449630	1
10301583	10301584	3
4300036	4300035	1
7851990	7852003	1
3102570	3102672	1
8851955	8851956	1
7717044	7717047	1
1101655	4955736	2
550941	550944	1
12630054	12630053	1
8959990	8959989	1
8569855	8569853	1
8368324	8368323	2
1287662	1287084	1
5273150	5273154	1
2496616	2496615	1
6107464	6107467	1
2883730	2883729	1
10808718	10808717	1
3818522	3818521	1
9491622	9492190	1
5843131	5843132	2
10405169	10405170	1
2825559	2825552	1
9416390	9416389	1
11451016	11373533	1
5270829	5270830	1
5629357	5629381	1
11551102	11551415	1
10728155	10725680	1
1569813	1569814	1
4797895	4797878	1
12264979	12262578	1
12187838	12187861	1
2953415	2956692	3
9959262	9959277	1
9828396	9828400	2
8414841	8406656	1
11468160	11452005	1
10533070	10533069	1
12143932	12143964	2
2096922	2042205	1
2557390	2557389	1
5583340	5583339	8
4677333	4677334	1
266248	266247	2
4035101	4035102	1
1117486	1117485	3
8545867	8545868	3
7806930	7806929	2
605622	570305	1
1548905	1559274	1
1016700	1016707	1
4462795	4462865	2
11991029	11991030	2
2725545	2725546	1
5857148	5857086	1
3907422	3907427	1
11188326	11188451	1
2223094	2054333	2
11156951	11156952	1
260817	260814	2
5210097	5210098	1
7562995	7562996	1
8252210	6476566	1
3635198	3635197	1
7371628	7371644	1
11990630	11990627	1
3624250	3624249	1
2509393	2509394	1
4264216	4264226	2
2611672	2611671	2
6116293	2354888	2
9694795	9694796	1
3713825	3713828	1
8547060	8547004	1
9790061	9790062	1
7342494	7341144	1
2956959	2956960	4
6026218	6137255	3
1963548	1963547	1
10008466	10008226	2
6920818	6920814	2
1391948	1394441	1
4788526	4788531	1
9035317	9041333	2
858005	857985	2
3780272	3780367	1
10420858	10420857	1
7369964	7369961	1
3854970	3854969	1
9422424	9422431	1
478930	478929	1
7182530	7182765	1
10664977	10664978	3
647553	647718	2
7042284	7042283	1
2541776	2541775	2
1244557	1244552	2
8075920	8076544	1
3439686	3446898	1
8430291	8430292	1
2562715	5213488	1
6082418	6082427	2
1681296	1680354	1
8172935	8172960	1
7905775	7905776	1
2849312	2849311	2
1624006	1623933	1
6381507	6381502	2
1657163	1657164	1
5462755	5463149	1
1287663	1287664	2
2586190	2586189	1
5540501	5540070	2
5861890	5861897	1
6773392	6773391	1
2082223	2082232	2
6031327	6021998	2
5204518	5204521	1
451794	451793	1
8838014	8838013	1
8662953	8662954	1
5272406	5272392	1
5552867	5552874	2
10670326	10670196	3
5576403	5576417	1
3966215	3966216	1
5160136	5160126	2
7932601	1652449	1
2076915	2072535	1
11061895	10812295	1
4114570	4114569	1
9063106	9063105	2
5276289	5276290	1
4372067	4372068	1
5057871	5057874	1
5954216	5952105	1
5258613	5258614	2
4257981	6434107	1
184618	1152244	1
6381503	6381504	3
11220208	11220225	2
11642918	11642871	1
3310523	3310302	3
421942	587257	1
3524853	3524854	1
5460178	5585248	2
3822252	3822257	1
5294694	5348599	1
1477207	1477208	3
10643299	10643301	2
5319992	5319991	1
10166016	10166011	1
11975788	11975787	1
12325401	12325120	2
7245786	7236783	1
7388488	7388487	1
8721206	8721205	2
7536725	7536726	1
1771458	1771455	1
5503288	5304998	3
5739269	5756874	1
12526380	12526379	1
3887672	3887669	4
11260334	11260333	1
12511184	12758674	1
7395118	7395117	1
8092475	11729711	1
3889595	3889596	1
10925134	10925133	1
4060191	4060192	1
6153167	6153168	1
5711587	5711588	1
5051842	5051841	2
3088122	3088121	1
545973	545978	1
1499919	1499922	1
11543182	11543181	2
7905892	7906093	1
10439086	10515793	5
4590175	4590176	1
7395120	7395119	1
3232148	3231983	1
9043232	9043231	1
7712269	7712270	1
5288497	5288500	1
406583	406584	1
9332337	9332338	1
11614779	11614780	1
2604533	2604896	4
7194919	7194920	1
4696993	4696987	1
12356575	12356649	2
12376142	12376141	1
11065704	11065707	3
6107066	6107065	3
6058108	6058107	2
3164060	3163603	1
8612855	8612856	1
6482298	6482300	2
3921869	3944945	1
11452528	11452527	2
3044805	3044808	1
3288480	3288479	2
6902853	6902854	1
5644046	5644045	2
9839179	9839180	1
5601659	5601656	1
2641864	2762213	1
8545869	8545743	3
9542981	9542984	1
9146610	9116823	1
792591	792592	1
3264966	3264965	1
12003781	12001516	2
7491115	7489460	1
5327899	5327902	1
3255445	3255446	3
9500721	9502575	1
8974071	8974072	2
11827947	11827948	1
3964475	3968527	1
5737414	5737413	2
3289802	3365057	1
1475985	1475469	1
4444415	4444416	1
2739075	2739078	1
5472059	5471741	2
923691	923692	1
1448686	1448685	2
5629741	5629761	1
10277609	10277612	1
7228156	7228155	1
5844768	5844767	2
4508600	4508599	1
1718891	1718908	1
450371	450084	1
9171550	9171549	1
11214253	11212070	1
4839398	7862196	1
83134	1721019	1
1822545	1822546	1
5906377	5906200	1
6641516	6641526	2
937928	738493	2
3027503	3027504	1
2369151	2368695	1
12815025	12561160	1
9119388	9174976	1
596903	596920	1
7547672	7547671	1
3731179	3731182	1
3534601	3534602	1
738991	942740	1
10245251	10245258	2
8200656	8301489	1
4564874	4564873	1
401356	401372	1
3856455	3856456	1
1858785	1858849	1
3154896	3154895	1
9278591	9278593	2
8356816	8362847	1
6584842	6575221	2
12776130	12563507	2
1257207	1257193	4
6740780	6740779	1
12694818	12694817	1
1216144	1216147	1
1071018	1071017	1
1298479	1298482	4
9029050	9050431	1
1178235	1578019	2
4694431	6797942	1
246132	246129	2
5214302	8964166	1
4136620	4227463	1
11979593	11979594	1
8544608	8544605	1
9582897	9582893	1
791147	610462	1
1599757	1599758	1
7823951	7823901	2
625637	625643	1
7202559	7202560	2
609760	608615	7
2509395	2509396	1
644789	283945	2
9668512	9668511	1
10434581	10434613	2
2554085	2554086	1
5844390	5844387	1
5390501	5390502	1
3989510	3989509	2
396756	394627	1
6066087	6066090	1
6857905	6857900	2
8532170	8532168	3
2582565	2582566	1
2389157	2389228	1
3624151	3624154	1
2969123	2966710	1
5259331	5259332	2
5227955	5227956	2
634435	634436	2
12027381	12018215	1
6109862	6109969	1
5562742	5502443	1
9148450	9148446	1
7060579	7138964	4
2486095	2373892	1
712545	712850	1
7907527	1793316	1
1112527	1112528	1
11031069	11031070	1
10030856	10032661	1
2432360	2319557	2
7135955	7135958	1
7995006	7994942	1
11989244	11985289	3
7278707	7244313	1
7234434	7234837	2
330746	330745	1
9851072	11172676	1
615612	615611	1
3626031	3626032	1
1883575	1883052	1
1763384	1763383	2
10911190	10911189	2
2961865	2961866	2
450371	450082	3
5106610	5122175	1
4797901	4797902	1
8834316	8834315	1
10270087	8428860	2
2901673	2901674	2
9571802	9569300	1
8419960	8419959	1
9318285	9318381	1
6140964	6140957	1
2637701	2637692	3
423200	423188	1
3808651	3810497	2
5159163	5159152	1
4835295	4835296	1
3946507	3946508	1
9902295	9904365	1
9467397	9467025	1
7696418	7695994	2
8606007	8605937	1
10434612	10434611	2
6638040	6638023	2
3749687	2640658	1
10565730	10565729	3
7143235	7143210	1
7304855	7304818	1
4068269	4068272	1
12173160	12173151	1
9793354	9793357	1
4151254	4151253	1
4831052	4831051	1
5153376	5131215	1
11131129	11130528	2
7475324	7675963	4
3485820	9344799	1
2409857	2409858	2
4621451	4622317	1
1435874	1623243	1
1555094	1555091	4
3889599	3889600	1
10942001	10942002	2
10821389	10821394	2
5272407	5272408	1
12157009	12157030	2
10489195	10489196	2
5523739	5521410	1
11480815	11480818	2
7266996	7266993	2
10176829	10176824	1
8817615	8817605	2
4266794	8148931	1
6066087	6066081	1
2571049	5320215	1
2883733	2883850	1
12015313	12014584	1
5846129	5844769	3
5974492	5974506	1
9272417	9272418	1
4881168	4881167	1
3539047	2742229	2
2395600	2395599	3
11364253	11364254	1
11975606	11975605	1
7760986	7764351	4
7672010	7760062	1
5531023	5531024	1
6603076	6603188	4
2196310	2195995	1
4610053	4610056	1
7371645	7371646	1
3772253	3795108	2
11975790	11975789	2
9864677	9864694	1
2730552	2730551	1
6346648	6346645	1
10178747	10158835	1
11372723	11372724	1
10209287	10209288	1
6013934	6013933	1
603577	603578	2
264430	343850	1
2818182	2817871	2
5362601	5362602	1
5608391	5608433	1
9841110	9841109	2
11452528	11452525	1
5262038	5268557	1
5118306	5118448	1
5331638	5331641	2
1779066	1782526	1
6960182	6960181	2
4627994	4627993	1
7254400	7254399	1
6302119	6303700	1
7972337	7972343	1
7185365	7185366	1
1793392	1793413	3
3775871	3775872	5
9500214	9500213	1
1888638	1888637	1
8918989	8918990	2
11482024	11481993	1
3570691	3705112	1
3483373	3485175	1
7466976	7466975	1
4831050	4831049	2
7396907	7396401	1
8201042	8201041	1
839256	839255	1
4590175	4590178	2
5082993	5141180	1
11122145	10764460	2
9422208	9336222	1
1027508	1027507	2
6441335	6441336	2
9157505	9157503	1
10920494	10920493	2
2530426	2530423	1
11402646	11402645	2
2962099	2962103	1
4642864	4639387	2
8328556	8328553	2
4048188	12751310	1
10450591	7547145	1
436939	436885	1
10212094	10212093	1
1175983	1175514	1
1092179	1087340	1
4193031	4193032	2
597274	597271	1
10122257	10122258	1
8843417	8842053	1
1245772	1245777	1
6976304	6976260	2
473960	474068	1
1486496	1486495	1
1504515	1504520	1
5092600	5092599	2
1282810	1282430	2
2621827	2621828	2
5998088	5998087	2
12356648	12356647	2
10034440	10034439	1
12359779	12359784	1
5693882	5694110	2
4356983	4356984	1
1513677	1513678	1
7204824	7204813	2
9507559	9507652	1
7548880	7548898	2
10649503	9495851	1
3819060	3819004	1
6813429	6811119	1
3521126	3521125	2
385077	385078	1
8076545	8076546	2
7471882	7662754	1
2078159	2078162	1
9902293	9902294	1
4812282	4812281	1
3265278	3265277	2
3826341	3826342	1
9756762	9756770	1
284422	284421	1
8473409	8473573	2
5887966	5887961	1
51460	51459	3
7416959	7416962	2
1633225	1633250	1
1343819	1343807	2
11126849	11126863	1
929265	929266	2
1298483	1298484	3
365105	365106	1
11976265	11976268	1
559553	559554	2
7939091	7939092	1
11634113	11560597	2
7576823	7576824	1
10533004	10532997	1
5583342	5583341	6
262798	262843	1
125812	58161	1
12275028	12275031	1
8085214	8085213	2
8443786	8444023	3
6337219	6337220	2
11805314	11805313	1
8253361	8253362	1
7661318	7661317	1
11229860	11229857	3
7111615	7111652	1
10298211	10300753	2
11811556	11811555	1
419994	419993	2
6395875	6395876	1
10628857	10338098	1
9747935	9747940	1
5312285	5312228	1
2755465	2755482	1
7408102	7408114	1
2876164	2876163	1
6185541	5639677	2
5985988	5985987	1
9534062	9535137	1
11061514	11061513	1
12630054	12630051	1
7488602	7488725	1
802077	801476	1
7295110	7295122	3
8972083	8837543	4
2617192	2575867	1
6054871	8571165	1
8386037	8386051	1
12317185	12317187	1
7143233	7143234	3
7408115	7408116	1
3030375	3035278	1
276439	276440	1
10635565	10635552	2
2006035	2006036	2
12669021	12669066	2
6757205	6762058	1
6994938	6994930	1
1462613	1466828	1
450083	450084	1
8798285	8798286	1
5877409	5877412	1
5824747	5825173	1
5222651	5222618	1
204450	204455	1
12363387	12363414	2
8705781	8705782	1
6346648	6346643	1
1762591	1762592	1
6184860	6184718	1
10418683	10418684	1
12758675	12758676	1
10202187	10201961	1
4692371	4620183	1
5131956	5131961	1
10953978	4128888	3
5342360	5341912	2
5318807	5318810	1
9799738	9798875	1
400353	2580417	1
12328797	12662984	2
7482318	7482315	2
2075673	2075727	1
3600417	3600438	1
4142490	4142481	7
10034438	10034437	1
1736192	1751971	1
3227753	5543504	1
1623242	1623241	2
204969	204973	1
9146181	8967845	2
10457696	11233230	1
6841073	6841074	3
569891	569892	1
5788058	5787719	1
3292534	3292533	1
3538250	3538249	1
7680305	7680436	2
1326096	1326095	1
4597679	4597681	1
12488953	12488954	1
4528893	4528909	1
6078494	6078491	2
11991884	11991883	1
10554183	10561384	2
11202770	11202773	1
4642531	4642311	1
2849314	2849313	2
2135015	2134971	1
7326597	7326600	1
2544338	2544337	2
10420864	10420863	2
7113079	7113080	1
4054254	4054253	2
12253957	12253958	1
11976398	11976397	1
625634	625633	1
2974640	2974637	1
8875439	5470509	1
4610053	4610054	1
5206663	5350527	1
3050936	3050931	1
5361163	5361149	1
8793406	8798643	1
10750157	9516653	2
925175	925176	1
2444991	2444992	1
9785055	9785056	2
10980260	10980259	1
9332339	9332340	1
8838012	8834317	1
385031	385032	2
7352389	7352390	2
5865909	5865910	3
3365056	3365055	2
4643474	4742678	2
10435877	10435878	1
3151352	5473535	1
2390809	2392935	1
3795959	3624251	1
24144	8411445	2
7019514	7019513	3
10411460	10411457	1
8052569	8052425	1
7287937	7288205	1
7287935	7288205	1
10360078	10360077	2
11457613	11474143	2
9372105	9372106	2
6295272	6295271	1
11866358	11866344	1
3795959	3624249	2
1482296	1482316	2
6201262	10201084	1
4834894	4834893	1
8179499	8179502	1
9786331	11198033	1
3904384	3904387	1
1112618	1112544	1
8836643	8836628	2
2150871	2150874	1
8159024	8159021	2
12603826	12603171	1
10623670	10616723	1
4819779	4843050	1
2739077	2739078	2
4021295	4021296	1
8772620	8779928	1
5472239	5472198	1
10418685	10418686	1
9841108	534392	2
2410542	2525955	2
7968228	7968227	1
5046223	5046224	1
7965768	7864434	1
3813826	3816487	2
278376	278375	2
9172027	9171899	4
2434492	2434491	2
276438	276437	1
3679236	3679238	1
11766705	11766706	2
8918991	8918982	2
2618591	2618589	1
6960184	6960183	1
9816074	9854921	1
5983086	5983085	1
10029570	9855864	1
8596106	8596105	1
9605708	9605707	1
5285128	5284727	3
3719164	3671515	2
3087406	3086853	1
5975407	5837799	2
5988366	5950504	2
8900742	8900741	1
6527793	6527794	1
12419048	12419047	1
9619686	1504196	1
8095274	8102775	1
10166016	10166015	2
938492	938497	1
11502008	11500891	1
10719753	10719754	1
419992	419991	1
1966485	1966674	1
9983781	9983789	1
11627476	11627465	1
1867389	1866702	2
3320568	3320573	1
2768017	2768018	1
4548379	4548380	1
118755	118740	1
4574913	4574914	3
10005265	10005266	3
10166016	10166013	1
3362695	3367069	1
3982536	3982535	2
11501925	11501926	1
2942761	2942762	1
716078	716077	1
1996041	1996042	1
7560694	7560693	2
4748285	4748286	1
11989242	11989241	7
1584176	1584175	1
12157093	12156608	1
5120116	5120115	1
5698835	5698830	2
396201	396202	1
3144402	3144401	1
9236115	9236116	1
1994559	1994560	1
10288655	10288656	2
1685859	1685894	1
3917944	3917943	3
6128897	6128898	1
724201	6961286	1
10122259	10122260	1
7727969	7727966	1
2796719	2796722	2
289148	305539	4
1310370	1310365	1
370576	6458784	1
4305530	8262747	2
5301112	5301107	2
10158838	10178746	2
398121	398573	1
10509471	10511279	1
7210701	7210702	1
636296	636295	3
8675638	8675637	2
9646466	9646463	1
9670187	9670188	1
11247428	11247106	3
7246971	7246972	1
8384424	8384423	3
5443245	5443246	1
2022947	2022948	1
7787562	7757143	1
5537476	5537475	3
9932050	9932049	1
11994333	11994336	1
10114762	10114759	1
10226304	10226303	2
612352	612351	2
421943	421944	1
1856859	1854493	1
4119783	4119784	2
3623528	11465659	1
7597437	7597438	1
3867053	3867054	1
5496012	5497521	1
10838111	11036925	1
1243556	1243490	1
4681796	4681795	1
10288651	10288654	2
12282033	12282034	2
2351868	2351867	3
11398754	11398997	1
11090643	11090646	1
2098076	2098075	1
10750680	10750683	1
111267	111262	1
3663021	3663094	2
5359682	5359608	2
5935609	5936021	2
8426929	8427529	1
1055817	1055818	2
433674	433803	2
7154406	6992465	1
4501802	4501797	1
11330796	11330795	1
9584911	9584912	1
7862629	7862648	1
9263310	9263309	1
9996146	9996155	1
1701081	1701082	1
3237654	3237651	2
7039882	7039881	1
6527683	6527684	1
622036	622034	1
11520477	11520478	1
5230807	5230808	1
286613	643257	1
5797427	5797818	1
5598933	3196607	2
3509259	3509262	1
12144963	12144964	1
12366881	12369170	1
10763939	10648565	2
8329934	8329947	1
9944738	9944723	2
9848306	9847948	1
2542050	2542214	1
3630327	3630324	1
9141973	9141970	2
151112	151127	1
8716439	8746571	1
7679767	7679768	1
3373319	3376489	2
2351866	2351157	1
698674	8986228	1
4430807	4430872	6
6265231	6265232	1
2188854	2188853	1
5450184	5449246	1
1523550	1523549	1
8419958	8419957	1
6946591	6946589	2
7135955	7135956	7
11457001	11457139	1
3229174	3229308	2
9028460	9028459	1
7290057	7290058	1
7848005	7848006	3
1914229	1927165	1
5657999	5658000	1
7236014	7236013	2
4993634	5202543	1
6662705	4315316	1
7887205	7887177	1
1668028	1668027	1
3761948	3761945	1
4613657	4613658	1
12415088	12415087	1
7345290	7228110	1
11074730	11074729	3
5509905	5509906	1
7489459	7489460	1
7234436	7234435	1
6971452	6971451	1
11745956	11745796	1
1282772	1282771	1
7498945	7498946	2
2785113	2785110	1
7874958	7874913	1
4116707	4116050	2
7019516	7019513	1
9708746	9708751	1
746591	746367	1
8207237	8207238	1
5710543	5710544	2
7216005	7215576	1
3889597	3889598	1
11466649	11466721	1
7287048	7287047	2
5431488	5431487	2
2429730	2429727	1
312108	312111	1
5553108	5553100	2
2188870	2188869	1
11720205	11722631	1
498045	506433	3
6008719	6008722	4
2655063	2773436	2
2345955	2345949	1
10465397	10465232	2
865634	861561	1
10655450	10655457	2
9816403	9816404	1
2195390	2196679	3
920509	923387	1
12004605	12004606	1
2621821	2621828	1
11613994	11613993	1
5154898	5154897	1
3389368	3389377	1
4300553	4300556	1
11301768	11301685	1
9716051	9714736	1
12512309	12512378	1
8761253	8761254	1
2156150	2153207	3
10649127	10659188	1
6021208	6021207	1
12207608	12207607	3
9955372	9955371	1
5758184	5758183	2
716078	716039	1
3198070	3198065	1
2350904	2350903	1
7425258	7425257	2
6471504	6472008	1
5626883	5626905	1
12207583	12207761	1
3378447	3377284	2
8158206	8159025	2
9129973	9129974	2
8032380	8032377	1
3599927	3600887	1
8452269	8452172	1
7823947	7823948	1
10758293	10758249	1
6795545	6795546	3
12317840	12317839	1
9147771	9147772	2
5701869	11490952	2
10846643	10836794	1
5523737	5523738	2
5545971	5545972	1
7540690	7540712	1
486413	486416	1
10594087	10594088	1
1555092	1555091	1
4437077	4437080	1
8564430	8564429	2
3071457	3071433	2
8866175	8866176	1
3976943	3976944	2
10934375	10934376	1
7222874	7270241	2
9179031	9179008	1
4797893	4797894	2
5280688	5455903	1
11991027	11991030	2
8727445	1859736	1
8609551	8555787	2
8676200	9023574	1
4699731	7736195	1
406992	2611406	1
8748199	8748275	1
9310878	9310812	1
7526788	7526787	1
5196547	5196533	1
12014221	12016431	1
2460969	2462614	2
4810667	4805759	2
10115798	10115797	1
1504517	1504520	1
3076727	3076728	2
2066094	2066091	1
5905319	5905320	1
8702919	8702866	1
10100442	10096194	1
6696878	6696881	1
10338665	10338666	1
10015907	10015994	1
4445101	4444414	1
11979728	11967310	1
12047405	12047406	1
5426637	5426638	1
7094501	7094502	1
745404	745403	4
2433728	2433714	2
9747232	9743666	2
9469949	9469958	1
9926118	9926117	1
8452267	8452268	2
9670185	9670186	1
5521414	5521417	1
9564663	9564664	2
7489982	7489981	1
24463	24546	1
6971448	6971447	2
1886983	2023591	1
7338288	7352113	3
5601445	5601422	2
2825393	2825394	1
2586467	2524567	1
10484983	10484999	1
5528577	5528294	1
2551227	2551313	1
5227957	5227958	2
10639056	10639055	1
10621844	10621970	1
5431344	5570601	1
11991027	11991028	2
11811577	11811557	1
1636657	1636658	1
2253637	2253638	1
5120118	5120117	1
7369966	7369965	1
68736	68735	1
10337207	10337208	2
9385099	9385100	2
9171552	9171551	1
9499722	9499606	2
10697516	10697660	1
8964155	8963803	2
3361691	3361692	3
7006299	7177606	1
6136801	6082766	1
2486517	2486518	2
7087116	7079057	2
10504074	10504073	3
642902	640345	1
9190001	9190002	1
11450508	11504032	1
3940441	3940411	2
10031578	10031577	1
1924974	1924973	2
2583554	2583553	1
2268527	2268528	1
8198141	8198142	1
5477191	5474467	1
299953	614773	1
10719755	4635506	1
4418939	4418944	1
12173152	12173151	2
10945691	10945692	1
8714747	8714748	2
2489991	2489992	1
9869341	9869191	1
4584462	4584456	2
1003554	1003542	2
1459259	1459260	3
7466978	7466977	1
11802000	10821416	4
9853194	9853193	1
1980544	1980535	2
6531353	6426402	1
2246179	2246180	1
1260258	1260257	1
3775873	3775874	2
7823949	7823950	2
9700042	3799891	1
8755730	8755568	1
2044076	2044075	1
6052638	6052637	2
3793037	3793013	1
1684218	1633931	2
11315932	11315931	2
4692369	4692370	1
3866286	3856454	1
1532312	1532309	1
7232281	7327009	3
2491271	2491252	2
6465295	6463072	1
9667610	9608670	2
6227113	7497132	1
2355009	6116290	1
3255445	3254619	1
6037453	6046240	1
11121908	10647924	2
636027	636028	1
6853621	6853624	1
9651784	9710768	3
10670328	10670327	5
3060065	3060066	2
3270517	3270518	1
7122762	7122761	1
9949415	9949418	1
671406	7858296	2
10771940	10771939	2
8409808	8409807	1
8972083	8837541	1
10422911	10420168	1
5329642	5329639	1
2852785	2852786	2
7885726	7887136	1
7957526	7690642	1
15985	15986	1
12144961	12144962	4
3651066	3651065	1
6624907	6624910	1
10976060	10976449	1
3881039	3881040	1
3320570	3320569	2
3808599	3808600	1
3723076	3723075	2
1121963	1121857	1
745406	745405	4
6938445	6938446	1
12764877	12764878	1
6514920	6514957	2
12038428	12038422	1
1449820	1329928	2
679742	679741	1
5315886	5315885	1
7646353	7646354	1
5821080	5821108	2
9716049	9716050	1
8129539	8129542	1
4528891	4528892	1
8511570	8509080	3
3403431	3403462	2
7039880	7038131	1
7673505	7832285	4
4440949	4440950	1
5898216	6000060	1
4274026	4274025	1
866517	1841462	1
10750684	10750683	2
4651402	4651401	1
10420862	10420861	2
7540756	7540781	2
7560692	7558231	2
738504	738503	2
8551550	8550492	1
6339110	6337220	1
1635378	1642815	1
5866697	5866619	1
7446299	7446249	1
5878378	5878377	2
330744	483924	1
7576821	7576822	1
48852	48703	1
8844636	8836049	1
10938616	10938639	1
3137532	3137195	1
1314493	1309581	1
777945	784463	1
881995	715159	1
1435872	1623243	1
10146772	10005264	3
10916300	11090640	2
8570265	8570108	1
1653234	1653233	2
3928865	3928866	2
11798687	11798695	2
7875028	7875035	2
1527600	1571572	2
5705127	11481578	2
950831	613379	1
2394232	2318808	1
2291206	2208079	2
758037	758042	1
11716498	11716501	1
7301202	7301199	1
1763382	1757774	2
6750969	7435663	1
5440799	5440800	5
12168068	12172792	1
2082233	2082234	1
4300553	4300554	3
2883851	2883852	1
2956963	2956972	3
3858103	3858104	2
7809679	7809680	1
6032047	6032048	4
6091635	6091636	2
4723273	4723967	2
776251	902216	1
683571	683572	2
4101650	4101658	2
5905321	5905322	1
1173998	1173997	1
4835704	4835593	1
3654565	3635197	3
164411	164412	4
10226302	10226301	2
10635274	10557841	1
5224992	5224991	2
8473572	8473571	1
8869947	8869585	1
539351	446071	1
11252315	12751310	1
638387	638388	1
3816803	3816804	2
11348742	11348739	1
9798197	9554923	2
7446305	7446308	1
5553110	5553109	4
8592090	2873990	5
7423709	7423712	1
9297216	9297215	2
2486691	2486686	2
4564876	4564875	1
9056553	9057012	1
597274	597273	3
11925613	11925614	1
8070994	8070993	1
9775500	9775499	1
6435841	6435909	2
1805156	1805155	2
6984230	6984229	1
5601437	5601438	3
3127921	3127922	3
10801403	10801404	1
11482024	10249772	1
10873896	10871829	1
1680255	1680239	1
7295110	7295124	1
12269335	6983399	1
11713548	11717717	3
12227649	12227917	1
3611319	3603319	2
4677335	4677316	1
12647388	12647391	1
6107064	6107063	2
6899604	6900366	2
910666	911112	1
7314458	7314076	1
7050358	7050357	1
11189867	11189745	2
5354154	5353743	1
7832284	7832283	3
5159723	5159724	1
8698168	8698167	1
2935735	2935732	5
11446005	11440416	1
3741600	3741655	3
7287044	7286964	2
9992694	9992693	1
8062099	8062139	1
8768645	8768565	2
2598516	2598543	1
8438865	8438866	2
9580190	9580138	1
2517265	2457280	1
5310619	5310622	3
3265262	3308973	1
9748571	9748572	2
6662705	6662708	3
11797173	11797174	1
11115275	11115276	1
987169	987002	1
9104198	9104320	2
10114762	10114761	1
7414822	7414821	2
3528886	3528885	1
587350	587329	1
7899010	7899007	1
3717	3694	2
10998199	10998200	1
4640854	4640853	2
8780426	8737337	1
12264028	12264027	1
3383700	3383699	2
5335101	5335102	1
5585665	5585659	1
1030766	1030765	1
11644798	11644818	2
9710769	9710770	2
8697322	8697326	2
5560145	5497349	1
2095122	3459917	1
7318633	7318639	4
2493253	2493254	1
944152	923501	1
7570930	7570929	2
3377850	3374790	3
5210095	5210096	1
1858848	1858847	1
4834892	4834872	2
12263181	12265278	1
1924929	1924975	3
2918929	2852786	1
3140856	3140634	1
5709103	5709155	2
2273335	2273336	1
204454	204451	1
184942	184941	1
4950661	4950221	1
341955	319457	2
5104057	5104058	2
10792497	10792500	1
3325149	403538	2
3090403	3090441	2
9372107	9372102	1
6795547	4714958	1
3748046	3748049	1
607568	607567	1
5416423	5416424	1
1608375	1608348	1
9378085	2496087	1
10340003	10318091	1
7362035	7362038	1
4002327	4002353	1
7376702	7376686	1
1641703	1641704	2
5329607	5350174	1
7250840	7251020	2
4194105	4191699	1
8763972	8763971	1
3579708	3579707	2
3781701	3783001	1
3835297	3835298	1
10953978	5603222	1
8730105	8729959	1
10313396	10313211	1
1117484	1117353	2
4604149	4604090	1
10750680	10750685	1
383562	383558	2
11591024	11591023	2
10547681	10547685	1
3019475	3019476	1
6162668	6162667	2
3323553	3323554	1
151114	151113	1
6284169	6284567	1
7039467	7039468	1
12207610	12207607	1
550941	550942	1
3879199	3703998	1
8192115	8205516	1
1636659	1636662	1
6334438	11236318	1
7947409	7947410	1
259568	260599	2
5594960	5256951	1
937856	938560	2
458979	462770	1
340660	340657	1
10771938	10771937	2
3362693	3362694	1
11194612	10748654	1
370576	523694	1
4651672	4651705	1
4564184	4564183	2
9020433	9020436	1
5207325	5207326	1
10855773	10855774	2
5998064	5998063	2
2996445	2996452	1
10876069	10875589	1
7009660	7009659	1
12668155	12668156	2
8425983	8425986	2
7834195	7834196	2
3278704	3278579	2
9860348	9860347	1
8328558	8328557	3
10592566	10592565	1
10729303	10729304	1
4714957	4714958	1
11061516	11061515	3
5565982	5565843	1
9082683	9082684	1
3601543	3601544	1
9743267	9743268	2
2207497	2295183	1
12813881	12813884	1
491702	491705	1
8528546	8528545	2
7675962	7675959	3
11964511	11964512	1
11201587	11201588	1
7430495	7430498	1
3134960	3134959	3
2542877	2542842	1
3982440	3982449	1
7451155	2105234	1
11229856	11229948	1
5708091	5708092	1
3095582	3095579	1
7135948	7135954	7
3624151	3624152	1
10532998	10532997	3
5042028	5041156	1
5545969	5545970	2
4272535	4272536	1
9812645	9812646	1
703669	680949	3
10898590	10913259	1
609103	609105	1
9033580	9033587	1
2072295	2072296	3
12448552	12448561	2
7125091	7125092	2
8761258	8761252	2
7287046	7286964	1
365107	284091	1
778921	778915	1
4193029	4193032	1
11279755	11279760	1
12766897	12681295	1
1257205	1257206	4
8344705	8344706	1
9099184	4054255	3
6832755	2097731	1
5502575	5560369	1
8110474	8110467	1
3030373	3030374	1
7664045	7756457	1
716076	716039	1
7185367	7185418	1
12490849	12490850	1
2381727	2029361	1
7033176	7034237	1
806018	814765	1
5195848	5188053	1
1925825	1928315	1
11076260	10799423	1
260815	260816	1
5854700	5854699	2
5581894	5581893	1
2544544	2544539	1
3129674	3129673	6
104020	104023	2
6784841	6729485	1
1732259	1737919	1
3525957	3525958	2
2722319	2722320	2
569889	569890	1
8811425	8813348	2
421031	421032	1
12423587	12423588	1
12004607	12004608	2
2530422	2530421	1
1956587	1957602	1
660934	660937	1
4792544	4792543	1
9043720	9047830	1
7287933	7287934	4
6908143	6908144	2
344830	344829	1
6993926	6993925	3
7687012	7948714	2
7606692	7606899	2
8441102	8441105	1
11999863	11999864	3
145694	145173	1
11728272	11728277	2
11994409	11994410	1
3756250	3756138	2
8789541	8789542	2
3956637	3956638	2
12125348	12125345	3
11337745	11337746	1
1971993	1971994	1
1040289	1040290	1
8249185	4282495	2
6572813	6572814	1
3411010	3411003	2
2874298	2874311	2
4569210	4569275	2
9816405	9816406	1
281710	290721	1
3823938	3814998	3
1079544	1106929	1
3095582	3095581	1
10221086	10221101	4
10900722	10900721	2
7610866	7610837	3
6237887	6237888	1
724554	724553	1
4414349	4414370	1
3574489	3574224	2
9629761	9622519	2
5283776	5283787	1
10354173	10354174	1
2470644	2470641	1
2350010	2350068	1
2530418	2530417	1
6575499	6575486	1
1535923	1535924	1
1016545	1008886	1
11483518	11483517	3
61969	57188	2
11482568	11482596	2
8040748	8038582	1
5629382	5629381	1
3615955	3615956	2
3679884	3679887	3
10761003	10760947	1
7899012	7899011	3
818949	861366	5
45729	45730	1
491702	491707	1
2559277	2496664	3
9746603	9748312	1
4819777	4819778	1
10432443	10432208	2
9810493	9810494	1
5444533	5400393	1
6673341	6673336	2
363129	363130	1
12269267	12269646	1
7599006	7599005	3
10420860	10420859	2
2324163	2324274	1
10391128	10391187	1
3156432	3140429	1
7926039	7926040	1
3654565	3635199	1
920121	7866453	2
7863949	3265225	1
3161066	3166110	2
11543180	11543190	2
9485651	9652224	2
12615142	12615137	1
71247	71245	1
5308970	5308969	2
10492016	10492015	1
12782504	12782503	1
10226753	10212095	1
7712267	7712270	1
12050303	12046575	3
3216348	3216347	1
10229544	9967708	1
3100180	3027502	1
3090335	3090336	3
8325221	8612919	1
1310838	1310837	1
7373910	7373909	1
11286362	11286491	1
10484983	10484997	1
8201042	8201039	1
11586883	11586878	1
9043705	9043652	1
3648446	3648445	2
11991385	11991386	1
9263312	9263311	2
7174819	7174820	1
2785601	2785570	2
104018	104436	2
6395879	6408162	1
6710660	6677791	1
6448541	7896208	1
6064798	6064801	1
7062147	7062150	1
1435874	1435873	1
2996453	2996454	1
6842392	6842391	1
4849337	4849338	2
5919537	5918643	3
2611407	2611408	1
5489949	5489821	1
1764552	1764574	1
12742318	12742317	3
5350179	5328972	1
10357900	10357899	1
6334447	6334437	1
4610055	4610056	1
11664354	11664353	2
9928009	9928010	1
1198441	1198439	2
8941091	8941092	1
5509134	5509153	2
7287048	7287045	3
8918226	8918225	4
7603991	7603992	1
12636200	12636250	1
491984	491983	1
8972081	8837543	1
1685905	1685895	2
7342601	7342602	1
3040947	3040940	1
1685901	1685904	3
8481164	8480481	2
2412282	2318272	2
1244557	1244554	1
3887672	3887394	2
6462157	6670684	2
12653033	12650871	3
7899005	7899006	1
9037808	9037906	1
10533004	10533003	1
4272805	4323281	2
1249246	1249245	2
11230114	11230333	1
6414269	6414270	2
4437077	4437084	1
4455993	4455568	1
12029893	12029894	1
8983724	8983730	1
1198173	1198174	1
576550	600272	1
7770282	7770285	1
5459480	5459479	1
2509702	2509984	1
11415735	11415736	1
4957129	1104885	2
436939	436881	1
683569	683570	2
8741383	8741384	1
4572014	4568348	1
8106515	8106516	1
8749672	8749930	1
12561297	12561403	1
5158236	5158239	1
10758993	10762061	3
12654221	12654222	1
5276287	5276290	1
4819130	4819129	2
3592652	3801343	1
11090645	11090646	3
7007762	7007651	2
1668510	1668509	1
9295733	9295734	1
5230805	5230806	1
3808718	3808598	1
4300555	4300556	1
10379838	11788004	1
5688989	5689752	1
929424	930104	1
956201	938969	1
145694	145171	1
2818184	2818183	2
16809	17190	3
5998093	5998133	2
7560593	7560590	4
10946069	11031408	1
3383540	3383537	1
182779	182780	1
5318805	5318806	2
1585741	1585742	1
7108951	7109131	1
637207	698392	3
393059	393060	2
3467328	3459292	1
3959876	3956636	4
118753	118754	4
5476406	5129305	1
977877	977384	2
8812700	8801870	2
6773394	6773391	1
664197	664207	1
12303194	12228625	5
3362693	3367069	1
10980238	4837734	1
3361689	3361690	3
8764528	8764527	1
7446687	7446660	1
850596	850595	2
5298915	5298916	2
11990626	11990623	2
4837566	10980407	1
4610057	4529476	2
4858965	5014205	3
7221946	7221931	3
7700766	7700765	1
7395112	7395124	1
283373	283374	1
3043919	3043922	2
8811436	8811425	1
10854147	4369182	2
9700047	9700060	1
377492	525459	1
8750074	8750073	1
5974505	5974506	1
10662871	10662874	1
6373880	6374909	1
4276650	4276649	2
11613992	11614776	2
5132560	5132559	1
3898365	3898366	2
9805399	9332336	1
12024824	12024821	4
6659975	6659814	1
9250676	9250683	2
11990442	11990441	2
2691829	2692140	2
12020803	12018157	2
1993263	1993264	2
734804	938657	1
2242852	2242366	1
3374791	3374792	1
5866697	5866617	3
5837044	5837039	1
1896563	1896564	1
2142984	2142983	2
4152322	4152420	4
6336545	6334702	1
4652838	4652837	1
2343720	2343725	1
11812673	11812631	1
5474461	5474462	1
11799832	11799806	1
5492340	5492339	1
500236	401863	1
272214	395415	1
5539017	5539006	1
255354	255331	3
5058619	5058616	1
5283718	5283717	1
1805154	1805153	2
1899441	1899442	3
4630859	4793715	1
2621821	2621826	2
1296670	1296669	1
3264970	3264967	1
5120413	5119630	1
8982565	9096086	1
3204762	1073906	2
10635553	10635564	1
7864354	7864353	2
11628910	11628909	2
5393669	5459920	2
10555865	10561929	1
5324845	5324820	1
4465176	4465173	1
7360717	7360702	1
6925766	6926396	2
2825397	2825558	1
8386037	8386053	1
10850573	10850650	1
12255544	12255542	1
9063131	9063128	1
7178242	7178241	2
5322522	5322521	1
337572	337581	3
7866452	7866451	1
241847	241857	1
1962579	1962584	1
8886160	8886159	1
919373	919374	2
2628349	2628351	1
1883575	1883054	1
1584900	1584325	1
2785113	9080914	1
12255546	12255545	1
7718080	7718085	1
633365	633330	1
11520832	11524596	2
4152324	4152420	1
8054142	8054141	1
7462905	7462906	1
1625551	1625432	1
3998298	4099628	3
3161064	3166110	1
9270590	9270730	3
7540922	7540921	1
2510581	2510405	1
9423965	9423968	1
7304819	7304820	1
9385101	9384695	2
9294469	9295732	1
3748032	4124827	1
2351866	2351869	1
3903838	3903966	1
10484504	10484503	1
8860631	8860632	2
8727809	8727810	1
7848717	7848718	2
7007816	7006424	1
671408	671407	2
1770784	1770795	2
5694037	5693152	2
1660237	1660238	2
597270	597244	3
792589	792590	1
7574905	7574906	1
5265445	5265429	3
5561310	5561309	1
9119454	9119453	2
3362850	3362358	1
1453709	1452784	4
12564277	12564278	1
8051318	8186060	1
5519851	5519856	1
5898216	5898215	2
1540216	1528389	2
9921622	9921664	1
2351156	2351869	1
9583023	11103993	1
5471042	5470962	1
7804059	7804062	1
8928008	8928007	1
6082422	6082419	4
8403055	8403050	1
4417509	4417510	1
7221948	7221947	1
2743188	2744388	1
6600622	6600619	1
5407848	5407847	1
1459261	1459262	2
622799	622800	1
10800566	10800569	1
11632769	11632766	1
6946591	6946587	3
11262377	11262378	1
3101502	3101201	1
4276435	4276652	1
8299603	8299641	1
4038561	3822744	1
12656562	12783058	1
2432347	2432348	1
8344070	8327319	1
7000228	5328430	1
332201	332205	2
3270683	3270684	1
2580839	2580840	2
1086481	1086482	1
5507644	5508955	1
2017709	2017710	1
5590069	5590070	2
1248873	1248874	1
924928	757222	2
385027	385028	1
4610852	4810666	2
9756762	9756772	1
1564338	1561816	2
1282431	1282432	1
8476794	8476741	1
8635807	8635808	2
5218484	5218483	1
7957528	7957527	3
11614201	11614202	2
9042215	9042216	1
7690970	7690969	1
9708543	9708544	1
6001629	6001594	3
6844023	6844024	1
362017	362023	1
5974494	5974493	3
3877210	3877207	1
398569	398570	1
2730241	2730244	1
1993550	2257146	1
1055819	1055814	1
7372833	6960818	2
643815	643816	2
2564767	2564768	3
11844772	11844771	2
7308741	7308742	1
5960430	6072839	1
2203008	2188869	1
2611323	2611363	1
10003029	10003030	1
7293543	7293544	1
149121	149122	1
7425256	7425253	1
2057574	2057573	1
6041509	6041510	1
5224696	8683887	1
11565938	1539403	1
3044803	3044808	1
11320670	11390375	2
3903840	3903839	1
8576439	8443840	1
1459263	1459264	2
8606323	8606324	2
340643	340661	1
118755	118742	1
7965631	7965623	1
12805304	12805301	1
7844475	7844476	1
993705	11535470	2
4635781	4635841	1
396731	396734	1
1171346	1171364	1
3237622	3237621	1
2942988	2942991	1
3730303	3730292	1
11789199	11787703	1
5426587	5426636	1
3524855	3524856	1
1726975	1726968	2
9043510	9043694	3
2510305	2510541	2
3284616	3284615	2
6832755	2097729	1
637872	637871	1
10621216	10621219	1
4160025	4160026	2
8966885	8966886	2
7482318	7482323	1
10226304	10226301	1
8726297	9059857	1
7390723	7390721	1
11703695	11703696	2
5636859	5636860	1
7216575	7216783	1
5585249	5585250	1
3025737	3025738	1
5162481	5162482	1
3483253	3636720	1
5963594	5966773	2
11892588	11892783	3
5328431	5328432	2
1206589	1206590	1
3881041	3881164	1
7135957	7135958	6
9166291	9166292	1
7115762	7214872	1
12776132	12776131	2
3734859	3734851	1
7351423	7351424	1
11153484	11153680	2
7712265	7712266	2
6992939	6992927	1
2366604	2365674	1
9139920	9139919	1
6687715	6687716	1
4434128	4434127	1
752418	752423	1
7338522	7348807	1
6902855	6902856	1
12814973	12815317	1
3023958	3023957	1
8782406	8781135	2
11866469	11864255	1
10719753	4635506	2
8918989	8918982	1
6744100	6744070	1
11074728	11074727	2
2951026	2951025	1
7926041	7926042	1
2622303	2341792	1
8557663	8547491	1
11786833	11786836	4
5489829	5495294	3
3454124	3454123	1
4666840	4739741	2
8563991	8563994	1
3624155	3769404	2
6295270	6293195	1
6946588	6946587	2
10295681	10167368	1
12388447	12387738	1
7972335	7972336	1
428488	428487	2
10465379	10465396	2
3902465	3902466	5
6971450	6971449	2
11231847	11231850	1
7436083	7436056	2
8789543	8635171	1
7640815	7640816	1
6978259	6988742	2
3373317	3373318	1
1966544	1966286	1
11550515	11550511	3
2476254	2478928	2
7464442	7464445	2
374007	373997	1
1310838	1248408	1
3465422	3418555	1
10565732	10565731	2
4305370	4305369	1
143625	9922	1
3114517	11859903	1
5815454	5816369	2
8434667	8431227	1
4496329	4296981	1
12812594	12813884	1
5998091	5998092	1
3276775	3276776	3
9162271	9162266	3
569906	569905	1
12668157	12668158	2
7756900	7756893	2
608398	608397	2
5601100	5601103	1
11981942	11981941	1
1060625	1047691	1
9605589	9605709	1
6778753	6787551	1
1687296	1687295	1
6522143	6524021	1
8732963	8732964	1
11764064	11764059	1
9039947	9043721	1
9072432	9072414	1
1033353	1033354	2
5039961	5039962	1
1017007	1017024	1
5418319	5418320	1
5301114	5301113	2
9932044	9931955	1
11878485	11878477	2
9318045	9318281	1
7057037	7057030	1
10021757	10021751	1
10763938	11208275	1
6217886	6217858	1
7129497	7129498	1
6511753	6510940	1
4070360	4070247	2
4797903	4797904	1
9554922	9554917	2
2685186	2683590	2
3333507	3329879	1
8972081	8972082	5
9357653	9357654	3
12035824	12035765	2
2640918	2638267	1
10244549	9892107	1
5693884	5694110	1
5528131	5528132	1
837043	839255	1
7848715	7848716	2
5446689	5562927	1
6082424	6082423	3
2849314	2849311	2
9564667	9564664	1
10354175	10354178	5
3771415	3771416	1
6956141	7039222	1
3548797	2451894	1
7899003	7899004	2
8781000	8780999	1
7712841	7712834	1
4461015	4461046	1
80469	80512	1
12688887	12686664	1
269308	397708	1
8427016	8427013	1
9078210	8846238	1
11208273	11208274	1
4797893	4797878	1
9542983	9542984	2
3154892	3104830	2
3101511	3101504	1
4069257	4069258	1
6346642	6346641	3
1706385	1521470	2
12509729	12506643	4
9542981	9542982	2
8725605	8959423	1
11786837	11786840	4
11866362	11866359	1
12742316	12794736	1
11989867	11989870	1
11138687	11138712	1
102121	102174	1
17191	17192	2
189212	186272	1
7719151	7719152	1
7494306	7494303	1
1105873	1105876	1
7338873	7338874	3
6847581	6847523	1
8811423	8811424	1
8850554	8850553	2
1041486	1040994	1
2387391	2387392	1
2476254	2478930	2
1006588	1006749	2
946142	946171	1
2783898	2783869	1
10265166	10278299	2
7760986	7764349	1
6750233	6750228	1
9469794	9469793	1
11748376	11747998	1
571448	571630	2
683569	683572	2
9688440	9688246	1
5058621	5058616	1
3298164	3298163	2
8618459	8590138	1
2939813	2939808	2
1331380	1331446	1
2793303	2793322	3
1740466	1740465	4
5294725	5294726	2
8098194	8098197	1
6973806	6973605	2
5553108	5553102	1
2683591	2683592	1
2405872	2405869	1
11302093	11302095	1
6281994	6281991	1
3339587	3328376	1
8544606	8544605	4
9760233	9760228	1
3381127	3381128	2
9127619	9127620	1
12812594	12813880	1
3191852	3191847	1
6346644	6346643	2
12395925	12397087	2
3728726	3728729	1
696356	696355	1
12799423	12799363	2
2085712	2085711	1
2208498	2208495	1
5323682	5323681	2
9493141	9645487	1
6037627	6037628	1
3620581	3620582	1
5904212	5904264	1
343393	345320	1
3663095	3663116	1
6021206	6021209	1
10924573	10922892	1
3918056	3918055	1
136352	136351	1
7050356	7050353	1
11478518	11500966	2
10627359	10627360	2
1028243	1028196	1
7558810	7558809	2
5292990	5292989	1
5843133	5843130	2
1477209	1477203	2
5983084	5983083	1
9731829	9731824	1
11112161	11112162	1
5491157	5491158	1
11093000	11093229	1
3818520	3818519	1
434836	507788	1
3060067	3060085	1
9314891	9314893	1
8699782	8698169	2
6938443	6938444	2
1117525	1117518	1
2872024	2872023	1
8328560	8328559	3
12754938	12754937	1
4833353	4831042	1
10014684	10014683	1
8696780	8696779	1
8982155	8982158	2
7027052	7027051	2
4410188	4410187	1
4628683	4630055	1
11857306	11857305	1
6988553	6988554	1
6773396	6773395	3
6554968	6554973	1
7714927	7714928	1
10484937	10492017	1
956201	938971	3
6853945	6853946	1
6611696	6611699	1
5742080	5741865	1
9791137	9736336	1
10101288	10101287	1
5703741	5703742	1
8354109	8354110	1
6926397	6926398	1
3579970	3579969	2
182781	182539	1
10042029	10042030	1
3161066	3161065	1
1738232	11987349	1
1964739	2246018	1
6546046	6543950	1
9445093	9445100	2
5288565	5288566	1
4236555	4236556	1
10313396	10313209	2
3089520	3087843	4
11452526	11452525	1
7608779	7608780	2
5417557	5248075	3
7905773	7905774	1
5331640	5331639	2
7700493	7700541	1
413349	816423	2
12124988	12124454	1
10225515	10225516	1
7364183	7364174	1
1459261	1459264	1
7640255	7640259	1
5893989	5893913	1
5672868	5658897	1
683567	683568	4
2331391	2333335	1
5906081	5663098	2
9968337	9968318	2
11035241	11035186	1
637901	636848	2
5114552	5114551	2
6577253	6577254	1
5620957	5620945	2
3243591	3243592	1
837043	839257	1
6675050	6673180	1
7899008	7899007	1
10291659	10292147	1
2873820	2873767	2
2190521	2202173	1
12012136	12012135	3
7471884	7471883	2
8714745	8714746	2
9646464	9646463	1
2730550	2730549	1
10166012	10166011	2
8817613	8817614	4
1093065	1093066	2
1805152	1805161	2
698393	698396	2
3723080	3723077	3
4538263	7757449	2
6903911	6903934	1
1227801	1227755	1
8837542	8837541	5
7019517	7293542	2
10776128	10776127	1
4851787	4856813	1
11979592	11979591	1
12121666	10875589	1
1269473	1267548	1
732820	732819	2
7896114	7896111	1
5693250	5693323	1
10597747	10597749	1
12679808	7665654	1
980211	980136	2
1030578	1030577	1
5427351	5427509	1
5092602	5092601	2
8987047	8987716	1
7946176	7693858	1
12284699	12285108	2
3866644	3866643	2
4193029	4193030	3
8900740	8900739	1
11537638	11537637	1
8515174	8515173	2
8658207	8658208	2
11903072	11903071	1
639325	639329	1
7680303	7680304	3
4144801	8247822	1
3525959	3525954	2
557372	559552	2
806021	816684	1
10807202	11076619	2
1769332	4113996	1
9949428	9949414	2
5043624	5043550	1
9035412	9040623	1
6929297	6929294	1
642904	640345	1
5503290	6963520	1
12206787	12207392	1
6191862	6191861	2
11999299	11999300	1
7656096	7656095	1
5055364	5055363	1
2928058	2928063	1
4627996	4627995	1
8606321	8606322	3
10122257	10122260	1
8417670	8417669	1
40403	40404	1
5693905	5693906	1
3734857	3734851	1
4484141	4452903	1
5459152	5459107	1
11090643	11090644	3
5531517	5531518	2
11188305	11188306	2
9137187	9137188	1
342810	342809	1
1756533	1756534	1
128579	128580	2
12017902	11982636	2
9645486	9645485	2
9063104	8745195	1
9109192	9109191	1
6023626	6023625	1
10338667	10337567	1
228732	228731	1
4119785	4119814	1
2834712	2834709	1
9284608	9284607	3
5545971	5545974	1
9722873	9722874	1
2195725	2116815	1
6761844	6757840	1
8201040	8201039	1
1597212	1602876	2
10753178	10659626	1
1566084	1566109	1
397658	397657	1
9515423	9515424	1
5504587	5504556	1
3289802	3365055	1
12369443	12369448	4
2270700	2270699	1
9381607	9381638	1
3814485	9108893	1
9853709	9853724	2
10033309	10033312	1
9809091	9986039	1
5315831	5316030	1
10149497	10149498	1
10945693	10945694	1
2372719	2372720	1
6026473	6083750	1
3263816	3263813	1
1331323	1330525	1
9748573	9748574	2
1206591	1206531	1
2739075	2739076	3
12156478	12294383	1
4344068	4344065	1
1792898	1754443	1
4682035	4682036	2
3517706	3582355	1
2942739	2942740	2
1653232	1668029	2
7134295	7134298	2
3044805	3044810	1
12567379	12567175	1
10944601	10944587	1
2203008	2188871	1
5347179	5347180	2
8480715	10276034	1
9605978	9605977	1
3270685	3271561	1
6008723	6008724	4
10033309	10033310	3
5470335	5470336	1
11707025	11707026	1
5552875	5552876	1
363131	362825	1
7295123	7295124	3
6000028	6000000	5
4300551	4300552	7
3826299	3826300	1
9688077	9687589	1
4329020	4329023	1
4007279	4007280	1
2583556	2583553	1
11417295	3165165	1
1027537	1026681	1
4706662	4706661	2
11330483	11330484	2
1017025	1017026	1
8085212	8085211	1
1969756	1969755	1
7806928	7806927	1
2530438	2530429	2
1173996	1173995	1
10632745	10587084	1
7969377	7969319	1
3818524	3818523	1
7025921	7025922	3
5631918	5631883	1
11603849	6577095	1
9507217	10683667	2
2862260	3063889	3
5056730	5056729	2
8158206	8159021	1
2956961	2956962	4
11967733	11967736	1
8411875	8411876	1
3276777	3276779	3
4590177	4590178	1
1486494	1486497	2
9870219	9870220	1
7110865	7110866	2
10533002	10532999	1
3730293	3730296	1
3713863	3712420	1
9356334	9356333	1
478767	478768	4
625632	625631	1
7482314	7482323	3
7625896	7625866	1
8609551	8555789	1
4021873	4021870	2
8969996	8969131	1
12207610	12207609	2
925175	925178	1
3362645	3246027	1
1731392	1731391	1
5371970	5371969	2
10405171	10405172	3
3866156	12125425	1
1234023	1234131	1
12544225	12575115	1
5327903	5327904	1
7478381	7526019	1
7500845	7500846	1
4371238	4185488	1
795706	801521	1
2533987	2533988	1
5598712	5598711	1
10476257	10476242	1
2429732	2429731	2
5458942	5458941	1
1971995	1972261	1
6193953	6193956	1
7018087	7024689	1
9250601	9250602	1
10190402	10190405	1
6071861	6071822	2
3155832	3155831	3
9259583	1157015	1
10920492	10930528	2
3656133	3656171	1
9768648	9768647	2
3154894	3154893	1
10166014	10166011	1
11766842	11766841	1
8831239	8836044	1
7679289	7588891	2
6545635	6545985	1
11201841	11201842	2
9560704	9560707	1
622797	622798	1
2537115	2535572	3
3323429	1636656	1
523290	522701	1
6701300	6700030	1
2825395	2825396	1
5137928	5137926	2
11912854	11912713	1
2598542	2598539	1
2591638	2591637	1
6130475	6130478	5
6884673	6884898	1
8010911	8010912	2
7640817	7640818	1
1726969	1726970	1
11769044	11769612	1
1173998	1173995	1
3310303	3310304	3
5674835	5675598	1
597274	597244	1
2544505	2475351	1
646604	646603	2
3416131	3417440	2
6449519	6449522	1
11520479	11520480	1
5882596	5883296	1
6476567	6476568	2
1955761	1956089	1
6773394	6773393	1
9843154	9843160	1
5925043	5925044	1
5388391	5415543	2
40401	40404	1
1213926	1213925	2
9866181	9868438	1
12757702	12757701	1
1639821	1654899	1
9958780	10768942	2
4119959	4119960	1
2846692	2841190	2
4640766	4640765	2
3971321	3971333	2
8872899	8872900	1
4057014	4057013	1
7540758	7540757	2
4855073	4855074	1
12173150	12173171	3
10945691	10945694	1
4344072	4344071	3
8015691	8015692	1
1594375	1594376	1
9563002	9563001	1
5841691	5904795	1
5366706	5366703	1
9863967	9862485	3
7403052	7400568	1
6112053	6112054	1
9361933	9361934	2
365717	364953	1
7903965	7903966	1
10263752	10263744	3
5450182	5449246	2
11061516	11061513	2
10738923	10738920	2
1298476	1298475	1
614496	298212	1
9854971	9854972	2
4682033	4682034	2
2328994	2328993	1
1245697	1245636	1
12317475	12317285	2
9333712	9333656	1
2883731	2883732	1
12633574	12633573	1
7275855	7275858	1
10112488	10114103	1
11931382	11931379	1
5472984	5472983	1
1032818	1032817	1
4685119	4685114	1
6655476	10239119	1
9619688	9619687	1
7839213	7744287	1
3298166	3298165	2
40401	40402	1
10719040	10692936	1
11016790	10974632	1
696354	696375	1
10023827	10023864	1
1906358	1906357	2
6334449	6334437	1
12047435	12046880	1
4253850	4253841	1
5922411	5934273	1
5499434	5499433	1
5020396	5020393	1
4640764	4640763	3
2962102	2962101	1
9605589	9605707	2
12650154	12650143	1
11819436	11819376	3
295447	295448	2
11618248	11618283	1
3996609	3996610	1
5981150	5981129	1
5553101	5553102	1
11811577	11811555	1
8866177	8864813	1
1964124	1964123	3
451792	451795	1
5999417	5999418	1
12354706	12354709	1
11188307	11188594	1
10766352	11129074	2
5384609	5384612	1
8756031	8756032	1
5185484	5185487	1
3113796	2961867	1
4136227	4136228	3
12656564	12656563	1
12607990	12607861	1
3389596	3389601	1
12742312	12794736	1
4077859	4077862	1
2306957	2306958	4
3019477	3019478	1
3121887	3121888	2
466032	465534	1
6346646	6346645	1
7341141	7341144	2
10725681	10725682	1
5240217	5240385	2
7562997	7562998	1
8720488	8716525	4
1298479	1298484	1
1298477	1298478	5
3278712	3278575	1
1165011	1165006	1
608395	608396	2
7206161	7206173	1
3005594	3005593	1
12294404	12294403	1
757030	757029	1
3952563	3952564	2
3754391	3754376	1
4786636	4786633	1
6804114	6804113	1
10301585	10301586	3
10399054	10399053	2
11470020	11470022	2
9573224	9573231	1
478935	478931	1
4155040	4160979	1
4331369	4462128	1
11908313	1533188	1
2886112	2886123	1
2567940	2567939	1
2579003	2582408	1
625624	626102	1
510008	510007	1
4849339	4848959	1
2950626	2950623	1
630408	630407	1
9761151	9761152	1
3903968	3903841	1
7230167	7230135	1
642906	642905	2
11483516	11483538	3
1032816	1030767	1
7921613	7921614	1
4851774	4577466	1
609108	609102	2
8969165	8777873	1
4462793	4462794	1
2530426	2530421	1
11931382	11931381	2
2023638	2023637	2
10808716	10806338	1
5693907	5693908	1
10352829	10352830	1
7550010	7550005	1
6978226	6978225	1
4174067	4173892	1
5086900	5086899	1
2582565	2582567	2
11201843	11201844	2
3120630	3120638	1
8168809	8168810	2
8442428	8561585	3
5891053	5891054	2
4194554	4194164	1
3761946	3761945	1
12776132	12563507	1
4372260	4372270	1
7695331	7695328	1
1191835	1272944	3
12626833	12626834	1
8295243	8295244	2
5289468	5289486	4
3005683	3005593	1
10066865	10066884	1
5437882	5437055	1
7129499	7129500	1
3819290	3819287	1
11481992	10249772	1
7266132	7266080	1
2023590	2023589	1
3266920	3266919	1
10433167	10433170	1
8184965	8184944	2
5925045	5925040	1
6902853	6902856	3
4652836	4652839	1
12474146	12730784	1
8855141	8855142	1
4108491	4108492	1
12460858	12460857	2
5987211	5965550	1
7809681	7808061	1
4043231	4028510	2
2270702	2270701	1
9093743	9094373	1
9065315	9065318	1
7110867	7110868	1
11201587	11201592	1
8063856	8170375	3
7304821	7304822	1
204956	387939	1
629047	629048	1
9685938	9685937	1
6155426	6155425	1
2670818	2670820	1
7204345	7202354	1
12121367	12121368	1
10115796	10115856	1
2025481	3614230	1
587282	587258	2
705577	705578	1
8386052	8386051	1
610250	610806	2
9854973	9950709	2
7730311	7730312	1
3559301	3559302	1
4007281	4007282	1
10461593	10461594	1
5272139	5165529	1
7712267	7712268	1
1082079	1082955	1
3377656	3385156	1
5477431	5473756	1
9670754	9670756	1
4117312	4117311	1
3421289	3421290	1
10745515	10745516	2
8179785	8179749	3
7019516	7019515	3
309920	308992	1
9554821	9554822	1
12444687	12444702	1
4812280	4812279	1
2630038	2630037	2
479332	479335	1
8046517	8046506	1
1795018	1836704	1
6140966	6140965	2
626637	643833	1
6638022	6638025	2
6381499	6381502	5
217504	217503	1
8699930	8690544	2
11201841	11201844	1
436884	436881	1
5058619	5058620	1
8716938	8716937	3
634437	610330	2
7034236	7034235	2
7122764	7122763	1
12562766	12336390	2
7926072	7926074	1
5183116	5183081	1
1685669	1685670	2
5998062	5998061	3
5539435	5539490	1
450369	450370	4
9502230	9687998	1
9139922	9139921	1
9324781	9324782	1
508841	508842	1
255356	255355	2
6472945	6473429	1
4238094	4238092	1
11586881	11586882	1
466032	466029	1
12157031	12157032	2
9915829	9915830	2
2006554	2006547	2
7777906	7777950	1
8846400	8846399	2
10118837	10176483	1
3650233	3650234	1
2694311	2694440	2
12241804	12240499	1
5190942	5190946	1
7336962	7336961	1
12165222	12165034	1
10457696	10457695	2
2885718	2885717	1
3095580	3095579	1
6977964	6861985	2
241846	241876	1
8671889	8671890	3
6963521	5304998	1
7450811	7820545	1
2337291	2337292	1
8397815	8391126	1
10908413	10909148	2
1771460	1771459	1
2293202	2293201	1
7576825	7576828	1
2602618	2602617	1
2086898	2087645	1
6778746	6778745	2
8974632	8974638	1
1588449	9356333	2
3521124	3520182	1
550943	550944	1
3255447	3254619	2
7152258	7009659	1
3276016	3276019	1
1792725	1792738	1
4792542	4792541	1
5097705	5097700	3
1616072	1616037	1
11996803	11996427	1
587284	587283	2
11053410	11053306	2
7100603	7096810	1
7110865	7110868	1
5258611	5258614	1
3296371	3296372	1
1138881	1139825	2
8569855	8571678	1
11070962	10810216	1
12767080	12767079	1
9303074	9303073	2
5503290	5503289	2
649498	649596	1
2329299	2402454	1
5693884	5693883	2
9013475	9012291	1
11618248	11618285	1
9265482	9265462	2
4152324	4152323	1
4795983	4795984	1
3276775	3276779	1
9285367	9285370	2
2150382	2150295	1
4703918	6729110	1
7458992	7457431	1
7114820	7114819	1
4142513	4142514	3
1606317	1606318	1
980207	980210	2
3051674	3088123	1
10764272	10764269	3
10602885	11708028	1
6994275	6994273	2
10953980	10953979	3
7467336	7493194	2
2544503	2544504	1
5693153	5693154	3
8208970	8208424	2
2295227	2295228	1
4021294	3892040	1
10008425	10008320	1
7868727	7844474	2
7352391	7352392	1
2611362	2611359	1
9422430	9422429	1
4528891	4528909	1
10140572	10140564	1
7012551	6992568	1
2583556	2583555	2
5521245	5521248	1
2409859	2409860	1
835794	836146	1
5720277	5720278	1
8159837	8168724	1
11430117	11343962	1
293548	294309	5
3758545	3758527	1
10953961	10953962	1
5114554	5114553	2
7287935	7287936	2
395597	395617	1
597272	597271	3
11678046	11678045	1
5299251	5299252	1
5224990	5224705	2
10411462	10411461	1
5720279	5720210	1
5852684	5852683	1
3902794	4038042	2
5288567	5288568	1
5315888	5315887	1
4271561	4271565	1
1844427	1844414	1
1852046	1852043	4
2324813	2324814	1
1835335	1836833	1
945139	945140	1
2435616	2435618	2
5937524	5937979	1
2445155	2445768	1
612354	612353	2
7143501	7122765	1
2203010	2203009	2
148911	149120	2
10828124	1846907	4
12173160	12173153	2
12539654	12539653	1
478769	478694	2
2842525	2842526	1
5526725	5526726	1
5470333	5470334	2
1760925	1760926	1
9335761	9335762	2
3143174	3142819	1
11661134	11661133	1
2770107	2770108	1
3642223	3642224	1
12125426	12125425	1
8875437	8875438	1
11179064	11182104	1
6795547	4714956	1
1213928	1213927	2
8258749	8256006	1
5119822	5119821	1
3964473	3964474	1
5524064	3044530	1
11395318	11395317	1
6687713	6687714	1
4599512	4599541	1
5410709	5411027	1
1287665	1112526	2
903705	903698	1
3602520	3439666	1
9132504	9137666	1
4561179	4627271	1
2802718	318203	1
10036027	10033308	3
3115034	3173356	1
157704	176933	2
5216120	5217024	1
6281994	6281993	1
5002196	5002193	1
7899010	7899009	2
9944722	9944721	3
9564667	9564662	2
2564769	2564741	3
3619907	3619908	4
630410	630407	1
5975088	5975087	1
663875	593447	2
