fend1	fend2	count
11610661	11610664	1
7789471	7789394	1
698055	699455	1
10977096	10977095	1
2221104	2221163	1
9294800	9294860	1
998083	998084	1
2518828	2518827	1
11728769	11727441	1
7219698	7220462	1
9851137	9851138	1
2657354	2657353	1
9932131	9932132	1
2354045	2354048	1
9469047	9469048	1
5769626	5769616	1
10180911	10180858	1
6027816	6026973	1
9082393	9089351	1
4578303	4578304	1
10424561	10420986	1
276767	276768	1
9136654	9126857	1
2221162	2221161	1
9467382	9490657	1
8652594	8652729	1
10457087	10457088	1
4702628	4702627	1
10831215	10831216	1
7186370	7186369	1
8041081	8041084	1
74292	302262	1
9851135	9851136	1
1344936	1345176	1
3775881	3775882	1
2219102	2220142	1
2381239	2381240	1
794544	794543	1
2354051	2354052	1
5177013	5177014	1
7186372	7186371	1
9469045	9469046	1
12235048	12236548	1
2354049	2354050	1
12236549	12236550	1
9130213	9130204	1
