fend1	fend2	count
7293561	1961394	1
4450762	4450761	1
1961395	1961769	1
1592366	1592365	1
7268538	7268349	1
7101433	4168387	1
5560507	5559242	1
12251351	12251777	1
6864717	6865005	1
8487005	8488091	1
11996092	11996029	1
1986739	1986740	1
4640570	4640569	1
6331588	6331587	1
7953133	860230	1
11626906	11626914	1
254935	254932	1
6280494	6280493	1
8395118	8395176	1
6209608	6209607	1
6494200	6494199	1
7300759	7309641	1
6347519	6354136	1
7136575	7136570	1
1360037	1360038	1
3298418	3298417	1
1300146	1300145	1
5003404	5003403	1
8395120	8395119	1
10683179	10700528	1
12294469	12294470	1
8347627	8347628	1
985246	985245	1
911770	12604073	1
4450760	4450759	1
2720652	2720651	1
6799466	6799465	1
1300144	1300362	1
3996327	3996328	1
4651339	4651340	1
4450758	4784123	1
10801485	10801486	1
4261869	4262310	1
12294471	12388248	1
6543866	6543869	1
9512844	9512261	1
1265425	1265426	1
3016985	3024377	1
7446308	54399	1
6346288	6346287	1
11934380	11934379	1
11763273	11758558	1
11161230	11161808	1
10639939	10644312	1
1356798	1356797	1
6719514	6719513	1
1254149	1254150	1
1068469	1068619	1
1950823	1952394	1
1986743	1986744	1
3705858	3419249	1
10938487	10938488	1
12640688	12640687	1
156600	156599	1
9248233	9248234	1
7859146	7859145	1
10757127	10757128	1
5537102	5530522	1
727716	567757	1
9497603	9497474	1
2369170	2369590	1
3298416	3298415	1
439063	439116	1
3636632	3638579	1
11596323	11596324	1
6543868	6543867	1
2447300	2447299	1
8347629	8347630	1
8090963	8091159	1
11161809	11161810	1
5274855	5274875	1
11559662	11574189	1
7255549	7255550	1
3636679	3636633	1
1360039	1360875	1
1243175	1245966	1
10636208	10636263	1
11221274	11221494	1
1194015	1194016	1
6719512	6719509	1
7561051	7561076	1
6359972	6360139	1
2020143	2020144	1
378506	378505	1
5700121	5701057	1
12424552	12424551	1
12424984	12424096	1
7773501	7773462	1
8274890	8274889	1
9512846	9512845	1
7409832	7409831	1
1730418	1733695	1
8274894	8274891	1
11842514	11836762	1
7008650	11664486	1
11138155	11137810	1
3987800	3992103	1
5469683	5469343	1
2638538	2638541	1
1356416	1356432	1
3274448	3274447	1
5854830	5855384	1
7679623	7677329	1
6343123	6343124	1
7140719	7140720	1
5672204	5671637	1
12130514	12130513	1
5958309	5958419	1
8511913	8511921	1
3084749	3084750	1
3084751	3084752	1
1986745	1986746	1
3164935	3164936	1
7140717	7140718	1
3690203	3400243	1
359896	7836229	1
6280498	6280495	1
1986741	1986742	1
8960762	8961238	1
4115168	4114391	1
5204669	5204670	1
10715116	10715113	1
664899	664741	1
4534162	4538417	1
4004932	4023007	1
1916640	1903815	1
6502057	6502058	1
7010921	5599046	1
10150550	10151744	1
10644313	10644314	1
3115206	3115205	1
6799468	6799467	1
6799470	6799469	1
4437694	4437691	1
7828480	7828479	1
11977430	11977429	1
1592362	1592372	1
5610681	5609854	1
8545391	8545392	1
10892163	10892194	1
7876723	7876724	1
7937820	7938243	1
9495278	9492885	1
3340324	3340323	1
1254151	1254164	1
9026746	9026745	1
3274446	3274768	1
8407168	1601163	1
11052639	11051767	1
4651337	4651338	1
7015027	10946871	1
3284327	9964649	1
3968813	3968467	1
536416	584406	1
3750116	3749373	1
1068368	5215897	1
7430217	7430218	1
5204667	5204668	1
10801483	10801484	1
7350442	7350441	1
4237705	4240288	1
4793219	4793220	1
9198123	9198105	1
2322578	2323987	1
9109698	9109948	1
12650277	12664557	1
1233516	1246993	1
1592364	1592363	1
3338201	3338202	1
11996094	11996093	1
740819	740820	1
3956037	3956099	1
11984864	11984863	1
3664811	3663751	1
