fend1	fend2	count
76653	76656	1
12678661	12681682	1
10969424	10969423	1
6221733	6221741	1
12681384	12681412	1
5563907	5563908	1
12751173	12746894	2
8721045	8721046	2
6211628	6211627	1
10288834	10293785	2
5044036	5044035	3
1778061	1778066	1
2426857	5716095	1
4994565	4997319	1
1516417	1516418	1
9822050	9822053	3
8895329	8895319	1
4844688	4844342	1
7066020	7066015	1
1458414	1458416	1
1404194	1404193	1
7641039	7641042	2
7461690	7461689	1
2693860	2693859	1
2484010	57682	1
76653	76654	2
4312796	10411164	2
10732679	10732682	3
2322335	2322336	3
5370172	5369184	2
11109904	11214824	1
2207473	2206021	2
9440310	9440309	1
1546268	1190902	1
10593332	10593331	1
3425385	3417944	1
277761	277762	4
7952898	11174193	1
12528682	12528681	2
11291412	11291407	1
5354134	5354133	1
1206899	1211126	2
1472132	1472153	1
10576177	10569794	1
6483710	6483709	1
4801520	4801549	1
5527395	5527414	3
1925189	1925190	2
10098214	10098217	1
443570	443569	2
83562	83559	3
7971858	8103758	1
1337744	1337743	3
12803614	12803613	1
2631769	2631731	1
86918	250921	3
1767726	1767725	1
6102498	6102497	1
163782	260388	1
9780821	9780822	1
1636813	12443524	1
11903569	11903570	2
11616023	11616028	1
2206612	2206687	1
7947798	7947838	1
1091321	1091342	2
7954203	7954204	1
6749584	6749426	1
5386651	5384794	1
4824486	4824485	2
9001949	9001810	1
7066087	7066015	3
2881476	2881479	3
6656826	6657278	2
11598071	11598072	1
205338	205337	2
9549816	9549899	2
9911176	9911175	4
6129253	7457269	1
4790800	4790771	1
12135274	12135273	1
6247140	6247205	1
8206178	3993347	1
8278657	8278647	1
76655	76656	2
6806948	6806947	2
7451803	7451804	2
6266846	6272501	1
11737926	11737190	1
4079160	4079154	2
8854798	8854793	2
10498217	10498218	1
1361126	1361129	1
5278166	5277604	4
10393438	10392175	1
3006192	3006138	2
7954205	7951952	1
4794217	4794218	1
5707954	5707953	3
12472479	12472480	1
9072568	9072567	1
2926022	2926017	1
9191025	9190973	1
1642532	1642513	2
4006569	4006557	1
499065	499066	1
8106306	8106305	1
8206178	3268956	1
12680819	12676876	2
1970302	1970979	1
4514397	4513406	3
7182150	7182149	3
264299	264302	3
4262627	2208053	1
11115902	11115877	1
39502	39410	1
7387264	7387263	1
1441578	1441577	2
1475458	1475457	1
7960905	7960906	1
4116725	4116145	1
6459889	6459890	1
2774691	1633789	1
12230131	12228249	1
12436120	12230740	1
9100930	9100935	1
5866002	5866001	1
4079160	4079152	3
11059278	11059288	1
7179478	7179473	1
4067046	4067051	2
6459889	6459808	2
10031273	9929832	4
1044762	1044738	1
5119598	5119597	2
954408	954682	1
8433609	8433600	2
1472134	1472155	2
7183220	7182147	2
1312330	1309698	1
4617655	4617656	2
8736632	8736299	1
6834204	6833908	1
9084844	9084843	3
8290307	8290308	1
4430535	4430536	1
11118000	11119049	1
11613852	11614693	1
9721666	9731470	1
112987	113056	2
6731237	6731234	2
2802735	2802736	1
10814564	10814566	2
6739410	6473251	1
7911042	7911033	2
6545377	6545378	1
754348	754350	3
1778061	1778064	1
11964277	11964287	1
6702199	6706276	1
2386756	2387282	1
1778061	1778062	2
2968378	2968377	2
10792874	10792723	1
12133102	12133099	1
8973804	8973801	2
10168759	10168475	2
7182148	7182147	1
2121429	2121430	2
5223921	5223899	3
11730790	11763651	1
3552449	3552450	4
7279542	7293188	1
4801520	4801547	2
6361849	6362493	1
7429578	7430880	1
4862339	4862253	3
8708132	8708011	1
1081556	1081559	1
5119932	5119931	4
2566071	3101991	2
2464243	3022074	1
6090327	6090328	1
9748336	9748335	1
8949398	9190363	1
6636814	6636800	2
6674335	6674317	1
1066947	1067116	5
4679556	4679559	2
12017343	12017332	1
1378734	1378733	1
6806946	909017	3
4471878	4471245	1
2395216	2395520	1
589193	589194	1
8420907	8420908	2
10796867	10796868	1
5153905	5153906	1
3741667	3741631	1
11682198	11682197	3
368990	373840	2
10026766	10026713	1
11014358	11014357	1
12563858	1516418	1
264303	264304	1
942736	942805	2
12775746	12775854	1
11064781	11067367	1
11584341	11584342	3
12153078	12153077	1
1489827	1489828	1
11189931	11189932	2
1010028	1010025	1
5143595	5143596	1
7411365	7411366	1
5467059	5467060	3
70681	70192	1
10215434	10215342	1
4742577	4742578	3
5860064	5860495	1
654679	6769807	1
4705291	4705328	1
9063069	9063070	1
5563700	4075486	1
6131951	6133753	3
12054044	12054043	1
7906971	975886	1
9917061	9917062	2
9087278	9087273	1
12054046	12054043	1
10729526	10729525	3
7856031	7856027	1
385962	385960	1
5758057	5758036	1
7277322	7277321	1
1229149	1229181	1
6971439	7198477	2
1472154	1472153	5
2345625	2345737	1
1636813	7572048	1
62700	62699	1
11903571	11903572	1
10273439	10273434	2
1804453	1804849	5
12447213	12448942	2
7198478	7198477	1
6309322	6309810	3
2464241	2464242	1
384428	384431	1
5569381	5569382	1
5536996	5536995	1
3989886	3989885	3
866827	866828	1
7387262	7387261	1
12612741	12612721	2
5354569	5354570	2
5927691	5927672	1
9788977	9788980	1
7648216	7648215	2
6636801	6636802	2
5959006	5957200	2
6362494	6362493	2
6543244	6543243	1
5043483	5043586	1
1258132	1258131	2
11672478	11672483	1
9588877	9590344	1
4023061	4023062	1
9997182	9997181	2
6247204	6247203	2
9073500	9073503	4
290510	334607	1
70025	70026	6
10288834	10293783	1
8045250	8045249	1
246634	246633	1
5691627	5691630	5
11670518	11670517	1
1548684	1548686	1
10468101	10468286	2
11079927	11079908	2
7078021	7089918	1
4597029	4597032	3
2974370	2974369	3
8353942	8353941	3
8474039	8474463	1
9703428	9703427	2
6266216	6266214	3
11964286	11964285	1
5527415	5527416	1
10368042	10368041	2
6017360	3900503	1
11476889	11477012	1
7452994	7452993	4
7066087	7066013	2
2617641	2617642	1
1947666	1946465	2
6971437	6971438	3
8854798	8854795	1
4801548	4801547	1
7772329	7771349	1
2270484	2270489	1
3390670	3390679	1
1749491	1748843	1
10196441	5525860	1
4445218	4445217	3
653082	654514	2
7699519	7699520	1
8300674	8300672	3
10310556	10310561	1
4575273	4575274	2
1506864	1506867	2
1583617	1583618	1
12632019	12631990	1
2771460	2771459	1
5810491	5810492	2
12381684	12381676	2
12314391	12314392	2
9262281	9262284	1
6272502	6272501	1
9355855	9355856	1
1546270	1546269	1
2208090	2208053	2
3620481	3620482	9
9563565	9563571	1
1737127	1737139	1
9773006	9762190	1
329448	6578099	1
2208090	4262626	1
977836	977790	2
472374	472373	3
4043116	4043115	4
8038265	8038266	1
10961369	10962663	1
2884796	2884793	2
11222354	11222353	2
9616403	9616404	1
8243950	8245958	1
9574892	9574977	3
12695493	12695496	1
9117536	9117553	1
9330734	9330733	2
1258150	1258131	1
2470075	2470072	1
36291	36292	2
4303078	4303077	1
5546706	5546699	2
10041438	10041561	5
1607990	1608016	1
8024797	8024798	1
7539289	7539670	1
10165655	10166573	2
12364429	12364424	1
1378734	1378731	2
5690924	5690921	1
5516275	5516276	1
11786623	11786639	3
6905084	6905078	1
9123055	9123056	1
9336861	9336639	1
11964277	11964285	1
11174192	11174191	1
1769617	1769618	1
21035	20987	2
3600972	3600971	1
9993919	9991489	2
4507787	4522167	1
7542356	7542355	3
7745757	7745319	2
3820723	12202524	1
7274810	7270291	2
11032122	11034787	1
12018066	11981977	1
2503386	2503384	1
12206765	12206768	1
6409734	6409794	2
2599317	2599323	1
262604	255306	1
11835952	11835964	2
3357848	3272403	1
443572	443571	3
1159745	1155379	1
11237775	11237776	2
1258150	1258135	5
4028809	4028810	2
10887230	10887229	2
3910459	3910460	1
4597033	4597036	3
7398267	7398268	1
9245917	5262747	1
8790507	8790508	2
443572	443569	1
5459067	5459068	1
583019	583024	1
4111992	4111991	3
9538427	9538428	3
866829	866830	1
3633206	3633205	1
1778063	1778064	1
9302843	9316165	2
10833686	10833689	3
6956936	6956935	1
4028276	4028275	1
1404192	1404195	1
2968376	2968372	1
3615441	3610374	1
8950253	8950256	1
4172699	4172700	3
7309900	7310091	1
12184261	12184262	1
2807485	2807486	1
9243730	9243727	3
328212	328211	1
4028777	4028778	2
11507251	11507252	2
3821308	3821368	1
9058745	9058748	3
1767728	1767725	2
12054046	12054045	1
1276823	1276824	2
5218811	5218817	2
11546039	11545789	1
5919547	5919548	1
7281287	7283891	2
3038795	3038796	2
7100480	7100479	1
4590224	4590219	2
11169473	11169961	1
7745757	7745758	4
447596	447595	2
1962740	1962739	1
5293757	5293758	3
8820562	8820561	1
11745311	11745314	1
4850992	4850965	1
11747368	11749305	1
7352864	7352863	1
886194	886204	2
7404756	7404753	1
10468287	10468288	2
5497453	5497199	2
1653756	1653755	1
4121078	4121077	1
7542354	7602552	2
5452017	5452889	1
2968376	2968374	1
2609835	2610250	1
10494023	10494024	1
7066014	7066013	5
4577308	4577311	2
9422980	9423023	1
5354136	5354135	1
6425676	6425744	1
9265080	9265073	1
10165655	10166575	1
5462769	5462698	1
1636813	1636814	2
11388049	11388050	1
5369795	5369796	2
10505038	10505037	1
5527395	5527416	1
5216918	5216917	1
7976467	7976468	3
2494726	2494725	2
6589906	6623012	1
11526726	11526498	1
7352862	7352861	1
8411215	8411216	1
3085492	3085495	3
3981535	3979101	3
3993346	8206183	1
752110	752109	1
7911042	7911031	3
8532336	8532335	1
2511734	2511731	2
5512321	5512322	1
11237333	11237342	1
1892106	1892105	1
6971437	7198477	2
11603831	11603832	1
11616023	11616024	2
2368225	2368164	1
4241427	4241424	1
11797584	11797589	1
8954342	11367674	1
4116556	4116701	1
11490844	3733088	1
9247287	9235346	1
9978992	9978991	2
8867613	8867624	1
448166	448165	1
6144385	6144386	1
4844434	4844345	1
10990714	10990795	1
9588777	9588250	1
87971	87968	1
5703635	5698247	1
3111624	3131065	1
7508054	7508053	1
9060626	9060574	1
1932615	1932600	3
3372557	3372559	1
2494732	2494729	2
7404754	7404753	1
7436243	7436244	2
3038795	3038786	1
1446666	1446675	1
12205565	12205566	3
2617639	2617640	1
8427748	8427747	2
1636815	1636820	1
8455055	8455056	1
4513407	4513408	2
6617169	6617170	1
2163985	2163967	2
8662936	8662926	1
9090681	9090682	1
10990716	10990715	1
2322337	2322338	1
5306171	5306148	1
9788966	9788976	1
11383754	11383753	1
11616023	11616030	1
8666107	3534848	2
757730	757655	1
6172667	6172668	1
2836650	2836649	1
2470073	2470074	1
12795205	12795206	1
12497674	12496846	2
770071	770290	1
11034786	11034785	2
2571545	2571546	3
1504931	1505141	1
10989189	10989190	2
5153998	5153907	2
12316511	12316508	3
4043118	4043117	6
5883583	5883782	3
9090683	9090684	2
8547953	8541704	1
82364	41418	1
10796869	10796870	1
6419460	6419459	1
1804848	1804847	6
5489167	5489300	2
11616023	11616026	2
5813106	5812442	1
10375746	1068617	1
8683578	8628477	1
1403575	1403576	2
8196829	8196830	1
997948	997947	1
1475456	1475449	1
2836648	2836651	1
20031	20032	1
5524228	8888858	1
8863030	8862927	1
11543045	11543046	1
4830355	4830356	1
1957665	1957666	1
6048526	7087428	1
1258134	1258131	2
4532527	4532529	3
7806161	7806168	5
8927828	8927843	1
2376895	2376937	1
11682179	11682190	1
8862270	8862057	1
5005950	5005923	1
941264	941613	1
3988117	3988118	1
5348660	5355606	3
12493873	12492760	1
5951860	7469200	1
11248362	11249566	1
12186594	12186107	1
10706937	10707094	2
9570889	9569826	3
11801734	11801733	1
7805936	11681102	1
86573	87389	1
1122401	1122404	1
5946108	5945798	1
3352738	3352735	1
6570186	6570185	1
7868732	7870302	1
1625369	1625370	1
6837466	6837473	1
7387260	7387263	1
8014271	8014272	2
11169960	11169959	1
5883389	5883390	3
9440308	9440307	1
3911184	3911094	1
3184739	3184767	1
5185276	5185275	1
10263181	10263220	1
1720270	1720269	1
6561851	6561852	1
516650	512130	1
11574835	11574818	2
12353914	12352134	2
3562658	3422647	1
1341416	1227094	2
1962738	2034285	1
5866000	5865940	3
10657437	10657438	2
4828491	4828500	1
5467059	5467052	3
5896812	5896811	3
10937713	10937863	1
8884066	8884063	1
68034	68012	2
10183140	10183143	2
5569383	5569384	1
11761862	11761867	1
2036866	2036869	6
10438795	10438796	5
10482914	10482870	1
4099975	4099976	1
3150541	3150542	1
9282584	9282506	1
7376028	7376027	1
445981	445825	1
6971439	7198479	1
11915350	11915006	2
4597029	4597036	1
3759368	3757064	2
9073502	9073501	4
7983164	7983163	2
3102321	7979314	2
4079591	4079545	1
9972623	9972624	2
6613857	6613860	1
7183220	7182149	1
9301092	9301091	2
6290309	6290335	1
6127520	5896813	4
1122403	1122404	1
8247906	8246465	1
3251655	3252910	2
1462147	1462148	1
2997292	2995664	1
1999620	1989467	1
12202525	12202526	1
6686228	6686227	1
4225187	4225197	1
5538812	5538826	3
11584343	11584344	3
12180349	12181500	1
12793539	12793540	1
8413358	8413395	1
5105558	5105536	1
866831	865786	1
7183220	7182151	4
6796572	6796571	1
9060525	9060843	1
9759145	9759146	1
11628110	7004526	1
4087388	4087384	1
4312797	4312798	1
5522902	5524508	1
11147314	11147297	2
8407911	8407912	2
1754187	1593336	1
7701899	7701869	1
6221731	6221732	1
6740022	6740021	1
11709519	11709520	1
2038563	2038564	1
2268248	2268166	2
12352043	12352044	1
12128481	12128484	1
12364551	12364552	1
861639	857476	1
9126675	9126676	3
365704	364619	1
1378732	1378731	1
8604014	8604039	1
6778254	6778271	1
8404874	12631990	2
5831643	5831644	1
11914178	11914161	4
4587923	4587924	3
3107467	3099755	2
665102	666155	1
11189933	11189934	1
9927902	9933812	2
10438735	10438736	4
2424366	2424365	2
10176827	10166896	2
5936720	5936717	3
170002	188211	2
12728917	12728935	1
4589252	4589251	1
3149185	3149211	1
4223521	4222461	1
5350710	5355664	1
9542490	9542489	1
9228960	9230574	1
9262279	9262280	2
8433605	8433606	5
4021965	3869916	5
9541915	9541916	1
3420568	3420340	1
4496436	4428059	1
1240604	1240603	1
2464241	3022074	1
3152557	3152558	1
8862271	8862268	1
11682196	11682193	1
2213239	2213240	1
3698060	3698073	1
1581849	1282629	1
9566128	9566127	1
4284977	4284978	1
6766519	6766520	2
378860	378859	1
6325107	6325108	2
8383445	8384087	1
7915909	7915707	1
7613843	7613844	2
1925191	1925192	1
7767104	7767103	1
2426829	2426830	1
12421588	12421538	1
112216	112414	1
9532308	9532307	2
5569085	5569086	3
5202395	5202399	1
6530376	6530269	3
12647687	12795418	1
6272506	6272501	1
12647627	12648337	3
2369694	2369719	1
6202435	6202432	1
11320201	11319771	2
6624021	6624022	3
4275548	4275539	1
1091754	1091751	3
5936720	5936719	3
10195235	10195221	2
1358665	1358660	1
8353944	8353943	3
1527836	1527841	1
10875201	10875199	2
2807487	2807502	1
6459887	6459888	3
11616029	11616030	1
3968067	3964728	2
10537626	10531418	3
9228381	2629537	1
7599877	7599879	4
8009345	8002868	1
141301	141296	1
1245608	1245607	1
5754196	5754287	1
5937100	5942334	3
7772329	7527882	1
7633243	7633244	1
9382270	9381942	2
11387665	11387666	2
1258134	1258133	2
27506	48873	1
11855351	11855352	2
2278955	2278571	1
10266360	10266359	1
11682179	11682188	1
5581295	5581296	1
5977252	5977251	1
4140534	4140539	1
1381357	1382714	1
7970972	7970848	2
11783173	11783176	1
6784770	6788829	1
1122401	1122402	2
5500832	5493571	1
11682196	11682191	1
128265	122515	1
11218967	11218968	2
2248899	2248918	1
9553072	9553071	1
1517316	1517315	1
3199474	3199473	1
5707952	5707927	2
7274812	7274811	2
7717983	7717984	4
10508752	1070027	1
4264528	4264532	1
7783243	7783246	1
6828259	6828260	1
5569385	5569410	1
8217186	8217183	2
7682252	7682251	1
6530218	6530239	5
7797885	7797866	1
4096112	4096109	1
5973724	6921061	9
4648213	4648217	1
10354243	10354317	1
3620483	3620484	9
7629710	7633242	1
10476502	10477024	1
885497	885498	1
6593245	6593240	1
1957667	1957652	1
5707952	5707929	1
4028777	4028810	2
5133018	5133017	1
5977252	5977249	1
8654908	8654907	1
3668739	3668740	2
2082423	2082424	1
11799379	11799380	1
6513367	6513368	2
225435	247780	1
5537854	5537405	1
1472134	1472133	4
8108280	8106307	1
2646442	2646441	1
6750677	6750678	3
1526844	1526843	1
5977250	5977249	1
95383	6533290	1
4401045	4402659	1
11904932	11904951	1
8988485	8990097	1
6842405	6845179	1
10281677	10281671	1
7494488	7494487	1
11244096	11244095	1
5287650	5287647	3
12128485	12128499	1
11848182	11848177	3
127436	127046	1
2488030	2489468	1
11332505	11332506	1
9538960	9538959	1
11676726	11676548	1
6272506	6272503	1
1788512	1788503	1
2611014	2611013	1
9058743	9058744	4
1978870	1978873	1
7009355	7009356	2
8992966	8992965	1
5223628	5223627	4
9911174	9911178	2
11014356	11014355	1
7745759	7745319	2
2494728	2494727	2
11616025	11616026	1
384430	384429	1
11189931	11189934	1
11574819	11574820	1
20218	20261	1
6321657	6321911	1
8047225	8047292	2
8206178	8206183	5
7055809	7055814	2
455202	455196	1
2585405	2585413	1
3950812	3948859	1
12745394	12745393	1
1739052	1687436	1
1764066	1764065	1
1472132	1472155	3
5578999	5579000	2
1836611	1836637	1
7882999	7882993	1
952475	951802	1
5547029	5547034	2
9418841	9418842	1
8600546	8600553	3
205338	12055008	1
3326539	3326537	2
5225466	5223627	1
8278648	8278647	1
11574622	11568151	1
12477733	12477734	1
10438795	10438734	1
3528958	3528955	1
6361849	6362495	2
8433607	8433608	2
4121076	4121079	1
3484334	3484331	1
5557340	5557337	1
11692509	11692512	1
472372	472371	3
10224942	10224941	1
5044034	5043482	1
3200301	3199475	2
11411677	11408025	1
3038797	3038786	2
1532415	1534799	1
4028779	4028808	2
6181405	6181406	4
6474556	6474555	1
11518124	11518123	1
3911095	3911096	1
7543531	7574744	1
12163566	12163548	1
1653762	1653757	1
8300676	8300675	2
6068323	6068337	1
9548588	9548585	1
5058669	5058670	1
12503101	12503123	2
5197512	5197514	3
1782095	1782081	2
10166574	10166573	1
4458724	4458690	1
2599315	2599316	1
11062594	11051879	1
3871470	3871469	4
1649198	1649205	1
7459794	7459821	1
8433607	8433600	1
3971854	3971878	1
9001992	9001908	1
7783245	7783246	1
12756625	12756590	1
4112995	4109101	2
8393993	8395067	2
9799145	9798797	2
12181372	12181371	1
83558	83557	3
10170180	10170179	2
8634327	8632587	1
3984043	3984044	1
12202527	12207407	1
1767728	1767727	2
12374978	12477953	4
12150978	9252576	2
4284979	4277285	2
6840490	6840495	1
2926023	2926026	2
472074	472073	1
4358808	4358817	2
7806161	7806162	1
2968373	2968374	1
7446288	7446287	1
10531419	10531420	2
11000884	11000749	1
7908887	9392596	1
5385378	5385396	1
1472416	1472415	1
5557336	5557335	1
2586771	2586772	1
4721433	4347796	1
5207293	5207203	1
1389483	1389484	2
2585891	2585939	1
4364770	4364909	1
10283600	10281840	1
9500179	9500180	1
12373969	12373970	1
12736383	12736384	2
4430537	4430023	1
11848182	11848179	1
4317957	4317958	1
9917063	9917068	1
3988122	3988116	2
11443540	11444637	1
4700547	4700548	1
5930634	5930633	2
5569087	5569088	3
4091037	4091043	1
5512655	5512656	4
7572049	1636814	1
4435681	4435686	1
12281520	12281556	1
12528563	12528564	2
9282586	9282585	3
6624023	6623924	2
993180	993385	2
8652305	8652306	1
5467061	5467052	2
4546895	4546892	5
9232598	9232597	1
3024147	3024148	2
1620329	1620338	1
9782549	9782550	2
3568232	3567634	2
8045248	8045245	1
6364604	6364603	1
10215436	10215435	2
12234542	12234552	1
9005199	9005200	1
7425121	7411364	3
6059091	6059092	1
11848182	11848175	1
5700969	5700970	1
5636659	5636923	1
1079558	1079451	1
8825631	8858224	3
6740022	6740019	2
11290592	11290591	1
10223290	6426417	1
7104683	7104684	1
10414879	10414875	1
7863545	11670519	1
1617228	1617225	1
6221743	6221730	3
8790509	8790675	1
2628679	2631766	1
6310872	6310871	2
2597567	2597643	1
12230745	12228749	1
10835105	10835895	1
963175	963176	1
10729528	10729527	2
7273137	7273138	2
10102033	10102010	1
10223290	10223289	1
9367100	9339552	1
1832452	1832455	1
6330808	6330800	1
10179135	10179683	1
1189569	1189566	1
2564839	2564846	1
768615	537560	1
1778063	1778066	1
4850994	4850993	2
6340858	6340857	3
10127067	10127068	2
9482815	9482831	2
3196541	3196627	1
9792581	9792582	1
6266846	6272507	3
7404752	7404755	1
6341177	6341178	1
4860816	4865785	2
12234544	12234552	1
4748474	4748473	1
1636622	1636621	1
3268957	8206183	1
4445216	4445213	3
7863545	11670517	2
11848176	11848175	5
5287650	5287649	2
7000581	7000493	1
5512663	5512664	1
2788875	2791234	1
2243379	2246148	1
12234544	12234543	2
7418796	7415042	1
7215580	7215589	1
3871468	7093228	2
2420927	2494733	1
12374980	12374979	4
5058651	5058668	2
5362841	5362838	1
10536902	10536901	1
1434607	1441579	1
4582956	4582426	4
4043118	4043115	1
7717985	7717986	3
8278657	8278649	1
10833688	10833687	3
6636814	6636802	1
752112	752111	1
6582575	6582590	1
1929431	1929432	3
9132882	9132862	4
9262287	2680048	1
5225466	5223629	3
1241014	1240605	1
6534187	6534188	1
5512657	5512664	1
7705892	7705891	3
5161706	5161766	2
3141420	3141419	2
7779542	7779545	1
12665466	12665726	1
9654860	9654840	5
11814385	11814386	2
10670273	10670274	1
2058849	2058850	1
2487821	2487822	1
9860716	9860729	2
651923	651924	1
12183909	12183910	1
4075468	4075467	1
4700545	4700546	1
8433601	8433602	1
2613731	2613728	1
11451920	11451907	1
10247416	10247419	2
10445095	10445077	2
8490774	8490773	1
6514481	6514482	3
5044034	5043586	1
1541067	1541068	1
1526813	1526847	1
10873013	10873014	1
1927615	1882220	1
2163983	2163984	1
9825298	9825297	3
10483838	10482843	3
1516413	1516418	2
4256147	4256148	2
9060628	9060574	1
12184321	12184329	2
10910840	10913555	1
3544541	3544529	1
3984045	3984046	1
8008987	8008912	1
2783806	2811919	3
7641043	7641075	2
6513365	6513366	2
10270224	10262076	1
1553160	1556072	1
6364602	6364611	1
3069966	3069716	1
3552447	3552450	1
10690433	10690434	1
4706886	4708375	1
7518368	7518377	1
9090681	9090684	1
3988122	3988118	1
1663802	1663801	1
8862056	8862055	1
7066087	7066021	1
1403513	1279752	3
4075941	4075099	1
9852367	9852368	1
5979725	5989620	1
3932954	3932953	1
7556590	7556560	1
8217182	8217222	2
4696809	4696810	2
2922754	2922733	4
6569733	6569734	1
800873	800874	3
1516413	1516416	2
10122221	10122222	1
5585858	5585659	1
1279392	1279389	1
1067117	1067118	5
11335977	11335782	2
5898653	5899099	1
12550687	12550731	5
8984270	8984273	1
7498307	7500454	1
7756247	7755715	2
2907372	2907768	1
2774689	2774690	1
6909363	6909444	1
1404198	1404193	1
4079153	4079154	3
11291410	11291407	1
10973007	10972734	1
3934303	3926101	1
6419458	6419573	1
2788148	2787159	4
10796867	10796870	1
6740020	6740019	1
6611485	6611488	1
9282582	9282506	1
8734185	8734186	1
10466041	10466042	2
7821536	7821533	2
9740306	3046692	1
4003892	4003886	1
8106168	8106167	2
11848178	11848177	1
7474488	7474501	4
3317119	3318062	2
7117283	7117258	1
3402955	3403561	1
2679079	2679039	1
12795210	12795204	1
5362839	5362840	2
5936718	5936717	3
10505034	10505039	1
5707246	5969396	3
5862536	5862541	1
6801234	6801233	2
1224252	1224234	1
3287694	3288907	1
6514623	6514663	1
4032119	4032126	1
8984247	8984248	2
7418796	7415040	1
12793541	12793546	1
1526846	1526845	1
6988138	6988137	2
4095686	4095685	1
7215582	7215581	1
12632019	8404875	2
6677246	6677249	3
2220009	2220023	1
1475458	1475449	1
10735850	10735843	1
4141612	4141611	1
423208	423018	1
7947806	7947799	1
11568150	11568149	1
5805862	5805907	1
11291412	11291411	1
2376976	2376979	2
5459728	5459489	1
9024116	9024560	2
2757365	2757366	2
11332503	11332504	1
3065568	3065567	1
5515006	5515005	1
2853349	2853350	1
1006786	1006748	1
10031271	9929832	1
4317857	4317956	1
12728934	12728933	1
81361	85698	1
12665464	12665726	1
12300334	12300333	1
8950251	8950252	1
6731235	6731236	2
74592	74591	1
11785351	11785901	1
2039600	2039599	2
1544414	1706319	1
8427746	8427614	1
9871845	9871864	1
11701739	11699542	1
2693862	2693859	2
10492269	10492270	1
5707928	5707927	1
5102978	5102977	1
3517072	3517190	2
2173873	2173874	1
8987240	8987249	2
7182150	7182147	1
9262279	9262284	1
10887228	10887603	2
7227516	7228065	2
9060628	9060627	1
5154000	5153999	2
11620678	11620356	3
1434607	1441577	1
12250859	12250922	1
433015	433016	1
12188533	12188534	1
8698804	8698803	4
1396427	1396431	1
7135359	7135352	1
348897	348151	1
2369695	2369696	1
2426831	2426834	1
10690431	10690432	3
11837323	11837324	1
10888225	10888293	1
12793539	12793546	1
7046769	7046770	2
5512657	5512662	2
1404198	1404195	1
7283798	7283646	1
7791078	7790958	1
9803814	9803807	1
1448130	1448129	5
3871154	3871157	1
7274812	7270291	1
8972926	8972929	1
205336	12055008	1
5758175	5759302	2
5287648	5287647	3
9448557	9448560	1
2771458	2773519	2
9193027	9193028	1
4081260	4094611	2
215834	215762	2
332379	332385	1
9282584	9282583	2
9048809	9052277	1
10031271	10031272	4
5214013	5214014	2
9099006	9099005	2
1562611	1723948	2
7911032	7911031	3
5542578	5547246	1
9058743	9058748	4
9580999	9579506	1
443568	443567	1
83911	83945	2
6442222	6442255	1
2693862	2693861	1
6629317	6629318	2
2340704	4576764	1
6221743	6221732	1
472162	472375	1
200043	200044	2
6872587	6872588	1
11303840	11303835	1
7783243	7783244	1
11147316	11147315	1
3200301	3199473	1
10368040	10368039	3
11745309	11745310	1
12728917	12728933	1
6474554	6473766	1
885507	885496	1
10438797	10438734	4
6452688	6730886	1
7942425	7942443	1
7222043	7222602	1
10570575	10570576	3
8895369	8895370	1
4650137	4650138	1
7283879	7283890	4
8854794	8854793	1
5322863	5322864	1
7482491	7482494	1
9980145	9980146	1
7622316	7622315	3
7535411	7537601	1
7806163	7806168	1
1575645	1575646	1
7717983	7717986	1
11773385	11769006	1
2348699	2348149	1
11782529	11782530	1
