fend1	fend2	count
2603664	2603663	2
10573253	10573256	1
7350701	7350702	1
3055374	3056122	1
1608419	1608420	2
5557153	5557154	1
11761654	11761653	1
1541306	1541297	1
7953702	7953695	2
2023052	2022740	1
1933084	1933186	2
6042599	6039457	2
11679678	11679828	1
8395905	8395906	1
8627316	8627313	1
920981	920739	1
8641399	8641402	1
8066704	8066703	2
2416865	2416866	1
6965764	6965763	2
687863	687864	1
10309073	10309118	2
4502359	4502362	1
1391378	1391377	1
10104624	10104623	1
10825667	10825668	1
820580	435311	1
9420244	9424786	2
355492	7215610	1
8466674	12775562	7
1985478	1985477	2
5253089	5249774	2
5541803	5541804	6
3044570	3044569	1
10345146	10345145	1
9245007	9245010	1
542508	749509	1
10352722	10352719	1
5733686	5733685	1
10808894	10808889	1
5373001	5373002	2
9873158	9873140	2
4430697	3392111	3
7493436	7493131	1
11516899	11516900	1
2269189	2269190	2
4253354	4253351	1
349932	349931	1
11671388	11671387	1
6489085	6489086	2
8899345	8899346	2
9575836	9577856	1
10397032	10397031	2
4070250	4070249	1
5770903	5770904	2
1726228	1726713	1
4693752	4693715	1
7852459	7852460	1
12633109	12633122	1
4299993	4300122	3
9556308	9556307	4
10646817	10646818	2
11529058	11529055	2
1344782	1344727	1
4140839	4141062	1
1141352	1141351	1
1638794	1638793	2
1216055	1216056	2
330039	330040	1
12600353	12598991	1
4219236	4219235	1
10262440	10262439	1
201957	205256	1
1563449	1234369	1
110883	110884	3
4060174	4060173	1
9234743	9234744	1
7556988	7557137	1
10310010	8863073	2
2837639	2837640	1
4216297	4216293	1
3573155	3573158	1
6390396	6390395	1
6820405	6820418	1
10345340	10345339	4
9259504	9571074	1
3526968	3526971	1
1239965	1239974	1
7473164	7475942	1
3071780	12592863	2
3985192	3985185	1
7148141	7148142	2
7749308	8829461	1
11685032	7740323	2
234795	245959	1
831074	4026132	1
5557926	5557925	1
426786	426783	1
1797923	1797921	1
1396654	1396614	4
7961701	7961702	2
10812635	10812645	1
9537873	9537874	1
8666430	8666513	1
2359489	2359490	4
4121588	4121587	1
9034578	9034613	1
4001807	4001808	1
2711950	2711681	1
8355305	8355306	1
1697002	1697001	1
3634623	3634626	1
3531781	3531782	1
4781190	4780505	1
781233	781234	1
2710824	2710823	1
2741161	2741162	1
1546981	1546984	1
6623968	6623987	2
5854591	5854592	2
11499473	11499469	1
10085833	10085834	2
9771036	9770978	1
4949648	5807781	1
1942747	1928863	1
3822102	3822101	1
8329797	8329798	2
6327420	6327419	4
1232312	1232311	1
9285336	9285335	1
387285	387286	3
2599100	2599099	1
1737775	1737739	1
1674290	1673297	1
9423769	9423770	2
10604435	10604436	1
2308266	2308300	1
11582344	11582339	1
5510914	5510919	2
6575051	6575052	1
3806734	3806731	1
11993489	643702	1
9423238	9423237	1
10950259	10950382	1
207486	208306	1
4935596	5376462	3
11408743	11409172	2
6329830	6330146	1
1700875	1700869	1
12185682	12185253	1
3868498	3868497	3
3231896	11720375	1
9566537	9566538	2
1198355	1198896	1
10651218	10651217	1
5931474	5931473	1
10620483	10619988	1
12246007	12246014	1
4179345	4179346	1
2962049	2962050	1
6380771	6380634	1
1132008	1132011	1
5751461	5751462	1
2325070	2325069	6
223496	223506	2
11134040	11134039	1
8218101	8218102	1
5490777	5490778	2
1469572	1469571	2
3834076	3834073	1
5918410	5918534	1
10769061	10769062	1
8664484	8664483	1
960761	960755	1
5373003	5373000	1
2097785	2097836	1
6110949	6103781	2
10856144	10856143	2
11995182	632330	1
11848708	11848707	1
5349877	5349878	2
12439339	12439342	1
10251246	10251245	2
8990864	8990917	1
3544459	3543832	2
8155601	8155628	1
8836148	8836147	1
6952367	6952368	1
927006	927005	1
6487697	6487702	1
12483459	12483460	3
12421465	12421466	1
620539	620542	1
10943686	11220199	1
9074033	9095717	1
9853807	5565726	4
4041966	3972944	1
656668	656594	1
2194393	2173224	2
10224023	6569287	1
10416909	10416910	3
1378907	1378908	1
9387855	9387858	1
6174412	6174411	1
3076631	3076632	1
2023052	2022744	1
3944160	3944159	2
4791980	4791979	1
10151808	10151807	2
12024678	12024677	1
10025005	10025012	1
905781	784039	1
6289977	6289983	2
3627990	9831521	1
2348952	2348955	1
4545871	4545872	1
749632	310166	1
1189410	1189380	2
9427577	9427271	1
3827068	3474989	2
5810703	5810704	1
2076668	2076667	2
9901098	9901093	1
5822977	5822978	1
7402200	7402199	1
9823100	9823099	1
2095484	2095487	1
10251248	10251247	2
1460572	1460571	1
12272555	12271534	1
11130356	11130355	3
11652592	11652596	1
18944	18943	2
9977941	9977942	2
2968603	2970487	1
3879772	3298448	1
3544459	3543834	1
4283522	4283519	1
2267137	2266028	1
2537139	2537142	1
5990500	5992612	3
12192843	12190025	2
3199757	7278865	1
5714543	5714391	1
8238162	4064839	1
6484083	6484084	3
4791907	4791908	3
41571	41572	1
10225100	10225097	1
7947797	7947772	1
10422	10386	2
4449984	4449983	1
304563	304564	3
11115666	11119263	1
11963111	11963112	2
2983792	2983778	2
3056309	3056314	1
4275272	4275297	1
6866942	6866941	1
2325070	2325063	1
7675431	7675413	2
7059895	7059896	1
11428530	11428529	1
349934	349933	1
1347723	1347724	1
8841030	8840956	1
1401063	1401064	1
621013	621014	3
2124126	2124132	2
803794	803806	1
7724533	7724534	4
3941380	3941379	2
60035	60036	2
6689660	6689659	1
1878047	1878048	1
7314382	7303547	1
8329797	11200518	1
5646882	97635	1
5751459	5751460	3
9620974	9620973	1
6283845	5773137	1
6495088	6495076	1
2702580	2702579	1
6523761	6523762	1
2955049	2955050	4
6059359	6058680	2
8862353	8862354	1
5619840	5619839	1
8721901	8721916	1
2812916	2812915	3
10358965	10358966	1
12512874	12512905	1
1700810	1700809	4
11412680	11412679	1
3200269	3200245	2
5760241	5760250	1
1381388	1381385	1
15778	15772	1
11994906	11994905	2
11620423	11620426	1
2091717	2091205	2
2028755	2028739	1
6603610	6603609	1
8063098	8063093	1
2016705	2016708	1
10883267	5822976	1
448600	448599	1
9471947	9481973	1
6593715	6593716	1
5627199	5625368	1
9909391	9909398	1
3987146	3987170	3
10309071	10309072	2
10973992	10973989	1
10538090	10538087	1
6894406	6434432	1
6042647	6042648	1
3115599	3115606	2
12260104	12260103	1
2778250	2778227	1
10345342	10345339	2
11963111	11963114	1
1705072	1705069	1
5018766	5018765	1
6752610	6752192	2
428071	425652	1
1006750	1006753	1
6398979	6398980	1
5569678	5569677	1
1700808	1700807	2
5672117	5671831	1
11896713	11896714	2
12728549	12471318	2
6393025	6392795	2
8317422	8317421	2
357640	357639	1
739298	739297	1
6299427	6299428	1
6593713	6593714	1
8626784	8626783	2
9381937	9381938	1
944191	944192	3
9280442	9280435	1
10051972	10051971	2
4792489	4792490	1
12661588	12660938	1
4086684	4086679	2
12037592	12037591	1
6221864	6221861	2
5773392	5773391	1
595639	595640	2
745004	744450	1
1409149	1409126	1
1997961	1994292	1
409174	409173	2
6894406	6434430	1
6671122	6671146	1
11123907	11123908	1
12558525	12558526	2
12628531	12628532	2
7596176	7596027	1
11388436	11388435	1
1134082	1134079	1
113865	114086	1
9300612	9300629	1
11121846	11121843	1
7304325	7304363	1
2830002	2829991	1
7262023	7262024	1
8461201	8461204	1
11795724	11795723	3
9973166	6478641	2
12053516	12053515	1
4502357	4502362	1
3992831	3992824	1
773457	773458	1
6672430	6672450	1
6952369	6952372	1
12779243	12779246	2
4792487	4792490	1
2148375	2148376	1
2405812	2299620	1
2487158	2488086	1
2321894	2322114	1
10832492	10832489	1
9926798	9926797	2
11722666	11722665	1
5406740	5408396	3
1563953	1563960	2
1502680	1502677	2
11934957	11934960	1
75179	75180	2
3798217	3798218	2
5870138	5870127	2
1694525	1694528	2
10416909	10416912	1
4116514	4116979	2
11880619	11880620	1
3635814	3635813	1
1705074	1705073	3
1322148	1322147	1
5227093	5227094	1
1020619	1445149	1
1360407	1360412	1
828339	828340	1
5661506	5661509	1
2003113	2003116	1
414327	414328	1
7973243	7973244	1
2943893	2944044	1
2089179	2089894	3
11862126	11860909	1
1409147	1409148	1
6102017	6101526	2
10537768	10537767	1
1363880	1363879	1
848731	848732	1
10358268	10360159	1
12348404	12348403	1
2103567	7441844	1
3142975	3142976	1
8590718	8590724	2
2965662	2970753	1
653646	653645	3
901192	901200	1
2847518	2847517	2
744826	543446	1
8974031	8570516	1
136299	3448661	3
8946520	8946519	2
10709095	10709109	1
10973990	10973989	1
10808890	10808889	1
8569968	8569967	3
11177089	11177090	1
12250438	12250413	1
4146443	4146240	1
978637	978638	1
5310005	5310006	1
9353189	9353923	1
1964223	1964224	1
2441176	2441175	1
5168337	5168338	1
6952373	6952694	1
3633123	3633150	2
10822685	10822686	3
1070707	2441598	2
12633123	12633124	1
1338942	1338941	2
1105211	1105212	1
4955150	4949648	2
9582268	9582264	1
7235026	7235025	3
2816205	2816206	2
3497718	3496499	1
3982795	3982796	2
3619493	3619494	1
8215835	8215832	2
10225832	10225831	1
6330291	6330296	2
7295015	11598824	1
1942107	1942112	2
1726686	1726522	3
780087	780088	1
6574711	6574712	3
5313954	5313951	1
9427270	9427269	1
9101951	7868512	1
1967691	1967692	1
10957237	10957240	1
401807	401808	2
2021933	2021957	2
9791240	9791239	2
5477736	5477735	2
516330	516329	1
4572534	4555936	1
9089130	9089127	1
5854589	5854590	1
1003523	969583	1
1726686	1726524	2
10857598	10857597	1
11982074	11982073	1
941162	941161	2
1550883	1550884	1
3282704	3282606	1
7123855	7122674	1
11388440	11388437	1
4815826	4815825	1
6630222	6630228	1
10352722	10352721	1
3634625	3634626	1
2833680	7540925	1
5784914	5784846	2
1933187	1933188	2
4090893	4091453	2
5407470	5407540	1
1499220	1499219	2
6348899	6348900	2
12348413	12260105	1
1674251	1674252	2
2435332	2435505	3
6778103	6778104	2
4690042	4690041	1
9894071	9894072	2
10151814	10151809	2
5331044	5263675	1
8345470	8345463	1
4790283	4790284	1
160766	160765	2
5896527	5896528	1
11232033	11232034	1
425653	425656	1
3617834	3617786	2
9077178	9077177	2
11857648	11857692	2
8626786	8626783	1
5822694	5822693	1
9342	9341	1
1553414	1553413	1
4248989	4249827	1
4116766	4116765	1
8798504	8798506	1
12652194	12652188	1
1217571	1217960	2
11633077	11633078	2
11496391	11496126	2
10997741	10997742	1
11009441	11009442	2
1659161	1659162	2
3138089	3138090	1
6219373	6219374	2
8876816	8877181	1
9787270	9787269	3
6272710	6272225	3
4008434	4013105	1
7679341	7679342	1
991003	991004	1
2722250	2722249	3
7728694	7728693	1
10537941	10537942	3
3911059	3911125	1
4040225	4040226	2
4101893	4102634	1
7927939	5547416	2
6009778	6009777	1
3851378	3851423	2
8972072	8972071	1
3779738	3779735	1
8329799	11200518	2
426788	426787	2
6595363	6595364	1
9163371	9163366	1
4079988	4079924	1
2348951	6717541	2
1705068	1705067	1
10967401	10943121	1
236401	236397	1
3632412	3632411	1
1363946	1363881	1
9537350	9537349	1
1741720	1741711	1
10818386	10818383	2
10825688	10825687	1
11421883	11421888	1
10621608	10621444	2
7593557	7593558	1
1443242	1443241	2
7459889	7460427	1
1156545	1156546	1
11305572	11305571	1
1775924	1775919	1
7172603	6781592	1
10171084	10171095	1
6953348	6953374	1
6753836	5160780	1
5291372	5291371	1
426784	426783	1
1585896	1585895	1
6880150	6880147	1
3043259	3043260	2
6398959	6398980	1
12797037	12796331	3
4015335	4015336	2
1726686	1726526	1
413634	413659	1
10393840	10393842	1
6869073	6869074	1
4366132	4366103	1
10654136	10654135	2
7486298	7486297	2
96357	96274	1
10474283	10474302	1
9565222	6787153	1
10988033	10983562	1
9927432	9927435	1
7842187	7842188	1
11321674	11321673	1
9623591	9623592	1
9131422	9131421	1
4767399	4767402	1
9908642	9908641	1
1634201	1634210	3
10024426	11363793	1
9681307	9678594	1
8408590	8405598	1
3526851	3526852	1
2957411	2957412	1
3970641	3970642	2
10150144	10150143	2
12664029	12664030	1
12199870	12201000	1
9530741	9532126	1
11960521	11960524	2
10378706	10377732	1
2364533	2364534	1
978306	978309	1
5568791	5568845	1
66423	66408	1
4059174	4059173	1
663366	663249	1
7980449	7984579	1
597811	597816	1
9955522	9955521	1
8515227	8515228	3
2948712	2948711	1
666781	666782	1
5756925	5756659	1
3056309	3056312	2
8836146	8836145	1
4073526	4073547	2
20390	20389	1
3065924	3065923	2
355492	355495	2
11836522	11836529	2
11626466	11626465	1
12131254	12131257	1
1557169	1556945	1
1018665	1018650	1
2886452	2886451	2
12521049	12521028	3
10774309	10774310	4
2452922	2459744	1
3358554	3358553	1
9982826	9982718	1
7140970	7140969	1
10704612	10704611	1
4033571	4033572	1
10604336	10604335	2
1661856	1663868	2
809280	809788	2
5440043	5440044	1
11496127	11496128	1
3120241	3120242	1
2236725	2235858	2
12421467	12421468	1
11652564	11652599	1
1460570	1460569	1
10799324	10799323	1
6355802	6355801	2
3943388	3943385	1
8380030	8380201	1
1608417	1608420	1
12397196	12397195	2
4060174	4060171	1
8298697	8298700	2
606808	606807	1
12549879	12549880	2
10311039	10308756	1
749633	749634	3
654664	11340352	1
11000635	11000638	1
12175804	12188196	1
8155601	8155606	1
2691352	2690319	1
1512623	1512624	1
1693276	1694524	3
1364639	1364640	1
11965895	11965898	1
9030028	9030021	1
9603339	9604246	2
108802	108801	2
8863072	8863071	2
8012356	8012352	1
745004	744452	1
3475711	3475714	4
4053967	4053968	2
3973228	3962872	2
11516349	11516350	2
3368983	3368986	1
7164614	6572430	1
1927370	1927367	1
5161864	5161863	1
828745	828746	1
10973992	10973991	1
4583018	4582293	1
5782293	5782294	4
9453662	9453661	1
11546457	11546460	1
1789120	1800168	1
2405812	2405809	1
3561132	3561115	1
11123905	11123908	1
11850581	11850698	1
6540080	6540079	1
8033500	8033483	1
9229267	9229268	1
2160877	2172451	1
6686846	6484880	1
2722145	10625935	1
1396656	1396655	4
2076666	2076665	1
5473575	5474153	2
6346588	6346587	1
1006756	1006751	1
3822508	3660560	1
1835831	1835832	2
1119390	1119389	3
12528556	12528555	1
12799512	12799511	1
8687271	8687272	2
1458845	1458785	1
7874486	7874485	3
1346097	1346447	1
5593383	5593384	1
11431338	11431337	1
7657281	7657275	1
1659159	1659160	3
842742	842741	1
11328587	11328611	3
11845705	11845700	1
6784655	6784656	1
4120379	4120511	1
2111477	2111478	1
5699875	5699487	1
4354925	9320574	1
11533501	11533502	4
11933197	11933198	1
6476773	6476736	1
7728692	7728691	3
12448095	12448096	1
6136979	6113692	1
5308466	11116152	1
8973115	8973113	1
398409	755437	1
985495	1004363	1
373321	374306	2
6020202	6020266	2
5757055	5757056	1
537659	537631	1
4268635	4268636	1
5440037	5440038	1
4004439	4003723	2
8823814	8822906	1
11095607	11095602	1
5346287	5346288	1
12796532	12796531	1
3806732	3806428	1
6566923	6566924	2
11408743	11409174	1
11555236	11555235	2
9000810	9000601	1
11421499	11421449	2
759325	759326	1
11120545	11120546	5
406409	406410	1
2325068	2325063	2
5118170	5118224	2
3008647	3007420	2
3904890	3902879	1
374273	374274	2
1982464	1982245	1
5804195	5804198	1
1693460	1693459	1
8441710	8441717	2
1868855	1868862	1
1404233	1407230	2
7807322	11805878	1
3462203	3462204	1
7724529	7724532	1
6788458	6788341	1
1011000	1361253	2
4060172	4060171	1
330041	330495	1
12229728	12229727	4
6102015	6101528	1
7089791	7089792	2
3533011	3533020	1
2889362	2889361	1
3994350	3994349	1
2325070	2325067	1
12576389	12576390	2
10126709	10126710	1
6574711	6573962	1
9567034	9567033	2
2599098	2599097	1
979902	979959	1
595625	595638	2
973455	971924	1
3671116	3671115	3
11371293	7236828	1
5313954	5313953	2
12448074	12448094	1
10291582	10291579	1
3825577	3633775	1
7794184	7794183	2
11477839	11477840	1
4637263	4686644	1
7153097	7153098	3
8835033	4545718	1
3141224	3141694	1
12147695	12147702	1
5150848	5150847	1
1323171	1323172	1
12053518	12053517	1
8689168	8704050	1
6869071	6869072	1
6743876	6743875	2
10856146	10856145	2
1222711	1222712	1
3783653	3783675	1
2957399	2957400	1
12229728	301723	1
5770905	5770906	1
983408	984579	1
8750408	8750311	1
896456	896455	1
4070254	4070253	3
3633117	3633120	1
2518397	2518398	2
7874543	7874546	1
3145633	3145634	2
6684613	6684614	3
11200519	11200520	2
6279738	6279735	1
9245011	7596995	1
7155923	7156300	3
4124849	4124850	1
4474505	4474506	1
4096247	4096250	1
223492	223506	2
1303930	265568	1
5272689	5092159	3
10709110	10709109	1
10273115	10273116	1
1539917	1539897	1
10352720	10352719	1
1332132	1332131	1
8862355	8862350	1
8065202	8065201	2
3795991	213957	2
4001809	4001810	1
9972666	9845743	2
12713415	12715286	2
1713044	1713046	1
5610209	5610210	1
4121590	4121589	2
12377305	12377360	1
8664486	8664483	3
12698017	7183922	2
3982793	3982794	1
608069	608070	2
9975161	9975169	1
5376899	5376900	1
9445741	9445742	2
4837739	4746130	5
11832255	11832260	1
6378061	6378076	2
9553145	9553146	3
10542029	12383433	1
9923066	9923057	1
11085566	11085548	1
11746779	11746754	2
1258744	1258743	1
3989716	3989715	2
3970362	3970361	1
6022275	6022276	1
5915892	5915883	1
10450116	10450115	2
8637972	8637971	2
6123592	5989140	1
4676272	4676029	2
6176777	6176778	2
3478583	3478581	1
62683	62712	1
6809864	11670003	1
5791335	5817684	1
12633109	12633124	1
2359898	2493158	2
11287213	11287216	2
10524602	10524601	3
9739422	9739421	1
2921601	2921602	1
10604339	10604340	1
807199	6536858	1
10189345	10189346	1
5471815	5471816	1
8292677	9123126	1
9580215	9580216	2
5180594	5180459	1
10444726	1584915	1
7492404	7492403	1
9571730	9571729	1
6782428	6782551	1
3899219	3899220	2
6221710	6221709	1
1008795	1008796	4
10385649	10385652	1
6353311	6353312	2
6233731	6233732	2
12179845	12179846	1
10938527	10938528	1
2058119	2058120	1
3964288	3964274	1
1252796	1252795	3
1589958	1705497	1
5069987	5042006	2
7884054	7884053	2
4802931	4802932	3
1165005	1165002	3
9816091	9816092	1
6420523	6420705	1
7927939	7927940	1
2528585	2528350	1
1350538	1350537	1
7850597	7850598	1
5441890	5441889	1
3607127	3607138	1
9958599	9958604	1
3551978	3551305	2
8191758	8191762	2
11173513	11173565	1
10572286	10572285	3
3742773	3742774	1
4792487	4792488	1
6533818	6537731	1
68729	68732	2
6360585	6360592	1
7852457	7852458	1
12759996	12759992	1
11388152	11388136	1
9319444	9319443	1
9638226	9638225	3
6457714	6457932	1
7662840	7662839	1
1536489	1536490	1
234797	245959	1
3804862	3804865	1
7885945	7886676	1
6331658	6331401	1
3439976	3439975	2
795429	795430	1
2448721	2448291	1
5343570	5343569	1
2441140	2441177	1
11626464	11626463	2
9978365	9976918	2
2309825	2309878	3
12146013	12146014	2
10151816	10151815	1
4632750	4632749	2
11118350	11118347	1
11531024	11529069	1
5843488	5843485	1
5165054	5164974	1
2315005	2315006	1
11545122	11545121	1
12549879	12549870	1
10661426	10661425	3
4090891	4090892	2
9427577	9427269	2
10635453	10635454	1
5992613	5992614	3
2405847	2401736	1
407867	407787	2
10838931	10838932	1
11000637	11000638	1
5714541	5714542	1
1185165	1185170	1
4141578	4141587	1
10822687	10822688	4
4425329	4425330	1
11672127	11672143	1
911368	911367	1
5349879	5349882	1
3942270	3942300	1
10166192	10166191	2
3852874	3852873	1
7874484	7874483	3
5514415	5514416	3
9980962	9980961	1
10030299	10026755	1
11626468	11626465	1
201532	201583	2
6509151	6509152	1
9030475	9030476	2
2149515	2149511	1
3681478	3681564	1
3497288	3497287	1
10900008	10900007	1
3457394	3457393	2
10614292	10615847	1
7250866	7250865	1
3700876	3700883	2
9510179	3244262	1
3497724	3497719	2
4253350	4253349	1
5194905	5194906	2
8491884	8491881	2
6525198	6525197	2
8661450	8662497	1
1373578	1373575	3
9572821	9572868	1
7561337	7561338	1
11009715	11009718	1
3787290	3798331	1
10036151	9993030	1
2957410	2957398	1
3822110	3822103	1
3789797	3789783	1
6052395	6052396	1
12224319	12224315	1
9429003	9429004	1
6875018	6874994	1
6067510	6067936	1
8491647	8490818	1
1211672	1211669	1
2400074	2400073	1
11398594	11397152	1
9922204	9922203	1
6867386	6869213	2
6316560	6316559	2
1141350	1141349	1
666532	666531	1
4720837	4720816	1
10537939	10537940	2
11428283	11428284	1
7687994	7681794	2
6051793	5896533	1
8370332	8375651	1
2376285	2375828	2
12348408	12348407	1
11364595	11364612	2
6009776	6009743	2
902707	902708	1
625768	625763	1
8834152	8834151	2
544311	544312	1
8319806	8319805	2
5419287	5417703	1
6278680	6278677	1
2442088	2442087	1
5425724	5425723	2
1843571	1843572	2
10291582	10291581	1
12124838	12124862	2
1984511	1985479	1
6649591	6649594	1
8581944	8581875	1
9978021	9977940	2
1401059	1401062	1
9127594	9127593	1
1067270	1097714	1
2172450	2172449	2
8003678	8003677	2
9920119	9920124	1
7098248	7098247	1
1924873	1924874	1
10394673	10394696	1
11154925	11154926	2
4689029	4689030	2
9623411	9623412	1
7326691	7327508	2
3426442	3424920	2
9704050	9703865	1
3537087	3537061	1
3448660	3448659	3
1608417	1608418	2
1658363	1658364	1
10315253	10315070	1
4008434	4013103	1
1972883	1972884	1
9693788	9693787	1
1315098	1315110	2
3040920	3040629	2
9365388	9262307	4
12545836	12548725	2
4689816	4689815	1
10865759	10865760	1
2160873	2160876	1
226004	223581	2
10536236	7646172	1
453248	453251	1
6938803	6938804	1
11622011	11622012	1
11893965	11893968	1
9488856	9488855	1
6662140	12677161	1
5241404	5241403	4
7372347	7372348	1
4038670	4038669	1
5796596	5796595	1
11977677	11977678	1
972947	972948	1
2105616	2105626	1
6827176	6831157	1
4376351	4376901	1
5325465	5325466	2
3668217	3668218	1
1365863	1365819	1
3791521	3791522	1
1605496	1606413	1
5565727	5565728	3
2643834	2643833	1
278724	278723	1
5482057	5482058	1
10958251	10958252	1
3327079	3327080	1
5100210	5100209	1
7563116	8630550	2
5592988	5592985	1
3862190	3862189	1
8227829	8227830	1
12136903	12136906	4
9829063	9829064	1
9826163	9826164	1
12260101	12348412	1
9649837	9649840	2
3204465	3204463	1
3352951	1794556	1
1048815	1048800	1
10950381	10950382	1
1097587	1097574	1
1386828	1386772	1
10895913	10895914	1
6575049	6575050	1
2791168	2791167	1
946965	947340	1
6320159	6320160	2
780089	780090	2
2897183	2897184	2
12545838	12545837	2
504722	504721	2
38985	40217	1
3497720	3496499	1
11009631	11009632	1
11331515	11331516	2
11493809	11494063	3
6308173	6308174	1
11741586	11741583	1
304565	304566	1
6848565	6848566	1
8491645	8491646	1
6101529	8475595	4
12289996	12290126	1
3643019	3643020	4
521311	521312	1
9157009	9157010	3
11075120	6609592	2
5627199	5625366	2
3013109	3013110	1
1990462	1990459	1
11364534	11364533	1
6702171	6702193	1
4118333	4112173	1
10214608	10214605	1
8793178	8794821	2
10953723	10862521	1
4449982	4449981	3
10115852	10115489	2
9835854	9835853	1
1231431	1231432	2
823206	11460147	1
883969	883970	1
9519756	9520034	2
10537939	10537942	1
10291580	10291579	1
8662496	8662495	1
1659159	1659162	1
4527493	4527494	1
5206088	5206087	1
6353309	6353310	2
3070519	3070520	2
11834277	10702748	1
8032950	8032949	1
11491180	11491179	1
10188649	10188765	1
3617045	3475710	4
2452924	2452923	1
4103837	4105231	2
6383239	6383242	2
8786203	8786204	1
9285892	9277502	1
1103256	1103255	2
2018185	2018186	1
2361838	2361837	3
5149431	5149424	1
7331902	7331901	3
9350746	7802792	1
8093117	8093047	1
10661424	10661423	3
2429056	11101299	1
7227920	7227752	1
960763	960755	1
2921603	2921621	1
1460572	1460569	1
10956287	1484574	1
3976494	3977016	2
9541616	9541615	1
12161469	12161470	1
5782295	5782296	3
628289	628614	1
5183505	5183506	1
1826524	1826519	1
7584971	7587488	1
241889	3537623	2
12026947	12026950	1
25615	26348	1
5454852	5454849	1
3631365	3631366	2
6355804	6355803	3
7930715	7933318	1
9959876	9959875	1
1097713	1097714	2
519751	519741	1
7806941	7845468	1
1559682	1559681	1
7383209	12813529	1
6949154	6951519	1
9603337	9603338	3
349930	349933	1
10361378	10361375	2
3811351	3444897	1
6649593	6649594	1
2021956	2021955	1
8474717	8431474	1
6841457	6841458	1
11905275	11666309	1
511207	511210	3
5420475	5420476	2
11385468	11385471	2
10053052	10053032	1
6686986	6689102	1
3617834	3617788	1
6652722	6652704	1
5088127	5088130	1
9843278	9843277	1
60031	60034	2
7484973	7486213	2
10220062	10220061	1
2810789	2813096	2
6288589	6286452	2
2454938	2454937	1
11069508	11069507	1
3437741	3437742	1
3201214	3201213	1
8379304	8379303	1
5627838	5698011	1
4253354	4253349	1
12552966	12552975	1
4390377	4390378	1
10752207	10752208	1
1274878	1274877	2
12664031	12664032	1
10456144	10456134	2
3981474	3981473	3
763267	763268	1
5968446	5968445	1
11055497	7875236	2
12474632	12474631	1
8860782	8860781	1
8104890	8104889	3
2118893	2118894	1
10941825	10940950	1
7227723	7227726	1
6403564	6403519	2
6500259	6500088	1
418902	418901	1
5654466	5654465	1
2454936	2454935	4
4590746	4590702	2
3556214	3556211	1
9553143	9553146	1
7267371	7267372	1
11476374	11476373	2
10811859	10811860	1
1970939	1971773	2
7557873	7557874	1
10993730	10992715	1
4119961	345577	1
1502680	1502679	1
8155607	8155628	1
8453850	8453849	1
4059176	4059175	1
2991929	2991432	1
12195930	12195929	3
1241655	1241656	2
778307	778319	1
1360407	1360408	3
10393838	10393842	1
5780106	5780144	1
3868496	3868495	3
1344783	1344728	2
5936798	5936801	1
7349895	7349896	1
214733	216091	2
12125705	12125624	1
3613391	3613392	1
11916849	11916862	1
1230620	1230623	1
979025	979081	1
8434058	8434055	1
11337679	11338567	1
11069955	11069956	1
9548786	9548785	1
10099215	10099192	1
12281513	12281516	1
10625923	10625924	2
6498919	675809	1
11519937	11519925	1
7746587	7746588	1
3911059	3911119	1
2308006	2308027	2
223496	223493	1
675807	675808	2
9127976	9127117	1
10873919	10873916	1
11035139	11035140	1
2955051	2955052	2
4843677	4843678	1
9030477	12200707	2
11746779	11746756	1
12123437	12123406	1
6308417	6308420	2
9922732	9922729	2
4161629	4149134	1
7250827	7250867	1
3788362	3788361	2
3661704	3662237	3
4299995	4299996	2
6166109	6165047	1
583210	583203	1
1216057	1216058	1
11598825	11598826	2
4903718	4903717	1
598959	598960	2
5810701	5810702	2
9587137	9587140	1
3790719	3790716	1
9908083	9908084	1
10393840	10393839	1
2125690	2125689	1
12190039	12189878	1
4079986	4079924	1
6784657	6782781	1
5926884	5926883	2
944204	944203	1
2555101	2560016	1
1139344	1139385	1
6522346	6522343	1
2957675	2957578	2
1272961	1272962	2
12608519	12608528	1
10116027	10116028	2
10496204	10495477	1
60029	60030	1
1323167	1323168	1
1534606	1534605	1
10210961	10210962	1
8664488	8664487	4
504720	504719	1
9909962	9909959	2
2022741	2022744	1
2094706	2094622	1
43259	43257	1
2125938	1941952	1
2756175	2756674	1
1850586	1849529	1
2687615	2687616	1
2403499	2403500	1
8184020	8183884	1
2089179	2089892	1
598957	598958	2
2675247	2675275	1
6390394	6390393	1
1512123	1512124	1
3419603	3419650	2
2557540	2557537	2
10251253	11963110	2
1038406	1038518	1
966253	966403	2
7912970	7912969	1
11545540	11545539	2
4068020	4070846	2
7367107	5671450	1
766919	766941	2
5290331	5290332	1
9056853	9056854	1
11232035	11232036	1
12482262	12482348	2
9602370	9602365	1
5354515	5354758	2
7559266	9659876	1
6393811	6393812	1
1726523	1726524	2
2325068	2325067	4
292902	290171	1
739682	739501	1
2761890	11745965	1
2278209	2278210	1
946965	946966	1
6127147	6127148	1
11966455	11966507	1
2112410	2097759	2
983409	984302	1
941160	939741	2
4089182	4089179	2
11472572	11472571	1
5715197	5715198	3
4124439	4124397	1
11970049	11970050	1
12426587	12426565	1
2636923	2636926	2
3287295	3287292	2
10437345	4045829	1
10596962	10623071	1
3478337	3478345	1
5738771	5738597	1
5249775	5249776	3
12154714	12154713	1
10450118	10450117	1
2948710	2948709	1
2632531	2710296	1
11473891	11473892	1
11381048	11381047	1
5918451	5918444	1
3065163	3064719	1
7778381	7951272	1
3769393	12031608	1
3639532	3639531	3
5363453	5363454	1
11118978	11118977	1
9325771	9325772	1
12027317	12026980	3
6289975	6289976	2
9978827	9978828	2
12642242	12493352	1
5088125	5088126	1
8153921	8151269	1
12633125	12633126	2
4020207	3354992	1
6919675	6523208	1
4283522	4283521	2
4559367	4559457	2
11103056	11103055	1
6988526	6988535	1
2269191	2269192	3
3968120	3968401	1
4032041	4032042	1
6922401	6922390	1
9790324	9777093	1
5150850	5150847	1
7760644	7760643	1
6378059	6378060	1
8280327	8280328	2
8880923	8880938	3
3643049	3643020	1
1672131	1672163	1
11235220	11239675	1
11566133	11566100	1
2884568	2885703	1
7138761	7138762	1
10416911	10416912	2
4034284	4036454	1
9191634	9190644	1
9772297	9772298	2
9292804	10777513	2
6368625	6368724	1
12147987	12147988	1
9389625	9389626	2
2870149	2870161	2
11590185	11590188	2
5948313	5948314	1
1006800	1006741	1
11624264	11624280	1
8347243	8347356	1
710873	710905	2
5842520	6305736	1
6357161	6356874	2
9908644	9908643	1
9245007	7596995	1
7983418	7983417	1
10409042	10410015	1
2786893	2786908	2
726760	726757	2
11282400	11282399	1
6934474	6934497	1
5810701	5810704	1
10118365	10117313	1
6394119	6394120	1
5760027	5760028	2
2871313	2871285	1
10496588	10496576	1
400202	400201	1
4837182	4837181	1
5931303	5931351	1
1006800	1006541	2
8972553	8972482	1
5517348	5517343	2
2172128	2172125	3
960844	61781	1
2843418	2843417	2
11795939	11795940	1
2783889	2783890	1
3369195	3369196	1
2506887	2506911	1
5793204	5793863	1
9975144	9975125	1
3963792	6932168	1
11963137	11963463	1
2643832	2643831	1
10272511	10273116	1
8632135	8632136	1
1324700	1324699	1
10542027	10542028	1
1185169	1185170	1
1155368	1155367	1
8663313	8663314	1
5481991	5482058	1
12552964	12552975	1
10397034	10397033	2
10967894	6121514	1
2299621	2405809	1
3478335	3478336	1
9175715	9175361	2
10718191	10718102	1
2055082	2055146	1
5520300	11538319	1
6991847	6991848	2
6923705	6923706	1
7971998	7976366	2
2828696	2830344	1
8829462	8829461	2
619729	619732	4
11082078	11082069	1
11037594	11037588	1
513935	512683	2
12146009	12146014	1
2149246	2149245	1
7941651	7941793	1
5488737	5488738	2
9480993	9480994	1
92410	92409	2
12191910	12191909	1
10272511	10273114	1
6755048	5194156	1
12382993	12382994	3
11704017	11704018	1
5242909	5242910	2
5003951	5003916	1
5105239	5105146	1
9531022	9530995	2
7874478	7874477	2
9801868	9801867	1
4625300	2393695	1
10625421	10625418	2
1002969	1002970	1
7531652	7531656	1
5005856	5005800	2
1724828	1724833	2
6174414	6174411	1
10117769	10117770	2
2741308	2741307	1
11707359	11707362	1
2581360	2581359	5
11013140	11013139	2
2658899	10076899	4
12426587	12426567	3
9552915	9442802	3
788207	788208	2
4586197	4586190	1
3329145	3329146	1
1745982	1745979	2
12018047	12018057	1
5654466	5654062	1
11327279	11327274	2
11258412	11258407	1
11056662	11055998	5
1903518	1903505	1
8675690	8675692	1
249942	249941	1
5804193	5804194	1
518318	518317	1
2527311	2527312	1
9263681	9263662	1
6342577	6340714	1
7831219	9417446	1
5262220	5262219	1
2439373	2439595	1
6224487	6224490	1
7022258	6018661	1
9846554	9846411	1
12027212	12027180	1
210878	210896	1
11637130	11637198	1
4009537	4009528	1
3024849	12200470	1
8316703	8316712	1
1559683	1559684	1
8377673	8379178	1
11496206	11494266	1
11288436	11288435	2
4783406	4783011	2
1281868	1282017	1
6567716	6567713	1
1003276	968633	1
8788474	8788473	2
7578591	7581686	1
9678593	9678594	1
2172124	2172085	2
10263971	10263972	2
209531	208285	1
1236965	1236968	3
3633117	3633122	1
6536078	6536077	5
11528903	11528904	1
7492577	7492405	1
4715035	4715036	2
11305935	11602154	1
11108252	10996907	2
6595365	6595361	1
6299201	6299204	1
2064215	2064216	1
2124567	2124568	1
11052602	11052601	1
10571972	8997076	1
4257365	4257366	1
1330332	1330331	1
1140553	1140554	1
5398357	5398358	1
12392472	12392471	1
5095127	5095128	1
1560467	1560468	3
3279413	3279414	1
4619917	4619695	1
9260510	9260509	2
518320	518319	1
10937128	10937133	1
6530725	6531370	2
12055140	12055139	1
991181	991182	1
5360875	5360791	1
4110616	4110539	1
1251834	1251833	3
8630551	8630552	2
9922833	9922834	1
10958253	10958254	2
7566848	7566845	1
759327	759330	1
4685225	4685226	1
7424842	7425381	1
9360846	9360845	1
2021933	2021955	1
1463059	1463060	2
2890612	2890611	1
9260508	9260507	1
1325104	1325103	2
9679690	9679971	1
7843403	7842188	1
6603925	6604245	1
3613736	3613735	2
1236957	1236960	3
6496224	6496226	2
4586254	4586253	2
4248988	4247092	2
2865046	2865045	1
9254976	9254975	3
10220064	10220063	1
4407490	4407452	1
1360411	1360412	2
10534995	10534996	2
4043343	4043346	1
5481440	5481453	1
418214	418213	1
5699743	5699744	1
10883267	5822978	1
6037888	6037886	1
11278773	11278736	1
4619878	4619877	1
10452796	10452900	1
10537281	10537282	1
584573	583914	1
8835571	8835572	1
6043542	6040162	1
3747117	3746970	1
11893965	11893966	2
6615239	6614943	1
3216207	3216208	3
2375829	2375830	1
1252794	1252793	2
10661426	10661423	1
5421450	5421447	1
2184083	2184084	1
6616137	6612176	1
11963113	11963114	2
10309071	10309118	1
10617651	10617661	1
6330891	6330892	1
10324618	10324640	1
8283413	8283416	1
11594950	5246813	2
6926118	6926101	1
3239446	3239454	1
1063006	1063005	2
7227721	7227722	1
6484085	6484088	2
3193808	3193807	3
4254142	4254141	2
5290329	5290330	2
193466	10457745	1
2091510	2091509	1
12519280	12521445	2
9571839	9571733	1
10625925	10625926	2
4958258	4957669	1
5905121	5905122	1
2243413	2243414	1
6422565	6422568	1
4722581	4722582	1
11641377	11638197	3
960761	960762	1
4013104	4013103	1
6926494	6926549	1
11848304	11848709	1
446783	446784	1
1315111	1315112	1
3510297	3510294	1
3797521	3733966	1
7566844	7566843	1
9847794	9847726	1
1042248	7431662	1
9261325	9261330	1
2847516	2847515	1
12200706	12200705	2
9833710	9833709	1
977888	977887	1
10825686	10824851	1
7606937	7606938	1
3825573	3633775	1
4070252	4070251	1
11626468	11626467	1
827031	827032	2
12348406	12348405	1
7446429	10987927	1
249944	249941	2
6872969	6872970	1
10150139	10150140	1
10298717	10298702	1
4101283	4101286	2
10709097	10709111	1
1396656	1396614	3
8924452	8924451	1
8066702	8066701	2
96273	96274	4
8663315	8663316	3
6320159	6319595	1
8796585	8796651	2
1834525	1834526	1
6571333	6571334	4
4008576	4008575	1
11981641	11981642	2
3604189	3604190	2
5262218	5262215	1
7139002	10045499	1
7449839	7450952	2
6299429	6299430	2
2655917	2655898	1
10415374	10415373	1
4026120	4026397	1
6281329	6281330	2
11039927	10927121	1
3825573	3825576	2
1123172	1123160	3
2361842	2361839	4
3497718	3497721	1
10672668	10540549	1
11499468	11499467	1
6477584	6841480	2
88389	88390	1
1156547	1156548	1
7675427	7675430	1
5481991	5482056	2
809789	809790	2
6751636	6751635	1
5541805	5541802	1
1174892	1175050	2
826915	826916	1
9902330	9902304	1
1565534	1565533	1
12037594	12037593	1
6487594	6489086	1
4146443	4146238	2
105760	105828	1
7106146	7106130	1
2968127	2968128	1
1082597	1082598	1
2478261	2343588	2
2192180	2192179	1
4450725	4450726	1
12779241	12779242	1
7919178	7919177	1
4105230	4105229	1
110362	110151	1
1006540	1006741	2
1315117	1315313	1
4637265	4686644	1
10884961	10884962	3
9978024	9978828	1
6898704	6898703	1
5297635	5297649	1
10085326	10085340	1
10924475	10920287	1
513684	513683	1
11778002	11785836	1
9566539	9566540	1
10707022	10707021	2
8831804	8830917	1
3425594	3425593	2
2265692	2265696	1
1715102	1715101	1
8839776	8839781	1
914499	914484	1
1893879	1893880	1
5568186	5568185	1
8544854	8544838	1
11835383	11834693	2
1468221	1505599	1
10412511	10412512	2
4256177	4255062	1
1149572	982010	1
6567716	6567715	4
4038672	4038671	1
7740893	7740889	3
330466	330465	1
6484083	6484088	2
11746755	11746756	2
4309940	4309937	3
3228888	3228887	1
6936377	3249874	1
119696	119695	1
2412478	2412475	2
1506336	1507164	1
11321944	11322049	2
9579375	9579376	1
288338	7019045	1
10966956	10966955	1
631402	631401	2
11119405	11118351	2
5866144	5866143	1
947339	947340	3
12184063	12184064	2
3561681	3561682	1
2968125	2968126	2
12136901	12136902	1
9770503	9770504	3
1332117	1332118	1
6568879	6569223	1
1734285	1734084	1
6354125	6354160	1
6678883	6673835	1
4107176	4107173	2
12191264	12191263	1
12024674	12024673	1
9721478	9724579	1
8095760	8095563	1
6574713	6573962	2
11744472	11745811	1
2149513	2149514	1
8367546	8367545	1
249457	249463	1
10008219	10009685	1
5739362	5739365	2
3851376	3851375	4
8033482	8032951	1
1726525	1726526	2
1145982	1146822	1
8883565	8883566	2
4310466	4310447	1
380451	380448	1
9789831	9789832	3
2176937	2177047	1
344703	344704	1
10856043	10856044	1
8793178	8794823	1
4449980	4508738	3
4470656	4470828	1
5471815	5471818	1
8151617	8151615	1
234795	234796	1
537911	3858737	1
1658365	1658401	1
2175948	2175947	1
12764872	12764871	2
3795989	3795990	1
7357425	7357498	1
1006752	1006751	1
7420084	7410333	1
4089354	4089353	1
1323169	1323170	1
10700307	10700308	1
5584516	5585090	1
596005	596006	1
6443494	6443408	1
6632194	6632126	4
6012435	6012436	4
947297	947298	2
775946	775945	3
406411	406412	1
8796194	8796193	1
3056313	3056314	1
370768	370767	1
349237	349238	1
8587969	8587970	1
2897179	2897182	2
3994348	3995206	1
10051974	10051973	3
3907954	3907945	1
10655078	10655077	2
10524604	10524601	2
10646819	10646816	2
9976172	9976169	1
10774500	10774518	1
4152344	4152340	1
11916093	11923311	2
5481355	5481353	3
6678793	6678794	1
1502500	1502430	1
8192344	8192343	1
10315255	10315070	1
8693891	8693894	1
3968621	3146598	1
10412509	10412510	3
679801	680936	1
8449328	6015343	4
8283413	8283414	6
5844046	5844073	2
5575732	5576435	1
4383739	4383740	2
1608422	1608421	1
4750706	4750705	1
9886369	9886390	1
92548	92547	2
5773364	6281326	1
2807510	2807509	2
3794639	3794640	2
8688922	8688921	1
9063766	9064389	1
8266932	8266927	1
2004628	2004627	2
10718158	10718155	1
2349966	2349980	1
1553416	1553415	1
628133	628134	1
2652706	2652705	1
11260912	11260911	1
956576	413236	1
8664486	8664485	1
12021005	12021006	2
5440039	5440042	1
1344815	1345385	1
8005401	8005402	1
743272	743274	1
794686	797985	1
7446373	7446367	1
5948315	5948318	1
3403055	3406535	3
11893963	11893964	3
10604433	10604436	1
3314805	3315391	1
5268486	917722	1
4791905	4791906	2
12368976	12366262	1
5423268	2099122	1
4685443	4685454	1
9712013	9712010	1
7626418	7627550	1
10324641	10324642	1
6617729	6617724	1
5202782	5202781	1
9273620	9273619	1
6369029	6369030	2
9252784	9251776	1
12040452	12040451	2
11893967	11893968	2
1203	1177	1
6221868	6221865	2
6571331	6571332	3
7777249	7881860	1
11082068	11082067	1
1165003	1165004	2
11813459	11813462	1
9356302	9356297	4
2921159	2921160	1
2028289	2028292	2
2630770	2630767	1
5407541	5407542	2
6420957	6420955	1
5339824	5339823	1
11086107	11086108	3
9578788	9578787	1
7331904	7331903	2
7215611	355495	1
193439	193440	3
9681307	9678592	1
5541801	5541802	3
5843490	5843489	2
6478167	6478168	1
6926548	6926547	1
8305963	8305964	1
11120547	11120548	4
10009571	10009624	1
2741306	2741305	1
9994305	10201679	1
9480995	9480992	1
10242437	87939	1
10475619	10475620	2
1652157	1728415	1
6632196	6632195	3
5782291	5782292	4
10041170	10041371	1
1510387	1510372	1
7392199	7392200	1
6815797	6815800	1
6416777	6416778	1
4439131	4439132	1
5471817	5471818	1
7614788	9285332	2
9679974	9679971	1
1548894	1551510	3
10882835	10882833	1
10762955	10762956	1
2319190	2319143	2
6258435	6258522	1
1932627	1932628	1
3811827	3811772	1
12041777	12042250	1
6384477	6387655	1
1360409	1360410	1
11395473	11395455	1
340930	340927	1
4245717	1295687	1
6558479	6558480	2
9349129	9349213	2
6693123	6699638	1
10158175	10159411	1
2897604	2897603	2
12552966	12552965	2
9624457	9624460	1
6743885	6743875	1
11378135	11372507	1
11401809	11401969	1
3643021	3643022	4
10456135	10456136	1
6582646	6583168	2
8367548	8367547	1
11854780	11851991	1
8849066	8848778	2
11071403	1157663	1
6370141	6370142	1
10540550	10540549	1
3193143	3193809	3
5068990	5068975	1
10322755	10322756	1
10542997	10543023	1
832453	832456	1
12452313	12452314	2
6826704	5632753	2
9755931	3228889	1
6779722	12171233	1
12546650	12546649	1
167933	167934	1
11476378	11476375	1
2655901	2655904	2
10729313	11886924	2
7140691	7140692	3
9927500	9927499	1
7843403	7842186	2
922291	922296	1
3562706	3562843	2
872666	872665	2
2118124	6231873	5
1705283	1705238	2
4001807	4001810	1
3617787	3617788	1
1646842	1646841	1
9739023	9739024	1
11123905	11123906	2
4406025	12760334	1
4502357	4502358	1
1222713	1222138	1
8830867	8830868	4
1349098	1349097	1
4782474	4782469	1
5784916	5784915	2
223498	223493	1
5136804	5136803	1
1083502	8690093	1
2812043	2812044	1
4373895	4373896	2
1373894	1373893	1
1512625	1512626	1
1694525	1694526	1
5325073	5325075	1
10270352	10238980	2
4757213	4757566	1
9255288	9255283	1
7153095	7153096	3
11265051	11265042	1
2143481	2143397	1
2016705	2016710	1
7754575	7754706	5
11095605	11095606	1
10828606	10828976	1
2848552	2848551	1
12044507	12044508	1
3638020	3637937	1
9303880	9304349	1
8623881	8623862	1
1303932	1303931	1
973453	973454	1
1185165	1185168	2
5161992	5161865	1
2265694	2265693	2
873719	873720	1
11901984	11901983	1
7681795	7681796	2
827033	827036	2
403052	403051	2
8874998	8874951	1
2843011	2843053	1
12483939	12691546	1
5909549	5909550	1
6743885	6743877	2
2340460	2340459	1
47063	47064	3
2026822	2026812	1
11451886	11451885	1
8645273	8645173	1
3408781	3408782	1
3304460	3304459	3
8901699	8901700	1
1822508	1822974	1
9971167	9971335	2
3634623	3634624	1
10565883	10729371	1
1303781	1303933	1
11409173	11409174	1
2929061	2929062	3
4369912	4370973	1
2786062	2786061	1
12191914	12191911	1
8938195	8937667	1
10171080	10171095	2
12791835	12791836	1
2413634	2413633	1
11130354	11130353	2
6221712	6221711	1
6395178	6395177	1
4146239	4146240	1
6174414	6174413	3
9395495	9395496	1
3747115	3747116	1
3408779	3408780	1
1404231	1404232	3
10709097	10709109	1
8946522	8946521	1
3631367	3631370	1
2921161	2921162	1
2848550	2848457	2
12726804	12726803	1
4004437	4004438	2
5772650	1876692	4
990397	991002	2
11848304	11848707	2
1303932	265568	1
9908571	9908572	1
8376613	8376595	1
9260965	9260968	3
12310349	12310350	1
9356296	9361262	5
5690607	5689884	2
6843736	6844154	1
583208	583203	2
10651220	10651219	2
6327418	6327417	4
6248313	6248314	3
4685445	4685454	1
1550590	3803093	1
10056388	10056384	1
10958249	10958250	1
6048947	6048948	2
1181284	1181236	1
8796650	8796649	3
10672668	10540551	1
3586363	3586364	1
3043261	3043262	2
5781605	5781608	1
1835326	1835325	1
11287219	11287220	1
3634621	3634622	2
5625367	5625368	1
2623740	2623767	1
5773364	6281328	2
12447953	12448568	1
12606051	12605904	1
1942747	1928861	1
6112375	6113054	2
871947	871948	2
6567714	6567713	4
5783695	5781099	1
5786937	5786938	1
2559081	2559074	1
6042461	6042462	2
1646840	1646839	1
11146304	11146303	1
1403600	1403605	2
6348901	6351557	3
2843877	2936940	1
6420943	6420944	1
7874482	7874479	2
7057150	7057149	3
100340	100335	1
11288434	11288433	1
4087034	4087040	1
12050744	12050741	1
9700414	9699158	1
9261331	9260923	1
1241253	1238546	1
7861803	5700225	1
3987864	3987863	1
6568455	6567626	1
2282294	2282293	1
3671608	3671524	1
5231600	5231546	1
3272895	3311102	2
1761728	1763028	1
5267310	5267309	2
5481839	5481627	1
8590720	8590724	1
2091269	2091217	1
10171084	10171081	2
2594128	2594127	2
2805695	2805696	1
2957583	2957584	1
2376285	2375830	1
11142723	11138340	1
101113	101114	1
12206903	12206911	1
3588790	3588789	1
2416944	2416864	3
12378892	12596837	1
11497049	11497046	2
9638224	1236954	3
1705072	1705067	1
9974433	9974434	1
1844784	1844693	1
9553143	9553144	4
2412324	11177088	1
11497047	11497048	1
1737773	1737774	1
5336487	5336488	2
2342952	2344040	2
7098246	7098256	1
3856780	3856563	1
12295101	12295102	3
2655915	2655916	2
12128496	12128493	1
277450	10157264	3
3543833	3543834	1
6020686	6019715	1
318955	318956	1
5268459	5268765	1
5668281	5668282	2
11872888	10458648	1
7361818	4996895	1
5017530	5017529	1
11154927	11154928	2
2527298	2527297	2
1800326	1586803	1
1507252	1507251	2
1352032	1352031	1
1360409	1360412	1
9840020	9840009	1
5931352	5931351	1
7581687	7581465	1
2710520	2710825	1
3339572	3339557	1
2881763	2881764	1
3454519	3454997	2
5654464	5654062	1
3941378	3941377	1
6328206	6328205	3
797687	797684	1
10263973	10263974	2
448598	358356	1
9960570	9960567	3
10116177	10116178	3
7285613	7285640	3
10901938	10901937	1
3102460	3102463	1
5161992	5161863	1
1687571	1687572	1
7446371	7446372	2
10233636	10233635	1
9951942	9951959	2
1844786	1844785	2
2308269	2308282	1
20392	20391	1
9582284	9585692	2
12232633	9520792	2
11193600	6116798	1
12751047	12751048	2
1236961	1236964	3
10497545	10501761	1
301722	12229727	1
3794641	3794642	1
11652598	11652597	4
8281231	8281706	1
1251412	1251415	1
7593555	7593556	1
7775135	7775136	1
156371	156372	1
3431217	3398717	2
10709095	10709096	2
9693786	9684992	2
9251777	9251778	1
6454097	6454098	1
1548896	1548895	2
11829481	11829482	2
3974018	3974664	3
9823129	9822859	1
6102290	6102307	1
8283415	8283416	5
7724531	7724532	4
5361404	5361403	1
11287217	11287218	1
11133169	11133283	1
9777295	9777065	1
10424094	10424097	1
619176	619174	1
11704065	11701311	1
10988629	10989238	1
453248	453263	1
4070252	4070249	1
3633121	3633122	1
10979731	10978909	1
832457	832460	1
9281296	9281295	2
11795722	11795721	3
1834527	1834528	1
8515229	8515223	2
1138674	1138671	1
6416779	6416780	1
5699741	5699742	1
7172603	6781594	2
7221765	7221766	2
9693443	9693444	1
2790975	2790976	1
2269187	2269188	2
9337117	9337118	1
7100977	7065841	1
11795726	11795725	3
3643049	3643018	3
8796196	8796195	1
230447	230448	2
12438682	12438681	2
11804669	11804624	1
3324350	3324346	1
5406133	5406134	1
2995256	2994859	1
687861	687862	2
3187976	3187975	1
6056458	6056457	1
3244753	3244223	1
10115182	6755093	2
933369	10894718	2
400204	400203	1
1611486	1611466	1
9563289	9563278	1
39492	41159	1
4119321	4119322	1
3556595	3556596	2
11934795	11934796	2
9602303	9602304	3
6395271	6395179	1
5076588	5076613	2
355128	354076	1
2379150	1774815	1
9889335	9889336	1
12022643	12022644	1
7719635	7719636	1
10567214	10567213	2
6339102	6339689	4
12549881	12549870	1
11191817	11191818	1
12284769	12284770	1
7884052	7894294	1
10612169	10612045	1
5895513	5895508	1
12628980	12628979	2
7724529	7724530	5
2599201	2599202	2
4839143	4839144	1
12672076	12672127	1
1167498	1167497	1
3829999	3830000	1
3816824	3816829	1
5290333	5290334	1
2655915	2655898	1
7392201	7392204	1
2575371	2575056	3
2355343	2353210	3
2149248	2149247	1
1727922	2374865	2
3962961	3962962	1
1669044	1669043	3
1467676	1463855	1
64140	64139	1
5078117	5078159	1
1659310	1659305	2
9505861	3239976	1
2308003	2308007	2
4112581	4112582	1
3631367	3631372	1
5351758	5351932	2
3648960	3648974	1
3572088	3572085	1
9539034	9539033	1
7511200	7510740	2
7675425	7675426	1
9510178	9510177	1
5642242	5641734	1
7091533	7091510	1
7492577	7492403	1
3814321	3814322	1
10166194	10166193	1
10750276	10748885	1
3665541	3665542	2
7230191	7230192	2
5211451	5207841	1
10865761	10865762	1
6649591	6649592	1
11804233	11804234	1
966251	966403	1
12026959	12026946	2
4619876	4619873	1
2016709	2016710	1
2249437	2249438	2
11780523	8130337	1
6867546	6867545	1
4114115	4114116	1
5461222	5460698	2
4423021	4422174	1
11279492	11279491	1
8754317	8754314	1
5419297	5419286	1
4371107	4371108	1
7563574	7563577	1
439485	452742	1
8167069	8167070	2
5200443	5200444	3
5753774	5753769	1
12795	12798	1
12127676	12127675	2
7578591	7581465	1
8802811	8802812	1
625826	625825	1
10654418	10654417	1
4784191	4784192	1
2796318	2796315	1
6478640	6478655	1
4707854	4793465	2
2594198	2594201	1
5761176	5766689	1
6846323	6846324	1
4527491	4527492	1
12548768	12548767	2
3288327	3288316	1
9673519	9679951	1
9292430	6170273	1
10447314	10447313	1
12147985	12147986	1
448402	448463	2
6273690	6273689	2
9097333	9097338	1
2643834	2643831	1
3416720	3416719	2
982983	991065	1
6042597	6042598	1
6566887	6566890	2
4347461	4347462	2
5477068	5477067	1
3851864	3851863	1
7265608	7267528	1
10524604	10524603	3
7749308	8829463	2
10409003	10409004	1
143593	143594	1
8587095	8587138	1
12037590	12037589	1
4570918	8905614	1
12746467	12746452	1
11108269	11108252	1
10315253	10315254	1
892066	892071	1
11578607	11572246	1
12576391	12576268	3
1592155	1592352	2
10352404	10353372	1
1217961	1217962	2
3206290	3206287	1
3216209	3216210	2
3556214	3556213	2
11388434	11388433	1
7927941	5547416	2
4828923	4828407	1
5193884	5193723	1
7148139	7148140	1
7410332	7410331	3
6569102	6568454	1
7675418	7675414	1
3865918	3865558	1
5529209	5527025	1
9927415	9927416	1
10847874	10847873	1
5122143	5122150	1
11384337	11384338	2
758854	758857	1
819979	820892	1
5267312	5267311	3
4366715	4366716	2
7675425	7675430	1
4578922	4578921	1
6050599	6050604	1
3815546	3815550	1
165263	165264	3
10191280	10191194	2
12329837	12329887	1
10444726	10444725	2
583210	583209	1
5496692	5497832	1
3981472	3981471	3
6566925	6566926	2
5445479	5446501	1
907248	907952	1
11847050	11847049	1
6050597	6050598	1
7159208	7160111	1
5407474	5407540	1
11395486	11395485	1
8358277	8358074	1
11246871	11248193	2
6369027	6369028	2
1942115	1939381	1
10655076	10655075	2
426786	426785	1
9536636	9536635	1
7002419	7002424	1
3988223	3988139	1
10597690	10594089	1
8075132	8075127	1
2251732	2256348	2
11435583	11435693	1
3733967	3733968	1
783867	902706	2
3789429	3789430	1
5757057	5757058	1
6056456	6058851	1
12604672	12528557	1
12452311	12452312	2
4551367	4578345	1
10812635	10812641	1
6593711	6593712	1
5281632	5281631	2
8590720	8590719	1
651566	651565	1
11109057	11109058	3
3415341	3415202	1
511080	511079	2
1403604	1403603	2
675822	675806	2
276997	277000	3
966619	966620	1
11650561	11650565	1
11395488	11395487	2
3661706	3661705	3
4016744	4016743	1
12021567	12021511	1
10053054	10053053	1
2158378	2158377	2
6308415	6308416	1
9446358	9446357	2
12526977	12527014	1
9527058	9527057	1
10046069	10046062	1
12426566	12426565	2
223498	223497	2
7848712	7848707	3
4423019	4423020	2
6051791	6051792	1
5641427	5641428	1
2489026	2489391	1
9231427	9229731	2
6224299	6224330	2
1051012	1050266	1
10006918	10006921	4
8922869	8922870	2
2367858	2369133	2
9842608	9842614	3
3511169	661091	1
1562509	1562510	2
2243415	2243416	1
666534	666533	1
1911753	1911754	3
4320849	4320852	1
11260912	11260909	1
11645714	11645713	1
10604433	10604434	1
5862146	5863016	1
6111345	6112212	3
5291370	5291367	1
1613826	1613825	1
12284771	12284772	1
3252121	3252234	2
2146909	2146910	1
1067270	1097712	2
6718213	6718214	1
4685443	4685444	1
11327275	11327276	2
9261318	9261317	1
12134786	12134739	2
8880921	8880922	4
3275081	3275068	1
10822685	10822688	1
12628511	12628530	2
11072802	11072794	1
6309823	6310492	3
9978024	9978826	2
4087468	1826542	2
5432635	5432733	1
6512947	6515515	1
5352136	5352135	1
6482289	6482290	1
10337756	10337755	1
4545135	4545136	2
9739414	9739421	1
3133580	3133681	1
8626332	8626346	1
5948313	5948318	1
7648234	7648180	1
4721369	4721377	1
11771125	11771097	1
968632	968694	1
10345342	10345341	5
11444464	11445511	1
6056460	6056459	1
1984511	1985477	2
4815830	4815827	1
11988866	11988871	1
3795102	3795607	1
7877970	7898484	1
3660142	3660139	1
5470049	5470050	1
6051316	6051315	1
9686667	9686668	2
10120070	10121539	1
10428215	10428216	2
2176757	2176795	1
7666682	7666681	1
10078720	10078715	1
10749239	10749242	1
1545868	1545824	1
5080476	6854008	1
1734328	1735582	1
3446876	3446875	1
10553468	10553467	1
7089793	7089788	2
7012330	7012329	1
5201879	5201880	1
6509149	6509150	1
7181984	7180835	1
1750756	1750753	1
744451	744452	1
5767975	5767976	1
5002175	5002176	1
406967	406968	2
3746971	3747144	1
12438680	12438679	2
96357	96272	4
651746	651745	1
7155891	7155847	1
9420640	9420615	2
4038672	4038669	1
5568744	5568743	2
6102015	6102016	1
12742746	12742745	1
2527313	2527316	1
10104622	10097821	1
3613389	3613390	1
3316885	3893167	1
11652596	11652595	4
344705	344730	1
1886781	1886764	1
2109836	2109835	1
10274720	10274723	1
9580372	9579456	2
249944	249943	1
9937567	9937570	1
4137736	4137735	1
2182789	2182790	1
2114032	2110297	1
1252534	1252445	1
1877503	1877504	2
4325514	4325513	2
12419769	12419770	3
6905117	6679602	2
5803942	5803941	1
5710470	5665627	1
9036241	9036234	1
11204969	11118265	1
11268709	2977394	1
4059176	4059173	2
249940	249939	3
1512051	1509269	1
5735256	5734972	2
7793388	7793581	1
763263	763266	1
2957413	2957414	1
8801491	8802810	1
2315007	2315008	1
4141580	4141579	1
2924975	2926759	1
966251	966252	2
6751634	6751633	1
1212010	1212009	1
6046562	6046559	5
2452924	2459744	1
10210963	10210964	1
3145637	3145638	1
3629959	1234830	1
5006820	5006819	3
2590192	2590191	1
2325066	2325063	5
1325102	1325101	1
7167623	7167624	3
5129376	5146713	3
5286871	6378046	1
4079988	4079987	1
6487594	6489084	4
3696614	3086005	1
12184063	12184066	1
238853	235336	1
8830865	8830866	4
3911124	3911119	1
3200267	3200268	1
9032514	9031562	1
3556212	3556211	2
5150850	5150849	1
2171344	2171343	1
5322353	5322354	1
4917552	4917549	2
9693788	9684992	1
8293287	8293290	1
6224592	6224619	1
2921601	2921621	1
9571732	9571731	1
9974198	9974197	2
1005819	1005820	1
12181350	12181349	1
1349270	1231181	1
2124569	2125678	1
3304462	3304461	2
4559783	4559786	2
513686	513685	1
12239574	6922812	1
12143199	12143200	1
7877019	8020609	1
5507645	5507642	1
1646842	1646839	2
12464906	12464903	1
6522342	6522347	1
2965816	2966833	1
11109059	11109060	2
9537348	9537347	2
5931303	5931353	1
3658047	3658048	3
5101303	5101611	1
10896307	10896308	1
8129773	8129774	1
10625927	10625930	1
1835938	1835830	2
9530994	9530993	3
1936013	1936014	1
1252792	1252791	1
6281327	6281328	1
1167496	1167505	1
453250	453249	1
1255991	1133629	2
6320161	6319595	1
10352724	10352723	2
1726523	1726526	1
2015409	2004372	2
462625	462898	1
6486113	6486129	1
208307	208308	1
5429343	5514414	3
7132413	2872945	1
10078544	10078543	3
11260910	11260909	1
1352640	1352637	2
12734432	12734431	1
5067441	5067442	1
9579545	9579546	2
4425331	4433760	1
5334758	5334766	1
389412	389416	1
11013142	11013141	1
10966954	10966953	1
4278578	4278577	2
4268637	4268606	1
8661450	8662495	1
3962963	3964870	1
6248034	6248940	2
5202784	5202783	1
11000635	11000636	2
10754812	10754807	4
1559680	1559679	2
10641152	10641149	2
10603484	10602489	1
12694336	12694323	1
2872933	2872941	1
1114758	1114757	1
11529054	11531015	1
1987671	1987692	3
651030	651063	1
5407474	5407471	1
373818	373817	1
3007422	3007421	1
1502678	1502677	1
3806730	3806733	1
2896735	10474282	1
2265538	2323021	1
9679690	9679975	1
11200521	8336143	4
1239975	1239976	1
12302764	12302763	1
10397034	10397031	2
9260010	9260004	2
11459793	11459794	1
12181348	12181347	1
7714937	7714938	2
6487595	6487596	2
6357159	6357160	3
1542126	1542125	1
7746589	7746590	1
5557924	5557921	1
5160340	5161993	2
12040450	12040449	2
10927120	10927119	1
10085831	10085832	2
12124863	12124864	1
11479661	11475179	1
5936800	5939168	1
5295489	5295490	2
11476330	5057414	1
8801489	8801490	2
5661508	5661507	1
7647799	7647652	1
9938800	9938803	1
11103079	11103054	1
3830491	3830492	1
7389211	7389212	1
11119405	11118347	1
3604191	3604192	2
9819477	9819478	1
47065	47068	2
3049166	3049172	1
3868839	3868842	6
9585440	9585439	3
11351195	6773492	1
7444461	7444972	1
933365	933368	1
1008794	1008793	1
9831106	9831105	1
10122995	10122996	1
12024676	12024675	1
1642633	1642634	1
4160577	4160578	1
1694527	1694528	1
3754982	3754981	1
12482257	12476791	1
5242903	5242904	1
8830634	8830633	1
7249663	7248949	1
10190306	1085982	1
9791238	9791237	1
2172130	2172129	2
6605557	6605558	1
9556660	9556664	2
3507339	1890589	2
7806939	7806940	1
3088261	3088104	1
7701714	7701734	1
9541539	9432138	2
10420979	10420989	1
9424938	9423904	1
666534	666531	2
10219405	10219406	1
5801932	5801634	1
5006822	5006821	3
10444724	1584915	1
191905	191877	1
7925301	7925282	1
10524608	10524605	5
4366713	4366714	2
5541805	5541800	4
3631371	3631372	1
6572431	6572432	3
3542949	3542921	1
2642886	2642893	1
6447883	6447884	1
1646844	1646843	4
1346095	1346096	2
979079	979080	3
5589081	10762746	3
2908256	2907961	1
8626786	8626785	2
1797793	1797970	1
4251062	7446245	1
2143396	2143395	1
10286583	10285247	1
3145635	3145636	2
1115409	1115397	2
11278775	11278736	1
10838933	10838934	1
5446379	5446380	5
8426251	8426252	1
8864605	8864606	1
2948712	2948709	1
4604173	4604449	3
4992195	4991545	1
5287097	5287115	1
8535997	8535995	3
6781593	6781594	1
66409	66410	1
10958249	10958252	1
9846556	9846555	1
6976180	6976179	2
5809404	5809403	1
6561947	6561925	1
8984840	8984849	1
193712	192176	1
3067479	3067455	2
12282945	12278048	1
5812503	5812482	1
9255282	9255281	1
1737738	1737737	1
2125692	2125691	1
946967	947338	2
794503	794506	1
2435503	2435504	1
7967988	7967938	1
5828070	5828067	2
11288436	11288433	1
12617063	12617064	1
11991346	11991310	1
4584591	4584592	1
10883265	10883266	4
11995761	11995762	1
9036636	9036673	1
4255063	4255064	1
9616397	9616371	3
11529060	11529059	3
1360407	1360410	1
4313048	4313047	2
6322848	6322847	1
9144788	9144794	1
11632104	11632103	1
7406665	7406663	1
5854637	5854347	1
6101527	6101528	3
4790570	4790569	1
10220060	10220063	1
4468370	4468369	1
982011	982012	1
11170235	11169338	1
3152562	3152561	3
10413348	10414212	1
11082078	11082067	1
12146009	12146012	2
1928862	1928861	1
10808894	10808891	1
11180195	11075343	1
5556803	5556814	1
3798219	3798220	2
6635999	6636028	1
9556310	9556309	2
1368977	1369378	1
3522006	3521987	1
11490987	11490988	1
5289039	5288291	1
1586263	2282867	1
90999	91000	1
