fend1	fend2	count
29528	30225	1
4226294	4223195	1
11565623	11565590	2
766156	766155	3
7120924	7120923	1
4511015	4511016	3
1452303	1452304	1
4585749	4585750	2
1385443	1385446	3
6624669	6624670	2
5848566	5848800	1
1616286	1616293	1
12124545	12124453	1
10375139	10375140	2
9991846	9991845	1
9857522	9857521	4
805666	806410	1
7972226	7892437	1
11749428	11746753	1
8980054	8980232	2
1301523	1301524	1
10338581	10411798	1
11967676	11967675	1
8765764	8765763	1
429980	427097	1
11632045	11631979	1
8993779	8996028	2
5674573	5984928	1
1527505	1527426	1
2788639	2790600	1
2596337	2596338	1
8438298	8438297	1
6044942	6044941	2
11750242	11750239	1
1762777	1762778	1
252113	252114	1
10543418	10543417	3
2322835	2322878	1
7909652	7909651	1
4914707	4916711	1
9725769	9725779	2
2235855	2235933	1
7802887	7802888	1
559096	559093	1
8535883	8535816	1
7119240	7119239	1
9816947	9816948	1
10435929	10436944	1
8561654	8561672	2
6232865	6232866	1
7928194	7928966	1
8560457	8560016	1
10735404	10735403	1
8441507	8441508	1
1663253	1663254	1
5970297	5970233	1
6970452	6970451	2
2585208	2611736	1
10526367	10529381	1
6701666	6701665	2
12543595	12543577	3
3573819	3573820	1
8926775	8926700	1
1328879	1328880	1
8369393	8369394	2
8425412	8425409	1
1259297	1259238	1
8515864	8516491	1
12164351	12164389	1
2549146	2549142	2
3463398	3463397	1
11477580	11477579	1
12781578	12781577	1
7182722	7182721	2
1325737	1332059	1
3528403	3528409	3
5277678	5277681	1
10090779	10090755	1
1272100	1272135	1
7279529	7279530	2
2652217	2652218	1
1491911	1491912	1
7395081	7395082	2
7148698	7304357	1
7831051	7831057	2
729057	729100	1
8787974	8788152	1
2459844	2459736	1
8872472	8872541	1
12664748	12663401	1
333101	333102	3
1690846	1690858	1
440027	440386	1
391455	391456	2
9028027	9032212	1
5503486	5504760	1
4224876	10497768	1
9175188	9175187	3
12693090	12693068	1
7276681	7274589	1
1732326	1732325	2
6066176	5841990	1
1487203	1487204	2
2772176	2738252	1
12562755	12562756	1
9553932	9553931	1
11265700	11382613	3
9431816	9431853	1
2855810	2855809	1
12153240	12152926	2
3306103	3306160	1
5219114	5219122	1
2616204	2473296	1
10437535	10512080	1
12759298	12808732	1
11851828	11851827	1
3981791	3981752	1
12258838	12258837	1
9785962	9785961	1
3809197	3809201	1
952057	952060	2
10301949	10301950	3
9000040	8187158	1
11037613	11037614	1
5585569	5585613	1
754748	754747	1
1294394	1294393	2
8875984	8875983	1
2794446	2799870	1
12811051	12810641	1
7798355	7798293	2
3287933	3287994	1
6243587	6243588	2
122844	118361	1
3826706	3826705	2
3011866	3011880	1
9572423	9570731	1
1734037	1729473	1
289911	289971	3
817149	817162	1
11742261	11742269	1
7352069	7358435	1
2734473	2734474	1
3246662	3247550	1
2436744	2436743	4
5767341	5768072	1
6115739	6115740	1
4367229	4367230	1
2751955	2751956	1
11170904	11170982	1
1975616	1975615	1
734736	734735	1
2233925	2233926	1
6811686	6811685	1
6917089	6917090	1
3412787	3427745	2
10245246	10244648	1
6775062	6775061	1
11357432	11357547	1
8153971	8153972	3
6454309	6454320	1
8565197	8565198	2
11085314	11085313	1
8420536	8420535	2
2418172	1945987	1
2754512	2751128	2
8918216	8918219	1
8278192	8277931	2
1222352	1222351	1
6266310	6248435	1
8166295	8169898	1
4086277	4086278	2
10309104	10309048	2
4081964	5089047	1
8548525	8548526	1
9345954	9345818	1
1834101	1834397	1
6392583	6392579	1
7638278	932951	1
10677960	10677959	1
9076197	9075695	1
8095494	8095505	2
1608965	1608966	1
11728425	11728426	1
4068802	4086485	1
54977	54980	3
6131425	4546438	1
2210760	11619010	1
4280644	4292287	1
1588247	1588285	1
11330740	11331136	1
371026	369255	2
4255520	4255519	2
11957933	11957934	1
12625738	12625737	1
766373	766374	1
2176776	2176775	1
1919303	1919304	1
7916745	7915449	1
4174096	4174095	1
7105245	7102584	2
2754553	2754554	1
7147132	7147131	1
3236015	3236016	3
3380451	3380386	1
549611	194083	1
1764206	1763232	1
1597503	1595870	1
11963064	11963063	3
7752492	7752452	1
2490236	2490235	1
2426788	2426804	1
5600646	5600645	2
1514140	1317869	2
3332212	3332885	1
2405014	1060730	1
225725	227502	1
11432364	11605597	1
5996227	4611946	1
12398614	12398613	2
10266864	10266252	1
10099504	10099452	1
2989365	2989322	1
4576691	4576692	1
4734739	4734740	1
5803783	5803795	1
1921800	5442315	1
3389919	3389920	1
941401	941399	1
198065	197616	2
8228844	8228843	1
8213918	8213917	2
9647621	9697430	1
4576693	4576694	1
3701622	3701621	1
3572275	3572075	1
4517879	4517883	1
8156953	8156954	1
5637052	5637051	1
11771949	2775011	1
9560914	9690814	1
10650279	10650280	1
7158798	7158797	1
10567486	10567485	1
11528787	11528802	1
10187632	10187641	1
1179010	1172197	1
1535720	1535713	1
3997469	3997470	1
39352	41419	1
9843105	9843921	1
1920163	12446628	1
12785451	12785452	1
6133128	6133215	1
12316544	12316540	1
7046887	7046888	1
10435927	10435928	2
10182753	10183215	1
6675439	6606127	1
8580396	8580395	1
3491571	3491572	1
11889474	11889490	1
7867031	7867032	1
2421755	2421741	1
7831568	7831565	1
6051590	6051400	1
12476356	12476366	1
12042404	12042246	1
6203496	6049669	1
2795194	2795396	1
10594393	10594394	2
12420917	12562754	1
5113092	5112166	1
8872400	8872399	2
3281195	3281462	1
9706414	9706413	1
4789771	4791804	1
8248912	8248918	1
1146381	1146382	1
6164529	6164530	2
8407985	8407986	1
5970230	5970229	1
1956243	1956246	1
2564746	2564745	1
4742874	4745662	2
1515894	1515893	1
3906348	3906345	1
4239623	4251846	1
8073094	8072766	1
1096066	1096065	1
11011160	11016224	2
1865841	1865842	1
1080199	11929173	1
4255518	4255515	2
2579515	2579516	1
12809895	12809896	1
7548435	7548436	3
10213397	10213404	1
5454589	5454590	1
6869525	2848849	1
3288039	3288040	1
11648865	11648866	3
1734873	1316830	1
3466542	3466539	1
6995333	6980665	1
8543814	8543813	2
3991180	3990909	1
5950855	5950856	1
701458	701457	1
3982594	3982593	1
8580406	8580405	1
9005542	9005525	1
1680136	1680135	1
11351248	11351247	1
2579132	2579131	4
4679008	4679101	2
4606664	5998132	1
7106868	7106908	1
7399706	7399705	1
7628498	7628497	1
3494392	3495854	1
7190735	7190442	2
7701899	7701803	1
4170352	4170351	1
4804187	4798610	1
12724919	12800900	1
5960791	5960792	1
10374632	10374650	1
3983680	3737681	1
8265919	8265922	1
10394135	10394312	1
1419893	1419922	1
8469425	9805330	1
11129097	11129101	1
1887637	1887524	2
7171351	7309414	2
10800929	10799297	1
10464035	10464041	1
1621395	1621396	1
9984446	9984476	1
1419859	1419923	1
6395077	6395078	1
8714190	12326940	3
2781774	3010691	1
5577851	5577888	1
5306511	5306512	1
11402074	11401347	1
6408618	6462580	1
6210350	6210347	1
11071415	11071186	1
3193777	3193778	1
9346397	9346398	1
8561654	8561653	1
7548175	7548176	1
4408846	4408845	2
2290950	2290674	2
7354419	766372	1
4589022	4852697	1
10214748	10214745	3
8108885	8108716	1
1897904	1897903	2
6239834	6239845	2
7984103	7986098	1
2224260	2098109	1
7630324	7630321	2
2576486	2576482	1
9622740	9622737	1
1757627	1757625	2
3087952	3087951	2
1983999	1984007	1
1483569	1483570	1
5677823	5680916	1
12662128	12662142	1
9913236	9913235	1
5502542	5502541	1
1510357	1510360	1
5070812	5070811	1
3148376	3148373	1
11760356	11761946	1
8968713	8968714	1
1539306	1541698	2
6861845	6861846	1
1501361	1445332	2
8347190	8347187	2
4446793	4469305	1
8495147	8495141	1
2226929	2226930	1
6535258	6535285	1
1617804	1617803	1
4638952	4638951	1
9429565	9429566	1
2787170	2794941	1
10592732	10592727	1
7542142	7542104	1
6116748	6117657	1
846464	846206	1
7870836	7870835	1
1292601	1292602	1
9363582	9363581	1
9746017	9725541	1
1587859	1587860	1
9190443	9190444	1
11050461	11050462	1
12269897	12269898	1
10908414	10908335	2
7528366	7513169	1
8872540	8872537	1
1272134	1272133	1
10480804	10480803	2
853509	853729	1
3294488	3302375	1
7811739	7811740	1
4517879	4517881	2
5644376	5644371	1
1550710	1550720	1
3320500	3320499	1
936253	936254	1
9353329	9353330	1
4254671	4254672	1
10401502	10401034	1
11522419	11522422	2
2788750	2788749	2
11004978	11004977	1
11831454	11831426	1
793226	792085	1
4857351	4857352	3
10154651	10154672	2
10877335	10877336	1
10681983	10681990	1
575683	575684	1
2874153	2874154	1
7560461	7560327	1
1261614	1261611	2
1418218	1418131	1
12745521	12745522	1
340701	340702	2
12688256	12679999	1
2418170	1945987	1
5982867	5982890	1
2405740	2405615	1
7819717	7819718	1
6311294	6311878	1
12806997	12806998	1
11577033	11578039	1
8406500	8408296	1
8075861	8087593	1
10181918	10181917	1
6593625	6593359	1
8969692	8969691	2
8217676	8216704	1
5237964	5238386	2
6131932	6131957	1
2855575	2855576	1
11548370	7920210	1
2644472	2644469	1
2518863	9954895	1
4389008	4390569	1
8434400	8428079	2
534428	521380	1
11104025	11104026	1
1353502	1353505	1
2603636	2603671	1
3646473	3646250	2
10099266	10099280	1
4947886	5186620	1
10763567	10763182	1
3052787	3052788	2
1129064	1129050	1
2350559	2351457	1
4177640	4164974	1
8046633	8046599	1
4985971	4985972	1
6018701	6013927	1
3632054	3632053	1
9175188	9175185	1
11961759	11961760	1
1096062	1095929	1
3068143	3059370	1
2903398	2906334	1
8272378	8526895	1
3699176	3699169	1
6126356	6126355	1
10883244	10883239	2
9622831	9622673	2
10983200	10983212	1
248098	248095	1
674213	674214	1
7270179	7270180	1
8404887	8404757	1
4135782	4137792	1
1154790	1154654	1
5969174	5970487	2
1584002	1584001	1
3152742	3152728	1
11514282	11514281	1
9925636	9925635	2
674215	674216	1
8152403	8152404	1
286626	286625	2
501603	6357828	1
2779260	2779854	1
12519311	12519312	1
1972109	1971977	1
10421291	10421292	1
11300466	7628499	1
8968047	8969262	1
7542679	7542852	1
4834406	4834405	1
12165822	12180989	1
6288205	6287978	1
4626277	4626278	1
4783516	4783515	1
6624671	6624959	2
6221526	6221553	1
1855869	1859152	2
7452983	7452984	1
10332245	10332256	2
5058468	5058465	1
8544654	8544653	3
9767015	9766895	1
8364635	4510179	1
8606392	8606395	1
4189207	4189208	1
2235853	2235854	1
6534787	6534273	1
4783187	4784032	1
8977016	8983604	2
6633734	6633733	2
10031351	10031800	2
3045129	3045130	1
10142257	10142258	1
10909184	10910239	1
1487201	1487204	1
5584174	5584173	2
11389895	11389896	1
7455192	7455839	1
1299339	1298467	1
8455466	3942422	1
8219316	8219315	1
4697190	4697187	1
12131262	12131188	1
883506	7115003	1
3937444	3937443	1
7153225	7153226	2
5949699	5949700	1
120741	120742	1
248098	248097	1
4745663	4745664	2
5855304	5855307	1
839229	9724918	2
4113883	4113924	1
2948971	2945061	1
3723487	3727166	2
4457617	4399732	1
10764477	10764351	1
5184575	5184578	1
7622519	7626653	1
1510216	1510059	1
7886859	7889270	1
9078913	9078914	1
2365173	2350605	1
745277	745280	1
10316588	10316545	3
7971462	7971461	1
2448893	2449481	1
7456992	7456991	1
8263253	8265922	1
4264080	4264077	1
3320500	3320508	1
2887103	2887104	2
6615469	6618369	1
950658	950657	2
5502337	5480361	1
11317818	11317815	1
362315	481343	1
8046167	9447511	1
4324955	4319157	2
7626137	7626138	1
1772006	1111556	1
4742876	4742875	2
5011345	5011346	3
7622517	7622518	1
6244234	6242962	1
1726799	1726800	1
5940684	5940683	1
2569691	2569692	2
636801	636804	1
12689727	12689728	1
2562182	2562181	1
10482412	10481670	1
5698652	5698888	1
5795153	5795156	1
2664203	2664204	1
8399039	8399016	1
12771867	12781579	1
8384365	8384366	1
11140912	11140911	1
11637074	11533538	1
7355889	7355890	1
1989098	1989039	1
5912770	5637180	1
9175182	9175181	2
2213510	2213587	2
4202200	4202192	2
5957134	5957131	1
3833537	3833515	1
8263539	8258873	1
6366587	6366532	2
12227123	12230033	1
8258183	8258184	1
2128360	10182191	1
6970450	6970449	1
10683094	10691818	2
3801030	3802887	2
11406804	7752558	1
174372	174371	1
12719325	12719349	1
6667993	6081103	1
7290906	5698056	1
7455971	7455058	2
949917	949918	1
11280520	11419958	1
988855	988856	1
6421515	6421516	1
2734711	2734712	1
3318461	3318462	1
2440780	2440777	2
6102626	6102625	2
2306612	2299609	1
12601226	12601225	1
2082958	2082957	1
7789665	7789666	1
1177476	1144231	1
1009418	11286278	3
2752610	2752609	1
7704393	7704394	1
8254301	8257727	1
1527503	1527504	1
3060991	3060987	1
10103819	10103820	2
10827193	10827194	1
10452356	6395076	1
9968860	9968859	1
1489278	1489277	1
8170573	6138570	1
1489276	1489275	1
6686335	6686358	1
8896645	8896646	1
7761336	7758974	2
4510178	4510177	1
3316376	3316447	1
8177078	8177077	2
168017	168018	2
6685165	6685265	1
281128	280957	2
7651926	1312961	1
4795608	4795275	2
682457	682460	1
9825289	9825290	2
2049744	2049869	1
11695876	11695875	1
8307295	8307872	2
1298468	1298467	1
9639513	9639507	1
3742101	3742104	1
6548079	6548080	1
10545324	10548255	1
11793623	11793632	1
10575594	10575622	1
440393	440394	1
8411064	8411063	1
4304604	4304266	1
998547	998548	1
105037	105038	1
125524	125628	1
6421517	178831	1
7927913	7927919	1
333101	314070	1
821616	821613	2
8242838	8463956	1
380474	380471	1
9299524	9299521	1
12225403	12225404	1
7760276	7760312	1
5496575	5798220	2
6730191	6730193	1
9879463	9879454	1
4955051	4955052	1
1657269	1657274	1
3217835	3216324	2
11464296	11575250	1
2787521	2787522	2
10927179	10927261	1
10120762	10120761	1
306809	306810	1
6705846	6705845	2
4324734	10615096	1
9363584	9363581	1
4196201	4196273	1
5446418	5446438	1
2729295	2729310	1
36961	36975	1
289766	291083	1
5957126	5957282	1
2505346	2505449	2
6219794	6219847	2
3475175	3475098	1
11562803	11562804	1
2840785	2840786	2
2505448	2505447	2
7511649	7511650	2
8417124	8433577	1
4571322	4571243	1
10375135	10375136	4
9432737	843741	1
12238037	11959427	1
12155484	12153466	1
4707603	4707597	1
1485302	1485306	1
1742095	1739948	1
5018548	5018574	2
2561995	2561996	1
2611304	2611303	2
3077914	3077530	1
1865837	1865840	1
9639531	9704263	1
207299	207661	1
4284625	12771420	1
11851830	11851829	2
4167049	10064692	1
11465025	11465026	1
2405012	1060730	1
3454036	3463399	1
4652744	4652743	2
9925634	9925627	2
2941946	2941857	1
876293	876303	1
6056689	6092799	1
11433577	11433578	1
3101521	3101338	1
7429787	7429788	1
4389010	4389009	2
12798577	12797411	1
12762036	12761973	1
3164476	3164475	1
10369749	10369190	1
342728	342727	1
4400063	4400057	1
11493890	11493905	1
890101	420746	1
8600474	8564667	1
3763024	3780888	1
11352690	11352642	1
12796380	12796379	1
862138	862137	1
1796699	1787784	2
9194743	9174023	1
5958912	5958911	2
1680647	1680186	1
9037577	9037578	1
4251847	4251848	2
1518634	1517708	1
7998500	7998568	1
11636940	11636939	1
2319086	2319081	1
8765848	8765851	1
10435927	10436944	1
4707798	4708073	1
8219314	8219313	1
3149182	3149181	1
1920454	1920453	2
2791764	2791763	1
9229806	9621301	2
1586976	1586975	1
10342173	2160527	1
3662535	3662536	1
9617730	9617729	1
7340298	7340271	1
11431582	11431675	1
8478559	8478560	1
12235436	12235403	1
12635188	12634863	1
537111	526026	1
7172807	7172803	1
9062885	9062886	1
1234410	1234409	1
7506899	7507233	1
5429536	5437682	1
6054944	6691302	1
3524405	3524406	1
1506354	1506373	1
150864	150863	1
2602088	2602087	1
4261073	4261058	2
5339537	5339538	1
10153958	10153957	1
2990854	2990836	1
7244460	7244353	1
3208240	3208239	2
12766064	10194731	1
7820024	7820032	1
12153858	12152371	1
11456194	11456200	1
7372351	7372110	1
6315923	6317680	1
7894253	7894254	1
10261123	10261239	1
8248539	8248542	1
4501095	4501096	2
8543812	8543811	2
11300466	7628497	2
9254905	9536433	1
1515833	1515834	1
7573754	7574630	1
1261193	1261194	3
2582281	2585167	1
1877396	1877395	1
7804023	7804016	2
2511703	2507373	2
7591557	7591564	2
12006745	12006746	1
4366866	4366865	1
12663098	12660664	3
6820148	6820145	1
2815712	2815757	1
12196927	12197132	4
567789	574632	1
12559424	12542516	1
7314648	7314647	1
5293651	5293652	1
312695	306810	1
10346795	10346767	1
3289620	3286286	1
11211846	11211845	3
4154225	4154254	1
12610801	12610807	1
3035882	3035881	1
3456775	2034073	1
9375768	9375767	1
2453159	2453160	2
9275335	9275336	1
6686699	6791325	3
9119584	9119583	1
10647364	10647320	1
11838312	11838311	1
2604366	2604365	1
10400296	10400295	1
6186854	6186853	3
24857	25956	1
5747591	5747594	1
12250906	12250920	1
8946096	8946095	1
509721	509709	2
10203520	10203519	2
12670663	12458323	1
10924564	10924563	2
7907707	7907708	2
5353081	5353072	1
3570021	3566123	2
806315	9801303	2
3325604	3326363	2
5539908	10735405	1
7971464	7971463	1
5554383	5554384	1
12038259	12038557	1
8691489	8691492	1
7024367	7024368	1
4539429	4539430	1
8365349	8365368	2
2939166	2939165	1
1587477	1587478	1
289496	291697	1
405603	405604	1
2852794	2852793	1
12765200	12765199	1
4143414	4143413	2
10172911	10172711	1
2107807	2091400	1
3992253	3992254	2
8402390	8402386	1
8404881	8404886	1
1482275	1482276	1
332786	331403	1
2490782	2490779	1
4092040	4092037	1
250133	250134	2
321159	321160	1
7704395	7704432	3
68247	68248	1
11780012	11780011	2
3341158	3341110	2
4047600	4047289	1
2237252	2248829	1
10063894	10063893	1
8664041	8664042	1
11178045	11178046	1
6522144	6522143	2
8363477	8363947	2
178588	178587	1
8441850	8441868	1
2828191	2825913	2
8046598	8046597	1
7667785	7667786	3
9511607	9511608	1
5785563	5785557	1
2830592	2830591	2
9051820	9051727	1
842342	842341	1
10433120	10433119	1
9364671	9364672	1
2734713	2734714	1
3903120	3903224	1
11135418	11135387	1
12193296	12193295	1
2513235	2527889	2
2752612	2752611	1
1895758	1891348	1
2505825	2505828	1
1793818	1793361	1
8723975	8723548	1
11745709	11741168	1
4359545	4359546	2
7986977	7986984	1
4055216	4055213	1
10123131	9916582	1
5899425	5900282	1
9194743	9174025	1
2278078	2278075	1
1197416	1197413	1
11008984	11008983	1
6591753	6591754	1
10983257	10983258	2
9363300	9363299	1
10650277	10650278	1
8086399	8086400	2
1579414	1579413	1
5518179	5430173	1
2663555	2664748	2
11869239	11869240	1
9794086	9794085	1
11901766	11892092	1
5630173	7432013	1
344786	344785	1
2791171	2791172	1
573225	573286	1
1563090	1567451	1
3267386	3267385	1
10178812	10163518	1
719932	719927	1
11539561	11542646	1
11515783	11507359	1
9826913	9810746	1
963989	963992	1
4810572	4810557	2
8515864	8515863	1
7911723	7911724	1
5537103	5537104	1
6041839	6041840	1
9855533	9855534	1
10213405	10213406	2
11590228	11590118	1
5601478	5601114	2
2105991	2106068	1
8164534	8618173	1
6362621	6362811	1
2727968	2727985	2
3662108	3660054	1
3794235	3794232	3
11636944	11636943	1
8519263	8519264	1
2436746	2436745	5
5656022	5656020	1
1795141	1795142	1
704262	809346	1
2418172	2418171	1
11212186	11212153	1
8798005	8798006	1
7132068	7132081	1
11056152	11056149	1
7182720	7182719	1
12696448	12696447	2
10216081	10215281	1
2685111	2691281	1
4918172	4917398	1
10728156	10728177	1
8691489	9045474	1
9324826	9324824	1
4545337	4545338	2
10153676	10153673	1
9771219	9771222	1
11458110	11458109	1
4343839	4343840	2
860278	860275	1
3491192	3491185	1
10383675	10383705	1
8540776	8540819	1
951176	950659	2
11535165	11535166	1
342730	342727	1
1577943	1577944	1
10403619	6523618	1
3494704	3494418	1
7446405	7446469	1
8425420	8425396	1
7234522	7140148	1
4650853	4650854	1
3267384	3267383	1
2607504	2607503	2
380470	380469	5
10055721	10055722	1
11192972	11193027	1
6159236	6159228	1
8955047	8955019	1
9636061	9709188	1
1763233	1763234	1
11037615	11037572	1
7976162	4000571	1
2982848	2982822	3
4434685	4434688	1
4182610	4182609	2
3749921	3749922	1
1413	1414	1
9693172	9693273	1
332469	332470	2
3822342	3822341	1
6899916	10687066	1
8007177	8007178	2
8060355	8060394	2
12034246	12157824	2
1897902	1897901	1
10983256	10983253	1
11384383	11384376	1
1449819	1449894	2
5585565	5585566	2
8545768	8545767	1
9705393	9705394	1
9447013	9447090	1
5205315	5205316	1
6656993	6656994	1
9424050	9424049	1
7145734	7145693	2
9188246	9193460	1
5541106	5541105	1
1554522	1554521	1
4086861	4086862	1
252113	252116	1
9518740	9518739	2
6846506	6846505	2
12042402	12042246	1
3727868	3727940	1
1591955	1591956	1
1226341	1226348	1
8496907	8494755	1
4488451	4488423	1
9751400	9750242	1
8017781	8017757	1
7821208	7821207	1
11793918	2356094	1
1738006	1580643	1
4429810	4429795	1
4093981	5580362	1
2910031	2909871	3
7446471	7446472	1
5486502	5488204	1
2652193	2652194	1
11619013	11619014	1
10282907	10282908	1
3362073	3359758	1
6942995	6942996	1
10744335	10744018	1
7805610	7805457	1
10398475	10398476	1
9341	150865	1
7882696	7882695	2
6827784	6827783	3
5144095	5144096	1
3320498	3320508	1
8031522	8031521	1
2282176	2282194	2
7990182	7990181	1
4075562	4075561	1
4527552	4527578	1
7452985	7452986	1
12351956	12351955	1
6767811	6767812	1
2788639	2788642	1
8487670	8487702	1
1837418	1837417	1
1305263	1304452	1
11139685	11139688	1
6657503	6661357	1
10001948	10001947	1
675223	675226	1
3353279	3353293	1
5047743	5047744	1
7614419	7614506	1
4735105	4732974	1
10483234	10483233	1
2507976	2516337	1
12353360	12353352	1
12494288	12761806	2
4511829	4633489	1
10672297	10672298	1
6736688	6736687	2
8618267	8617333	1
6435272	6435635	2
7812085	7812257	2
6618872	6618871	2
6832332	6832331	1
8963480	8963184	2
12541442	12541441	1
10885418	7455708	1
2793524	2793523	1
10340794	10341131	1
10483232	10483231	1
11664587	11665091	1
987278	987277	3
2793526	2793525	1
9436105	9436106	2
4196199	4196273	1
3426315	3426441	1
6755291	6755280	1
11374915	11374916	1
1418130	1417689	1
7004401	7004402	1
10672384	7920421	1
6820148	6820147	1
6331419	6331420	1
657014	656837	1
5585567	5585568	1
9447510	9447509	1
4305594	4299354	1
168789	168803	1
11515101	11515102	1
6608002	6608026	1
1450285	1450286	1
3885895	3887613	1
1003989	1003990	1
8009087	8009090	2
799240	799239	1
6902322	6902321	1
6498375	7000447	1
1096064	1096063	1
5832232	5832231	1
11100579	11100670	1
1117101	1117107	2
5841840	5841835	1
7149692	7149691	2
7418651	956931	1
5349708	5350009	3
12038259	10169607	1
2394112	2394111	1
8338270	8340035	1
4202202	4202201	2
8566989	8566939	1
10490316	10490313	1
11682917	11682922	2
754146	754165	1
5240275	5271337	1
1555913	1555914	3
6934611	6934612	1
8286237	8286281	1
7994422	7994296	3
11178047	11176698	1
7383258	7383257	3
3942882	4063918	1
4171729	4169469	1
4002488	3886488	1
11903957	11903332	1
12539697	12553193	1
1897900	1897899	1
2239498	2240648	1
1581094	1581129	1
7367144	7361348	1
7821206	7821205	1
11187237	11187238	1
675192	675176	1
1089094	1089091	1
2873431	2873434	1
5619667	5619436	1
9947788	9947787	1
4123153	4123155	2
5478030	5478252	1
1898088	1898149	2
6219838	6220088	1
341744	343945	2
6004016	6030727	1
2793832	2793831	1
419527	438019	1
2119862	2119859	1
6718039	602727	1
4340978	4340975	1
10506758	10758612	1
6180457	6180460	1
9014967	9034907	1
5776790	5776675	1
5526426	5526837	1
1251159	1251100	1
362297	362298	1
1796699	1787782	1
5060308	5060262	2
5453873	5275132	1
8455811	8455974	1
10728156	10728175	3
11394927	11394916	1
8072	8077	1
9254901	9254904	1
34335	34338	1
6464780	6650409	1
3744636	3744635	1
179135	179136	2
10866207	10866208	1
12719199	12720463	1
7622517	7622520	1
2505446	2505445	3
1995172	1995171	1
7622521	7626653	1
7366935	7368171	1
1844567	1940771	1
10900819	10900820	1
5552870	5552869	1
3288002	3288065	1
4904054	4904053	1
11374917	11374918	1
6272049	6272050	1
3089354	3089351	1
9556003	9556004	1
7277755	7276915	1
1478238	1477153	1
3231167	3231168	1
172045	172046	2
11588268	11588267	2
85803	85893	1
6500065	6500066	1
81978	81723	1
10204874	10203521	1
5871721	5871724	1
12533937	12533768	1
8380334	8380331	1
4093030	4093100	1
10526365	10526366	1
1690770	1690769	3
1360653	1445588	1
5966315	5966316	1
10901986	10903408	1
3367380	7335123	1
2312100	2312055	1
4015926	4015345	2
6705844	6705316	1
7778105	7778048	2
4518362	4520749	1
12180473	3047005	1
303751	6643485	1
2637993	2637994	2
2349679	2349680	2
7489481	7489482	1
7405309	7405323	2
2788643	2790600	1
3354305	3354329	2
8077535	8077536	1
9866604	9866597	1
10332243	10332244	2
4560845	4554330	1
8652886	8652885	1
5950806	5950805	1
4685693	4685754	1
6095596	6095589	1
6952722	6952659	2
9324021	9324039	1
1299339	1298469	1
598059	598060	1
11408475	11411475	1
885780	7003232	1
6744037	6744045	1
8495279	8495263	2
8641701	8641702	1
7381130	7381138	1
12190480	12190483	1
1883158	1883157	1
1415177	1442219	1
3717341	3707576	1
10013679	10013680	1
11569420	11569437	1
5996909	5999304	1
3288002	3288063	1
2399171	2399172	1
6703796	6813914	2
10200453	10200454	1
7565062	7565061	1
8320251	8319946	1
2334808	2334807	1
10133468	10133467	3
4575031	4575032	1
7368510	7368458	1
2440776	2440775	2
9524256	9524261	2
6872746	6870575	1
256001	258225	1
11280929	11281311	1
6755279	6755280	1
10841512	10841503	2
2735185	2735175	1
11969035	8666891	1
7341437	7341438	1
11136102	5447372	1
2203236	2203239	1
75202	75845	1
3352492	657321	1
3821187	3821049	1
5484506	5486621	1
3013928	3008996	1
7446364	7446363	1
9983665	9983666	1
11868334	11868285	1
8009002	8010808	1
10556296	10568810	1
3052789	3052913	1
1261997	1256559	2
7361230	7361229	1
5915171	5915190	2
8101687	8101859	2
9991844	9835969	1
10904894	10904878	1
7456220	7456219	1
8495806	8495832	1
6961826	6961825	1
12120178	12120225	1
10990473	10990474	1
9052553	8741366	1
11569422	11569421	2
794521	794522	2
5564789	5564832	1
5533993	5533966	1
2825912	2828195	2
10612082	10612081	1
3206162	3206121	1
2124180	2124177	1
6720923	6720924	1
10514812	10513653	1
10624053	10624096	1
6138108	6136675	1
5552874	5552871	1
2575852	2575849	1
380472	380471	3
7405322	7405327	2
12512413	12512414	1
8649804	12311635	2
783320	6702576	1
3449669	3450584	1
1490994	1487200	3
5761157	6207470	1
5822360	5822065	5
2160082	10408572	1
2708028	2708027	1
7984706	7984705	1
12689729	12692376	1
8579876	8579875	2
11599438	11599328	1
9416266	9415927	1
7473660	7473659	1
6163155	6168374	1
7846631	7846632	1
12497859	12497860	1
7381075	7381076	1
8480851	8480852	1
8824814	8824213	1
4746382	4746379	2
3593299	3593287	2
7689502	7689501	1
986925	986929	1
10124640	10124639	1
5379279	6902323	1
8403359	8404128	1
34479	34508	1
4804185	4798610	1
8441245	8441884	1
1696552	1696551	2
7357276	7357275	1
5512135	5512337	1
7746685	7746686	1
2999634	2752943	1
2160666	2160663	2
5227011	5193264	1
2586012	2586933	1
7579131	7579125	1
10700495	10700541	2
7738000	7738345	1
7068750	7068749	2
7489479	7489480	1
2119935	2119863	2
4661604	4661603	2
5625019	5625022	1
2999884	2999883	1
2393899	2399412	1
3702632	3702925	1
3633370	3633031	1
3130397	3130398	1
11544434	11706803	1
2267384	2267088	2
3561268	3563593	2
2996097	2996098	1
10877377	10877320	2
6163153	6163154	1
4333028	4333003	1
7624560	7624596	1
3973053	3973081	1
6186850	6186629	1
6063818	6063817	1
9524258	9524261	2
4615072	4615067	1
11286279	11286280	1
2298987	2299051	1
9681327	9681300	2
6081104	6081103	2
6024127	6024128	1
2724212	2978009	1
6979791	7307200	1
2532659	2532660	1
2652215	2652216	1
3144369	3144370	1
9175186	9175185	3
6361035	6361028	3
7909648	7909684	3
253988	249578	1
9315955	9315921	1
9480912	9480911	2
12157114	12157380	1
8380332	8380331	1
3249802	3249448	2
8322880	8323199	1
8581937	8581938	1
4368697	4366867	1
10151076	10271344	1
8411066	8411065	1
5867179	5872223	1
2342259	2342260	1
871711	871382	1
2168542	2163561	1
5955611	5957135	1
3110436	3110445	2
3060615	3060616	2
12635186	12634863	1
1788496	1786204	1
2908790	2908789	1
11739613	11750036	1
3000152	2994452	1
5914189	5914190	1
8653116	8652478	1
12462745	12462746	2
658939	658921	1
6965268	6965267	1
3566491	3566492	1
2067976	2067975	1
8258864	8258840	3
8238947	8506549	1
7314665	7314666	1
6464356	6464346	1
7915318	7915421	1
1489278	1489275	1
11784341	11784342	1
6410911	6410981	1
2700867	2708026	1
8438187	8438188	1
480629	480630	2
6553064	6552202	1
7694933	7694934	2
2137825	2137826	3
7241943	7241164	1
1109716	1109531	1
1522414	1519784	1
7414404	7414458	1
8540791	8540779	1
4295133	4269512	2
1482277	1482278	1
5955674	5955673	2
1661347	1661333	1
6485397	6485398	1
1044015	1016535	1
7988555	7991663	1
3751476	3749209	1
3198421	3198424	2
9345819	8710417	1
8574427	8573934	1
1121717	1122372	1
153646	153627	1
9034797	9010846	1
11428735	11428736	1
7453305	7697993	1
6166955	6166956	1
4081512	5088168	1
11283911	11289952	1
2794100	2794077	1
12042390	12043181	1
4860457	4991097	1
8000978	8000977	1
3687900	3687899	1
10885418	7455706	1
10916830	10916827	2
1795139	1795142	1
8238945	8238946	1
3357027	3357028	1
2465827	2465828	1
2703172	2703169	1
10718961	10718962	1
11966382	11966381	1
7429785	7429786	2
12689727	12692376	1
457563	457564	1
1548168	1548165	4
9966327	2685370	1
9175171	9175172	1
2738557	2777262	1
9622672	9622671	2
7341433	7341436	1
8958207	8958208	2
5184556	5184574	2
4739688	4739685	1
10210311	10210391	1
9592123	9590583	2
1578167	1578391	1
5943227	5943228	1
6494341	654226	1
12004614	12004613	1
95277	95240	1
3528408	3528342	2
3081622	3081407	1
5878723	5853952	1
10449966	10450033	1
3209491	3209492	1
7237068	7237065	1
1412542	1412539	1
9175184	9175183	3
12225405	12225406	1
11067383	11067384	2
9518622	9518741	4
5805726	5805723	1
12739973	12739724	1
7242149	7242128	1
8691489	8691490	1
4699578	4699577	1
8531161	8531166	1
6590148	12800910	1
4628615	4616088	1
6772997	6772998	2
122844	118359	1
9271847	9271848	1
10566464	10567487	1
8093537	8093555	1
7811743	10688065	1
1587448	1587453	1
9732295	9732288	1
9494112	3311687	2
8049339	8049340	1
5440339	5439893	1
9284529	9285510	1
6352291	6352292	1
8445662	8445710	1
5272184	5272183	1
1658206	1658205	1
3385557	3385183	1
5741375	5741376	1
7271096	7271946	1
6477937	5554598	1
7148267	7148268	2
10991932	10992177	1
2512390	2512389	1
8404623	7724765	2
3698369	3698192	1
1636220	1646328	1
12395516	12395515	1
6430424	6430409	1
10316544	10316539	1
1518636	1518635	1
3884400	3884403	1
565152	565156	1
5871020	5914036	1
6820146	6820145	2
7446309	7446310	1
4185290	4185289	1
4553464	4553463	1
5457465	5462334	2
7437062	7437061	2
1947893	1947894	2
369378	369377	1
12157146	12026366	3
9265420	9265419	1
9732674	9732719	1
4083082	4083058	1
4550385	4434684	1
12529502	12529501	1
3283677	3283678	1
1566366	1566365	1
10798261	10769523	1
10345355	10345356	1
4547041	4546565	1
11382612	11382611	2
2124394	2124393	1
6524612	6524565	1
8605319	8605372	2
8260006	8260003	1
9971302	9971438	1
4016184	4017627	1
575685	575686	1
159898	159932	1
3156126	3156117	1
12563464	12565464	1
6737733	6685264	2
10700489	10700490	1
7804021	7804022	5
3770818	3772893	1
1784584	1784581	2
1837416	1837413	1
1827507	1823954	2
7825985	7825986	1
6300852	6300851	1
12674052	12674067	1
6225181	6225182	1
4796897	4828843	1
6358291	6362899	1
8849517	8832524	1
3040608	3040526	1
8300661	8300662	1
11179525	11179686	1
1294310	1294395	3
5768074	5768073	3
6721707	6721673	1
7944021	7931691	1
6299444	6299430	1
6876666	6899003	2
10709937	10707763	1
6100043	6100705	1
7599120	7599259	1
8975781	7820360	1
11700283	11701152	1
6164445	6164446	1
6245082	6245059	1
375130	375129	1
9092989	9093024	1
6100041	6100042	1
7456998	7456995	1
6170230	6170229	1
9804135	9795363	1
9383021	9383185	1
10316544	10316541	2
376929	377183	1
1933862	2183462	1
341569	341645	1
9915160	9915159	1
7335452	7335490	1
5756165	5756166	1
6914848	6950798	1
2600291	2600292	1
10339915	10339906	1
1554776	1554775	1
935085	935494	1
5055573	5055574	1
9253288	9253295	1
8842945	8842946	1
4808000	4807660	2
1046790	1039711	1
425944	425941	1
6020878	6020877	1
5771522	5771130	1
12425025	12423521	1
3695303	10892182	2
6100041	6100705	1
3260319	3260320	1
9440036	9437042	2
4571242	4571241	1
9175199	9175200	1
1850155	1855139	1
11845193	11845194	1
6044940	6044939	2
7000411	6498203	1
940704	940557	2
6685263	6685264	2
10566464	10567485	3
6363338	6363337	1
3421014	3423931	1
8101852	8101860	2
8228023	8228024	1
785256	785361	1
4521898	4309500	1
8628854	8628850	1
10093987	10093988	1
6323144	6632649	3
7738000	7738347	1
10104371	10104189	1
4574591	4574568	2
731043	731048	1
4606236	4416664	1
1249757	1249758	1
4488254	4482392	1
8235608	8235607	1
8711743	8711744	1
3918269	3918270	1
4228518	4228517	1
7155098	7155097	1
1690772	1690771	2
5214257	5221097	1
3448971	3508843	2
2788264	2788263	1
3566493	3566406	1
10601953	10601954	1
3906356	3906355	2
8926775	8926698	2
12149637	12148008	1
8212827	8212828	1
1193761	1193403	1
676376	676373	1
4867796	4867786	1
4258292	4802661	1
3742332	3742310	1
7496277	7496278	1
8102872	8102871	2
6186852	6186629	1
8244956	8251984	1
4661602	4661601	2
8069146	8069145	1
2774867	2774870	1
1994386	1994383	1
3299727	3299728	1
4318077	4740896	2
1286847	1286848	2
6272047	6272048	1
1398415	1398416	1
4639570	4648779	2
6039959	6039960	1
73192	74019	1
7939524	7939447	1
6820860	6820859	1
10657975	10647570	1
2263245	2263246	2
3632100	3632053	1
2695303	2695967	1
1391120	1390822	1
5623876	5623870	1
10896594	10896593	2
1841450	1841339	1
6144358	6144357	1
6372091	6372092	1
11014325	11014326	1
4671863	4671864	1
7381128	7381140	2
5205283	5205278	1
1440717	1440718	1
12719606	12719889	3
9901123	9901274	1
6667062	6667122	1
1159626	1159882	1
10762679	9015869	1
7377657	7377658	1
10169606	12038559	1
5229871	5229916	1
6381511	6380429	2
4183905	4182611	1
1586572	1586575	1
6164531	6168403	1
12605156	12605155	2
3465407	3465408	1
3987484	3987425	1
6019434	6019436	1
7952988	9682871	1
7314600	7314599	1
5441014	5441011	1
4202237	5731101	1
9070114	8753929	1
12809897	12809900	1
10049893	10049894	1
12286813	12286805	1
3404777	3404778	1
342467	342479	1
10534379	10534380	1
3760745	3760746	1
3928294	3993154	1
8451133	8451103	1
7225604	7225603	2
1406125	1405631	1
8077784	8077783	2
10154673	10154674	2
11065649	11069868	1
2394114	2394113	1
2443169	2443170	1
930557	930558	1
2510662	2507514	1
11522465	11522418	2
7542404	7542403	1
10566080	10564315	2
8151173	8151174	1
2505346	2505447	1
5732118	5732117	1
8242287	8242288	2
3992255	3992256	2
12696749	12692030	1
8867820	8867819	1
8219472	8224648	1
940505	940506	1
9868523	9868526	1
4487706	4487703	1
4332712	4310107	1
9718957	9718958	1
1731551	1310835	1
1505901	1498797	1
2078172	2078171	1
342372	331785	1
7716996	7716995	1
995836	995835	2
973736	973735	1
4857353	4598034	3
329665	325602	1
839608	563687	2
8046153	8046166	1
11592659	11592705	1
2102693	2041667	1
466783	467332	1
1593426	1593398	1
2795918	2795401	1
3231169	3231170	1
6772514	6773252	1
9324530	9324451	2
4439663	4439654	1
7411758	7411757	1
5168857	5168858	1
5821327	5821328	2
9928860	9928859	1
2940190	2940204	1
7516027	7515898	2
10683839	10701927	1
9229148	8867821	1
1391123	1390275	1
6846502	6846501	1
5302472	5302471	1
9278960	9278979	1
5583672	5583671	1
5301221	5301222	1
8711116	8711115	1
520722	520671	2
11675336	7823470	3
45962	5206331	1
230012	230180	1
2803904	2803903	1
8219316	8219313	1
3383444	3385333	1
1242325	1242326	1
7355891	7355892	1
8434090	8431917	1
1046792	1046791	1
6693028	6693027	1
11557951	11558562	1
12663109	12663101	5
10357330	10357329	1
9719090	9719070	1
7831566	7831565	1
1081154	2664994	1
755551	755554	2
8999773	8999774	1
1986894	1986899	1
4981078	4981065	1
4877052	4877004	1
11664587	11665093	2
8480531	8473488	1
2554979	2554980	1
6826111	6826112	1
2562184	2562179	1
2924563	2923003	1
7984776	7972243	1
676374	676373	2
660659	660709	1
3107837	3194570	1
9930274	9921596	1
2844189	10874464	1
8720475	8717884	1
7831498	7831497	1
1224293	1224294	1
5559304	5559303	1
10564307	10564310	1
5534580	5534579	2
11881632	11891520	1
7825983	7825984	1
8516342	8516320	3
3063870	3063875	1
8963539	8969693	2
8691491	8691492	1
8276068	8276067	2
6874217	6885657	1
5779299	5779300	2
10564307	10564308	1
3261581	3261582	2
7532091	7532094	1
8845931	8845860	1
2166968	2166967	3
11625415	11625416	2
9004218	9004083	1
11663002	11663952	1
9925553	9925554	1
7456056	10885292	1
12162737	1899937	1
2694649	2694666	1
10077995	9892250	1
6870374	6870373	1
8580835	8580596	1
8939233	8939234	1
1526890	1654372	1
10518139	10518142	1
6932395	6934608	1
10592728	10592727	2
4777992	4771929	1
7615941	7615947	2
9936984	9921684	1
7446469	7446470	1
7833454	11878566	2
3208405	3208406	2
6525181	6525182	2
7870834	7870833	1
7582719	7582720	1
3160753	3160754	1
5354007	5354008	2
8946098	8946095	1
11619011	11619012	1
5704212	5704553	1
11696639	11697893	1
1426373	1423651	1
3588806	3589574	1
11041285	11041286	1
11741125	11742729	2
10521242	10521241	1
1900407	1900419	1
10924485	10924565	1
8926699	8926700	1
4854788	4854781	1
6166953	6166954	1
238252	11481607	1
10142122	10142121	1
10687070	6899917	1
1246971	1245896	1
2554981	2554982	1
9396471	9382868	1
8321674	8321673	1
4447640	4447633	1
2203450	2082957	1
6743474	6743473	1
3815105	3822741	1
5845564	5845563	1
12656211	12656212	1
3526373	3526374	1
11665090	11665089	3
4343841	4343914	1
10924059	10923240	1
1680647	1680648	1
367329	367346	1
7381130	7381140	1
2680631	2680632	1
2800061	2800058	2
6307169	6307170	1
12357438	5290004	2
2584884	2585054	1
2967735	2967736	1
8038739	8038740	1
12407082	12403130	4
8561305	8561306	1
30158	30258	1
1858664	1858567	1
2778984	2762393	1
10204874	10203523	1
2379911	1153676	1
4356456	4356455	1
1525269	1525270	1
3973758	3973757	1
3052787	3052913	1
3619931	3619854	1
6104904	6104903	1
5213013	10376518	1
2562184	2562181	1
5850193	5850194	1
10926618	10926711	1
1429815	1432121	2
6736686	6737144	1
2279617	2279625	1
5249795	5249796	1
120743	120744	1
1586452	68260	3
2744452	2741362	1
12538224	12538222	3
10151287	10151288	1
68245	68246	1
2987628	2989323	1
670979	670980	1
9637156	9637009	1
9307887	9307082	1
6657501	6657502	1
5129521	5129522	1
240716	228961	1
1584008	1584007	2
11671484	11672332	1
3107010	3107009	1
12021353	12021354	1
74018	74017	2
8685393	8685379	1
7811741	7811742	1
11140910	11155412	1
4143417	4143418	1
627280	627235	1
10213403	10213404	1
11795284	11795292	1
159672	159854	1
8092450	8092576	1
712499	712500	1
5321094	5321180	1
7573309	7572799	3
1069839	1069774	1
10553082	10669285	1
3630844	3633504	1
1446754	1447253	2
8000976	8001227	1
7746988	7751968	2
10717008	10717007	4
122148	122147	2
7118628	7118627	2
6118138	6118137	1
3769063	3769134	1
8079892	8079891	2
1834977	1834987	1
7197803	7197813	1
3278073	3277264	1
6464458	6574879	1
3199202	3199201	1
1465408	1465426	1
11278799	11278800	1
8263253	8265920	1
7706534	7706533	2
4691060	4691065	1
2399413	2393898	1
2796754	2796749	1
5554295	5554296	1
8803590	8803589	1
624436	624435	2
6729312	6662574	1
7381865	7381866	3
10628143	10628146	2
12162433	12150169	1
4266387	4266388	1
1864578	1866193	1
5979284	5979279	1
5915169	5915170	2
8994053	8994054	1
696064	699443	1
949913	949916	1
501479	501775	1
354352	132238	1
6256474	6256473	1
6832336	6832335	1
7579131	7579123	1
7354600	7356610	2
7469362	7470117	1
6663264	6663261	1
6563094	6563096	1
6316549	6316558	1
11883764	11883812	1
4368281	4368282	1
9709189	9709192	1
9034357	9022515	1
9515047	9515048	1
12785453	12785181	1
5982867	5982902	1
10714723	10713346	1
764919	765614	1
1242737	1246532	1
10765843	10432381	3
6186852	6186851	1
7916152	7916212	1
4517657	4514384	1
2405014	2405013	1
1956247	1956248	1
11696637	11696638	1
10630514	10630494	1
1753904	1728663	1
7851059	7851060	1
11884407	11884402	1
10483710	10483838	1
4025946	4025939	1
7547860	7547843	1
7009275	7009332	2
3045132	3045135	1
6197132	6197129	1
3593302	3593305	1
10779905	10779915	1
8977018	8983604	1
8151433	8151436	1
7395079	7395080	1
11965804	11966363	1
9520964	9521015	1
8377411	8377396	1
9848308	9848293	1
3826704	3826703	2
9786619	9788059	1
4073912	8602565	1
11851830	11851827	1
9854914	9871933	1
11850182	11850185	3
7218715	7218716	1
8872398	8872397	3
908598	625134	1
950349	950350	1
9346402	9346401	1
1836903	1836906	1
1507669	1507670	1
11211844	1784962	2
10863123	2649940	1
1297042	1297041	2
4682249	5561275	1
4408848	4408847	2
3744634	3743878	1
4770848	4774540	2
10295790	10295784	2
7034884	7014388	1
1832933	1832461	1
4796628	4796613	1
1795539	1795540	1
1305380	1237751	1
4366861	4366862	1
7187658	7187657	1
9300466	3273450	1
3561270	3561269	2
1275768	1275767	1
1455001	1455002	1
3711314	3716405	1
2760750	3010024	1
3352107	3352108	1
6002465	6002468	2
11826518	11826514	1
3593286	3593264	1
7178703	7112421	1
2061513	2061758	1
5560485	5560486	1
8544652	8546075	2
2049308	2049307	2
380474	380473	2
4243745	4243746	1
11381095	11381096	1
93030	10116443	1
6717746	6720174	1
1509170	1509169	1
5786558	5786016	1
4429732	4429731	1
8848777	8848803	1
3332214	3332885	1
2578872	2578878	1
3129129	3129130	1
8197214	8197213	1
11236135	11236146	2
2482786	2482769	1
9898225	9898226	1
7276915	7276916	3
6631828	6631834	1
333103	314070	2
7859994	7859989	1
12155488	12155485	1
2360648	2360545	1
7456994	7456993	1
5609636	5609635	1
2500201	2500231	1
6809452	12799736	1
8068150	8068149	1
3938022	3938019	1
425944	425943	2
9510998	9511091	2
2799800	2799799	1
1398417	1398418	1
10551377	10551378	1
9172405	9172406	1
11373739	11373740	2
8252318	8411054	1
6781346	905891	1
11963062	11964209	1
11922824	11922823	1
1951071	1950282	1
10904941	10904944	1
4671861	4671864	1
7357274	7355888	1
8766496	8767780	1
3565141	3565228	1
2422752	2422751	1
4835325	4835326	1
10933986	10934001	1
12006747	12006748	1
10467292	10467273	2
7906382	7906379	1
10462683	10462684	1
6258254	6258253	1
6047984	6047983	2
11451083	11451084	1
4198190	4198291	1
8425414	8425413	1
8535881	8535816	1
5102150	5102984	2
2278107	2278146	1
8703843	8703990	1
7387817	7388539	1
6510484	6513177	1
6481731	6481732	1
7804023	7804014	3
5779301	5760408	2
10413622	10421623	1
2580362	2580379	1
2277569	2277708	1
1243895	1243896	1
11433575	11433576	1
6662682	5950857	1
8239866	8234474	1
1930820	1930890	1
679696	677959	2
1045144	1045126	1
1591957	1591958	1
8321221	8321222	1
10564309	10564310	1
2952453	2952454	1
10346766	10346765	1
7345939	7345940	2
6780506	6780505	1
4285418	4366023	1
11632741	11630540	1
4585747	4585748	2
8305769	8309692	1
164083	164093	2
10277356	10277355	1
9294284	9294283	1
4699584	4699577	1
5585567	5585613	1
10429470	10429469	1
11179523	11179524	1
4364921	4364928	1
6138512	8170572	1
11374915	11374918	1
2929787	2929788	1
7314574	7321054	1
6102886	6102885	1
7469769	7469423	1
8971839	8971840	1
147149	147159	1
9881704	9881703	1
75846	75845	1
9636061	9709192	1
10705475	10705476	1
7178461	7178702	2
7182172	7182718	1
4519336	4519339	1
8157448	8150044	1
8946102	8946105	1
1905489	1905492	2
6738515	6738521	1
4539431	4539432	1
8892864	8892863	2
10066436	10066435	1
6180100	6179517	1
4393579	4393580	1
2741367	2743067	2
3980100	3980077	2
9569470	9567007	1
6124519	6125233	1
6331233	6925758	4
8405773	8405774	1
6315921	6315922	1
5899818	5900259	1
7426615	7426315	2
3985695	6516849	1
11254460	11336835	1
4671861	4671862	1
8187045	8279239	1
4738448	4724973	1
4265005	4266218	1
3556258	12462746	1
7759105	7759086	1
179158	179121	1
341132	342667	1
1417351	1417356	2
6610147	6065075	1
10764475	10764476	1
297847	274069	2
10926292	10926291	2
7148267	7118605	1
4242640	4250226	2
9646425	9645316	1
8263253	8265918	1
12785951	12785952	1
198748	198747	1
9925628	9925627	2
1197414	1197413	1
2166970	2166969	2
8561307	8564599	1
12722516	12722831	1
6250169	6250170	1
6284272	6285642	1
5759390	5758436	1
11179523	11179686	1
8322189	8322190	2
3316378	3316377	1
5970232	5970231	1
10703528	10703502	2
4055682	4055681	1
1768917	1768918	1
4053036	6520159	1
2600293	2600294	1
7870836	7870833	1
7446450	7446449	1
9578375	9583266	1
10049886	10049885	2
8060079	8060183	2
2735179	2735180	1
5123853	5168648	2
4015344	4015343	1
1986336	1986444	1
4690609	4690610	1
3906348	3906347	1
7148269	7118605	1
7377655	7377656	1
12675164	12673926	1
1611990	1611914	1
5245725	5245726	1
2127451	1867116	1
9168075	9168076	1
9816945	9816948	1
7488810	7488809	2
6636432	6636421	1
9753584	9753583	2
8327646	8327645	1
10238667	10129263	1
7739855	7739858	1
6140631	2481822	1
2395911	2395912	1
3319041	3318739	1
2324271	2336251	2
3498648	3498647	1
4269523	4269526	1
8060180	11785777	1
1222350	1222349	1
1107781	1107782	1
7648541	7648542	1
2605184	2605249	1
4791805	4793735	1
3888109	3640280	1
7518551	7518552	1
10838177	10838180	1
11848253	11848254	1
10523507	10524790	1
3130399	3130400	1
9807670	9807669	1
10357328	10357331	1
12018555	12018643	1
3749923	3749924	1
8322187	8322188	1
2564744	2564721	1
3354328	3354325	2
4815831	4833218	1
6395675	6395676	1
6405731	6409846	1
4170005	4170006	1
3404791	3404779	1
2319086	2319079	1
5787626	5787625	1
1323450	1323726	1
8779978	8779954	1
7761177	7924698	1
2399169	2399170	1
3906953	3906954	1
1495494	1495909	1
6243823	6243824	1
7446282	7446281	1
62498	62495	1
2540560	2540559	1
8610783	8610784	1
4487441	4487442	2
6631835	6631814	1
2793487	2793377	1
6793841	6793844	1
6870330	6870340	1
12635188	12635187	1
8975547	9125054	1
477504	477091	1
9232072	9242074	1
11176495	11176406	1
4956169	4955880	1
7641794	7641789	1
6688076	6688075	2
4941350	5095265	1
1734137	1734138	1
9861324	9861323	2
12038259	12038559	1
535672	536985	1
4638950	4638949	1
4214772	4214771	1
6554573	6408908	1
8787801	8787802	2
2445052	2443239	1
8151825	8158022	1
301744	301743	1
1500645	1504048	2
847302	847301	2
9678191	9682975	1
3528909	3529040	1
12452041	12451881	1
3231100	3231112	1
7456218	7457019	1
2884858	2884857	1
3299670	3299659	1
5822832	5977576	1
11474013	11474018	1
2506668	2506664	1
6048103	6048106	1
8154106	8153970	3
10982482	10982476	1
7437064	7437063	2
3911261	3910424	1
7933555	7933556	1
7673837	7838139	1
10401946	10403140	2
549609	549610	1
6826611	6826626	3
344837	344838	2
9786350	9786353	1
2500561	2500200	1
5055761	5055762	1
11062311	11062352	1
2896721	2896296	1
427908	427907	1
2139406	2143226	1
7140391	7140392	1
12771419	12771420	1
4988370	4988280	1
8702344	9040332	1
2552479	2552480	2
1113983	1114004	1
1698933	1698934	2
6752182	6751780	1
2600305	2600310	2
8265948	8265947	1
11394368	11394367	2
563656	7019658	1
11382610	11382609	2
392089	388276	1
6363336	6353247	1
9083061	9082079	3
10669686	10669685	1
7536216	7536319	1
6737733	6685262	2
4616746	4616727	3
1100292	1100263	1
9831545	9831539	1
6225332	6225329	1
2514213	2514216	1
1460305	1460301	1
1481431	1481011	2
10152187	10152188	1
8347190	8347189	2
6971831	6971829	1
2123228	2147948	1
12119082	961192	1
8785564	8787734	1
8368097	8368112	1
6118136	6112597	1
5577262	5577261	2
292662	293559	1
10717492	10717491	1
11395152	7811552	1
10883562	10883561	1
10003176	10003175	1
11279015	11279016	1
12771865	12771866	1
6902285	6902274	1
6339283	6339284	1
11779693	11779694	1
4802660	4802937	2
6112207	6112696	1
7641790	7641789	2
1257976	1331387	1
5494707	5494956	1
8242289	8242290	2
10098808	10098807	1
3151859	3151860	1
9170064	9170090	1
7917339	7919359	2
11944797	12027164	1
5070812	5070809	1
1071410	1071436	1
8414540	8414511	2
5897508	5892118	1
11706235	11706220	1
2850945	2850265	1
1075215	11673228	1
1881195	1881211	1
7677689	7677750	3
8610649	8610650	1
11317818	11317813	1
5549863	5520840	1
2261620	2257920	1
7959802	7959811	1
4366864	4366863	1
8802517	8702345	1
8046197	8046537	1
897123	896966	1
5958925	5958913	1
1109530	1109529	1
1098899	1099033	1
7947546	7947396	1
6689294	9430645	1
8445228	8445221	1
3315180	3316264	1
11405716	11405715	2
9346151	9346152	1
12601228	12601227	2
5914191	5913889	1
1610563	1473141	1
5015123	5018052	1
1094910	1094909	3
2211484	2173595	1
622974	622928	1
8691493	9045474	2
3817165	3817171	1
1579416	1579415	1
6849739	6848486	1
11555851	11555816	1
8358202	8235609	1
9831516	9831429	1
6800389	10975597	3
10572367	8720843	1
8517252	2478667	1
10196562	10196561	1
331784	331783	1
3354324	3354323	2
3907471	3907476	2
2270271	2270094	1
10438086	10433121	1
6481803	6482045	2
7166789	7169350	2
7882404	7881581	1
8579884	8579877	1
10246803	102726	1
8845948	8845947	1
10600306	10603535	1
1838564	1837322	1
8867693	8867652	2
1464671	1464672	1
1475126	1475125	2
3556262	3556261	4
8308367	8309883	1
6247885	6247886	2
1485120	1488251	1
11739554	11739553	3
178582	178579	1
12509895	12509896	1
6212260	6211634	1
671476	650437	1
11878567	7846630	1
10824325	12038259	2
7542144	7542143	1
10718127	10687641	2
6667993	6081105	2
11497952	11498217	2
3094310	3094289	2
9129415	9129335	1
12509840	12509839	2
6663266	6663265	1
6225183	6225184	1
1802817	8020662	2
99075	99076	1
8017742	10900818	1
11317814	11317813	1
9916402	9916438	1
2241693	2241681	1
2025546	2025515	1
5091918	5091371	1
324399	4314456	1
6911663	6911659	1
2233927	2233075	1
3509509	3509407	1
6272047	6272050	2
10214343	10213531	1
2718	3185	1
6145271	6156219	1
385861	385862	1
12780241	12780191	2
6225898	5512707	1
12777885	12777886	1
4299681	4299708	2
331583	332787	2
10624874	10721859	1
8380334	8380333	1
6993403	6993384	1
11682923	11682924	2
8046078	8046196	1
9375766	9375787	1
10728016	10724183	1
10785841	2656262	2
10909955	10907480	1
7460719	7460720	3
2614118	2614066	1
7558907	7558908	1
9966477	9967302	1
8357661	8357664	1
5070810	5070809	1
8533893	8534649	2
4196199	4196200	1
9968862	9968861	1
3687898	3687897	1
9518740	9518737	2
5281876	5281908	1
5600646	5600643	1
3739470	3742100	1
2532657	2532660	1
10380351	10379644	1
627263	627264	1
10375137	10375138	3
6663266	6663261	1
2794271	2794274	1
7626139	7626140	1
7965457	7965428	1
180623	3128487	1
1197416	1197415	1
7791261	7791326	1
5722856	5722853	1
1658180	1658207	1
1642650	1642635	2
8372632	8372638	1
7140699	7382432	1
4362133	4362123	1
5458014	5458017	1
712968	712967	1
3760016	3804332	1
3490969	3490982	1
1322542	1408818	2
7898739	7997024	1
11873647	7108620	1
7239018	7360972	1
2855425	2855428	1
6636444	6636443	1
10968772	10968771	1
6548702	11019028	1
10375864	10375863	1
2870379	2870353	1
4691064	4691063	1
5367120	5364100	1
4429729	4429730	3
3588767	3587688	1
8087259	8087766	1
44250	44249	1
11037015	11038253	1
1697735	1697736	1
10619320	10619319	1
12771419	4284624	1
9488226	9488223	1
1309598	1309375	2
10242379	10242552	1
5129523	5129532	1
8803590	8803587	1
2760750	2760749	1
200390	198749	1
4002648	4002647	1
5310867	5388140	1
1886020	10412042	1
7120926	7120925	1
4615331	4616198	1
7016923	7016739	1
3445846	8683101	1
4243943	4243924	1
8355765	8355766	2
10823288	10823291	1
2136475	2136463	1
3967557	3967558	1
8330825	8327196	1
883506	883509	1
6453728	6453727	2
1898232	1898231	1
287983	288002	1
4055686	4055681	1
11963062	11963061	1
3997467	3997468	1
5969174	5970485	4
2898632	2898652	2
8197037	8197033	1
2545862	2547036	1
3060617	3055055	1
6586000	6585884	2
1533607	1532060	1
501768	501767	3
8308365	8308366	1
8579594	8579713	1
1330559	1330560	1
10826527	7446365	1
7377659	7377758	1
7987826	7987825	2
8438296	8438299	1
7579122	7579121	2
7647470	7647974	1
11413769	11413724	1
6196292	6697361	1
6900977	6900978	1
11286393	11286394	1
11834130	11834129	1
3044629	3017268	1
7455707	7455708	1
11456106	11456203	1
12660173	12660174	1
9107741	9108356	1
806313	806314	3
1454999	1455000	1
10692369	10692370	1
269276	270429	1
12656213	12657996	1
2461833	2461972	1
8484322	8484300	1
1613009	1613010	1
8989933	8990027	1
9487240	9487255	1
330147	330070	1
2578873	2580315	1
4256777	4257659	1
2334446	2334435	1
8453949	8453961	1
2992438	2992437	1
302783	302786	1
4060912	11005893	1
7583328	7585675	1
12190482	12190481	1
4359539	4359544	1
8843064	8843062	1
7124362	7118629	2
8575161	8575149	1
10400272	10400271	1
5496575	5798222	1
9044248	9044223	2
7976483	7978112	1
7520802	7518550	1
12286812	12254838	2
3643761	3637840	1
4015926	4015343	2
8571138	8571137	1
6263223	6263202	1
5945962	5945961	1
2270864	2270839	2
3258511	3258512	1
8375830	8371594	2
5950808	5950807	1
4196909	4196919	2
6936035	6935690	1
3997471	4013553	1
3906346	3906345	1
2865433	2865434	1
7488806	7488805	3
227503	227504	1
2578885	2579072	1
1612397	1612398	1
2226931	2228251	1
11739552	11728424	1
7122790	7123161	2
9229148	8867819	1
8256312	8256319	1
12560733	12560881	2
11673590	11672361	1
8234210	8234209	1
7704841	7703795	1
4181373	4181386	2
4368279	4368280	1
925795	925796	3
4366857	4366860	1
7655856	7655855	1
8710167	8710170	1
11286395	11282599	1
11740307	11740308	2
4288651	4294140	1
4054239	4054240	1
2233925	2233075	1
9465374	9471719	1
7446338	7446305	2
8561652	8561672	1
3736565	3736848	1
5242516	5242542	4
10400270	10400297	1
2834547	2834548	2
3014078	3014063	1
7520802	7518552	1
4445579	4447042	1
8701362	9040640	2
2140638	2140633	1
9524264	9524257	3
2562184	2562183	1
1198367	1347592	1
3612757	3612758	2
2765628	2765627	1
7990582	7995882	1
480631	480634	1
7513251	7512040	1
8002502	11588269	2
7777402	7777503	1
7648543	7553789	1
2349681	2349762	1
543899	543900	1
9808859	9807455	1
7115763	7115777	1
6015670	6015669	1
12593210	12597497	2
3209493	3209494	1
10503992	10503991	1
3017269	3044599	1
3556258	12462744	3
5816318	5815573	1
8498523	8498524	1
4488412	4486900	2
5541471	5541472	1
5568780	5567027	2
2909109	2909110	1
11071895	11054595	1
3881539	3881540	3
2513235	2527891	2
9040641	9040642	2
7345941	7345942	2
2929818	2929788	1
4841589	4841592	1
8257960	8258873	1
12685365	12685368	1
10323606	10642775	1
2788117	2788118	1
3985693	3985694	2
490646	617562	2
5551632	5552330	1
1956495	1956496	1
6453730	6453729	2
10789673	10789594	1
10194811	10194746	1
12512415	12512419	1
2863744	2863743	1
829171	804610	2
3287998	3288003	2
12724705	12724755	2
5255556	5260917	1
4877054	4877053	1
9135416	9126355	1
771140	771145	1
6688781	6797684	2
7543209	7542405	1
1911053	1911054	3
4030933	5305080	1
6969679	7261026	1
2388294	2388293	2
10698366	10685916	1
11087382	11038100	2
2203450	2082959	1
1362416	1362415	1
6526728	6495377	1
8815473	8815474	1
3498649	3498650	2
3943031	3943051	1
7003275	7001797	2
10078739	10078748	1
1298863	1298864	1
2183463	2183464	1
7276917	7278309	3
7739902	7739854	1
10738341	10738342	1
3194256	3022851	1
4804776	4805641	1
12774287	12771225	1
6662684	6662683	1
10592732	10592729	2
7641794	7641791	2
4580045	4578832	1
10496909	10496910	1
10728163	10728164	1
11688207	11688256	1
2989322	2989364	1
1902458	1902461	1
5095266	5095265	1
10194854	10195247	1
12050078	12054356	1
8352175	8352065	1
3632100	3632055	1
10422285	10421620	1
5102985	5102986	2
6752267	6752268	1
4513420	4510950	1
6274036	6274033	1
11399693	11399700	1
7835001	7835002	1
474082	381737	1
10594395	10594396	1
8445713	8445714	2
11389893	11389894	1
9718955	9718956	1
8575707	8575708	1
10405332	10405331	1
192613	196298	1
7738346	7738345	1
12488761	12488766	2
7135589	7135590	1
6685164	6685177	1
2664995	2664996	1
12461423	12461424	1
5279480	5213993	1
1430574	1430571	2
8504801	8504802	2
9794088	9794087	1
7880514	7880504	1
10826941	10826942	1
4513972	4513219	1
321157	321158	1
27915	27916	1
10870593	10870594	1
8403683	8403566	1
4517657	4514382	1
3390993	10301948	2
8157380	8157847	1
9551794	9254522	1
9034076	9037576	2
2794007	2793833	1
5087002	5087006	1
7561539	7562997	1
2793763	2793766	1
11773187	11773749	1
3411573	3411574	1
3760741	3760742	1
2210760	11619014	1
8557923	8557924	1
125529	125530	2
12399158	12399110	1
8369395	8369396	2
8425714	8425727	1
5047789	5047667	2
9307586	9307585	1
252115	252116	1
1475894	1475883	1
8251296	8251295	1
10153745	10153746	2
10047646	10043467	1
3010123	3010263	1
7452759	7455494	1
501475	501775	1
4476166	4476017	1
1605264	1605591	1
2540638	2540661	1
5677024	5677023	2
6002465	6002470	1
1087076	1081155	1
6744609	6744619	1
7149690	7153673	1
11317220	11317244	1
8075859	8075860	1
6044938	6044859	1
1338098	1345386	2
6047984	6047981	1
3134359	3129128	1
6071976	6072020	1
1690772	1690769	1
10802567	10802568	2
10837151	10837152	1
7151000	7150999	1
8543814	8543811	1
796141	796142	1
7259725	7258033	2
11408458	11408571	2
8043931	8043799	1
248096	248095	1
7804015	7804016	3
10876794	10876793	1
8903308	8903307	1
8568819	8568739	1
6162048	6161040	1
4552685	4552681	1
9547124	9547266	1
3833978	3833977	2
8197214	8197211	1
225806	225805	1
4536795	4536796	2
6770685	6770686	1
4469036	4472524	1
11150781	11150782	1
7335122	3366219	1
5670581	5670582	1
7279531	7278363	1
1033093	1033094	1
12407465	12406937	1
10467272	10467271	2
2124843	2124791	1
7906378	7906375	1
6577181	6577182	1
8610801	8610802	1
4269527	4269528	1
11957041	8635507	2
925797	613905	1
1923290	1923289	1
1510058	1510057	1
7691611	7691493	1
9666953	9658199	1
2556690	2556721	1
12153004	12154014	1
12038558	12038557	2
1681050	1681707	1
10606663	10605536	1
11045653	11048854	1
2962397	2962398	1
8803592	8803591	3
11682917	11682924	1
2627003	2627004	1
4676565	4642836	1
6058554	6063951	1
10990475	10930184	1
8451614	8451613	1
2124009	2124012	1
312695	306808	2
12515230	12796019	1
7405326	7405323	2
4359543	4359544	1
10721370	10534585	1
12558482	12420165	1
9851961	9853737	1
5822361	5822349	2
11419197	11419215	3
1555208	1558726	1
6820152	6820149	2
4555992	4536259	3
10375137	10375140	1
594227	594228	1
2962395	2962396	1
4064555	4064565	1
5258493	5257216	1
8251294	8251293	1
6462365	6649787	1
7479367	7479368	1
12279029	12279030	1
2372960	2374330	4
9363584	9363583	1
9025563	9025479	1
1844564	1938743	1
5410421	5410440	1
10421293	10500530	1
12787405	12787406	1
204740	204739	3
2795919	2706329	1
298284	298171	1
9268087	9268088	1
4654834	4654833	1
6739961	6740467	1
7381130	7381129	2
6720181	6720182	1
7821208	7821205	1
1979275	1979276	1
1372398	1372397	1
1447193	1447194	1
11647060	11647575	1
302781	302782	1
8221077	8221082	1
2842102	2842101	1
4498374	4498324	1
5502559	5503542	1
4678627	4678628	2
11535167	11535168	1
2085319	2085322	1
6690415	6690691	1
8870059	8871806	2
6238330	6238333	1
9150241	9150260	1
6198594	6198631	1
12761449	12494109	2
10728176	10728175	1
9118909	9118910	1
8386948	8386945	2
7176621	7176633	1
7133119	7133120	1
6258258	6258255	1
54975	54976	2
10357380	10455496	1
2405695	2404084	1
8487703	8487704	1
6637609	6637610	1
2176778	2176777	1
10095666	10095661	1
10827406	10829768	1
11336834	11336833	1
1242327	1243894	1
6798013	6798014	1
8242283	8242286	2
9119582	9119581	1
10534381	10534382	2
3662537	3662538	1
1610134	1609975	1
1064400	1064399	1
10692371	10692372	1
9523771	9523741	2
6868531	377425	1
11111331	11110863	1
7427954	7427956	1
10802043	10802044	1
8485777	8483958	1
3489135	3489136	1
9083059	9083060	3
754498	755559	1
7983261	7983262	1
7057379	7054689	2
1597730	1597724	1
1094352	1094911	2
10063896	10063893	1
8471157	8467129	1
7009333	7114285	1
1631291	1623582	1
1364708	1364200	1
10153320	10153818	2
12617512	12622354	1
9040081	9049233	1
7047409	7115016	3
407367	407368	1
9535751	9535752	1
4592772	4593350	1
2542180	2542179	1
9291934	9292224	1
12761447	12761448	1
5560487	5560533	1
8467128	8467131	1
5953495	5952454	1
11851832	11851831	3
4263492	4263495	1
11081818	11081821	1
1148983	1148984	1
11599441	11599442	1
10411222	10413631	1
3369953	3369954	1
2279037	2279233	1
12040218	12026858	1
6372093	6371129	1
3089356	3089355	2
4572332	4572320	1
5741537	5741512	1
6193154	6194068	2
1712775	8929096	1
2482768	2482767	2
11071945	11072025	1
10601346	10601334	1
4348995	4348996	1
987276	2227071	3
5840431	5840432	2
12680199	6588848	1
5955728	5956416	1
612352	612134	1
8445711	8445712	2
991450	12121063	1
2996099	2996030	1
9361871	9360605	1
2490912	2490911	1
3208244	3208243	2
5406539	5406542	1
4655611	4655603	1
7607693	7611185	1
1261195	1261196	2
1732619	1732576	1
7904225	7905562	1
6698801	6698802	1
7204121	7204122	1
12187385	12187386	3
836001	836002	1
3167100	3167939	1
3279619	3279620	1
6742846	6742845	1
6832334	6832333	1
4318607	4318608	1
280175	288856	1
2794007	2793831	1
8710574	12269896	2
11668238	11668237	1
6498613	6498614	1
182735	182736	1
1681456	1681023	1
2558874	2559176	2
2765977	2765978	1
5652092	5652091	1
5231568	5277268	2
7900011	7899941	1
11382612	11382609	1
561748	561747	1
5003877	5003490	1
4601586	4671860	3
11483192	11481792	1
297698	300026	1
1420445	1730654	1
8955018	8955017	1
1098882	11827732	1
2067921	2067922	1
4591243	4591239	1
2267804	2265159	1
182733	182734	1
4055686	4055683	1
2764611	2764612	1
1314838	1314841	1
5579118	5579130	1
7446372	7446371	1
9835180	9835179	1
749416	890414	1
10491007	10491008	1
10034082	10034321	1
2929818	2929786	1
2579513	2579514	1
12120803	12120804	1
11382608	11382607	1
2085129	2085226	1
3519771	3519772	1
6244177	6244182	1
3353272	3353286	1
11040297	11040567	1
12602608	12602607	2
7529748	7529767	1
6245082	6244106	1
3193775	3193776	1
8156315	8484937	1
2765626	2765625	1
6524585	3385374	1
869399	869400	1
743038	743037	1
6130106	6130103	1
8451407	8451408	1
7772291	7772463	1
612354	612353	1
8358202	8235607	1
7974357	7974358	1
11283679	11283680	3
3542151	3542004	1
15803	15750	1
12476128	12480441	1
8608975	8608976	1
11825383	11825332	1
6696931	6696932	1
798125	951790	1
7703092	7700428	1
5464576	5464525	1
10717006	10717005	3
3727875	3727918	1
9965042	9965658	3
11051723	11051725	1
6920979	6934706	1
6252400	6925710	1
2751957	2751958	1
11750439	11750446	1
8765377	8768077	1
4367948	4367947	1
8077533	8077534	1
9265418	9679289	1
12780190	12780241	1
973705	973737	1
5798221	5798222	1
7406550	7406549	1
11940220	11550888	1
10901887	10901888	1
3700014	3700065	1
8946094	8946097	1
3254618	3254617	2
2925942	2925939	1
587787	588209	1
7646668	7562122	1
8451616	8451615	1
646618	646566	1
10287867	10287868	1
2932882	2932881	1
4256775	4256776	1
6239844	6239843	2
9503258	9500458	1
11005079	11004977	1
6969681	7261026	1
12727164	12724769	1
3552227	3552260	3
6243587	6242260	1
3600691	3600692	2
6657280	6657371	3
3214028	3213856	1
624438	624437	3
942069	942024	1
6164443	6164444	2
10369059	10369060	1
7411782	7411759	1
5394922	5397424	1
7581919	7616422	1
11401427	7788949	1
12164351	12164352	2
6453364	6453361	1
8826411	8826105	1
4451551	4451552	1
6333624	6333621	1
8735418	8735413	1
10624097	10624098	1
8045875	8045876	1
4859316	4858707	1
11200175	11200208	1
11027246	11027254	1
12049981	12049982	1
1296681	1292600	1
1460683	1459923	1
11496868	11496842	1
636805	636806	1
11593661	11593662	1
5478256	5478255	1
10933264	10933261	2
5804970	5806889	1
6846504	6846503	2
5182206	5153621	1
3241230	3241227	1
9450876	9301741	1
2346481	2346335	1
2795196	2795195	2
10687635	10687636	1
1897902	1897899	1
4662125	4662144	1
4267861	4267088	1
2617005	2617006	1
9032843	9044603	1
7906372	7906212	1
10768971	10768945	1
10983259	10982702	1
6129627	6129703	2
2426805	2426806	1
10924719	10924720	1
4615066	4615065	2
10861368	10861371	1
7502724	7502719	1
10877248	10877245	1
8512595	8162857	1
6636446	6636445	1
6596246	6767810	2
6553066	6553065	2
6164206	6164205	1
7008540	7008561	1
1700625	8444674	1
4267294	4267293	1
6126568	6126357	1
7804021	7804016	1
8785569	8785570	1
9500459	9500460	1
1015289	1015112	2
1974753	1974754	1
10924485	10924563	1
1839881	1839882	1
2977257	2724864	1
8610799	8610800	1
10982725	10982745	1
1299337	1299338	3
206399	206389	1
12198415	12348573	1
8430862	8430796	2
7562803	7562787	1
7000169	7000026	1
4257200	4257199	1
1627969	1627970	1
4196918	4196917	1
4736284	4736368	1
8430797	8430798	1
7456060	7456057	1
653525	653526	1
11004178	11004186	1
2220134	2220133	1
10213397	10213402	1
10718125	10718126	2
4836486	4836516	1
7226102	856174	1
8452957	8452813	1
4245523	4245524	1
6755291	6755278	1
4797574	4797573	2
7091496	7091598	1
7024369	7022928	1
7746687	7746688	1
7349456	7349437	2
263611	263612	1
3400421	3400422	1
8902367	8962638	1
656425	656428	3
6100704	6100703	2
9706803	9704015	2
9364460	9364459	1
8977018	8977017	1
3883611	3883573	1
6696912	6686304	2
12663421	12663428	1
8902427	8902364	3
676376	676375	2
6170228	6170227	1
5045408	5044902	2
2738555	2738556	1
7025402	7025401	1
3931528	3931527	1
9443461	9443462	1
1282659	1282750	1
9159960	9159967	1
2786508	2786505	1
10066434	10066433	2
12717954	12717950	1
8785129	8785130	1
5542525	5540579	1
9815314	9815313	1
362516	369379	1
3473880	3473908	1
10367801	10367802	1
3157403	3157682	1
7825981	7825982	2
6048101	6048102	1
2949117	2949118	1
9558540	9558539	1
799242	799241	1
8821095	8821088	1
6731820	6731817	1
3525409	8092639	1
6035029	6035030	1
3194099	3194104	1
766158	766157	3
4089018	4090506	1
12488767	12503352	1
2277714	2277713	1
4699584	4699579	1
8630276	8630275	1
4341032	4345175	3
5015121	5018052	1
9424043	9424044	1
344859	344860	1
12745414	12745520	1
7198641	6183685	1
10905066	10905149	1
2708386	2708383	1
5975509	5975551	1
12682284	12682283	2
347139	347150	1
10546015	10573119	1
9908067	9908068	2
1237754	1237527	1
10581689	10585318	1
3645967	3645968	1
4511017	4511018	1
5845562	5845561	1
5067804	5067803	1
3906358	3906357	2
5244367	5244368	1
12294158	12294177	1
2792101	2792102	1
8611055	8611076	1
900715	6865639	1
7418628	7418457	1
3922191	3922181	1
7724764	7724763	2
10905145	10904940	1
6814171	6814172	1
1761960	1762964	1
744774	743039	1
2208995	2208989	1
8675649	8675650	1
1426391	1426374	2
3722295	3722317	1
5466610	5467002	2
5984979	5985007	1
4316527	4487440	1
7240235	7124677	1
2000262	2000261	2
8043929	8043930	1
8349792	8321218	1
2442562	2442502	3
803992	804033	1
2482786	2482767	1
2263492	2262833	1
3917431	1608351	1
5015121	5015122	1
729174	727119	1
2923623	2923624	2
3400791	3402051	1
10181916	10181915	1
585773	586935	1
2797672	2797671	1
4770849	4771563	1
8430862	8430798	1
6102624	6102623	1
7381077	7381078	1
3193769	3193774	1
501475	501478	1
8046633	8046597	1
2000172	2000170	1
5930408	5930623	1
3737573	7959807	1
3988144	3988040	1
9855531	9855532	2
7869941	7869778	1
516672	516651	1
10150718	10151280	1
10065729	10065730	1
1928493	1928494	1
7479369	7479336	1
5069989	5069990	2
9599046	9598460	1
7014410	915569	1
9553580	9626204	1
2578407	2578408	1
4408848	4408845	2
3131529	3130401	1
5115877	5115880	1
4222439	4222440	1
1401485	5103906	1
6493863	6493864	1
1843567	1843568	1
6826627	6826600	1
6410909	6410910	1
4218076	4217674	1
12128794	12128793	1
987285	987286	1
672091	671867	1
9395610	8832252	1
8165647	8165651	1
4866580	4866791	3
6159315	6159316	2
3019134	3021117	1
3151934	3151169	1
3760743	3760744	1
5970486	5970485	4
6636448	6636447	1
11779691	11779692	1
8373675	8373072	1
6112205	6112206	1
4047651	5520413	1
9080248	9083041	1
7993679	7993680	1
11351246	11351245	1
248253	248298	1
1680649	1680186	1
4039993	4039994	2
6685647	10977369	1
6049495	6049496	2
6696933	6698803	1
9150240	9150226	1
6820773	6820458	1
6700648	6709158	1
1389635	1389530	1
2859884	2858394	1
6820858	6854612	1
4678629	4678630	2
593054	716274	1
2409322	2409321	1
6319270	6320658	1
2353780	2353739	1
11458179	11458196	1
11639793	11639794	1
11283681	11283779	3
7797136	7795725	3
5407847	5407850	1
7155100	7155099	1
6423675	6423747	1
4615072	4615065	2
10121701	10121775	1
7646754	7646753	1
2734711	2734714	1
2490644	2490778	5
2442708	2442742	1
4170365	4170351	1
11404761	11411434	1
11239379	11239380	2
10013548	10013678	1
2645819	10857481	2
8971841	8972060	1
10630516	10630515	1
3801032	3801031	2
343944	343943	2
1566364	1566367	1
2953669	2953622	1
12753204	12753203	1
3454036	3463397	2
2394189	2395482	2
11382890	11583558	1
11394370	11394369	2
3565349	3565356	1
8102870	8102869	2
9643840	9643839	1
10877333	10877334	1
1106566	1106565	2
4153514	4249357	1
941398	941424	2
5717381	5725904	1
34843	35001	1
7497582	7500424	2
1614313	1610645	1
10462685	10314874	1
1972109	1971979	1
11079700	11079689	1
171502	172561	1
10272490	10272489	1
8234267	8234211	1
10908061	10908945	1
11064014	11064013	1
7499082	7499200	2
10748999	10749000	1
8508299	8508274	1
9909758	9909757	1
2887105	2887106	1
9828086	10108231	2
3088860	3088859	1
10391160	10391187	1
8055613	8055614	1
9285141	9285142	1
806615	806618	1
553209	553210	1
6002469	6002470	1
731043	731050	1
10331602	10328649	1
3038887	3038888	2
3035019	3034962	1
12669214	12669477	1
9978359	2817567	1
2613914	5469453	1
6780504	6780503	1
701770	698080	1
10063896	10063895	1
1160710	1160692	3
5602964	5602961	1
1932041	1945531	1
9034078	9034077	2
7984704	7984703	1
4143416	4143415	2
1162832	1162831	1
6547300	6547299	1
702100	702086	1
12518072	12518071	1
10530037	10529593	1
8197212	8197211	1
10352160	10475480	3
4554151	4554152	1
5454680	5454701	1
1475777	1475778	2
9771042	9771041	3
7004403	6970693	1
9929985	9929977	3
10037211	10037212	1
866399	866400	2
4367229	4299002	1
9793276	9793272	1
11992888	11994746	1
4419644	4419643	2
11662043	11662044	1
6342725	6342726	1
1344786	1344783	1
3208242	3208241	2
2994254	2992509	1
9524264	9524259	1
3748657	3748638	2
12593210	12597495	2
7182062	7182573	1
11375457	11375460	3
3352106	3352089	1
5955672	5955671	2
10316540	10316539	2
3538287	3538298	2
9361209	9362393	1
8455809	8455810	1
2147498	2222565	1
8903310	8903309	1
10332243	10332256	1
1588692	1588707	1
2601953	2601457	1
3077306	3077251	1
7959804	7959803	1
70680	70724	2
8468011	8468012	1
1489272	1489002	2
6382843	6382731	1
12326941	12326942	2
4731036	4408849	4
2842320	2842319	2
7907709	7906946	1
2549356	2548646	1
2518753	2518754	1
12258826	12251121	1
10750500	10555029	1
229314	229320	1
8527976	8527975	1
2613044	2613043	1
674217	674218	2
11064018	11064017	1
4173394	4173386	1
1109716	1109529	1
7264966	7264969	1
8431263	8431264	1
2735181	2735184	1
11291753	11291738	1
10599939	10599913	1
5545433	5545333	1
6245058	6244106	1
10657755	10657756	1
5373264	5373261	1
1641021	1641022	1
12461425	12461426	1
2276494	2276504	2
7712396	7712395	2
5544176	5545666	1
12673156	12669895	1
12164353	12164389	2
10628693	10628694	1
1601098	1603514	1
3588808	3588807	1
10367056	2158027	2
9174024	9174023	1
5242620	5243607	1
6234515	6225692	1
419109	419071	2
11957812	11957932	1
3029614	3029613	1
249579	250507	1
11515099	11515102	1
9615383	3756943	1
3083984	3084071	1
3241232	3241231	1
3749925	3749926	1
7677687	7677688	2
1777302	1779283	1
4166748	4161940	1
7148265	7148266	3
7199839	7200115	1
6513208	6510986	1
10258975	10233576	1
2399167	2399168	1
5360766	5239153	1
12665904	12665903	3
734738	734737	1
10692313	10692314	1
12753206	12753205	1
6820152	6820147	1
3068210	3067656	1
196299	196300	1
7856565	7856566	1
11872798	11872766	1
563941	576201	1
2224729	2224730	2
11872421	11873177	1
10931043	6445949	1
12810395	12800345	1
987724	987800	1
3316108	3316190	1
6951388	6951037	1
4904075	4904080	1
12522569	12522570	1
3089356	3089351	1
11064016	11064015	1
7627465	7627481	1
687610	687609	2
9925634	9925629	2
3491184	3491183	1
11894310	11894309	2
178586	178585	1
224692	218641	2
5541779	5541780	1
5795155	5795156	1
3318224	10983849	1
11215066	11215065	1
7405342	7405314	2
5840433	5840434	1
942039	942040	1
11739552	11728426	2
10853327	10853328	1
10705477	10705359	1
6176990	6176185	1
8084109	8084110	2
12197555	12202908	2
5552878	5552875	1
2573400	2573219	1
11122457	11122458	1
9482077	9482082	1
11760357	11759962	1
2509595	2509596	1
3289063	10901886	1
2791204	2791203	1
7437670	7437667	1
7804017	7804018	4
10993779	10994467	1
9466809	9466822	1
10072388	10072387	1
9570600	9570599	1
11168775	11168776	1
9331708	9331681	2
3859338	3859337	3
6983403	6977772	1
1457034	1453349	1
5018053	5018054	2
8946098	8946097	1
5361146	5361141	1
7200222	7200219	1
341042	341041	1
10179984	10179966	1
8317389	8320008	1
4941350	5095267	1
1162834	1162833	1
7579124	7579123	1
147176	149848	1
6138512	6138570	1
6392441	6392362	2
5439892	5439891	1
128796	128803	1
9341	150863	1
5714571	5714572	2
690735	690736	1
4008159	4008160	1
338793	338794	1
2909870	2909869	3
5546896	5548817	1
8484077	8484078	1
12727102	12727101	1
9968862	9968859	1
8685854	8798004	1
11665092	11665091	2
3241226	3241225	1
4465544	4465543	1
11178045	11176698	1
7864968	7864478	1
10145891	10145868	2
9518738	9518737	2
12619477	12512260	2
12165822	12165821	1
9816945	9816946	1
10225061	10237706	1
10398477	10398478	1
501626	501685	1
3643759	3643760	1
7924332	7924331	2
1272102	1272101	1
8419735	4986227	1
2722498	2721221	1
10098673	10098809	1
5865975	5865898	1
9981975	9981976	1
6127521	6127522	1
11004177	11004185	1
2498230	2501993	1
883508	883507	1
9684859	9686140	1
8511390	8499839	1
6773253	6773254	2
1089105	11372352	1
6119477	5736527	1
706875	706876	1
7426590	7426589	1
5441839	5441840	1
9706029	9705402	2
6960267	6960268	1
4743475	4746393	1
8753302	8753418	1
5823497	5823506	1
7136352	7136273	1
7971460	7971459	1
7637222	7638834	1
5086285	5086286	1
4743473	4743474	1
7627754	7627753	1
9497260	9497299	1
8628852	8628850	1
12815080	12815079	1
1442479	1442480	1
8263537	8263538	2
3354710	3354782	1
5458016	5458015	1
7805009	1393015	1
7236874	7236873	1
11740309	11740728	2
5938550	5939427	1
8176307	8176308	1
2760748	3010024	1
9524249	9524265	1
2741365	2741366	2
12634862	12634861	2
6272697	6272698	1
2307587	2348457	1
12333685	12333686	1
8803588	8803587	1
2319080	2319079	1
1529828	1529827	1
7909713	7909714	1
3234910	3235186	1
7907707	7906946	1
6024371	6024130	1
3724763	3724747	1
8647746	8647745	1
5953498	5953494	1
6563129	6562966	1
12642956	12642948	2
9704032	9704031	1
9270096	9270095	1
9330012	9330041	2
4854536	4855130	1
10337374	10337373	2
1607964	1607961	1
10789671	10789672	1
4351351	4352069	1
1086697	1086698	1
11099034	11099033	1
2527890	2527889	3
198987	199779	1
6720183	6720198	1
5609556	5609637	1
9729656	9729655	1
6599318	6613079	1
9476205	9476206	1
10393355	10393341	1
10926370	10926369	2
11236147	11236150	1
7831568	7831567	1
1512752	1515895	1
956843	806575	1
2849399	2849400	2
4359539	4359542	1
6934609	6934610	1
2990857	2990848	3
10210259	10214749	3
5579943	5579823	1
9879455	9879456	1
12815018	12815081	1
75202	75847	1
848420	848419	2
10242564	10242563	1
9623095	9623134	1
404210	404193	1
12305720	12306833	1
1106567	1106580	1
4795274	4795273	2
1341462	1443009	1
1681015	1681016	1
2630055	2630056	1
11515099	11515100	1
5746798	4200925	1
777518	777517	2
656959	657015	1
6700509	6703310	1
3596331	3596332	1
6361869	6361870	1
5065023	5065024	1
4308182	4307435	3
391453	391454	3
2034552	2034555	1
766158	766155	1
1588706	1588705	1
6783134	6783869	1
7789667	7789661	1
3060989	3060990	1
721583	721606	1
3118617	3118563	1
2323363	2323364	1
5389874	5389873	1
2792099	2792100	1
425942	425941	2
7383101	7383082	1
2606529	2604696	1
12516601	12516602	1
1197187	1197188	1
2939168	2939167	1
1781015	1781016	1
1483571	1483572	2
798693	798694	1
8562061	8562118	1
862136	862135	1
5321198	5321197	1
2395903	2395910	1
4669707	4669708	1
7552772	7552724	3
11408059	11408060	1
3556260	3556259	4
12556076	12556075	1
670981	670982	1
6243589	6242260	1
1658686	1665634	1
7006146	7003704	1
10059567	10051748	1
7531620	7531617	1
1489274	1489273	2
2569693	2569694	2
3462053	3462054	1
977319	960346	1
4178255	4178256	1
9928913	9928925	1
7607883	7607884	1
9937186	9921009	1
9087266	9087824	1
8347188	8347187	2
6381421	6391041	1
2726165	2726166	2
3266909	3267387	1
1795139	1795140	1
1115662	1115718	1
7939969	7939970	1
11893947	11894311	2
12488761	12503352	1
1171501	1171472	1
1487201	1487202	2
6105693	6105698	1
1336019	1336020	2
9319587	9319173	1
614635	595296	1
5577001	5578102	1
8228122	8228121	1
1513252	1513251	1
4434689	4434690	1
8819042	3532397	1
2156767	2160123	1
1986887	1986850	2
4169468	4169467	1
2121411	2121412	1
7356217	7354640	1
5051024	5054099	1
4676110	8569298	2
1510029	1510193	1
8276066	8276065	1
7131627	7236936	1
1561129	1565857	1
8606127	8606128	1
10158191	10158195	1
1507529	1507530	1
2889865	2889868	1
2329856	2441076	1
8735478	8735475	1
7408960	7408898	1
10903409	10903412	1
6510487	6512115	1
5022667	5043218	1
5600644	5600643	3
6532050	6531502	1
3490968	3490967	1
3728077	3480362	1
6408008	5539018	1
10187870	10187820	1
751321	806181	1
9382504	9382480	1
4275168	4275164	1
1757252	1717727	1
4735563	4735362	1
3063874	3063871	1
5749937	5749945	1
5818045	5817997	1
10564955	10564306	2
7659232	7659259	1
8256734	8256733	1
5389872	5389921	1
12182372	12182369	1
2751959	2751960	1
4801646	4810653	1
1159626	1159884	1
6724941	6724942	2
3368423	3368424	1
3785018	3785015	1
12151701	12151702	1
10004321	10004322	2
368873	368874	2
2679032	2658193	1
11469042	11472416	2
7428360	7428511	1
8842852	8842855	1
7115776	7115775	1
12477198	12477197	1
2853590	2853589	1
8979649	8979650	1
4429932	4547937	1
10638398	10638362	1
9868241	9868242	1
2579130	2554767	4
465377	465378	1
3661979	3661922	1
1507667	1507668	2
11750401	11750438	1
1855219	1855220	1
1548449	1548169	4
10468621	10468622	2
10889793	10889794	1
5071049	5071062	1
11411441	11404782	1
1958307	1958569	1
6044692	6044691	1
7361232	7361231	1
5747594	5747593	2
6384748	6384747	3
338279	338282	2
10480802	10480801	2
6565541	6565953	1
7902957	11586623	1
5752678	5751673	1
1837731	1837228	1
252111	252112	2
8307157	8307158	1
9350912	9351447	1
5979764	5979763	2
1786202	1786264	1
6382083	6381961	1
10271345	10150955	1
2139191	2139224	2
7199837	7199838	1
6199716	6208840	1
8084794	8084793	1
10988550	10988553	1
10479172	10476952	1
10191995	10192007	1
7616423	7616424	1
3418824	9328954	1
12655405	12655597	2
7695997	7696014	1
10400511	1118427	1
2320959	2320050	2
11444526	11444525	1
7130373	7130374	1
9792658	937541	1
12663100	12663099	4
2532657	2532658	1
860274	860279	1
2817571	2817572	1
3879370	3877786	1
6627471	6627472	1
5843480	5842444	1
7115017	7115018	2
1434618	1434617	1
6348137	6348138	2
5102987	5102988	1
4348993	4348994	3
3146073	3149183	1
4852305	4852313	1
9547044	9546879	1
4243747	4159633	1
8574425	8574426	1
1258414	1258260	1
3340510	3340401	1
217684	217683	1
5648232	5648393	1
8605303	8605304	1
7504312	7504311	2
1971978	1971977	1
10483235	10483236	2
7993674	7993677	1
9028025	9028026	1
1709870	1709868	1
3754567	3806873	1
5285105	5285106	1
4449655	4449656	1
8560017	8560018	1
10311248	10311564	1
937563	937510	1
12021355	12023238	1
7904787	8548193	1
120738	120740	1
1802943	1803009	1
4196909	4196917	1
9509171	9509726	1
10602207	10615627	1
393422	393420	1
1763978	1763975	2
4106225	4106449	1
4008185	4009371	1
4173567	4173568	1
6284273	6283975	1
3352109	3352110	1
178584	178583	1
8407545	8407557	1
4302266	4302265	1
6159317	6159318	1
10749533	10749651	1
12165820	12180989	1
12463444	12467112	1
1162421	1183339	1
11671486	11671485	1
4170365	4170353	1
5450051	5450052	1
9364679	9364682	1
250069	250074	1
10341168	10334385	1
8413144	8413116	1
3458592	3458591	1
4734737	4734738	2
7488810	7488807	1
10592973	10594093	1
1159883	1159884	1
7514750	7515249	2
4902892	4946652	1
6357659	6370796	1
12282721	12254179	1
4436359	4437141	1
11277218	7901034	2
6107654	6108806	3
767800	647887	2
744205	744206	1
3318226	3318225	1
731049	731050	1
708860	815264	1
8101376	8101359	1
3312303	3312076	1
1481010	1481009	1
7613939	7613940	1
2877031	2877032	1
11121331	11121510	1
1170574	1170571	1
8414541	8414542	1
159933	159934	1
10483237	10483238	1
1018773	1229864	1
8463892	8462051	1
10802035	10802042	1
8250924	8250895	1
4377496	4377567	4
9903771	9904471	1
5795153	5795154	2
8957616	8958206	1
2906335	2906336	1
4334419	12792298	1
10127476	10120763	1
4517882	4517881	1
9514369	9511606	1
1418220	1418219	1
9366745	9364678	2
10061352	10061347	1
4021422	3791779	2
1702312	1703213	1
12787153	12787404	1
7981999	7981962	1
7488808	7488807	2
55917	55915	1
1341826	1341825	1
1942860	1996727	1
7187660	7187659	1
3292554	3291283	1
7359564	7144542	1
3775199	3774747	2
9363586	9363585	2
6503946	6503784	1
10592722	10504634	1
1971222	1971221	1
8357358	8365763	1
653139	653133	1
10203522	10203521	1
7626603	7633221	1
1577566	1576351	1
8405775	8405776	1
593316	462237	1
263985	263972	1
9579083	9577274	1
3603767	3603768	1
5338764	5338777	1
8428073	8428074	2
1312478	1306063	1
5559940	5568636	2
6691884	6691880	1
12722518	12722517	1
8298274	8303507	1
6047982	6047981	2
344145	344146	1
12619475	12619476	2
5726423	5726693	2
244599	7980	4
2729311	2729312	1
9558976	9558975	1
224803	224821	1
2562180	2562179	2
4822915	4822335	1
9711626	9638009	1
11557677	11559887	3
3197271	3197486	1
8321219	8321220	1
3910313	3911260	1
5546482	5546484	1
10214341	10214342	1
6554451	11117785	1
4222441	4134709	1
8735478	8735477	1
3210205	3197214	1
1550711	1551048	1
1326157	1326158	2
8535881	8535882	1
11741123	11741124	2
419525	419526	1
446090	445984	1
11848144	11847774	1
11784343	11880371	1
1561127	1561128	1
5872589	5872634	1
2608420	2608419	2
3044629	3044599	1
10882728	10882765	1
6126568	6126355	1
9002216	8992116	1
9002426	9002423	1
8110448	8110447	1
9983711	9983664	2
1509168	1509167	2
7579216	7579215	1
12645548	12645807	1
9971963	9974198	1
2865347	2865225	1
598061	6338975	1
4804185	4804186	1
821612	821611	1
883754	883753	1
5809045	5809010	1
4434692	4434695	1
3258580	3200554	1
5589793	5589794	1
12034248	12034247	3
8317435	8317386	1
178830	178829	1
10141006	10142121	1
5982231	5982232	1
11152828	11152807	1
2737817	2737899	1
6232757	6232864	1
4279956	4278450	1
1297044	1297043	1
6662650	5950854	3
10533695	10533794	2
385261	380734	1
3601859	3603593	1
