fend1	fend2	count
4954604	4954603	2
11779196	11779195	1
5391947	5391948	1
1833125	1833126	1
7136010	7135664	1
8397997	8039172	2
8022717	8022718	2
8242709	8242710	1
9733955	9733956	1
2471039	2471040	1
6148016	6158863	1
1419094	1419093	1
3423421	3423422	1
11721439	11721446	1
9136119	9136012	1
6177814	6177811	2
10473975	434218	1
2638265	2628670	1
11307530	11307527	1
7446473	7446474	1
1554728	1554727	1
4544233	4706998	1
7265316	7067448	1
84020	84019	3
2941344	2940710	1
6545949	6482900	4
6883829	6883832	1
6223417	1969691	1
2048499	2048500	1
10473065	10473243	1
5471995	5473702	1
11938164	11938163	1
3542930	3542929	1
10383080	10383079	1
5520321	5520322	1
6096393	6096394	1
6389940	6389937	1
2161672	2161724	1
6063739	6063501	1
8698773	8697495	1
2935856	2935905	1
11575836	11575835	1
12518173	12518174	1
636533	638710	1
10056985	10056986	1
9283036	9281820	1
12000413	12000523	1
8053233	8053740	1
3763675	3763676	1
4163004	4161088	1
52788	52787	1
5070018	5070017	1
6893672	6893671	1
1633036	1633988	1
3814781	3833963	1
5819116	6012003	1
4579181	4579182	4
752655	752678	1
7580367	7887783	1
4698063	4698064	1
11396041	11396042	1
4571456	4571455	1
4257414	4257413	1
399816	399815	1
2615677	2618224	2
141716	141715	1
7476929	4816736	1
5906086	5906085	2
1496433	1494751	1
5877171	5877172	1
2649291	2649308	1
10123266	10123265	1
6447591	6447592	1
1521735	1546009	1
11147688	11147100	1
2710083	2710086	1
9480697	9480698	1
12343135	12343138	3
5906084	5906081	2
1582004	1582003	1
1060353	1060293	1
6381031	6391616	1
6473037	6473040	1
8531217	8531140	1
12409345	12409346	1
861511	861512	1
12042356	12042355	1
11513870	11513869	2
6221038	6221031	1
11684098	11681131	1
2747846	2747845	1
3658065	3658066	1
3101912	3101915	1
5876727	5876728	1
638787	638788	1
6467979	6467624	1
3613598	3613597	1
7302908	7301431	1
6757532	6757519	1
4458978	4458975	1
2469576	2469571	1
6695639	6695642	2
943871	943876	1
11526598	11526189	1
11796667	11819156	1
3038810	2962671	1
2797521	2784580	1
6268829	6268830	1
1261972	1261971	1
2649293	2649308	1
11996147	12206255	1
9169173	9169170	4
6038269	6168274	1
8775259	8775262	3
7453960	7453959	1
7111647	7111650	1
3673471	3673472	1
8535731	8550833	4
9495819	9584219	1
4637647	4637390	1
2726127	2726128	1
4806043	4806044	1
10451590	10451589	1
679354	1786604	1
5989484	5989555	1
3613293	3613296	1
10030871	9941647	2
971890	971905	1
11517318	11517317	1
7146120	7171631	1
3064422	3069519	1
5529698	5529697	1
10367062	10367059	1
6089807	6097998	1
10172365	10172366	1
11246959	11247219	2
12561432	12562689	3
5665089	5665966	1
3090407	3090408	2
5617186	5617185	2
5005145	5003153	2
3314533	3306505	2
3091927	2975824	1
11426843	8380191	1
3930451	3930452	1
370797	370798	1
1675355	1675356	1
1205187	1233770	1
747535	747540	1
3234345	3234356	1
5501684	5416929	1
6735056	6734953	1
5570750	5573880	1
4356977	4356978	1
11100212	11100209	2
10976058	10976057	1
1463116	1137538	1
10401509	10401583	1
10849395	10849396	1
2027548	2027547	1
7832408	7832407	1
9532886	9532885	4
7074838	7074879	1
12734161	12750387	1
2440265	2439980	1
3992545	3992546	2
5274515	5274518	1
3293484	3293483	1
10388494	10392446	2
484966	500877	2
10632962	10635155	1
4118853	4118854	1
4697511	4697512	1
10598949	10598572	2
11239077	11417002	3
4047452	4047451	1
7361785	7361371	1
135117	135596	1
707390	708885	1
444649	445125	1
4279793	4269132	1
2747854	2747853	2
11325155	11325156	3
3888026	3900627	2
7100303	7100304	1
9499744	9499743	1
9981389	9981390	1
7466072	7466071	1
11792680	11792677	1
9110080	9110079	2
3209215	3209216	1
8071157	8067777	1
3500258	3500225	1
1228030	1228029	1
9001686	9007671	2
4640249	4640250	1
8634535	8627713	2
8956458	8956457	2
6019543	6019544	1
2564341	2565007	1
76061	76064	1
10607017	10607018	1
8866831	8866832	1
8283592	8366756	1
6082918	6082921	1
12170044	12170043	1
10691257	10696209	1
10924855	10924856	1
3046097	3046098	2
5594356	4559223	3
7666534	7508739	1
5328374	5328365	1
943880	943877	1
10914718	10914717	1
1926928	1926927	2
11777648	11777647	2
3973851	3973854	1
10564207	10425831	1
6130535	7683022	1
2186408	2213572	1
4845086	4845078	1
11132449	11132433	3
3072587	3211213	1
781084	779149	1
9303865	9303866	1
9641611	9641612	1
2175882	2175881	2
8212438	8396195	1
6389963	6389964	2
2431682	2443247	1
6564933	6521306	1
4075259	2255793	1
10425423	10425424	1
5427430	5427360	1
8043922	8043936	1
7909679	7909680	1
2043443	2210073	1
1116752	5653365	1
5696525	5696526	1
6727928	6727931	1
23508	24588	1
6711130	6711058	1
6632905	6632906	1
2767647	2767650	2
980964	980963	1
2731175	2729306	1
6906293	6906294	2
118276	118279	1
9764069	9764070	1
1999839	1999840	1
8611242	8611241	2
8569459	8569232	1
8694462	8650633	1
4707818	4708118	1
10154830	10154829	1
2818764	2818761	1
12670817	12670813	1
5777888	5777885	1
7499372	7499371	2
10472437	10472438	2
12658539	12658540	1
7110659	7110660	2
6465031	6463762	2
10881539	10881255	1
2720186	2744676	1
12556921	12556922	1
7885725	7885308	1
7144694	7144693	1
9961169	9961170	2
2708747	2708732	1
6447589	6447590	1
4224985	4224990	2
6525364	6524952	1
10359086	10359085	1
188941	188965	1
8221557	8221558	2
798016	798015	1
10482000	10481999	2
4259419	4259420	1
8550832	8550831	4
3260839	3260840	1
2803969	2803970	1
11365209	11364619	2
2331122	2331119	1
11327169	11327170	1
12593114	12593148	1
6457665	6457661	1
7391299	7393583	1
1243955	1243956	1
11850305	11850229	1
11612328	11613854	1
11652605	11653704	1
2795683	2795684	1
8365644	8365647	1
770139	769451	1
7148898	7148897	1
1946393	1959478	1
9872778	9872777	1
584081	584084	3
8070143	8070155	1
8983615	8983616	1
1849514	1849534	1
2786215	2786216	1
5906265	5906270	1
2225845	2225848	1
9315077	9315078	1
4581841	4581844	1
5067646	11217482	2
4360611	4360565	1
2747852	2747849	1
12172444	12172443	1
7361370	7361369	2
10459762	10459785	1
4304035	4304711	1
8506012	8506011	1
5204664	5204663	2
4563454	4563453	1
7563180	7563386	1
4615019	4615020	1
6550961	6543373	1
4940522	4940519	2
5360500	5360499	2
12018842	12018841	1
5274515	5274516	1
10120709	10120809	1
1926861	1926927	1
2259118	2259136	1
8828705	8865046	1
4637645	4637646	2
2881696	2881691	1
11130950	11130949	2
10210487	10211863	1
11002635	11002638	1
7352637	7266830	1
7134358	7133139	1
9377028	9552061	1
3625846	3631355	1
7612907	7612950	1
4808097	4808098	1
1626593	1626594	2
6942829	7036241	1
9437287	9523175	1
5605859	5605860	1
10648792	10654669	1
1850118	1850117	1
180836	366718	1
5486557	5486558	1
5449554	5449464	1
8866827	8866832	1
4527887	4526786	1
6727996	6727995	1
11071033	11070167	1
101311	101312	1
9681959	9681962	1
7834082	7834081	1
949688	949687	1
12755474	12755473	4
6139270	6137709	1
4673132	4664858	1
6701039	6701040	2
6737634	6737633	1
3282603	3282608	1
2809097	2809098	1
3658063	3658064	1
2815919	2815904	1
1494011	418192	1
2671170	2671169	1
9786967	9786972	1
1173261	1173262	1
7518079	7505293	1
9595309	9595310	1
4163006	4163005	1
5731895	5731896	2
1886740	1886739	1
9780471	9780472	1
11778765	11791002	1
6381033	6391616	2
11764289	11767481	1
8672893	8663686	1
1395798	1594983	1
4331720	4331714	1
7847956	7887782	1
5216406	5216405	1
9697309	9697276	1
3083123	3083042	1
6519327	6519328	2
5600963	5600964	1
4281909	4281910	2
2652301	2652302	2
8923300	8923299	1
3629347	3629348	1
11177406	11180138	1
11095429	11095430	2
8786958	8786957	2
3568945	3568946	1
2897639	2897640	1
3711280	3711279	3
5808422	5808419	1
3764426	3764423	1
4162226	4156578	1
1142625	1422512	2
4068181	4068167	2
7274824	7274823	2
6179102	6179097	1
6474908	6474907	1
10340416	10340393	1
900177	487291	2
561056	602948	1
1230473	1322260	1
9936946	9936943	1
7739674	7739643	1
5941946	5941945	1
4557117	4557118	2
4154248	4154653	1
8303941	8303296	1
9680341	9436845	1
3569657	3568944	1
7645076	7645073	1
9901225	9906294	2
4613009	4612370	1
10020603	10020604	1
8658888	8658885	1
3251633	3251634	1
11764492	11789051	1
9315075	9315078	1
2195872	2195871	1
1373154	1373153	2
12693647	12693648	3
6402236	6402235	1
2574329	2574330	1
332841	264113	1
5868475	5853216	1
8846916	8846891	1
565560	565566	1
1629180	1629197	2
6669160	6666991	1
9811015	9811016	2
12052043	12052044	3
7338834	7338833	2
11613708	11597736	1
5651984	5651966	2
1582914	1584037	1
792626	792625	1
568845	568846	2
5728771	5723208	1
4045387	6745086	1
7040634	7040633	1
954905	954906	2
134721	133498	1
2611487	2611488	1
7593965	7593968	1
7529979	7523729	1
10280058	10280057	1
3741193	3741194	1
7895581	7895582	1
10041893	10041894	1
346053	205145	2
11317712	11316991	1
1150141	1150142	1
9012233	9012234	4
12164531	12164534	2
4381387	4381388	1
1470841	1147381	1
3526889	3526892	1
9125451	9115599	3
6137330	6133497	3
7897643	7897644	1
277014	277035	1
7026908	7026918	4
3541978	3959680	2
9144569	9144570	1
8014068	7904909	2
6826058	6825950	1
1875696	1872830	1
4791342	4791341	1
5783267	5783308	1
10823301	10823302	1
11792669	11792670	6
7962314	7962316	1
11147694	11147693	1
11426843	8380189	1
12550390	12550389	1
4388048	4396146	3
12254008	12254007	1
335555	335558	2
3213570	3213569	2
5560134	5560133	1
7977665	7977666	1
229482	229481	1
8217203	8217204	1
10750904	10749803	1
2280673	2281508	1
5128319	5128320	1
8022719	8022720	1
3826588	3826487	1
8650632	8650631	2
6767729	6767730	1
6706853	6706854	2
6017736	6169587	3
5939715	5916440	1
10774764	10774763	1
4219527	4246981	1
11538796	11538795	1
10279970	10279969	1
9936948	9936943	1
9614080	9614079	1
10704233	10704234	4
10541404	10409366	1
10871745	10871746	1
2179141	2179142	1
984334	984333	2
899043	899044	1
6020191	6022189	1
1324015	1324016	1
10860514	10860491	1
7165107	7165108	1
7871560	7871559	2
366130	366129	1
6125413	1391205	1
2556023	2556024	2
12661161	12661162	1
7633013	7586798	1
4280958	4280839	1
8657628	8657635	1
10823299	10823300	1
9060036	6470536	1
4570756	4570755	1
7224749	7224750	1
3191263	3191289	2
6869697	6891104	1
6062121	6062122	3
940133	941227	1
4299517	4299518	1
6498251	6498254	2
2558891	2559948	1
8703146	8703145	1
11219754	11218684	1
1040332	1040331	2
7671463	7671464	1
4614510	4614465	1
6258642	6366538	1
4161968	4146633	1
7691382	7691381	2
6215663	6178180	1
7467310	7467307	1
5520319	5520322	1
820160	820159	1
966786	966785	1
7628150	7628378	3
10051650	10051898	1
5406720	5406259	2
11312725	11312727	1
2648336	2648339	1
4637649	4637390	1
10502452	10502442	1
8271586	8271585	1
8640642	8640641	2
6665189	6665190	1
817770	817769	1
127953	127986	1
9928786	9928785	1
9524221	9524222	2
10769094	10769093	1
12559311	12552989	1
8427493	8427494	1
12493051	12493052	3
5768512	5768511	1
4009254	9790846	1
5211513	5215535	1
8230821	8231610	1
114940	114939	2
786195	786183	1
11333477	11333480	1
8834006	6810939	1
5882232	5880384	1
2721700	2721699	1
3278105	3278232	1
335670	10967368	1
6752476	6752473	1
11123373	11123374	2
587773	587774	1
6236956	6224072	1
9170007	9170008	1
7164658	7164655	1
9933823	9932826	1
9036982	9036979	1
3236825	3236826	3
10706119	10706124	1
10887589	10886578	1
2817585	2817586	1
6062123	6065675	2
1435357	1434791	1
10626477	10626478	1
7871558	7871557	2
6019545	6019546	1
4673009	4673010	1
544573	544977	1
11672827	11674535	3
1125407	1124730	1
11093184	11093183	2
4093671	4093648	1
9729800	7034248	1
9247289	9247290	1
1774460	1774459	1
2921090	2921370	1
9381047	9381066	1
1926861	1926929	1
6931557	6903320	1
9878793	9878794	2
10063674	10063673	2
3541980	3541979	1
8096444	8098507	1
628392	627623	1
11169478	11159447	1
1929406	1929403	3
2172834	2172833	1
4173600	4173354	1
8101689	8101692	1
7142952	7142951	1
1722973	1706203	2
3099098	3099097	1
301937	301938	1
1035210	1035209	2
5218714	5223354	1
6202489	6201844	2
2862718	2862713	1
10397370	10395716	1
6195002	6195001	1
1454428	1138977	2
11053641	11053667	1
10333529	10338964	1
12457041	12457042	1
12052045	12052046	2
7214204	7287682	1
2767651	2787254	2
4258924	4264512	2
1236070	1236091	1
6156412	6168719	1
2855024	2855021	1
5996038	5996037	1
6438753	6438307	1
11996145	11996146	1
4791342	4791339	2
5854572	5854571	1
12509097	12509100	1
8496576	8496618	1
11333477	11333478	1
6997373	6819682	1
1420025	1420026	1
292612	292611	1
6038567	6038579	1
5183842	5183839	1
4648078	4648077	1
9559107	9559108	1
9573972	9581255	1
8562861	8562862	1
3523524	3523523	2
8259196	8255911	1
11859655	11859656	2
5739038	5868992	1
4539333	4539334	1
3268635	3268636	1
2509349	2509354	1
11727138	11727137	1
1361067	1361068	1
8386212	8386211	2
10119996	10119995	1
3099096	3099095	1
10003111	10003112	2
10432035	8704509	1
314811	314814	1
1364433	1364434	2
5360498	5360497	2
6463383	6688357	1
3750820	3750819	1
1195822	1195821	3
5711527	5701619	1
6873703	6873826	1
8303866	8279910	2
7645074	7645073	2
9108043	9013809	1
5550857	5586872	1
10249040	10249764	1
10897107	10897110	1
10619953	10619954	2
12493561	12493562	2
6596513	6596514	2
4071622	4071621	1
5704985	5734816	1
4954606	4954605	3
10894131	10894132	1
11334678	11332054	1
121553	121662	1
4192660	4192526	1
8101693	8097742	2
5360341	5360342	1
6596187	6596188	2
6835316	6835313	1
5854570	5854548	1
7125275	7142115	1
7444546	7251962	1
8170007	8563161	1
2528096	2528095	2
6497729	6497730	1
6893863	6901358	1
7951297	7952595	1
2305392	2305391	1
5161865	5161866	1
5564226	5567119	2
3630180	3630179	1
6018898	6018897	2
6520353	6522808	1
1898849	1898850	1
2886504	2852985	1
9776098	9776097	1
2343989	2343990	1
708884	708881	2
8617161	8617162	1
9057532	9057529	2
448615	448616	1
7659243	7653779	1
7691380	7691379	2
2760432	2760149	1
565412	565411	1
6149587	6154817	3
6402234	6397805	1
426689	426690	1
11727621	11727622	1
7308319	7308320	1
8050680	8055959	1
530495	530496	1
7586655	7586656	2
2641930	2641927	1
7548924	7578357	1
4857274	1542293	1
10415158	10415157	1
5970540	5970539	1
3009685	3009686	2
11603378	11603344	1
10314515	10314520	1
8278515	8616416	1
11720250	11719614	1
4549584	4549583	1
11583231	11580489	1
254028	254027	3
6656857	6654719	4
10887589	10886576	2
6177814	6177809	2
9568096	9580334	1
8514385	8513093	1
12351090	12351089	1
2528098	2528097	1
6873701	6873702	1
4867555	4867556	1
177806	177805	2
6018756	6018755	1
9828198	9828195	1
5970989	5970990	1
3650360	3650359	1
10401584	10401583	1
8653259	8651164	1
9172680	9168467	1
6271605	6272347	1
4377450	4373825	2
10885492	10885487	1
10871747	10871752	1
631917	631805	1
3323098	3118742	1
8273228	8273224	1
9254118	9499385	1
10624956	10624519	1
652927	652928	1
2124528	2124527	1
1456445	1456370	1
256332	11900580	1
314813	314814	2
2969393	2969436	1
11829170	11829165	2
9623194	9669911	3
2118850	2210649	1
989914	989913	2
6559869	6560718	1
3613841	9833270	1
8831230	8923303	1
12043171	12043172	1
3398923	9972169	1
3753437	3530204	2
8658886	8658885	1
6315656	6316733	1
74843	74844	2
12368356	12368355	1
8533305	8533306	2
6545947	6545948	3
6872294	6891494	1
1355966	1327888	2
8034230	8034229	2
1990525	1990526	2
7058920	7058919	1
10030846	10030845	1
11517909	11517905	1
10415156	10415112	1
5098314	5098586	2
43631	43654	1
6559867	6559868	1
6258646	6258645	3
254028	254025	2
6805112	6805292	1
2964066	2941807	1
9108041	9108042	1
5088952	5088951	1
8688041	8688074	1
4522848	4506233	1
10619971	10619972	1
2149950	2150094	1
10239708	10239705	1
915995	915996	3
4331715	4331716	1
6605480	6609732	1
2759533	2759534	1
1655902	1606914	1
255543	253722	1
1843737	1843740	2
2458049	2567126	1
12696091	12696092	1
8926934	8926933	2
8658888	8658887	1
5997464	5997463	1
8292060	8292057	1
1423949	1423977	1
8538065	8533304	2
11860409	11860412	1
1708267	1708270	1
1976877	1976878	2
6437455	6437458	1
9818345	9818346	1
11105789	11104859	1
7228040	7227820	1
9910271	9907222	2
11280852	11280851	1
6948918	6948917	1
8964671	8964672	1
12270978	12270977	1
3411350	3411947	1
7886812	7886809	2
1733487	1733532	1
9158891	9159253	2
11191315	10976413	1
1139443	1139483	1
3213954	3226850	1
8016513	8020100	1
2103346	2101056	1
10938172	10938162	2
9112587	9112588	2
415522	415521	1
7477586	7477585	1
10659700	10659699	2
9620372	9619555	1
5783267	5783268	3
1521735	1546007	1
5636397	5634806	2
1874234	1872728	1
652929	652930	1
10499675	10499676	1
7501022	7499470	2
565180	565179	1
344865	344909	1
584081	584088	1
6527745	6527746	1
11533706	11533705	1
5764419	5737449	1
2406800	2406799	2
2299055	2299056	1
4093689	4093690	1
10722363	10722364	2
4304037	4304713	1
1934177	1932384	1
10122164	10122163	1
10104350	10092654	1
7110661	7107511	1
11852246	11852028	2
10058699	10058702	1
4987485	4987486	3
1144858	1144855	1
2843610	2843607	1
7134206	7040641	1
10607647	10596575	1
7822852	959792	1
487296	487291	1
1419239	1419095	1
7645076	7645075	2
2529096	2530805	1
1139482	1139481	1
11492896	11492920	2
2323154	2323151	1
5607871	5607872	1
7118968	7118967	1
10779220	10779219	1
3353975	3353741	1
372536	273816	1
11087103	11088447	1
12178778	12178777	1
12328814	12324092	1
10024493	10024496	1
12421743	12421746	1
12409345	12409084	1
8489329	8486767	1
10283429	10283432	1
8237799	8237800	2
7293298	7293297	1
12783682	12783681	1
9648314	9648313	1
796039	795984	1
3739798	3739801	1
3101796	2806009	1
9476037	9476423	2
11210100	11210099	1
10674890	10674887	1
3060999	3061000	2
4134711	4134737	1
8518784	8517831	1
3877245	3877333	1
6556811	6554468	1
127542	127229	1
3804195	3823324	1
9504774	9265314	2
6145412	6144643	1
1395966	1396062	1
9346812	9346772	1
9042188	9042187	3
8237797	8237798	2
8216161	8269929	1
12622566	12622565	1
6344619	6344620	1
915997	915998	1
2300003	2300004	1
1361065	1361066	1
4744603	4744604	3
9432606	9432600	1
12742206	12721922	1
1449211	1449216	3
5597247	5597248	1
2964066	2941809	1
1241210	1242184	1
11578305	11578306	1
175290	178140	1
10634755	10625513	1
6718784	6730794	1
956652	956649	1
5545898	11998735	1
8940697	8940542	1
6757346	6757345	1
5391820	5391819	1
10158749	10158752	2
7099074	7545496	1
10941111	10823298	1
9934051	9932746	1
4287260	4287259	3
6258642	6366540	1
600038	600037	1
6769549	4039822	1
6519329	6519330	1
10283431	10283432	4
6690709	6690710	1
11334513	11333061	1
7945411	7945412	1
4079684	4079683	2
1195820	1195815	2
9294891	9320850	1
6584949	6584950	1
416425	416426	1
10386596	10386595	1
11334676	11332054	2
3268641	3268642	2
9762845	9734029	1
11761258	11681871	1
7871562	7871561	1
5877713	5871020	1
2320872	2320294	1
5710083	5749971	2
7470490	7470483	1
6970121	6970122	1
11800450	11800449	2
7505531	7505532	1
11814174	11814169	1
6827758	7037117	1
1929410	1929407	2
3667048	3667103	1
1713029	1713030	1
9750033	9750034	1
10626479	10626480	1
11826368	11826367	2
10287739	10287740	2
7534472	7534469	1
7650701	7650305	1
7147543	7147577	1
5729545	5729546	1
7125485	7119499	1
12783680	12784212	1
1398236	1398307	2
1446862	1446861	1
8151200	8151199	1
4876441	4876442	2
474312	464463	1
3076444	3076443	1
11095427	11095430	1
2368704	2368703	1
8739024	8738802	1
5932397	5932398	1
6221038	6221033	1
9173753	9173754	2
2501350	2500703	2
5698889	5698890	1
5961039	5957700	1
11973968	11973967	2
7575016	7575015	1
2747666	2747665	1
1132337	1103113	2
10270824	10269855	1
3569437	3569438	1
1087350	1087349	1
9295279	9295280	2
4739046	4739045	1
2827113	2827114	2
4133174	4134785	1
1033374	1033205	1
6142984	6142981	1
2406798	2406472	2
1194422	1194469	1
9736257	9736258	1
9889665	9892397	1
5667042	5667099	1
5356573	5356574	1
8967006	8963447	1
9533700	9533699	1
7589177	2900120	1
9057528	9054881	1
7861823	7861824	1
7881219	7881220	1
7661072	7639307	1
2549630	2549614	2
10911877	10911878	1
6762999	776605	3
792628	792627	1
9901223	9906294	1
4470001	4468660	2
1518393	1518394	2
8376391	8376392	1
1169275	1157509	1
4337689	4337690	1
5651393	5651273	1
6792712	1836622	1
2228768	2229288	1
11918029	11918030	2
11763673	11763674	1
8154352	8154351	2
6994911	7075027	1
10741929	10741934	1
2549615	2549616	1
12493055	12493056	1
2066409	2066410	1
6114707	1072760	1
10158747	10158748	4
8011032	8011031	1
5676920	5676926	1
11192917	11192913	2
6498859	9340291	2
2414823	2413211	1
887522	887009	1
8077649	11593020	1
2444256	2444255	1
10472439	10497223	2
10702412	10702411	2
4030894	4030931	2
8465102	8465099	1
7403722	7403245	1
12316203	12316487	2
2719997	2719937	1
7988304	7987460	1
2424797	2424798	1
419267	537679	1
11330786	11330785	1
4901496	4901495	1
7223899	7294658	1
8806245	8806246	1
2221226	2221290	2
509248	509247	1
462762	457949	1
4319022	4319044	1
5719871	5746342	1
10860925	10847420	1
3306988	10190201	1
11123667	11123668	1
326341	323105	1
341691	528953	2
9359539	9359540	1
2516067	2515228	2
9294424	9468437	3
2170422	2163682	1
3027760	3027759	1
6934133	6933879	1
9480354	9480486	1
12691493	12691494	1
5847865	5836678	1
10085341	10087433	1
11784689	11781099	2
1586340	1399438	1
7320886	7320592	2
4185976	4185975	1
1687256	1687265	1
1063096	1045747	2
3429636	3429872	1
2786217	2928421	1
4385007	4386358	1
9294428	9468437	1
11555578	11555577	2
3728125	3728126	2
9126661	9112588	1
1639550	1639225	1
11497084	11499391	1
5829277	5829280	1
12652136	12652131	1
3005172	3005210	2
851381	851382	1
3968007	3967790	1
4656792	4655106	1
535420	539493	1
9635407	9635326	1
2759531	2759532	1
2048499	2048556	1
6672915	870837	1
2491350	2491349	1
6344002	6268386	1
177695	177807	2
301935	301936	1
9124907	9124908	1
7729340	7729339	1
11168940	11168937	1
9739598	9739747	1
12164531	12164532	1
3913272	3913271	2
4170891	4168471	1
10847425	10858701	1
9786965	9786966	2
3901254	3902500	1
1433463	1433470	2
1542476	1542475	1
12009063	12009065	1
1697098	1697097	2
12759457	12751594	2
3144580	3144575	2
5963087	5963088	1
8101691	8101692	2
8350678	8350677	1
3266502	3266501	1
6986053	6986039	2
6519174	6519173	2
12484926	12481014	1
792256	792622	1
9294428	9294425	1
4083949	4083950	2
5767983	5767633	1
2797647	2797626	1
3127414	3127316	1
10147029	10147030	2
11616343	11616346	1
9814896	9814895	1
2683655	2683656	1
4594946	4594943	1
4048377	4048378	1
2899590	2899105	1
6767727	6767728	3
7100305	7100306	1
5662785	1862691	1
6151888	6151923	1
124378	124400	3
6093147	6093148	2
2676200	2676199	2
1799242	1799241	1
8328144	8328109	1
3722605	3725048	2
2236683	2236684	1
10152310	10152294	2
2374276	2374704	2
1137638	1137637	2
8891638	8891635	1
968611	968663	1
10310779	10310330	2
1578951	1584605	1
6326252	6326251	1
8804645	8804646	3
4013863	4013868	2
5906086	5906081	2
2747852	2747845	1
11816707	11725032	1
11525654	11525653	1
11896147	11896152	3
2817585	2817588	1
11907709	11907726	2
4588677	4587825	1
3992547	3992548	1
9170009	9170010	1
12210667	12210658	1
7381133	7381102	1
1993620	1993686	2
10158751	10158752	2
11288643	11288644	1
4648078	4648075	1
6051556	11415741	1
5058294	5058293	1
11777650	11777649	2
1150143	1150144	1
11718514	11718488	1
332009	331961	1
12249273	12249274	3
2343985	2343988	1
11156848	11156859	1
2338161	2337465	1
8687257	8687258	1
2974151	2976035	1
8627439	8632951	1
3538497	3538498	1
2145694	2145693	2
7523728	7524432	2
6519203	6518597	1
4716775	4716776	1
8385931	8382504	1
9324800	9324799	1
10310363	10310366	1
11767733	11767734	2
5167067	5167068	1
2128041	2128042	1
8374520	12671959	1
2184287	2184050	1
5759905	5762219	1
8128798	8128793	1
6183125	6183128	1
11449618	11449601	2
11261024	11260689	1
10487418	1645353	1
5286700	5286699	2
4846464	4846463	2
8200970	8200967	1
4182231	4178971	1
8038331	12170306	1
3770194	3770254	1
11476874	11333890	1
12436845	12436846	1
7739676	7739675	1
8316687	8316688	1
1054954	1054953	1
1043599	1043600	1
375774	375773	2
4845079	4845080	1
5046343	5046344	1
5737448	5737447	1
10911879	10911882	1
11472839	11473495	1
6711591	6765548	1
444651	445125	2
8651010	8741619	2
953541	953418	1
3666485	3666488	1
3569657	3568946	1
8553378	8553377	1
10588433	10532701	1
5177116	5171699	2
846698	846697	1
5093667	5093659	1
10478917	10315114	2
6107519	6107520	1
10554600	10554535	1
1873264	1873263	2
9238223	9238259	2
11748641	11748642	1
10967719	10967726	1
4682333	4842164	1
6061321	6061322	1
8185269	8185272	1
2935605	2935606	2
12149948	12486051	1
2885812	2885809	2
12693749	12693646	4
2671168	2671167	1
3405436	3405314	1
9561963	9561964	1
1285315	1236071	1
652931	652529	2
4224985	4224988	1
6355768	6342394	1
10608342	10609598	2
8278515	3043214	1
11626445	11626446	1
12793274	12793273	1
4550334	4358888	1
3443550	3443150	1
2941808	2941807	2
233824	225345	1
6326250	6337940	1
5692645	5692776	1
6842236	6981813	1
12053596	12053593	2
8447875	4019467	1
4244174	4244177	1
641875	641631	2
1549517	1549518	1
9126659	9126660	2
686959	686960	1
1198154	1251239	1
1742289	1742295	1
8285370	8286472	1
1621150	1621149	1
6731763	6718785	2
2838757	2838758	3
4954638	4954706	1
10084897	10085372	2
9725587	9521905	1
6033981	6033991	1
4681660	4681659	1
3570714	3570713	2
5119851	5119852	1
4575968	4575965	2
2859589	2859590	1
4435793	4435099	1
8274827	8277465	1
3451077	3451078	1
11046900	11046899	1
11993378	11993377	1
6134511	4718912	2
3958511	3958512	1
5564252	10975079	1
1287814	1287760	1
1774460	1774457	1
11967789	11967805	1
1262781	1262211	2
1712016	1712338	1
6154816	6154815	2
9315075	9315076	1
8318387	8320005	1
11595677	11595761	1
10830299	11095523	1
10027825	10010260	1
2376772	2376771	2
10704235	10706428	3
11702567	11800974	1
3696996	6437714	1
9012550	9012549	1
4495625	4495573	1
10478601	7932456	1
5853252	5853251	2
5667748	5667583	3
932924	932923	1
441211	800209	1
4640987	4655303	1
5829793	5829771	1
5295900	5296344	1
4358889	4358896	1
5623637	5623638	1
9114197	9194625	1
7352637	7266828	1
6054412	6054411	1
3593902	3593899	1
3538236	3538496	1
1126084	1436406	1
2174117	2174118	2
12284574	12284621	2
8282162	8282161	1
4514567	4514571	1
600031	600032	2
3979497	3980196	2
12237311	12164372	1
1183528	1183522	1
4214095	4214096	1
6693083	6693084	1
4331729	4331730	1
3202489	3209214	1
940184	940254	2
7724453	7724454	1
4603998	4603990	1
42157	42158	1
7151203	7151517	3
10173016	10173426	1
11792675	11792676	4
1451188	1451187	2
790853	790854	1
12470779	12470780	1
2523316	2523313	1
1002846	1002772	3
12398023	12398991	1
11767760	11767732	3
6118048	6118137	1
6821092	7167733	1
9012231	9012232	4
10893753	3789469	1
617943	617944	1
5731542	5731541	1
10488139	10488140	3
8581179	8581120	1
3007995	3007996	1
7713644	7713643	1
86914	86902	1
7340410	7347534	1
1952118	1950468	1
4988081	4988082	1
8300277	8300278	2
2935984	2936476	1
5829275	5829276	1
7739640	7739690	1
3203825	3203826	1
8154350	8154347	2
9294426	9294425	2
2090933	1976222	1
9118115	9118319	1
131632	131631	2
4560209	4560212	1
1198287	1190819	1
1246677	1257356	1
8632809	8632810	2
584087	584088	1
11572520	11572563	1
1364431	1364432	2
5129215	5129216	2
5482152	5479744	2
2364180	2364175	1
2182213	2182138	1
6136708	6134728	1
5950554	5950763	2
7266829	7266830	1
939798	939797	3
6195002	6194976	1
6266404	6266403	1
8160853	8160940	1
5789774	5789731	1
3052404	3052515	1
7672299	7672837	1
2669812	2668961	1
9503663	9503368	1
11002635	11002636	1
2487468	2487465	1
9089692	10756981	1
10208108	10208107	1
4102024	4102023	3
426691	426692	1
11779525	11779201	1
9294428	9294427	5
10696210	10696209	1
9588622	9588621	1
1234264	1236343	1
6109053	6109054	2
780240	780022	1
5602634	5601334	1
114942	114941	2
12461294	12460186	1
29995	31771	1
11002637	11002638	1
7142114	7142113	1
9423205	9422086	1
9135580	9131160	3
4637647	4637648	1
7738569	7738570	1
5562193	5562194	1
10841521	10841522	1
11517904	11517903	2
3069540	3069518	1
8350676	4194754	2
9107831	9107832	1
2048501	2048556	2
7902191	7902192	1
3387100	3387099	1
6833092	6831331	1
2730163	2730351	1
10401994	10401993	1
2699695	2699696	2
12331282	12331281	1
8029650	8029645	1
3776846	3776845	1
1897359	1897360	1
8673760	8683799	1
1402881	1402882	1
1116748	5653365	1
10083525	10083526	1
2956711	2949265	2
10886577	10886578	1
4345777	4345778	1
10782027	10782028	1
6185745	6186027	1
9077049	9077076	1
7100745	7100746	1
11750132	11833538	1
10914769	10915248	1
7338049	7338050	1
9307629	9307630	1
5967198	5960874	1
10488141	10488144	2
9110086	9110083	1
5486555	5486556	1
6819923	6819924	2
1690785	1613627	1
5942657	5942658	1
587771	587772	1
9834095	9834090	1
8383167	8486103	2
11220030	11218685	3
4959153	4959251	1
5886318	5886280	2
3788189	3788190	1
4123224	4123210	1
7598812	7598827	1
12366461	12366462	2
5110700	5111092	1
9542921	9542902	1
7055913	7055155	1
5050282	5050279	2
8640647	8630779	1
5585519	5585513	1
11151522	11009786	1
12395112	12395107	1
2720186	2719485	2
2798567	2797021	1
3993807	3993808	1
12521452	12521457	1
1744158	1744157	1
3203960	3204819	1
2806008	2806007	1
4331339	4331345	1
10283429	10283430	3
5409367	5409368	1
6752474	6752473	1
3811180	3811179	1
4498756	4498342	1
3355381	3355382	1
9265315	9265316	1
6218185	6218186	1
9878795	9878796	1
5881161	5881169	1
1156643	1156644	2
8602480	8602477	1
4353661	4349472	1
8861568	8861884	1
7638513	7638514	1
4846317	4846465	2
10249773	10249774	1
9621660	9624366	1
6202487	6202488	4
7766748	7766747	1
2935607	2935608	1
8994450	8994449	4
8103390	8437000	1
11120574	11119775	1
11494178	11494340	1
5411013	5411014	1
12131191	12131194	2
5959091	5959087	1
1435067	1471748	1
11515255	11515256	1
12493053	12493056	1
7638241	7638246	1
5187530	5187529	1
2027551	2027552	1
131632	131629	1
10720405	10720406	1
6825352	7144711	2
5087757	5087733	2
9126661	9112586	1
4131533	4133509	1
3366500	3366499	1
11575834	11561352	1
4029552	4029545	1
5222500	5222745	1
1296094	1296093	2
7987461	7987462	1
7988497	7988516	1
1527439	1548226	1
4120554	4120619	1
10387738	10386865	1
8029650	8029649	1
1963496	1963495	2
3397460	3397463	1
8514087	8513614	1
5560717	5560718	1
4954734	4954605	1
11827889	11829306	1
2811059	2811060	1
7100301	7100302	1
5268222	5268118	1
2671166	2671165	1
1121087	5640954	1
9302608	9302607	1
12446030	12446029	1
5906090	5906089	4
9828202	9828199	2
6061135	5864323	1
7283256	7283223	2
2712866	2712865	1
1016091	1015052	1
509252	509249	2
1942620	1942617	1
3059647	3050494	1
4185974	4185973	2
12386156	12406488	1
10004193	10004194	1
10100152	5659644	1
2934120	6775025	1
9019613	9019614	1
1303265	1303194	3
2797519	2784580	1
12298461	12298462	2
5019817	4989478	1
6590285	6590385	1
3282581	3282582	1
4673011	4673012	1
10924857	390105	1
966782	966787	1
3750822	3750821	1
5838915	5838916	1
10610058	10680087	1
11785986	11789480	1
4825731	4825525	1
9614082	9614081	1
4874980	5015371	3
11709858	11725908	1
9294426	9468437	3
10577988	10726926	1
5644924	5644923	1
4845086	4845080	1
9750174	9750067	1
10691607	10691608	1
1584036	1584035	2
4080664	4079685	1
3948268	11852028	1
8206101	8206102	1
6663347	6657627	1
3547945	3547946	1
12496026	12496025	1
6322483	6322484	1
7987483	7987470	2
3282583	3282584	1
940258	940255	1
8714344	8714341	2
12421745	12421746	1
3051186	3049014	1
224373	224374	1
5192054	5192044	1
4258924	4264514	1
5600965	5628698	1
9931212	9932591	1
472052	2958218	1
12347885	12347886	1
2271445	2271410	2
10771323	10771497	1
8352153	8352156	1
8253510	8253509	1
3445007	3445008	1
1071414	1071416	1
2648338	2648337	1
3976850	3976847	1
2103075	2103076	1
12493053	12493054	1
7453750	7453749	1
11130950	7657860	1
8947108	8947111	1
8023645	8023746	3
6336098	6336097	2
4954636	4954706	1
7144710	7144709	2
5781078	5781077	3
8823377	9474174	1
11622077	11622917	2
1691774	1602632	1
7811223	7811224	1
4825351	4825356	1
5710081	5710082	3
9652522	9652519	1
10293480	10292916	1
11780992	11780991	1
3268643	3268644	1
7097846	7097843	1
5460014	5460013	1
6714402	6714401	2
5619969	5619928	1
2634919	2634920	1
171185	171186	1
2936829	2936830	1
74839	74842	3
4322115	4322116	1
11532489	11532490	2
8267711	8267712	1
8904863	8904864	1
11792669	11792672	1
1999837	1999838	1
2521652	2521651	1
9157961	9157962	2
2430221	2434193	2
2650270	2650269	1
6757649	6757652	1
3405440	3405437	1
2505154	2505153	2
4954638	4954637	1
8804643	8804644	3
5877173	5877174	1
124380	124379	3
2934122	2934121	3
10060455	11859657	1
3101796	2806007	1
8216816	8217202	1
9098291	9098292	1
5353882	5353881	1
8926932	8926949	2
8632811	8632812	2
114750	115316	1
3803	10087840	1
9772542	9726543	1
10488118	10488117	1
166920	175003	1
180856	180855	1
2594777	2594778	1
5984027	5984734	1
6584354	6261250	1
2729307	2729308	1
9455930	9455929	1
4118851	4118852	1
3109497	3111361	1
11907727	11907728	1
5698336	5698335	1
5486553	5486554	1
7346403	7346404	1
1226450	1225272	1
3134629	3126953	1
6473037	6473038	1
5936183	5936190	1
5017898	5018325	1
11022004	11022003	3
4612173	4612174	1
6929272	6929271	3
11159147	11159215	2
4232094	4232093	1
8287517	8287518	2
1795549	1795550	1
11495939	9374597	1
8231611	8231612	1
6891105	6891106	1
11480790	11480787	1
8329899	8340070	1
10718041	10718191	1
2585241	2585242	1
327464	327409	1
12790235	12790302	1
3818681	6424454	1
7453958	7453957	1
6659234	1232066	1
1005790	2254485	1
11506648	11506647	2
9903318	9898345	1
9559424	9559423	1
10561520	10555880	1
894052	751198	1
12373946	12373902	2
584079	584080	5
6984946	6985892	1
428639	428644	1
8984348	8984347	1
371765	371766	1
11097839	11097840	1
10678900	10678958	1
5677041	5676716	1
5235853	5235854	2
11532491	11533144	2
7226048	7226203	1
9033331	9051707	1
2422282	2460259	1
2786215	2928421	1
8661872	8661871	1
8510451	8510454	1
7467310	7467309	1
4338851	4417472	1
6636358	6630263	2
1185824	1185724	1
6172695	6172696	1
8170007	8563165	1
6110804	6107546	1
4614065	4614066	1
7638241	7638248	1
10675516	10675510	1
11273287	11273298	1
3005174	3005173	1
11738582	11738773	1
6579242	6579241	2
11147694	11147691	1
1990525	1990528	1
3728122	3728121	1
3543015	3542931	1
3024755	3024756	2
2228484	2228479	1
9262273	9262274	1
7288247	7288248	1
11761109	11681467	2
3270366	3278823	1
4202446	4202524	1
809715	809716	2
5876776	5871020	1
3932058	5595612	1
5410393	5410394	2
3941211	3941212	1
6258644	6258643	3
8253512	8253511	1
7222506	7307501	1
5723246	5723282	1
9013991	9013629	1
2705824	2705823	1
151527	151993	3
11295011	11295076	2
472054	472053	1
851379	851380	2
515895	515896	1
6872580	6872569	1
3356675	3356676	2
1313043	1279416	1
2773659	2773660	2
545963	342219	1
8533307	8533308	2
4637421	4637422	3
1606918	1606917	2
5637645	10433624	1
1788572	1788571	1
5899831	5899832	2
52786	52785	1
10294607	10294608	3
12522097	12522098	1
11470487	11470490	1
5850819	5850820	1
976492	976441	2
584085	584088	1
8527286	8527285	1
1438839	1438840	1
11642522	6133497	1
2151144	2151141	1
6475517	6475518	1
4671880	4671877	1
9046223	6344802	1
98722	98721	2
2861402	2861401	1
1113301	1113302	2
9124943	9124882	2
9834091	9834092	1
8334531	8334532	1
8819616	8819615	2
1899360	1899359	1
8014068	8014067	1
4438219	4438785	1
4009254	9790844	1
2564332	2564331	1
6702189	6702190	1
11725733	11725734	1
1270903	1270906	2
6709861	6701038	3
211840	211898	1
6690137	6690138	2
2165977	2164770	1
11779198	11779197	1
628611	628612	1
7134208	7134207	1
1019583	1019584	1
8997810	9000787	2
12236856	12044859	2
11827837	11827838	2
8412107	8412108	1
8877825	8878373	1
12437900	12437899	1
2759333	2759561	1
3268637	3268638	1
3973851	3973852	1
8414606	8414605	1
11779200	11779199	1
11334678	11334677	2
11907071	11907072	1
6250270	6342755	1
5854574	5854573	1
3302134	3302133	1
2871767	2872875	1
9152572	9152490	1
4564029	4564002	1
4381385	4381386	1
7895577	7895580	1
7875701	7875702	1
6070996	6070995	1
4819392	4819391	1
6745923	6745924	1
5163875	5162752	1
12396107	12396108	1
8975175	9144731	1
2881696	2881693	1
7190614	7190617	2
1336349	1336338	2
7646606	7646603	1
9358522	9358521	2
6043800	6043797	3
6153888	6153883	1
11695581	11695582	1
1373082	1373079	1
8151198	8151197	1
7618684	7618556	1
5855015	5853253	2
9468802	9468763	1
3934592	3366814	1
11744674	11744690	1
677639	677645	1
4911191	4911194	2
5291459	5291244	2
7020762	7020761	1
1150653	1150656	1
8014533	8016523	2
958656	958487	1
4469720	4469657	1
11168938	11168937	1
1076529	1076530	1
5855290	5855289	1
4254190	4259225	1
10497218	10497217	1
10512099	10512341	1
3423914	3423913	1
6835314	6835313	1
4220237	4220238	2
5580687	5580690	1
1890337	1890338	1
7655482	7657454	1
11789417	11789418	1
5472975	5478406	1
1306644	1309174	1
610812	620217	1
8182434	8182433	1
1040050	1040049	1
7638247	7638248	1
7467312	7467311	2
10916138	10916137	1
5996206	5996037	1
5205622	5205632	1
8968222	8953160	1
11907061	11907065	1
7320882	6982694	1
4380784	4423437	1
9000786	9000785	2
10456381	10456529	1
1544212	1544211	1
5542307	5544802	2
12636155	12639649	1
5762872	5762871	1
5925212	5925326	1
9676216	9676215	1
7467308	7467307	1
8872709	8872710	1
8101689	8101690	3
11318351	11318313	2
3689311	3689314	1
3958509	3958510	1
363481	363482	1
12042354	12042353	1
86903	86904	1
8862435	8861021	1
9993567	9993568	1
11513872	11513871	1
3036490	3037154	1
4257792	4257791	1
2327843	2327844	1
3109497	3111359	1
2424799	2451713	2
5889431	5889300	2
12756400	12756399	1
10836404	10828533	3
6820470	6820469	1
8704478	8704517	2
8034232	8034231	1
9332310	9332309	1
10482006	10482001	1
7970076	7970073	1
9993588	9993587	1
2616419	10767650	2
428645	428646	1
6277539	6276444	1
7004454	7195090	1
734493	748780	3
8837857	8837858	1
3571896	3571208	1
7195091	7195092	1
11507127	11507128	2
11991852	11991885	1
3587299	9961168	2
1642970	1635570	1
3322336	3322270	1
3062589	3062590	1
8318385	8318386	1
4825347	4825350	1
5520639	5520640	1
3287697	3297528	1
12487275	12487276	1
3867333	3867334	1
444649	444650	2
12490810	12490809	1
11297263	11500978	1
10610308	10610307	1
3240349	3240583	1
2947059	2947143	1
6534824	6534823	1
2834343	2832378	1
5819118	5819117	1
444256	444255	1
11792671	11792672	3
8427495	8427496	1
11915032	11915029	1
4372766	4372763	1
3802420	3801090	2
8384596	8384595	1
10425422	10425421	1
682805	1777516	1
10206719	10206722	1
2899104	2899103	1
11260562	11260900	1
5838120	5838117	1
10290907	10294588	1
2789387	5989147	1
10626477	10626480	1
12573797	12573800	1
5907550	5955566	1
7090171	7090174	4
8189849	8184556	1
1564788	1564787	1
234050	234049	2
2581625	2581632	2
11827894	11827904	1
12383279	12383280	2
6844208	6844207	1
11432622	11432960	1
2337419	2335452	2
416434	416433	2
12493762	12493761	1
1662146	1658422	1
9659536	9659535	1
1422887	1422890	1
12421741	12421742	2
4107915	4105930	1
1116752	1116749	1
7167834	6821093	1
6239313	6239314	1
3218850	3218847	1
10937948	10937954	1
1016256	1016255	1
11343985	11343986	2
3128247	3128248	1
2835345	7400069	1
6172697	6121715	1
9286980	9286978	1
11855070	11855069	1
12168539	12168540	2
2717530	2717527	1
8464919	8464920	1
1735924	1696343	1
530493	530494	1
12259567	12259568	1
7701188	7701168	2
6417107	6417081	1
8386000	8386727	1
11499236	11499235	1
786370	790523	2
11534934	11535207	1
1191867	1191868	1
970279	968335	1
12754699	12754702	1
2078477	2078478	1
7811207	7811208	1
6389959	6389962	1
10510639	10508143	1
1843741	1843742	2
7739680	7739679	3
11407186	11401723	1
1878364	1878338	2
2936477	2936478	2
8733722	8733721	1
11654222	11654238	1
12802407	12802408	1
8618453	8618455	1
11514316	11514633	1
6793375	6793376	2
10204818	10204817	1
5696527	5697189	1
8698505	8698588	1
11173433	11173408	1
2377822	2377821	2
4034024	4034023	1
10625416	10625415	1
2178640	2178683	1
3240582	3239647	2
3431133	3419670	1
3024365	3236824	2
1035208	1035207	1
8862435	8861023	1
5537340	5537233	2
8035499	8035502	1
4416303	4416837	2
1584038	1584037	1
6226292	6221039	2
609930	609929	1
5522844	5526354	1
7456498	7456495	1
11878703	11880805	1
4506042	4506041	2
6158739	6158740	1
4011308	3544330	1
8644166	8643759	1
4204222	4204217	2
1685546	1685790	1
9624037	9624035	1
1030534	1025665	1
6990199	6974237	1
7026910	7026909	4
4130669	4135243	2
604643	604742	1
9602859	9602860	1
12445567	12445506	1
9636372	9636371	1
6343107	6343108	2
6360204	6424364	1
5616459	5614757	1
11449600	11449599	2
9005208	9005207	1
2908930	2887310	1
11850228	11850227	1
8420081	8420086	1
6672913	6672914	1
10252984	10252983	1
5182741	5182738	2
11633907	11633908	2
1357128	1357165	1
1138976	1138975	1
6293519	6293522	3
11240269	11238035	1
4671973	4671974	1
294395	294396	2
6792720	1835211	1
9103340	9101812	1
8240330	8240329	2
1673795	1673796	1
2357693	2358223	1
12608944	12608157	1
6730795	6730796	2
8230754	8232405	1
8875996	8875995	2
2172836	2172835	2
4479241	4479242	1
3894045	3890346	1
2487447	2487710	2
830183	830184	1
8014066	7904909	1
11338730	11338609	2
10488145	10406881	2
2371101	2371102	1
6071920	6071184	1
2649291	2649292	1
10212264	10212260	1
4937391	4937392	1
5695252	5706583	1
6706137	6703500	1
4812652	4812651	1
10323909	10323910	1
9447748	9447756	1
1510547	1510550	1
9108039	9108040	2
1389669	1389672	2
1147248	1145630	1
1290518	1290517	1
5996206	5996039	1
234048	234047	1
323601	323602	2
2160856	2160969	1
1350422	1425760	1
8015368	8015367	2
5349597	5349598	1
10108817	10108820	1
5784076	5784075	1
5165323	5165538	1
10903650	10903649	1
1297515	1297750	1
2847584	3007994	1
7941700	7941697	1
2510530	1972812	1
11415740	6051551	1
5411136	5411135	2
5466787	5466788	2
2986477	2937636	1
6062575	6062576	1
11168940	11168939	2
5899833	5899834	1
11540357	11540358	1
301933	301934	1
7050349	7050350	2
1829375	1829376	1
12627726	12627725	1
6061774	6061773	1
11333289	11333290	1
9250594	9250634	1
6510887	6510888	1
5428709	5428710	1
11333479	11333480	1
3364100	3364099	1
6680663	6680664	1
7062279	7062280	1
321438	321433	1
3287614	3262170	1
4398390	4398389	1
7617721	7617722	2
8390425	8390426	1
652927	652529	1
1417748	1324014	1
8101691	8097742	1
9103338	9101812	2
1734199	1334786	1
4526708	4507584	1
2721698	2721695	1
1613413	1613653	2
9578528	9578699	1
4485933	4485934	1
7405888	7405879	1
1990527	1990528	1
5182936	5399084	1
9533698	9528420	1
1060351	1060352	1
9140720	9140719	1
1544890	1544889	2
6381031	6381032	3
2314493	2314443	1
6995928	6995927	1
5098587	5098588	1
3958513	3985447	1
1096181	1096182	2
7724455	7716852	1
701861	704361	1
4643676	4643675	2
2257384	2257381	1
11476876	11476875	2
11095427	11095428	3
9245698	9245697	1
2032480	2032479	1
3593898	3595514	1
8099869	8090372	1
120476	120922	1
5912077	5912679	1
4784237	4785013	1
8197435	8197436	2
2881692	2881691	1
9921685	9986758	2
4225688	4225687	1
3123573	3123574	2
12331288	12331281	1
1419134	1467478	1
7034249	10885487	1
931633	631010	1
3606767	3606768	1
10577936	10726935	1
11333869	11333870	2
7428381	7429937	2
2603018	2603017	1
8235190	8235175	1
6134498	6133376	2
11780857	11780897	1
3024365	3236826	1
678408	678362	1
561193	565413	1
910740	910739	1
6820707	6820708	1
4355799	4355800	1
5342677	5342680	1
7040636	7040635	1
6137330	11642523	1
7899383	7899270	1
9894540	9894535	1
6723991	6723992	1
7593969	7593972	1
2305394	2305393	1
7972741	7972742	2
1993622	1993621	3
6336096	6336095	1
12043169	12043170	1
9710665	9711299	2
10851098	10851093	1
10097997	10099851	1
9074747	9076072	2
11826368	11826365	1
7268816	7268815	1
4167062	4167036	2
6061926	6061925	1
12658765	12656434	1
1964851	1964852	2
1427843	1463555	1
3673037	3673040	1
1976879	1900972	1
3796548	3796547	1
5540635	5562192	1
4925877	4925637	1
9802511	9802514	1
4393103	4393104	1
9808265	9808283	2
10566653	10566654	2
6183155	6183156	1
2744308	2744307	1
747535	747538	1
11956165	11959914	1
9274655	9359976	2
2499257	2499258	3
2990651	3131592	1
747539	747540	2
8290630	8290629	2
4551831	4551378	1
6072292	6072308	1
4345775	4345776	2
5869897	5869900	1
11485293	11485294	2
6345585	6345586	1
6434973	6434974	1
8321699	8321700	1
7277424	7181651	1
2796290	2796287	1
8887871	8887874	1
10850519	10846781	1
11505619	11505620	1
6584764	6584761	1
1546008	1546007	1
3408646	3418064	1
8971776	8971392	1
8866827	8866830	2
11781761	11781573	2
9430576	9430575	1
3647117	3653505	2
1621611	1621612	1
4087642	4087639	1
4378798	4378797	1
1494009	1494010	2
10920523	10920524	1
11267170	11267173	1
10319009	10320044	1
7147541	7147542	1
645166	884760	1
1491461	1491474	1
3863466	3863465	1
4317609	4322251	1
6038718	6038717	1
12366463	12366464	1
2888700	2894372	1
10575952	10575955	1
6835316	6835315	1
7093155	7093158	1
7591245	7594086	2
2510532	2510531	1
5479745	5479746	1
12237309	12237310	1
6389961	6389964	1
9877064	9877063	1
6515834	6533263	2
5868931	5868932	1
1357176	1357175	3
9278923	9279996	1
4791340	4791339	1
6474906	6816411	1
11123669	11123670	1
5348613	5348928	1
3790815	3790867	1
2264453	2264454	1
7657861	11130951	1
2411003	2411004	1
9136292	9135434	1
5912528	5914045	1
6496506	6413788	1
9504542	9504541	1
6561410	6561407	1
7483298	7481235	1
7902887	7902888	2
9480548	9480546	1
4564027	4564028	1
6056481	6056482	1
2863017	2863018	2
12409347	12409084	1
4747288	4747266	1
10433834	10428169	1
11238033	11238034	1
1509286	2236084	1
7042723	7042724	1
10062449	10062352	1
7484378	7484377	2
1025808	1026904	3
3613839	3613840	1
11610791	11610792	1
993489	993490	1
9473735	9469067	2
6986053	6986041	1
2813377	2813378	1
7223260	7294762	1
8600873	8600874	1
2434192	2434207	2
10890730	10890733	1
2802338	2802325	1
9077051	9077076	1
10885492	7034248	1
6714157	6710545	1
11485295	11485296	2
6366539	6366540	1
5070856	5070855	2
12341238	12341237	1
6580504	6580507	1
5393686	5393685	1
4427271	4427272	1
11583443	11583446	1
7642220	7642219	1
4013857	4013858	2
8361896	8584782	1
960925	959347	1
34529	34532	2
2555905	2585713	1
420298	418231	1
9294424	9294427	1
1177657	1177610	1
9901223	9901224	2
7016557	7015294	1
5761092	5761091	1
12164533	12164534	1
9502148	9502119	1
7608765	7608766	1
11193661	11197450	1
12690407	12690408	2
12691491	12691494	1
8665481	8665482	1
4196954	4196953	2
12554550	12606282	1
12690409	12690410	1
416436	416435	2
10531491	10519987	1
5673797	5672307	1
1577613	1580260	2
1843743	2223567	2
9766020	9771125	1
10343263	10345071	1
445713	445714	1
10061247	10061250	1
3857410	3786819	3
11921249	11913887	1
3923380	3923379	1
5876776	5877712	1
7455307	7454828	1
1402883	1402884	1
6304480	6257644	1
667660	667664	1
6327378	6355485	1
299103	447634	1
2374278	2374277	3
1015714	1015736	2
4304035	4304036	2
4648076	4648075	2
9589207	9308934	1
11571717	11571718	1
7347610	7347604	2
9496355	9495784	1
7268814	7272520	2
4378798	4378795	1
12360454	12360453	1
10204816	10204807	2
1419239	1419093	1
3383486	3383584	1
5970538	5970537	1
7529951	7517765	1
5963085	5963086	1
3158307	3158308	1
5362432	5360906	1
806106	806103	1
2853005	2874731	1
6061323	6061324	1
6118136	6118135	1
8101689	8097742	2
6286069	6286072	1
9718319	9718349	1
4511697	4511748	1
6701039	6701042	1
5245430	5100724	1
6459379	6453153	1
4716161	4716223	1
6255795	6255796	1
8374524	8374523	3
4116372	4116371	1
5605861	5605862	1
3522361	3522362	1
12511258	12511291	1
12204952	12204951	1
12742906	12742905	1
7387431	7387432	1
9828204	9828203	3
971310	1113995	1
10122166	10122165	1
10575954	10575953	1
254026	254025	2
151992	151991	1
12317296	12317325	1
12035124	12170017	1
2005457	1878365	1
6114715	6114716	1
5371900	5371907	1
12456426	12457422	2
4224981	4224984	3
4102028	4102027	3
11387037	11387038	2
12304771	12304772	3
2298093	2297627	1
10386594	10386593	1
7225990	7225989	1
4257973	4257974	2
2471047	2471048	1
5479783	5479788	1
11999950	11999949	1
6293523	6344802	2
5723209	5723210	1
11652603	11652604	1
3319654	3319653	1
11514110	11515021	1
8090373	8090374	1
8488845	8488846	1
1150145	1149821	1
180615	180601	1
5204662	5452194	1
6966280	6970903	1
8340260	8340259	1
556583	556584	1
9532884	9532883	4
12304773	12304774	1
2594363	2554178	1
2533907	2537029	1
9868369	9869669	1
7403266	7403265	1
671620	671619	1
12421743	12421744	1
12457039	12457040	1
10406812	10406811	1
11554158	6357599	1
1626595	1626596	3
535422	535421	2
2899590	2899103	1
5119849	5119850	2
11192912	11192911	1
10982858	10977976	2
7855857	7844337	1
3024753	3024754	3
7890920	7890917	2
10981719	10981720	1
10283429	5014057	1
4549582	4549581	1
416432	416431	1
11485293	11485296	1
6147672	6147671	2
5822514	5822554	1
943875	943876	2
11652032	11652031	2
9936948	9936947	1
4723910	4723342	1
11609808	11611583	1
4957082	4957081	1
3526988	3526721	1
7276267	5277604	1
8710703	8710712	2
3717289	3717285	2
7295297	7295300	1
5223106	5223105	1
5853217	5853218	1
1780762	1734151	1
1697567	1737109	1
3186112	3186111	1
4048379	4060715	1
8805111	8686992	1
8200968	8200967	1
7683926	7683925	1
1247722	1263659	1
3581985	3583734	1
9635405	9635326	1
3368335	3368525	2
10691257	10696211	1
4503286	4503281	2
5319353	5319422	1
7638249	7638250	2
2747668	2747667	1
3377377	3377378	1
3976848	3976847	1
315183	315184	1
2862617	2862618	1
9169171	9169172	1
10926039	10926338	1
12673397	12673412	1
312658	315182	1
2403842	2403841	1
4810478	4810477	1
7650784	7650769	1
3630178	3630177	1
2472762	2533113	1
9887272	9887269	1
2404499	2404500	1
1774458	1774457	1
1398820	1398788	1
842330	842323	1
2722161	2722162	2
7372921	7372922	1
10323911	10323888	1
2460751	2460752	1
10592867	10596599	3
7076045	7079221	1
7505292	7505295	1
3323098	3118740	1
8755312	7305022	1
4030896	4030895	2
2802336	2802325	1
5923004	5923571	1
4083947	4083948	2
10401492	10401514	3
5788053	5788054	1
9960515	9960516	1
5291245	5291246	1
3262536	3262421	1
4564027	4564002	1
7724453	7716852	2
1535864	1535854	1
2186406	2213572	4
6057370	6057369	1
3076446	3076445	1
7695622	7649386	1
798018	798015	1
8077638	8075680	1
5916292	5734696	1
41418	65305	1
2351248	2351245	1
10003113	10002763	2
10444988	10443713	2
3122141	3130579	1
6263251	6263278	1
7638511	7638512	1
10051695	10051659	1
5984735	5984736	1
3650358	3650357	2
8922321	8920203	2
5050286	5050283	2
5808964	5818792	1
10058136	10059913	1
7987207	809714	2
5727708	5727707	1
8282160	8282159	1
5231760	5231763	1
3910229	3910230	1
5708389	5708305	3
10339132	10332877	1
3118741	3118742	1
6051556	6051551	1
6259637	6258641	1
8784410	8784409	5
9422085	9422086	1
4915550	4915547	1
4587848	4587847	1
578641	578642	2
9514442	9491283	1
671622	671621	1
10880452	10880449	1
4304712	4304711	1
6626841	6626811	2
4009910	1303538	1
11919626	11919737	1
12437898	12437926	1
749173	749174	1
3058625	3058626	1
4080664	4080661	1
11781763	11781573	1
9683801	9683802	1
5258329	5407607	1
3051561	3052159	2
1048442	1048589	1
2389213	2389193	1
10279755	10214815	1
8872709	8872712	1
11130952	11130951	2
6521499	6521500	2
11396039	11396040	1
6096050	6096049	1
9887736	9887735	1
6136710	6136709	1
697014	697025	3
6447589	6447592	1
1631229	1631230	2
10450699	10450726	1
1773131	1774530	1
4845062	4844741	1
7739676	7739643	1
12299833	12301911	1
5130146	5134569	2
1036467	1036468	2
9830360	9830359	2
3718066	3741440	1
12717789	12648684	1
7704933	7704934	1
4124293	4122763	1
8994448	8995529	2
664460	664459	2
8746758	8746757	1
1455573	1455249	1
10041516	10041513	2
8258708	8258467	1
9246470	9244448	1
234054	234051	3
11470491	11465505	2
2747848	2747847	1
8923302	8923301	1
8815658	8815657	1
1185204	1185203	3
8683887	8814091	1
9294426	9468435	1
4163006	4161088	3
6744151	6744154	1
1770910	1769816	1
4785866	4785863	1
1406956	1596209	2
5410854	5305206	1
10401509	10401585	1
2186408	2186407	1
1641650	1635548	1
4876443	4876440	2
3213568	3213567	1
11973966	11974188	1
4323096	4323092	1
838260	3122090	1
11519980	11519979	1
11524421	11524422	1
3595259	3595515	1
4603991	4603992	1
8887875	8887876	1
10852150	10852149	1
6995926	6995925	1
1829377	1829374	1
42083	42084	1
3387103	3387104	1
1565471	1565472	1
4279430	4281908	2
4280148	4378799	2
1275318	1275317	1
5039039	5039040	1
8966002	8966001	1
10137318	10136314	1
12236858	12044859	1
2351236	2408763	1
8385376	8385311	1
11993936	11993957	2
12348175	12348178	2
4460911	4460912	1
10481711	10481712	1
2124530	2124529	1
7437580	7437577	1
6081684	6081683	1
720503	720343	1
4419569	4419570	1
11337249	11337252	2
2863019	2852964	2
3672847	3672930	1
1381429	1379893	1
3367370	3367367	1
11602114	11602113	1
11239075	11239076	4
9177511	9161412	1
12422263	12422264	1
5466783	5466786	2
8770173	8768842	1
12755472	12755485	2
8011439	7972740	2
1576482	1574383	1
8657634	8657633	2
1422892	1422886	2
11163528	11163328	1
8005769	8031599	1
11486007	11486008	1
2591940	2591939	1
12603567	12270979	1
6816150	6816147	1
6744155	6744158	1
2478271	2478272	1
992449	992337	1
371404	371402	1
3450869	3517898	1
6960153	6960154	2
925658	925657	1
8563164	8563161	1
6580506	6580505	1
2758225	2758226	1
1227993	1227462	1
5726446	5726406	1
4336862	4338673	1
10208106	10208105	1
12753038	12753037	1
6473039	6473040	1
806721	806516	2
590656	590655	4
10384008	10384007	1
4398392	4398391	1
2282754	2032802	1
6718939	6719684	1
6185743	6185744	1
2518640	2518639	3
12368354	12368353	1
1451186	1447951	1
11334691	11334692	1
3711278	3708845	2
8600861	8600474	1
1297513	1297514	1
2416382	2416377	1
7758862	7747204	1
428637	428638	1
584085	584086	1
1694600	1694599	2
9776100	9776099	1
1286860	1197157	1
7009226	7009225	3
11317817	8359913	1
7288249	7288250	1
10014785	10014830	1
6081513	6081514	1
6570431	6570598	2
9557167	9559106	1
426300	426299	1
134466	134465	1
8050500	8054400	1
7415609	7409326	1
5963085	5963088	1
1964853	1964908	1
9994185	9995032	2
1033204	1033203	1
11721858	11721857	1
6632316	6632315	1
422097	207192	1
2284109	2284112	1
3301542	3301626	1
12168537	12168540	1
8234704	8234701	2
9144567	9144568	2
10937950	10937949	1
11150550	11150549	2
7537439	7536500	1
5183479	5183480	1
7511519	7511520	1
7042725	7042746	1
9818688	9818687	1
9025709	9025712	1
8034859	8034866	1
10894842	10894849	1
6395248	6481797	1
1082200	1082224	1
9605191	8761478	1
1612526	1612523	1
9552005	9552006	1
6684827	6683376	2
115040	115039	1
11727136	11776966	1
2941665	2941778	1
12151493	12151494	2
2324303	2327609	1
2650268	2650267	1
8584580	8565306	1
5312599	5312600	2
8420079	8420080	1
6353969	6424364	1
4313971	4322549	1
527708	527707	1
1787827	673513	1
10352318	10352315	1
11758009	11760158	1
3547943	3547944	1
10155210	11677462	1
12168350	12170016	3
9830358	9830355	3
627621	627622	1
10813516	10809984	1
3747580	3747583	1
11852246	3948269	1
6966282	6966281	3
7164658	7164657	1
8429886	8429883	3
9792590	9792589	1
11513870	11513867	1
10774834	10774833	1
9617320	9615491	1
6784149	6638959	1
3268639	3268640	1
10967714	10967713	2
7440105	7440107	1
444261	444264	1
12202854	12202853	1
9344264	9515177	1
10650622	10650662	1
2740096	2740131	1
11147692	11147691	1
6440642	6440641	1
747163	752216	2
12743110	12720506	1
9331956	11530207	1
5223104	5223103	1
11515020	11515019	1
638713	638714	1
10938163	10938164	1
6353969	6360205	1
4200793	4200798	1
7002835	6869807	1
3294552	3230217	2
7476833	7524965	2
8402553	8402610	2
10497220	10497219	1
8380190	8380189	1
280236	11910266	1
6102573	6102381	1
943871	943874	2
4287187	4287246	1
2493690	2493689	1
10769145	10768995	1
10620980	10622958	1
4264513	4264514	1
2903528	2904229	1
9252138	9252202	3
4566679	4566680	2
7410584	7410253	1
4669467	4669691	1
7978768	7979293	1
8355180	8355179	1
4503280	4503279	2
11053639	11053640	1
3973853	3973854	1
6775024	2935384	1
3499703	3501419	1
2663304	2802339	2
6472225	6466279	2
9013991	9013631	1
5235851	5235852	4
4739042	4706225	1
1293723	1293740	1
954907	785147	1
4954734	4954607	2
12289879	12295838	1
564688	558428	1
5605857	5605858	1
5678306	5678305	1
8310563	8310564	2
1626597	1626598	2
10227953	10227960	1
2240812	2241032	1
5360500	5360497	1
10735043	10735139	1
7367253	7367372	1
5667739	5667740	2
6540351	6540732	1
11156490	7534473	1
42085	42088	1
6114148	6114152	1
11504624	11504617	1
6793771	6793872	1
842324	842323	3
2082996	2082995	1
12253016	12253015	1
12790303	12790304	1
11792671	11792674	3
6690711	6689935	1
6732716	6695638	2
7190616	7190615	1
8786956	8786955	1
1621148	1621147	2
2605182	2605358	1
2174119	2172257	1
9342650	9435679	1
1535360	1535359	1
3448185	3448163	1
8722677	8722673	1
88079	88080	1
8600871	8600874	1
472683	473513	1
8983613	8983614	1
2657027	2657028	1
8694462	8650631	1
8129224	8128799	1
7887517	7887528	1
3298756	3298755	1
11382187	11382188	1
9177617	9177602	1
5708387	5708388	3
2594834	2594833	1
11653936	11653935	1
6078802	6078801	1
7588135	7588136	1
9863565	9863566	2
10187512	10187511	1
3725049	3725050	2
6120850	6120828	1
7320888	7320887	1
314811	314812	1
12717659	12717660	2
468187	677288	1
2650272	2650271	1
8804647	8804648	2
4196974	4196955	2
2078477	2078484	1
7900821	7924495	1
11663125	11663126	1
8156553	8167706	1
7988081	7988084	1
971312	971311	1
10870770	10870769	3
10883884	10233229	1
11317714	11317713	2
4184067	4179766	1
7287683	7215204	1
9470458	9470455	1
4957223	4957081	1
836899	836900	1
3787397	3796549	1
4511605	4614366	1
9170349	9170350	2
12034935	12204950	1
10161510	10161509	1
2676415	2676416	1
10470906	10493547	1
4757478	4757477	1
7626517	7626523	1
963767	964185	1
11206782	11206548	1
4914637	4914638	1
1501540	1511095	1
9307137	9307138	1
8755162	8758104	1
3278103	3278104	1
9307135	9307136	1
5007260	5007259	1
6679202	772378	1
11349596	915998	1
9470460	9470459	1
2829419	2829430	2
12236858	12236857	2
5570752	5570751	1
343679	343680	2
1326992	1326991	1
12123264	12123263	1
5735278	5920598	1
1705422	10468380	1
10241955	10242082	1
3562118	3562117	1
11434027	11434028	1
8297045	8376509	1
6521501	6521502	1
4591250	4594947	1
1951295	9389375	1
1258912	1316554	2
3439246	3438669	1
8455749	8455750	1
8229105	8229106	1
6628000	6627924	1
9110082	9110081	2
10818027	10818523	1
6474144	6474143	1
3522359	3522360	1
11333540	11331487	1
2344732	2346724	1
6756001	6794744	1
11182052	11182049	1
9339559	9338884	1
2037673	2037674	1
2387272	2387210	1
3597541	3598484	1
10391726	10391684	1
7709608	7717896	1
1963487	1963497	2
7673965	7671462	1
680357	678409	1
10558272	10558271	1
5557365	5557366	1
4642888	4642887	3
10566655	10308449	6
6701041	6701042	2
7739642	7739641	2
6437457	6437458	3
7866241	7871561	1
374677	374678	1
6336100	6336099	2
9484138	9784975	1
6671917	6671893	1
12181205	12019222	1
296177	296115	1
5406725	5406562	1
7215485	7215756	1
1419970	1147327	1
11503139	11502169	1
5075583	5075586	1
1998272	1998311	2
12784213	12784156	1
1212016	1212024	1
8057973	8057974	1
11449620	11449619	2
780236	780022	1
5579686	4538544	1
7288251	7288252	1
1185202	1185443	2
7612951	7612952	1
10750598	10750241	1
5730968	5723930	1
624616	723919	1
7646602	7646749	1
10371140	10369604	1
6986040	6986039	1
6513731	6513821	1
1759497	1759500	1
2959786	2959830	1
8673244	8673243	1
4744605	4744811	2
11033555	11033556	1
5330627	5385957	1
6095012	6095112	1
6482951	6439923	1
7949944	7949943	1
11767760	11767734	1
4684700	4684171	2
1723446	1723269	2
4604968	4604965	2
3939587	1087125	2
11002622	11002621	1
693300	693366	1
6177810	6177809	2
1708265	1708266	2
9894534	5019640	1
334141	336335	2
6018758	6018757	1
1136170	1136169	1
10985740	10985739	2
6714230	6713963	1
4808666	4808665	1
5874815	5874816	1
198044	198118	1
6078111	6078112	1
5605855	5605856	1
9103340	9103339	2
11470487	11465505	1
10441952	10441951	1
2624008	2624006	1
8029648	8029645	1
9755615	9755618	1
842330	842325	2
6194995	6194998	1
11923382	11923734	1
12378284	12378283	1
10882414	361194	1
3646242	3651323	1
2788149	2788150	1
12323413	12339043	1
9922807	9921057	1
10178247	10180213	1
9811367	9811014	2
5366758	5366747	2
2184285	2184286	1
10184387	10184641	2
9198345	9198269	2
4131949	4131532	1
2722163	2722164	1
4116370	4116369	1
6409500	6409479	1
2491090	2491140	1
5710081	5749971	1
1192340	1191866	1
7230184	7249163	1
883085	883086	1
3801753	3801766	1
6194307	6194305	1
796037	796038	1
12633205	12298460	2
9504544	9504543	2
6438234	6438233	1
6069655	6069656	1
6247611	6232361	1
10223636	10227631	1
1642481	1312636	1
6158737	6158738	1
8011638	8017018	1
12000413	12000521	1
5896654	5897470	1
2717531	2717532	1
298662	298044	1
8170461	8170462	1
1156800	1159867	1
4642886	4642932	3
8890160	8890159	1
6706135	6706136	1
5893796	5893795	1
4083945	4083946	2
7164656	7164655	1
12251073	12251074	2
8206103	8210872	1
9077049	9077050	1
4453150	4453272	1
8253625	8253626	1
7466109	7466073	1
4669465	4669466	1
5603116	5603082	1
2968339	3035043	1
2719484	2744676	1
12182543	12182555	1
6437455	6437456	3
11789107	11789108	1
9013630	9013629	1
8297063	8297243	1
11502168	11502167	1
9436287	9434336	1
5767951	5767952	2
11800448	11800482	2
7831919	7816357	2
8887527	6291519	1
9359977	9359978	1
9161941	9161942	1
8305995	8305981	2
8081658	8081660	1
2529218	2529287	1
1408186	1586557	2
12321327	12321328	1
5379758	5379996	1
11636786	11636785	1
3634440	3634439	1
10857851	10857852	2
12692748	12692477	2
1246041	1246042	1
7866241	7871563	1
8530609	8530611	1
12485218	12464657	2
4528500	4528497	1
335555	335556	1
7740777	7740664	1
7102254	7102241	1
9790845	9790846	2
6080899	6080900	1
1009045	2254093	2
4592069	4592072	1
3556450	3556449	1
8319855	8318610	1
4604964	4605025	1
2151904	2151903	1
6490657	6490318	2
2444253	2444254	1
3753155	3753156	1
4579179	4579180	3
3690929	3690831	1
9931681	9931686	1
8553380	8553379	1
4342243	4447515	2
4629601	4629602	1
3941213	3941214	1
904825	624937	1
4257794	4257793	2
9344881	9344882	1
8286258	8285352	1
795277	804110	1
6191123	6197638	3
5998418	5998653	1
9076799	9076800	1
2653018	2654554	1
8806243	8806244	1
7301438	7287548	1
2529237	2490385	1
7371988	7372920	2
10729853	10729856	2
208617	208618	1
3505194	3506869	2
6159898	6159897	2
7357598	7358483	1
2406800	2406472	2
8056450	8056449	1
10306001	1373212	1
1252140	1252139	2
296177	296113	1
4257975	4257976	2
568848	568847	1
11725735	11725736	1
9523174	9523173	1
8838075	8838076	1
8441764	8442797	1
7640427	7640428	1
10536742	10538625	1
6195000	6194976	1
472090	507482	1
836167	835887	1
6019543	6019546	2
2129967	7316659	1
12151495	12151496	3
8374522	8374521	2
10735693	10335059	1
3672179	3672180	3
11325481	3689054	2
12279404	12274002	1
12440089	12440090	1
10871743	10871744	1
8831009	8831010	2
8675960	8675959	1
11807993	11807994	1
6081515	6081516	1
11654227	11644552	1
10258870	10237426	1
5505952	5505949	1
2065373	2065374	1
6333249	6333250	1
11613710	11613709	1
10158749	10158750	3
10003111	10002763	1
2802338	2802337	1
4846055	4844428	1
915997	11349597	1
6933207	6933208	1
215778	525841	1
194189	194190	2
2934120	2935384	1
8189847	8189848	1
5520319	5520320	1
2814233	3116133	1
3122929	12402995	1
4175399	4143189	2
8240028	8240035	1
5850817	5850818	1
4846317	4846463	1
5088950	5088953	1
319434	319433	1
1311046	1311128	1
6089805	6097998	1
44575	44576	1
7226050	7226049	1
4911550	4913478	1
5274517	5274518	1
4957223	4957083	1
6018754	6018635	1
6252111	6252112	1
7683928	7683927	1
10064415	10064405	1
8216161	8269927	1
6857641	6857642	1
8320745	8320746	1
2243577	2249344	2
11069168	11069167	1
5216408	5216407	1
4080660	4079685	1
5855301	5855302	3
7792981	7792982	1
10607645	10607646	1
5546067	5546068	1
1503735	1500393	1
789769	603854	1
7746133	7713645	1
3632856	3632855	1
11515257	11515258	1
11376011	11376047	1
8070141	8070142	2
8308497	8308498	1
6186026	6191303	2
10715965	10715968	2
9295281	9295282	1
6690139	6690140	1
1915769	1915770	2
2506094	2506103	1
6730797	6730798	2
12633205	12298462	1
6459377	6459378	1
9331958	9331957	2
12726071	12726072	1
7009224	7009223	3
6461340	6433138	1
8679873	8681838	1
4491358	4488564	1
5747988	5748068	1
11053941	4879368	1
5237952	5237605	1
12472245	12472246	1
6247619	6364613	1
6389961	6389962	1
7138719	7138720	1
11334354	11476301	1
3072677	3072678	1
8200970	8200969	1
3427233	3427234	1
780240	780237	1
5227701	5223560	1
5730717	5733125	1
10624032	10623990	1
8682197	8681966	1
9635405	9635406	1
1318759	1318489	1
10735041	10735042	1
8581177	8581178	1
10104558	10104534	1
9124916	9124915	2
7190620	7190615	2
9671058	9671057	1
11860407	11860408	1
1565618	1565470	1
11802731	11816895	1
12240575	6406050	1
444254	444253	1
6820052	7167730	1
617941	617942	1
2010805	2008857	1
5912771	5912499	3
5890991	5890992	1
4637423	4639144	2
6858285	6858286	1
12001044	11997950	1
8624304	8624531	1
12316486	12316485	1
3097117	3097079	1
5678481	5738136	1
11480792	11480791	2
2996807	2998948	1
9676786	9676785	1
7713858	7713857	1
5759293	5759294	1
11129912	11129911	2
1658712	1667453	1
4699800	4701597	2
5095197	5094754	2
3878918	3878917	1
10299295	10299298	1
7945625	7945559	1
3282585	3282586	1
9314356	9306342	1
11348888	11348892	1
5240334	5240333	1
8988473	8988677	1
12525260	12525259	1
11632800	11632799	1
9252587	9252588	3
10322960	10329784	1
4415131	4415132	1
4818359	4819393	1
1257376	1257373	1
3854823	3855425	1
5151390	5151389	1
12027201	12027202	1
6760962	6711568	1
4377452	4377451	1
2163330	2164203	2
8197933	12341981	1
5745992	5745989	1
4224989	4224990	1
8950511	8952696	1
798018	798017	1
5904802	5904799	1
2518638	2518637	2
2669814	2669813	1
4840870	4840943	1
8068215	8068216	1
2801141	2801142	2
4251768	4251663	1
6300452	6300451	1
6415271	6415272	1
343677	343678	1
6205803	6205806	1
11968936	11968935	2
12038603	12039109	1
4264122	4264121	2
6184726	6184700	1
9501737	9501738	2
4102026	4102025	4
4935990	4935989	1
9120898	9120653	1
6061772	6061767	1
12331288	12331283	1
7061684	7061666	1
7706717	7706450	2
11781761	11781762	1
9128438	9128437	1
454465	531671	1
1271901	1268793	1
779148	782313	1
6345229	6345230	1
7093153	7093154	1
2817587	2817588	2
5592567	5592568	1
5820184	5794596	2
1663967	1663968	1
3596292	3596291	4
10642771	10702160	1
11807995	11808000	1
7544088	7544087	2
5890989	5890990	1
8997812	8997811	2
8376508	8376507	1
5880685	5757978	1
7182927	7182868	3
2478229	2585121	1
11774432	11774431	1
1613454	1612527	2
7711569	7712398	1
131630	131629	2
652927	652930	1
3128851	3128852	1
4259222	4259226	1
6417173	6417174	1
10982379	10982380	2
9357619	9357620	1
3641185	3641188	2
8624721	8625329	2
796037	795984	1
1480675	1480676	1
5906088	5906087	4
9087089	9087090	2
3670342	3674473	1
1900179	1900180	1
7151201	7151202	3
5211511	5211512	2
12691491	12691492	1
5788051	5788052	1
1046280	1046279	1
11663127	11663128	1
8481540	8481597	1
11755937	11755938	2
5610834	5610833	2
151527	151991	1
6299533	6299534	2
1744156	1739926	1
3495984	3495981	1
7218037	7270938	2
1303195	1303196	1
10688926	10688925	1
7054947	7061687	1
11454317	11457317	1
6221032	6221031	1
7650574	7650549	2
2838759	2838760	2
6290195	6302415	1
3047062	3056936	2
6402236	6397805	1
10985957	10985958	1
9126659	9112586	1
1582914	1584039	1
4879260	4879259	2
6089805	6089806	1
9160455	9160456	1
5941944	5941941	1
2331122	2331121	1
6630182	6680664	1
7490984	7490983	2
5855292	5855291	1
7240945	7240946	1
11792673	11792674	4
5018137	5018375	1
6261687	6383421	1
2256017	1010000	1
9161943	9161946	1
2493688	2493687	1
11513868	11513867	2
6389959	6389960	2
175114	175113	1
11674138	11674162	1
3985935	3985938	2
8538065	8533306	1
1951036	1951035	1
10322962	10322961	2
4673009	4673012	1
5783269	5783308	1
2045586	2288616	1
7739678	7739677	3
487298	487297	1
11239073	11239074	4
1313018	1313017	1
3212211	3213331	1
3711817	6605376	1
6439848	6439920	1
2787481	2787482	1
4336764	4336763	2
8919848	8919847	1
1075367	1075341	1
2097206	2097203	1
3965762	3965125	1
2735239	2735240	1
675881	468189	1
262687	262688	2
6951279	6951280	1
5746142	5746141	1
2225563	2225568	1
5723953	5723958	1
1323812	1323811	1
1973973	1973974	2
11018803	11018810	1
4198827	4189153	2
2331120	2331119	1
6463560	6693082	1
7691378	7691377	2
408407	357274	2
10870772	10870771	2
7626138	7627170	2
11921246	11921245	2
8884802	8884885	1
4716376	4765881	1
6343109	6343110	2
12541845	12542718	1
12383281	12383282	2
946746	945031	3
4420896	4420895	2
15125	14840	1
9468436	9468435	7
2722161	2722164	1
6630182	6680662	2
11221589	11221590	1
2196530	2196005	1
6191691	6191696	1
7847748	7847745	1
3600282	3600281	1
6453818	6453817	1
126397	125602	1
3910227	3910228	2
7712798	7712812	1
6505518	972801	1
11343987	11355838	2
7453748	7453751	1
2753844	2753843	1
5579016	4534119	1
8765045	8765046	2
1156645	1156646	1
7310788	7311723	1
6706688	6712445	3
7086346	7086344	1
3680201	8422958	1
10356179	10356835	1
9830695	9830696	1
5917300	5913212	2
736731	736732	1
11173426	11173425	2
4407603	4215779	1
7036520	7020763	1
197330	565181	2
1476195	1479287	1
6018760	6018759	1
1788574	1788573	1
4252971	4252972	1
12661163	12732243	1
7768585	7768586	1
2987747	2996653	1
9143385	9143386	1
12718231	12718232	1
8035525	7926235	3
1367082	1367081	1
5740884	5740883	1
6762997	6762998	2
10411516	10436894	1
7034249	1123695	1
1576484	1576483	1
10737386	10737381	1
8510444	8510450	1
4396147	4396148	4
21327	21328	1
734491	734492	3
11318349	11318350	2
10652520	10652519	1
11860407	11860412	1
9013047	9013048	1
11101006	4284011	1
12788773	12788774	1
10440223	10439794	1
3742065	4002228	1
7110657	7110658	2
2168007	2168008	3
9031583	9031588	1
9126571	9126572	1
636531	636532	1
11521515	11521533	2
6183150	6183149	1
4150095	4150035	1
2551726	2551725	1
6510034	6510033	2
11258041	11258042	1
2500702	2500701	2
5607869	5607870	1
11872789	11768610	2
9309389	9309390	1
7061686	7061685	1
11812662	11755936	1
4485931	4485932	1
291335	290272	1
6581201	6578954	1
1446860	1446859	1
4463296	4797709	1
590239	590326	1
4692919	4692924	1
5270086	5270069	1
9250596	9250595	2
1150657	1150542	1
6293523	9046222	1
12435026	12435066	1
5850859	5851519	1
6148329	6148326	1
1642535	1642536	1
5600317	7823434	1
2236685	2236686	1
