fend1	fend2	count
4683469	4683472	1
11827524	11827610	1
4990278	4990277	1
5269212	5270666	1
6692325	6692326	1
3249596	3249595	1
6324531	6324532	1
2898484	2898483	1
7828654	7828653	1
4840139	4690863	2
1164422	1164419	1
681469	868464	1
9437809	9437810	1
7709052	7709051	1
10045997	10046008	1
8956673	8956674	1
4536471	4536637	1
11732319	11732320	2
3460779	3460780	1
12189965	12189966	1
9793410	9793409	1
1064891	1064167	1
6405075	6405076	1
4430845	4210030	1
9843696	9300998	1
4381372	4381371	1
4026057	4026233	1
10237106	10237105	1
9802494	9697614	1
6752454	6752451	1
3692970	3869775	1
10560787	10560788	2
4530841	4530842	1
6520027	6521044	1
846175	846330	1
8040337	8040338	1
2053049	2048606	1
2658397	2658398	1
8324044	8324095	2
10206550	10206549	1
3283466	3283465	2
11183287	11183289	1
8033136	8033116	1
12364826	12364987	1
11627651	11627652	1
9897046	9896877	1
12631306	12631305	1
4681762	4682239	1
7610647	8029142	1
1203762	1203761	1
4426555	4430443	1
12501954	12501953	1
10885871	10885872	1
5334008	5335544	1
7763446	7723991	1
8423781	8376370	1
3053326	3053325	2
4417123	4417124	1
8786488	8786487	1
4323045	4323046	1
4222841	4223077	1
10657581	10657582	1
7039924	7039914	1
8644248	8639673	1
6157432	6157431	1
12725906	12725905	2
7804789	7804794	1
4362389	4362856	1
1929051	1929004	1
5671161	5777939	2
1336415	1336416	1
8751223	8751230	1
3524638	3525064	2
942776	922890	1
6128378	11402603	1
10206548	10206547	1
3035161	3035162	1
6495066	6496442	1
27532	27564	1
1709269	1579943	1
4323939	4323940	1
672674	672673	1
5228679	5228682	1
2669863	2669864	1
12677549	12677550	1
11490373	11490366	1
1081719	1081720	1
7957632	9793411	1
7981803	7981804	1
1066532	1066159	1
5517596	5517595	1
3048289	3048295	1
3173219	3173220	1
5942205	5942206	1
4276229	4276181	1
12654083	12690011	1
1710280	1710279	1
12230034	12230033	1
11042447	11042448	1
4650759	4650760	1
1118882	1118881	1
3949951	3949926	1
9693199	9681539	1
12634081	12634034	1
5311649	5311654	1
11288654	11287373	1
945658	930873	1
143304	143303	1
678893	678862	1
4864369	4864370	1
4799558	4799557	1
7519951	7519952	3
1079950	1076844	1
1826737	1826719	1
6811439	6811431	2
8042924	8042923	1
2192313	2192314	1
1058759	1058890	1
9851355	9851356	1
5732788	5732884	1
8244906	8244905	1
4031874	3868985	1
6357917	6357918	1
4260731	4260732	1
10211116	10211115	1
3186873	3186889	1
1597560	1598073	1
7446339	7446340	1
3039294	3039293	2
7506286	7506111	1
837847	837848	1
10926363	10924371	1
2470202	2470242	1
12731942	12731941	1
6309116	6309115	1
8690351	8690212	2
3090630	3090629	1
7453860	7453859	1
4273514	4273513	1
841493	10254276	1
7027326	6832503	1
8722841	8722850	1
834089	780445	1
12388262	12388261	1
6253311	6253312	2
8153422	8153555	1
1586145	1586146	1
8495610	8482788	1
9056545	9056548	1
4298542	4300500	1
11537161	11537162	2
8566584	8566583	1
12439009	12436548	2
4472062	4472061	1
3756911	3762916	1
798081	798082	2
5807885	5837202	1
4222836	4222849	2
4009415	4009066	1
9319515	9317662	1
10435977	10435978	1
6205404	6204034	1
6588204	6588203	1
2336170	2336169	1
6253309	6253310	2
10238165	10238168	1
5743988	5743987	1
190510	190509	1
897240	897200	1
4676317	4676318	1
11420487	11420488	1
1646337	1646338	1
1139252	1139251	1
8766549	8766550	1
10660930	10660929	1
7709042	7709045	1
7477920	7477919	2
4754812	4668062	1
1362022	1362021	1
7774035	7774036	1
7490898	7490895	1
8881306	8881303	1
999656	999655	2
11048496	11048632	1
11024236	11024235	1
3738715	3737417	1
10225754	10225753	2
2976242	2976241	2
1222658	1222657	1
11375152	11372374	1
1300568	1300843	1
7862530	7862533	1
10946737	10946740	1
11096795	11097004	1
3377413	3377414	1
7174187	7174188	1
10210972	10211299	1
4356370	4356375	1
2594692	2594691	1
3860246	3860279	1
6584280	6689871	1
1594746	1595217	1
10127380	10127384	1
11492324	11493457	2
6828603	6828743	1
6185984	6185983	2
9493087	9493088	2
10238163	10238164	1
7852418	7852421	1
10863766	10863763	1
4400157	4400158	1
8190197	8190198	1
11024238	11024237	1
1053618	1053844	1
8540359	8540344	1
812653	812658	1
623290	623182	1
4094550	4094549	1
5644938	5644937	4
1122954	1122953	1
11144565	11144566	1
5449645	5449913	1
357440	7223967	2
10720981	10720984	1
10094954	10095021	1
693082	693081	1
10321882	3268591	2
10545759	10613969	3
6974813	6974814	1
4472020	4472056	1
6421865	6421868	1
11192938	11192937	1
11208156	11208118	1
12681756	12683363	1
8804086	8803183	1
4310785	4310786	1
11228001	11228002	1
10796628	10796749	1
4469324	4468983	1
3926392	3926391	1
9639900	9639907	1
12384658	12414861	1
11811772	11811437	1
6279043	6279056	1
6345788	6345787	1
8330246	8330276	1
10563471	10613480	1
11042445	11042446	1
4282707	4282708	1
8518563	8518915	1
9381370	9381369	1
4577957	4577958	1
4222848	4222847	3
5218722	5218721	1
12192523	12189966	1
4558869	4558870	1
3495525	3495477	1
9986049	9986050	1
7548905	7548906	1
6043990	6043516	1
3866098	3872863	1
3628587	3628590	1
5487554	5523835	1
6156543	6156544	1
11293630	11293653	1
27550	27577	2
3756199	3756205	1
4369727	4369728	1
71375	71378	1
792698	792697	1
5293952	5291773	1
4670145	4666038	1
8631940	8631935	1
5885123	5885124	1
9688896	9688895	1
7018214	7018213	1
3370205	3370206	1
1067109	1066180	1
6818867	6818910	1
9272611	9274204	1
1523550	1523549	2
678106	429567	1
1795203	1795111	1
11037595	11037598	1
4700640	4700639	1
6218984	6218981	2
4036666	4036665	1
10211114	10211113	1
6525637	6525638	1
6160528	6160527	1
7899020	7899076	1
2693002	2692997	1
7443665	7443666	1
12663771	12663772	1
7794279	7794283	1
10912212	10911996	1
5671520	5671531	1
12031194	12031193	1
1017179	1017180	1
4498310	4493440	1
3231720	3231599	1
5561261	5561930	1
1040481	1046620	1
10010789	10011438	1
11451370	5631719	1
5895388	5895385	1
5737769	5737770	1
5228518	5229797	1
11600731	11600732	1
307154	307153	1
3395152	3395140	1
4248507	4248508	1
10729142	10729139	1
1445324	1444935	1
6829741	6826347	1
2133119	2133122	1
10980571	10979316	1
7613753	7613754	1
327318	327310	2
11819591	11819592	1
1104216	1104178	1
9342315	9339351	1
2669865	2653467	1
7680808	7680977	1
7679830	7745797	1
6827704	6830742	1
8317409	8317410	1
4853911	4855281	1
4472710	4472709	1
11139697	11133123	1
10364973	10364974	1
6360572	6360577	1
6915218	6915119	1
9272609	9272610	1
1959026	1958995	1
12546048	12546047	1
2808384	2808383	3
7736514	7736063	1
8878509	8878518	1
1520735	10891002	1
7629070	7629062	1
10278894	10278893	1
2942779	2942780	2
4936147	4936145	1
6952726	6952725	1
5878189	5878190	1
711528	711527	2
5698247	5956425	1
6549598	6549597	1
3082517	3082518	1
6048046	6048069	1
9103246	9103754	1
12204695	12204046	1
6278085	6278086	1
4058221	7363981	1
6641702	6641714	1
2781487	2781490	1
4602643	4602644	1
3222242	3057860	1
921321	921322	1
10441912	10441911	1
2930977	2966570	2
6379587	6379588	1
3909446	3875698	1
7650262	7650649	1
4411260	4412985	1
11187730	11125796	1
1052839	1052840	1
6443892	6576428	1
10657583	10657586	1
6126353	6126354	1
4466915	7374274	1
6430337	6430338	1
6844955	6844956	2
4536573	4536574	1
6576378	6576375	1
370627	370628	1
4699148	4700420	1
4468232	4469644	1
11151544	7406610	1
10613966	10613965	1
5533750	5533721	1
821620	821529	1
11814165	11814166	1
12420956	12420955	1
1389347	1389348	1
8379629	8379630	1
1450337	1450429	1
11574089	11574090	1
10138680	10137438	1
1719483	1719484	1
9113781	9113993	1
51080	51079	1
1708730	1708729	1
785364	837889	1
12745058	12744984	2
6571737	6571738	1
1997550	1997547	1
6628772	6628792	1
5709081	5709847	1
973476	973500	1
536281	536282	2
11384070	11384069	1
12192519	12192520	2
7583901	7583902	1
8517166	8517201	1
11275662	11592672	1
8873638	8873637	1
2707451	2707452	1
4588230	4715767	2
9663666	9663665	1
1164422	1164417	1
8995816	8995815	1
8129606	8129605	1
3032929	3032941	1
10661644	10661643	2
2563109	2563110	1
3321930	3321927	1
2678057	2678188	1
12505797	12505925	1
9966977	9966978	1
5904062	5904061	1
1392664	1392663	1
10538379	10538386	1
2322473	2322711	1
6814293	6814669	1
7222397	7218150	1
6944689	6944690	1
6688505	10560837	1
3469795	3473670	1
6692966	6692969	1
1774662	1774661	1
7406095	7406096	1
7719801	7719764	1
6692323	6692324	1
9674176	9674175	1
10772123	10772124	1
5921924	10876876	2
4739097	4742621	1
11993061	11993062	1
11296885	11307925	2
10126075	9942214	1
7220457	7220458	1
6548127	6548254	1
9661191	9384229	1
5743885	5743886	1
3253918	3253917	1
11107179	11107182	1
4721720	4721719	1
12691091	12691092	1
10981918	10981915	1
9607173	9607174	1
11777947	11777948	1
7868785	7868786	2
946962	946925	1
10661642	10603304	1
8881994	8881993	1
449108	449107	1
11099737	11099738	1
11324824	11321753	1
3808256	3808251	1
7206757	7206758	4
7340414	7340413	1
10937346	10937339	1
4012841	4012860	1
9327373	9327408	1
6752456	6752455	1
9595209	9595167	1
1139254	1139253	1
4280682	1392665	1
9681179	9680784	1
10538387	10538388	1
748917	748918	1
2494063	2494064	2
786665	786668	1
4529990	4529709	1
917140	916295	2
3338252	3338249	1
129312	129311	1
5838053	5838054	1
767270	767269	1
6174114	6128402	1
11123020	11119553	1
1509876	1497056	1
5662975	5654791	1
5506928	5506925	1
8308495	8308496	1
5946625	5942584	1
6652607	6652608	1
6224760	6228069	1
11467343	11467037	1
1874246	2034575	1
7654393	7654394	1
5625529	5625532	1
5678469	5678470	1
9387320	1017183	1
4492795	4490892	1
5097052	5097051	1
10170121	10170122	1
2699472	2699471	3
2224039	2224040	1
122160	122159	1
2996622	2996621	1
3080748	3087893	1
12618121	12618122	2
7453397	7453418	1
512136	512135	1
6652605	6652606	1
6300322	6300321	1
415423	415458	1
3930912	3930911	1
12663264	12663357	1
10706615	10706616	1
10294326	10294325	1
12552515	12525051	1
8366783	8366784	1
3474779	3474780	1
10466585	10466671	1
2372409	2372437	2
10418791	10418818	1
6130945	6130946	1
8496269	8495913	1
8883795	8882360	1
5949718	5949715	1
1712564	1712563	1
6730692	6730691	1
10892998	10892997	1
10147635	10147636	3
11867687	11867688	1
4380499	4374854	1
11881306	6017772	1
10188291	10188292	1
1301838	1301876	1
3485788	3485787	1
12334334	12334333	1
5561507	5548391	1
3495112	3495109	1
4939111	4262579	1
6311868	6314008	1
3321924	3321903	2
7636671	7636672	2
9663620	9663619	1
7785478	7785477	1
5840564	5840563	1
10592986	10592985	1
11591952	11591951	1
6135690	6135689	1
11765076	11765075	1
11698070	11698069	1
1856875	1856876	2
8949258	8949257	1
11499356	11499345	1
3676118	3676117	1
7288744	7288743	1
10343698	10343292	1
2415105	2415106	1
5671159	5671160	2
8723372	8723371	1
10298260	10298248	1
4519343	4519363	1
375779	375786	1
9672851	9680198	2
5657681	5657682	1
3603659	3603660	1
10441734	10441731	1
3370219	3369793	1
873683	843134	1
1234582	1232783	1
3389944	3389941	1
12312219	12312217	1
1999577	1993222	1
11390052	11390051	1
5092761	5092762	1
5557239	5557240	1
6868279	6868280	1
2316412	2316411	1
9267294	9267291	1
4507988	4507987	2
10311392	10311289	1
8953901	5204485	1
9175773	9175020	1
10341206	10341205	1
5490984	5490983	1
9753568	9753567	1
5448461	5448462	1
6800470	6800459	1
6949408	6949399	1
3551821	3553717	1
6060969	6060941	1
4822168	4822163	1
6588232	6588205	1
7342344	7342341	1
7817338	7830347	1
1889334	1889399	1
5253382	5253508	1
6014576	6014575	1
11454205	11601124	1
7279590	7278777	1
5350468	5350465	1
8884190	8884196	2
5653973	5659306	1
12182218	12182365	1
8864489	8864457	1
2208606	2208605	1
1314593	1314586	1
6937794	6937791	1
10005371	10005374	2
10188296	10188295	2
1539015	1539016	1
7985001	7985002	1
7382112	7382111	1
3750528	3750527	1
12230036	12230035	1
9941548	9941293	1
320879	320880	1
333489	333490	1
7388851	7388852	2
4068133	4068134	1
7096782	7096781	1
4107996	4107987	1
9588999	9549007	2
7103186	7102672	1
650288	650287	1
12644768	12644739	1
8048149	8040336	1
6022777	6022778	1
11256484	11252468	1
1164543	1164544	2
5224174	5224177	1
12157099	12449891	1
7940960	7940959	1
9139802	9139841	1
11927932	11927931	1
11203841	11203846	1
6744534	6744538	1
4442340	4442335	1
10560785	10560786	1
878553	878575	2
1792523	1792503	1
4853058	4853057	1
8739893	8739894	2
7993976	7877273	1
6909475	6909476	1
2786567	2786568	1
4990280	4990279	1
1018174	1018173	1
755747	755752	1
5596844	5598022	1
2699470	2699467	2
11602718	11602112	1
10219641	10219642	1
7898660	7898659	2
6188442	6190201	1
656681	656698	1
11489326	11489325	1
6520971	6520972	2
10095020	10095019	2
6614970	6614967	1
88963	129000	1
2004141	2004142	1
890337	890335	1
2269041	2269042	1
4382162	4382161	1
8259953	4159814	1
808994	794919	1
5494634	5494633	1
1578770	1578925	2
2996640	2996623	1
293356	293355	1
4180713	4180714	1
6343037	6343040	1
10215268	10215280	1
3350597	10967508	1
3415372	3415364	1
1586147	1588145	1
11276155	11276156	1
905593	905594	1
1154935	3117032	1
10373845	10373305	1
11927947	11927933	1
5358229	5358232	1
10506276	3738829	2
12664089	12639964	1
663334	663333	1
837845	837846	1
8240139	8239931	1
1209716	1209715	1
10331779	10332023	1
11926417	11925517	1
11547355	11547356	1
6549662	6549659	2
1640422	1640421	1
7291492	7291491	1
1397373	1397374	1
758114	758113	1
764213	766643	1
4323047	4323050	1
1147763	1147753	1
3384545	3385186	1
8938398	8936511	1
2409699	2478961	1
7257555	7257556	1
5793538	784131	1
11320662	11349834	1
7652070	7652069	1
6872277	6869887	1
9549006	9549005	2
6885141	6885142	1
2699466	2699465	1
7390471	11148947	1
6488899	6531784	1
6345786	6345789	1
3732198	3732174	1
433149	433150	1
5343190	5343462	1
4181069	4181070	2
10702032	10702088	1
616024	616023	1
1929049	1929050	1
7226379	7226188	1
2956009	2956010	1
11152734	11152752	1
7839181	7839182	1
4322876	4322915	1
6016331	6016410	1
11846495	11846496	1
12227790	4173537	1
7446330	7446329	1
4171013	4171014	1
7225224	7225223	1
6018385	6018386	1
6126363	6126364	1
5020245	5019852	1
48464	48463	1
7984630	7985000	1
11537167	11537168	1
835020	835082	1
10838332	10838331	1
7546833	7546838	1
7809034	7808970	1
6872451	6872452	1
4132344	4132343	1
10646671	10646637	1
5097756	5097830	1
6121035	6121036	2
2142316	2142315	1
5678471	5678472	1
10196326	10196325	1
8211864	8211863	1
9753403	9753877	1
1719485	1719486	1
4276227	4276181	1
6973069	6973161	1
8014085	8014088	1
10962456	10962459	1
7862969	7862970	1
11070722	493857	1
8486624	8486623	2
12459722	12459725	1
11664808	11664428	1
3249358	3249357	1
9273828	9273827	1
9183378	11168199	1
2730291	2729866	1
7518534	7518533	1
7141781	7141794	1
11064281	11064341	1
7482223	7482230	1
6684955	6684958	1
9243086	9243085	1
10948436	10948425	1
9823141	9848401	1
8324094	8324091	1
2111278	2111277	1
8734744	8735406	1
12743026	12743025	3
5341904	5341897	1
3271334	3202792	1
7477922	7477921	1
1829305	1728960	1
3065037	3073659	2
2092197	2092198	1
2566117	2565059	1
1243055	1242846	1
6692968	6692967	1
1628464	1628463	1
528504	528501	1
5519033	5519044	1
4623922	4623921	1
965031	964812	1
147340	282903	1
952392	952391	1
6692323	6692326	1
934328	934327	1
7268710	7268709	1
6727785	6722794	1
11991077	11991078	1
3255541	3255551	1
10471502	10471501	1
11907927	11907933	1
7503626	7503625	1
6293492	6293491	1
2905342	2905341	2
2594382	2523983	1
4649118	4649129	1
6003474	6003517	1
7136186	7136185	1
6524927	6524928	1
7234443	7234444	1
4852308	4852307	1
4911331	4911129	1
11086172	11084133	1
10691633	10691634	1
10400498	10401951	1
329544	329601	1
11402602	11402601	1
9005847	9005848	1
4255294	4255275	1
6184065	6184122	2
5977865	5977866	1
1833285	1836657	2
5228672	5228678	1
10294324	10294323	1
7546885	7546886	1
3643160	3643159	1
1262612	1262609	1
1979795	1975801	1
8184547	8184548	1
3133583	3133584	1
4552549	4552530	1
9662501	9557109	2
2119786	2119785	1
6233509	6471048	1
3615553	3614784	1
9238298	9238295	2
2698669	2698670	1
3869008	3869007	1
2790831	2791812	1
4794817	4794815	1
7656250	7656247	1
2294657	2294658	1
12667319	12667320	1
2161538	2161537	1
7490677	7490680	1
6649018	6293495	1
5913481	5913462	1
7743435	7743053	1
1915837	1915838	1
5731805	5731806	1
10657109	10657110	1
6233496	6470107	1
5623505	5623506	1
8658006	8658620	1
11729387	11729388	1
12049425	12049411	1
10699291	2269040	2
767271	767272	1
10006745	10006746	2
3938023	3938024	1
8766548	8766547	2
2707453	2707454	1
1560148	1560188	1
3110174	3110173	1
7582790	7582801	1
1831789	1831792	1
6556883	6558548	1
6844953	6844956	1
9532895	9531819	1
621712	11071115	1
3860248	3860279	1
7694259	7754274	1
2494721	6087988	1
7840265	7840253	1
10474657	10474658	1
12737392	12737391	1
6887783	6883369	1
9674940	9674937	1
1706382	10811858	1
3321928	3321927	1
6264894	6266216	1
12538628	12538627	1
9130014	9130013	2
5396181	5493581	1
12472071	12472076	1
9592844	9595450	1
12726296	12726295	1
5219117	5219118	1
1629792	1629789	1
10475944	10549934	1
663332	663331	1
792388	892088	1
7948518	7948517	1
10247683	10247718	1
10913229	1529879	1
8200006	8200005	1
504621	504604	1
7091560	7091559	1
7952680	7952668	1
12567131	12247293	1
8050545	8050546	4
4417125	4417126	1
4545390	4545396	1
12607229	12607230	1
7446468	7446467	1
9365834	9365068	1
6838970	6839007	2
6611758	6611757	1
1311438	1311433	1
9940930	9939895	1
4181071	4181130	1
4582429	4577956	1
3249363	3249364	1
4792545	4578454	1
11382325	11378287	1
9308116	9308115	2
711530	711529	2
4608873	4608874	1
10751323	10743831	1
7933579	7933557	2
1339784	1339783	1
6465675	6465676	1
1583685	1585500	1
10910174	10910173	1
2861010	2861036	1
7191918	7189059	3
3988402	3988399	1
3164127	3164128	1
9239872	9239871	1
12016671	12016672	1
952390	601610	1
693080	693079	1
9944999	9988620	1
934332	934329	1
7490675	7490676	1
10821515	10821520	1
6856732	6856727	1
4687606	4687603	1
7342146	7342145	1
6585665	6584556	1
9528575	9528576	1
10006747	10006750	2
2164024	2164032	1
11783122	11782751	1
9260193	9264142	1
2090197	2090172	1
7887012	7887009	1
5449645	5449915	1
9586665	4154164	1
8244908	8244907	1
7485659	7485481	2
3143817	3142661	1
4194752	4194749	1
6800479	6800422	1
8470379	8470380	1
8105095	8105096	2
8466323	8466324	1
5758529	5758631	1
99372	99374	1
973368	973365	1
2877387	2877388	1
6135709	6144128	1
8579784	8579781	1
4638989	4638990	1
10500153	10500156	1
8885459	8885460	1
7629235	7629236	1
12664087	12664088	1
5756786	5757224	1
7173528	7173527	1
11159564	11159605	2
5311649	5311652	1
7546887	7546888	1
4911329	4911330	1
5941499	5917629	1
2673294	2673217	1
240686	240923	1
7203036	7203035	1
3287390	3287360	1
12330047	12329022	3
9985648	9985647	1
1401613	1401625	1
8963936	8953696	1
8574666	8574665	1
4191397	4191398	1
11071700	11069995	1
4180963	4181325	1
9367843	9367844	1
2465334	2465337	1
9132270	3666992	2
10257320	10258246	1
832523	833140	2
6192294	6194599	1
11846497	11846487	1
11131234	11131203	2
9753302	9795500	1
7194869	6894535	1
2647025	2658396	1
4631207	4631374	1
3064256	3064255	1
11672246	11672245	1
1066055	1045702	1
8034547	7850335	1
6774560	6774559	1
8890281	8890282	1
12617781	12617782	1
4843304	4843262	1
5852289	5852292	1
2565058	2565057	1
774257	774258	1
3235692	3206704	2
5274714	5274713	1
6053339	6053340	1
7063893	7063894	1
240688	240687	1
11139702	11133157	1
9092994	9092993	1
3750526	3750525	1
10908659	437599	1
5280751	5280752	1
10195361	10195364	1
9897450	9897447	1
11800350	11800349	1
8841055	8841056	1
10613968	10613965	1
10710193	10710194	1
11480514	11480505	1
10413396	10413393	1
12165923	12165924	1
6017930	6020761	1
8689030	8689029	1
12629673	12629612	1
2691750	2691749	1
1542396	1542395	1
3938305	3938306	1
1597625	1597626	1
1020345	1020346	1
269327	269328	1
3895635	3895627	1
10947705	10950868	2
6449091	6315420	1
12501952	12501951	1
11099739	11099717	1
1746410	1746409	1
521959	521960	1
7623993	7623994	1
8957242	8956672	1
3764329	3764330	1
6758219	6758220	1
8827293	8827294	1
1001375	1114789	1
7643046	7643045	1
5538237	5537927	1
7892547	7892548	1
7986042	7897164	1
2374351	2374226	1
2946660	2946467	1
6283403	6288994	1
5500143	5500144	1
10421631	10421513	2
8357627	8358978	1
7265057	7265018	1
5655434	5655193	1
1478683	1475764	1
679718	507854	1
11713861	11713800	1
7748916	7748859	1
3947762	3947759	1
9817616	9817615	1
7574027	7574028	1
8560760	8600317	1
9753876	9753875	1
5824566	5782465	1
11499358	11499357	1
10827620	10827619	1
9080636	9080635	1
6174114	6128400	1
5743887	5743881	2
10980569	10980570	1
552343	552418	1
2349464	2349461	1
3164135	3164136	1
9986051	9986052	1
9777559	9777560	1
11503519	11503486	1
7512767	7511926	1
4322890	4322889	1
6038702	9606196	1
8207877	8207878	1
780436	837970	1
12549241	12549244	2
10311247	10310801	1
1265978	1266107	1
1524865	1746064	2
668176	667615	1
3831129	3831178	1
2783305	2901720	1
7941627	7940961	1
9158911	9158560	1
1629794	1629793	1
10473296	10473442	4
6553381	6553382	1
11102586	11099902	1
5154224	5154221	1
12167294	12167293	1
6089876	6089875	1
10462842	10462788	1
7446346	7446445	2
9528568	9528573	1
8708729	8708732	1
843307	843308	1
907268	907265	1
3912264	4095326	1
11920255	11912509	1
8050339	8050359	2
7158337	7158304	1
2844605	2768702	1
1472125	1473547	1
7284382	7284381	1
3962781	3962782	1
6128401	6128402	1
11670006	11670005	1
10705999	10706002	1
6107503	6107504	1
2030905	2029302	1
10710195	10710440	1
9146317	9146318	1
7845945	7845948	1
821618	821529	2
55789	55810	1
9319589	9319590	1
10257322	10257321	2
1070679	1070945	1
6566714	6566838	1
4766477	4766511	1
11029089	11028913	1
958521	958524	1
9782419	9782420	1
7313749	7314572	1
11175474	11174907	1
5263945	5263946	1
1736139	1736140	1
11716483	11716850	1
8326693	8326694	2
6900762	6900722	1
11276157	11276158	1
4365580	4365579	1
10880159	10880160	1
1934536	1934535	1
3971414	3971436	1
2279575	2279573	1
7697646	7697645	2
1363669	1363643	1
9437797	9437798	1
1727104	3200821	1
2786419	2786420	1
6797535	6793794	1
8442850	8442815	1
9294664	7743228	1
1164539	1164540	2
9930284	9930248	1
10216951	10216952	2
6593795	6593796	1
11013696	9155899	1
11071943	10980709	1
11622785	11618051	1
4140693	4140910	1
12559484	12559483	1
1168175	1168181	1
8545613	8545823	1
1362650	1203417	1
462278	462277	1
12472149	12475949	1
724402	724622	1
11168769	11169956	1
4248950	4247057	1
7743229	7743230	1
8150997	8150998	1
10893026	10893125	1
905297	905298	1
4028908	4026605	1
10101394	10101393	1
12678064	12678063	1
606133	7679456	1
9851357	9851078	1
9566791	9566792	1
806117	806176	1
629407	629759	1
11882169	11882170	1
1133816	1133478	1
8036492	8036491	1
4799556	4799555	1
979154	979153	1
10216245	10216950	2
6633967	6633975	1
6206176	6206175	1
6038649	6038871	1
8486626	8486625	3
7618129	7604775	2
4036664	4032068	1
10393184	10393183	1
7052434	7052433	1
10653141	10653142	2
10299937	10299938	1
3955441	3955444	1
11801184	11801369	1
3635865	3632589	1
55787	55788	1
11927930	11927929	1
11591954	11591953	1
4187635	4187677	1
943238	478216	1
8504502	3888568	1
4300501	4300502	1
2249012	2249081	1
5490982	5490985	1
12394158	12391327	1
924572	924954	1
3311282	3311475	1
3961324	3961323	1
9663610	9426598	1
657034	657033	1
9905641	9905642	1
937283	4069913	1
1795201	1795202	1
3125577	8620477	1
12696987	12698374	1
5201367	5201368	1
11485922	11485919	1
937281	937282	1
6586105	6586106	1
3508706	3508705	2
1358818	1358454	1
11725758	11725757	1
6086615	6006098	1
6286173	6286167	1
4513744	4513771	1
7477924	7477923	1
10285662	10285661	1
2786417	2786418	1
2207968	2224036	1
11357186	11360122	1
4855280	4855279	2
9547655	9547656	1
9674178	9674177	1
12011296	12011289	1
5228683	5228684	1
6882283	6882228	1
12339252	12339251	1
10216953	10216954	2
4648946	1659380	1
4678723	4678724	1
11331721	11331722	1
12743024	12742936	2
10499088	10499087	1
5742547	5742538	1
12053581	12053582	1
5066321	5066322	1
3283468	3283467	1
3090632	3090631	1
8790916	8791017	1
12798843	12798844	1
1244140	1244139	1
7165452	7165449	1
12719695	12719696	2
8496831	8496832	2
10983215	10983216	1
6220631	6220632	1
7272502	7272482	1
9763751	9635104	1
1915839	1915840	1
3249362	3249359	1
442538	443283	1
1126142	1126115	1
9838985	9838865	1
4613024	4612944	1
7173530	7173529	1
6100949	6100950	1
5962347	5965495	1
11489324	11480874	1
8455307	8455308	1
4919962	4919996	1
4359232	4489435	1
1882971	1889752	1
5541470	5541465	1
7946027	7776800	1
2906360	2906422	1
4095327	4095328	1
9493089	9493090	1
10731786	10731481	1
2470065	2606656	1
10392674	10392673	1
2181581	2181582	1
8509566	8509511	1
11852176	11852202	1
3508710	3508707	1
5483409	5483410	1
6105429	6105688	1
11886296	11886295	1
8326689	8326690	3
4261665	4259074	1
957759	958134	1
7652068	7652067	1
12307881	12307896	1
11882171	11882174	1
5716669	5716670	1
5701008	5700459	1
8722839	8722840	1
4714277	4642513	1
12549399	12549409	1
11385203	11386558	1
4439049	4441308	1
10311238	10311237	1
11800357	11800351	1
5913436	5913243	1
3949960	3949950	1
3703377	3703378	2
10040776	10040798	1
6954311	6964033	1
7709044	7709043	1
512134	512131	1
4355057	4355058	1
6570515	6570528	1
6611566	6611565	1
4649128	4649127	1
10366319	10366420	1
9083980	9083979	1
7206148	7206147	1
11845044	11845169	1
10140859	10140860	1
979517	979541	1
1048733	1048556	1
4530839	4530840	1
10739424	10738487	1
877516	843306	2
9283057	9283058	1
3495110	3495109	1
8471003	8471004	1
8814364	8814363	1
3099674	3099673	1
7604343	7605546	1
48462	49445	1
4507989	4328190	1
9674178	9674175	1
11671532	7383209	1
11941160	11941159	1
10890455	10890699	1
10095018	10095017	2
744587	787476	2
4472708	4472707	1
10221028	10221027	1
7038203	7038204	1
10417955	3896645	1
924665	927354	1
1203760	1203759	1
1084059	1084073	1
6802727	6802802	1
12629444	12629443	1
3227083	3227084	1
4322914	4322913	1
7459700	7459781	1
12480610	12453533	1
3860246	3860277	1
6321576	6321575	1
7969507	7969481	2
759313	759314	1
5434067	5434068	1
10022197	10022198	1
943050	943055	1
1650623	1653142	1
9339350	9339349	2
375710	375707	1
7045642	7045639	1
8406510	8406509	1
1132546	1131317	1
1003896	1003895	1
7726230	4958351	1
3064254	3064251	1
2845511	2779989	1
6941245	6941667	1
8050543	8050544	2
1607665	1610018	1
5047906	7766628	1
12388801	12388768	1
8223925	8223926	1
3183988	3183987	1
7193552	7193556	3
5743986	5666868	1
8209963	8209964	1
6925607	6925575	1
3243449	3243450	1
12485184	12485183	1
2870478	3053799	1
11757966	11757965	1
9308114	9302489	2
10373837	10373838	2
11084075	11084076	1
2297627	2294656	1
9959438	9959428	1
2164485	2164486	1
3011250	3011208	1
71422	71421	1
5450082	5418317	1
3017568	3017567	1
9437807	9437808	1
10549273	10549274	1
6066278	6066277	1
10566548	10566547	1
6758129	6758130	1
6012167	6089886	1
7892549	7892550	1
4157572	4175344	1
3236558	3236674	1
3988442	3988392	1
11325846	11325830	1
10475946	10475945	1
5921926	5921925	2
10560836	10560835	1
8425551	8425552	1
12698140	12698133	1
9824968	9827065	1
5305940	5305937	1
7220091	7220456	1
1283104	1283103	1
9118669	9130305	1
7490156	7490155	2
2886471	2886427	1
10823236	10823235	1
12292294	12563416	1
4323941	4316952	1
3619009	3619010	1
5363144	5362036	1
7312496	7310348	1
10127234	10127233	1
6844866	6844952	3
5140175	5140176	1
7322994	7302505	1
2335529	2335530	1
11397247	11396877	1
1559820	1559798	1
7871528	7871269	2
8880107	8880028	1
2124880	2124879	1
105504	105460	1
11199252	11199251	2
8736299	8736300	1
5146616	5146615	1
8599567	8599568	1
6907418	6907417	1
2042052	2037133	1
3227085	3227086	1
4356374	4356373	1
11101348	11132178	1
9229103	9229104	1
3858986	3858985	1
4558871	4558872	1
3984658	3984680	1
12203625	12203644	1
4408769	4408770	1
850609	850670	1
10854119	10854122	1
10293957	842754	1
6701473	1501162	1
2981733	2981734	1
943172	943051	1
11554768	11554757	1
11183153	11183154	1
406963	406964	1
6358619	6358620	2
11598625	11628094	1
7262766	7262759	2
1148691	1148692	1
8382768	8382757	1
8631631	8631649	1
3860248	3860247	2
12169954	12171152	1
4469326	4468983	1
5663207	5663208	2
4699150	4699149	1
7665305	7639358	1
4012698	4012697	2
1201392	1201391	1
4028137	4028138	1
10988535	10988529	1
974125	974126	1
10431543	5566179	1
7491148	7561271	1
715583	717028	1
907657	907574	1
10590805	10590806	1
10701724	10705998	1
2379274	2379271	1
12307924	12307919	1
3571179	3571180	1
5081300	5081482	1
3103955	3103956	1
1066534	1066533	1
12725906	12725909	1
10282200	10282223	1
7900184	12367938	1
7000196	7000495	1
7600965	7600966	1
12187192	12187191	1
190826	190825	1
10471384	10472440	1
3938769	3938770	1
7643048	7643047	2
7953119	7957559	1
11624164	11624161	1
7898662	7898661	2
9834686	9834685	1
11351900	11342524	1
6614972	6614971	1
10765953	10765968	1
11156120	11156779	1
8270658	7281063	1
10590803	10590804	1
9619770	9619769	1
7281617	7281618	1
6856732	6856729	1
6157453	6157454	1
629180	11997016	1
5523875	5490285	1
3114016	3114015	1
913753	913754	1
556720	556719	1
4683473	4683474	1
1575330	11037410	1
6261797	6261798	1
11379416	11379407	1
8825183	8813556	1
6448707	6448712	1
9367845	9367846	1
8244904	8244903	1
10457984	10458964	1
8284396	8284395	1
10506805	10506808	1
1719325	8159840	1
5506062	5506113	1
10381500	10381499	1
10922867	10922868	1
11539126	11539125	1
6401676	6401675	1
9500717	9500774	1
10613968	10613967	1
1823945	1824201	3
140644	140642	1
6262809	6259400	1
5737426	5737425	1
5236166	5236132	1
6430339	6430340	1
2345231	2165537	1
6278694	6278565	1
9104226	9104266	1
5091880	5091879	1
9076302	9075538	1
12292296	12292295	1
3718543	3718544	1
11592696	11592693	1
6333410	6324530	1
10657096	10657108	1
12514416	12514413	1
7514116	7514115	1
11095458	11095457	1
12521006	12521005	2
3939355	3939356	1
5272219	5272220	1
6362734	6362713	2
8576836	8576791	1
8200156	8200153	1
11539124	11539123	1
6293490	6293489	2
12343100	12342839	1
11662655	11662656	1
90695	90696	1
6392129	6391737	1
1276064	1276063	1
3491817	3491818	1
9164407	9164481	1
665370	665369	1
4211118	4211134	1
6962574	6962573	1
11698072	11698071	1
6130943	6130944	1
1216799	1216800	1
7280281	7280282	1
5882134	5881870	2
277071	277075	1
3370207	3370208	1
7617409	7617410	1
2694739	2694742	1
1163321	1163324	1
1713851	1713532	1
11794487	11794554	1
1019611	1018953	1
10503919	10503920	1
4789567	4789568	2
7063415	7063449	1
10311236	10358043	1
3023149	3022978	1
8658008	8658007	1
3628591	3628592	1
4472712	4472711	1
1364515	1369716	1
2161534	2161548	1
5167498	5167497	1
5560509	5560510	1
3676114	3676117	1
1427758	1427757	1
6160530	6160529	1
965029	965030	2
5838051	5838052	1
3197901	3197902	1
12506565	12506566	1
5365509	5365510	2
12505797	12505802	1
9280351	9283058	1
9648344	9648335	1
10653143	10656570	2
5732712	5732711	2
7132678	7132783	1
12667321	12667322	1
8757548	8757547	1
11779279	11779280	1
4617003	4617004	1
4545142	4545104	1
10922085	10922086	1
12731587	12731588	1
12472077	12472078	1
7202654	7257918	1
8928872	8974875	1
6856728	6856727	1
7629237	7549302	1
5497199	5497219	1
12340549	12624147	1
1066551	1066554	1
11755655	11755656	1
7491268	7491263	1
10187473	10187474	1
10308773	10308774	1
1554166	1264392	1
7824077	7823933	1
2632422	2632342	1
2067131	2067132	1
12766608	12765014	2
505937	452149	2
11485953	11485923	1
10463435	10464081	1
979180	979173	1
8908359	8914527	1
10257482	10246969	1
401029	405912	1
1934181	1934157	1
6663120	6663042	1
5227329	5227330	2
6640023	6380228	1
7224625	7224780	2
929896	930126	1
2988326	2988325	1
2456915	2456916	1
10227799	10227792	1
7839183	7839184	1
6034399	6034400	1
1712580	1712579	2
3411177	3411178	1
863778	863955	1
7326280	7326279	1
12187193	12187194	1
10515249	10515250	1
8305976	8305975	1
10894795	10894796	1
5768080	5768079	1
4608501	4608502	1
4617001	4617002	1
6288995	6288996	1
9544680	9544752	1
3718541	3718542	1
2877385	2877386	1
3117033	3117034	1
12634107	12634080	1
1316128	1316127	1
11591957	11589870	1
8381169	8381170	1
10186934	10186942	1
7132275	7132276	2
10267388	10267387	1
7925223	7925224	2
6170062	6170061	1
11927928	11927927	1
536283	536225	1
2773213	2772996	1
12627839	12626976	1
1123275	1123276	1
9742113	9742114	1
3655282	3657431	1
6810206	6810205	1
6126915	6126918	1
9896904	9889370	1
5895709	6078563	1
11802624	11801498	1
7388853	7388854	1
1141608	1141607	1
12016291	12016292	1
8390141	8390142	1
4843306	4843305	1
9238099	9238100	1
6119574	6117318	1
9381368	9381367	1
5495544	5495520	1
12369671	12369672	1
9903127	9903128	1
1242847	1242848	1
7920165	5043254	1
2483299	2483300	1
12334332	12326218	1
11144648	11144647	1
6755482	6755075	1
8477264	8477149	1
676813	676814	2
10633385	10625533	1
11799378	11799367	1
3241898	3242250	1
7388849	7388850	2
10354339	10354340	1
7316119	7316231	1
2263305	2263357	1
2371225	2379275	1
4479082	4479081	1
10100856	10100855	1
9776090	9776085	1
7603997	7603998	1
7340415	7340416	1
9319507	9319871	2
11846493	11846494	1
7809036	7809035	1
6259713	6259714	1
2958754	2958770	1
6708467	6708468	1
532497	532498	1
10452144	10452140	1
9372341	9372342	1
10080951	10080952	1
9437811	9437796	1
9487620	9487625	1
8326691	8326692	3
320881	320882	1
11801499	11801500	3
6558099	6730974	1
721006	931076	1
3122272	3122271	1
9854796	9915215	1
4232832	4232831	1
4911780	4911777	1
6894035	6894032	1
11144650	11144649	2
10541484	10541481	2
10053158	10053091	1
4202101	4202109	1
12167309	12167310	1
7474710	7474709	1
10550093	10550867	1
4678678	4688615	1
7490914	7490913	1
3430828	3427249	1
826860	826925	1
3331971	3331980	1
11763936	11764926	1
2786174	2845310	1
11300736	11300735	1
634089	634054	1
11123576	11123575	1
12625885	12625886	1
5562119	5562120	1
11490577	11325458	1
722549	722554	1
9871850	11306761	2
12315647	12317739	1
436681	436682	1
4222838	4222849	1
8005990	8005876	1
2086869	2086882	1
193893	193894	1
1461840	1459564	1
6110889	6110890	1
5559065	5559066	1
9599743	9599744	1
12188243	12240218	1
4442243	4442282	1
1597627	1597590	1
3108550	3107468	1
9590396	9590395	1
4043964	673152	1
6692329	6692330	2
10227793	10227794	1
878551	878552	1
1320565	1320566	1
770615	770652	1
10554895	10563645	1
3321364	3321410	1
7694952	7599312	1
7052435	7050403	1
989001	989002	1
714823	714824	1
9774198	9774197	1
11252469	11252470	1
1072113	1072093	1
3756023	3756024	1
4554928	4554927	1
7406066	7406094	1
11624728	11624727	1
7034927	7034944	1
7683105	7683106	1
7587363	7587389	1
9547653	9547654	1
8404795	8404837	2
5022012	5022063	1
1203414	1203413	1
1918939	527726	1
6742912	6742909	1
8736301	8736304	1
247463	247464	2
4400988	4400478	1
9659721	9659722	1
2928896	2932385	1
12282269	12282270	1
9443711	9443712	1
7522792	7522791	2
11537159	11537160	1
1397371	1397372	1
11156122	11156121	1
11365412	11365411	1
9639908	9639898	2
13173	13174	1
10721503	10721504	1
8437042	8437041	2
3124379	3252897	1
8089074	8088430	1
5728807	5728808	1
7673986	7673985	1
6950192	6950217	1
6745014	6745569	1
12687173	8051697	1
6358617	6358618	1
8867113	8867114	1
5960853	5960854	1
3284423	3284424	1
1781052	1780915	1
3495112	3495111	2
9809721	9809722	1
4355055	4355056	1
4181067	4181068	2
864063	864099	2
228161	228162	1
821620	821619	2
9104460	9107606	1
6196891	6196892	1
10880265	9164616	1
11504303	7462875	1
449110	449109	1
6161419	6161420	1
2890637	2892707	1
7607474	7607651	1
2335531	2187770	1
1575279	1575280	1
5228531	5228532	2
7642159	7636668	1
1003889	1071290	1
11864715	8522156	1
6414406	6380055	1
9280351	9283056	1
4065738	4064715	1
2673216	2673215	1
11275480	11275479	1
2798292	2798298	3
11037411	11037412	1
889309	890792	1
10237258	10247109	1
12248376	12241385	1
10382863	10382864	1
1588144	1588143	1
806074	806069	1
672665	676810	1
2758301	2758302	1
815717	815424	1
7194743	7194744	1
5961978	5961998	1
2886469	2886470	1
2923416	8912966	1
9137940	9137937	1
8769629	8769630	1
8688659	8688660	1
1023047	1025875	1
9604794	9604816	1
1985039	1985040	1
5696504	5696503	1
5897892	5898731	1
9130015	9130016	1
10393186	10393185	1
4120292	3868955	1
11485552	2060771	1
10285666	10285665	1
11253738	11253737	1
3676114	3676167	1
2786293	2786019	1
903765	903766	1
269329	269330	1
10885873	10885904	1
3110172	3110171	1
9777557	9777558	1
4558873	1456328	1
11548449	11384629	1
5649452	5649438	1
1919627	1919628	1
11646831	11646834	1
3938767	3938768	1
6126707	6126710	1
1854008	1854007	1
8982673	8983152	1
11979517	12011297	1
4461703	4608500	1
3657993	3657994	1
10827622	10827621	1
11672490	11672487	1
9793091	9793235	1
10473894	10473893	1
9829250	9824394	1
7352848	7352847	1
6590186	6590185	1
3213675	3213676	1
1057250	1057249	2
10515238	10514078	1
6275697	6271517	1
5598910	5598909	1
7446299	7446300	1
1017181	1017182	1
1875621	1875622	1
11764607	11764608	1
7587422	7587419	1
6603964	6603963	1
4332193	4340344	1
1291120	1291119	1
10346676	10354329	1
6206754	6206753	1
798083	798084	2
12505803	12505925	2
6550451	6550452	1
2377215	2377216	1
7899408	7899366	1
12343105	12342843	1
3300648	3300970	1
1934156	1934151	1
8894737	8894744	1
2665657	2665794	1
4303624	4303623	1
6488378	6488373	1
4476984	4477189	2
797823	462590	1
99563	99564	1
11379418	11379417	1
5600795	5600796	1
6128380	6128379	1
9103248	9103247	1
831924	778094	1
2548728	2548727	1
4734598	1455461	1
6344430	6344447	1
9031017	9031027	1
9487624	9487621	1
8901492	8900787	1
703063	703974	1
5990996	5990929	2
5500148	5500147	1
7921369	7921370	1
7446331	7446332	1
6474994	6474991	1
2880565	2880578	1
8698795	8711904	1
5533590	5533589	1
7911832	7911362	1
12501393	12502467	1
7390471	11148945	1
8069221	8069222	1
12229179	12229180	1
213775	22414	1
12574734	12574854	1
6309118	6309117	1
9547651	9547652	1
9253022	9252914	1
7466161	7466162	1
5467291	5467255	1
778280	778323	1
5531514	5531540	1
6882229	6882230	1
7234436	7234442	1
3321930	3321929	1
2343706	2343705	1
2707803	2707806	1
8982671	8982672	1
9939098	9939097	1
4219421	4219424	1
10990539	10991690	1
956157	956124	1
12634039	12634062	1
12404111	12404112	1
3714593	3714594	1
11577426	11577425	1
12765474	12766884	1
2966571	2966572	1
11731473	11732461	1
5660743	5660744	1
3756197	3756198	1
9255111	9255789	1
8308499	8310991	1
10415629	10414801	1
3371076	3371075	1
201181	228160	1
10837329	10806496	1
4124710	4124709	1
10652471	10652455	1
12265030	12265240	2
11420315	11420316	1
11387719	11387682	1
10346393	10345851	1
4323937	4323938	1
4721715	4721716	1
406961	406962	1
40409	40410	1
11780773	11780774	1
8042922	8042921	1
4295700	4251059	1
1088167	1088168	1
4554934	4554929	1
9599741	9599742	1
12642350	12642349	1
12649404	12649410	1
5344701	5344702	1
2665782	2665904	1
6908744	6909658	1
6436949	6437018	1
1140956	1044410	1
10285664	10285663	1
6116649	6180130	2
9874182	3474778	1
3141099	3142269	1
11627538	11627650	1
2014558	2007540	1
10079282	10079276	1
3241900	3241899	1
12348398	12442243	3
5631015	5631016	1
4280081	4311534	1
3371184	3371077	1
8648041	8646208	1
6689834	6708466	1
4911776	4911775	1
10297725	10297691	1
1856875	1856878	1
10745447	10746683	1
104757	104758	1
4233011	4400156	1
1104179	1104180	1
4741169	4741157	1
3469797	3473670	1
10084963	10084964	1
4142071	4144229	1
8030731	8030732	1
1141606	1007441	1
1828005	1828006	1
10271699	10271700	1
8722851	8722852	1
3714585	3714590	1
1128142	1228439	1
3703379	3627672	1
1331016	1569013	1
1164416	1165635	2
4401827	4519482	1
6816643	6816644	1
7085290	7085287	1
7021254	7021251	1
6838974	6838971	2
1118884	1118883	1
8746282	8746281	1
2259823	2259990	1
3095362	3100018	1
1856877	1856878	1
10555620	10554278	1
3384812	3384790	1
6061745	6061746	1
4366610	4366876	1
5939638	5939637	1
9148525	9148526	1
7681710	7681706	1
12677547	12677548	1
6436976	6430990	1
10148942	10148941	1
7279411	7279412	1
6603953	6603954	1
10127236	10127235	1
939413	939414	1
5887908	6053338	2
8165815	8177853	1
2665905	2665906	1
7901152	7901149	1
3304944	3342153	1
11573864	11573861	1
7868810	7868784	1
8982600	8982599	1
12618224	12618120	2
7342181	373616	1
11024234	7539172	1
10463792	10464067	3
3100236	3100446	1
273107	273108	1
8564896	8564901	1
11148987	11148356	1
11211663	11211666	1
8301197	8301198	1
12202205	12203624	1
88842	7613263	1
9674174	9674173	2
11631005	11623016	1
9814682	9817077	1
10373839	10373844	1
1132776	1132775	1
8380218	8370642	1
6466173	6466174	1
6907416	6907415	1
4448846	8185473	1
11977337	11977676	1
9725988	9639901	1
7755328	7755338	1
4124708	4124707	2
6617686	6617683	1
5042546	5042530	1
11964345	11964317	1
6701471	6701472	1
2557344	2469124	1
3133585	3133586	1
1608777	1608853	1
999656	1046525	1
1962967	1962948	1
3893615	3893616	1
10616083	10616084	1
7587424	7587423	1
623446	623460	1
3130433	3130434	1
1003888	1003897	1
3986814	3986813	1
1164418	1164417	1
799219	799220	1
923887	905296	1
10400500	10400499	1
586437	586438	1
5819897	5819898	2
2141143	1955688	1
3858990	3858987	1
5982140	5981605	1
10760224	10760223	3
9691437	9689602	1
10765951	10765952	1
9088803	9090217	1
1555453	1555519	1
10152147	10152148	1
8308497	8308498	1
6014417	6014418	1
631579	633855	1
11210911	11210923	1
9267581	9267582	1
10910172	10911203	1
8375458	8375186	2
10392674	10392671	1
760376	760281	1
7220106	7220090	1
3262719	3263071	1
5820965	5820822	1
3090462	3090461	1
3200820	3200819	1
1934150	1934149	2
6357911	6357916	2
6166504	6166503	1
9337549	9338799	1
3249365	3249366	1
11123574	11123573	1
4919960	4919996	1
4941335	4281395	1
8547360	8547359	2
722555	722556	1
6565082	6315267	2
12245247	12245248	1
474514	474517	1
8741643	8767258	1
7018896	7016442	1
1443042	1489900	1
9257407	9257387	1
499747	499748	1
1362650	1203413	1
9759771	9768136	1
3188240	3188239	1
12247413	12562873	3
539129	539130	1
567470	565829	1
3503692	3503708	1
649855	649856	2
4919962	4919961	1
2377217	2377395	1
3902791	3901257	1
1280751	10497022	1
2868795	2868796	1
3123104	3123103	1
8769627	8769628	1
28971	28972	2
7546889	7546882	1
2583145	2583709	1
11716747	11716748	2
12019586	12293487	1
12725904	12725909	2
3498355	3498391	1
3122270	3114017	1
8799442	8784918	1
810693	810698	1
2976240	2976239	1
3659837	3659838	1
12287117	12286957	1
6675045	6675286	1
676811	676812	1
7234449	7234450	1
10660932	10660931	1
2161565	2161566	1
6218839	6218960	1
10005375	10005376	1
11920152	11920151	2
6671877	6671878	1
10720821	10721502	1
9564946	9313288	1
2523982	2523981	1
10519826	10519825	2
4274696	4274693	1
7239917	7239879	2
245870	155622	1
12204812	12205114	1
3273005	3273006	1
4527453	4532603	1
6027286	6027285	1
7804795	7804796	1
3860278	3860277	2
3497643	3497648	1
11177350	9171442	1
4577329	4574348	1
7189472	7189460	1
457901	594450	1
10657425	10657426	1
12418178	12418177	1
12451756	12452512	1
11499344	11499341	1
5195183	5195184	1
9852819	9852853	1
2759694	2759663	1
9327380	9327383	1
8251289	8251247	1
5598419	5597739	1
5471869	5586588	1
5449914	5449913	1
630562	630712	1
2136203	2136204	1
11746209	11746106	1
2425242	2421839	1
4427687	4423457	1
972805	972828	1
6065328	6065327	2
11098537	11098538	1
6077712	6079747	1
6218980	6218979	1
7490681	7490333	1
241220	242102	1
3278391	10492418	1
4251056	4241052	1
7540265	7540266	1
5706251	5961096	1
12746855	12746856	1
1250197	1250214	1
2963087	2963088	1
7677751	7677597	1
8486626	8486623	1
1985037	1985038	1
11148946	11148945	1
8984250	8984249	1
5644924	5644923	1
396242	396236	1
4641046	4641032	1
3384066	3384065	1
8958938	10808512	1
4355049	4355050	1
5877938	5876830	1
4331597	4331598	1
2880919	2880914	1
2756743	2773374	1
4804239	4804281	2
2458495	2458496	1
1705251	1705252	1
5724491	5726107	1
9758202	9690070	1
10866182	10866187	1
4444665	4444666	1
10196324	10196323	1
1929005	1929006	1
10365631	10365632	1
11171877	11171820	1
6405370	6380286	1
5663219	5663206	1
6777641	6777569	1
8879361	8878519	1
8609024	8609374	1
5016227	5016844	1
7004247	7004248	1
10936874	10936873	1
5256067	5251804	1
5258099	5258100	1
6141203	6141206	1
7510360	7510359	1
11768541	11768544	1
1253914	1254001	1
9319870	9319869	2
11560129	11560130	1
7871268	7871267	3
3905239	3905240	2
3985917	3985938	1
10881131	10880158	1
6311870	6311869	1
2202060	2197600	1
11042449	11042450	1
96133	96134	1
473339	473340	1
9966714	10127381	1
182603	182604	1
5966523	5966526	1
6844953	6844954	2
10257320	10257319	1
8961273	8961274	1
1003480	1003479	1
7842807	7706072	1
7450698	7453242	1
3318102	3318081	1
7681343	7681344	1
7668803	7668804	1
1215463	1215443	1
11102127	11091377	1
103997	103998	1
10823234	10823233	1
7234445	7234448	1
6587253	6587257	1
10086974	10086804	1
4789565	4789566	3
6692327	6692328	2
12016289	12016290	1
12275640	12275034	1
3249664	3249597	1
4028135	4028136	1
11395958	11397116	1
7709040	7709053	1
6309120	6309119	1
2067556	2065470	1
6778660	6778679	1
2577065	2410245	1
3198577	3198539	1
10999817	11000644	1
11199250	11196931	1
12556622	12734220	1
8654059	8654060	1
11670004	11670003	1
6709912	6709958	1
6532050	6532049	1
1959028	1959027	1
4863551	4864369	1
389222	391157	1
975171	9285516	1
12192521	12192522	2
9395952	9395951	3
10230950	10231016	1
12329023	12329024	1
5202830	5202796	1
5740222	5740219	1
964794	971219	1
10441910	10441909	1
3561651	3562232	1
4212500	4514628	1
10188300	10188297	2
6649018	6293493	1
5440192	5440191	1
6192264	6192263	1
6853858	6853855	1
2197292	2203435	1
12442242	12442241	3
11499360	11499359	1
3262718	3262717	1
2092199	2092202	1
1511945	1511975	1
8574781	8574782	1
9360817	9360854	1
4468473	4467568	1
12626816	12626809	1
7468843	7468844	1
12298373	12298392	1
6512181	9496182	1
5666896	5666893	1
3039292	3039289	2
923190	753573	1
11402988	11403186	1
11333556	7591929	1
4442334	4442466	1
12285841	12287855	1
10568972	10568919	1
10718152	10718151	1
11123578	11123575	1
10249255	10249256	1
6318475	6318478	1
7672211	7672203	1
10905283	10905284	1
59542	59539	1
8042920	8042919	1
4768472	4768471	1
3607666	3607665	1
12618123	12618124	2
8796278	8796395	1
942373	942374	2
4470539	4470540	2
8062738	8062737	1
8245760	8245753	1
5366916	5378081	1
8958142	8958139	1
7211964	4052404	1
6038542	6038541	2
11715933	11785504	1
7350681	7280641	1
307112	307107	1
11084765	9143449	1
5728804	5728803	2
4115846	4115845	1
5171256	5171241	1
5773520	5792057	1
7914647	7921266	1
2808382	6547263	3
2410243	2577060	1
12046450	12053580	1
5018209	5043399	1
3521227	3563919	1
4373915	4373916	1
8129604	8314546	1
2021131	2021132	1
4374212	4374183	1
10120705	10120257	1
5586123	5586127	1
7336929	7336930	1
3833249	3832723	1
5924291	5924813	1
3629873	3631117	1
6502101	6502104	1
4323051	4323052	1
10691635	10712386	1
775751	775752	1
10272122	10271698	1
8957072	8956487	1
4568000	4567993	1
43730	43729	2
5785244	5785241	1
3930910	3930909	1
5740218	5740217	1
6488379	6488380	1
9711088	9710605	1
3896029	3896032	1
482230	505125	1
6318473	6318474	1
6060931	6060383	1
10294319	10294320	1
12614657	12373910	1
11796437	11796438	1
5924575	5924576	1
5737424	5737423	1
7737578	7737582	1
12192523	12189964	1
11389827	11390053	1
793484	793483	1
8432569	8431626	1
9665729	9647233	1
1066181	1066182	1
8827286	8827283	1
7911363	7911364	1
6611564	4170927	1
594231	594147	1
2739538	2739537	1
10935473	10935474	1
6869752	6867555	1
12661435	12663232	1
11123572	11123571	1
5693723	5693724	1
11281191	11281192	1
759317	759318	1
9360875	9545098	1
8050547	8050548	2
6452833	11993060	1
5993000	5993045	1
4771015	4771016	1
8321597	8321598	1
5618750	5617168	1
12653376	12653371	1
872331	875145	2
7223015	7223018	1
456561	456598	2
7745748	7745747	1
5657194	5789567	1
10978106	10888557	1
3557961	3557047	1
10911982	10911981	1
7477924	7477921	1
8299185	8298403	1
4559887	4559888	1
8582396	8582435	1
5657679	5657680	1
4180711	4180712	1
518870	516700	1
6493741	6427273	2
2088338	2088335	3
3536053	10901454	1
5964833	5964834	2
1546808	1546815	1
10349182	10346703	1
7190348	7189814	2
9616373	9616380	1
3579403	3603658	1
5732703	5732704	3
10040393	1228752	1
6830781	6830879	1
9525908	9529112	1
9523026	9523036	2
5478208	5478205	1
3495108	3495392	2
9423797	9423798	1
3100447	3100448	1
3676116	3676115	2
4064021	4064016	2
2858873	2972082	1
8448545	8448546	1
11037917	11037918	1
4881479	4881450	1
10917226	11183152	1
5551938	5570174	1
8169074	8169071	1
9395950	9395949	1
8217366	8217474	2
10552289	10552109	1
2140935	2140936	1
6869886	6869885	1
10472443	10470317	1
2164483	2164484	1
7255893	7255868	1
1164541	1164542	2
4535626	4535625	1
954264	11907286	1
3191181	3191182	1
8321595	8321596	1
759315	759316	1
2668894	2668893	1
4843308	4843307	1
11672248	11672247	1
3864850	3864840	1
10922121	10922084	1
10566469	10566470	2
8463168	8465601	1
8208660	8208659	1
3148584	3148583	1
12024969	12024970	1
7063895	7063896	1
1118886	1118885	1
539159	539160	2
8662481	8722529	1
6059016	6059015	1
10823358	10823237	1
7018207	7018232	1
6104202	6104194	2
3732199	3732200	1
8016395	8011938	1
7322996	7322995	1
7704526	7704518	1
10201684	275634	1
9516352	9516414	1
5712961	5712962	1
2689470	2689532	1
4619156	4619155	1
7600982	7600981	1
7304435	7346447	1
7366124	7366123	1
7862532	7862531	1
7926819	7926846	1
1135818	1135815	1
6192269	6192295	1
2163503	2168515	1
4306311	4306116	1
7352860	7352884	2
949437	907760	1
6172988	588448	1
51078	51077	1
946331	946332	1
10614013	10614005	1
3567224	3567199	1
11993713	11993715	1
1893313	1893314	1
9823274	9823273	1
6567328	6567316	2
1359838	1359837	1
2707807	2707808	1
10680009	10569932	1
9833812	9833811	1
2104988	12485759	1
999654	1046525	2
4374214	4374213	1
6937304	6937301	1
4116550	4116549	1
11289091	11287684	1
4753426	4818268	1
8208658	8208657	1
797176	797175	1
6737919	6737920	1
1827787	1827854	1
12007170	12007153	1
7528609	7528610	1
8815399	8816753	1
3947749	3947750	1
10040849	10038610	1
5993797	5994120	1
9871947	9872808	1
3832488	3832485	1
10838408	10838407	1
1449232	1449231	1
7340412	7340411	1
5758527	5758528	2
12719599	12719694	3
1915564	1915563	1
3263070	3263069	1
11123578	11123577	1
6188839	6188840	1
1209714	1324308	1
654916	654182	1
7900186	7900185	1
6293494	6293491	1
8108286	8108285	1
5759572	5760106	1
4999697	4999698	1
11577428	11577427	1
293354	293353	1
4420318	4420496	1
8223866	8224014	1
12521004	12521029	2
12161283	12161284	1
1234586	1234583	1
711515	711516	1
3686415	3686397	2
2119788	2119787	1
10519824	10519823	2
324207	323856	1
6682453	1612355	1
5511189	5511175	1
2846347	2846348	1
4039743	4039744	1
9763314	9797525	2
499749	499540	1
9051137	9051732	1
11071924	10889442	1
7063892	6969789	1
9977586	9977589	1
4040791	4066027	1
1420860	1420859	1
3939353	3939354	1
1344332	1344327	1
4035801	4035776	1
10497588	10497632	1
12429806	12429924	1
2404549	2404477	1
9184760	1488090	1
4321099	4321100	1
3733589	3728488	1
2707447	2707450	1
6010616	6010615	1
3419853	3286507	1
4080415	4080416	2
8309640	8309639	1
7342144	7342143	1
10756992	10756988	1
3073658	3073657	1
4154165	4154166	1
7806722	7640444	1
6830781	11034782	1
8070922	8070920	1
4340758	4341893	1
1226109	1226112	1
7326278	7326277	1
1542398	1542397	1
433707	450538	1
7239915	7239916	1
10263433	10263434	1
174422	174421	2
6622114	3284422	1
11179811	11179818	1
12566733	12566734	1
4331465	4331367	1
7004187	7004246	1
5344703	5344704	1
632938	633301	1
3099358	3099437	1
12225804	12225687	1
9742115	9742001	1
1629870	1637077	1
6594564	6596285	1
9984294	9984293	1
3807929	3807930	1
12165940	12165922	1
1133818	1133817	1
1634219	1634220	1
12382576	12383477	1
7136188	7136187	2
1994558	1994557	1
12779659	12779660	4
8779259	8779260	1
1709604	1709582	1
10457986	10457985	1
7845950	7845949	2
9871852	9871851	1
6192262	6192261	1
5964831	5964832	2
11990043	11990104	1
9639734	9639733	1
4650985	4650986	1
2681360	2672234	1
5222938	5228308	1
7203034	7203031	1
3139794	3139853	1
5600793	5600794	1
1060920	1060919	1
10308775	10308541	1
7026316	7073779	1
1122023	1120995	1
4570100	4570099	1
7597534	7597533	1
2767106	2767105	1
8841057	8841058	1
2039290	4017700	1
8330277	8330278	1
7025980	6908395	1
1634618	1634287	1
1132809	1132810	1
5101784	5101783	1
2744391	2799989	1
6566815	6566816	1
11772144	11772143	1
10257318	10258246	1
6937790	6937789	1
2012263	2120125	1
5436715	5440193	1
2943505	2943506	1
2976238	2976237	1
5866941	5866942	1
8755979	8756034	1
3056127	3058833	1
775749	775750	1
4577959	4577960	1
7946025	7946026	1
429566	429565	1
11991385	11991076	1
6793795	6793779	1
324621	324630	1
2976240	2976237	1
5569552	5569686	1
787374	800789	1
4229141	4228623	1
2224037	2224038	1
6130941	6130942	1
973501	973502	1
1316116	1316115	1
11101174	11101148	1
11104996	11095459	1
3691751	3691752	1
5066315	5066320	1
3988391	3988403	1
12642352	12642351	1
3289090	3240702	1
7839107	7839108	1
703380	704255	1
3387791	5268161	2
4222838	4222837	2
10613955	10613956	1
2798294	2798293	3
1304620	1304617	1
512145	512146	1
7791690	7791689	1
5277523	5277524	1
9806417	9806491	1
10750239	10750240	1
10687659	10687660	1
3016048	3039295	2
9483083	9483172	1
282021	282000	1
6580578	6580718	1
4193594	4193593	1
12315964	12467680	2
9881560	9881559	1
1104087	1104092	1
9474032	9561544	1
6858885	6858886	1
11172081	11172496	1
193895	193896	1
4027395	4028134	1
864253	863591	1
8184545	8184546	1
7808971	7808972	1
12489043	12489044	1
10805829	10811636	1
2692504	2692503	1
2792406	2793548	1
7636669	7636670	1
2111276	2111275	1
5140325	5140328	1
1561233	1561238	1
7839178	7839177	1
4033888	4033885	1
1203416	1203415	1
7839410	7705878	1
1523548	1523547	1
11600733	11600734	1
1104218	1104217	2
12039410	12035126	1
11176501	10903095	1
12650071	12650073	1
12640529	12640530	1
4494224	4494232	1
6185982	6185981	2
4064019	4064020	2
3249594	3249356	1
1121577	1133512	1
3321926	3321925	2
1320567	1320568	1
9275049	974353	1
3905239	3905242	1
11493456	11493455	2
7964456	9319588	1
11384303	11384304	1
8632151	8620052	1
10334324	10334309	1
9546715	9546716	1
12455189	12326922	1
11536515	11536516	1
12531459	12558217	1
3962287	3962301	1
6184063	6184064	1
8760805	8760806	1
12765175	12765176	1
1227164	1228113	1
6611756	6609722	1
4103897	4103898	1
5536710	5536425	1
7731663	7731666	1
1734665	1727672	1
4721718	4721717	1
9887170	9887169	1
6065322	6062671	1
5428953	5430477	1
3078477	3078592	1
12626484	12626494	1
605831	605769	1
10739013	10738642	1
12119862	12119861	1
5638437	5639644	1
7623995	7623998	1
2756166	2755691	2
12302409	12302410	1
11721921	11776910	1
12439104	12438967	1
3469795	3469796	1
2188919	2189856	1
6664442	6664656	1
7617411	7617379	1
2880448	2880447	1
6973355	6974062	1
4355051	4355052	1
8885461	8883888	1
6140088	5886415	2
3133587	3133588	1
5657683	5657684	1
11962212	11962857	1
5878191	5878192	1
3724979	3724980	1
9666309	9639246	1
10462784	10462734	1
6512180	6512179	1
12626496	12626495	1
1926745	1926746	1
1713533	1713536	1
6400771	6400836	1
11925102	11924351	1
358528	358612	1
7206759	7206873	3
3628596	3628593	1
5785246	5785245	1
11237169	11237251	1
7110010	7110009	1
1629873	1629871	1
9255790	9255789	2
7340417	7340429	1
7805051	7805054	1
11056560	11056557	1
9364572	9364575	1
1680481	1680520	1
967974	967973	1
10657096	10657110	1
6920272	6920234	1
7619237	7522793	1
1828007	1828008	1
1801133	1801136	1
3821478	3821431	1
4470537	4470538	2
3082511	3082516	1
5866943	5866946	1
1219565	1217764	1
9098554	9098553	1
7025195	7025189	1
1847944	1848022	1
4124357	4124358	1
5442480	5442396	1
11906792	11906791	1
5984481	5984482	2
7174185	7174186	1
2834880	2834879	3
5694871	5694497	1
10695882	10695881	1
12377607	12377608	1
1293048	1292814	1
821895	821932	1
9426927	9426928	1
3141615	3141616	1
6814942	6583412	1
7996879	7994636	1
9639732	9559225	1
1201390	1197421	1
5314689	5314690	1
10985910	10985909	1
6154815	6154771	1
3055288	3055287	1
2874083	2874084	1
9372343	9372344	1
1664059	4519161	2
8177852	8177851	2
5978525	5979978	1
4259075	4259129	1
71396	71395	1
11047347	11047661	1
2288087	2209476	1
8498970	8232598	3
1443269	1443276	1
1052841	1148688	1
7434576	7434470	1
10153098	10153032	1
10373839	10373305	1
1326865	1326152	1
6434719	6434792	1
10355155	10355665	1
10413392	10413391	1
10323365	10324265	1
10194895	10194896	1
8556723	8556724	1
3122571	3122572	1
11300738	11300737	1
3576375	3576376	1
6774562	6774561	1
8406508	8406507	1
4116849	4116845	1
402224	402223	1
863547	863548	1
9793430	9793436	1
5644929	5644930	1
10006751	10006752	1
6253313	6253314	1
4276227	4276228	1
8574786	8574780	1
11727004	11929995	1
7912202	7912199	1
3384067	3384068	1
3431289	3431290	1
6980866	6980862	1
2270920	2271628	1
4771013	4771014	2
5984476	5984475	1
6730694	6730693	1
1275296	1275264	1
8951981	8959213	2
4391767	4391572	1
787808	744853	1
441097	441102	1
2402081	2402082	1
6110777	6110161	1
7839340	7839106	1
7906583	7906584	1
6785315	6785488	1
12552667	12552668	1
7575050	7575068	1
6361247	6307993	1
4006771	4006774	1
11729385	11729386	1
7652066	7650911	1
4333985	4333986	1
8466325	8248486	1
9554152	9554151	1
10628383	10635189	1
12420954	12420953	1
11802840	11802807	1
11296883	11296884	2
6208046	6208045	2
6344934	6401677	2
1449230	1449274	1
253801	253802	1
8564898	8564897	1
10011360	10048899	1
342069	342070	2
3532974	3532973	1
4223788	4227671	1
6541380	6541386	1
3676118	3676115	1
9520542	9498637	1
