fend1	fend2	count
11104329	11104330	1
1550657	1551042	1
8948661	8948662	1
283510	283470	1
5087746	5087744	1
3679412	3669328	1
11550501	11550502	1
6288483	6289475	1
753097	753098	1
11127240	11127231	1
12121446	12121283	1
8924520	8924519	1
6421362	6421361	3
332889	332890	1
9550100	9550097	1
11933773	11933776	1
8378599	8378600	1
517041	517044	1
5677825	5677826	1
1170834	1170825	2
1307404	1307506	2
10540009	6207397	1
3705899	3705889	1
2405186	2409008	1
8799689	8799690	1
34017	34018	1
9255464	9255472	1
3400478	3400387	1
1319212	1318650	1
3324712	3324711	2
8368834	8368509	2
4200640	4200563	1
1140545	1140633	1
1420829	1253712	1
5333783	5333784	1
5970768	5970410	1
916866	916992	1
1734511	1734512	1
405347	408748	1
918169	918170	1
3449473	3449476	1
9356609	9379375	1
9703991	9732962	1
5019415	5019416	3
7671896	7671895	2
10263828	9685674	1
6268880	6268879	1
3320641	3320644	1
9520093	9520094	1
7133906	7133905	2
12052046	12052045	1
2632544	2632543	1
6667804	6667803	1
1700368	1317657	1
2437654	2437653	1
118543	118511	1
1420825	1420826	1
12133892	12133889	2
6628529	6628997	1
12721413	12721414	3
5629909	5629946	2
188448	188445	1
5556155	5556158	3
5344865	5344866	2
664960	666126	1
12462184	12462177	1
2182046	2182045	3
7441916	7441915	3
8024096	8024095	2
3131282	3131275	2
519692	520375	1
10147764	10147763	1
456786	456785	2
2608141	2608142	2
1008900	1008903	1
6472029	6366242	1
3688423	3688385	1
6126283	6125115	1
4500746	4500745	1
6381584	6381688	1
2538725	2538747	1
10145707	10128233	2
2198468	2198467	1
11985887	11986083	1
3978900	3978899	1
6101107	6101075	1
10742274	10742309	1
2778337	2652896	1
1167335	1167965	1
4844664	4844661	1
4485249	4485274	1
9801607	9653210	1
1364859	1364860	1
7687437	7687438	1
6044513	6078986	1
4215435	4215436	1
10348748	10349407	2
5701166	5701165	1
6628846	6689862	2
8045479	8045480	1
11320663	11658414	1
2394853	2394854	1
963459	963460	2
2173450	2173447	2
6042655	6042656	1
12017174	12030604	1
7147782	7147781	2
2835097	2835098	2
3590318	3590225	1
1610162	1610161	1
5561453	5561454	3
6874068	6874353	1
6436725	6436386	2
11506962	11506965	1
3322956	3322962	1
3788089	3788090	1
11838096	11838095	2
1698618	1698617	1
3550015	3550016	2
2655838	2655837	1
9110760	9110757	1
3552489	3552490	1
7993698	7993123	2
5331018	5331017	1
6044626	6044625	1
8995273	8995270	1
6892125	6892126	1
3154188	3154187	2
4165000	4164684	1
11083226	11083225	1
5053386	5053385	2
1150566	1145964	1
11192226	11191936	1
682596	682715	1
11175733	11175734	2
11402202	11406397	1
428452	431521	1
7029218	7029217	1
1407335	1435282	1
9317665	9357701	1
4323626	4323625	1
12642132	12642131	1
12531418	12531417	2
10230430	10230427	1
9319967	9319943	1
4842513	4842514	2
6530148	6530161	1
1016876	1016875	2
6339713	6339714	1
11382415	11382450	1
4690857	4690510	2
5715167	5715170	1
4528361	4528362	1
9506078	9506800	1
3734273	3734458	1
2581883	2581884	1
2627361	2627362	1
1703513	1702692	1
6891181	6891308	1
11894766	11894749	1
4066389	4066390	1
6828222	6828219	1
6844224	6844221	2
2995741	2995075	1
11703517	11703518	1
6725834	10114591	1
10078030	10078025	1
5914170	5914173	2
6489493	6502378	1
1984753	1984754	1
5099611	5099612	1
269152	269634	1
2092423	2092800	1
1228786	1228785	1
6346493	6346494	1
10442603	10442604	1
7594278	7594275	1
6446021	6446022	1
4270389	4270204	1
10109659	10109657	2
9533231	9532634	1
1953818	1953817	1
11473964	11473885	3
7701384	7701381	2
366077	366053	1
9789992	9789989	1
12011652	12011651	1
8677496	8980336	1
4046287	4046209	1
764820	764819	1
726411	724448	1
7429021	7429041	1
8530098	8527917	1
6652976	6652975	3
349561	349562	1
5974395	6200354	2
8538281	8538284	3
11072013	11072103	1
7701380	7701379	2
6166681	6166677	1
12616808	12616805	1
1084732	1084731	1
207076	207098	2
6934100	6934107	1
4559981	4560019	1
3216949	3216950	1
6001303	6001304	1
9993305	10551069	1
7867513	7867514	1
11854834	11854833	2
7761897	7761898	2
2835147	2835096	2
6909027	6119776	1
5527235	5527236	2
8071281	8074249	1
148680	152552	4
6773191	6773192	1
7379571	7379572	1
2655352	2657234	1
895355	893772	1
6896053	6896326	3
4687739	4687740	1
5586979	5586974	2
5264594	5265310	1
8347440	8348103	1
7088366	7088363	1
4090995	4090996	2
12267541	12267544	1
5908151	5948209	1
10347437	10347442	2
701213	701214	1
12466433	12469405	1
2522015	2298548	2
1291852	1577237	3
6549135	6549114	1
2017671	2017609	2
5454521	5455780	1
5701168	5701167	1
7384408	7384411	1
10416739	10416740	1
9807201	9806380	1
11826622	11826621	1
6166665	6166674	1
9076320	9076393	1
6581818	6581817	2
931485	931486	1
7324668	7324766	2
8750695	8750696	2
4588819	4589038	1
9568769	9568772	1
814694	814708	2
6033790	6051060	1
598537	598613	1
4526138	4526137	1
3265700	3265706	1
6549135	6549112	1
1050325	1050326	1
6810938	6810937	1
3421872	3421864	1
10349408	10349407	1
10758234	9300466	1
1003949	1003943	1
10007165	9988354	2
812268	808591	1
2994296	2993617	1
8501649	8501650	1
11022618	11022609	1
8814737	8814738	1
7963073	7963074	1
10110496	10112311	1
11717052	11717544	1
4956474	4956493	1
3601281	3557318	2
10160106	10160105	1
10540009	10540010	1
6231099	6231100	1
3874833	3874834	2
1753229	1296528	1
529962	528858	4
1168372	1168371	1
7483179	7483180	2
2576434	2576431	1
1830539	1830540	1
893430	893429	1
2686271	2686274	1
1061925	1063488	1
4671895	4672020	1
8441061	8441070	1
9850062	9851397	1
8320371	8320372	1
862081	862084	1
2839556	2837806	1
11988890	11988889	1
8153180	8153177	1
9174402	9174399	1
8467915	8467916	3
3747061	3747102	1
2332346	2332345	1
8205079	8205080	2
6556994	6556921	1
10454048	10454047	1
7390743	7390439	1
10302566	9750454	1
7727104	2124921	1
3598850	3598849	1
10499846	10499845	1
4773256	4773255	2
3246303	3246304	1
11587777	11587778	1
5053388	5053387	2
5472924	5472921	1
5588012	1593490	1
2653717	2651655	1
6003857	6003858	1
4681452	4681336	2
2628636	2628635	1
11372951	11372952	1
4122519	2593852	2
10312856	10313265	1
56893	56906	1
5193815	5194070	2
8404477	8404481	2
11476720	11478200	1
2133402	2133401	1
7761862	7761896	2
8792215	8792644	1
7235805	7236562	1
1062578	1062368	1
1697138	1699756	1
7513342	7513707	2
3938801	3938765	1
6288327	6288262	1
3529619	3529620	2
4371988	12050898	1
2589189	2593897	1
7868703	7868766	1
1984587	1984588	1
792798	608625	1
4687348	4684879	1
751357	753096	2
6667806	6667805	1
4178376	4178375	1
8612625	8612626	1
4956545	4956492	2
8579546	8579840	1
10671952	10671951	1
5426667	5426432	1
419695	419698	1
12542242	12542241	1
3296749	3297285	1
3552619	3552620	1
6977083	6976358	1
1998394	1998393	1
6773193	3777330	1
9247941	9247944	4
8189399	8189402	1
7147780	7147760	2
10047111	10047531	1
4297467	4297468	1
11850254	11850253	4
12424347	12422246	1
1984585	1984586	1
1582008	1582025	1
3992586	3992585	3
6689863	6689864	1
9651251	9651253	1
4578937	4605116	1
7264764	7264596	2
2189680	2182624	1
12598736	12598723	1
6276015	6276010	1
8181662	8181661	1
10294454	10294493	1
12261751	12261846	1
12771908	12772233	2
11051276	11051275	2
6843099	6844225	1
3651701	3651702	1
7335275	1456390	1
12482853	12482854	1
9104877	9104878	1
10254520	10254519	1
6028124	6025879	1
1382569	1382572	2
6072275	6072276	1
7959314	7960319	1
1893042	1894333	2
5503176	5504271	1
7993122	7993463	1
3380146	3380222	1
6310520	6310519	1
11574669	11574670	1
4611043	4611044	3
7661744	7661743	3
4767626	4767625	2
11374015	11374018	2
10027800	10027797	2
4988406	4987968	1
3298214	3298276	1
1392255	4124176	1
1616641	1616642	4
7483173	7483178	1
6437331	4646458	1
1050342	1050324	1
8465504	8465503	2
1352640	1352637	3
11102795	11100050	1
9112000	9192210	1
2176432	3821274	1
11903698	6601047	1
2260790	2260789	2
11134791	11134802	1
4783071	4783072	5
7652386	7652408	1
10877774	10877773	1
7133962	7133971	1
11665329	11665330	2
9680071	9693982	1
1106573	1106574	1
2082643	2080383	1
544821	544373	1
7106086	7106085	1
3323553	3323554	2
6831585	6831692	2
1615979	1616640	3
949477	949478	1
7023422	7023421	2
377487	377488	1
9765669	9766914	1
5985791	5986140	1
2467681	2467700	1
2012494	2012493	1
1299385	1298606	1
6841875	6841888	1
5629947	5629948	1
8763310	8763088	2
5022360	5022359	2
4012550	4012578	1
4289667	4289794	1
9536959	9536960	2
10095751	10097300	1
1300208	1299696	1
4837216	4837215	1
4056427	4056419	1
8015665	8015905	1
1146887	1147239	1
12120680	12120868	1
3557222	3557221	1
10737961	10737962	2
2719431	2719432	1
10906569	10906570	1
6145710	6153382	1
12492502	12493489	1
143777	11723	2
10978173	10978106	1
4122517	4122518	2
11198088	11198087	4
7684090	7684140	2
10045700	10045719	1
3911395	3911387	1
9081799	9081800	1
11662587	11662228	1
2152188	2152185	1
1718288	1718287	1
1337073	1261575	1
10752949	10752950	1
7473291	7473292	1
5882630	5882629	1
5368203	5368204	1
10044215	10055820	2
4783069	4783070	3
5939560	5939556	1
5578682	6736300	1
3683002	3683078	2
1336488	1336485	1
7265741	7265742	2
9503599	9503600	1
2540437	2540400	1
10752127	10754579	2
2662598	2662597	1
4731272	4731269	2
8519710	8519709	1
8107056	8107285	1
2124530	2124529	1
3679414	3679413	3
3590126	3590125	1
1395701	1395343	1
8532516	8532515	1
3762575	3762581	1
10079271	10077617	2
9851189	9851119	1
4296486	4296485	2
9850273	9850274	1
479586	479846	1
6044511	6044512	2
8855269	8855270	1
5698333	5698334	3
6585663	6585775	1
3194308	3194307	2
11803354	11803351	2
11311219	11309585	1
8995119	8995146	1
8336992	8336989	1
6153383	6153384	1
8602640	8602637	1
990353	990426	3
593300	593299	2
9851118	9851117	1
6505761	6508770	1
1399821	1399822	1
6430285	6430351	1
6618701	6618806	1
2439527	2439528	1
2165792	2164402	1
12030909	12030910	1
11740025	11740026	1
11573400	11568335	2
2776966	2653912	2
8375976	8375975	1
11647824	11647823	1
6609570	6609358	1
52244	52102	2
7483173	7483180	1
4485247	4485248	1
10703636	10703633	1
4534105	4534106	2
8621601	8621676	1
11221389	11221390	4
7683832	7683807	1
2653715	2651655	1
8754028	8754027	2
6872191	6872192	1
12723899	12724685	1
5117683	5117732	1
3033633	2812247	1
11861677	11861678	3
7661748	7661747	1
5863318	5862464	1
5856381	5856384	2
3874835	3874838	1
2107875	2110843	1
12776531	12603093	1
12430654	12438808	1
3099744	3099429	1
822534	822533	1
4134982	4132107	1
5439826	5439643	1
8073041	8073063	1
12375655	12375656	2
6947486	6948280	1
5598005	5596324	1
12121510	9252094	1
8423939	8423940	1
9673736	9673733	1
11486255	11488065	1
1460509	1460520	1
3598768	3598767	1
5400740	5400796	1
4177389	4177392	1
2908160	2908148	2
11180991	11180992	3
183494	350075	1
203857	203876	1
5890315	5890316	3
7257713	7257680	2
807418	808458	1
3906219	3904913	1
12525254	12525253	2
5093263	5093264	1
1223411	1223412	1
10703375	10705485	1
6514002	6514054	1
12237631	12237632	2
8876423	8876424	2
4856766	4856769	1
1616362	1617917	1
301444	301346	1
11854609	11854592	4
12184376	12184375	1
6713207	6715837	1
7707785	7707786	2
10023217	6553225	1
272282	272281	1
5153912	7839248	1
751357	753098	1
6872436	6872435	1
349719	349720	1
10359031	10359032	1
7224331	7224332	1
3720803	3720804	1
3556445	3556450	1
4745037	4745038	1
5556158	5556157	2
1759102	1759101	1
5529710	5529709	1
5706153	5706154	2
3302954	3302953	1
9017833	9017846	1
4627346	4627345	1
5673509	5673510	1
6205287	6205288	1
1170832	1170825	2
11114357	11114360	1
2440360	2440359	1
5456208	5454582	1
6505711	6505712	1
11471671	11471674	1
7701026	7701025	1
10348748	10349409	1
6594815	6594816	1
9426674	9509727	1
12422280	12408417	1
8001780	8001779	1
9130097	9130062	1
2863860	2863855	1
5794747	5794748	1
1831222	1831225	1
9360322	9360321	1
676881	682168	2
894154	894153	1
6026687	6026688	1
3108030	3108029	2
9104873	9104876	1
744752	744751	2
6147380	6147379	2
5225808	5225948	2
1228788	1228787	1
1288697	1288698	1
12153201	12153550	1
4439747	4467513	2
11516419	11516422	1
2210136	4241135	1
12787301	12787302	1
2719429	2719430	1
5890388	5890387	2
8952146	8952145	1
11018515	11018505	3
11665327	11665328	2
6638604	6637773	1
2933393	2936048	1
10479693	10479694	1
6203180	6203156	2
6257019	6256943	1
11965383	11965384	1
5079511	5079464	1
11208019	11208020	1
8292104	8292505	2
7196529	7193835	1
11933819	11933820	2
6676061	6676229	1
2238571	2236503	1
351933	351934	1
290015	290016	1
5629990	5628381	1
11114451	11114358	1
6363573	6363569	1
4833560	4835384	2
8839209	8839210	1
1618241	1618242	1
7564785	7566449	1
8181832	8181663	1
1704874	1704922	2
963461	963462	2
437888	437887	1
7250598	7250597	1
8350961	8350951	1
7619740	7619709	1
10157537	10157549	1
12198357	12198358	1
12023135	12023151	2
11812229	11811735	1
11725027	11725028	1
244398	244397	1
10044211	10044212	6
12615735	12615736	1
11262859	11262860	1
9387807	9387808	2
4616789	4616598	1
9550100	9550099	1
1529021	1527861	1
8750697	8855268	1
3740772	3983769	1
7342689	7341624	1
6274940	6274794	1
6147378	6147377	1
5281898	5281801	1
840478	840477	1
7687435	7687438	1
10995293	10995251	1
5193812	5192918	1
12395947	12383525	1
988531	988527	1
9600515	9600525	1
10667704	10667696	1
6549113	6549114	1
8363138	8363133	1
12661440	12661439	2
6385251	6389335	1
10499841	10499827	1
11543487	11543503	2
11854832	11854831	2
9911443	9911446	1
12174903	12174904	1
10137093	10136068	1
10230603	10230604	1
11055817	11055818	1
10449018	10441996	1
5225436	5225435	2
10044213	10044214	6
3701363	3701364	1
6541556	6541555	2
7073936	7073935	1
3529617	3529618	4
5487907	5487908	1
5516782	11868050	1
1045630	1045627	1
4011157	4011158	2
5701164	5701163	2
3590124	3590127	1
3746017	3746002	1
7274220	7274219	1
2588463	2590503	1
1998577	2073940	2
11906099	11909599	1
6592773	6592774	1
1105946	1105970	1
9581824	9581154	1
3024932	3024931	1
7046113	7045658	1
8690753	8689235	1
9342660	9342659	1
3567008	3567005	1
7661750	7661747	1
8958825	8959608	1
7106084	7106046	1
3632236	3632850	1
2589352	2589349	1
11376711	11376722	1
8351384	8351383	1
5859506	5859511	1
7253693	7253694	1
8323888	8323887	2
8243419	8243420	1
6434943	6434944	1
1059598	1059570	2
7123590	7123742	1
10838582	10838581	1
4850743	4850830	1
8368508	8368507	3
7377850	7376429	1
5129282	2861284	1
5494435	5494436	1
3324734	3324711	1
2022579	1905151	1
11460917	11460918	1
1098722	1098721	1
3387939	3387765	1
11523834	11523833	1
8501651	8495922	1
5407900	5415892	1
10479695	10479698	1
7400784	7400400	2
12427723	12426570	1
3192023	3192024	1
12427794	12427847	1
10314356	10311308	2
8688979	8689179	1
8681816	8677364	1
6725061	6726413	1
5673511	5673514	1
2937827	2937828	1
2476853	2476854	1
3024933	3024934	2
6498676	6498675	1
2285361	2285387	1
7133904	7133925	1
9023451	9023452	2
10993642	10993641	1
516239	516240	1
11897150	11897149	1
5976714	5976713	2
5230598	5230597	2
3091124	3121710	1
8646144	8652343	2
10993640	10993639	1
2127474	2125335	1
288119	288103	1
1223409	1223410	1
5086931	5086932	1
11805720	11805719	2
11425313	11425314	1
3465866	3465825	4
4349843	4349849	1
7725960	7724113	3
3826025	3826074	1
3865605	3865639	1
3900300	3905173	1
4531779	4534104	2
9598936	9598935	1
5631968	5631936	1
5778677	5779366	1
11573308	11573307	1
2189546	2079028	1
10238389	10238392	1
4877014	4877011	1
8979016	8978994	2
3258760	3258757	1
7399523	7399524	1
12473075	12473076	1
5654914	5654877	3
10723365	10723366	1
5561455	5561524	3
1704833	1704839	2
9777968	9777873	1
7225352	7225357	1
110388	110387	1
9141261	9143290	1
6617530	6617529	1
5094174	5094173	1
5344867	5344868	1
6872189	6872190	1
12542288	12542287	2
11114357	11114358	1
12799419	12799420	4
7862189	7862152	1
10129900	10129899	1
3463988	3463985	1
8840520	8840502	1
5673750	5670722	1
3062203	3062198	1
3901664	3907603	2
12243154	11539731	1
1072644	1072641	1
7147784	7147783	2
12148648	12148647	1
3321365	3321366	1
2508815	2508323	1
6934267	6934287	1
897346	897345	1
4500744	4505367	1
11280631	11280632	1
1987604	1987603	1
10886424	1770468	1
1737037	1737038	1
10013458	10013457	1
2595738	2595737	1
2343955	2343964	1
9447140	9565859	1
6421740	6421739	1
5472926	5472925	1
6973879	6958145	3
6371670	6371620	3
9986533	9985377	1
9314778	9693981	1
4676896	4676967	2
2785848	2785847	1
8082270	8082269	1
12662270	12662269	1
9640907	9631835	1
5967214	5967501	2
4312914	4312904	1
1995970	1995969	1
6654948	6654947	2
7006960	7006959	1
10454666	10454519	1
4548204	4548201	2
4775623	4775819	1
10095885	10095886	1
2104446	2104445	1
2002815	2002816	1
8027482	8027481	1
7246023	7246024	2
10821279	10821280	1
5901249	5899027	1
75872	75871	2
474131	474109	1
8750697	8855270	1
4048491	4048492	1
3720801	3720802	2
3707410	3707645	1
4477568	4477913	1
1138828	990510	1
10311516	10311520	3
437890	437889	1
10311518	10311517	1
12431903	12431877	1
8205077	8205078	2
3194306	3194334	1
5193813	5193814	2
5659404	5659416	1
247346	247389	1
3324734	3324713	2
4605219	4605220	1
1732209	1732200	3
3058124	3056287	1
3556444	3556443	2
1021172	1021169	1
10367857	10370988	1
782818	782837	1
7559999	7559952	2
5579463	5579464	1
6033791	6033792	2
927157	8523215	1
12561821	12561871	2
9578414	9578439	1
11838094	11838093	2
5284672	5284507	1
3492725	3492680	1
1016874	1018119	3
593306	593299	1
5914172	5914171	1
6348060	6348314	1
246873	246874	1
1570832	1570258	1
9736452	9736451	1
12374871	12374872	1
2104531	2104233	1
4354101	4354102	1
3762555	3765853	5
9453151	9453152	1
12775764	12775763	1
3616081	3578017	1
6218815	6218816	1
8952148	8952147	1
3195441	3195442	1
12398832	12400510	1
8964303	8964304	2
3033637	2812247	1
11186747	11186748	1
9828109	9824781	1
7028284	6901114	1
7144582	7144572	1
9939169	9939170	1
4605221	4605204	1
9023453	9023454	2
1116539	1116540	1
258149	258150	2
9673778	9673777	1
9315341	9315342	2
5513012	5513005	1
5884264	5883792	3
2991492	3144000	1
8368834	8368507	1
2572705	2571779	1
7222611	7222645	1
12462182	12462177	1
6098878	6099353	1
10040489	10040490	1
3603742	3603741	2
3034574	3034043	1
11861675	11861676	4
6923533	6923538	2
4057462	4057298	1
222972	225211	1
678890	678895	1
2377990	2377989	2
11869703	11870934	1
12228360	12228359	1
9315324	9315340	1
6021457	6020857	1
739328	739327	3
1358836	1358862	1
437890	437887	1
10511047	10511048	1
2084793	2083932	1
8189403	8189429	1
3138131	3064669	1
5940737	5940752	2
6354302	6354790	1
4912387	5500964	1
5797342	5788863	1
11251772	11251769	1
2637977	2806546	1
12598737	12598740	1
676879	676880	2
1322722	1322721	1
2281563	4106849	2
8381201	8381189	1
269853	269040	1
3884429	3884430	1
11724689	11724792	1
693090	692112	2
4296488	4296485	1
10667801	10667707	1
7669083	7669085	1
608055	608024	1
8041154	8041556	2
5853021	5853022	2
4584046	4584907	1
11514400	11514405	2
12462184	12462179	1
6694871	6694872	1
9447641	9447968	1
11882031	11882049	1
12282376	12283453	1
3545048	3545047	1
12632937	12632938	1
7202939	7202788	2
5503172	5504271	1
10704454	10704420	1
1358685	1358686	2
4731265	4731266	2
9078546	9078545	2
749354	750398	1
807770	812117	1
366075	366076	1
11239978	11239977	1
10825502	10825501	2
4731272	4731271	1
2905397	2909506	1
5203798	5203815	1
5519061	5519062	4
11556720	10808225	1
4501474	4501473	2
3702389	3703065	1
10564328	10564327	1
7931631	8778650	1
2583865	10261152	1
10969929	10969990	1
4312224	4312350	1
7862153	7862154	1
8242017	8241529	1
7883415	7884038	1
12258803	12258804	1
7559846	7554556	1
6202022	7901557	1
2936431	2936432	1
2726313	2726316	1
3680363	3681671	1
9342662	9342661	1
2642147	2642148	1
1512764	1512761	1
5352195	5351867	1
2487634	2490645	1
528859	528860	4
10081992	10081991	1
1186194	1190132	1
9125218	968801	1
3024935	3024936	1
8278343	8279078	1
4323705	4323854	1
1171593	1171594	2
9852320	9852319	1
5463744	5463809	1
5586981	5586974	3
1335623	1335624	1
11523832	11523831	4
3246305	3298863	1
8012826	8012404	1
5355179	5355180	1
12721415	12721420	1
5917568	6541578	1
9779692	9779667	1
4529416	4529415	2
2549632	2549631	1
677116	677121	1
9116776	9116800	1
6180963	6180964	1
10180459	10180460	1
8786858	8786857	1
11035749	11043811	1
2982649	2982650	1
5719032	5712469	1
5342267	5501141	1
8452573	8452574	1
3616077	3616080	1
8958823	8958824	1
11018504	11018503	1
6184211	6185437	1
12803225	12803218	1
12799423	12799426	4
12258388	12258387	1
11134803	11134804	1
1055178	1055177	1
10807979	10796637	2
6001305	6001390	1
6185436	6185435	1
12036267	12036268	3
4616522	4616521	1
5914169	5914115	1
3634859	3634860	1
6953481	6953343	1
2313244	2313243	1
9702503	9702472	1
8222530	8222096	1
11198086	11129210	2
11153134	11153157	1
12148646	12148645	1
7868767	7868768	1
3046261	2743663	1
5088610	5088638	1
6828218	6828217	1
6836803	7010234	1
2731508	2731505	1
1564305	1564572	2
11309367	11309375	1
9989774	9989777	1
56936	56939	1
10150039	10150263	1
6489491	6489492	1
8621428	8621427	2
5019415	5019418	2
12561929	12553680	1
1322599	1322723	1
11124280	11124279	1
1266231	1266133	1
2607570	2606774	2
12542240	12542239	2
7715829	7715652	1
12542501	12542289	2
12052044	12052043	1
4834007	2552815	1
6014125	6014073	1
11543062	11543059	2
841087	841088	1
10437487	10436968	1
615540	615539	1
5499441	12811424	2
1011562	1011398	1
5748295	5748296	1
3400478	3400389	1
7823692	7823691	1
12736005	12736012	2
5455565	5454496	2
8533421	8534492	1
55128	53544	1
7031541	7031542	1
5884192	5819823	1
2887505	2884957	2
3258756	3258761	1
6740124	6740121	1
2905904	3368529	1
4267416	4267415	1
11812235	11812236	2
5653613	5653614	1
4473389	4473804	1
11177680	11182728	1
10911498	10911497	1
4756166	4756558	1
4033883	4033671	1
4224848	4225689	1
2225362	2225327	1
8041156	8041155	3
8431041	8431042	1
8469540	8469669	1
1386294	1386293	1
4700329	4577793	1
8415644	8417237	1
7822171	7806938	1
11483725	11483726	1
5751169	5751269	1
4224850	4224849	2
6310518	6310517	1
3401979	3401980	1
5164044	6587840	1
7088371	7088373	2
1610160	5526071	1
12725991	12725992	1
5067393	5066269	1
12205967	12205983	1
8956967	8956968	2
8406308	8406307	1
1617749	1617750	2
1987606	1987605	1
1288699	1288700	1
11426033	11426036	1
12120867	12120868	1
3444782	3444873	1
10323871	10323872	1
6030711	6032973	1
1420827	1420828	1
6324877	6321634	1
3355767	3352512	1
12258856	12258855	1
4746553	6554045	1
8073361	8087538	1
11624146	11624173	1
3099374	3099365	1
2718080	2718072	1
6042654	6042649	1
6354812	6354789	1
5660457	5660441	1
4988406	4987966	2
9944914	9944895	2
9722304	9722303	2
7008618	7007580	1
9634234	9626781	1
10918881	10918905	2
11854607	11854608	4
1430861	1430864	1
2107139	2107686	1
11449060	11449059	1
11910186	8295229	1
12030605	12030606	1
7963023	7998792	2
3007899	3007902	1
5751546	5751526	1
9854138	9854195	1
836085	829442	1
1167963	1167964	1
11751732	11751727	1
5527237	5527238	1
1641010	1638045	1
3701361	3701362	1
8393699	8393768	3
1969574	1969600	1
6643867	6643868	1
9624172	9624272	1
1248622	1248617	1
6155826	6155825	1
9712674	9712677	1
8884959	8884960	2
3395028	3395027	1
6441986	6441035	1
4803551	4803536	1
55653	53528	1
9589734	9586865	1
792844	792567	1
2806583	2806584	1
6859156	6859155	1
12598737	12598738	1
4904465	4911819	1
11909224	11909223	1
7027521	7027522	1
9600524	9600523	1
604893	604276	1
4348032	4348029	1
5053392	5053389	1
11828645	11828598	1
846994	846993	3
10230426	10230367	1
11003538	11002326	1
5762433	5762434	1
12502184	12502183	2
5940753	5940754	1
7050727	7050728	4
10744779	7880544	1
4668063	4668064	1
11769180	11770401	1
12646300	5482679	1
8886765	8886766	1
4627344	4627277	1
6491080	6491130	1
8292506	8292505	1
3820473	3887625	1
3987639	3987640	4
458136	458135	1
10259429	10259457	2
5574062	5574061	1
3815138	3815137	1
3895865	3895866	1
4844662	4844661	3
9354915	9353877	1
7146167	7146441	1
9375419	9228743	1
7439401	7437624	1
3460256	3460255	1
2762461	2762466	1
6279249	6278900	1
3257784	3257780	1
1283367	1283368	2
5374504	5374503	1
2133266	2133265	1
800129	799662	1
246875	246876	1
5701168	5701165	1
7541137	7541131	1
668943	11677145	1
1184033	1210644	2
8960292	8960299	1
12569194	12569104	1
12598739	12598740	1
4271048	4271047	1
1034514	1033090	1
11919406	11919427	2
9554652	9554651	2
8005008	8007028	1
1732201	1732206	2
3762864	3765852	1
4917562	4917867	1
12155766	12155765	2
10454665	10454657	1
11316491	11316492	2
10584474	10584473	4
11340684	11340683	1
1136395	9125697	1
2628677	2628637	2
5020241	5020242	1
1622723	1620441	2
12052042	12051714	1
4901347	4901350	1
2629709	2630006	1
812127	812130	1
423719	422171	1
8602636	8602635	2
11374015	11374016	1
711663	711664	1
12661745	12661443	2
11588777	11588780	2
2071141	2071142	3
12375661	12375662	2
5631	51536	1
10744779	7880542	1
8726998	8726997	1
351946	351943	1
1012588	1008762	2
3167865	3167856	1
9118428	5261440	3
9505211	9504549	1
1203569	1203570	1
5817347	5817348	1
3907602	3907601	1
8003992	8003991	1
10045255	10045036	1
6283805	6283718	1
11588781	11587041	2
1961501	1961502	1
3811746	3811743	1
6592880	6593388	1
11471673	11471674	1
6679870	6679869	1
10789188	10789682	1
7773701	7773753	2
11899964	11899961	1
8530098	8527915	1
1294835	1294830	1
9295428	9314852	1
987338	987337	1
12750661	12750787	1
8871039	8871040	1
3323555	3323556	2
8416417	8416418	2
941491	941478	1
6891900	6891899	1
9777970	9777969	1
5053394	5053393	1
2553421	2553422	1
7869068	7868786	1
12531420	12531419	2
4268730	4268729	1
3987639	3987642	1
4731270	4731269	1
11803358	11803355	2
556211	556212	1
4095647	4095650	1
12424398	12422978	1
4803550	4806055	1
10893753	2812769	1
11873876	11831751	1
3998692	3998741	1
11713027	11713028	2
2887504	2886854	1
6976357	6976358	1
11009170	11009167	1
5271758	5271778	1
12740517	12568746	1
8084421	8082271	1
5368517	5367489	1
6197115	6197083	1
5629951	5629952	2
2322204	4587208	1
4296488	4296487	1
1703657	1703687	1
4876138	4876192	2
4251521	4251522	1
1894330	1894329	1
7285023	7285024	1
2835147	2835098	2
3400388	3400387	1
6059076	6063017	2
272234	262840	1
10027802	10027797	1
2806547	2806548	1
5454589	5454575	1
184188	11935792	1
7603313	7603603	1
11850268	11850265	2
12790251	12789687	1
5884174	5884145	4
917490	10448656	1
11009170	11009169	1
3214057	3213964	1
3418831	3418670	2
2586510	2586509	2
3552491	3552494	3
8764160	8764159	1
10570756	10570752	1
8460456	3462251	1
6054103	6055538	2
5510137	5510138	1
7600088	7600087	1
2002817	2062579	1
11180993	11180994	2
10365973	10365685	1
11181705	10972830	1
8538285	8538286	2
7099352	7099351	2
10916605	10916615	1
3463986	3463985	1
1048849	1048896	1
3809557	3387765	1
5287715	5192049	2
9818650	9822230	1
7637797	7637798	1
1075989	1075920	1
12353854	12353853	1
4582189	4582190	1
6364032	6364027	2
2440358	2440361	1
1715469	1715470	1
4745039	4745040	1
926734	926733	2
6687132	6690115	1
3777516	3776884	1
4549638	4548641	1
10605544	10605593	1
8975360	8975357	2
281021	280362	1
5518864	5518713	2
2062578	2062577	1
9888803	9888508	1
2557768	2557767	2
744750	744749	2
701211	701212	1
1616643	1616644	4
1167950	1167717	1
2816598	2816449	1
3142883	3142884	1
8809386	8810767	1
12518933	12516586	1
7597356	7597355	2
11831752	11831751	1
10027802	10027801	2
12542286	12542285	2
5359503	5359671	1
6677669	6677670	2
11198086	11198085	1
8245482	8245481	1
4143758	4144956	1
2541946	2536654	2
5347504	5346943	1
1194932	1194931	1
9394957	9394958	1
4917566	4917563	1
10236585	10236550	1
7513288	7518014	1
5419457	5419458	3
6176028	6176084	2
7267530	7267931	1
953573	953574	1
3292565	3292115	1
8012946	8012932	1
11402202	11406395	1
1675610	1675609	1
7435420	8374939	1
8395437	8395438	3
3387939	3809556	1
10968545	10968548	1
8988988	8989134	1
7257681	7257682	2
1768206	1768209	1
655481	655482	2
926729	926730	1
12554382	12554024	1
5751523	5751547	1
644646	644645	2
9851212	9851222	1
2887766	2706979	2
4613128	4614316	1
3401336	3401335	1
9681806	9681805	2
8598007	8598002	2
3874835	3874836	1
1131529	1127480	1
5961026	5961025	1
3693770	3694581	1
6269861	6269862	1
4204690	4204760	1
11096244	11096243	1
10415638	10416738	1
2260455	2260456	1
444013	444014	1
4011159	4012780	1
8621447	8621450	1
6093759	6093760	1
1632038	1632037	1
7547571	7547572	3
6162048	6201632	2
6841873	6841874	2
3931959	3932097	1
2371249	2371162	2
10159971	10160107	1
163070	163114	1
2793971	2787600	1
7841914	7841884	1
10059317	10058485	1
7767252	7767251	2
7042113	7042114	3
10676047	10594540	1
4844664	4844663	2
8347819	8347825	1
11406396	11406395	1
3445456	3445626	1
8499533	8499534	1
8811365	8811366	1
10473094	10473209	1
10294454	10294453	1
7324880	890316	1
7446398	7446365	1
3696836	3696578	1
10752951	10752952	1
6895211	6895214	1
12375655	12375660	1
12799421	12799422	4
5283088	5283087	1
6333027	6333028	2
5515263	5515264	1
9712367	9713516	1
6805089	6805090	1
4387545	4387546	1
2551178	2551172	1
2229020	2339004	1
10373618	10373762	1
10294452	10294493	1
6693123	6628471	2
1984585	1984588	1
10737963	10737964	1
7225356	7225353	1
1744939	1743710	1
3987641	3987642	4
5168518	5168516	1
1041216	1041215	1
10048616	10048615	2
8240809	8240534	1
3688529	3689413	1
8467917	8466775	3
11835555	11835601	1
4533201	4533261	2
7322365	7322370	1
8894954	8894951	1
10606844	10606699	1
6312591	6315210	1
8952148	8952145	1
3660817	3660818	1
5109426	5108883	1
7564698	7564697	1
9979317	9979318	3
9881769	9878927	1
2576430	2576429	1
1288701	1288704	1
2281558	2281557	2
1240599	1240600	2
164292	93604	2
12120680	12120866	1
2652564	2652601	1
2720640	2852177	1
8012828	8012827	1
11928891	11928442	1
4049749	4049629	1
10348750	10348749	3
7588688	7588674	1
7441914	7441913	5
4453505	4453506	1
9532454	9532453	2
6977081	6977082	2
593306	593301	2
4689448	4689475	1
11251779	11252318	1
5723484	5723483	1
1460509	1460510	2
3576553	3576554	1
11155648	11155647	1
10957122	10957121	1
11153136	11153135	1
10805329	10808079	1
1170834	1170833	2
1460507	1460508	4
7645817	7645818	1
10780626	10779293	1
5694212	5694175	3
3314693	3314694	1
2124913	2124914	1
10136790	10136789	1
6677086	6677083	1
11425142	11425791	1
9854433	11110360	1
5256044	5256084	4
6050259	6050260	1
2107844	2107662	1
7975124	7975123	2
241477	241478	1
11825905	11825906	1
8782416	8782562	1
8292105	8288435	1
3314695	3314418	1
12239177	12237630	2
11965381	11965382	1
2779259	2784304	1
2642141	2642146	1
1967472	1961015	3
3943897	3943911	1
5324445	5324486	1
12492822	12493615	1
11669550	11669549	2
5230745	5230667	1
2863862	2863861	3
11480980	11481557	1
3325294	3325305	1
10375141	10685930	1
8320373	8320374	2
1382599	1382604	2
9681808	9681807	2
5246841	5417256	1
6740122	6740121	1
3946073	3945413	1
6208206	6208205	2
3834799	3834800	1
301459	301460	1
3874837	3874838	1
11376723	11376732	1
6773189	6773190	1
11924727	11924728	1
1145965	1145966	1
12761370	12761369	1
2357400	2358101	1
10311479	10311089	1
6053042	6053041	1
2927017	2927018	1
9797080	9797083	1
711055	711483	1
185065	185068	3
615684	794015	2
12380523	12380524	1
3792736	6765437	1
6553224	6553223	1
9584457	9584342	1
4381730	4381729	1
1845449	1845420	1
5456567	5456554	1
5831538	10634224	2
6034489	6034490	1
9554501	9554283	2
779769	779770	1
8867415	8867416	3
6796609	6796612	1
3460943	3460944	2
8821453	8821454	1
12781776	12665886	1
1686313	1686219	1
5230596	5230595	3
10905699	7599557	1
11582675	11582228	1
7992751	7992752	1
5632044	5632063	1
250273	250274	1
3463988	3463987	1
227450	50931	1
6724679	6725055	1
3122145	3037672	1
1041214	1041260	1
7189400	7189964	1
3007901	3007902	2
9126763	9126544	1
4472029	4472030	2
2422669	2422670	2
5247722	5247721	2
529962	528860	1
8367017	8366721	1
11751726	11751729	1
294263	294312	2
4477570	4477569	1
3131657	3132255	1
6412535	6412536	1
8349623	11705633	1
2220891	2223080	1
4586260	2477961	1
12338281	12338255	1
11727431	11726235	1
2936431	2933769	1
9821528	4033882	1
956257	956258	1
1168065	1171314	1
9769013	9769014	1
3443821	3443822	1
8839212	8839211	2
10056470	10056469	1
3216951	3217034	1
6310516	6311732	1
1885529	1887767	1
5975563	5948566	2
3279149	3279150	1
8616308	8616307	2
11826626	11826625	1
8894897	8895076	1
2125766	2126433	1
1058625	1058626	1
9362697	9362793	1
1537441	1535494	1
7868790	7868789	1
6986069	6986070	1
3899147	3899148	4
11069504	11069503	1
10608032	10607510	1
2198470	2198469	2
2890361	2890362	1
6692900	6692580	1
5400068	5400046	1
5817144	5817482	1
8858827	8858828	1
10976345	10079823	1
6062808	6136074	1
12679408	12678671	2
1704838	1704837	2
1870283	1870300	1
744714	744746	1
9180872	9179431	1
1912227	1912228	2
11262135	11262141	1
2883399	2882426	1
3660121	3660403	1
11848851	11848852	1
446857	396771	1
11529459	11529478	1
9596805	9596862	1
1283365	1283366	2
6053044	6053043	1
162947	162948	1
8183227	6974914	1
5678741	5678787	1
10533052	10533051	3
11915524	11915523	1
3359262	1088575	2
8894952	8894951	1
9234975	9234976	1
5579459	5579462	2
11471671	11471672	1
9554746	9554745	2
12679429	12679430	1
8262308	2116079	2
7866354	7866398	2
3480865	3480866	2
1759589	1759040	1
5422937	12797557	1
191600	191599	1
9437039	9437042	1
10752127	10752130	2
776758	776751	1
4122517	2593852	2
12482851	12482854	1
2225326	2225323	2
3468298	3467831	1
11476850	11476853	1
8348683	8348684	1
4109890	4109720	1
1406591	1406592	1
10089616	10089613	2
3234247	1682344	1
1382568	1382598	1
5331016	5217466	2
1322641	1323391	1
1159749	987918	1
2379293	2379796	1
4911574	4911573	1
2038913	2038914	1
12375655	12375662	1
330758	326433	1
5854815	5854816	2
5805386	5631969	1
5698335	5698336	1
7841782	7846458	1
644644	644867	1
8568278	8568241	1
1186785	1187564	1
7823583	7823693	1
9265297	9265310	1
10444315	10444305	1
7250818	7250852	1
5556156	5556155	2
519694	519693	2
2475248	2395447	1
3149912	3149915	1
2187748	2188919	1
8822717	8822737	1
10738750	10474786	1
10584472	10584471	4
9750186	9749795	1
4568904	2518413	1
11470371	11470926	2
11374013	11374014	3
2358812	2358811	1
12666105	12666184	2
1358687	1358688	2
4204604	4204767	1
4548204	4548203	1
3426846	3430615	1
3465824	3465823	4
2520012	2518518	1
12717836	12717858	1
11935626	11935528	1
3792635	6763386	1
2557766	2560797	2
2590758	2590740	2
1098720	1098719	2
3356122	3356357	1
7967461	7996669	1
12421103	12421104	2
1527061	1527062	1
1703143	1703144	1
5888516	5888617	1
2639427	2639640	1
5700306	7588689	1
5727756	5728157	1
12143598	12143597	4
934111	934558	3
1282508	6088185	1
8312726	8312725	1
4261378	4261440	2
7724128	7725742	1
10410760	10411246	1
8041156	8041556	1
8346321	8346322	2
9246181	9246182	1
1540699	12761371	1
4424169	4426950	1
9760191	9760180	1
10129902	10129901	1
6996012	6996011	2
7389629	7389630	2
2712920	2712919	1
156195	156196	1
4524983	4525832	1
846992	846991	2
997906	997905	1
11024959	11021726	1
12721415	12721418	2
2793969	2793970	1
10825487	10825503	2
11476852	11476851	1
10473096	10473095	1
7446253	7446254	1
381041	364244	1
119049	119579	1
1171595	1170092	1
527751	527752	1
10933022	10933021	2
217494	217439	1
9063864	9063863	1
6505709	6505710	1
9544439	9545332	3
10259456	10259453	1
4860065	4859856	1
6353105	6348574	1
616924	616934	1
5367488	5367487	1
11825407	11825408	1
8181660	8181659	1
2508675	2508676	1
9806377	9806378	1
6133969	5923937	1
6896999	6963008	1
5961897	5961898	2
7550365	7549634	1
3892024	3892384	1
787016	787015	2
7995054	7995053	1
8867564	8867567	1
11786807	11786452	1
6580085	6579875	1
5209019	5209020	1
9720858	9722307	1
8032065	8031252	1
7023424	7023423	2
5706237	5706238	1
4152701	4152702	1
5339310	5339309	1
949395	949476	1
8567541	8567556	1
11051274	11051960	2
11757537	11757538	1
1387255	1520488	1
10155173	10155174	1
10072360	10072359	1
5880929	5880930	1
5905158	5906288	1
10254528	10254519	1
3711983	3711984	3
993095	991403	1
10479703	10479704	1
11114451	11114356	2
7564696	7565394	1
10507039	10507181	1
10821277	10821278	1
185069	349718	2
255682	255681	2
9453149	9453150	1
5117681	5117682	1
10383601	10382665	1
948041	949130	1
1392922	1392917	1
9234954	9234976	1
10050017	10050082	1
6169441	5897580	1
1462035	1453093	1
12425130	12425665	1
10165320	10165319	1
10535715	10535285	1
8541165	8541168	1
6056901	6056925	2
4523447	4642607	1
11308845	11308846	3
11153660	11153659	1
2653715	2653716	1
3215782	3216314	2
269579	270177	1
7994417	7994418	1
905701	905702	1
635044	676532	1
10307827	10307828	1
7242549	7243353	1
3636777	3637941	3
2451411	2451412	1
7992753	7992754	1
10323873	10323713	2
4420662	4420661	1
10023222	6553782	1
5138429	5142599	1
1018118	1018117	3
12321104	12322966	1
4808750	4808749	1
2270414	2270413	1
5503176	5503173	1
11827280	11827236	1
10584475	10585084	1
789311	794244	1
11251776	11251775	1
9839118	9840190	1
10110359	10110239	1
4916927	4916928	1
1581472	1581592	1
3160710	5357639	1
4474617	8423568	1
11719431	11719432	1
5053394	5053389	1
7767281	7767253	2
7229959	7226823	1
1317880	1318642	3
7930179	7930180	3
12159504	12014690	1
10294235	10294236	1
1105041	1105042	1
8961588	8961693	1
8027480	8027499	1
5491144	5491143	2
1894332	1894331	2
7022929	7023881	1
1400225	1403635	1
3033633	3033636	1
5733306	5731061	1
6363571	6363572	1
10887666	10887696	1
6617807	6617764	2
6457891	6457892	1
9554748	9554745	2
4281086	4270436	3
9550098	9550097	1
1544091	1544092	1
2908661	3057722	1
12146094	12146928	1
8603703	8603727	1
5399680	5399679	1
2816378	2816141	1
7459087	7459088	1
10479699	10479702	1
1877065	11199869	2
9536961	9536962	1
8375525	8375975	1
8092594	8092566	1
832661	832666	1
12464893	12464894	1
7072423	7072424	1
5794962	5794959	1
3130874	3131013	1
3259993	3259986	1
3007899	3007900	1
9950589	9950590	2
6858649	1975666	1
6376760	6376765	1
7224333	7224334	1
992836	994283	1
8811359	8811364	1
2845573	2845574	1
11187483	11187488	1
6804989	6805088	2
4529420	4529419	1
9229833	9229808	1
7356575	7361284	1
4365546	4365545	1
10110743	10110236	2
5574066	5574063	2
1659128	1618517	1
9253571	9253572	2
4350300	6243267	1
2124528	2124527	1
7264435	7264436	1
5733308	5733307	1
4266949	4267005	1
556209	556210	1
3576555	3576556	1
1485313	1484775	2
11838092	11838091	1
3704618	3705027	1
12199310	11501764	1
7925526	7925546	1
12017176	12017175	1
11737829	11737347	1
8422920	8422919	3
7311756	7311755	1
1794115	1767912	3
2936433	2933769	1
7725519	7725520	1
1335621	1335622	1
10177683	5571215	1
6331834	6331977	1
2771250	7727234	1
8292104	8292507	1
6793940	6793956	1
1110445	1110396	1
329783	329784	1
7976776	7975125	1
429761	429729	2
12798000	12798512	1
8003990	8003193	1
10238393	10238539	1
6184209	6184210	1
8416413	8416416	2
1033050	1033907	1
11124282	11124281	2
1633733	1633573	1
8569884	8567366	3
6530342	6530348	1
2198472	2198471	2
4267642	4267570	1
8922445	8922497	1
4184490	4188911	1
5654120	5654123	1
1989564	2071140	4
5388074	5388061	1
3217035	3217036	1
2133264	2133403	1
12482851	12482852	1
11000506	11003112	1
1503123	1520041	1
8399967	8399968	1
4525833	4525834	2
12639930	12639929	2
10165318	10165323	1
1420827	1253712	1
10752953	10752937	1
2356074	2356071	1
7600086	7600083	2
11550051	11550052	1
4225450	4224851	2
11854830	11854829	2
2420289	2422601	1
7917463	7915622	1
7868702	7868791	2
289595	290014	1
9818652	9818651	1
2826823	2843670	1
3336335	3336312	1
8191591	8191592	1
8369218	8369217	1
11665327	11665330	1
10416741	10416742	1
2343963	2343964	1
8860029	8860030	2
10920422	10920421	1
701211	701214	2
1457196	1458057	1
7094385	7094386	2
6972157	6928185	1
2576434	2576429	1
733426	733421	3
9807199	9807200	3
868124	868295	1
9148715	9148738	2
11812237	11812238	1
11221391	11221392	4
10081308	10081307	1
12658081	12658099	1
5579098	5579155	1
12176050	12174902	3
7993698	7993463	1
7810534	7810533	2
9003875	9002529	1
5741547	5741548	1
12811537	12811538	1
6634172	6634129	1
10759553	10759344	1
9777970	9777873	1
2832154	2832287	2
288426	288423	1
6212976	6062809	2
9806379	9806380	2
5500732	5500722	1
7483173	7483176	2
2816722	2816721	1
1982857	1982858	2
11198084	11129210	1
6694873	6694874	1
6180965	6180968	1
3138129	3138130	1
11697355	302665	2
342698	343042	2
6846251	6846249	1
4580894	4580730	2
9667229	9667230	1
11928617	11928618	1
1770980	1770979	1
10758236	10758235	1
3556442	3556441	1
5284186	5284185	2
11697353	11697354	3
8162294	8163011	1
795810	795809	1
8873896	8873895	1
5851536	5851474	1
6740124	6740123	1
5882628	5882666	1
12736003	12736004	2
11720439	11720440	1
5764933	5764934	1
5529716	5529711	1
11820089	11820090	1
5019417	5019418	2
1323717	1323331	1
7884039	7884040	1
7764428	7764427	2
3396117	3753619	1
5927735	5927736	1
357	256	1
9234954	9234974	2
110275	110458	2
2324424	2324423	1
11251774	11251773	1
4088789	4088790	3
2590504	2590503	1
537646	537645	2
9577770	9578138	1
3108607	3107103	1
742205	742215	2
8008505	7856205	2
4261620	4261619	2
4473706	4473711	1
5555553	5555558	1
10232143	10233040	1
1382573	1383722	1
3957445	10755961	1
1192684	1194933	1
3550017	3550864	2
4295499	4230358	1
6248061	6248700	1
12633906	12632936	4
10752131	10754579	2
1415009	1408763	1
10218843	10218844	1
11740347	11740348	2
2347599	2349487	1
11009168	11009167	1
4453507	4453508	1
12489479	12489480	1
4301927	4301928	1
288422	288421	1
457151	457152	1
7661748	7661745	1
11565850	11565849	1
11917783	11734139	1
9705365	9705363	2
1881116	1881115	1
11086198	1772845	2
6128933	6128934	2
3997688	3997687	2
12768600	12768688	2
11506309	11506314	1
3320578	3320577	3
5794960	5794959	1
9545181	9545182	1
3932327	3928168	1
7598980	7586198	2
801713	802660	1
8087173	8087113	1
8336215	8336216	1
12122463	12122611	1
5625402	5625466	1
6618801	6618802	1
3203906	3203905	1
7724112	7724111	3
7742918	7742917	2
8573349	8573216	1
4578935	4578936	1
1322720	1322719	1
3148821	3148809	1
11873876	11831753	1
6155824	6155823	1
11219740	11219739	2
4301197	4301198	1
1770978	1770830	1
11406400	11406829	1
9554748	9554747	2
7684385	7684386	1
11976276	11976275	1
6695906	6695903	2
12755847	12755822	1
6977083	6976356	1
4376615	4376616	1
4712763	4712766	1
10560076	10561779	2
11251777	11251778	2
5759148	5784422	1
5884176	5884145	1
973005	972979	1
5574068	5574067	2
5882816	5881245	1
5673752	5673751	1
5374506	5374505	1
8948659	8948660	1
5578546	5578543	1
9432344	9432343	2
9768641	9769012	1
10686671	10686672	1
4135594	6241862	1
6563736	6563248	1
6788872	6788871	1
8525256	8526553	1
8034175	8034176	1
7597350	7599727	1
4481443	4501475	1
9932914	9932913	1
1406593	1406594	1
1535495	1535496	1
6838550	6838549	1
9111295	9111296	1
7876070	7875809	1
10134767	10135327	1
448439	448440	1
7454480	7451327	1
2515229	2515230	1
11052530	11052529	1
164293	164294	1
5283874	5283736	1
4529418	4529417	1
9658107	9658108	3
7661746	7661745	2
2958307	2958149	1
3298295	3298607	1
9529173	9529425	2
5367486	5367485	1
1458869	1461402	1
4842649	4842654	1
1599971	1600001	1
1076884	1076495	2
6917124	6916988	1
111578	111577	1
957047	957048	1
6950750	6953617	1
11870935	11870936	1
6775594	6775555	1
6667806	6667803	1
11204834	11204833	1
7483177	7483178	1
2343955	2343962	2
12375657	12375660	2
1544093	1544094	2
1550655	1550656	1
11104331	11104332	1
3563001	3563002	1
9787316	9787302	1
6870055	1957002	1
7823583	7823691	1
2776968	2776967	2
9722306	9722305	2
12531420	12531417	1
76656	75871	1
776756	776751	1
4453509	4453510	1
749132	749131	2
11035747	11035748	2
5586979	5586980	4
7356573	7356574	1
4790675	4790676	1
3077778	3077248	1
8894954	8894953	2
11508359	11509601	1
8375525	8375977	1
1017737	1016678	1
1582024	1582023	1
10622431	9692750	1
8494021	8493972	2
9807201	9806376	1
1245839	1246786	1
4028853	4028975	1
5914174	5914173	1
676533	676534	1
2593059	2593060	1
8581733	8581734	1
11500931	11500932	1
11896513	11896603	1
6786991	6786992	1
7684392	7684391	3
5733310	5733309	1
6590576	6590575	2
11166123	11166826	1
7715819	7715820	1
5342337	5342338	1
6484288	6484855	1
10645450	10645435	1
11096246	11096245	1
3743838	6472580	2
11854605	11854606	4
7246025	7246026	2
5572307	5572311	1
10223129	9930165	1
3598305	3598306	1
2211545	2211546	1
4522282	4522165	1
6249807	6250586	3
4529420	4529417	1
3633254	3639221	1
8848940	8848939	1
9768076	9767918	1
8560171	8560305	1
1288413	1289102	1
12552693	12553545	3
4548202	6116854	1
2096858	2096857	1
11400801	11400890	1
10020792	10020791	1
2966711	2966712	1
7074520	7071715	1
11625405	11625408	1
1101392	1101391	1
7246021	7246022	2
4609678	4609677	1
10740961	10740976	1
11850252	11850269	2
1019559	1019560	1
9104871	9104872	1
10619921	10634445	1
5976479	5976480	1
2038915	2038916	1
10490159	10490163	1
9807201	9806378	1
4687741	4687804	1
9658208	9658106	3
76656	75873	2
6953481	6953345	1
8293102	8294489	1
2588463	2590505	1
8399964	8399966	1
11609228	11610483	1
11724793	11724794	1
6511742	6512489	1
6688902	6689519	1
11172802	11172801	1
10606122	10606093	2
58157	58153	1
2468816	2469445	1
10254528	10254521	1
3899149	9126987	3
10040491	10040494	1
3618347	3616221	2
6065562	6065561	1
42895	42684	1
11985887	11986081	1
8013260	8013257	2
10498282	10498269	2
9090856	9090859	1
2201217	2201038	1
3259991	3259986	1
9773383	9773386	3
4369779	4369847	1
3021731	3021732	1
7661750	7661749	2
10496992	10496991	1
2789682	2789666	1
7356573	7361284	1
4949224	4949223	1
3695864	3695861	1
11018502	11018501	1
12463277	12463261	1
11850252	11850265	1
12258854	12258802	1
2244486	2244485	1
9752699	9752789	1
2508322	2508321	2
7151981	7151982	1
7560792	7558761	1
7192471	7229905	1
5794962	5794961	1
1462035	1453095	2
11287659	11287660	1
5373056	5368864	2
9078604	9078547	2
7880543	7880544	1
118510	118509	1
1829001	1829002	1
2768847	2787571	1
4987967	4987968	2
7687435	7687436	1
4467512	4467529	2
9229460	12233178	2
4347337	4348898	1
3046210	3041764	1
8688650	8688714	1
6711271	6711272	1
2537643	2535425	2
9694962	9694961	1
4447413	4447874	1
711399	709720	1
6485605	6500146	1
10574226	10574225	1
6033787	6033793	2
4154228	4154249	2
11009172	11009171	2
7813009	7813068	1
8903951	4381628	2
6841873	6841888	1
7446438	7446435	1
11010630	11010642	1
4804439	4809476	1
3043312	3041881	1
7900523	7902055	1
1460511	1460520	1
2521948	2521947	1
7339418	7333472	1
9929182	9929185	1
6248854	4350958	1
9493639	9494775	1
9948836	9948754	1
10294237	10294238	1
1453094	1453093	2
5884176	5884175	5
5425750	5425749	2
5060484	5060363	1
1229100	1226531	1
351947	351948	1
10098486	10097569	1
7295832	903640	1
7193681	6448219	1
9541348	9541347	1
898944	8578038	1
1540699	12761369	1
8422918	1092077	1
10540011	6207397	1
4549640	4549639	1
12661442	12661441	2
559523	560791	1
8527916	8527915	1
5999447	5998901	1
1206429	1205746	3
1312545	1312787	1
7097050	6893734	1
415305	415390	1
7463826	7463829	1
8865286	8865285	2
11330577	11330574	1
5268066	5267873	1
5913545	5917979	2
7179481	7179676	1
11986082	11986081	1
12666185	12666186	1
6409925	6410688	1
11519046	11516984	1
2567311	2568147	1
1382569	1383722	1
3192025	3192027	1
4709883	4353946	1
12466448	12466445	2
12547602	12547601	1
1084734	1084733	2
12482849	12482850	2
7731567	7731568	1
1632036	1632039	1
4353020	4354100	1
7031543	7031685	3
9554282	9554281	1
11114359	11114360	2
8529345	8529346	1
11928469	11851691	1
870270	8505100	1
6909948	6121273	1
11460919	11460920	1
3899147	9126987	1
10907413	10907404	1
7483177	7483180	1
7225352	7222746	1
2535424	2535423	1
598200	598199	1
6953344	6953343	1
7976776	7975123	1
7565020	7564945	1
5353473	5353231	1
12815065	12815012	1
4723817	4723680	2
2281560	2281559	2
3508831	3580723	1
