fend1	fend2	count
4279173	4279174	1
4315450	10414439	1
1196367	1196243	2
159181	159182	1
354520	354519	1
3373356	3373355	1
3285503	3285504	1
387932	387931	1
4548674	4548669	1
6043330	6043329	2
7916100	7916099	2
7714665	7714666	1
10705873	10705874	1
10905195	10924227	2
8091435	8091436	1
7225935	7018233	2
8614579	8605301	1
6537347	6537348	1
8820710	8940626	1
6701134	6701133	2
3035391	3032861	4
5096453	5096454	2
12566152	12568723	1
741526	741525	3
3157307	3157174	2
4705293	4706272	3
10642394	10642606	1
6397997	6397998	1
6419791	6427540	1
6247518	6247515	2
11915737	11915738	1
11047475	11047421	2
5620144	5620147	1
9652906	9652905	3
12740403	12610132	1
4423920	4423919	2
9707148	9625531	1
11120503	11120504	1
932569	683679	1
10507279	10507293	1
8101936	8101935	1
11675709	11675716	1
6065142	6065139	1
8287821	8287806	1
9652908	9652905	2
558080	558079	1
2770934	2770933	1
249971	249972	1
1992599	1847982	1
9652910	9652907	1
1437160	1437159	1
6581722	6683818	1
375325	375326	1
9971206	9971205	1
6037952	6163879	1
3672919	3666956	1
11551126	11618826	4
6065142	6065141	1
8839895	6184425	2
2083864	2084868	2
9571686	9571685	1
2669806	2669805	2
9486279	9486282	2
10890380	11188572	2
11402758	11549979	1
5282650	5282649	1
11998823	11998824	1
11733115	11733116	4
4423922	4423921	2
12659912	12659446	2
346261	346262	1
4480777	4480778	1
6353241	6353242	1
889477	889478	2
3262878	3262877	1
557318	574625	1
9119825	8870897	1
9147162	9147653	3
2042849	2042845	1
11150121	11159041	1
10372987	10372988	1
709855	709856	3
10451167	10451168	2
7715235	7748571	1
2421585	2568131	2
387920	381260	1
1895349	1895350	2
7359350	7359347	3
392926	459519	1
7934817	7934818	1
202954	359535	2
2730843	2730844	1
7824196	7823438	1
833765	833766	1
1710527	1710530	1
3470506	3477050	1
3478944	3562421	1
2506784	2506783	1
5096835	5096454	1
7744624	7746871	1
615354	615353	1
5415365	5331986	1
6669060	6669057	3
2741474	2741473	1
7950567	7950226	1
10669934	10610836	1
4385611	4385612	1
740478	740477	1
10550706	10577600	1
8906235	8906238	1
603451	603452	2
1596360	1586628	1
3032860	3032859	3
3821122	3821291	1
486540	484813	2
6886379	6886401	1
6540889	6540892	1
12024927	12024928	1
3726764	3726412	1
6152634	6152385	1
9684386	9676206	2
5642572	5642567	1
12187810	12187809	1
11212641	11212646	1
11392018	11392017	1
8206456	8206455	2
11296297	11527879	1
9315393	9315394	2
5284581	5284582	1
8782167	8781630	1
9063257	9122476	1
8389461	8389462	1
5784675	5784676	1
7440654	8570864	1
11834627	11834628	1
5896743	5896746	1
394803	394804	1
9353945	9353946	2
780668	780667	1
5125496	5125495	1
11480550	11380637	1
2412221	2412222	1
10239071	10239072	1
8543723	8543724	4
4081097	4081135	1
1165755	1343377	1
831518	831517	1
11700214	11700217	1
1826057	1828205	1
248906	248909	1
6439471	6439472	2
9023628	9023627	2
7186048	7186047	1
8227498	8227497	2
1327151	1329664	1
9303	9304	1
7348557	7348558	1
5626904	5626881	1
1599738	1599737	1
8977697	8977685	1
5005549	5005550	1
11361513	11361514	5
3931299	3931300	1
10726075	10726076	1
1647219	1647222	1
7721730	7721729	2
835576	834317	1
191560	191559	1
666499	188304	1
6411658	6411655	1
1490701	1490702	2
3548765	3548766	1
6142646	6142645	2
12753571	12753572	2
10325546	10325543	1
7198714	7198713	1
2269529	2269394	1
8187967	6522836	1
5926654	5926653	1
4735789	4735790	1
571385	569153	1
7443907	7443908	1
12151519	12279045	1
9013602	9013495	1
2838600	2830501	1
5279920	5279919	1
10778613	1018264	1
9577767	9577768	1
8901690	8901689	1
7166198	7239635	1
10350759	10350767	1
4539559	4539560	1
4680350	4676381	1
8400259	8399798	2
5096837	5096452	2
9317304	9242423	1
54714	173998	1
2173699	2173700	1
7093120	7093127	1
9895836	9895835	1
10358834	10358833	2
3184140	3184125	2
760100	754879	1
11195526	11193848	2
5617874	5610739	2
4187093	4219886	1
769033	768933	1
5496425	5496428	1
5649531	5642573	2
9477364	9477337	2
4989789	4989781	2
4995146	4995145	1
11871935	11872056	1
9852932	10111155	1
7900417	7900418	1
2508269	2508270	1
11052799	11046047	1
12781808	12781807	1
11675059	11675060	1
5878255	5975651	3
8516198	8514295	1
7076587	7125510	1
7870219	7870272	1
9779686	9779685	2
10402056	10402084	3
10135014	10135013	2
8102201	8101935	2
9959216	9959215	2
11217384	11210178	1
1711770	1711366	1
785827	932673	1
7596798	7596797	1
1741385	1741789	2
1603152	1603151	1
144866	144865	1
155217	155218	2
9153547	9153548	1
5340853	5311395	1
2570247	2570248	3
4045843	4044310	1
737433	737686	1
1184727	1184728	2
3674010	3674009	1
1401668	1404568	1
4823576	4823575	1
5712537	5712540	1
3622962	3622981	1
9147649	9147650	1
7473879	7473011	1
2969811	2969818	1
6154519	6154531	1
12428306	12637855	1
8898716	8898715	1
4049891	4049892	1
10921994	10922399	1
7253479	7241563	1
9168182	9168177	1
11832256	11831513	1
12717117	12717120	1
157185	157186	1
6690839	6690802	1
6889998	6890055	1
8611236	8611260	2
10447412	10447411	1
3475856	3475855	2
6355585	6355588	1
3430026	3430025	1
1451025	1451125	1
2391807	6183637	1
10107366	10107365	1
1828204	1828203	2
11412995	11415174	1
12687561	12687543	1
4080100	4080099	1
1526487	1526488	1
970110	1084621	1
9071084	9077021	1
10765353	10765296	1
11055839	11055817	1
8766698	8766695	1
12182001	12204281	1
4101851	4101852	1
2669816	2669815	1
1840537	1840538	1
2150840	2178641	1
8907016	8907019	1
11696656	11696744	1
5965430	5965429	1
9935814	9928844	1
2890797	2888934	3
7653883	2910073	1
4071821	4071843	1
10705875	10705876	1
12519786	12518891	1
12753571	12753576	1
2854180	2854179	1
3988504	446389	1
3024452	3024451	1
6949984	6949983	1
10976266	10976263	1
638061	638062	1
10308922	10310846	1
6623335	6623184	1
9433754	9433753	2
10314533	10314534	1
6125619	6125741	1
1796824	1796823	1
1701873	1444909	1
11536805	11541634	1
5420843	5375990	1
3496434	3496433	4
5260063	5257744	2
3532025	3672488	1
11221161	11221164	1
9008848	9008847	1
8282074	8282071	1
11510724	11510721	1
9937775	9924872	2
11530049	11589133	1
7138205	7138795	1
4069604	4069584	1
11342198	11342195	2
650847	648675	1
9616815	9602201	1
1264192	1263708	1
3035891	3035721	1
3358810	3356499	1
5632945	5632946	1
4519871	4519912	1
3506090	3619474	1
1327984	1327983	1
2631822	2631821	2
11858594	11858579	2
11755234	11755233	2
8047883	8049156	1
6192907	6192908	1
11744214	11744200	1
1327149	1327150	1
5733272	5733210	1
4702277	4706278	1
3827117	3719709	1
11288806	11288805	1
965859	965860	1
10632646	10404268	2
4616678	4615285	1
2346829	2346830	1
1437162	1437161	2
1258611	1258673	1
7428865	7286362	3
785825	785826	1
2133969	2133972	1
12759443	12749159	1
10610200	10610530	2
10086852	10086851	3
12628136	12628135	2
4483186	4483185	3
3952286	3952283	1
3746211	3746287	1
11533572	11533571	2
3944039	3935936	2
1268546	1493248	3
8162131	8162132	1
2908763	2908764	1
6467682	6467681	1
9453201	9453384	1
10607482	10607481	2
7330688	7330687	2
8559589	8559592	1
9640196	9640195	1
428602	428569	2
11392016	3386020	1
11180075	11180103	1
10473516	10473515	1
3454869	3454928	1
9752098	9752097	1
10863696	10863695	2
3908314	3908313	1
2296929	2265419	1
8518999	8520306	1
974550	974549	2
291285	291286	1
2295830	2295806	1
3758772	3758769	1
5763093	5763094	1
9084111	9083908	1
653012	653011	1
9552863	9552381	1
8762334	8762333	1
9274607	11001577	1
2353672	2353671	1
8172147	8172148	3
1076039	1076552	1
5199266	5199265	2
10308412	10308372	1
1757263	1714377	1
2001772	2003014	1
5875051	5875027	1
5355402	5355401	1
5965432	5965431	1
7198712	7198711	1
3156133	3156941	1
335705	335743	1
8837126	8837125	1
3966427	3966428	1
4681686	4681685	1
1464606	1464605	2
2371669	2371670	1
8430945	8429900	1
2396600	2396599	1
8858086	8859023	1
7260433	7260447	1
3617973	3617974	1
11540360	11540359	1
9663972	9663971	1
11621417	11622733	1
6549493	6549494	1
11141059	11216132	2
349729	349730	1
8331346	8331204	1
2845327	2845328	2
4124842	4124876	1
6541967	6541983	1
1494499	1275736	1
6411656	6411655	5
6108541	6108542	1
686532	686531	1
7556839	7652257	1
7518331	7521769	1
5817464	5844607	1
12631327	12631328	2
5474147	5472040	1
4672779	4672802	1
10810052	6550520	1
6154394	6154531	1
7689205	7692747	2
8961771	8961772	1
8686779	8635904	1
9959806	9959808	1
9684773	9684774	1
5975411	5975416	1
5963320	5963300	1
9433752	9433749	1
3325607	3325608	1
1796582	1796581	4
6739409	6739410	1
7868394	7870154	1
2924034	2924033	2
1845855	1845856	2
9353512	9354521	4
3567440	3567439	2
8110189	8110192	1
9604175	2264683	1
1720281	1662432	3
889481	889467	2
4483190	4483185	1
1834894	1834893	2
11110927	11110928	1
1710949	1710952	1
4619266	4619265	1
5923957	5923958	1
11614393	11614394	1
4000418	4000524	1
12288975	12288923	1
112061	303993	1
7149635	7149636	1
4269951	4269952	1
9652908	9652907	4
2133973	2134154	1
2269793	2269796	1
8162703	8162165	1
9818528	9813131	1
6739023	6743085	2
9808383	9808378	1
3156129	3156130	2
3388111	3388637	1
5663374	5663379	2
6247514	10836776	2
8710896	8710902	2
7370355	7370356	2
5896741	5896742	1
12596825	12450680	1
6500613	6500602	1
1796188	1796187	1
4283322	4283324	1
7603989	7573294	1
6092336	6091974	2
4832419	4832420	3
2093855	2093512	1
5229240	5229239	1
2109506	2109860	1
12467263	12467186	1
2275171	2275174	1
3867915	3867916	1
11212641	11212642	4
9139239	9139242	1
2195816	2195735	1
4043531	4043521	1
1784031	1784032	1
5112138	5112137	1
979942	979999	1
5912113	5785221	1
4793722	4793721	1
12729574	12734170	1
7099673	7098400	2
5776053	5776054	6
6164372	6164375	1
12776527	12776528	2
11829067	11829084	2
1712741	1704891	1
1826057	1828203	1
9678725	9678726	1
3955349	3955350	1
4367309	4367310	1
5762922	5759608	1
5881165	5881166	1
6597580	6597579	1
715910	715914	1
1391557	1391560	1
3251970	3255244	1
746121	746124	1
10835452	10835722	1
5457467	5457468	3
156044	156041	2
6357529	6357470	3
3262882	3262879	1
11798583	4598289	2
6092663	6092666	1
7459605	7459606	1
9601670	9601669	1
9485335	9492391	1
2908765	2908796	1
9840680	10078626	1
1607460	1607481	1
8822095	8822096	3
10577505	10494776	1
9186381	9186382	1
9272138	9272137	1
1752464	1752461	1
4391802	4265726	1
155610	155609	1
1586629	1586630	2
7638972	6309958	1
1796824	1796821	1
6830705	6830706	1
6371944	6371938	1
11776147	11776195	1
2810593	2803528	1
6353239	6353242	1
4711989	4711992	1
9125193	8881818	1
6164861	6164864	1
711782	595742	1
5515280	5515279	1
1354192	1354189	2
12672174	12672173	3
2631820	2631819	1
3150841	3150844	1
5917548	5917965	1
4981507	4981508	2
2275167	2275168	2
11077324	11077323	2
2477169	2477214	2
4638512	4638511	1
10019042	10014044	1
10166448	10166447	1
6791952	6791992	1
7047807	7047808	1
9587384	9586243	2
2112245	2112093	1
10379597	10379622	1
72441	72444	1
6980405	6980406	1
5228557	5119398	1
11614395	11614420	1
7625317	7625763	1
5848639	5848642	1
778094	925893	1
3940841	3940842	1
2501420	2501458	1
6786875	6779005	1
4190059	4191311	1
834318	834317	1
451803	451804	1
12495304	12495303	1
5965428	5965427	1
9012226	9010268	1
9591562	9591561	1
3494349	3494350	1
5631611	5631612	3
12255459	12255524	1
670088	670054	1
11362710	11362690	1
7332693	7332694	1
5931713	5927450	1
11330874	11330873	2
2565798	2565797	1
5688753	5803420	1
12427901	12427869	1
5848643	5848723	1
1354192	1427265	1
4823672	4823671	1
10440727	10440728	1
6043328	6043327	2
940958	938740	2
7531127	7519623	1
8225377	8225347	1
1357748	1358096	2
7959732	7959731	1
10239118	10239117	3
6164859	6164860	2
8213703	6449949	1
12743312	12743333	3
2953624	2953623	1
8148687	8148688	1
3156131	3156132	1
9631956	9627279	1
12039197	12039198	1
9387368	9387367	1
8001005	7773396	1
7679882	7679881	2
7379366	7379279	1
10677528	10677527	1
4871309	4871312	1
1892188	1889220	1
9115686	9045601	1
1372486	1559211	1
646529	4347442	1
7277909	7388108	1
7914203	7914204	1
9775735	9775736	2
7631562	7631561	2
5905341	5905526	1
12717117	12714550	1
4654517	4654433	1
1891644	1889696	1
3627244	3627290	2
3091704	3091688	1
5854423	5854424	1
5785220	5785219	2
8757790	8756824	1
4085110	4086352	1
8690939	8833917	1
1702089	1702090	2
5650558	5650557	2
6110091	6111104	1
3823275	3689376	3
6144438	6144437	2
6452246	6452245	1
9318721	9318780	1
2000074	2178912	1
303992	303991	1
6743658	6743657	1
3865894	4077419	1
2444539	2584305	1
9486272	9486271	1
9928336	9927915	1
11505993	11352322	1
2587211	2587212	1
9607477	9607474	1
5547857	11760003	1
7247815	7247816	2
10674997	10674998	2
8385066	8113733	2
7410612	7411916	2
66039	70070	1
2317066	2316999	1
4539688	4539558	1
8531485	8517574	1
11670744	11670743	1
5636168	5779792	1
1071316	1071315	1
12776523	12776524	2
10522523	10522524	1
6141201	6141202	2
2002657	2002658	2
6742868	6512476	2
10211104	10210853	1
5800472	5801281	1
12763024	12758317	1
11273087	11273094	1
10742866	10742534	1
7696058	7696057	1
9453257	9453306	1
9329297	9330010	1
10358832	10358831	1
10902723	10902724	1
10980930	11226764	2
3319849	3319850	1
1233997	1234000	1
5292535	5292536	2
8583826	8583825	3
5995662	10312892	1
5631619	9334503	1
6597581	6597582	2
653703	653704	1
10144689	10144690	1
247297	247298	1
761212	761211	1
8622214	8622213	1
3991293	3991294	1
2106972	2106621	2
11041874	11041863	1
25908	23779	1
1934746	2086489	2
1567528	1568030	1
4396251	4396252	1
2711466	2711463	1
9959214	9959213	1
7030118	7028812	1
1269617	1269620	1
4695682	4698816	2
2026710	2026737	1
807797	807806	1
1182184	1182130	5
1057496	1056736	1
7359346	7354926	1
1250316	1250315	1
1884627	9517583	1
2587213	2587214	3
2759234	2695991	4
10218853	10218854	1
2472120	2472081	1
7135404	7155796	2
8170112	8170111	1
1562103	1562106	2
6034170	6082288	3
9068143	8872151	1
7930841	7930846	1
858662	866557	1
7574950	7572298	1
3480400	3479707	1
3362025	3362026	1
5845765	5845767	1
2170557	1886166	1
2163721	2498172	1
12768360	12768456	1
7591559	7591548	1
11325046	11325108	1
784204	784203	1
7958932	7958931	1
6345973	6345976	2
1332138	1332127	1
10294847	10294891	1
3821412	3821411	1
8693791	8693855	1
10385820	10385085	2
9684775	9684776	1
5056538	5056533	1
7147792	7282513	1
3505349	3507073	1
8319775	8319776	1
2040404	2040403	1
6142627	6142628	1
729785	729820	1
889479	889480	2
1965031	2066131	1
9627687	3882447	1
3048635	3050039	1
8896901	8896904	2
6543200	6549492	1
12000377	12000378	1
1233201	1230080	2
8917645	8917646	1
7770933	7770921	1
6348126	6348125	1
5854000	5853997	2
4763280	4763279	1
3612924	3612923	1
10324143	10326065	2
6783242	6784846	1
1616026	1616010	1
5496425	5496426	1
7692746	7692745	2
1048734	1048733	1
4956895	4956898	1
2574812	2574815	1
10852317	10796771	1
11352328	11352327	1
350868	318270	1
7825907	7826949	1
1515928	1511493	1
7145810	12141050	1
9340947	9340587	2
9123609	9123610	1
8723026	8722471	1
5718617	5718788	1
5601901	5600958	1
9676097	9676098	1
10036133	10036136	1
1139138	1138554	1
640988	640987	2
8812439	8812444	1
7115553	7115554	1
6833730	6833727	1
7527197	7543639	1
9959218	9959217	2
4608256	4608260	2
185444	185422	2
5847895	5847910	1
1193221	1193222	3
6018865	6018868	1
6883122	6883126	1
10336176	10336175	2
9147647	9147648	1
4706273	4706274	1
1445530	1444370	1
8101317	8101988	2
829183	829216	2
4198267	4198268	1
8110191	8110192	1
4656617	4656618	1
3156131	3156941	1
9552380	9552383	1
3478909	3753929	1
10758288	10749467	1
5133939	5133940	1
3285499	3285500	1
2662221	2662275	1
5939234	5939233	1
3381045	3381046	1
12781810	12781809	1
11868883	11868527	1
9340947	9340583	1
5634246	5634416	1
1383119	1383122	1
6344450	6346272	1
336370	283313	4
11540358	11540353	1
4122153	5931845	2
7830495	7830496	3
11197099	11197100	2
4265749	4265750	1
1836753	1836754	1
5724385	5724388	1
835576	834319	1
5019749	5019760	1
1099743	1099744	1
5601901	5601902	2
7883087	7883189	2
603869	5381890	1
6020096	6020140	2
6151034	6150994	3
9825981	9825984	1
10921304	10921303	2
7514572	7550168	1
9280833	9280834	2
11927177	11927178	1
10427452	10427449	1
9035321	9036645	1
9697078	9697077	1
3259548	3259587	1
5810974	5810973	2
3653951	3653954	1
6639817	6638985	1
10718910	10718966	1
8099891	8099892	1
10865914	10865911	1
1974068	1974056	1
1391555	1391556	2
10677473	10677474	1
10358834	10358831	1
8772642	8772641	1
3611589	3611590	2
8003296	10434239	1
8158749	8164540	1
3117700	3117699	2
6592069	6592074	1
5496429	5314355	2
11133437	11133438	3
3340259	3340244	1
9145789	6167356	1
11174843	11174844	1
11793698	11793695	1
11876828	11876712	2
3129190	3129193	1
7418953	7418956	1
415564	415556	2
5784677	5784517	1
8057085	8061463	1
1124041	1124042	1
6919952	6919948	1
12523616	12523615	2
3212383	3236308	1
836304	828673	1
2669154	2632178	1
5434370	5434365	1
857811	857812	2
2261434	2261415	1
7903100	7918838	1
3389352	3389392	1
2323589	2323590	3
3379776	3379826	2
5217610	5068766	1
3387279	11383964	1
6743084	6743083	1
8611261	8611262	2
10308411	10308412	3
1566971	1566972	1
8375357	8391910	1
6348114	6348113	1
1327224	1327223	1
10294845	10294891	1
6234223	6234196	1
1099147	1099139	1
12570931	12658768	1
9651877	9652941	1
2867027	2867028	4
7089920	7089919	1
6640708	6639808	1
5837329	5889619	2
5902515	5901534	2
10896797	10902012	1
6878009	6878010	1
9514896	9514895	3
3439574	3470316	1
11698297	2089457	1
7755722	7771802	1
10973027	10973133	1
5959445	5959446	1
3214219	3214220	3
6358761	6359975	1
9681880	9554080	1
4310172	4310171	2
1057840	1057837	1
9334496	9334033	1
6527952	6517874	2
9656244	9663973	1
9364908	9365431	1
5904636	5904633	1
11670799	11670745	1
4063191	4061441	1
5313434	5313481	1
1057496	1056734	1
7596743	7595083	1
5820450	5820449	2
6870753	6870754	1
5931619	5931620	1
10539077	10539078	1
7402076	7402075	1
829217	829218	1
4980979	4980980	1
2836667	2832461	1
4045843	4044308	3
2631818	2631815	1
8994154	8994575	1
6280917	6280922	1
1093874	1093873	1
8874486	8874485	1
3133271	3128501	1
3494410	3564559	1
6692959	6596324	1
9064529	9060903	1
4005621	4005622	1
11241360	11241359	2
9523337	9523338	1
5580610	5580585	1
4475074	3931864	2
7078632	7079170	1
10311358	10311469	1
4055409	4055378	1
6537345	6537346	1
11836450	11909868	1
1711772	1711771	1
10694812	10694715	1
3551378	3552620	2
9531453	9533616	1
3572926	3468331	3
11051953	10939658	1
12645519	12645520	1
9634937	9626539	1
10326845	10323039	1
9577769	9577770	1
9194365	9192358	1
6345971	6345972	2
6345969	6345970	2
10666909	10408116	1
677682	677681	2
2016745	2016750	1
839806	839755	1
899409	899410	1
7556837	7556838	1
451801	451802	1
12630244	12630247	1
2884820	2884791	2
1213661	1213662	1
4615084	4614908	1
11161302	11161301	2
8469671	1393069	1
7567238	7567237	1
11153621	11153622	2
9437705	9436523	1
7959730	7959729	1
2339912	2338864	2
10666310	10666309	1
9269570	9273842	1
5096837	5096454	1
3027796	3027806	1
9684372	9684387	3
6526328	6526327	1
8499999	8614239	1
4681688	4681687	1
8452389	8495313	1
9073504	9075407	1
3070355	3070356	1
2632179	2632180	1
5506991	5506795	1
11602254	11602253	1
3424158	3665028	1
2490902	2490845	1
9591659	9591660	2
12776525	12776526	1
5582096	5582799	1
3645673	3645088	1
6816277	5229335	1
3924145	3924146	1
11602252	11602251	1
5770675	5770676	1
1269619	1269620	1
7410613	7307450	1
10182880	10182879	1
5998709	5998725	2
1544205	1544206	1
2171524	2171523	1
9928364	9914902	2
9280484	9280472	1
2109508	2109507	1
10256232	10256231	1
10646484	10594685	1
10911705	10911706	1
5270489	5270490	2
8034663	7545100	1
8228427	8228569	1
7959728	7959727	1
7119353	7119343	1
11212643	11212646	2
7547802	8034654	1
4044979	4044982	3
3738932	3738931	2
11204785	11204786	1
4739917	4740340	1
5134309	5134310	1
12646080	12646079	2
9676170	9676169	3
4608785	4604576	1
291340	291332	1
1420	6226	1
11769259	11297492	1
10625871	10481411	1
8994947	8994948	1
5277295	5277325	1
8073006	8073005	1
3985866	3985865	1
10281095	10280694	1
10204505	10204508	1
307691	165281	3
3510722	3510677	1
8223349	6528887	1
8754063	8754064	1
2021769	2021801	1
2058457	2012405	1
6512032	6512103	1
6787494	440293	1
6955342	6955339	1
12543202	12543199	1
5703110	5703109	2
5248095	5248096	1
7257398	7235849	1
5740837	5738458	1
8878507	8706498	1
1123839	1121794	1
5712535	5712536	1
6368812	6368781	1
5642619	5644956	3
9913632	9913637	3
12301897	11003360	1
5695176	5695173	3
1731273	1779656	1
11175307	11100922	1
2986088	2986532	1
6116073	6115197	1
3910649	3910650	3
772964	774269	1
2644786	2644670	3
7511089	7510599	1
4016763	4016764	1
6144444	6144443	1
11365807	11365808	1
4588181	4588231	1
6743656	6743655	1
687074	687127	1
9778589	9778590	3
9979737	9979738	1
9708861	9708812	1
6078897	6078898	1
5917849	5917850	1
10071369	10077774	1
902219	902199	1
1889216	1889221	1
2749339	2749340	1
5668124	5668123	1
351528	334632	1
6550601	6553624	1
831332	831331	2
1189974	1189973	1
3266305	3266255	1
3534262	3534374	2
7108351	7108295	1
6537345	6537348	1
2264682	2264681	2
8008205	8008190	1
7434436	7434435	1
8697632	8697631	1
7990532	7990531	1
11411141	11411142	1
9620069	9620070	1
9928364	11775903	1
5642572	5642565	1
3941999	3942193	1
9017098	9017095	1
3379827	3379828	3
5442882	5523208	1
4207279	4207164	3
3552621	3552622	2
173063	173273	1
5465190	5465314	1
2762223	2840255	1
6742870	6742869	1
1833092	1826976	3
8981456	8981455	1
3378052	3378051	2
4776319	4776116	1
2776884	2776883	1
11253449	11253152	2
10344098	10344097	1
11526817	9913494	1
10461280	10460555	1
1057496	1056730	2
979996	979995	1
9452020	9452168	1
7359346	7354924	2
9518764	9518674	3
191558	191557	1
11604679	11603382	1
6595762	6757899	1
9447766	9447765	2
9531451	9531452	1
9329295	9329296	1
127429	127430	1
1408994	1408993	1
8499997	8499998	1
887666	884424	1
6722315	6713591	3
7351985	7351542	1
7198714	7198711	1
10153094	10153093	1
6123998	6142344	1
3356709	3356651	1
55346	55366	1
8777475	8777476	1
10539867	10539868	2
11288327	11287630	1
8827400	8827399	2
1968579	1968580	1
2020630	2020609	1
638747	638784	1
10881248	10881247	2
1445528	1444370	1
416652	416649	1
5154231	5154232	1
8677992	8636938	1
11607964	11607658	1
11426006	11426005	1
4571045	4570970	2
5823145	5823155	2
2088928	2088927	2
3758768	3758767	1
11221855	11221858	2
10567897	10571093	1
4691899	4691900	1
11806121	11806122	1
9271349	9270626	1
1592510	1569205	1
1218553	1218554	1
8904403	8904404	1
3726411	3726412	1
383331	383332	1
5810972	5819147	1
2151214	2018845	1
7031164	7028813	1
2991599	2992220	1
5747183	5745648	1
38630	38629	1
6005605	6005606	1
4483190	4483187	2
3950235	3902890	1
330914	329428	2
8085457	8088389	1
5643898	5643897	2
6854207	6854598	2
2265760	2265659	1
6254175	6254176	3
7047397	7047414	1
4328747	4329004	2
9769200	9768630	1
6726454	6726453	1
7047415	7047416	1
4101853	4101869	1
4042760	4042759	1
3941997	3941998	1
3726762	3726410	2
3210154	3212900	1
11248396	2008281	1
10676852	10676851	1
7649175	7649176	1
620423	620424	2
9433752	9433751	1
8981454	9049130	1
3117694	3117693	1
6109163	6109390	1
8038138	8038137	1
5591444	5597045	1
10157024	10157037	1
4269817	4270257	1
828672	828671	1
4597561	4596020	1
4060845	3997933	1
5965777	5800349	2
4807935	4807946	1
6106166	6132104	1
6388766	6388781	1
40895	40896	2
3985868	3985867	1
11195527	11118307	1
2369628	2535204	1
6065140	6065139	1
4674463	4674464	1
5270491	5270365	1
7247821	7247824	1
3952547	3950070	2
921277	921278	1
8099874	8099890	3
4745254	4745253	1
626865	761215	2
2055208	2054325	2
12669249	12670921	2
6426450	6426496	1
2268135	2262601	1
4666395	4666202	1
7275937	7275938	2
1167727	1167943	1
7156997	7247645	1
6144442	6144441	2
648327	648328	2
333931	333932	1
10676608	10676607	2
2493698	2493697	1
952477	952478	1
12546572	12546571	1
7422689	7422690	1
5806477	5806572	1
9676168	9684383	1
7202808	7202807	1
136263	155885	1
9510159	9510166	2
8822097	8822098	1
6587041	324719	1
8764702	8764642	2
11806101	11806120	2
10435652	10435649	1
6439473	6447583	1
10610200	10610585	1
10179744	10817670	3
763703	763704	4
10010920	10010913	1
7830493	7830494	3
785825	932673	1
6833690	7547992	1
4081097	4081098	1
10584439	10579481	1
8734754	8734753	1
6735438	6735069	1
8543725	8543726	4
1423582	1368980	1
10336174	10336173	2
2095422	2008275	1
10602614	10602674	1
8663304	8663252	1
7900419	7900420	1
11161300	11161245	1
4106163	4106168	1
1244371	1244372	1
9512619	9512620	1
2982529	2982612	2
10440084	10441030	1
11829085	11829086	2
10802321	10799204	1
7539706	7539703	1
6921411	6921412	2
93777	93763	2
8756825	8757777	1
5122869	5122870	1
2631820	2631815	2
2363733	2364604	1
6690837	6690838	1
3006494	3006127	2
6466702	6466701	1
8810128	8810127	1
5462691	5522842	1
3685779	3685782	1
8893011	9198264	2
10450010	10450009	1
3371652	6749167	1
9558395	9558392	1
3360305	6526576	1
9299225	9299248	1
6020098	6020097	2
7226696	7226695	1
10538177	10538178	2
10871902	10870735	1
10610531	10610585	3
8700295	1112441	1
1056731	1056734	2
10468587	10468588	1
2449077	2587210	1
423801	423826	2
3987927	3987928	1
7992773	7992774	1
2214694	2396601	1
1724603	1724604	2
7322482	7322481	1
6798291	6798164	1
10035839	10035732	2
1567566	6418298	1
4656619	4656620	1
1931434	10345684	2
159179	159180	1
3367882	3367881	1
2022304	2022300	1
6905961	6855708	1
3439671	3439672	1
7596809	7596810	1
9586226	9586225	1
6491138	6491137	1
7354925	7354926	2
6040259	6147147	1
2800342	2901755	1
4856607	4856608	1
761214	761213	2
1331669	1331601	1
3475858	3475857	2
11927179	11927180	1
6116653	6116640	1
10522928	10697993	1
3127486	12793582	1
1396646	1396645	1
8781631	8781636	1
3114259	3114260	1
12366239	12367363	1
6498048	6498033	1
11058566	11058565	2
4589075	4589076	2
8906233	8906234	1
8798203	8799380	1
4787558	4576706	2
8602867	8602872	1
11850952	11856435	2
4269482	4269462	1
4570971	4570972	1
7981720	7981691	1
2867029	2652388	2
9197442	9197644	1
10039336	10039065	1
4049891	4049894	1
12129899	11961045	1
6517281	6517272	1
4031472	4026867	1
5176867	5176868	1
9256892	9279308	3
1218555	1218556	1
9953830	9953825	3
2845329	2845330	2
776612	776627	3
6026469	5994246	1
3949183	3955348	3
2093126	2093125	1
6077292	6077291	1
5703106	5703105	2
11348642	2964309	1
7254365	7254366	1
334367	354222	1
8710903	8710904	1
4852302	4852301	1
596255	596270	1
7030216	7031184	1
5552900	5552897	1
3046837	3052378	1
2393474	2393469	1
10385482	10385479	1
8698897	8698900	1
11449036	11449035	1
836304	828671	1
6722315	6713669	1
6321211	6321212	1
6843015	6843002	1
2221716	2221711	1
8154664	8154663	1
4793720	4793719	1
10242564	1539176	1
1692500	1692499	1
10032905	10038229	1
5805273	5872652	1
6069029	6069030	2
8564971	8564972	1
6196992	6202410	1
6779502	6779501	1
2195818	2195817	1
11781171	11781172	1
8757911	8757238	1
5534507	5531991	1
74239	72440	1
4730230	6671865	1
9280831	9280832	3
3478674	3478507	1
4044977	4044978	3
6036286	6032386	1
11997066	11997065	1
885808	741527	2
852491	852492	1
7723102	7723101	1
2541461	2541462	3
603425	603448	2
10578461	10507106	3
11485351	11485407	1
9684384	9684383	1
3114954	3132533	2
7979311	7979347	1
4414573	4417473	1
5281606	5281603	1
8695514	8695513	1
4584238	4584237	2
365051	483636	1
8734716	8654225	2
7798699	7798700	3
7892613	7893460	1
10796004	10795959	1
7254367	7254368	1
7721728	7758887	2
2008389	2008390	1
9695073	9695068	2
12544145	12544408	1
5824165	5824123	1
4857429	4856606	1
6217997	6217998	3
11535385	11535386	1
4086985	4086803	2
7117593	7117594	2
10516481	10488118	1
4717092	4717091	2
6368780	6368779	1
1193198	1193197	1
9704019	9704027	1
8342411	8342412	1
11671192	11671191	2
5733245	5732745	1
8543721	8543722	2
2432993	2436353	1
10146175	10147102	1
6109163	6109388	1
3746976	3746953	1
6563855	6563858	1
930137	951408	1
4086802	4086801	1
3952282	3952285	1
3768624	3560295	1
12284139	12284140	1
792613	792614	2
6088070	6088061	1
9464832	9380069	1
1011204	1012175	2
1796580	1796579	3
9645016	9692792	1
6701137	6705226	1
10344095	10344096	1
7998537	7998538	1
7995685	7995686	1
5767615	5635062	1
6322236	6322235	1
5011320	5096110	1
536047	536048	1
4340947	4340948	3
7603532	7603531	3
2925746	2925876	1
11733117	11737365	2
11832258	11832257	1
9013752	9013751	1
9922789	9922790	1
3752595	3752596	1
8060156	8060176	1
10308418	10308417	2
2846436	2846435	3
12300553	8554839	1
10913925	10913926	1
289072	408567	1
9777990	9777993	1
7183296	7183295	1
3077879	8525497	1
2988349	2988350	2
260629	301962	1
3854398	3854389	1
2505952	2505950	1
1020425	1019912	1
9825978	10146004	1
5650554	5650553	1
2944063	3057768	1
3369770	3378146	1
447555	3988509	2
6379199	6381379	1
12602978	12602977	2
8337797	8337800	1
11174289	11118146	1
8640601	8640602	2
5005551	5005552	1
7957310	7957264	1
4359144	4359143	1
4754613	4646444	1
1193223	1193197	2
857813	858244	3
7147447	7147412	1
10601087	10734391	1
4337762	4337647	1
10539856	10539866	3
11342194	11342193	2
713542	713541	1
5350690	5181924	1
2476516	2476515	1
5830829	5826995	1
6308527	6308416	1
10687265	5829345	2
381019	381020	1
6161573	6161576	1
4389011	4388985	1
10415366	10410619	1
10048182	10036706	1
10778611	10778612	1
6127192	6127191	3
2084872	2084871	1
8578016	8578015	1
8638168	8638167	1
6031217	6030134	2
7140827	7140503	1
3672917	3672918	1
10430227	10430235	2
3685779	3685780	1
11374995	11374996	1
3530109	3530110	1
10350759	10350760	1
5931621	5931622	1
4788081	653411	1
7814845	7812510	1
6151038	6151035	4
10810742	10810725	1
5965805	5963735	2
7115480	7115479	1
9591590	9591563	1
5279918	5278705	1
4472916	4472915	2
3530111	3533624	2
10462287	10457607	1
12338360	12338359	1
6230190	6229493	1
5159449	5157002	1
11212643	11212644	1
1489644	1506315	1
10204257	3196944	1
1343656	1338691	1
8621568	8621598	2
4626786	4626785	2
7330686	8240585	2
4598870	4598903	1
1218686	1207766	1
6036288	6036287	1
5480518	5551983	2
9825979	9825980	1
5457469	5457470	2
12537626	12537625	1
3774058	3774057	1
1758326	1758584	1
7378553	7378554	1
8408059	8408060	1
3985279	3985860	1
6111324	6111323	1
11134935	10944379	1
10100861	3117695	2
10647356	10647355	1
4666393	4666394	1
1954539	1951450	1
1549561	1549562	1
4407354	4407353	1
3312179	3312180	1
5237858	5237857	2
5146626	6568972	2
2133969	2134154	3
55932	55931	1
1952680	1880459	1
10497221	10497222	2
1620389	1620392	1
11866540	11866537	1
9235423	9235284	1
418254	437251	2
10898153	10893971	1
8047881	8047882	4
7119351	7119352	1
5895351	5895352	1
6943635	6943430	1
8728902	8728901	2
806024	806018	2
3262882	3262877	1
1549104	1307243	1
5875719	5875720	1
9695069	9695070	1
11454535	11454085	2
7437456	7443902	5
364890	305128	1
4203476	4203473	1
11574392	11580024	4
3736686	3736679	1
1309991	3273854	1
2838069	2830847	1
7247825	7248301	1
2121044	2121043	1
8495992	8495236	1
1020421	1020424	1
12269653	12269494	2
4156673	4156674	1
5924009	5925410	2
626930	572797	1
7561909	7561910	1
5695198	5695197	1
2475585	2475592	1
6211589	6211590	2
2039414	8329783	2
4081527	4081528	1
2601014	2565799	1
8029306	7928169	2
6714312	6716057	1
2123077	2123020	1
6149107	6149108	1
3143530	3113800	1
6036290	6036289	1
397136	485808	1
3227015	12294651	1
6353239	6353240	1
2007991	2007992	1
12265256	12265882	1
430243	429826	1
6133808	6133812	1
7961979	7961980	1
4022832	4022843	1
5959447	5959448	1
2987607	2987798	1
9230281	9230282	1
3556385	3556592	1
12717121	12714550	1
6797120	6798662	1
4735791	4735794	1
6348124	6348123	3
198006	285693	1
2039445	2039430	1
4210605	4210606	1
9880972	9880971	1
6044341	6038405	1
10308409	10308410	1
4079743	4079744	2
10672827	10677251	2
3783002	3994748	1
8342409	8342410	1
3649395	3666745	1
8545073	8545074	1
11258189	11258190	1
10322543	10322546	1
2757521	2757519	1
2449077	2587212	2
1797007	1796994	1
9794486	9794485	2
2829785	2829786	1
5746174	5746074	1
11318125	11318016	2
5582800	5582799	1
784202	787840	1
11101775	11096664	1
6317266	6317265	1
9607887	9607912	1
6091977	6092380	1
6280917	6280924	1
11391045	11391046	1
9424212	9424211	2
12753573	12753576	2
2063507	2060208	1
1648777	1648778	1
4589077	4593729	1
7760356	7760366	1
2173298	2173297	1
9452021	9452022	1
11035326	11051846	1
8184843	8184844	1
12265629	12252008	1
6091975	6091976	2
10166450	10166449	1
2228900	2228902	1
11120499	11120502	1
6348126	6348123	2
413614	513911	1
4816333	4816118	1
12411734	12411733	2
6400710	6400713	1
9436202	9436201	1
11388664	11388716	1
9867308	9867307	1
2778570	2778569	2
11722229	11722230	1
1154377	1514203	2
4748693	4748797	1
11157964	11158732	3
661722	661721	1
2064606	2061419	1
6512033	6512034	4
6212690	5962361	1
6640710	6640709	1
2679785	2859803	2
11722227	11722228	1
3157305	3157306	2
2811907	2811797	1
4820566	4820563	1
8566948	8566937	1
511369	511370	1
4254259	4222658	1
6837995	6836150	1
6434387	6432842	2
1702378	1702377	1
8723059	8723060	3
8159113	8159171	1
10063048	10239117	2
1668511	1668512	1
10675351	10485522	1
2867031	2652388	1
7624595	7624745	1
6563853	6563854	1
11539770	11520886	1
4859119	5005621	1
6012622	6012697	1
829180	829177	1
952479	952480	1
11852752	11852751	1
4666795	4666587	1
4731999	4732000	1
1297638	1416841	2
4471146	4471145	1
8153246	8153245	1
2819373	2818020	3
10927810	10927813	1
677680	693560	2
9162926	9162259	1
8508285	8508286	1
10350761	10350767	1
3690908	3690907	1
2093215	2093216	1
1968447	1968448	1
12494386	12494396	1
3628673	3628315	1
8061462	8061461	1
5881168	5881167	1
11426008	11426007	1
9023621	9023622	1
3319851	3319852	1
2948708	2949205	2
8559589	8559590	1
6908105	6908106	1
869996	869889	2
5005549	5005552	1
4038708	4037804	1
5571733	5572058	1
5278680	5284580	1
1304505	1302116	2
10473602	10473601	1
482624	482621	1
5945272	5907127	1
11539236	11539235	1
6440803	6445071	1
9667942	9667941	1
8049730	7759668	2
445544	445541	3
10027531	10027532	2
3941388	3941385	1
2135360	2143541	1
9143972	9143968	3
8206911	8206916	1
7961893	7961894	1
9794965	9794966	2
5047157	5093380	1
7422727	7291865	1
10977335	11151795	1
6724759	6724760	1
11708363	11709891	1
1979702	1985505	1
10094961	10096042	1
904298	9358182	1
7247819	7247820	2
318834	198125	1
7989488	7990533	1
5529110	5433538	2
857875	857881	1
8408071	8408072	2
622582	341553	2
9340586	9340583	3
8322989	8322990	1
9813738	9813737	1
8190035	8189911	2
6042115	957212	1
7172373	7120824	2
369733	380529	1
3869616	3867817	1
3048594	3048593	1
12683940	12694454	2
4598288	4598287	1
11777193	11777194	3
4918981	6455630	1
8109570	8265200	1
2928661	2928662	1
7759667	7759668	1
5701685	5701662	1
7251649	7247114	1
9148577	9148578	1
6268005	6270165	1
128488	128474	1
6666976	6666975	1
10247355	10070147	1
6637923	5140820	2
5979704	5979202	1
8206454	8206453	1
2275169	2275170	2
11004424	11111447	1
10777588	10777587	4
10751290	10751280	1
2324291	2324296	1
11990927	11990930	2
8110189	8110190	2
6660798	6660068	1
11497732	11497855	1
11475454	11317624	1
768926	768963	1
10338869	10338872	1
8049730	7759666	1
5931650	5931649	1
11571197	11571685	1
4691901	4691902	1
10515226	10718917	1
3287345	12465974	1
4732001	4732002	1
11617067	11617068	1
10357516	10357513	1
2243890	2243889	1
2713964	2713542	2
4602587	4601068	1
3449642	5045245	1
4370249	4369316	1
3738930	3738929	1
12669251	12670921	1
7147819	7147820	1
11361720	11352068	1
5237856	5237853	1
4039919	4039920	1
9769522	9769521	2
11111615	11111627	1
6582471	6582629	1
6833726	6829733	1
10506039	10505485	1
8369842	8369839	1
502623	502624	1
8043291	8043292	1
3816660	3816654	2
11255726	11255725	1
1766847	1762888	2
921279	921280	1
10391429	10391430	1
3117698	3117695	1
4099140	4099951	1
2369302	2369305	1
10243000	10302277	1
349729	349732	1
3588971	3588961	1
6637301	6637302	1
6177809	6179997	1
3491570	3491569	1
3739733	3739734	1
1225377	1350758	1
11352330	11352329	1
8016734	8016733	2
5612547	6326194	1
3141005	3141003	1
7986320	7986317	3
4581468	4583302	1
10210848	10178166	1
12052251	12052274	1
4045841	4045842	4
5217612	5068766	1
5561552	5573312	1
11670607	11675056	1
34112	23440	1
7147815	7147818	2
11023353	11023350	1
12796974	12758975	1
2845126	2848013	1
852386	852344	2
12620472	12620471	2
4013913	4113353	1
5825024	5818119	1
6495663	6496238	1
6918142	6918136	2
9759391	9759392	1
2173701	2173702	1
4756849	4756850	2
4079745	3874549	2
1213659	1213660	1
11598666	11596542	1
3527023	3527024	1
629707	629710	1
1840537	1840540	1
7047421	7047576	1
4164736	4164715	1
10107368	10107367	1
10107364	10108156	1
11906305	11906306	1
108330	108327	1
9953830	9953823	3
6144440	6144439	2
3943403	3966426	3
12752988	3341571	1
6108541	5982143	1
329425	329439	1
11457322	11457626	1
3956343	3956344	2
11743531	11743532	1
3214221	3214222	2
10610567	10610584	1
6866088	6866087	2
6311672	6311671	3
12398061	12398064	1
8693912	8693917	1
5801278	4154358	1
275104	274728	1
7691841	7691842	1
11573067	11573036	1
2669814	2669811	1
381021	381022	1
11177915	11177916	1
7378627	7378552	1
7611783	7611784	1
9084155	9084156	1
5802959	5803039	2
9867093	9867094	1
10040747	10267528	1
763705	760468	3
11872484	2385340	1
657709	657710	1
4062970	4062969	1
6293289	6289606	1
6907958	6907980	1
3743386	3743402	2
8322987	8322988	1
3373358	3373357	1
7443903	7443906	2
12199632	12199631	1
6268003	6270165	1
5658131	5730156	1
12667932	12743352	1
1676734	1676733	1
8033045	8013650	1
7443903	7443908	2
1360495	1360496	2
3880443	3880444	1
11967003	11969202	2
7501188	7470091	1
1784223	1784030	1
5688742	5803209	1
7831152	7769431	1
967167	969016	1
6012241	3886492	2
4049893	4049894	1
2141653	2187114	1
11088055	11088341	1
10340518	10340517	1
4987542	5013788	1
70072	70071	1
9825630	9825510	1
10349966	10349965	1
4705291	4705292	4
8462532	8462531	1
3726764	3726763	2
6823026	6895388	1
6707537	11455733	2
1393390	1393404	1
7077236	7097725	1
6321632	6320976	1
2845325	2845326	2
9953824	9953823	3
4474374	4474331	2
7523595	7522266	1
2484633	2484634	2
12645517	12645518	1
5578452	5578451	2
6542833	6542834	2
10805432	5126125	2
10596793	10596770	1
2199721	2193570	1
7960774	7960773	1
9444411	9444412	1
3775034	3677616	1
7149643	7149634	1
5496427	5496428	1
752648	555023	1
10036137	10036138	1
2904949	2904952	1
2478052	2478051	2
10427452	10427451	1
2116554	2116358	1
12431890	12431889	2
1405931	1406053	1
8373075	8204797	1
9147651	9147652	1
3379147	3381918	2
1794827	1794828	1
7823439	7823440	1
1796822	1796821	1
5645070	5644516	1
5671831	5689033	1
10992438	10987705	1
12196904	12196897	1
10486566	10486565	1
11864660	11864659	1
2859487	2859488	1
8411998	8534724	1
6883121	6883123	2
12554725	12557983	1
5219449	5219479	1
5345440	5345439	2
797735	688950	1
1857960	1857959	3
8165699	8167263	2
5694903	5694904	1
3409147	3431916	2
6427592	6427591	1
9979724	9979723	1
9392919	9392920	1
11790699	11790700	1
2498880	2165447	1
7720847	7721991	1
2813260	2812139	1
8216533	8216444	1
6774312	6776706	1
9710829	9710830	1
2478444	8456741	2
6125617	6125618	1
2346802	2346828	1
5624416	5628398	1
6627655	6627656	1
5313480	5313479	1
6949970	6949985	2
9119815	9119816	1
3212901	3295389	1
2759236	2759235	1
8578014	8578013	1
2518167	2518168	1
11343430	11343429	1
12323112	12323111	2
10699435	10700501	1
9762065	9762066	1
2867029	2867030	2
6715989	193070	1
6394552	6368850	1
7191205	7191206	2
6090355	6010995	1
4155163	4152946	1
10402494	10402493	2
12688083	12688084	1
4114629	4114138	4
8322987	8322990	1
9078591	9078592	1
10027529	10027530	3
7958934	7958933	1
7120827	7120828	2
5643896	5654635	1
10957101	10959899	3
2541463	2541511	3
585912	585911	2
11386400	11386399	1
3530109	3533624	1
10607480	10607479	1
3048118	2164250	1
797487	797488	1
7531122	7532314	1
155198	219543	1
894580	894579	1
9123607	9123610	1
7961204	7961214	1
1119552	1119364	2
5096835	5096836	3
1916080	1968446	2
2133967	2133968	2
4101851	4101869	2
11212645	11212646	1
274730	274729	1
8691101	8691208	1
8690970	8652551	1
7398637	7398638	1
4763278	4824520	2
8723061	8723062	2
7446449	7446450	1
4086245	4086246	1
3726762	3726412	1
4340949	4340954	1
6016572	6021637	3
3360393	3360304	1
3726764	3726410	1
8516201	8514233	1
1303486	1303485	2
603449	603450	2
10040745	10040746	1
8961728	8961756	1
10516248	9615299	1
6018647	6018648	1
2865968	2628234	2
9656244	9663971	1
5712535	5712540	1
7268098	7159928	1
7003472	7003318	1
9041496	9041495	2
12620470	12620469	2
8967845	8967869	1
5762146	8093885	1
8420611	8420612	2
9436516	388386	3
10963623	10963553	1
10983237	11153620	3
12156062	12156061	1
1218688	1207766	2
12323110	12323140	2
7370353	7370354	2
3035891	3035892	2
8769288	8769287	1
3055876	3055873	1
2832816	8820786	1
10367505	10367514	1
3063627	2884673	1
10476407	10463069	1
9054381	8904402	1
724887	724888	2
7102502	7102505	1
7506465	7506466	1
6005603	6005604	2
5582096	5582801	1
11679060	5951633	2
9793763	9794791	1
11058568	11058567	2
8851014	8850954	1
9491184	9488172	1
3603573	3605317	4
7709322	7709321	1
8049163	8070236	1
3685781	3685782	1
10795867	10794426	1
6082289	6082290	2
9179499	9179474	1
10029203	10038135	1
11404179	11402541	1
2955423	2968476	1
232040	232039	1
11220431	11220432	1
2277934	2277918	1
9123607	9123608	2
12543202	12543201	1
428039	427988	1
3410475	3410476	2
5810976	5810975	2
4995148	4995147	1
12403117	12403120	1
3496432	3707926	3
10149684	10149683	2
5580584	5580579	1
8455985	8455986	1
5453008	5453261	1
4990767	4990768	1
5066515	5066730	1
5052270	5052269	2
9683139	9637412	1
2027547	2027548	1
748493	748494	1
10435650	10435649	1
781187	940905	2
4358102	4358101	2
780826	780825	2
6380192	6380189	1
5515822	7815552	1
10402496	10402495	1
6998794	6998821	2
4271937	4382913	1
2133967	2134154	1
6778641	6778663	1
5628407	5631386	1
4449748	4449762	1
8881819	8881820	1
6163878	6163877	1
11924447	11924448	1
5786270	5793100	2
2759238	2759235	3
4044977	4044982	1
11095583	11095584	1
7428366	7204057	1
4294559	4432988	1
12495308	12495307	1
6192877	6192878	1
7624744	7624741	2
4823574	4823573	1
12565529	12570926	1
1603154	1603153	1
8370745	8370746	2
6148417	6156531	1
12376460	12376459	1
5976257	5976258	1
8020602	8020605	1
2904943	2904948	1
8226765	8226768	1
10548971	10548972	1
1081291	1081280	1
2324291	2324294	1
9627685	9627686	1
5340892	5340901	1
7283884	7283883	5
11190716	11177546	3
6132571	2458819	1
1430040	1430072	1
9947814	9947834	3
7239083	7240277	1
207435	207436	1
5693157	5693160	1
11445520	11445491	4
657303	660235	1
1193223	1193199	1
12198113	12198116	2
10039336	10039067	1
6418299	6418300	1
4471144	4471143	1
12568808	12568807	1
1526485	1526486	1
7247817	7247818	3
11829087	11829088	2
9353947	9353948	2
1393061	1393069	1
10397928	10397927	1
10039338	10039337	2
4580789	4580790	1
10068710	10068709	1
9148575	9148576	1
11156073	11168867	1
3053558	3053557	1
7490374	7489486	1
7473877	7473878	2
8049732	8049731	3
10098122	10112419	1
11079734	11079733	1
3362484	3362165	1
748244	748492	1
108632	120619	1
4090679	3880442	1
6891957	6892008	1
10900527	1108638	1
3048596	3048595	1
10635328	10530244	1
9895834	9895833	1
10516156	10516155	1
1692189	1692211	1
2393468	2393467	1
11065207	11065210	1
940965	940966	1
10182645	10182646	1
2151895	2152057	1
5861961	5861962	3
7492560	7492559	1
6669062	6669061	4
3985870	3985869	1
11023352	11023351	1
4537505	4537506	1
11715351	11715352	2
9815342	9815339	1
11775902	9914902	1
1068871	1068872	2
5465315	5465316	1
11376935	11376936	1
12206048	12206047	1
7583069	7572427	2
693953	694020	1
858546	858663	1
5658655	5658656	1
1036969	1000495	1
7348559	7348560	1
8760673	8760674	1
7542033	7542034	1
8731305	8731308	1
10601508	10601503	2
17153	22436	1
11545800	11545799	1
2102730	2102727	1
6663494	6659891	1
5489411	5490844	1
10485302	10483218	2
3712004	3642612	1
6854599	6854600	1
11153017	11182670	2
2312657	2312658	1
3097682	3097681	1
1093876	1093875	1
6208585	6211588	2
5672483	5672484	1
6100446	6101895	2
11454084	11454083	3
6029388	6164760	2
11740420	11740419	1
8096064	8095529	1
3243450	3243436	1
2989349	2938969	1
7575317	7575318	1
4954377	4954384	2
7113921	7113922	2
1741385	1741787	2
7247821	7248301	1
12052028	12052027	1
4624643	4624644	2
1332142	1332139	1
9433750	9433749	1
7359354	7359351	1
654740	640989	1
12628140	12628137	1
2016834	2016833	1
7451159	7449212	1
11118306	11118303	1
6399351	6399352	1
4472914	4472913	1
624301	629068	1
4266991	4266992	1
389258	389257	1
2944061	2944062	1
2478054	2478053	2
3868809	3892426	1
4604470	4604469	1
4226409	4182489	3
6192905	6192906	1
3910647	3910648	6
8207948	8207947	2
5118490	5091130	1
6813617	443243	1
5774669	5725658	1
8650314	1079944	1
5455437	5455440	1
9192866	9192865	1
7583574	7583573	1
8369844	8369843	1
5896108	5896107	1
5095561	5095564	1
8099876	8099875	2
9436200	9436199	1
7433703	7433704	1
1218557	1218468	1
71926	71925	1
9279309	9279312	2
7744888	8041318	3
6945634	6945633	1
10405289	10438357	1
7848783	5693935	1
12289417	12295543	1
7227670	7227735	1
2214694	2396599	1
5788372	5788402	2
12411732	12411731	1
7814844	7814843	1
1286574	1286573	1
9717667	9563255	1
351183	318303	2
11148135	11148136	1
5630075	5628429	1
5885441	5885442	2
7225984	7226478	2
1668882	1668875	1
12645505	12645516	1
8293318	7185478	1
10512490	10512119	1
2643341	2643342	1
1302115	1302160	1
8863030	8863029	1
9018188	9018187	1
1724601	1724602	2
5601903	5600958	2
6082017	6082020	3
4496614	4496613	1
5650552	5650551	2
5837367	5837368	1
10916509	10902722	1
1642986	1642985	1
10167129	10167134	1
1857644	1855923	1
1988308	1988927	1
10280955	10280956	1
2506785	2506786	1
8815869	8815872	1
9692544	1875362	1
10063059	10063060	1
7631619	7631522	1
2103280	2102366	1
4989783	4989784	2
5533535	5533536	2
4203478	4203477	1
4105407	6169513	2
2079030	2079029	1
500452	329056	1
6799018	6799017	2
6349954	6356417	1
329135	327897	1
7949083	7851235	1
3144296	3015922	1
9515395	9514897	3
11245987	11414635	2
5661839	5666170	1
3187815	3187757	1
6724968	6724758	1
8830435	8830202	1
2589236	2571150	1
7872289	7792080	1
8319777	8319778	1
5751880	5752765	1
3201640	3201639	1
11189213	11189226	1
11035324	11051846	2
58797	59323	3
7175959	7175962	1
701222	701225	1
4017363	4017364	1
2860339	2860340	1
12776523	12776526	1
10435652	10435651	1
11142128	11142127	1
8391732	8387722	1
8084890	8084887	1
11804550	11804545	1
7539702	7539701	1
8651891	1071317	1
3577919	3573148	1
12192984	12192981	2
3074419	3074422	1
10267089	10268255	1
6713116	6721461	1
7977019	7977020	1
904355	904336	1
5637819	5637836	1
882140	781180	1
1514074	1469510	2
11808423	11743530	2
7348555	7348556	1
1490701	1487776	2
6669056	6669053	3
12663941	12663942	1
8170114	8170113	2
2507812	2507809	1
6103830	6103829	1
10184156	10184155	1
5931623	5931624	1
3409591	3615862	1
2925750	2925747	1
10567550	10573393	1
6099561	6099562	2
622423	622424	1
7593349	5706660	1
11327228	11326952	2
4265751	4265754	1
8850977	8850772	1
4746595	4754249	2
157800	157799	1
9309349	9309350	1
4846624	4846654	2
8260290	8259365	1
9577765	9577766	1
8376670	8376669	2
11675057	11675058	1
3575650	3575794	1
2020633	2020532	1
8370747	8370748	1
6739021	6739022	3
6685813	6586121	2
2028110	2027955	1
3065414	3065268	2
10539962	10539961	1
4044309	4044310	3
2141054	2141005	1
4236193	4236194	1
10711590	10711589	1
12573733	4678725	1
2664947	2664948	1
165280	165277	2
713540	713539	1
6553209	6553162	1
361180	361207	3
12495306	12495305	1
10878538	10878537	1
9873025	9873028	1
8057085	8061461	1
10522932	10522929	1
9303347	9305666	1
3415512	3415511	1
7186046	7186045	1
9708859	9708860	1
9676168	9684385	1
8395992	8617116	1
5513916	7816450	1
9122809	9122877	1
11379244	11379125	2
644310	644309	2
3566727	3567439	1
5529744	5434113	1
7482260	7483557	1
1354188	1427265	1
4745382	4745381	1
9536429	9536086	2
5545145	5545146	1
4407356	4407355	1
8074274	8074788	1
1865091	1865092	1
5795094	5795093	1
10358837	10358431	1
6164374	6164373	1
7363760	7370006	1
10427450	10427449	1
8402029	8402037	1
12762209	4709608	1
8102201	8101937	1
2734353	2734399	1
7611785	7613380	1
8411999	8411987	1
8545075	8450405	1
10881246	10881243	2
8442594	6193421	1
1056735	1056736	2
6568973	6568974	2
1830591	1830592	1
5540633	5482826	1
5890933	5895552	1
8638170	8638169	2
5642566	5642565	1
2485136	2485195	1
10778328	10780618	1
8559714	8450144	1
4340951	4340954	2
7149748	7149642	1
8196576	8196575	1
4591229	4591123	1
972341	972361	1
5970327	5970691	1
8376672	8376671	3
2585461	2585204	2
3886493	3886494	2
4340949	4340950	2
1213659	1213662	1
7275939	7275940	1
11035326	11035325	2
8740411	8740483	1
4488253	4488426	1
6411658	6411657	7
5581330	5369933	2
4776117	4776118	1
1980538	1980537	2
6726962	6726961	1
3611591	3611592	2
6048884	6049088	1
8592906	11607749	7
7022715	7022718	1
10450008	10450007	1
11671190	11671189	2
7254365	7254368	1
1760769	1773470	1
11872619	11872604	1
11671194	11671193	2
12669249	12669250	1
7183298	7183297	2
8294378	8294377	2
10284137	10284138	1
5217612	5217611	1
4814828	4814827	1
6263655	6256135	1
3026088	3026087	1
783323	783408	1
11796062	11796070	1
7596822	7595715	1
2716771	11788720	1
6948520	6948540	1
4712204	8530577	1
2194512	2184602	1
9676207	9676208	2
9743206	2235209	1
3397067	3397068	2
6074622	6089256	1
4449753	4449749	1
10370884	4318480	1
12758974	12758973	1
2779015	2779022	1
10390721	10390722	2
661720	661719	1
3544266	3544265	1
6073783	6073784	1
7916729	7916745	1
7178354	7178356	2
6640712	6640711	1
11359579	9919924	1
9676095	9676096	1
1445530	1445529	1
983652	983681	1
2973268	2973267	1
1236090	1236089	2
10117400	10218836	1
5650556	5650555	1
10509000	10507349	1
3070357	3070358	1
7605998	7708416	1
839808	839807	1
3232844	3232843	2
5996317	5996320	1
10098133	10098134	2
7718717	7717320	1
1128313	1139767	1
8834982	8834981	1
7926375	7926219	1
4007638	4007631	1
1464604	1463041	1
1709697	1709698	1
6872234	6895221	2
4213895	4213896	2
6622511	6622512	2
6154396	6154395	1
1582976	1582363	1
10049203	2690299	1
9518675	9518275	2
6707535	6707536	2
11915735	11915736	1
7962569	7962570	1
9134954	9134953	1
5877764	5877763	2
3285501	3285502	1
9463387	9465036	1
6479496	6479493	1
8994949	8994950	1
8292656	7186084	1
8430563	8430564	1
3960539	3956342	2
6322194	6318629	2
9961647	9947160	1
10607484	10607483	2
638118	638060	1
1741788	1741787	1
2950696	2950695	1
8007880	8007879	2
3035893	3035721	1
1234010	1234009	2
5703108	5703107	2
248933	248907	1
11118299	11118302	4
4853513	4855255	1
1343581	1343582	1
5602944	5602943	2
1258609	1258610	1
4717090	4717087	1
6686336	6664125	2
2353670	2353667	1
8757957	8764205	1
9769522	9769519	1
852345	852346	1
1234008	1234005	1
8083682	8083681	1
10888020	10888008	1
8237514	8237511	1
4645764	4645759	1
11488065	11488061	1
9119813	9119814	1
187374	187373	2
3566727	3567441	4
7047419	7047420	1
9049126	8979956	1
11069339	11069340	1
9685604	9685608	1
4430665	4430933	1
4396253	4386670	1
6714903	6714616	1
11374997	11374998	1
1965029	1965030	1
6801203	6791394	1
10677248	10677529	1
10166446	10166445	1
10026321	10026312	1
6496790	6496789	1
242813	242814	2
2269793	2269794	2
8534195	8535963	2
2988351	2988352	2
7422691	7422692	1
10063048	10239119	2
4672803	4672804	2
10995449	10995479	1
7120825	7120826	2
3220959	3220960	2
3867917	3867336	1
9790934	9794964	2
10607715	10607716	1
2042847	2042848	1
1279897	1279884	1
7916098	7916061	3
8495237	8495240	1
7115478	7115552	1
3423500	3507810	1
8376668	8376667	2
4081099	4081135	1
8389463	8389464	1
11142130	11142129	1
64375	64376	1
5172462	5179608	1
2498442	2516133	1
70789	70073	3
9790935	9794892	1
1363040	1363039	2
11578062	11577342	1
1717520	1718140	1
12120976	12120975	3
10294845	10294846	1
11924449	11924450	1
12495302	12495351	1
1531255	1530990	1
1343665	1343734	1
9073975	9074150	1
4358100	4567848	1
3378151	6500060	1
644312	644311	1
7816930	7814808	1
5594451	5574895	2
979998	979997	1
11577856	11577853	1
11850954	11850953	1
10909319	6735360	1
4796376	4796364	1
7952618	7904555	2
5819351	5819146	1
10301411	10301432	1
6108543	5982143	1
1030605	1030965	1
5650556	5650553	1
4832418	4823673	3
9873023	9873024	2
11715353	4278426	1
3299338	3299337	2
8376666	8376638	1
10474152	10474151	1
6280923	6280924	1
7332691	7332692	1
6977097	6976598	1
