fend1	fend2	count
7058784	7058783	2
6362745	6361699	1
7290446	7293334	1
3309761	3309762	1
9689634	9689633	1
11052457	11052349	1
2649026	2649059	1
2504554	2504553	2
11678629	11678877	3
8273619	8273508	2
9299773	9362962	1
7383006	7383005	1
3111315	3111316	1
11775282	11775261	2
9762692	9762691	1
8829156	8829155	2
11379912	11377021	1
285923	287078	1
7852542	5087735	1
3557226	3557698	1
5497801	5497802	1
304175	304176	3
7908241	7909670	1
11934672	11937274	1
3345003	3345004	1
2461631	2461632	1
10384503	10383337	1
6903497	11051970	1
1208507	1208223	1
5102019	5102020	1
2176215	7813378	1
9122857	9122860	1
12177059	12347832	4
9763010	9762691	2
4814124	4604197	1
6938831	6938832	2
9921023	10417055	1
360422	360419	1
11333992	3979385	1
1398595	1527368	5
8847652	8847625	2
8606652	8606651	3
7700701	1452953	1
2876622	2641543	1
8425900	8425899	2
4527157	4660685	1
7531735	5675870	1
6619718	6619717	3
8421095	8421096	1
11385490	11385481	1
89885	89886	1
4202578	4202106	1
4750888	4750893	4
786619	786633	1
4721355	9469238	1
5011869	5011872	1
12488787	12488784	2
5764451	5769116	1
7207445	5023430	2
10492746	10492763	1
1099851	1099852	1
37411	37412	2
5918898	5676576	1
2520673	2520674	1
3007412	3626048	1
4043273	4042942	1
6750509	6751056	1
1987530	1987523	1
3833862	4038420	1
12796867	12796868	2
7183197	7183198	1
1393398	1394356	1
4544284	4544279	1
2844926	2844824	1
10880332	10881341	1
7278489	7278490	1
7815753	7815756	1
8243731	8243732	1
6934101	6934088	1
9713607	9713610	2
4686122	4686121	2
6679952	6680526	1
2250988	2132766	1
6419603	6430883	2
7336560	7336559	3
6956662	6955788	1
12442836	12434654	1
11238937	11235179	2
3233866	5908168	4
2547318	2547361	1
1441101	1441128	1
2472705	2472697	1
12781672	4847153	1
6475399	6475400	1
2783489	2783490	1
7634648	7634647	2
8727900	8727891	1
449668	449667	4
7702374	7736309	1
6164152	6177383	1
5338588	5338587	1
3870749	3870750	1
2229029	2229263	1
6289082	6289078	1
10439400	10439459	1
5552482	5552481	1
11833388	11833387	1
3817336	3166673	1
11481072	11481069	1
5908169	5908170	4
3685378	3685377	1
8764883	8905646	1
7629381	7629382	1
7929008	2830092	1
9640206	9640205	1
11208321	11212314	2
4811753	4811754	2
2430113	2417714	1
7162306	7162290	1
8463087	8463088	1
4819598	4823881	1
5661090	5868396	2
9166447	9166455	1
349085	349086	1
11408076	11408075	3
11463677	11463742	2
1287681	1275786	1
639021	639022	1
11174476	11174475	1
1349657	1340309	1
3605471	3605472	1
7052483	7052484	1
4256235	4256238	1
2543873	2543874	1
9377275	3637570	1
1142385	1142386	1
1459875	1460267	2
11813851	11813798	1
8796419	8796420	2
7716335	7716336	1
2588376	2588382	3
9069455	9069456	1
2090592	2090571	1
8797432	8797431	1
8545195	8545196	1
11328030	11339111	1
10713451	10713431	1
1145432	1152761	1
9160013	9160014	1
12144152	12144151	1
11723289	11725051	1
9171773	9171774	1
1903591	8861148	1
2078885	2131409	1
12486335	12486435	1
542137	542273	1
7960588	6565591	1
6999891	6999892	1
5338590	5338587	1
7412700	10472732	1
2199375	2199376	2
1054479	1054514	2
11570744	11570743	2
4533925	4533055	1
11512825	11512827	1
5333714	5333697	2
8444754	8444753	1
7909735	7909718	2
360420	360419	4
11491629	11491630	1
10876579	10876580	1
7864339	7864481	1
4420996	4420847	1
7198573	7198567	1
7329099	6966953	1
8903007	8903008	1
2346856	2344079	1
7503606	7497918	2
11146170	11146168	1
7292152	7288613	1
3308660	3308659	1
3997248	3997247	1
1111215	1111187	2
5759255	5759232	1
6769469	6769470	2
8610842	8609407	1
10620405	10681809	1
835013	835020	1
11909180	11909179	1
8381792	8381655	2
3061517	3061518	1
12201120	12201094	1
9493439	9493344	1
2352077	2332295	1
8875814	8875813	1
10664560	10664559	1
4111224	3820502	4
3164046	2766116	1
4682186	4682185	1
1462466	1477950	2
5495533	8549906	1
4583277	4583278	2
78437	78438	2
8722411	8722412	1
11268872	11268877	1
7246697	7253587	1
12037537	12037538	2
12361200	12343756	1
6739718	6739717	2
4029682	4029681	1
10994568	10994561	2
2726544	2726541	1
5469933	5471501	1
11417605	11417606	1
7630951	7630952	3
7446004	7446003	1
4593080	4593079	5
3546430	3546429	1
12557019	12560728	1
1612584	1508877	1
7058269	7058270	1
10831023	10831024	1
7497917	7497644	2
8210628	8210580	1
5654859	5768877	1
6425804	11926720	1
8329256	8329253	1
8254879	8254880	2
893921	893922	1
7763408	7518352	1
6727790	6716773	1
1349755	1349756	1
2157152	2157761	1
736111	736390	1
1036484	1033868	2
9642387	9641454	2
7396719	7396788	1
9509650	9510050	1
1985388	268464	1
7384603	7384604	2
10912379	10912380	2
2439409	2440450	1
4833712	4833807	1
842621	842622	2
7166738	7166737	1
4316864	4316863	2
3934177	3934178	2
10434385	10434388	1
869983	848760	1
10311648	10311647	1
12467224	12467223	1
6885469	6885470	1
3967339	3967340	2
10864787	11064578	3
10873480	10873546	1
7988982	7988985	1
5837155	5837156	1
6561512	6561511	2
10297109	10297110	3
3316210	8019551	1
2718058	2718057	2
6596346	6596345	1
3443502	3443499	2
4736541	4736542	1
6437353	6437354	1
4393966	4392914	1
9033620	9033619	1
1367566	1367565	2
10902242	10902227	1
11014670	11014669	1
8847050	8845248	1
5096242	5096757	1
6841732	6841866	2
7057456	7057455	1
11317604	11327496	1
3155415	3155416	1
696193	696050	1
7815757	7815698	1
3869999	3870000	1
11206609	11207577	1
8391916	8396439	1
5377047	5338591	3
5409728	5409707	1
2544810	2544809	2
4054822	4054821	1
7788033	7788036	3
861087	861088	1
9239901	9239877	1
10369335	10369918	2
6526950	6527635	2
4604784	4604783	1
78826	78825	3
8423858	8423857	1
3787981	3787982	1
9055970	9055969	1
3606583	3606584	1
6013621	6013622	1
3266586	3266583	1
10825332	10825329	1
4307609	1580041	1
2882498	2882558	1
6297285	6293535	1
4497569	4833011	1
8248333	8248344	1
3725684	3725681	1
3509286	3508755	1
11294821	11647578	1
2280357	2280369	1
10480881	10480882	4
2895478	2895477	1
1053901	1053902	4
11454319	11454320	2
11477236	11477235	1
6840359	6835300	1
10373424	10373259	3
1370291	1370318	1
11638311	11638432	1
12596402	12596401	3
10386676	10386675	2
11183871	11183874	1
10860023	10860024	1
8906238	6643197	1
1084741	1084742	1
11329434	11329433	2
3116179	3116182	1
12134198	12136364	2
1049779	1049780	2
376447	374719	3
8755551	5168843	1
8502051	8360725	2
7644596	7712919	1
4247193	4247248	1
6475106	6475398	1
951831	951768	1
11438524	11446986	1
5055885	5055886	3
11408118	11408117	3
10744949	10743191	1
940490	11678877	1
8909138	11253481	1
7808077	7808080	1
9851168	9851165	1
5294488	5294487	1
9566958	9540516	1
10144317	10044918	2
542137	542275	1
10044274	10044323	3
534187	534189	1
4274969	4274970	1
6885384	6885468	1
9055976	9055969	1
1116995	1116996	1
2334563	2334569	1
10213780	10213768	1
12134760	12433781	1
6453613	6454485	2
6016775	6016776	3
3628710	3628694	2
7009176	7009175	3
9075533	9069454	1
2409915	2409916	1
3308658	7937866	1
8644293	8640062	1
11629476	11629475	3
8084316	8084191	1
3248208	3248207	1
6482047	6482048	2
1409950	1409937	3
5270365	5270366	2
2307354	2307347	1
8600358	8600361	2
4521972	4521971	2
723126	724149	1
8795064	8795061	2
8908491	8909350	1
1596876	1596873	2
11450147	11450148	2
7918414	7918413	1
5312142	5310507	1
7403981	7404034	1
10364864	10496913	1
11261093	11261094	1
12659496	12506720	1
1463570	1463569	1
8885244	8826241	1
1772409	1772410	1
917473	916909	3
6677643	6677644	1
4259766	4259763	1
10614978	10614977	1
11676492	11676491	1
8897896	8885633	1
369157	369043	1
7253682	7253647	1
11727238	11727237	1
7066329	7066921	1
6342870	6342869	3
7351303	7351304	2
12305992	12306308	1
2377390	2377389	1
4521970	4521969	4
8541188	8543133	1
8337418	12016712	1
5458502	5458483	6
3693286	3697293	1
12154346	12154349	1
2910611	2910612	1
3565121	3565122	2
4107140	4107139	1
260100	260099	2
780447	780448	1
4981382	5119029	2
122000	122005	1
6714485	6714460	2
12472206	12472349	2
426493	426494	2
1678566	1678565	2
3558591	4120674	2
3894842	3894841	1
2547320	2547319	2
3546432	3546431	1
9185346	9185345	1
10148177	10148180	2
10340283	4348343	1
11477236	11477233	2
472449	449669	2
7384600	7384608	1
10873547	10873548	1
3730926	3730885	1
2944254	2944253	1
9804242	9793174	1
957849	11039673	1
4020136	4020119	1
12253003	6337047	1
7153737	7153738	1
11712070	11711986	1
3389246	3389245	1
788080	780446	1
1364564	1367713	1
2382219	2382220	2
10875732	10875077	1
2123980	2123979	2
10406727	10406730	1
4078354	4078301	2
4527239	4527240	1
6297289	6293535	3
11353364	11353374	1
11701213	9520417	1
7517992	7517991	1
369338	363932	1
2566385	2566386	2
11614205	11614206	1
10374757	10371020	1
3185026	3185025	1
1652157	1652158	1
8551234	8551657	1
2756911	2756902	1
9080455	9080458	1
653461	653462	1
3640067	3197394	1
1603628	1607483	1
3734940	3734956	1
10407537	10624617	1
1969698	1969697	1
7351305	7351306	1
558445	558446	1
9698769	9698794	1
4468039	4468007	2
8781132	8781131	1
9585726	9320929	2
6970451	6970378	2
12629827	12629828	1
4540223	4539832	1
6043538	6043037	2
11885908	11885764	1
7540954	7540949	1
633582	632284	1
6225007	6225008	1
7940439	7940440	1
12184275	7813934	1
3670454	3456528	1
9564708	9564707	1
113853	116922	1
4718174	4718173	1
7782616	3116476	1
10572520	10572519	4
7588797	7588798	1
4601052	4601051	1
12391691	12391688	1
5238273	5238274	3
10183702	10183699	1
2089044	2093289	2
3045580	3041704	1
11868457	11868458	2
3872817	3879360	1
8626447	8625966	1
1752224	1783602	1
5147501	5147502	1
11523359	11523495	1
6475521	6475368	1
4798654	4798651	3
11060443	11060396	2
3986939	3987037	1
6828733	6828526	1
11060399	11060400	2
10010685	10010686	2
9705867	9588243	1
415311	5092535	1
6566223	6567211	1
3129997	2959197	1
10916623	10916624	1
8679992	8680157	1
11493973	11493974	1
4509405	4509081	1
901963	901961	1
47275	47271	2
8864160	3968804	1
11780796	11780681	5
8705871	8982387	1
5419077	5419082	3
9019978	9019998	1
5494806	5494805	2
2382217	2382218	2
4814134	4814127	1
3196053	3196054	1
5677007	5677011	1
10498130	10498129	1
10071120	10071117	1
750415	749143	1
5121800	5121799	2
326521	306562	1
9703954	9703953	1
5556540	5544485	1
9151871	9151857	1
1177283	1177284	2
6469234	6469275	1
12815003	12815013	1
12461417	12462480	2
441773	441774	1
5224633	5224634	1
4994196	4994195	1
1885842	1885684	1
10985315	10985316	1
4732422	4732493	1
7424384	7421391	1
2562666	2562812	1
12298396	12298390	1
8714612	8714611	1
7874687	7874688	1
4258754	4258696	1
646901	768138	2
11847038	11792691	1
6132141	6131115	1
11645488	11294107	2
3725110	3725109	1
5912735	9102257	1
1300134	1300127	1
172342	170685	2
3195754	3195763	1
1985388	1985387	1
3590126	3589146	1
12574327	12574330	2
10039440	10039978	2
4054824	4054823	1
11965300	11965299	1
8964241	8964204	1
9003131	9003132	2
2104858	2104852	2
5020262	11671591	1
9794639	4684449	1
12485293	12485112	1
6214211	6214246	2
8397302	8397301	1
5442477	5442478	1
6982896	6983228	1
6532523	6532479	1
1346101	8549906	1
9800113	9800114	1
11422681	11503722	2
3371769	3371770	2
3447586	10285153	1
11471229	11469979	1
8873991	8874506	1
1986165	1969266	1
3443504	3443503	3
1230504	1230503	1
10645824	6536653	1
7561743	6183999	2
10076593	10076594	1
7804861	7804862	2
389455	148462	1
6103695	6103712	1
4664276	4664275	1
10193133	10193350	1
9491539	9489973	1
6596355	7473624	1
7662796	7662795	1
10688759	4505590	3
2520431	10748383	2
3546655	3546656	1
5060462	5060461	1
3106106	3106103	1
2131847	2131848	1
10480883	10480886	1
3755471	3755588	2
8829156	8829978	1
8683787	8681291	2
11806330	11806327	1
449825	449791	1
2121135	2121138	1
6875518	6875517	1
8245255	8245259	1
5496131	5496047	3
11350915	11350916	1
4258454	4260492	1
1229510	1229509	1
7755871	7755908	1
9706725	9706726	4
386198	386197	1
887844	887843	1
4603927	4603928	1
10158605	10159064	1
4029657	4029681	1
11961156	12208792	2
12147613	12519586	1
5585862	5585866	1
12462952	12462951	3
9499203	9508176	1
5905629	5905630	1
5385741	5385693	1
4569641	4570099	1
3620409	3618407	2
2216557	2187699	2
12763989	12760815	1
9589037	115612	1
9839825	9835807	4
11350917	11350920	1
3295661	3295662	1
7000784	7000744	1
8774594	8774593	1
11698215	11697456	1
6711996	6709619	1
8662392	8662695	1
1876957	1876958	1
10452714	10452729	1
3595969	3595970	1
8523294	8523293	1
1565974	1565972	1
3467544	3470125	1
7834266	7832482	1
4259768	4259767	2
9544193	9727514	1
4136377	4136378	1
9604175	9604176	1
10888640	10888639	1
5535631	5535632	1
7630953	7630954	2
12625689	6667440	1
78828	78827	2
4656328	4656327	2
11277802	11277805	2
4308810	4308809	1
8576838	8577025	2
7786736	7786735	2
5537718	5537717	1
4527149	4527150	1
6287892	6285289	1
12608611	12608612	1
12781151	10669597	1
5896319	5896322	2
1319824	1335412	2
2811793	2811908	3
1227677	1227678	1
2432005	2432006	2
11414546	11414549	1
7805777	7805778	1
2789581	2864569	1
6841839	6841842	1
9544437	9544438	1
9332723	9332724	2
1860923	1860912	1
11475274	11611317	2
3981046	3981906	1
3116181	3116182	1
4708265	4708266	2
5744615	5744417	1
376270	374661	1
7689949	7689950	1
10281282	10281286	1
9780139	9778815	2
665643	665637	1
11200280	11200277	1
10047353	10047506	1
4571675	4571676	1
12129618	12129628	2
919589	919590	1
12798060	12798059	1
11208392	11208320	2
10197678	6458903	2
441771	441772	1
2665676	2665392	1
4085586	4085583	3
5116412	5116411	1
2547322	2547321	2
8202794	8202838	1
7038011	7040384	1
6482186	6482217	1
3028225	3027912	1
9355541	9356087	1
6872620	9275665	1
9604171	9604172	1
4064584	8585004	1
8325276	8325275	1
12195640	12190734	1
11178628	11188378	1
7833787	3302148	1
4202395	4202396	1
8193652	8193651	2
8602674	8602038	1
3308660	7937866	1
677180	677694	1
114053	113793	1
10859981	10859982	1
1642839	1642840	1
3498845	3498874	1
11583154	4343269	1
1117902	1117901	2
1025550	1025549	1
5830047	5830048	1
8004762	8004761	1
5748896	10232954	1
12687958	12688995	1
3985926	3985929	1
901604	901962	1
10072213	10072216	1
6369610	6369593	1
6894473	6894474	1
4827184	4827260	4
472449	449667	1
3613380	3613379	1
11350042	11349601	2
1668989	1668990	1
8423860	8423859	2
4292789	4292780	1
2722085	2722086	1
2344078	2344077	1
888252	11673354	1
11443770	11391089	1
6561562	6514462	1
4403285	4403382	2
4297256	11806327	1
10325602	3934176	2
4468035	4468038	1
12125180	11040505	1
4593078	4593077	2
5194786	5194785	1
5121516	66229	1
753889	753892	1
8106900	8106899	1
9738350	9723386	1
5096161	5096162	1
3049329	3049330	1
2513969	2513970	1
12361301	12361302	1
7202365	7203344	1
3479060	3479465	4
5270367	5270368	1
12404268	12404267	1
9584719	9620802	1
3879376	3879371	1
8301749	8301750	1
8847809	8847810	1
8875812	8875809	1
5184386	5184385	1
4591794	4591791	1
482979	482995	1
9157396	9157336	1
1189275	1407688	1
4049948	4049947	1
5109736	5259023	1
7660504	7660497	1
8493410	8493413	1
11776524	11776517	1
4592735	4592727	1
7991545	7970304	1
11449509	11448977	1
12735087	12735088	2
364668	364665	3
6899264	6899263	2
4552353	4552355	1
9834828	9845761	2
2771287	327635	1
6518767	6518768	4
12200851	12200852	1
907316	907315	2
2240713	2240714	1
6661595	6661596	1
7552758	7552757	1
10601559	10601560	2
6276966	7779944	1
302315	302308	1
7703873	7703874	1
4257774	4263107	2
837023	837026	3
8437143	8428477	1
5911697	5911698	1
3545843	3545719	2
6715318	6714764	1
11544479	7399243	1
10047351	10047352	2
4052306	4052668	1
4990518	4989505	2
4093348	4093347	2
9270013	9270014	3
3716266	3713642	2
2994513	2994525	1
4709691	4709672	1
12129620	12129619	1
6739720	6739719	1
11886603	11731382	1
8764527	9110500	1
1069804	1069803	2
7602794	7590330	1
9431902	9433347	1
2756909	2756910	1
5023431	5023432	1
6314654	6314653	2
2797588	2797536	1
8170084	8170153	1
1095975	1095976	2
2785123	2785126	1
10721032	10721025	2
10776906	10778065	1
12362789	12362768	3
11582228	11582574	1
10297111	10297112	3
10311917	10311649	1
3208193	3208260	1
6953886	6953885	1
5535604	5534718	1
10636521	10636445	1
8545937	8545941	1
10037031	10037032	2
10760057	10760058	2
8051029	8051030	1
2221571	2221572	1
5164807	5164808	1
8573449	8573450	1
2869959	2869962	2
7446252	7446251	1
6029565	6029567	2
8282995	8282996	4
207127	207128	1
9294805	9294808	1
6223453	6223430	1
12350787	12350788	1
2321408	2321406	1
10715952	10715951	1
3967339	3967342	1
8844790	8844350	1
4109964	4109963	1
9775942	9775941	1
5615337	5615314	1
2093288	2093287	2
11397882	11397881	2
927230	295599	1
3538474	3538478	1
9159989	9160012	1
11624129	11624130	1
10382961	10382962	1
6574161	6574162	1
6297285	6297286	1
2893128	2893125	1
2840770	11100494	1
11318350	11318363	1
6850299	6848652	1
7994737	7781503	1
1365774	1365773	2
10480167	10480187	1
2768223	2768224	1
11717561	11744583	2
3413187	3546429	1
3522135	3522149	1
1358988	1359821	1
2346649	2346652	2
4590171	1040307	1
6446710	6446740	1
985695	8228813	1
1326750	1326473	1
11403905	11403906	1
6479986	11590488	1
6120889	6194649	1
5076156	5076153	1
3559118	3580776	1
888409	888410	1
2548112	2548111	2
7615057	7615058	2
2972613	2972614	2
3614899	3615252	1
5522146	5521887	1
2705821	2694665	1
6835210	6834921	1
7004002	2839924	1
2307354	2307349	1
5830129	5830046	2
7944793	7944794	2
8043571	8043572	3
3764193	3759528	1
11906666	11906661	1
2221573	2222066	1
4718172	4718175	1
6775780	6775777	1
2489426	2489425	1
6968190	6968189	1
11547798	11547795	1
12332323	12332326	1
4081713	4080689	1
5041307	5041308	1
8350642	8350639	1
11277804	11277803	1
12294016	12294207	1
9612014	9612009	2
8494498	8358730	1
7762637	7762625	1
2123978	2123977	1
3713460	3713432	1
11698475	11696861	1
4954442	11669171	1
11423999	11424000	1
2484597	2484590	2
12261953	12251673	2
2217468	2217467	1
10883763	10883764	1
477360	493824	1
1763273	1763274	1
11542817	11541148	1
2942648	2942651	1
7183754	7183196	1
7785599	7893309	1
6561510	6561509	3
7705325	7705328	2
11518156	11518155	1
183544	183541	1
7660498	7660497	2
3889859	3889876	1
12722536	12722358	1
6616218	6616217	2
10454646	10454645	1
1147499	9429220	1
978391	976896	1
1198515	9081759	1
3508799	3508800	1
5966339	5958678	1
3113907	3114608	1
3149047	3149048	2
7384607	7384608	1
8500586	8500585	2
11518151	11518157	1
8027677	8027691	1
9903509	8063362	1
7893308	7893307	1
6119469	6120347	1
6430545	6430343	1
2428000	2427999	1
3953090	3953089	1
6888616	6888610	1
6544320	4021535	1
286058	286127	1
7479077	7479218	1
9787453	9787454	2
7058269	7058280	1
3777580	3777558	3
118466	118465	1
6834923	6834924	1
3609935	3606582	2
5093276	5093279	1
10863458	10863496	2
1420338	1420337	2
1551161	1551164	4
2656801	2656817	1
8230388	8230387	1
8880809	8880810	1
7805779	8421094	1
5381620	5382195	1
748516	747964	1
10585066	4851575	1
6341995	6341992	1
11585282	11585281	2
4307607	1580041	2
11926361	11924189	1
2102315	2102371	1
1181989	1181992	1
847716	6531560	1
8322588	12255019	1
3394872	3394870	1
5057568	5057510	1
9262088	9262112	1
7924469	6868314	1
11268874	11268873	1
2996924	2996909	1
12796439	12796444	2
6868447	6868448	1
5238375	5238378	2
1838644	1838639	1
3235515	3235518	1
259475	2586070	1
3340518	2312639	1
10373258	10373257	3
4601441	4601529	1
4651407	4651455	1
11215051	11213646	1
7205748	882909	1
7770049	7770044	1
3201761	3201762	2
8372061	4078300	1
4523983	4617196	1
3140880	3140877	1
9865511	9865512	2
5458482	5458479	2
11176653	11176654	2
1871938	1843638	1
8034567	789583	1
9496887	9496888	2
4090434	4090433	2
8602674	8602673	1
2761040	2844905	1
4126211	4126212	1
8964239	8964240	1
1986421	1986422	1
1478180	1478179	3
303429	302313	1
9865997	9865994	2
10223487	10223488	4
9311574	9311571	1
10715954	10715953	1
2310924	7707568	1
4318000	10435948	1
6596351	6596352	1
5234240	5190122	2
6899832	6900533	1
2262059	1869135	1
4703821	4703822	2
2250802	2250567	1
10676870	10676037	1
10505006	10505005	2
477249	488599	1
1103120	1514567	1
5829239	6066701	1
5671628	6210988	1
3088207	3087840	1
7962062	7352450	1
7857103	7857104	2
6120323	6120344	1
9356086	9356085	1
7446250	3389248	1
3013832	3010848	1
11052348	11052347	1
5454557	5454562	1
634749	815949	1
7731345	7731812	1
12603456	12533522	1
7783095	7889473	1
11408078	11408077	5
1128307	1129230	2
187053	185838	1
12342910	12378946	1
8439267	391091	1
4316862	4316861	4
10126653	11802807	1
10148319	10148320	1
1397190	1397937	2
5512728	5512727	1
6775776	6775775	1
1348509	4736667	1
10490139	10490140	1
4725821	4725346	1
7291036	7281196	1
1253096	1254837	2
3617645	3618463	1
6016773	6016774	3
6555591	6555592	1
7499431	7499432	2
3617330	3622312	1
10406249	10406205	1
796324	796323	1
7933242	2922530	1
41842	41898	1
12259417	10130492	1
21352	349401	1
7447040	7447037	1
8787602	8785067	1
12522199	12522200	1
1197716	1198155	2
8709675	8709666	1
11262720	11259097	1
4502752	4502751	1
11588450	11588014	1
10373168	10373201	1
5708685	5708686	1
10454771	10455615	2
2898396	2636870	2
4107138	4107137	1
7625031	7625036	1
7288612	7288611	1
11479519	11478264	1
301350	775324	1
471595	471596	2
4534027	4534030	1
5006114	5006117	1
1113673	1113569	1
6420605	6421266	2
5413339	5413342	2
7047153	7474829	1
1608415	1608354	1
2448470	2448105	2
9623450	9623490	1
11180699	11189537	2
7625029	7625030	1
473194	491066	1
5615315	5615318	1
3295818	3295817	1
1349755	1351284	1
5385737	5385740	1
8298429	8298430	3
5096159	5096160	1
10419337	10419349	1
4827184	4827262	1
2169585	2169586	1
1752064	1752041	1
4721334	9469296	1
1785694	1785693	1
6431155	6428522	1
10170317	10170318	2
1648293	9581489	1
7952643	7952644	2
6903497	6903498	2
6330737	6724702	1
2432003	2432004	3
2825821	2878673	2
7317998	7362412	1
6544745	6544746	2
4102185	10086694	2
9530835	9530836	1
8229413	8229416	1
9588898	9706082	1
624538	624535	1
12522197	12522200	1
11738008	11739494	1
5381255	5381256	1
3693084	3693083	1
10022015	10022020	1
1830167	1828849	1
229262	229261	1
8967797	8967895	1
12301248	715132	1
3399907	3402423	1
448561	448562	1
2169653	2168779	3
9540520	9540519	1
6704349	6704350	1
2417476	2338184	3
1213761	1213736	2
3313584	8774593	1
3061521	3061522	1
12768245	12768246	1
6773373	6773374	2
1580702	1580701	1
7410028	7410027	3
6798060	2846931	1
1783388	1783387	1
6772987	6769183	2
2261280	2261279	1
7741564	7741239	1
7656526	7656776	1
5109517	5108989	1
7037667	7037670	1
7246697	7253589	1
11834877	11834880	1
761601	557881	1
1704993	1704994	1
11583156	11583155	1
3995322	11264418	1
1731801	1731802	1
4226612	4226611	2
5220451	5220452	1
4271337	4271959	1
5006116	5006115	1
2447140	2447139	2
10707172	10715945	1
6903311	6903314	3
4066399	4066400	1
8345602	5962498	1
11561139	11561140	1
4307678	4307509	1
4244067	4244068	2
6597467	6597616	1
8714610	8714609	2
11763477	11939587	2
8836478	8836477	1
10285154	3447587	1
12172990	12172988	1
3022628	3024094	2
11603592	11603589	1
4367509	4367510	1
11461310	6773372	3
1103120	2640086	1
12011356	12011355	3
9775655	9775656	1
7870020	7870019	2
10193286	10193241	1
11039467	2815377	2
4102183	4102184	2
12038886	12039613	1
10239284	10239283	1
7786424	7786313	1
5412416	5412344	1
1238760	1239284	1
9538453	9779935	1
6193362	6193359	1
5856550	5673060	2
8299062	8299059	1
3709142	3709141	1
12608296	12608295	1
2057747	2057748	2
12014200	12014199	1
12522197	12522198	1
8089920	8089917	1
3166006	3159726	2
5537914	5537911	1
8649628	8649627	1
6283549	6283550	2
1185266	1185192	3
10622018	10647925	1
2131849	2326353	1
9295621	9295622	1
426530	426529	1
6738489	6284096	1
922407	922434	1
7207515	5119817	1
8167733	8160689	1
8739466	8739465	1
7952645	7952646	1
9590397	9590398	1
12315964	12315926	1
10544099	10544100	2
7548554	7700020	1
9488475	9485111	1
5967188	5967187	1
8183307	8183308	1
2489424	2489209	1
3316933	8012693	1
11835069	11832064	1
11875478	11875718	2
1559208	1559207	1
12229268	12229267	1
873133	873134	1
7625213	7624465	1
11190483	11188857	1
3702592	7085448	1
11357736	11357735	1
3141258	3141257	1
1293899	447357	2
4540078	4540077	1
6705476	6705475	1
11914173	11712469	1
10700215	10700216	2
5690811	5690812	1
835021	835022	3
7162308	7162307	2
10166752	10166747	1
11087749	11087792	1
2169587	2169588	1
11051971	6903481	1
8509749	8454932	1
1537571	1536558	1
12605371	12605318	1
1300793	1300794	2
12461415	12461416	5
8959204	8956264	1
260973	260974	1
1354182	1356603	1
6527634	6527633	2
9509965	9343267	1
12379086	12379102	1
6394436	3275545	1
3277021	3277022	1
7012993	7012994	1
12464381	12464382	1
5194784	6358192	1
4118152	4116768	1
7772015	7772016	1
2576877	2576899	3
6076181	6076184	1
3313584	8774595	1
10525297	10525298	1
5005910	5005927	1
7806830	7806827	1
5429833	5429665	1
1535497	1571147	1
9723387	9723388	1
5699436	5700296	1
10190638	10183651	1
4699519	11402250	1
2493105	2493080	3
5995859	5995862	1
374729	740613	1
8476433	8476419	2
3345001	3345002	2
46110	45517	1
9921023	9921026	1
7451508	7450625	1
5276708	5276720	4
5238373	5238374	2
2741308	2741241	1
1601699	1662973	1
6764446	6764445	1
11338456	11344052	1
7309352	7309326	1
3258631	10280000	1
8503029	8503015	1
7631004	6146246	1
5690809	5690810	1
6705480	6705475	1
5956387	5956389	1
5192310	5192309	1
8512246	8512245	1
8390576	8390575	1
10916625	7107084	1
12172992	12172991	1
9706725	9706728	1
11929659	11928374	1
2909591	2910037	1
10428122	3725685	1
7720605	7706579	1
10317445	10318348	2
8709667	8709668	1
6133423	6031450	2
6311939	6311940	1
10910263	10910264	2
7652735	7653138	1
3492560	3492556	1
2899710	2899715	1
8960076	8960060	1
11688846	11689002	1
3951753	3953089	1
844694	844693	1
10926813	6518611	2
11089574	10995720	1
7995343	7995326	1
3558262	3557722	1
10078904	10078903	1
12385372	12385371	2
11699590	4153485	1
10913127	10913085	1
12243336	10930176	2
4788586	4789752	1
4000945	4000946	2
12813756	12812657	1
5641569	5641570	1
756926	757844	1
1099849	1099850	1
11428619	11428656	2
2931726	2931725	3
12173175	8329253	2
6488615	6488616	1
11980586	11980583	1
5480164	5442476	2
4540076	4202397	1
9431736	9431735	2
11286316	11286313	1
5678866	5678865	1
3165285	3182312	1
3462669	3462670	2
6886493	11902076	1
5557801	5557754	2
360424	360423	2
3613067	3613068	2
10480665	7416681	1
12464725	12464562	1
4101773	4101774	1
8551897	8549906	3
8971779	8971780	2
3406832	3406822	1
4854826	7118228	1
2283315	412916	1
3474242	3474245	1
6120321	6120344	1
1103122	1103121	3
10285154	10285153	3
8425898	8425897	2
2608377	2608378	1
12176939	12672440	1
11268878	11268875	1
12374321	12375099	1
3212961	7844077	3
8752878	8750917	1
3474674	3474749	1
5134606	5132928	1
11980580	11980579	1
6875482	6875521	1
1315863	1309467	2
4534025	4534026	1
10556558	10556557	1
3716594	3595177	1
10601559	10601562	1
6288200	6288199	1
4713795	5275000	2
7341481	7341502	1
5200252	5200278	2
12037077	12037080	1
9800174	9801832	1
10181672	9819660	1
543993	543994	1
12519127	10921867	1
8602672	8602038	1
12642082	12642081	1
8245258	8245257	1
10342161	3928406	2
9427361	9425957	2
4733886	4733885	1
8687823	3389511	1
8084316	8084189	3
7162306	7162286	1
543991	543992	2
4877985	4881068	1
5337810	5337955	1
7629857	7628029	1
6832220	6833492	2
12463099	12463133	3
11904925	11904926	1
10375464	10375463	1
6975491	9302792	1
3504738	3504737	1
11561037	11561138	1
5956508	5956525	1
7870026	7870019	1
6643479	7808375	1
6561480	6561479	1
10579185	10579186	1
4746108	4746107	1
8714879	8714556	1
11886642	11885993	1
11063878	3479465	1
7899414	7632936	1
190095	190096	1
5434649	5434650	1
10912381	10912382	2
212646	292994	1
7706241	7706244	1
8502394	8502393	3
10166752	10166751	3
837737	837695	1
5224640	5224639	1
12610666	12610694	1
3859928	3860051	1
4262365	4262366	1
5730391	5733648	1
8044869	7686316	1
785152	785151	1
10169177	10169291	1
7250334	7264807	1
5848408	5848407	2
8848310	8848309	2
2603842	6615130	1
11277808	11277803	2
12171527	12180522	2
11064066	11066982	1
11543636	11543547	1
9836136	8606653	3
196555	196598	1
11619910	11619907	1
10004343	10004346	2
8843659	8843669	1
7929471	7927648	3
680380	680616	1
4026415	4026416	1
9003133	8988482	2
8218710	8218754	1
7350699	7355343	1
9387250	6993963	1
6347018	6371291	1
1483489	1483493	1
8016937	8015283	2
11461310	6773376	1
11592277	11592278	1
3219391	3219392	1
12598039	12598021	2
5087675	5087640	1
933860	903285	1
5096158	5096594	2
8995428	9003095	2
4801962	4611211	1
520317	5086957	1
4837912	4704788	1
10321749	5440764	1
7746082	7746081	1
9513636	9513652	1
9314536	9314452	1
7704156	7704155	1
2202246	2202236	1
1367570	1367567	2
11278459	11278460	1
6696119	6445163	1
5506155	5506651	1
1977471	1892059	2
2382730	2383170	1
4855517	12574326	2
7653330	7653312	1
7899416	7899415	2
10721345	10721346	2
11662443	11662444	1
4799378	1233219	1
10154932	10154931	1
7957115	7957063	2
3698319	11589020	1
3044806	3044805	1
8282993	8282996	1
8465876	8465875	1
2064380	2225240	1
7052830	7052829	2
9192934	9192933	2
9896880	10437244	1
11423825	11423748	1
8300644	8300643	1
5396166	5180725	1
5056056	5055884	3
1111184	1111171	1
10166655	3253605	1
172764	11465206	1
8839652	8835681	1
12226066	12392827	5
10547583	10654270	1
2331008	2331370	1
11192988	11192987	1
4337475	4316865	2
11058072	11056737	1
4990520	4990519	4
3923278	3924360	1
1049775	1049776	2
4475760	4475671	1
8337526	8337525	1
5820379	5820380	1
11408076	11408073	2
8296626	8296632	1
5342175	5342176	1
5743774	5740758	1
7222953	7222954	1
7580073	7580708	1
9807345	9808877	1
10524557	10524558	1
8848501	8848502	1
8454298	8454307	1
8833714	8833720	1
12815065	12815066	1
2335341	2334791	1
4307607	4307608	1
10170446	10170445	1
5526933	5526941	2
6585932	6585931	1
6483172	6483169	1
5486286	5486285	1
639797	639794	1
1108433	1076839	1
5088838	5088853	1
3741933	3743970	1
4021534	4021533	1
6959718	6959875	1
2089989	2089887	2
11157483	11157484	1
3688434	3688545	1
10591157	10591162	4
6886322	6890100	1
9451891	11787767	1
2872413	2872414	1
2693114	2693113	1
7819405	5585768	2
1111174	1111173	1
9296944	9296943	1
5005980	3556905	1
2068403	2145516	1
6335831	6336321	1
4593076	4593006	1
6593418	6593294	1
10381009	10382960	1
10170178	11038849	1
1103661	1520331	1
6045033	6045034	1
11477234	11477233	2
4736666	4736665	1
6904832	6854311	1
10860021	10860024	1
8404651	8404652	1
6813495	6813118	1
6875520	6875519	1
8044849	8044850	1
6297287	6297288	1
7187209	7187402	1
5304797	5304772	1
9138000	9137999	4
563894	332975	1
9160732	7049619	1
12499662	12499644	1
10293794	10294165	1
1713160	1713143	2
2720697	3046729	3
7167783	7167784	1
10804028	10803621	1
12307070	12307069	1
761381	762738	1
12515979	12515838	1
10664564	10664561	1
11063380	11063379	1
11300223	11300224	1
8433807	8428823	1
10860021	10860022	1
6843644	6841838	1
5967257	5967260	1
10011263	6817813	2
1169229	1169232	2
11508284	11507903	1
3977268	6755952	1
11085840	8290372	1
5454557	5454560	1
11454321	11453683	1
11939689	11939690	2
11680083	7933716	1
9843408	9843451	1
4052667	4052668	1
711292	739164	1
7104631	7104954	2
6773375	6773376	1
2981861	2981741	1
11920157	9331118	1
1323749	1323750	1
12328618	12328675	1
8542962	8542961	1
7497926	7497925	1
5914337	5886804	2
2516201	2124133	1
2768225	2768226	1
6903309	6903310	3
11318186	11318185	1
3821054	3821053	2
3197393	3640066	1
12566587	12566655	2
3308976	3958783	1
3508797	3508798	1
6107255	6107084	1
9643681	9643682	1
1314143	1305747	1
4214576	4174767	2
1535495	1535496	1
1774971	1767692	1
5657485	5657472	2
11102769	11114659	1
8030697	3998766	2
8503014	8503011	1
11120396	11120313	1
11098496	11064684	1
3377116	3377112	1
5119176	5119359	1
3386852	8976665	2
1361037	1570785	1
11268876	11268875	1
7791479	7791425	2
5757503	5757506	1
8019550	8019549	1
724167	724172	1
3165865	3166207	2
8402947	8402950	2
4299139	4297934	1
11636998	11639130	1
7653313	7653314	1
10480883	10480884	3
654012	654047	2
1370319	1370320	1
6335829	6335830	2
1190824	1190823	1
752239	752323	1
10732733	10732736	1
1730799	1732463	1
7532473	7532474	2
1244955	1245014	1
12173175	8329257	1
3282086	3282085	1
8359770	8478044	1
2428000	2427997	1
6188188	6188163	1
7520698	7525860	1
2863367	2867939	1
7418356	7367583	2
12607152	12607174	1
6270303	6270304	1
4424745	4424746	1
8909275	8909276	1
5310926	5296581	1
9166883	9165896	2
1069076	1069075	1
10544801	10544807	1
8003884	7384963	1
8829154	8829978	2
2865388	2864830	3
4138757	4131502	1
9674117	9674124	1
962559	962560	1
6055051	6055052	1
652071	651850	1
1180298	1183544	1
5379459	5379460	1
3090721	3090728	1
7615030	7615029	1
6193364	6193363	2
6427860	6427859	1
4684448	9794374	1
6430390	6430542	1
7267117	7267120	1
9099583	9099584	1
7804255	7804564	1
5093092	5093087	1
2353193	2353194	2
3980613	8808243	1
8829158	8829157	2
3116179	3116180	2
543369	544166	1
11303118	11303117	1
11174474	11172729	1
3518357	3518358	2
9381330	9381076	2
6475521	6475524	1
7310383	7312005	2
9124734	9138001	3
6031935	6133660	1
7857414	7857411	1
360422	360421	4
6369592	6372626	1
4113263	4113264	2
10371323	10672042	1
6974815	7061520	1
11920241	9332459	1
543991	543994	1
11244842	11244841	3
5009238	5009560	1
12809237	12809597	1
907314	902035	2
7737919	7738241	1
11594113	11271477	1
259461	259462	1
7762972	7762630	1
6058697	8377924	1
3245583	10095419	1
10593745	10593746	1
9854591	9854571	1
670010	11670027	1
3625343	3625344	2
6714461	6714462	2
7723143	7723144	1
11060443	11060398	1
1105160	1105159	1
9761929	9764372	3
11318362	11318361	1
1498409	1498410	1
5151169	5151300	1
2249466	2249463	1
8193654	8193653	2
2003635	2003636	3
1015474	1015473	1
11032932	11032931	1
4397020	4397097	2
11833360	4307166	1
6938833	6938841	1
5499307	7387365	1
7540954	7540951	1
10197837	10197838	2
11922519	11859508	1
4712307	4712308	2
12766495	12766496	1
9172619	9172629	1
11780680	6618050	1
12332327	12652386	1
11465353	11465354	1
3234587	3234588	2
1761592	10903910	1
9537517	4706365	1
4019401	4019402	1
1611271	1611272	1
1522180	1522224	1
5458482	5458481	3
1277195	1277196	1
8390574	8390573	1
9159989	9160014	1
9567168	9567167	1
5791146	5791145	1
451740	451739	1
5555761	5560876	1
4591794	4591793	1
9497983	9498038	1
7466977	7466978	1
20457	78827	1
8339750	8339749	1
3443500	3443499	2
5200254	5200253	2
1577760	1577759	3
11076641	11076642	3
1754590	1754544	2
9559216	9564263	1
6013262	5950662	1
6372271	6372264	1
7938155	7940438	1
12330206	12330211	1
10406731	10406827	1
11131595	11132167	1
6491408	1086746	1
7870022	7870021	1
971421	971401	1
2384375	2384376	2
11886602	11886643	2
11167180	11167179	1
3266801	3266819	1
6188188	6188161	1
4235617	4235618	1
6454912	6455663	1
2124224	1543384	1
364668	364667	1
9659714	9658700	1
3311201	3387290	1
10340287	4348343	1
10689609	10687625	1
11302952	11303150	1
8753322	8753319	2
2871717	2871718	2
7862342	3304646	1
8033492	8033490	1
5595365	5585863	1
1234310	1234309	1
3776435	3776436	1
4690769	4706076	1
12788429	12786435	1
12553368	12562794	4
11732071	1069805	2
11261095	11261096	2
10872613	10875782	3
11829494	11829493	1
12792236	12790071	1
8654606	11362412	1
4699333	4699578	1
8268836	8274780	1
8191720	8204600	2
6361932	6361571	1
4297256	11806331	2
56210	376326	1
616478	87994	1
8971781	8971849	1
7536623	7536624	1
482020	4415484	1
12425227	12425233	1
3738209	8559840	1
11178006	11178005	2
8322588	8322667	1
542274	542273	1
1510847	1510848	1
1016132	1015475	1
5093278	6187348	1
1365772	1365771	2
8905647	8905648	1
1854814	1565973	1
1393587	1393588	1
2411755	2409115	1
3183424	3183306	1
9903358	9903357	2
10601561	10601562	1
11688323	11688324	3
3275981	3275945	1
9682925	9682926	1
190097	190098	1
3154202	3154201	2
10953874	10957361	1
7762638	7766539	1
2462724	2503189	1
2646054	2643365	1
78828	78825	1
10454646	9984219	1
10676872	10676871	1
10190647	6543464	1
842623	842624	1
10887982	10888641	1
11309673	11309650	1
5116410	5151062	1
1053903	1053919	3
5280025	5280018	1
6065341	6065344	1
1534978	1535016	1
951027	949574	1
10896887	10896888	1
1103120	1514565	1
9100316	9099582	1
7644598	7644597	2
3561322	3561317	1
3796148	3794971	5
7312004	7312003	2
12030075	12030078	1
8080817	8080818	1
3522483	3522484	1
680382	680381	1
8150787	10878233	2
7634651	7634649	2
5436365	5437372	2
3899958	3913120	1
2640807	2640607	1
10975093	10975094	1
1348509	4736665	1
5003820	5003634	1
3292349	3292350	1
6281081	6281082	1
2785121	2785122	2
7071715	7071716	2
3891788	3892087	2
6557778	6557680	1
7791681	7872787	1
8847108	8847107	1
11874010	9585383	1
7739852	7739910	1
5576250	5576249	4
2409366	2467644	1
7272900	7272897	5
3963319	3964518	1
2246787	1540064	1
6084153	6149784	3
5093276	6187348	1
12417212	12417211	2
9851164	9852989	1
9565993	9567503	1
6036715	6076184	1
3727370	3727557	1
5287482	7856833	1
2338700	2338022	1
3574402	3574399	1
6798903	6798904	1
7214423	7214411	1
6059714	6059735	1
3474244	3474243	1
3954570	10272732	2
724167	724168	4
8722415	8722416	1
7253588	7253587	1
10314423	10315375	1
5056056	5055886	1
11146046	11146045	2
12596404	12596403	3
9246550	8688145	2
9737003	9737004	1
3166937	3817343	1
9783735	9783736	1
264338	186193	1
11200276	11200275	1
5553629	5544451	2
10769267	10769268	1
6204026	5641594	2
4360628	4331326	3
362070	362067	2
5194786	6358192	1
12797785	12797786	2
5276815	5276816	1
9510530	9509366	1
9249628	9249627	2
7337206	7337201	1
8282993	8282994	3
1487681	1487692	1
9517217	4703820	1
8746882	8746727	1
8337418	12016710	1
2007486	2006342	1
5101303	4264087	1
11548656	9982028	1
11271255	11271258	1
11020133	11020216	1
292802	211406	2
8861037	2840799	1
4306066	4306539	1
3951753	3953091	1
11678629	940491	1
931717	931718	1
11465351	11465352	1
1540694	2123223	2
5577446	5577338	1
9789232	9789203	1
2272560	2272559	1
10340283	10340286	1
4111226	4111225	3
6658529	6658530	1
1463079	1463053	1
489373	463745	1
5557799	5557800	3
3567255	3567256	1
4694381	5709924	1
11257660	11257625	1
6028436	6023858	1
5899837	5905628	2
4714378	4714377	1
4927731	4927732	1
12410204	12409211	1
881152	605352	1
9806838	9807520	1
9896937	9896938	1
56352	56351	2
11561141	11561142	1
766303	766256	1
7936597	7936154	1
3820163	3820164	1
5896317	5896318	2
4814781	4814782	1
12804387	12804398	1
8439112	245834	1
8859200	8859199	1
5373071	5373258	1
9521346	9522898	1
6371674	6374150	2
9033298	9054073	1
1998377	1998378	1
4604782	4604781	1
10461449	10467051	1
9884642	9884626	1
446727	446730	1
11798630	11798839	1
12661513	12661514	1
4824027	4824028	1
9064765	9095092	2
2604687	2291286	1
10273438	10273501	2
5481265	5481297	1
9604173	9604174	1
8350640	8350639	1
2838214	2838211	1
2433484	2433481	2
1838646	1838645	1
6430541	6430542	1
7919086	7919085	1
1316102	1316101	2
3209288	3209310	1
7222955	7224880	1
10873483	10873520	1
5790961	5791082	1
3908237	3907793	1
1267224	1267173	1
3945729	3945809	1
647229	647230	2
11115111	11115112	1
3954055	3953988	1
10204621	10204624	2
8399192	8399156	1
4071437	4071438	2
1351299	1351300	1
9345375	10166755	1
7811805	7811806	2
2459891	2459900	2
9170468	9170467	2
8296295	8296296	1
7058271	7058280	1
9569137	9567208	1
468668	469119	1
2474630	2472524	1
4029656	4029658	2
11547798	11547797	2
6903315	6903316	3
8863830	8863926	1
1664788	1665775	1
8441506	8441505	2
6102940	6102944	1
1111172	1111175	1
12260833	12260834	1
940691	940629	2
12296427	12296423	1
164262	166480	2
6705474	6705477	1
8084190	8084189	1
10412385	10412386	2
9789230	9789203	1
2307348	2307347	1
12329396	12330207	1
10148175	10148180	1
12172994	12172993	1
11318238	11318187	2
10889295	10889296	1
1364392	1364600	1
362066	361596	2
5151167	5151300	1
3604629	3604632	1
10383336	10383335	1
4109934	4109893	1
7351423	7350487	2
10045254	10044977	1
12133144	12133141	1
10145629	6874693	1
1569559	1569560	1
7293335	7293336	1
10577910	10577909	1
8696295	2836765	3
11447380	11439552	1
4649357	4649221	1
8161135	8161136	2
7357518	7357515	3
2269672	2554582	1
11331282	11331210	1
3108046	3111314	2
6807197	6807200	3
7009451	7009456	1
9270011	9270012	1
7212194	7212709	2
5011467	5009644	1
6016773	6016776	1
10383334	10383333	1
10727190	7339174	1
6544320	4021533	1
7599392	7600018	1
8270147	8278358	1
10922668	10921867	1
2123380	10404531	1
6529984	6529998	2
4918322	4919959	1
347981	347984	1
1298675	1411601	1
11408074	11408073	3
8789583	8789584	1
9706727	9706728	3
1234314	1234309	1
7656782	7656781	1
12201118	12201094	2
9494313	9494294	1
11052944	11057827	2
6256077	8638036	1
362070	361596	1
6662696	6664380	1
6273128	6271785	2
1652408	1624885	1
7916089	6807196	3
9370212	9368729	2
8775082	8774598	1
8505375	8504609	1
3454536	3681097	1
11060397	11060398	2
12620904	5526940	1
3967341	3967342	2
4927733	5248424	3
5504555	5504455	1
9773229	1371215	1
8819196	3375202	1
5338590	5338589	1
2676738	2676737	1
2907417	2907439	1
3546432	3546429	1
10197833	10197836	2
4016027	6808999	2
10004343	10004348	1
287669	357055	1
9705865	9705866	2
2743767	2743141	2
11857005	9567211	1
3061519	3061520	1
587443	587322	1
8873955	8873956	1
5764665	5764666	2
11909182	11909181	1
4527238	4527222	1
7932446	7932443	1
597326	597325	2
5221899	5222916	1
273759	273760	2
8299064	8299063	1
5657854	5658707	1
3126510	3322971	1
1149711	1323671	1
11152154	11152153	2
6807201	6807202	1
10212213	10225666	1
3182183	3165284	1
3825810	3825807	1
4374395	4373002	1
10015516	10015658	1
1781256	1781259	1
9793348	9793645	1
1349757	1351284	2
2307355	11152155	3
761599	761600	1
1314192	1313814	1
7068957	7146509	1
6526196	6526195	1
9761927	9761928	2
10109016	10109015	1
6724703	6724704	1
2766116	2766154	1
11786755	11786019	1
5574555	5473349	1
3235519	3235520	2
2127821	2127683	3
10573365	10575857	1
2107360	2107359	1
11123280	11123277	1
7936993	7936994	1
10053386	10053456	1
2390280	2390279	2
12183261	12183268	1
7807860	7810202	1
3295820	3295819	1
296982	296981	2
7933244	7933243	1
7157738	7157735	1
12431200	12433090	1
11115113	11114975	1
10910261	10910262	3
6052142	6052119	1
3582300	3470907	2
1514566	1514565	1
3579387	3826024	1
4534025	4534030	1
3292347	3292348	2
12229266	11962952	1
8207290	8207289	1
2141084	2086165	1
1867120	1867133	1
869981	869982	2
8043754	8043753	1
7672608	7662797	1
4315579	4315650	1
6511621	6511632	1
5086492	5021351	1
4033401	3834442	2
12204864	12203187	1
7712989	7712990	2
12337494	12338741	2
8551897	5495532	1
10204285	10204333	2
639019	639020	1
1421667	1421720	1
9170466	9139009	2
10149471	10042619	1
8540058	8540057	1
3813244	3807029	1
10718315	10718316	1
8618507	4074329	2
5927700	5927697	1
3307097	10745910	2
6773329	6773389	1
3123769	3121637	1
8609306	8609305	2
2562040	2557231	1
8202760	8202746	1
3528763	3528486	2
1069074	1069073	1
6095787	5949513	1
12018000	12017999	1
2931724	3219390	3
12201120	12201119	2
11592279	11530373	1
8300611	8300645	1
10280927	3258912	1
1718991	1719022	1
2331292	2331278	1
3813411	3965640	1
4713252	4713251	1
7467911	7466976	1
1761594	1761593	1
3527310	3527307	1
11406864	11407198	1
4308808	4308805	1
7588224	7588223	1
8193654	8193651	1
8709669	8709670	1
8214319	8214320	1
1886249	1886252	1
12723744	12723720	1
3565121	5706883	1
10297047	5452891	1
10252961	10252614	1
9452491	9452494	2
3570890	3567718	1
844459	845161	1
3373985	3373986	1
824757	824758	4
10251169	10251170	1
459444	689238	2
1349876	4779755	1
7334215	7334216	1
3294787	3294788	1
5595873	5596142	2
1713164	1713163	1
5903157	1284689	1
5159675	5159787	1
7259241	7259242	1
6960238	6960214	1
9490483	9490484	1
7080538	7250761	2
2535461	2535528	1
11496618	11496591	1
8340371	8340372	1
10517724	10517719	1
7808079	7808080	2
5262607	5262863	1
7498968	7498967	1
5553629	5544453	1
2309681	3318170	1
7588799	7588732	1
2238277	2238278	1
1198500	1198514	1
5328861	1259890	1
796322	794541	1
5911695	5911696	2
3228463	3228466	1
705096	784323	2
844815	844816	1
1337058	159278	1
7870026	7870021	1
9080453	9080454	1
10363187	10363261	2
11014704	11014806	1
2146924	2146923	1
1068928	1068931	1
5646601	5694545	1
7736961	7180904	1
9183533	9183415	1
1515416	1407714	1
2637528	2637525	1
10743132	10744008	1
840290	839938	2
7216861	7216862	1
1291841	1290610	1
3955989	10243342	1
10939659	8202627	1
6701467	6701468	1
3527755	5489880	1
4014364	4020985	1
3316933	8012925	1
4247700	4247513	1
12543612	12536361	1
6585034	6585821	2
6888680	6879328	1
9482360	8882543	2
1323761	1323762	1
1112391	9328527	1
9836136	8606651	2
12727228	12726636	1
11708935	11708936	1
518160	518086	2
655759	888408	3
4030790	4030789	1
1271537	1271540	1
8043752	8043749	1
7052821	7052822	1
6326438	6326437	1
20457	78829	3
7326329	7326407	1
1906322	1906321	1
7037088	7037087	1
1641955	12473363	1
9948143	9949379	2
10148321	10151417	1
2685429	2688991	1
5102019	5102022	1
10297577	10297578	1
11735064	11737076	4
4797305	4797281	1
9318605	9318608	2
12798062	12798061	1
9493345	9493346	1
7706245	7705606	1
11773572	11773571	2
11311817	11311807	1
4804745	4804722	3
4078822	4078821	2
12338742	12338741	1
10048515	10048536	1
302901	302904	1
4308810	4308805	1
3149049	3149050	2
2588380	2588377	3
725915	725591	1
3231960	3232032	3
8106898	8106897	2
5298171	5303507	2
11058893	10847909	1
3947897	3991317	1
1895407	1895502	1
9775830	9775943	1
5500576	5500575	1
5709284	5709283	1
6566717	10467271	1
6677641	6677642	1
9770609	9769930	1
8881144	8881143	1
7441226	7423766	1
10541362	10709213	1
357150	357163	1
152617	798664	1
5733636	5733635	1
10453239	10453240	2
2499993	2457169	1
3479060	11063879	1
918041	918044	1
2990481	5057844	1
4544282	4544279	1
882010	882009	1
5429514	5344309	1
10893121	10919614	1
9001196	9001334	2
8465874	8465873	1
4735211	4735214	1
610355	610687	1
4568905	4348497	1
9811662	9811478	1
7009457	9295464	1
12134762	12433781	1
2836755	2836758	2
7815753	7815698	1
2182227	2182228	1
8004004	8004003	1
11403903	11403904	1
12183738	12184329	2
11575649	11581833	1
6971229	6971602	3
8874453	8874454	1
304173	304174	3
9933910	9933909	2
11105118	11107622	2
3696502	3696366	3
2891576	3196052	2
9937340	9939191	2
5379487	5379458	1
639019	639022	1
7783512	7783509	2
624538	624537	3
1208173	1208210	1
5824929	5824930	1
6475525	6475368	1
10190203	10190204	1
7536061	5042609	2
8782435	8782436	1
9386166	9324921	3
3233911	3237039	1
1979110	1979016	1
9619719	9619720	1
5716137	5716138	1
5347681	5348850	1
11992300	10052170	1
6583511	6583512	1
3496648	3496582	1
10068359	1037120	2
9516148	9516153	2
5482281	5482282	1
12154878	12152695	1
2458135	2458263	2
11678891	6183451	3
1327274	1328772	1
1652491	1652158	1
3144520	6815504	1
3294787	7808199	1
3254971	3254972	1
629830	629829	1
11860225	11860232	1
6974813	6974814	1
796324	794541	1
1482382	1482367	2
12801574	12801573	1
1531245	249156	1
8478537	8481510	1
2228388	2228387	1
3154200	3154056	3
4681624	4580951	2
9194241	9194175	1
2447138	2447137	1
4263106	4263123	1
11357738	11357737	1
1418046	5412150	1
11183876	11183875	2
7719707	8402946	1
3698319	11589022	1
3706605	3706609	2
5274554	5274678	1
10990531	10990649	1
7728173	7728174	1
1898062	1897905	1
12347528	12385373	2
11606330	11606339	1
5969639	5969627	1
947528	947527	1
4392915	4392916	1
1733933	1733934	1
4118087	9077486	1
151295	151250	1
11997714	3156951	1
122006	122001	1
8982709	8982710	2
8789585	8790874	1
8850041	8849809	3
3569498	3573041	1
8714612	8714607	1
8901940	8901939	1
4118431	4118422	1
1241290	1241287	1
4714376	4714375	1
10480885	10480886	2
509730	314394	3
5966059	5966245	2
8977931	8977936	1
9578239	11699266	1
9790394	4999772	1
1911259	1912701	1
1838761	1716286	1
6574163	6574486	1
5899835	5899836	2
7442469	5169210	3
5048995	5048996	1
919638	919637	1
2543875	2613577	1
2817797	2817798	1
815507	815508	1
12294752	11146047	3
12765677	12766494	1
1686047	1685488	3
3106821	3106824	1
1399708	7113323	1
12146892	12146788	1
7384600	7384606	1
10524164	10524163	1
1961685	1961686	1
6843645	6843612	1
293224	293223	1
9166874	9166840	2
11277359	11545428	1
11779909	10360035	2
7962066	7352450	1
8464672	8462148	1
12797919	12797920	1
7595780	7595779	1
7652663	7706023	1
1320464	1323765	1
8959206	8956264	1
11733479	11733523	1
5246933	5341665	3
3795355	3799490	1
1823112	1823133	1
12801572	12801571	1
1645557	1645547	1
9270069	9270012	1
2286807	2286810	1
1393589	1393590	1
12298481	8611747	2
3934179	3934180	2
10889532	10889531	2
7153735	7153736	3
8573821	8573764	2
9055671	3253021	1
12205565	12198255	1
7021872	11303032	1
5962556	5226331	1
5714363	5714364	1
7829705	7829706	2
4238001	4238015	1
6475523	6475524	2
1694503	1694504	2
5930807	5930505	2
12763983	12763988	1
302919	303137	1
2909783	3218744	1
8314064	8314063	1
8914209	8914586	1
1227679	7835843	2
2941526	2941525	1
6627654	6628987	1
2609388	2609387	1
152613	152616	1
11914311	11914199	1
1279311	1279312	1
11290327	11293237	1
4495406	4403862	1
2484450	2484447	1
4077368	4077367	1
922435	922436	1
7393891	7394413	3
817949	157088	2
6680507	6679961	1
1601184	1601165	1
4101651	6859511	1
12337494	12338743	1
5164805	5164806	1
7871858	7870557	1
4147707	4151681	2
6596348	6596347	2
927903	333725	1
7205940	7205939	1
9674117	9674122	2
6903499	6903481	2
8791881	8784792	1
1961683	1961684	1
12134762	12134761	2
6015272	6015317	1
2836764	2836763	3
1169746	1180734	1
5595073	8717597	1
838953	832559	1
10707684	10715963	1
811315	811316	1
12030077	12030078	2
4940986	4940978	2
10167837	10167833	2
1049777	1049778	2
1629064	1629063	3
6009003	6009004	1
2634041	2634042	1
909078	909077	1
10620403	10620404	1
2609751	2610408	1
10186796	10185010	1
5527833	5527806	1
3048962	3191538	1
11132477	10960107	1
3365772	6182720	1
8013041	8016598	1
2376943	8829014	2
5995861	5995862	1
10454644	9984219	1
2907438	2907145	1
8587790	8587789	1
10875734	10875733	2
3578745	3565120	3
11869820	9345651	1
9604171	9604174	1
7190974	7190973	1
5226416	5226386	1
6670277	6704407	1
1491289	1491590	2
4713250	8924294	1
5381253	5381254	2
3091152	3091149	3
10874282	10874250	1
2140057	2139499	1
5719885	5725059	1
10597433	10597436	1
7498966	7499000	1
7420861	7420865	1
654014	654013	1
2493180	2493176	1
306558	306550	1
3522133	3522134	1
692675	692659	1
4337475	4316863	2
10107266	10291159	1
12273161	12271491	1
8360194	8360288	1
1743390	1743387	1
5504454	5504451	2
3440815	3442144	1
4785239	4785240	1
6618051	11780679	1
1985386	268464	1
2097117	2097134	1
9581488	9581487	1
6428160	6428159	2
4814126	4814125	1
246237	360517	1
11158284	11158283	1
7962066	7962063	1
8229486	8228813	1
1301357	1301358	1
1582652	1582651	1
5995859	5995860	1
10057669	10076261	1
9293327	9293367	1
9061902	9120763	1
1298673	1298674	1
5086724	5086723	2
6297285	6297288	1
526016	634937	1
9865513	9865514	1
11184493	11183877	3
8212854	8212857	1
12489555	12488549	1
3652089	3652099	1
2199053	2051205	2
11619912	11619911	2
8705233	8705236	1
2216555	2216556	2
1182466	1182465	2
347981	5016758	1
7151116	7151148	1
6795443	6795444	1
5799993	5799998	1
6619716	6620274	2
1234314	1234311	1
364666	364665	1
8967894	8967893	1
2291927	2291928	1
4200177	4200178	3
5969409	5969410	1
3586592	3460272	4
12196965	12196012	1
10374747	10344687	1
11558257	5630119	1
1395762	1395632	1
6775778	6775775	3
7162287	7162290	1
3953643	7156573	1
10192551	10455119	1
1652491	1652156	2
8704053	8706727	1
9243271	9236491	1
7336488	7336561	3
1334167	1334168	1
1100786	1100771	1
7541967	7541946	1
12641655	12640668	1
9097307	9097308	1
1566912	1565570	1
3887507	3887508	1
10270630	10270629	1
4043804	3997861	2
10058556	10058555	1
3591813	3591814	1
1093694	1093707	2
11717359	11717360	1
10148175	10148176	2
1515417	1407730	1
3824356	3449576	1
11584535	11585283	2
2846996	2846976	1
3591805	3591812	1
9490481	9490482	1
6288170	6288169	1
7940726	7942140	1
9517581	9517824	1
8341406	8341405	1
2951655	3218745	1
8478861	8483865	1
4081714	4080775	1
7660504	7660499	2
6365982	8705070	1
7376230	7376364	1
2085929	1921059	1
10904079	10904098	1
2484275	2484889	1
10286759	9348212	1
9126885	9126886	1
7418761	7419519	1
1514447	1398122	1
6045031	6045032	1
11093959	11096756	1
1103124	1103123	2
836993	836994	2
10528650	10522363	1
11589021	11589022	1
5251350	5251349	1
10166750	10166747	3
11913385	11913386	1
9972477	9972478	2
10356373	10356366	2
7163187	7163188	1
10183473	10183476	3
11498309	11498310	1
8963479	9066090	1
8044262	8044189	1
3197393	3197394	1
63115	63122	2
6164152	6164151	1
9902964	9902850	1
8587792	8587791	2
7595778	7595777	2
3012077	3009825	1
1219839	1219842	1
2240715	2240716	1
3869997	3870000	1
7686317	8044868	1
5200279	5200280	2
855294	853269	2
8212858	8212855	1
11263705	11263706	1
2167512	8393898	1
5561258	5559239	3
9431904	9431903	1
12316429	12316398	1
3194985	9971366	1
6565538	6565535	1
5075590	5076019	1
7788037	7788038	1
629828	629791	1
10044322	10044321	1
7896290	7896289	2
1577758	1701655	2
1775040	1775038	2
6048903	6048904	1
5384076	5384075	2
4437426	4437236	4
3373989	3373990	1
10691875	10765246	1
3641433	3641434	1
3556653	3556654	1
4814779	4814780	2
4422109	381783	1
9104292	9104291	1
7207445	5023432	1
6775780	6775779	2
7612721	7612722	3
3798570	3798569	1
10307630	10307702	1
5220449	5220450	2
4526286	4526285	3
10648685	10989394	1
4824019	1047926	1
1357157	5006119	1
342985	585849	1
1682449	1678567	3
7988984	7988983	1
10004349	10004350	2
12778112	12778111	4
9490096	9490095	1
4718356	4416997	1
3321856	3320045	1
11318238	11318185	1
1874319	1874442	1
2771287	2771290	1
11278456	11278458	1
10876581	10876582	1
2555020	2569686	1
894513	764303	1
11603594	11603593	1
5544452	5544451	1
4318573	4325773	1
5475158	5475120	1
8795066	8795065	3
10270632	10270629	3
8350642	8350641	1
11688844	8836479	1
2353387	2354900	1
3940123	3940492	1
11406949	11406950	1
4054820	4052736	1
11937395	11937396	1
6476243	6476244	2
10132005	10132006	1
8993933	8994012	1
4593078	4593006	3
10633363	10633364	1
3466517	3468836	1
6932576	6923027	1
5077544	7219543	1
1974037	1974022	1
8234003	8229406	1
563244	563418	1
8653059	9005204	2
4276503	4274886	1
4710630	4710615	1
10412928	10412925	1
2427990	2428054	1
11786545	9786323	1
10632373	10632374	2
8360726	8360725	1
2403294	2500100	1
11244840	11243801	3
1919363	1980645	2
9643683	9643676	1
6720717	11384143	1
11592277	11530373	1
10076595	10076647	1
6721174	6721173	2
4738398	4412804	1
11318350	11318361	2
6584668	6572774	1
9095209	9095036	1
4987102	4987101	1
4025743	6538891	1
4823998	4823997	1
4708263	4708264	2
2433484	2433483	1
11373181	11380616	1
7259243	7259244	1
9878153	9878184	1
5833108	11609757	1
9515264	11931813	4
12713557	12713558	1
4080008	4080007	1
6381177	8002243	2
1684704	1678556	1
1462931	10898867	1
9789232	9789231	1
9794639	9794374	1
10007455	9830807	1
2970804	3226899	1
5204494	5228108	1
6335216	6335215	1
1250277	1250278	1
11157483	11157486	1
3968372	3967338	2
6107978	6108038	1
259664	433156	6
10167278	10167263	1
8080815	8080818	1
8557850	8557847	2
12207649	12207650	1
10919615	10919616	1
1540679	1542246	4
8551897	1346100	1
3294789	7808199	1
761597	761598	1
3012075	3012076	1
8502051	8360727	3
3231572	3231575	1
10914810	12747520	1
6995086	9277054	1
6133421	6133422	2
1137399	1118887	1
2202248	2202247	1
5780952	5780689	1
6563153	6562640	1
1114357	1668622	1
4855092	4855091	1
11780680	11780679	5
11450145	11450146	2
8702258	9015641	1
11169975	11169976	1
12636866	12636863	1
3538302	3996951	1
10633365	10633368	1
3958590	3957805	1
8722413	8722414	1
7609532	7277409	4
7580541	7579163	1
7902760	7901843	1
9490699	9490105	2
1313748	1313745	1
11921298	11921297	3
3083687	3083389	1
6342858	6388548	2
7804863	7804889	1
10004347	10004348	2
7688260	7687813	1
9590397	9590400	2
5437813	5437814	1
6892070	6830843	1
12415684	12415681	1
12243939	12243942	1
6906197	6906175	2
7819403	7819404	2
7974302	7974301	1
11853504	11853461	2
7656790	7656783	2
6944860	6944946	1
10170201	10170730	1
3209292	3209289	1
4505593	4505594	1
6037142	6030349	2
1025366	1025363	1
11510904	11649588	1
10381765	10381766	1
9932474	9932491	2
6649749	6649750	1
8904820	8904819	2
9425381	9425382	1
3723582	3724459	1
269978	269977	1
4118936	4118938	1
2972615	2972620	1
8987719	8987715	1
4686826	4687043	1
78437	83127	1
5102021	5102022	1
2217472	2217467	1
3373987	3373988	1
1719256	1734479	1
9549835	9548180	1
9699082	9699079	1
12016711	12016712	1
4153572	4153597	1
2343533	2341870	1
8719654	8726308	1
1164114	1165131	1
1460743	1458081	1
4017325	4113262	1
1823398	1823397	2
6803476	11878426	1
7520704	7520699	1
10270632	10270631	1
1250391	1250359	2
2653110	2654287	1
8714608	8714607	2
2346856	2344077	1
10633363	10633368	1
9896939	9896940	1
1111170	1111169	1
10465052	10464816	1
7009174	9295467	3
10574031	10574039	1
11980582	11980581	1
2910611	2910614	1
3373991	6455036	1
12440210	12440208	1
7222951	7222952	1
1393372	1392702	1
629790	629787	1
3107453	3107533	1
8707383	6361110	1
12489286	12484359	1
5750614	5750613	1
10910261	10910264	1
11624129	11624132	1
11205940	11197064	1
7451129	7450789	1
4325305	4325303	1
3980230	3980229	1
9705856	9705568	2
7615060	7615056	2
11667552	939977	1
6705162	5633769	1
4607648	4607647	1
1367572	1367571	2
6505291	10308008	1
6475521	6475522	3
4631789	4631790	2
11913841	11913842	1
2199127	2198700	1
12120464	12121710	1
7238753	7242514	1
6050320	6050319	1
9697465	9697436	3
11915803	11842305	1
1678564	1678563	2
4029657	4029683	1
2999845	2999846	2
1969696	1969710	1
2101271	2101272	1
5892364	5891601	1
824555	824556	2
1396879	1397245	1
3413187	3546433	2
10864785	10864786	3
12167523	12166380	1
11334173	11334174	1
4604436	4604431	1
5200254	5200278	1
9270011	9270014	1
12781149	12781150	1
10204283	10204333	1
7672750	7666578	1
1764333	10896100	1
11180697	11180698	3
6083997	8248158	1
620338	620337	3
11065382	11065386	1
4052306	4052666	1
7151118	7151117	1
419015	8434492	1
12596400	12598036	3
11018343	11018437	4
11257032	8903117	1
10577910	10577907	1
2323209	2323281	1
10204283	10204284	2
4284685	4841214	1
10760746	10760741	1
7776649	7776653	1
9843410	9843409	1
12347833	12347834	1
6596353	6596354	1
78439	83127	1
10887984	10887983	2
2107358	2107357	1
10556556	10556587	2
7673981	7674026	1
12486827	12481851	1
6164150	6177383	1
10530481	7272292	1
4786725	4786172	1
1271541	1412605	1
7004401	7004119	1
8080815	8080816	1
10921898	10921867	1
9531629	9531030	2
7584756	7584751	1
4378681	4378570	1
3058908	2714808	3
10197833	10197838	1
655759	888410	2
1591014	1463571	1
10614976	10614975	1
8487140	8364812	1
4607098	4614228	2
9151869	9151870	1
1500951	1500952	1
9896937	9896940	1
6837025	6837028	1
1257937	1283390	1
9984836	9983923	1
7819398	7819397	3
8296594	8296627	2
7667895	7667896	1
5529926	5529925	1
2810264	2810598	1
10394186	10450552	1
12735089	12735100	2
10912556	10912555	1
3345001	3345004	1
848451	848289	1
4546281	4546296	1
1478178	1478173	3
3881798	3881768	1
11406951	11407125	1
7357520	7357519	3
6254382	6254379	1
5480167	5480168	1
9427187	9426929	1
4082339	4082340	1
7009451	9295464	1
8300694	8300693	3
3499708	3499707	1
3443502	3443501	2
5983866	5984916	1
7945558	8046053	1
7870026	7870023	1
8259160	8280797	1
4827322	4839132	1
10154930	10154912	1
755368	755364	1
11281818	11281844	1
4548589	7813028	1
6526950	6527633	1
396106	396105	3
12030075	12030076	3
7936960	7936992	1
1308174	1308173	1
11093957	11093958	1
8057630	8057923	1
2322463	2322464	1
918615	229261	2
9728226	9728223	1
12260831	12260832	3
350291	350275	1
12599368	12602185	1
11175892	11193849	1
11627016	11627036	1
6580033	6580034	2
1765278	1765202	1
9598923	9591891	1
1349753	1349756	1
1413616	1203729	1
9185344	9185343	1
6364526	6412938	1
10190205	10190206	1
183544	183543	1
522390	524890	1
11055566	2832132	1
5354487	5354410	1
11614207	11622149	1
1678566	1678563	1
3320731	3320732	2
4707437	9309919	1
5483056	5482658	1
2481584	2516543	2
6565042	6565011	3
9174552	9174551	1
7819398	7819395	1
3035230	2976835	1
1397357	1398600	1
9674123	9674124	1
3930049	10730180	1
1167559	1163631	1
7191549	7191550	2
10264423	10269807	1
724169	724172	3
725913	725914	1
6432403	6432366	1
4066425	4065917	1
8521353	8521338	2
190735	190736	3
3685380	3685379	1
6082401	6080148	1
479940	479948	1
5184386	5184383	2
918615	229263	1
3486394	3486393	1
10545325	10587589	1
9966926	9966925	1
11968714	11969513	1
3963933	3964188	1
6043540	6043539	2
8228021	8228022	2
9368576	9368319	2
11624131	11624132	1
5808195	5808196	1
2649028	2649027	1
1601739	1601698	1
10995739	11089575	1
3869997	3869998	1
292241	292248	1
2918392	2918389	1
11449464	11458997	1
3320038	3321847	1
7596025	7580087	1
6690553	6690570	2
3111317	3111318	1
347985	5016758	1
4037793	4037796	1
968117	968118	1
7741367	6317396	1
8959206	8959205	2
8006011	8902534	1
8004760	8004993	1
8886821	5017590	1
12801574	12801571	1
6366961	6366962	2
5053885	5053405	1
497644	497585	2
5681083	5678878	1
9903109	3725538	2
4021128	4021125	1
12750729	12750730	1
4591792	4591791	1
4827261	4827262	2
1740403	1746307	1
6992881	6992646	1
8752424	8753121	1
1240026	1241250	1
9693491	9693492	1
2107356	2107355	1
10170319	8443908	1
8425902	8425901	2
3034076	7785221	1
2355580	2356173	1
7933149	9474569	1
7808077	7808078	3
6922751	6922752	1
2425822	2432002	4
6430390	6430540	1
9921027	10417055	1
4877242	4877239	1
1349753	1351284	1
11999911	11999970	2
225796	225784	1
1320276	1320275	1
1580700	10891677	1
11824428	11824427	1
10297238	10297576	3
1793998	1793967	1
7638247	7638248	1
5458480	5458479	2
10223489	10223490	3
5153539	5142395	1
2056890	2056907	1
12805035	12805036	1
8521339	8521342	1
1286045	1285179	2
11405523	11405266	1
812009	811940	1
186192	186191	1
6120321	6120322	2
8875315	8875271	1
11270095	11270096	1
6259221	6261832	2
12801570	12801569	2
3291423	3308093	1
1323751	1323760	1
3522481	3522482	1
9311576	9311575	2
2859493	2859506	2
10883034	1705068	1
10983622	10995340	1
4680261	4680264	5
5012533	5012534	1
3197449	3197450	1
7998234	7998231	1
8730589	8797433	1
11475608	11475269	1
11731815	11731828	1
8844611	6164819	1
7457183	7017823	1
6087460	6087544	1
2394447	2390584	1
3906742	3906783	1
6773373	6773376	1
7047017	7032957	1
8810828	8812456	1
1626649	1626650	2
12332323	12652386	1
11101128	11100904	1
11705127	11705090	1
2041511	2477201	2
5646943	5646944	1
4990270	4990269	1
12032985	12033025	1
11302228	11312045	1
10683013	10682963	1
11178630	11178629	1
9706714	9706724	4
801385	801377	2
3198194	3198193	1
10044090	10044089	1
6518769	6518770	3
12229697	12422264	1
7276362	6128430	1
7809001	8043827	1
9033622	9033621	1
10729866	10729865	1
11547312	11545798	1
12347528	12385371	1
7347347	7347348	1
12476972	12481441	1
6702576	6702575	2
6809203	6565316	1
1352950	1352941	1
9509367	9509372	1
7936960	7936994	1
7775752	7775751	3
4389424	4389423	1
7188597	7188604	1
4200179	4200496	2
10690410	10690409	1
11822850	11824632	2
4424747	4424843	1
10183477	10183368	3
8984788	8983064	1
520497	520498	1
11913387	11913840	1
6754618	6754617	1
3053481	7722036	1
5473621	5473622	1
5312310	5312309	1
9567209	9567210	2
10979919	10979798	1
7245886	7239865	1
2216555	2187699	1
1640989	1640990	2
11909182	11909179	1
7618284	7618283	2
11065407	11065410	1
1718254	8414954	1
11322789	11327716	1
8626445	8626446	1
2874724	2874750	1
10664564	10664559	1
3295822	3295821	2
8957941	8958003	1
624536	624535	3
12801568	12801567	2
985695	8229487	1
10721034	10721033	3
9294377	9542854	1
6036715	6076180	1
10001590	10000140	1
8317608	8202946	1
7745138	3327413	3
6580035	6580038	2
1915395	1915396	1
3260126	3948243	1
5576085	5576251	3
12016498	12015326	3
1921051	1921052	2
10890449	10891055	1
7336488	7336559	1
8436954	8428249	2
171735	172765	1
5750612	5750611	1
6254378	3139205	1
6596349	6596350	1
75814	244664	1
2393619	2393620	1
1377566	1383043	1
4269658	4702552	1
5542217	7841456	1
1728223	1732270	1
364670	364669	4
2182229	2375640	1
8611746	8611745	2
4499226	4496578	1
9055976	9055971	1
7016922	9430297	1
4708758	4558438	2
968119	968122	1
12729975	12729976	1
8843231	8842083	1
2353499	2353192	4
7464479	7464589	1
5455585	5454530	3
5623047	5623048	1
107763	107764	1
12735087	12735100	2
4163038	4171848	1
11763378	11761393	1
4492845	1062010	1
6797018	6797017	1
7874851	7872600	1
11547796	11547795	2
1349753	1349754	2
6575549	6575593	3
8643835	8643838	1
6313109	6313110	1
7819396	7819395	2
5654559	5657323	1
11852257	11852267	1
2144797	2147456	1
8277512	8277511	1
7558447	7558494	1
118478	118467	1
6685694	6686192	1
7788033	7788038	1
9195328	9195325	2
4354813	4355532	2
7453420	7453402	1
3499710	3499709	1
1042595	9968683	1
6561478	6561631	1
3613069	3613082	2
6147359	10921867	1
10310079	10311177	1
7550388	7550387	1
8027295	8027296	2
10351360	10557786	2
11180697	11189537	1
5214981	5214982	2
9839840	9842052	1
12754222	12754714	1
10048513	10048514	1
2384377	2384403	1
4843343	4843344	1
3518355	3518356	2
10149275	10071121	1
