fend1	fend2	count
661602	2116363	1
6844223	10363834	1
4476763	7394524	1
1395971	3399161	1
3979838	4258231	1
12538794	1985373	1
1533159	1533148	1
10591725	10426293	1
3287605	1770767	1
4598795	10609148	1
11615603	11010001	1
543690	3771380	1
7829346	5755648	1
7551320	7551319	1
7804238	7804235	1
275181	275193	1
1957085	3003826	1
6087564	6087573	2
8392948	11636672	1
7520646	7520645	1
1251146	7279277	1
6905992	6878175	1
8889644	6045059	1
5474829	7943420	1
91030	5229828	1
5518078	2293997	1
3867970	3867973	1
9377676	5009451	2
1650763	1650768	1
7113962	10383604	1
7865826	7865831	1
5381202	5401607	1
4232876	4232875	1
7741573	7741574	1
9109443	9109444	1
5515966	5515963	1
8161478	8005160	1
8873669	11710865	1
5973012	6081115	1
4768620	4768619	2
5098167	5098170	1
4910576	8757129	1
4061097	4061103	1
8406201	8406199	1
7597435	8652919	3
4183994	4287336	2
7876689	8493540	1
7478935	6240815	1
6835559	6835560	2
6865461	6865462	2
10801474	4110228	1
3550213	3715219	1
3742925	10446057	1
3112264	7859600	1
6003058	6003061	1
9540150	9346194	1
4664334	8019072	1
5204898	7728260	1
2294531	2294532	1
5817035	5817036	1
1075731	1075734	1
6182265	5705745	1
4228593	4228594	1
6186551	2110005	2
2576384	4306304	1
9362600	9362595	1
7003985	7003986	2
6127078	6127075	1
8888589	12389042	1
5719944	5719941	1
2771933	2771934	1
8385699	2662568	1
4428619	3713081	1
1661015	1661029	1
8009211	8009212	1
6674767	922822	1
12555415	12555416	2
11787726	7453873	2
6872863	11496737	1
10884331	2058484	1
1707023	1707024	1
6984601	6984602	2
7107148	7107147	3
1069978	1704881	1
4320928	4320927	1
4075598	11781238	1
4532208	4532211	1
8294746	8294745	1
4533278	4533277	1
9505368	6126987	1
6409013	6409014	1
3039623	509549	1
10101349	10101312	1
10204338	10204337	1
4169151	4157988	1
3735701	3735702	1
5180167	5180168	1
6839275	6839278	1
11205987	11205988	2
10814637	10814638	1
5403966	5879975	1
795379	2417006	1
6549722	3736454	1
1141603	1141640	4
11993892	8724533	1
10640674	2603187	1
8157110	8157109	2
5476679	4495803	1
4715693	4715691	2
536195	536196	2
3342029	2734476	2
2748903	2748910	1
2112926	2112923	1
3544931	3544932	1
12551447	12551448	3
3209002	4836182	2
9480982	6171835	1
583904	583909	1
9443099	9443100	1
7234254	1612179	1
860224	860223	1
1831054	4299715	1
12723284	12723283	1
2385292	2385291	3
2362598	3875271	1
4603556	7226478	1
9579893	12278156	4
10952554	2531580	1
6992273	11525800	1
4494429	2652457	2
11595554	6110848	1
4104372	4104371	3
321630	8107331	2
10723460	10723459	2
4487676	4487675	1
11939153	11939154	1
10717372	6757826	1
5712691	5712692	1
10313220	919316	1
1932659	1932660	1
7427318	7427315	1
10695148	10695147	3
5325610	5325609	3
6594580	10766528	1
11829128	11829127	1
2548950	10373729	1
9123261	10889166	1
10802980	8827709	1
3427009	8680128	1
2365689	5499021	1
2459052	2459051	2
12722256	12722255	1
1713258	1713255	1
4860304	4860301	1
5275976	5275975	1
6603100	6603093	1
11159773	11084833	1
655146	655141	1
12485222	11155733	2
2098227	2010336	1
9179076	9179075	1
6331677	6331678	3
1151167	8546591	1
10938524	12540607	1
5975692	6190462	1
5163997	1712720	1
6713367	6713368	1
4837139	7242325	1
8018006	4035458	1
11392264	11392255	1
48640	48639	1
3951870	3951863	2
10759123	10759164	1
1533135	5972970	1
12447828	5963646	1
11403026	6842134	1
9677138	9677137	2
12808231	12808232	2
4618011	2285507	1
10881953	10881954	1
1131392	1131391	1
12276706	12276705	1
11407348	11507756	2
4516449	4516450	1
1845156	1845155	2
9248387	4566042	1
6012017	6012018	1
5508011	5508012	1
9292945	6137086	2
5654134	5654137	1
10539020	10539017	1
8220962	8220950	1
3953754	3953753	1
4988062	8716785	1
9355275	9355259	1
7507864	7507863	1
3145678	2601174	1
12229355	10980761	1
1183293	1183294	1
10256592	10256596	1
8036289	8036292	1
5256238	5256237	2
8441822	6327959	1
2590923	10460728	1
2346399	5514845	4
4598315	4854511	1
10812754	10812753	3
328957	7695653	1
9327628	9347353	1
3288385	3288371	1
3254120	5011826	1
797432	4035456	1
287579	6144382	1
6066393	6066362	3
5916432	5916313	1
10828861	10828866	1
3719816	3719815	2
8547799	8547800	3
3152025	11866545	1
3218758	3218757	1
10831935	10831936	1
10440468	4674726	1
6712620	1705082	1
939549	939517	5
6577501	6577502	1
3827195	10694737	1
8815746	3582907	1
4332495	4332496	3
8287377	9291450	1
9291862	3325604	1
12542515	12542516	1
3821658	4559164	1
6087645	11877236	1
2657408	8714151	1
7377547	7278934	1
3134205	3134206	2
556899	556902	1
3811799	3812666	1
6414947	10077381	1
3982757	3982762	1
3331805	3331806	1
5723352	5723362	1
5507121	2485642	1
3965991	3965992	2
1960834	2065614	2
9309923	9309924	3
8884552	8884542	2
9090839	9090840	1
7347592	5457886	5
6199378	1922546	2
3361675	9699679	1
11974403	11974404	1
2974101	2974149	2
12355760	12355759	1
5925451	4588269	1
3874637	1414781	1
3144429	6191239	1
4634693	4634707	1
7207442	4571091	3
370723	394590	1
4323743	4323744	1
3721401	3721404	1
6827789	8434107	1
10801956	8397628	1
1159086	1138889	1
12309683	9690513	2
1419004	5465498	1
4476638	6629273	1
7497186	7497158	1
4341379	3868679	1
10650371	7824843	1
7821614	7821613	1
4604271	12665918	1
7282439	7282440	1
7453054	8495502	2
2271585	2271586	1
7450907	11680464	1
9072812	9072811	2
10169084	10169080	1
12241465	12241466	1
6552456	6552453	1
6243424	3280270	1
7961778	7961777	1
7278935	7278936	1
5194821	5194822	6
11685266	11685265	1
3365273	5469798	1
5705130	3821663	1
537952	537951	1
7372128	4374960	1
2316075	7159208	1
2278418	2278417	1
12293918	9508516	1
508650	508649	1
9943954	6234040	1
11395546	10213704	1
1958691	3142119	1
38615	9256509	1
6348195	11493904	1
6535108	6535105	1
5867007	5993997	1
6712624	6712621	2
12628812	8375246	2
6172524	5635537	1
4037903	1486945	1
4557020	4557019	1
599498	9323684	1
10452660	2220777	1
7107152	7107147	2
2298175	2205239	1
8920639	8797724	1
10383277	4370636	1
9705459	9705460	1
3157291	7844353	1
6632758	6632757	1
7000242	8575071	3
5903709	5903710	1
8197394	4672420	4
9269911	2598589	1
7018611	7244026	1
7547454	45692	1
12183108	12183105	2
424525	424539	1
1120144	3881130	1
11763593	11763594	1
7349764	2317817	2
4322442	5071925	1
9651328	9651327	2
7007012	3340574	1
11738872	11738871	3
11126058	11126057	2
6936379	9541755	2
3922873	5910218	1
5577879	7100794	1
6818259	8086232	1
3297115	7818957	1
5606304	2846605	1
11635131	11635140	1
10455627	8217657	1
6098877	7957515	1
6828654	7671496	1
5581345	5581348	1
6549161	6549162	1
1832036	5999305	2
3614425	10873769	1
817708	817707	3
2750673	2750674	2
4139175	4139176	1
566184	566181	1
11909578	11909577	1
6121593	2607644	1
2443805	2443806	1
11350032	2340513	1
4539324	4539534	1
6097724	6097723	6
6102423	6102424	1
384402	384398	1
4800249	4800250	1
12597984	9469174	1
11644776	6403214	1
10991470	6967210	2
3690404	6865460	1
3501510	3501501	1
869508	869507	2
12813860	10617734	1
7716403	7716406	3
2414634	2414633	2
6256652	6256651	2
9544278	9544277	1
7427628	5882199	2
6068749	9449315	1
823483	823484	1
7900952	7900951	1
2753115	3181268	1
6108007	10277942	1
10611799	6586846	1
10401642	4643729	1
8404022	6123404	1
12392176	2682520	1
9229591	9229592	3
9197359	9197360	2
9741202	10924362	1
5650587	10814646	2
9454334	9454333	4
8560422	6194409	1
921610	5932719	1
5903711	5903712	1
9185117	9185118	1
12404292	12403104	2
10703773	6051116	1
9491356	9491380	1
6855920	6418744	1
6349741	7003417	1
3423837	3988661	1
9569245	9569246	1
4866761	11987228	1
11839484	7256141	1
4019709	9524266	1
9539031	9539032	1
4164021	2356768	1
1637030	1637029	2
5515031	5515032	1
6047300	6047299	1
5649995	2474332	1
3267153	3267154	1
6732809	6732810	2
10294399	6686197	1
1347422	1347421	2
10990175	10990176	1
11047210	11040921	1
5764592	11142833	2
8082267	8422597	1
3413916	12804650	1
8664036	8653003	3
8554436	8554481	1
3273329	1334271	1
3552326	7919297	1
10744250	3195687	3
11696963	7719832	2
3417979	6343882	1
5905351	5905352	1
10552574	10721146	1
8065390	4273404	1
8878521	8878522	2
1869302	11389858	1
8416005	7814578	1
10982723	631458	2
745520	745519	1
3118747	7493059	1
2287310	2465697	2
5271786	5271783	2
8220964	8220963	1
12423811	10903266	1
12802343	12802344	2
10403939	11787581	1
1400344	1400314	1
10778768	6089238	1
2643756	2643755	2
7943386	1109662	1
4253426	4159158	1
1719042	1719041	2
8422854	10083264	2
939516	939513	1
8714150	8714149	1
11492476	11492473	2
9374573	9373468	1
8997394	7115141	1
9312508	853793	1
11395880	11395879	1
11128847	9759119	1
11927400	11927397	1
6312332	5483468	1
7021022	1777287	1
6167536	10414267	2
5548519	5548515	1
4259742	4259738	1
99081	99050	1
11176375	11176376	1
8002732	8002731	1
1313566	1313565	1
908141	908142	1
160381	7594646	1
8016397	8016398	1
2613082	2408166	1
8546935	8546938	1
7961635	7961638	1
8082267	8082268	2
7493305	9300205	1
10859419	10859422	1
5988363	5988333	1
4002926	3672754	2
7744405	7744408	2
8817399	8817400	2
9280405	9517789	1
6015060	6015059	1
6105616	1698498	2
4383385	4383386	1
7699087	7699088	1
10092448	10092452	2
1195930	1195929	2
5749164	5749161	2
7857573	8441428	1
3882316	1382326	1
10570128	5761179	1
2340489	9592325	3
9094477	9094478	2
6963113	6963114	1
11675691	3540402	1
5993832	455163	1
10383990	10383989	1
4307000	741187	2
9088867	9088040	1
7850812	10811086	1
3701367	3701368	1
3776411	3776412	2
7074950	7074949	2
1290485	1248108	2
4390832	11552555	1
9687768	9706144	3
7037519	7037520	1
10399010	10398989	1
11596023	5601903	1
2663477	6551206	1
7102260	3052396	2
1599681	10677012	1
10752668	2518260	1
8430916	4547630	1
6097715	6097716	2
3476099	7694537	1
6705592	4077213	1
4259742	4259736	1
452777	4566508	1
2357537	2357538	1
5902350	5866494	1
1442128	9110575	1
8323959	10969062	1
6524525	4106402	1
3542199	3976740	1
11579780	4623981	2
6150632	6658758	1
12814894	12814893	1
6011277	6011280	1
10931865	10816186	1
6120820	8843259	1
8073116	9267973	1
5258758	5258757	1
9724920	3773260	1
4269939	4269942	1
1323563	1323564	1
4677430	9681470	1
8559354	8559353	4
8876185	8876186	1
4007461	4007462	1
4088479	6978051	1
6051844	3302483	1
7303889	7303890	1
6528056	238559	1
6100617	6100618	1
4702239	6995287	2
627015	627016	2
9467638	158880	1
12447069	12447070	1
3331807	3331808	1
4988476	4988475	2
8973174	8973173	1
2442103	2442104	3
4578902	10749177	1
6351202	6351199	1
6111872	6111869	1
4833732	4614706	1
414681	414682	1
7518664	5042652	1
7734257	8824617	1
6354014	8280004	2
4657793	4657794	1
8863615	5271037	1
754124	9062775	1
5843724	559155	1
11353925	6962802	1
8482906	1170837	1
1395606	1395182	1
6050003	6050004	1
4320926	4320925	2
6397498	7285240	1
3291366	8029994	1
3342029	2734478	1
3639369	3639365	1
6932707	6932708	1
10870122	75490	2
5274809	10202815	1
2126966	4732347	1
3719814	3719813	2
10351640	10351639	2
9299352	9299349	2
4778967	4778984	1
1775812	1775809	1
7904105	8024390	2
6606613	6606614	2
6511841	6511842	1
810007	5407980	2
10787937	10787938	2
3601602	3601599	1
12156332	12156327	1
5999470	5999467	1
419779	419780	1
4494869	10745027	1
1720342	1720341	1
5648589	5648590	1
1466369	1466370	2
3082889	3082890	1
7000932	7000931	1
4023671	4023672	2
5061391	5061392	1
10371447	10371563	1
3965621	3965622	1
8469234	10715279	1
3943678	6528413	1
4204255	4204258	1
5935820	5935819	1
4262441	4677873	1
11909579	11909580	1
8430918	8430917	1
4747418	3965992	1
6805293	6805294	3
2708128	6835004	1
8878100	3956710	1
10974468	10974461	1
3053815	3053816	1
8428347	8428348	1
10753928	5164111	1
7724735	7724736	1
2326124	2326123	1
6668836	6668833	1
9251623	9251658	1
5906247	5906252	1
9910531	8057753	1
4954492	4954487	1
2460064	9333584	1
2211771	2221968	1
8829374	3521963	2
8492008	6775551	1
10279589	7262985	1
1261591	1261592	2
3372564	7277503	1
3659350	3659349	1
10924886	10924879	1
3423019	3423020	1
8082269	8422597	1
6051204	6051203	3
10400931	7099925	2
8573151	8572709	1
6350832	7437615	2
10392079	10392936	1
3882183	3882184	1
6777169	7312454	1
4675255	10684962	1
4183214	4183211	1
7515240	7515239	1
1103863	1103864	2
3060985	9272443	2
4300391	10889703	1
6111933	6111934	1
7478260	10941831	1
10543632	10543631	3
2126793	2126796	1
9787710	9787709	2
5748286	1158449	2
3290066	11456827	2
9365353	9365354	2
3318326	2385155	2
10707855	10587488	1
2234765	3384704	1
2460107	2460108	1
7215715	7215705	1
2596860	2596839	1
7107152	7107149	3
6109603	8279735	1
5550164	5550163	1
931082	910128	1
2028023	2479476	2
3589100	3962059	1
6194652	6111549	3
7237131	6945293	1
6035616	6035615	2
3953758	3953755	2
5935234	5935233	1
11208615	11207530	1
3371298	3371297	2
3362586	3362585	2
7008885	11512630	2
3827195	3827196	1
1256689	6196631	1
5539218	9775221	1
4055147	10886759	1
6491299	6491300	1
2578410	1719032	1
9506746	9506745	1
3864649	1692567	1
12330923	9590190	3
5290583	5290578	1
5056737	5056740	1
6130499	6130016	1
5177338	9898493	1
10933182	9533874	1
105120	105119	2
4956187	8838859	1
7695670	319883	2
11105660	11105659	1
7027687	7027678	1
2181517	7583866	1
8759062	425908	2
2350557	7266851	1
7002807	3939866	1
3290070	3290067	1
1153130	1153092	1
10377116	10452752	1
2186418	3551521	1
12038843	12038844	1
7946358	8922522	1
9489235	11032532	1
10283432	10283431	1
3246441	1822059	2
3813392	1440870	1
11097130	11551823	1
566538	566531	1
4649660	4837414	2
8799458	7575087	1
3285137	3285138	1
4573377	2490679	1
1709452	4005182	1
2613099	4072510	1
1151163	1151164	3
9578785	9634409	1
5214352	5214351	3
3821676	3871624	1
8199606	8199605	1
10662402	10662399	1
2563110	7255736	2
2339688	2339691	1
8515993	8515994	1
3104502	3104501	1
9779114	2546361	1
4516447	4516448	1
2172049	2172022	2
4328455	2422429	2
1002308	11876266	1
8549527	8549530	1
7821161	7497187	2
9174402	9791448	1
8704247	277245	1
2439618	10381436	1
10566847	7270690	2
10465143	10465146	1
1973635	1973636	2
12224359	12224360	1
1974688	9579888	1
1929469	1929470	1
1790292	1790291	3
2315471	454560	1
4938214	4938211	1
10360492	10360491	1
5477061	7298360	1
1493955	3734818	1
10204879	10717027	1
4311893	4311894	1
566538	566535	1
2424764	2424738	1
1857161	1857166	1
3773768	3773776	1
10382997	4578021	2
655144	655141	2
12727114	12727113	2
7932987	7932969	1
1088071	2611457	1
7245758	7245754	2
3475864	3475863	2
9476659	9476657	1
8089869	8089870	1
5490866	9792288	1
4201135	4201136	1
4085727	3788084	1
11907296	11882338	1
5772879	10564733	1
10465154	10465149	1
10168650	10168649	1
9068380	8539078	1
2760148	2792424	1
5617803	11595224	1
8016395	8016396	1
11678423	11678424	1
9090837	9090840	1
11826847	11826848	1
11094125	10616108	1
11503535	11503526	2
2448809	2448797	1
3273329	1334273	1
8691037	8691038	1
3612407	3875620	1
9538215	9538216	1
11405300	11405299	1
9934229	9934230	1
7502267	7502268	3
3423021	3952376	1
11068952	3260222	3
7472392	9395785	1
11877235	1533149	1
508648	508647	1
8183100	8183099	1
7349483	8427582	1
8228830	8151578	1
9118903	9118894	3
1581409	6191095	1
10525523	10744838	2
3141538	11894018	1
3376524	3544855	1
7752096	694502	1
10633410	10694328	1
10419131	3352784	1
12812285	12812286	1
12754185	12754178	1
6159943	6159944	1
9292947	6137086	1
2385243	3875951	1
6074414	6074413	2
10387906	7338599	1
7216156	7434759	1
10403537	4474056	2
3111596	3111595	1
3316441	3316442	1
1278385	1278386	1
1720340	1720339	1
6570435	4347837	1
2610464	2610463	1
6847449	6847450	1
425770	3793636	1
3816883	11956038	1
5426331	5995082	1
3726288	3726281	1
552968	552967	1
5759700	5759699	1
6842990	11585608	1
7291845	7370590	2
3423162	6917220	1
655148	655147	2
3445499	8615482	1
2442468	5997119	1
5290581	5290582	2
4737562	9673782	1
11826489	11826490	3
9463328	9605422	2
7826616	7826613	1
11959677	4992290	1
10956283	4117886	1
10269730	5101488	2
4226735	8295329	1
6131699	6984602	1
7449834	908448	1
6400770	6400769	4
10172916	451169	1
12331941	12331942	4
2533044	2583910	1
10449877	8920790	2
792825	11968687	1
3719680	2351701	1
6580479	6580480	3
11858474	8454893	1
7109094	8444214	1
4273129	4273130	1
9565132	3676947	2
2615427	7886805	1
7030777	7046950	1
10973907	10973908	1
5985910	5985907	1
7731380	3027388	1
6123228	6704452	1
3025775	3025809	1
10892061	10892064	1
4471057	2398461	1
10565232	10565231	1
7000816	9682005	2
5595518	8827506	1
12042333	8185847	2
10760775	10760776	2
3116511	3116512	1
2237229	2237230	3
4101753	4101765	1
6352964	6352959	1
1014974	1014973	2
939514	939513	2
4935794	4935793	2
815984	815983	1
9059788	9059787	3
4540733	6082243	1
133844	2247825	2
6400819	1867208	1
11037434	11037715	1
3078099	3078013	1
1163982	1163981	1
2348521	8742130	1
10692389	10692390	1
2161578	2858920	1
10464002	10646571	2
2133929	2133930	1
11205987	11205990	1
11218157	6628364	2
7719942	7719941	1
5496115	5496116	2
5424039	7144484	1
11878336	11878333	1
7857530	7857603	1
9507969	3496040	3
1775945	1775946	2
11153528	11153531	1
3162263	3162264	2
5490802	5490801	1
4223047	3458327	2
1411185	1644518	1
7294267	8441475	1
6331675	6331676	4
1579091	1579094	2
11194986	11194983	1
5613166	8208817	1
6825305	6825306	1
5123830	5123799	1
8824671	8824672	1
11534346	10576075	2
10434630	10434629	1
5967754	12447068	1
12774706	11038243	1
10357356	919879	2
2124504	9754510	3
12333029	3533669	1
1766489	1766490	1
11156191	11156194	2
913760	913759	1
6682759	6682760	1
6943132	6943131	1
8733163	8733157	2
7831242	7831241	1
11180343	11124796	2
5490133	11201088	1
5254209	5254221	1
284147	284150	2
3681167	6180630	1
10202610	10202609	2
6091423	6091424	1
10792860	2087685	1
9115447	7256736	1
7838108	8149671	1
2649357	2649358	2
2445383	3265057	1
1352836	1352835	1
6331681	6331682	2
6801073	1137352	4
4201761	4201762	1
6003062	6003059	1
7850066	7850064	1
1184919	1184962	1
10876093	10876096	1
3086212	3086211	2
12014688	5088430	1
7504211	7504214	1
8559055	5691934	1
4275586	4275585	1
11696979	10824750	1
10692618	10680815	1
8285148	8285147	3
10916753	10916754	2
3005183	11760505	1
5854554	10520650	1
3148237	6707349	1
11030345	11030346	2
7370018	7370017	2
11827420	11827419	4
9951287	9951288	1
12777307	12266664	1
4083280	9112257	1
2124506	9754510	1
7709303	3078665	1
510274	510264	1
7507864	7507861	2
12246450	9791888	2
4002928	4002927	2
10864224	8220421	1
11673045	10916746	3
493491	493492	1
503003	3700061	1
1699249	1699250	1
2081589	2056312	1
444879	2379322	1
5973017	6148122	1
11470478	5993450	1
6315164	5180166	2
2040577	2040578	1
4743719	4743720	1
6006761	4070806	1
1828972	1828967	1
3372519	3372520	1
11885618	11885617	2
10908898	10908897	2
10840885	10840886	1
12611075	12611090	1
6101101	9665437	1
12411369	12411374	1
12030944	4865341	2
7624831	1134854	1
8859215	8859216	1
11133855	10884055	1
1019917	1044384	1
5507829	5509983	1
8547784	11405303	4
9428314	4261082	1
5405125	6901099	1
3646738	3269619	1
377382	377379	1
2314239	4487677	2
10991515	5933572	1
8070493	7233953	1
4229903	5005084	1
1313221	1168473	1
10246878	10539634	1
807023	5677363	2
11000770	5855256	1
6021546	10695592	1
9240146	1912796	4
6813392	10462018	1
11675169	9188732	1
6581364	5714390	2
10749176	10749175	1
4006715	4006761	1
2723172	2723171	1
7944138	5999096	1
9800708	12614291	1
12038063	8745279	1
2203105	2374357	1
8108546	8108545	1
7313131	6779365	2
1053213	11877606	1
5535850	5535853	1
2736127	2736128	1
1146242	938784	1
12747526	12747523	1
11907787	5425547	1
1290483	1290484	1
12528426	12528520	1
1341385	7892088	2
10399860	2464149	1
7134297	7134298	1
2472473	2472448	1
593017	717141	1
9536058	3800330	1
6014262	10384606	1
7857191	7857192	4
3287460	3287459	3
8129568	8056248	2
872646	7248685	1
8422697	463086	1
4992477	4992480	1
10691382	9384768	1
12394013	8448596	1
7850815	7850816	2
6538095	6538090	2
12392176	12392175	1
6907595	6907596	1
6183610	7741224	1
2408163	2408166	1
3356615	3356619	1
8716786	8716785	1
1471797	1707470	1
12728755	12728850	1
6083292	6083266	3
7074669	3509511	1
9743073	2135028	3
4584098	4584097	1
6473729	6473734	1
10744252	10744251	3
4844821	7337880	1
9596421	9596422	1
10940370	10940367	1
6790739	4234281	1
5972838	9666695	1
6264402	6264405	1
9306448	9306445	2
296348	296347	3
1075740	1075739	3
5191735	7428983	1
9515841	3762837	2
6998805	6998806	1
8897855	1029861	1
1645007	1619417	1
11503527	11503528	1
11140671	11140672	1
10969124	10969121	1
4102262	3691961	1
2750676	2750670	1
6492309	4549646	1
8983020	8983007	1
10328971	10328972	1
5923595	5439796	1
8014540	8014539	1
4287953	4273406	1
108806	4987464	1
4388408	4388407	2
5985385	9961056	1
9542990	9542993	1
11603600	10393314	1
8010969	8010972	1
2813447	2813094	1
6134779	4055144	1
5022255	5022258	1
1579530	1569243	1
38909	38910	1
2081552	2545249	2
3693843	3693844	2
2750673	2750676	1
11912372	8198700	1
3162265	6865557	2
10829600	369698	1
6005935	6005938	2
5679141	5679142	1
994915	994916	1
7015867	9091015	1
7861096	7861095	1
2033273	2033274	1
6021622	6021621	1
3388506	3388505	1
2265811	664727	1
1118079	1118094	1
7572511	7572512	1
5754013	7212661	1
6354016	6354015	2
8570097	8570098	1
5325650	4229147	1
7139643	3074098	1
5382684	5496114	3
9471112	12473327	1
6535106	6535105	2
4324008	2183731	1
9344398	5692324	1
7482162	10698367	1
7770768	7770767	1
10434628	10434625	1
5995243	5995238	1
4259373	8369617	1
9363352	9363351	1
11023265	7453586	1
12361266	12361265	1
342663	342666	1
2237231	2237232	3
6046582	10566630	1
10384924	2384397	1
12338894	12338893	1
4001823	4001824	1
2557354	7255876	1
6372461	6372459	1
11065535	11217374	1
3251658	3251657	2
4428619	10841280	1
8765293	12011425	1
1898390	1898389	1
4266674	7068599	2
10732528	10732527	1
11963483	11963486	1
7000382	7000381	1
3874637	1414785	2
6359230	8346252	1
497531	497532	1
2585216	2585215	1
8735346	8735345	1
1726660	3241224	1
437043	437046	1
7705186	3726189	1
6142553	6142554	1
2276687	2276688	1
9297269	9297270	1
2750671	2750672	1
10796165	10796166	1
4110253	2592238	1
11667712	1015528	3
6182265	5705743	1
12392930	3363574	1
11493482	5853597	1
7310867	7302132	2
9775166	2412786	1
11354147	1545649	1
9101045	9101046	2
12023643	12023644	2
8036289	8036290	1
12411278	12124522	2
7490299	7490300	1
10991610	10991609	1
8415972	245606	1
5004242	4584122	1
2305660	5446815	1
2431696	4306308	1
8559352	5069471	1
8391600	2534201	1
4525171	4689202	1
8174077	8174038	1
2971495	2971496	1
1775129	1775113	1
436380	436379	1
197362	4015063	1
5708807	5708808	2
3337769	6900377	2
2402116	2655674	1
3548778	3548777	1
8098505	6142647	1
4726594	4564389	1
10248571	10552859	2
7300991	7382397	1
6098761	6098762	1
3025773	3025774	2
8519359	8519360	1
10172172	8574437	1
3064339	3064340	1
11707586	11707589	1
5875630	5875625	1
12167662	12167661	1
5616935	3559419	1
11544812	11544811	1
4403554	4403553	1
9759116	9759115	1
848851	4118559	1
6668832	6668837	1
7258723	1793662	3
6813305	7142163	1
7521922	3249275	1
259112	8978599	1
9617556	12400387	1
3497734	7560296	1
10946109	6104247	1
1671962	1671941	1
9446591	9446592	1
12351768	9589308	1
3372159	12290679	1
9266653	9266656	2
3718048	3718047	1
5693745	5693746	1
549309	549310	2
655146	655145	3
3124607	12395547	1
7179326	7018937	1
882855	882856	1
10573822	4155414	1
1719040	11784640	2
9943172	6100332	1
11218885	5850751	1
10898689	10898729	1
5882485	5882486	2
6899495	6899496	1
10987665	10987668	1
7389704	7167352	1
6086071	6074204	1
655771	655772	1
2033275	2033276	1
5810909	5810910	1
11046009	4172118	1
4332294	4332291	1
11982110	11982109	2
7258186	11221380	1
1766095	1766096	1
7669236	7669233	1
11894117	2643997	1
7844463	7844464	1
3314843	3314844	1
6813360	4637430	1
4249690	4249689	1
8690260	8950661	1
2748549	2748550	1
3199927	10452249	1
10900913	8920718	1
3775213	2615914	1
12331935	12331938	3
437047	3645938	1
6195477	6195478	1
8993786	1494004	1
10329196	7841300	1
10598890	4711699	5
4683844	4052336	2
3945036	3546703	1
4648503	4648504	1
1151165	1151166	1
4220307	7847216	2
8405700	2623471	1
10640334	4312134	1
1828972	1828969	1
3016551	3016552	1
3196749	10170549	1
2260011	9144961	1
6686196	6686195	1
6367739	7472392	2
5827122	6090894	1
3614570	3551687	1
4369656	3516651	1
4527787	4832243	1
5056737	12001130	1
11373925	11373479	1
10921518	6737170	1
93940	7899732	1
2599578	2599554	1
12514939	1501842	2
9617672	9765529	1
3141695	3141696	2
10417010	10417005	1
7274723	7419708	4
4839795	4671356	3
4309519	4309520	1
10192409	10188139	1
7774556	3499115	1
5703718	5703760	1
2029602	4133239	1
7003987	7003990	2
2664360	2750676	1
1666251	10283829	1
4145837	8281925	1
2104144	2161366	3
7211514	6513655	1
1076837	4307986	2
3286195	3286196	1
6179573	5996649	1
4648046	7498684	1
9483176	10630053	1
10916751	10916752	2
4303993	4303994	1
7639649	4549148	1
4588833	4588834	1
9165537	5691878	2
2602245	2602246	3
10719414	5998775	1
6535108	6535107	2
200675	7815472	1
2351454	2351453	1
11766849	11766850	2
4849405	4849406	2
664360	11795506	1
4274690	4274689	3
8555326	8541715	1
3734255	1946295	3
5652765	5652766	1
1076672	11884434	1
7373800	2489778	1
2643756	2643753	1
7107154	7107153	4
4790185	4790186	1
3082887	3082888	1
1140978	1140975	1
5973015	5973016	1
11868702	11868701	2
8831875	12150027	1
10871218	10871232	1
1071519	1071520	1
6973284	6973283	2
5288537	3318849	1
5385147	1012176	2
3430171	6411240	1
4303991	4303992	1
11085380	6573516	1
5993259	502615	2
10216466	10216465	1
5536793	3315891	1
12806850	12806849	1
8065390	4287952	4
4309283	10335152	1
11086658	11086951	1
10446235	4568542	1
1402118	7197869	1
4308253	4308258	1
9283394	2842562	2
9493157	9493158	2
11054420	11170659	1
11216226	11216225	3
10310014	9296994	1
10684345	10685155	1
6983859	3797255	2
4555400	9310533	1
7006646	7006645	1
2545300	2545299	1
4147843	4147778	1
9371410	12150486	1
5926523	5926524	1
3388508	3388505	1
5282483	3469744	1
7811137	7811139	1
4307002	4307001	2
6303601	4223036	1
5550160	5550165	1
9687770	9687769	3
12768959	10419685	1
9546914	9546913	1
6063890	6063863	4
9967649	9967630	1
5060222	4055397	1
4075232	4075231	4
7225868	7397179	1
8312664	4136182	1
1849489	1849490	1
2588638	2463101	1
10651846	10651845	1
12808227	12808230	4
6106207	6106225	1
7821761	5629206	1
11996214	11996213	1
7977163	3881136	2
8335572	4379740	1
1429750	3831307	1
12391617	12391618	1
1346874	10564580	1
5999012	5994580	1
1457297	5989400	2
2964996	2964995	1
5987379	5987380	2
9090932	6526547	1
10881350	4014998	2
8057039	4054535	1
5522845	3269888	1
3470786	3470785	1
8431240	8431239	2
10552041	491355	1
11922144	11922143	1
3863998	3863994	1
710620	710617	2
8232798	2444486	1
10312415	10312416	2
7334052	4397365	1
1790292	10425091	2
11763595	11763596	1
11478162	11477886	1
4303995	10405094	1
4113703	5698480	2
8961699	1297718	1
2352027	5437097	1
7203586	6015061	1
5906251	5906252	2
1346876	1346875	1
12598755	10279470	1
4693037	4693038	1
7790705	7790706	1
8105624	4163440	2
5877378	5877377	1
4948382	6345282	1
1635490	1635489	1
4685450	12720797	1
8333133	8333139	2
5679668	5679667	1
10491009	10491010	2
7214446	2333896	1
12268637	2168271	1
3086214	3086213	2
6402974	6402973	1
10505944	10505943	1
10681347	8496211	1
216020	216019	1
3430171	3430172	1
5780261	10524146	2
2257383	5212925	1
7735502	7735372	1
11479223	2140004	1
9484733	9484734	1
10914789	11107981	1
4162023	4162024	1
8227468	6100031	1
2634646	6038370	3
7745624	2180223	1
6119031	2688928	1
405434	883785	3
412749	412752	4
7669234	7669233	1
7792018	8874669	1
329290	329287	2
6429744	2253690	2
6408290	6408289	1
2623158	10445960	1
5426181	5412480	2
5273827	5273830	1
5868683	5868686	1
5900939	5900922	1
10312413	10312414	1
11046007	11046008	2
12186593	12186594	1
7452122	7452121	2
883784	883783	2
11385695	11272492	1
7282437	7282438	1
8590862	4262922	1
6055476	6055489	1
6074410	6074409	2
5855257	5855258	1
4168408	4168407	1
2539930	5513465	1
1839267	1839268	1
6234043	6212982	1
310583	310584	2
6156414	6156413	1
6091425	6091426	3
4665629	4665630	1
2218152	4797938	1
3742848	11577069	1
4506426	5768536	1
12473550	12473549	1
4107072	3712275	1
10472841	6603535	1
8862995	8862996	2
3388453	3388454	1
7498685	7498686	1
3996069	3996072	2
11517959	11517960	1
7207557	4341956	1
3975806	10878334	1
566534	566531	1
8167367	8567229	1
10890258	10890261	1
7810457	7914370	1
8657875	8657876	2
8862997	9072391	1
769039	769040	1
9501326	9501325	1
9309917	9309918	2
2338167	4364980	1
10448165	10448168	2
6330679	6330680	1
7408511	7415609	1
10507885	5767879	1
9304988	3804447	1
5951730	5411892	1
5820809	5820810	1
2621182	10416616	1
8893986	8893985	1
10286914	11126391	1
171897	2312455	1
7967278	7967277	1
6135344	5711571	1
10406425	1916947	1
3679237	3679102	1
1120143	3900817	1
8950391	4320202	1
3913781	5963637	1
3488726	3938709	1
3913781	5963635	2
3244156	3244155	1
674649	7600691	1
10716938	715397	1
7431731	7431732	1
3265415	4000954	1
836091	836123	1
7512600	7512597	2
3268246	3268254	1
8574209	8574210	1
9620229	9620230	5
6687823	6687826	1
2000349	3014821	1
5240030	34632	1
1736616	11869070	1
3283251	10922283	1
12791809	9787711	1
7218109	1767718	1
2528892	2528891	2
1507484	9150885	1
2232038	9467923	1
8101167	8101168	2
3431803	3431804	2
8956373	7853954	1
7835722	1394339	1
6699727	6728784	1
10283980	10530579	1
6102129	11865597	2
12647776	12647775	1
5359606	7205695	1
2413185	5976560	1
1531047	1531048	1
10990177	5753980	1
8017949	8017950	2
5984378	6998804	1
1002922	7059731	1
4072874	229146	2
5475964	5475961	1
9639232	9639234	1
1582441	1582444	1
12166541	12166544	1
4530240	10344586	2
9315344	2575169	2
11587905	11587906	2
6087566	6087565	2
2323698	377663	2
3331805	3331808	1
10433026	10433040	2
4598183	4598184	1
12733709	10746595	1
11075945	11075946	1
2356773	8386378	1
1462248	7107146	1
4494427	4494428	2
5004997	8430905	1
1737663	1737651	1
2386899	2386867	1
2588031	10679943	1
7705904	7705903	1
2537241	2537242	1
6021578	6021577	1
664222	647422	1
12278730	10905199	1
11070194	905384	1
4754872	11000285	1
6039935	6039936	1
1582677	6051348	1
5877614	5877611	2
2007071	2007072	2
1854016	11571649	1
8547151	8547149	1
7949713	2274723	1
8326945	8326946	1
9536614	10557791	1
12560726	12568440	1
7861098	7861095	1
12271596	11126321	1
10933364	9249141	3
4115907	3497784	1
7790707	7790708	1
3244542	3244544	1
4616828	5808858	1
2363682	2363679	1
7880405	8568862	1
2686332	2686335	1
7452649	3940104	1
8482906	8482905	1
6905779	6905757	1
7074020	8129561	2
9395933	9395934	2
10505127	10505128	1
7207778	7207773	2
12723574	12723568	1
11689508	11836577	1
4335176	8026734	1
7680088	7680761	1
6726819	6726820	1
4284652	10468644	1
6365938	3552764	1
1048885	4079114	1
3790886	3790885	1
11922118	11922123	1
11098437	10679458	1
7815971	7815969	1
674930	674929	2
8169307	8169308	1
10631985	10632000	1
5496735	5448554	1
9352659	9352668	1
6180387	6180377	1
8835008	8835007	1
6742423	6106092	1
12771043	12690002	1
7230285	7164037	2
3287603	3287604	1
6117217	7378478	1
2322050	2322047	2
2517333	2517334	2
10531983	10531984	1
12565461	12565462	2
6205338	6205330	1
10333170	3265297	1
3286185	3286186	1
2183730	2183729	2
5889261	1533001	1
3668793	3668794	1
9648491	9648494	1
4768618	4768625	1
11081198	11081197	2
7447914	7447913	2
12392174	2682520	1
9753437	9753438	2
5842718	6164163	1
6109511	6109512	1
663955	3565144	1
8792693	8792694	2
7377766	7377765	1
9655245	9655248	1
7862148	9184953	1
12414435	9773245	1
8506428	11222471	1
5926521	5926522	2
1516230	10697052	1
1780484	1780483	1
10397376	2788726	1
3790884	7978663	1
10990627	10990628	1
11614655	11598486	1
11333838	11624855	1
939348	940106	1
4189553	10689042	2
442006	7505530	1
6527455	7741151	1
12463297	12463298	2
8222481	11583632	1
4447073	7013460	1
6331679	6331682	1
5584239	5584241	1
4538897	10715404	1
6091421	6091424	2
6107330	6107329	5
3051974	3052006	1
8907542	2673107	1
4472478	8184641	1
12427529	12200828	1
3693841	3693842	1
4578679	4578680	1
12331939	12331940	3
2740650	2279418	2
11614653	11598486	1
5797121	5797122	1
12412088	5548100	2
8372650	3132176	1
12203848	12203850	1
7455732	7455731	1
12542964	12542963	1
6428104	3650968	1
2964994	6897473	2
3871621	3871627	1
1240563	1240564	1
7886411	8466257	2
1369744	9798737	1
1622446	1528108	1
7930897	7930925	1
1196971	1196994	1
4034607	9528494	1
6001656	6001634	1
2002945	2002950	1
8289829	8289832	1
8836072	8440800	1
2653475	2653476	1
11609585	10464126	1
8752455	8665319	1
2530361	2237404	1
1882764	1882763	1
7185324	7005398	2
7541659	7541660	1
9687470	9687469	1
4061104	4061103	2
8182936	10504851	1
1313227	1313093	1
7919003	7919004	1
5514844	5514843	2
4143585	4228145	1
6130181	5745326	1
206311	206312	1
6573517	6573518	1
2097927	2097933	1
3913188	3913187	1
6905241	2725304	3
9592589	9551654	1
2309864	2309840	1
5969289	3320336	1
9920452	8946882	1
11495883	11495884	1
12038135	7851653	1
10873747	10873748	2
8092779	8092757	1
5392896	1579090	1
5094505	5094506	1
6331514	3462359	1
5243020	5308151	1
535402	3284176	1
9620795	9620796	1
12735976	12735975	6
6115284	11024583	1
12262917	12262913	2
7416447	7416448	1
909559	909560	1
7183385	12722982	1
8603992	8603995	1
10412901	8218708	1
1212602	1212601	2
11183550	10424471	1
3310537	3906916	1
6111880	11861637	1
3162561	4176786	1
3814840	8256905	1
7341200	7341195	2
5844633	5918568	1
11013976	11013975	1
4522522	4502101	1
2243285	5968815	1
8397772	9698188	1
4140299	4140302	1
10352746	8267928	1
2866731	2718698	3
7225601	6159572	2
5171891	7468713	1
9589340	7916488	1
11764528	3108175	1
6127312	11852410	3
3713080	10841280	1
10907482	5383646	1
5194159	5194160	3
4942744	11280715	1
4705473	4705454	2
3951217	3951218	2
12331401	12331402	1
1961992	1961991	1
5998091	10401516	1
5646257	5646258	1
3381356	3381328	1
1907392	1907389	1
10351642	10351641	2
7076400	8862242	1
11190851	11145417	1
4054859	1251562	1
11979567	11979568	3
10647429	10647430	1
7592427	2038056	1
2389741	2389742	1
65153	65154	2
6331679	6331680	2
9931881	7937001	2
11850712	1784621	1
9059790	9059787	1
11868712	5525332	1
8233256	8233239	1
12523182	187786	1
6553119	6553120	4
10864872	10859515	1
5443977	5470520	2
11620451	891733	1
1987832	9920804	1
5496731	5496734	1
6146437	6146438	3
1075735	1075736	2
9530352	9530351	1
3407089	3407090	2
2766747	2630973	1
5646036	5768073	1
6250370	8277427	1
3217935	9613564	2
5942296	11126079	1
5890390	5890389	1
12623261	12623262	1
11929322	11929321	3
9930285	4721441	1
8428063	8428064	1
2718655	9518429	1
3874594	2243097	1
837378	837377	2
10452667	10452661	1
10345685	841740	1
12561887	12561888	1
6855271	6855278	1
2130926	3874623	2
10823662	171973	1
5582757	2677695	2
7452996	7452995	1
10338668	4555969	1
3136455	10528580	2
6163367	6163368	2
10633404	10633403	1
3266719	3210327	2
5860256	6020799	1
2331959	2331965	1
6182272	8836338	1
2233087	2233088	1
4702239	6995289	2
3210590	3210589	1
8892391	3135937	1
8898242	8898241	1
3069511	3359608	3
5042292	12165616	1
6131179	5896806	1
278008	5640552	1
8744208	8711703	1
9343108	9343107	2
432504	432503	1
9577326	6687455	1
12400176	12400182	3
10782239	10782240	1
5802732	5802736	1
11595412	10568545	1
2463922	2463921	1
4114713	4114714	1
10532875	10532876	1
11927396	7897426	2
3202618	11772360	1
12542513	12542514	1
7523909	9942178	1
240070	426180	1
5510636	531139	2
4811947	4811948	1
4468081	4468082	1
10969120	10969119	2
8004764	3996451	1
2138596	4554195	1
4544731	4544732	1
4075230	4075229	3
2633108	8221364	1
6118811	407002	1
2526771	2526772	5
11385693	11385694	1
12555417	4820820	1
3197643	3197644	2
1159719	1159717	1
8757140	12023566	2
7802682	4237752	4
1334272	1334271	1
9670250	12682732	1
10976456	10889228	1
6352966	6352965	1
7992635	7992636	1
11326066	3280689	2
2585185	2538663	1
9044840	11198612	1
6717965	6710610	1
8354536	8354535	1
8195965	4268776	1
329286	329283	2
3972333	10889374	1
1328164	7058151	1
1878797	1878798	3
4041758	4041757	1
4327347	4232731	1
1082082	10875396	1
10930501	10930515	1
4712335	4712336	1
8759991	12038249	3
12123325	10965527	1
10699824	11000501	1
6678645	6678646	1
9072133	5715998	1
8401906	8401901	1
11386880	11015772	1
10732419	10738397	1
8730563	5995624	1
2357539	2357540	1
5887103	5870742	1
6133859	6133860	1
3352667	2649353	1
7847093	1793581	2
270647	182058	1
12191514	12544466	2
11968047	6824694	1
2591260	1769165	1
9095065	9095068	2
12176561	9729277	1
8773559	5243622	1
2312614	2312613	1
11600394	11600391	1
5747219	5747222	1
10456615	10456616	1
3943458	6942500	1
10785850	10785853	1
2482075	3833930	1
8926598	249873	1
1979820	1979819	2
6317422	6317421	2
6606152	10987731	1
5384229	12558284	1
5758203	5758204	1
7877822	7877798	1
7178232	6744612	2
10172172	8574439	1
4119239	357257	1
7823042	7823069	1
6007518	6007517	1
6889845	7822166	1
7967050	10358892	1
10982477	4463370	1
11016494	7238141	1
11216108	4573933	1
4502100	4502099	1
9507874	4115552	1
1587154	1499678	1
10506177	11555477	2
8559352	8559351	2
4331465	3312510	1
475105	475106	2
7446317	7446318	1
12386461	12386462	2
12504331	12325060	1
9009115	7921473	1
4327347	4327348	2
6980774	10892311	1
9375764	9638284	1
2444551	2482638	1
7190777	8585582	1
5427739	5427740	1
10084675	10084676	1
10694868	10694865	1
2058487	4039483	1
6001435	6044545	1
5407981	5407982	1
8169624	8169621	1
2126222	2126221	2
11832989	6838065	1
4259467	6135351	1
4001825	4001826	1
8570685	8570686	3
2448809	2448799	1
10903232	12228564	1
6367735	6367738	1
12782524	12186042	1
11779356	1715289	1
11407350	11407349	1
9791566	9791565	1
4069272	4069271	2
2288007	4614601	1
2252089	2352206	3
5598929	10323261	1
8324626	4048190	1
7503570	7503569	1
11896198	11896197	2
7157181	10711541	2
5506758	5506757	1
5999468	5999467	6
4381896	8281319	1
10712511	10712512	2
1394477	714133	1
6923909	6923910	1
8317072	6716754	1
2871409	5074378	1
3323899	5022252	2
4475611	4475612	1
10471816	422461	1
1705047	3963172	1
10677322	7871812	1
7202334	11211663	1
4709928	4709927	2
12197986	2367342	1
8476392	6663200	1
2445384	2445383	1
4528459	12718983	1
5680759	9537922	2
4535701	4535702	2
9098755	9098758	1
7528119	7528120	1
1124762	6686192	1
4921614	4921635	2
5701412	5701411	2
4672940	4579370	3
4988062	8716787	2
6582242	804828	1
11021231	11021234	1
6524731	8663360	1
4954486	4954489	1
10514330	10529094	1
9752761	9752762	1
4839087	1740395	1
3831347	3831348	1
2679594	2679593	2
12509235	12228613	1
5384227	5384228	1
11829126	11829125	1
10328971	10328974	1
9580761	3005182	3
6297668	5794126	1
7961643	11018593	1
2410879	2410880	1
4285679	11896598	3
5646255	5646256	1
10997971	3141009	1
8482904	1170837	1
12735976	12735973	2
6154193	6154194	1
8821407	8821410	3
3244545	3244546	1
2342350	9475382	1
11509704	11509703	2
9900808	9900810	1
7908462	7908461	5
11456630	11446989	1
2312351	8104670	1
5633286	5633285	1
6164868	5656669	1
408571	10852310	2
4830990	7003966	1
3351861	3351862	1
2734477	2734478	1
10340775	10340776	1
11175728	942584	1
8262928	8356225	1
7041693	11821747	1
9311129	6173467	3
4752538	4439667	1
11860764	11860767	1
10723462	10723461	2
8165275	8165276	1
8808247	8808252	1
12760357	12760358	1
3385444	3385443	1
8884231	4118306	1
7498989	10578574	1
1061405	1131208	1
8187012	8187026	1
11970633	11970634	1
8724532	8724531	2
7329856	7367179	1
6705594	6705593	1
4242895	146144	1
939516	939515	3
10926246	10926253	1
882473	882474	2
4658564	4658563	3
4404925	4404926	1
4648046	7498686	1
12761493	12761494	1
10202608	10202607	2
4826915	4826916	1
3991990	3991989	2
7107534	6733394	1
6538118	3903744	1
11205736	6050496	1
4304502	4304501	1
7235150	5428883	1
11479598	10720114	1
864437	674931	2
3475862	3475861	2
5586574	4308487	2
7850813	7850814	2
1823718	1823721	1
4477707	4477708	2
3351895	3351900	1
5265811	12178661	1
12400183	12400184	2
2074364	2074374	1
12325016	12325015	1
9240115	9240118	1
7351052	4493756	4
12455634	8764985	1
10422987	10422988	1
1793580	1793579	2
8991147	5617559	1
11680955	5201687	1
11666075	11666076	1
7350691	7350692	2
10802079	10802080	5
46388	45496	1
6196529	7930946	1
4059309	8108006	1
6286655	6286656	1
7353759	7353757	1
8843451	8843452	2
9101047	9101050	2
5475371	5475368	1
5109343	7539533	1
10449875	10449876	2
3102006	3102005	2
9708840	9195507	1
7221261	7221243	2
1828968	1828967	1
2679592	6061395	2
2309846	2309837	1
4700232	9718314	2
9751126	9619857	3
7453000	80200	1
4164061	282033	1
10382725	10382726	2
3992993	3992994	1
4422463	4422464	1
4921614	4921613	2
6173916	6173915	2
3862735	7971125	1
8169024	10392078	1
6578765	6578766	1
377380	377379	1
7585744	2414781	1
6066023	6066024	1
1103266	6562039	2
8574207	8574208	1
11320139	6041257	1
11499191	11499220	1
9352669	9352670	2
11413957	6037038	1
10593775	11449504	1
971912	971911	1
4110251	2592238	1
7490307	8258412	1
238546	8021151	1
11978913	11978914	2
9802888	9802887	1
6196976	11523224	1
1562699	7965888	1
1748413	1741605	1
7447916	7447915	2
3958686	654223	3
5701414	5701413	2
6606589	6606592	1
8532309	7309362	2
7377681	4471174	1
10807165	10807168	1
12728908	12728915	2
10087171	4653512	2
12207824	12625296	3
5541374	5541371	1
7340500	10621005	1
3265296	3142692	1
395280	395279	1
11834118	8904440	1
3158588	5090584	2
7424921	4613514	1
5379367	6970838	3
8326196	8326195	2
3244160	3244157	1
12171424	12171423	2
11011953	11011954	3
6104250	2168071	1
9234213	9234220	1
8266616	6343857	2
5481412	5481369	1
8572501	3193233	1
3998471	5276537	1
10277146	10277145	1
10896575	2403438	2
6886251	6540172	1
8042919	8042920	1
9640676	5642799	1
2443807	2368481	1
10087253	6864371	1
5946025	3101002	2
11671483	3365433	2
4112912	5839233	1
4840245	2359455	2
11145785	11145786	1
5793699	3933957	1
7800791	67653	1
10610325	10610311	2
9537923	9537924	1
2187957	9766998	2
8838064	4108739	1
817706	817623	2
8759064	8759063	2
8845661	8845662	1
3687864	3913838	1
4061097	4061105	1
12400386	12400385	1
11914839	7828896	1
7820633	7820636	1
5002439	5002440	2
8293855	8293856	2
10874205	1081483	1
2031299	2378483	2
11939155	6965141	1
7421768	7421767	1
8220966	8220965	1
8938922	2032221	2
6331675	6331678	1
3966212	3575291	1
3016553	3016554	3
7791433	3270312	3
939363	939364	1
12029472	12661677	1
5535852	5535851	1
3141650	3141694	2
10346080	273024	1
1932657	1932658	1
9745427	9745493	3
6089710	3276708	1
11107253	11107248	2
4112872	11869353	1
11804279	1238343	2
8326192	10106723	3
11097561	3276279	1
5745327	5745328	1
1840031	1840032	1
6884757	8269758	1
9178501	5248271	2
9334944	9334943	1
12536630	8817883	1
101373	101380	1
2594381	2594382	1
722927	594125	1
3388508	3388507	1
10519809	11392949	1
5887105	5870742	1
9614266	9614263	2
2354760	329544	4
7764135	8702808	1
3992762	3992748	1
4132106	3336351	1
9996371	9996372	1
10986825	1540208	1
5706363	5706364	2
8019073	12661677	1
4700534	8095910	1
8157543	8157544	1
12186210	9713695	1
1794645	1794646	2
7544686	5192075	1
7744409	7744410	2
5292169	3249729	1
3952821	3119683	1
3938728	3899379	1
87931	8775248	1
7408809	7420351	1
232882	7888962	1
6015052	6015051	2
3101003	3101004	1
7323102	3943457	1
8445127	10691731	4
7291633	8335377	1
8837196	8837195	2
10317953	10317954	2
4358852	10368033	1
8838066	8838065	2
6172048	7728873	1
1765669	1765670	1
10924361	4598549	1
8563797	1318363	3
12466590	12466589	3
7817235	7817222	1
3142396	9091967	3
1964758	11827017	1
7818975	7924877	1
10466755	10466756	2
7992633	7992634	3
3388720	10613381	2
11601859	7809902	1
12241473	5258139	1
1774255	9567500	1
6356596	8448427	1
1381622	1150042	1
12372987	12372988	1
7402760	7252973	2
1488422	1488421	1
2774940	2774939	3
8765765	3913928	1
656553	11784461	1
2278416	2278415	1
5600295	8430721	1
5553003	5553006	1
2581444	2363679	1
2433937	2433938	1
5103820	3107665	1
11885620	11885619	2
6074886	1616123	2
4060864	4060861	1
2250757	2250760	2
4556276	4556275	1
10916755	10916758	4
11873610	9191250	1
6941356	5750494	2
3752797	3752801	1
5966593	7705905	1
5851490	6178307	1
3988230	7768257	2
6081831	6081832	2
8011245	6160627	1
11688463	11688464	1
5963636	5963635	1
850318	850315	1
4721442	4721441	1
1718411	1718412	2
11907637	11907638	2
3903626	11791714	1
4429346	7287916	1
10989623	1542291	1
11829088	1668002	1
4578677	4578680	1
2447447	2543378	1
9765761	9704603	1
925436	1122594	1
11015314	11015313	1
7599293	299452	1
4595286	336636	1
6351202	6351201	2
2307356	2307355	3
9749250	9749261	1
3309824	5581295	4
7827926	7827923	1
10539018	10539017	1
885686	10384601	1
5288094	8645100	1
1849491	6338826	1
1114418	1114417	2
4297003	11678851	1
11662257	11662237	1
5202006	8778005	1
4239177	9332721	1
2294529	2294530	1
9939681	10515785	2
9620790	12694360	5
1643104	1643103	2
11145307	11145308	1
1493096	1493095	1
3944670	3944669	1
4605260	5502274	1
7910310	1392769	1
12331935	12331940	1
3534736	12043381	1
8656649	2439559	1
11132737	789214	2
10281766	9759035	1
6990974	8541661	1
3468910	7452990	2
9316921	2460386	1
1427143	3705434	2
9724846	9724845	1
2297271	2208121	1
4110251	4110252	1
816086	3875661	1
5581395	10966543	1
8166476	454348	3
4619240	4619239	1
1301683	775712	1
6035614	6064960	1
8172661	10253686	1
1643102	1643101	2
8239379	5284038	2
12647319	5530607	1
8650186	11741888	1
4921612	4921635	3
4175412	4175440	1
9915334	7705903	1
9507965	3496040	1
11220262	11220261	1
8862625	8862626	1
1650763	1650766	2
11059764	11059749	6
2763358	6188678	1
10359583	2495328	1
8937524	8937523	1
8790284	8623879	1
6325082	4701540	1
7459766	2133928	1
6599157	1144447	1
1766491	2518191	1
10731665	5828801	1
3496462	3496461	1
1833753	1833754	2
1252309	992785	1
2600701	2600702	1
10347386	6038746	1
8862243	8862246	1
5279082	3709295	1
3438431	3438432	1
4422433	4452923	1
9776265	9336497	1
6861639	6861640	2
1392183	1392184	2
4261865	10397735	1
7691222	7691221	1
6972221	11882057	1
3994960	3994959	1
4270977	4270978	2
498078	497532	1
8163559	8163560	1
4347845	7509126	1
3286877	3286878	1
10785852	10785851	1
7148185	7148186	1
11091671	3277609	1
9449316	9449315	1
3962405	11033589	2
10470654	10470653	1
6934831	6934832	1
11414436	10493780	1
10921694	10921693	1
8749340	8749356	1
7112348	7112347	2
310585	2260649	2
3996905	3996906	1
11156189	11156190	2
4258251	4258252	2
3999274	205318	1
2465407	2465416	1
4952945	7673876	1
4040542	4040531	1
4047421	4047422	3
4839444	4839453	1
10541963	10541964	1
9059790	9059789	3
2309658	2309657	2
10916751	10916754	1
10845081	6152995	1
10197970	10197969	1
8878523	10882889	2
4738079	4738080	1
12561889	4826050	2
10421299	10701648	2
10792601	161340	1
3279585	3279586	2
8294748	8294747	2
10328108	10328107	2
8581872	8556142	1
395278	395274	1
9286057	1611279	1
10789884	10789883	1
3909503	5535512	2
1347379	1347382	1
6858063	6323941	1
12146206	4156766	1
5652767	9728132	1
4268703	4268704	1
4287406	1967080	1
12635357	12635358	3
851461	2368716	3
6051347	6051348	1
9934215	9936036	1
5984378	6998806	2
1769141	1769148	1
4709285	10404035	1
896676	3854397	2
4499090	4499089	1
6074412	6074411	2
6433622	6433621	4
5057349	3957087	1
4356341	7899409	1
2031732	1970460	1
10690944	6649957	1
10973623	10973695	1
620088	620081	1
11882316	11882313	2
1666660	7916155	2
12762465	12762468	1
3831349	9363076	1
8128835	8128836	1
7521922	7521921	1
6109203	1058093	3
3365256	2653221	1
4258746	6052647	1
1788743	1788744	1
11987229	11987230	1
4717093	12475865	1
4713796	312054	1
11059766	11059765	5
9662939	9662940	1
5558325	5558261	1
814439	608514	1
8560422	3832784	1
10969124	10969119	1
12016500	10312862	1
723022	723019	1
3391260	3391253	1
7009306	8024971	1
5325608	6116944	2
5199128	113937	1
6515459	6519595	1
10168988	10168987	1
11065891	11080147	2
10718225	10718226	3
10654268	10654267	2
11852628	4101526	1
11058548	11058545	1
8570406	7944561	1
2160147	2655913	1
5982146	5985451	1
3723128	3723127	1
10545356	10545355	1
1907388	1907385	2
3730664	6560318	1
2598754	6119483	1
7967276	7967271	1
1768809	7995846	2
5709477	7847034	1
7072036	7072035	1
7880044	8203999	1
11057713	11070378	1
8401842	8399781	1
7182958	4374840	1
9095065	9095088	1
651499	651502	1
7861094	7861093	2
849925	749996	1
10455279	10455280	1
5374294	4048993	1
10684274	10684264	1
4315459	4315456	1
2515165	2515166	2
10564583	1432640	1
9617556	12400385	2
3927357	7275300	1
10428965	1999668	1
923584	9297052	1
8587015	877236	1
11785592	11785591	3
4101619	4101620	1
3315587	3315589	1
6091423	6091426	1
2309848	2309847	1
7921999	6513904	1
9266657	9266658	1
7238117	7238118	1
4093347	3754008	1
5635353	5635354	1
291847	291848	4
2340824	2340823	2
10443673	2127776	1
4378067	4378068	1
505029	6066077	1
10595871	4192630	1
1823524	1823523	1
10900156	7726013	1
10500756	4238606	1
5705550	6752909	2
3217205	2743982	1
4329719	2484586	1
2219462	2358849	1
11862685	9080876	1
10896682	10896681	2
4311898	4311897	2
2754264	2715216	1
5431151	5431152	1
4693035	4693036	2
588361	4689230	1
7433088	7433087	1
9748968	9591817	1
9572725	9669251	1
6581083	6581084	2
3965623	3965624	1
9673836	9732289	2
10413953	2219316	1
1459446	2552862	2
5713989	5666763	1
11879863	10282509	1
5022259	5022260	1
12626260	6171809	1
4613515	4613516	2
6130911	6153156	1
7764133	7764134	1
7107437	5803266	1
2029925	2029926	1
905111	905112	1
4988474	6841330	2
3819960	10380375	1
12504610	12592185	1
7114863	7114864	1
10201827	10453438	2
3570927	4089097	1
4328994	4328992	1
11045494	5380711	1
3971793	5795314	1
5925643	5925644	3
9362594	9362593	1
10523761	10523762	1
7808992	5770803	1
3723126	3723125	2
6109232	9122615	1
5229849	5229850	1
6893985	7096398	1
12338859	3362324	1
10732477	6945829	1
10827892	3521954	1
3427181	3427182	1
9932558	9932555	2
8326947	3273522	1
2664360	2750677	5
4679607	5747703	1
8261734	669578	1
1015646	1000096	1
4747418	3965990	2
11829128	11829125	2
6103450	3790006	1
9613014	9612592	1
6013409	6013410	1
11707237	4266964	1
5214350	7074562	2
827965	827966	2
7854197	1791454	1
709274	3871810	1
4479617	4479622	2
8171718	8171715	1
778949	795817	1
5256236	5256235	1
7287262	4791446	1
4528035	4527975	1
1831070	7400033	1
9948114	3025772	3
5717455	5717456	1
9465081	12723706	1
2003924	8158204	1
9967287	9967290	2
8547153	8547149	1
2528896	2528895	2
11812706	11812705	2
2526773	4676469	3
980817	6032230	1
6096783	4189530	1
1486944	1486943	1
11438242	12748767	1
698550	628060	1
6329225	10251162	1
7974772	929145	1
6043395	6043426	1
823958	6577531	1
10610885	11150350	1
7188803	4235213	2
6101633	10632559	1
4837502	11596008	1
3213000	3352866	1
1127872	1130495	1
4768620	4768625	1
5431149	5431150	2
4487655	4487658	1
4936692	2850286	2
10748091	10748092	1
11637778	11637720	1
2600694	2600691	1
7863269	7863270	1
2269661	2269662	1
3486056	8109117	1
763125	10403812	2
10542793	10542794	1
11913396	10477846	1
9026999	9026959	1
6092508	6092507	1
4600609	8405589	1
7506563	6437965	1
7669232	7669231	2
9179078	9179077	1
3734867	1240140	2
6813362	6813361	2
12369067	12369165	1
5056741	12001130	1
9260571	1880822	1
3210861	3210862	1
6077718	1776653	1
884551	884552	1
7460915	6844155	1
10631940	10631971	2
2237233	2237234	3
8239377	8239378	2
11864592	11864553	1
4078343	601994	1
12205815	11049340	1
10543630	10543629	1
6166656	3940893	1
6551955	10803572	1
12618023	3724785	1
9767855	432327	1
3351863	2572611	1
6544659	6544660	1
12308792	12308791	1
11223149	12424913	1
3199346	3361135	1
4798623	4798624	1
11503535	11503528	1
7226096	1798278	1
4337473	4337474	1
12238010	6164635	1
11909573	11909576	1
10504774	10504773	1
4215261	4215255	1
4095295	4095296	1
4113102	4099709	1
10682687	10682690	1
2685503	3032751	1
5194825	5194807	2
2376620	2376617	1
7824842	7824841	1
2529081	2570471	2
4201757	4201760	2
11126980	11126979	1
8228909	8228910	1
8169626	8169625	2
2596838	2596837	1
4242216	10487947	1
3716064	3716063	3
7455216	3995153	1
10173619	5776916	1
477829	477830	1
7130548	7134296	1
1782139	1782140	5
5576946	6392635	1
10397251	11038120	1
7993139	7993129	1
8068697	3647521	1
2444661	2215287	1
108959	112065	1
4399109	5994065	2
5706279	8006481	1
3831965	3831967	1
7957031	6178564	2
12246454	12246451	2
6963147	8568488	3
6133857	6133858	1
1533026	2493544	1
6687821	6687822	1
5354038	11903674	1
1544503	6553319	1
4047421	6116648	1
10687965	11815281	1
10692357	1162742	3
9495050	9495058	1
11685268	11685267	3
1698645	1356937	1
52590	52589	1
2032751	9394985	1
9260820	9260819	1
10308628	8193382	1
7787615	6516982	1
10914422	6589916	1
3440326	4374588	1
3949984	3949974	1
10839942	4431324	1
11174061	11174062	1
6901917	11869956	1
5312383	7850675	2
10317771	10317772	1
3276273	3276276	1
11510399	11510375	1
5248491	7594317	1
11922122	11922119	1
12813760	12562055	1
10438048	10735322	1
5275970	5275969	1
2750676	2750674	1
958789	958790	1
2481712	2481711	2
11397357	7218895	1
3794383	3868467	1
7217087	8036288	2
11766851	10609914	3
7000934	7000933	2
10796163	10796164	1
880021	880022	1
3268701	3268749	1
4479623	4479624	1
7910420	7910419	1
2211072	4490275	2
8421903	4264464	1
7534146	2841988	2
10696335	10638266	1
3079651	6300049	1
3548780	3548779	1
4843884	4808275	1
6629913	6629914	1
1195928	3691896	1
7375161	12724014	2
3521955	3521956	1
1757956	1757955	2
6325084	4701540	1
6391448	6391447	2
10764091	7735506	1
7547394	7547393	2
911529	911532	1
6149034	6561187	1
7720176	12136643	1
8650188	8650187	2
10378816	10378815	1
10594215	3318844	1
5833591	8197824	1
4581476	4581475	1
4157989	4157990	1
1524775	11822388	1
5065763	5065782	1
5635351	5635352	1
7434535	3912957	1
10542195	10542185	1
8266835	8096389	1
8423752	8423751	2
7719573	7719574	2
4341598	4341597	2
9343106	9343105	2
559208	510938	1
1767020	1595990	1
3701369	3701370	1
1958219	3035596	1
1836088	10187449	1
1995865	1995866	3
3923417	3980343	1
2274532	1285961	1
4404927	4220778	1
4708122	4660216	1
4073906	4073905	1
6823888	6971679	1
8860997	5359861	1
11907639	2341804	1
4653513	4653516	1
7328761	1406639	1
7162957	10383297	3
8916742	8986791	1
431009	431010	1
12777554	5504342	1
3913186	3913796	1
12808095	12808082	2
2126635	3714167	1
10464243	2535402	1
8073707	408202	1
2331878	2331877	2
6012015	6012016	1
2034748	5541368	1
7292136	7292135	1
2670945	2670920	1
12316202	12316199	1
10978096	10978093	1
12747526	12747525	3
7861098	7861097	1
7713669	8111533	1
11927398	11927397	1
4537172	4537156	1
2657408	8714149	1
3260723	3260724	1
3303675	2845940	1
9352659	9352666	1
4510697	4510698	1
954772	954771	1
10566623	8158065	1
7074954	7074953	2
4123228	7241283	1
7928217	7928218	2
6138636	6138635	1
3536240	3536239	2
3880825	3880826	2
8187884	8187883	1
2364039	2364040	1
11827011	11827012	1
5770629	5788484	1
8574438	8574437	1
6194059	6194060	4
7192120	7192119	1
544600	799680	1
8883498	2376478	1
12365443	9294652	1
7719292	7719291	1
5984167	5511437	2
5709984	5709983	1
3283969	3283970	1
10591722	10591721	1
4598881	7340469	1
7022423	7022424	1
2335719	2233598	1
11979744	5048933	2
3854844	4547089	1
7528117	7528118	2
3438447	3438448	3
6200124	6200096	1
8038804	8038803	1
7806313	7699445	1
3831961	3812819	2
11507840	11420742	1
12343466	12343465	1
2178641	12493015	1
10694736	10694735	2
459394	5834457	1
3119655	3044124	1
8197575	8197576	1
6416149	6416150	2
5996093	5996163	1
2771935	2771936	1
11564264	11564263	1
3365632	3365631	2
5500878	5500877	1
9477010	9587060	1
5593391	11769812	1
12027692	12027691	1
7713667	7713668	1
11714273	11714274	1
6083284	6412328	1
5632412	3281574	1
6535271	6535272	1
4557771	12644089	1
5748131	5692207	1
8735342	8735345	1
8559350	5069471	2
11210811	6106717	1
6343856	6343855	2
3888230	1358062	1
4808780	4785309	1
5919633	4504335	1
2410881	2410882	1
2065615	2065616	1
1638416	1638571	1
3808188	10648468	1
4327349	4232731	2
7775134	7775136	1
6713967	1568264	1
10903315	5704779	2
6329051	10486367	1
1241830	11883343	1
6633868	4578237	2
11514852	11514855	1
4689129	4689130	1
669926	1185869	1
1803906	1803960	1
10346408	10346403	1
3290070	3290069	1
2364049	2331879	2
7744411	8880277	1
8195049	9564771	1
5271788	5271787	1
9614262	2006044	1
6314105	6534243	1
4057311	5974867	1
11718272	5325786	2
6083502	9956285	1
9240119	9240120	2
4556029	2594015	1
4658192	4495049	1
11106876	6163259	1
11138513	11138516	2
10930294	4108647	1
6105618	6105617	1
1652354	1652357	1
11170658	11170657	1
3941034	3941016	3
6854751	142669	2
2423860	10897689	1
10720332	9530377	1
4557382	4557379	1
4511546	4179075	1
11791547	7017675	4
8581551	8559071	1
4093635	3746721	1
4433308	7303993	1
11927400	11927399	2
8547142	7282426	1
12182669	4582939	1
1675098	11794978	1
7468696	6601725	2
11142006	5839462	1
4244111	4244114	1
10938116	10938109	1
6256655	6256656	1
11724289	11724292	1
10959655	10959656	2
4114703	4114704	1
6107286	11215832	1
697758	697757	1
12037943	12037946	3
7795214	11676533	1
5823418	5823415	2
9580759	9580760	3
10933434	3364243	1
6093348	8190054	1
4537953	11496560	1
11830106	9361042	2
6105620	6105619	1
1565437	1565438	1
1112813	4196327	1
7790703	7790704	1
10309386	2118390	3
8962234	5669261	1
2586763	2582283	1
1634834	1634836	1
7051661	10360417	1
5241697	5241698	1
1314086	1314085	1
8919643	11828420	1
3543179	3543180	1
3992226	8849859	1
3367360	3367359	2
3996073	3996074	2
3655580	3655579	1
8281213	4271024	1
4337471	4337472	1
4656796	4800290	1
3770026	3770005	2
2506005	643324	2
11478047	11478051	2
12355760	6890436	1
11858447	4722720	3
11663965	11663966	1
11512920	11512919	1
6052685	3065182	1
11696650	11696649	1
2200629	1799288	1
2129739	2129740	1
2252823	6059064	1
6173914	6173913	4
6835561	3289134	1
12355758	6890436	1
12426501	12509687	1
5997125	5496411	2
6954065	6954066	1
10750489	10750485	1
7734256	6262356	1
3131872	7831662	1
4154511	9281016	1
6105328	6105327	1
3861488	3806441	1
2474046	4501101	3
9273574	9234302	3
4842154	4498189	1
4647196	6001648	1
12726154	12380328	1
2169726	9306599	1
3644837	3644838	1
3646742	3646739	1
8314118	8314117	3
552841	552838	2
10782241	10782242	1
7669236	7669235	1
700394	9472041	1
4782197	4782198	2
7728829	7388656	1
7102408	7102407	1
809345	815985	1
7719578	7719577	1
5670523	6515554	1
7173550	7042710	1
431011	431012	1
6166658	6166657	1
11712258	7574420	1
12686925	12686926	1
12158936	12158933	1
10772700	4837006	1
2420359	2420360	1
6899179	6899159	1
3962407	11033589	2
3280640	11013716	1
35206	492647	1
8939384	8939383	1
291845	291846	5
4149347	4149348	1
3388455	3388456	1
4149345	4149346	1
3874171	2350353	2
4784404	4734554	1
356852	8217395	1
7821798	11887165	1
8880123	8880124	1
10315396	10315395	1
7713702	7713639	1
1075733	1075734	1
7820548	7820547	1
9299348	9299345	1
3967989	3922723	1
10172949	10172950	1
4533280	4533279	2
1353804	1726661	1
8384966	10404763	2
7715211	7715212	1
5068394	6820064	1
7281005	1038986	2
5656670	5656669	1
3371894	1780047	2
1741604	1741603	1
5989239	5989242	1
6092208	1465979	2
12182877	8738484	2
9253975	9518870	1
3634140	3634139	1
6135348	6135347	1
6517353	10333472	1
9095069	9095088	1
8004042	8004045	1
475103	475106	1
5376737	1301404	1
10184135	7742264	2
1650767	1650768	2
8342431	7301449	2
11470480	11470479	1
8403211	8403212	1
10613895	3900996	1
6951695	6951696	1
3475531	3475532	1
1097035	9298703	1
10607095	4662678	2
9730354	3871154	1
612148	5925249	1
5048767	5048768	1
9771348	9624938	1
7416449	7416490	1
11089166	11013264	2
3306100	3306099	2
9351933	7877383	1
3359899	3251409	1
1633715	6192035	1
4215261	4215257	1
10635656	10666937	1
7130447	7130432	1
6430746	6430745	1
8381411	7874101	1
6317420	6317419	1
4855668	12309304	1
949851	954771	1
340064	340067	1
4710526	10342862	1
11826491	1653539	1
6397502	6397499	2
10836220	10836219	2
10591717	10591718	1
2094283	2011947	1
9586523	909558	1
11666077	11666151	1
10507069	10507070	1
4382731	4384381	1
7788394	7788393	1
1490016	1490019	1
12123591	12123592	1
3790007	3790008	1
3913126	3913123	1
8392624	3963612	1
1490018	1490017	1
7010890	7061653	1
5058310	5058309	2
12780226	4736651	1
9078217	9077753	1
3962405	3962406	2
7446269	4254603	1
6135425	7669237	3
9600417	10280883	1
11446988	11446987	1
3973383	4992476	2
2750676	2750672	2
11773087	11773088	1
4717093	12475867	2
9996373	9996383	1
10440771	10440772	1
5705550	6752913	1
2581444	2363683	1
841741	841742	1
3278299	11919487	1
7072038	7072037	2
11979569	11979570	1
1582677	6051346	1
11547166	8419405	4
2109747	4556608	1
12236806	12652734	1
3117890	1997514	1
9342738	4543234	1
10686867	7160857	1
2376732	2376731	3
12180428	8861663	3
9543468	10877933	1
11264123	11264126	1
2515167	2515170	1
9639327	9639328	1
12023568	12023567	1
1068320	6891656	1
4091124	1416981	1
10768171	10768172	1
8354434	3590122	1
3230268	8022336	1
8580475	6033568	1
9572186	9572277	1
663957	3565144	2
9934229	9934232	1
4688892	9472040	1
3102002	3102077	2
5988879	5988880	2
9268174	8947677	1
3312511	3312512	1
6111872	6111871	2
9395784	9395783	1
8486614	9741655	2
7455736	7455735	1
8948175	8892467	1
4574271	4574272	2
1576500	1757554	1
3831040	3831037	1
2515937	11577034	1
4930516	2229316	1
8893231	4438263	2
4084560	10868032	2
2095530	2095529	2
1338041	1338042	1
1626835	8985407	2
7382142	12728796	2
11853871	11853872	1
6930893	6930894	1
2492147	5849668	1
4117025	4085961	1
11068526	10785620	1
10386267	10386249	1
5047910	2441034	1
10911617	10911618	1
8151645	8151646	2
5258756	5258759	1
5845252	6257763	2
6606615	6606618	2
6539223	6539224	1
4253977	10505945	1
3874594	2243095	1
6095719	6101525	1
785620	776283	1
7741812	8440933	1
9050799	8160476	1
808332	4028538	1
1328788	1328787	2
5692524	5692523	2
5542508	5542507	1
10290235	10290236	1
1459315	1459318	1
12273191	12273192	1
3812667	3812668	1
8215027	8215028	1
6193392	6193391	1
11885416	11885415	1
2750675	2750676	3
7389994	7389993	1
6267345	1942437	1
7410096	7410095	1
10814637	10814640	1
1265747	1260691	1
880019	880022	1
12761960	4677032	2
10376204	10376245	1
10796672	10796671	1
4877683	4877595	1
11126978	12372111	1
10615149	10615150	2
7642797	2019576	1
4477705	4477706	2
11832322	11832319	1
1766896	1766895	3
8531679	10995472	1
1316317	1316318	2
5104448	5104447	3
5313735	10874979	2
6941389	6941390	1
6000912	11395525	3
2558449	10745724	1
3244501	3067683	1
4612456	4612453	1
6191480	7326970	1
5672741	7187965	1
10814927	3261123	1
10823125	8060207	1
1256159	1294402	1
6194061	6105327	2
12241467	12241468	1
2415674	2415682	1
11147067	11147068	1
4166616	4166615	1
10111868	4643089	2
2230967	2233086	1
4299305	4299306	1
1979824	1979823	1
34869	34870	2
3443271	8865375	1
6585481	6585482	2
10504776	10504775	1
12754318	12754317	2
6001390	3136537	1
1341973	1341974	1
2156681	2156682	1
10346102	10346101	1
2463920	2376733	1
6397504	6397503	4
6126717	6126718	1
3951221	3951222	3
6135346	6135345	1
8165273	8165274	2
5294502	5294501	1
6367735	6367736	2
2054199	2054200	1
7570721	3934347	1
7847790	9967972	1
9428295	9427660	1
8017951	3825512	1
7833057	6954155	1
4165626	4165625	2
1391187	1391188	1
5075980	6834598	1
10345683	10345684	1
315270	11739614	1
8106557	8106558	1
12176830	12312643	2
8431002	8431001	1
7614004	7613981	1
2752432	3036611	1
12740459	7378632	1
4844271	3315370	1
10101724	5983335	1
7162834	7162833	1
11492472	11492469	2
5496731	5448554	1
2858931	12372997	1
9109511	9553186	3
10663220	9501553	2
2278126	4266719	1
1131390	1131393	1
8445733	8445734	2
5359860	5359857	1
3158387	2691839	1
12037947	12037948	3
6312208	6312244	1
10428963	1999668	1
1846912	10503744	1
4273405	4273406	2
2341795	11907630	3
1015648	1000096	1
9266653	9266658	1
12561667	12473551	2
9437955	9437956	1
2593976	4556028	1
11205989	11205990	1
11405302	11405299	1
2612231	2612234	2
6162708	10101725	2
11124034	11124033	2
296346	8628749	1
8394868	2482007	1
10782243	8434125	1
4266676	4266675	3
6130421	6130422	2
7228425	7228426	1
8757475	8045271	1
10811614	4111857	1
8087748	8087747	2
7696221	2324790	1
8058993	8058994	1
9310401	9310402	1
5691879	5691880	1
10859423	10859424	1
3217241	3002660	1
5747705	5747703	1
11608943	8413341	1
3625004	3988816	3
6847735	4150531	1
4608649	4608650	1
2491027	2491028	1
3051096	11469778	2
4198356	10700270	2
5601424	5601471	2
10787871	11669535	1
11978287	11978288	1
6951693	6951694	1
420501	420579	1
2334942	2334941	2
7402030	6428168	1
8888587	8888588	1
5774265	7782937	1
9750415	9750416	1
10289220	10289213	1
11492850	11858317	1
2530124	2530139	1
5999470	5999469	6
134970	134969	2
2613208	7227581	1
12651549	3914260	4
7347594	7347593	6
10992043	6171088	1
1627577	1627578	1
10933436	10933435	2
4709055	5778928	1
9713424	9713423	2
10637436	10752050	1
6391452	6391449	1
5095674	5095673	1
11033197	10269039	1
667653	667638	1
785782	785781	2
812664	812661	1
9240115	9240116	1
10163245	10163246	1
4540347	4540348	1
3053786	3053785	2
9553028	9553027	1
3102004	3102003	2
3540921	3540922	1
12735974	12735973	10
6131699	6984600	2
7514513	11421500	1
8838468	8838467	2
498240	498239	1
4043602	4043601	1
9669459	9669463	1
8880126	8880125	1
6433620	10789370	3
243150	243149	1
661034	8079026	2
3078664	3078667	1
3852052	11052157	1
992628	992627	1
9508583	9508587	1
1405460	1405459	1
1932661	392643	1
11499221	11499222	1
1620521	1590898	1
6865463	6865485	1
3951219	3951220	4
986836	986835	1
7854584	2720001	2
9299352	9299351	4
8390235	10602260	1
1066015	1066016	1
11673959	11673960	1
12330921	12330922	3
5889259	5889260	1
6717963	6717964	1
3961658	3961657	1
7041121	7041122	3
4343566	5666005	1
9150886	9150885	2
3413107	9162705	2
8154013	8020035	1
6557676	6557675	3
8570244	3145580	1
7179057	7179058	1
9012922	5808414	1
3668795	3668796	1
7370020	7370019	2
10447636	6187496	1
8735344	8735343	1
7342230	7291578	2
2128437	221161	1
3339423	3339424	1
2171743	2272343	1
2528894	2528893	2
8183338	8183337	2
5647590	3647982	1
8629005	151156	1
1397460	3691173	2
11764268	6103954	1
11162596	12416946	1
1869037	1869038	2
6511070	3649094	1
116916	116915	1
8865911	8865912	1
6604824	6604821	1
6315152	2385320	1
6839279	6839280	1
10691026	10691025	1
2134977	4821081	1
11065535	11217372	2
7850817	11834957	2
2611326	298927	1
11176999	11177000	3
6070864	6066350	1
6085817	6154921	1
10476513	10476535	1
12808223	12808226	4
511776	758843	1
8073513	3925780	1
7203100	1103862	2
3045989	3042909	1
1068322	1068321	1
7591672	7591671	2
915942	915877	3
5274806	6703084	1
12802345	12802348	2
10328973	10328974	1
3827195	10694735	1
9162704	9162703	1
3871623	3871627	1
4379741	4379742	1
7699089	3487810	1
5526572	5526571	2
7253499	7253500	1
3621314	3621313	2
7296010	6330681	1
2516023	2516024	1
2745158	8226688	1
12808083	12808084	1
11011009	11011010	1
5882487	5882490	2
8192512	8181682	1
6605758	3216333	3
3082857	7809226	1
9293275	7207717	2
6163369	6163370	2
11450151	11095966	1
8379999	7980722	1
11821748	11821747	3
3237345	12768579	1
6125934	10562648	1
10750595	10750596	1
3880325	3880326	1
2648012	12319234	1
10610310	5830860	2
6930895	6930900	1
9653269	9653270	1
3541116	7843575	1
2124506	2124505	2
9296864	9296863	2
9601391	9601392	1
1007916	999779	1
7455734	7455731	1
7205466	7062605	1
8842234	4554292	1
8560569	11465871	1
174513	7199005	1
3552159	10266806	1
10973905	10973906	1
3586623	183176	1
3779229	3779230	1
10892065	10892066	1
1561708	997768	1
10878693	10878694	1
11405302	11405301	2
9638708	9638707	2
7735108	5165392	1
9675835	743507	1
10890919	10890920	1
4341596	4341595	2
2291112	6727325	1
11089228	11089227	1
3655578	2211334	1
5512754	5512747	1
3386331	3386332	1
663955	663956	2
9098759	9098760	1
1240561	1240562	1
3515384	3515383	4
7507862	7507861	1
7528123	7528098	1
10387641	5600642	1
7872414	7872413	1
4702977	7201780	1
3913924	3913929	1
2216037	2216041	1
6171572	6171571	1
12769463	12769468	1
11859197	1198900	1
4451048	9537185	1
823485	10940282	1
1576176	1576170	1
9638712	9638709	2
4561664	2367617	1
296346	8628751	2
10580258	5996759	1
5776917	5776920	1
8697662	371734	1
3329771	3329772	2
10831254	1916795	1
7041693	11821749	4
2331957	2331958	1
4837489	4738235	1
12162084	9802937	1
1662075	1662076	1
2385294	2385293	2
9507965	9507968	2
6851448	6003168	1
3862636	5425487	1
4613519	4613520	2
12734114	9624468	1
1462377	1462378	1
2517263	10411258	1
969794	969793	3
5194823	5194824	5
11784368	11784367	1
10539020	10539019	1
6091421	6091422	2
6193389	6193390	1
6600005	9941377	1
4408046	5486604	1
5677305	210181	1
3732214	4073723	2
7446450	346479	1
2596860	2596837	1
8101492	3947075	1
9702567	8519358	1
2463922	2376733	2
7696255	7696258	1
8663775	12135243	1
6043645	3031324	1
11137448	8533523	1
6717963	6710610	1
10395665	4325654	1
6897234	3511812	1
7302082	4833376	1
9291553	9291556	1
1960834	2065616	1
2179715	1880545	1
448819	8248038	1
11765911	10328109	2
6503341	6503342	1
8547151	8547152	1
6687150	11213859	1
9468127	9468128	3
7681148	3871817	1
10371006	7017130	1
2340885	2496344	1
4564982	4568735	1
8762081	8762075	1
6400846	2372902	2
5713975	5714015	1
5006678	5534644	1
6935037	6935038	1
4570530	10709637	1
9489996	10872001	1
12387461	3300912	1
6011275	6011276	2
5963126	5963135	1
6495120	2114295	1
7697993	3941016	1
837063	9634106	1
6351200	6351199	1
11926636	11926635	4
11882318	11882317	2
3791495	3817140	3
10202614	10202611	1
11188040	11180954	1
6498946	6498941	1
9521353	9521354	3
8396151	7097675	1
7093262	6520968	1
4551153	4551663	1
7855460	11888726	1
1151491	1151492	1
5936974	8090407	1
2205482	3478027	1
11829603	11829617	1
7916154	7916153	2
1206752	9363482	1
11781237	11781238	1
11057876	6035908	1
9538217	9538218	1
10591244	10588458	1
658199	2592681	1
3081981	12396204	1
3918394	3918391	1
6156412	6156411	1
5182153	5182154	1
4001823	4001826	1
6052744	6186859	2
6136869	6314717	1
9931232	9931231	1
10382723	10382724	2
10209854	10209853	2
5288535	5288536	1
880019	880020	2
9607464	9591803	1
6121104	6121107	1
9638712	9638707	1
10920548	6172049	1
11891307	11891308	1
3158590	3158589	4
8042941	8042942	2
10347147	10447278	1
12265073	9452645	1
3554487	7946503	1
3554964	3083981	1
9098367	243870	2
7735473	8216262	1
4218032	2771576	1
10695128	10695149	3
6258989	6264093	1
8326194	8326193	3
3125895	3125928	1
2340487	2340488	3
6536156	319682	1
11859790	6329224	1
8542874	8542873	1
2998813	2998814	1
4836420	11505033	1
3351893	3351894	2
3218760	3218759	1
1831050	1831049	1
9565788	9384683	3
1321592	1321591	1
4118480	5828124	2
1949185	1949186	2
3454533	8945006	1
9465081	12723708	1
3060983	3060984	2
12475866	12475865	1
9243015	9243022	1
5924903	7144540	1
12796380	12741246	1
3186915	11929441	1
9595292	7214764	1
10464945	10464948	1
6370510	6370509	2
9384768	9384771	1
9299350	9299349	4
4554833	4554834	1
12739878	3407830	1
11148248	11148247	1
6153066	6310974	1
4110361	4110362	1
3950617	9791375	1
1402790	1402789	1
3666290	3520455	1
11687033	11687034	1
7591670	7591669	2
6853506	8593206	1
10497765	10497766	2
4627864	6003965	1
1720338	1084768	1
10760777	10760778	2
7852636	7852635	2
10802081	2309746	3
8637363	8637364	1
11171636	9574176	2
2718653	2718654	2
791373	697761	3
1316315	1316316	2
5979295	5979298	1
6535797	6740840	1
12722575	4435233	1
306599	3462839	2
12733711	10746595	1
769043	769044	1
8289831	8289832	2
6188674	11860593	1
12338896	12338895	1
2548350	2548349	1
11493967	11493970	1
6317788	8449121	1
2441528	1971088	1
9292945	9292946	1
12197988	12197987	3
6813178	10703221	1
8577285	10582584	1
9493159	9493160	1
3943458	3943457	3
3721343	7641661	1
2773355	2773358	2
4299640	4299575	1
996522	996521	3
9140055	9140053	1
7742833	7806094	1
2027049	7858342	1
1790290	10425091	6
8637365	8637366	1
3516873	3516875	1
9509124	9509121	1
4988478	4988477	1
8628750	8628749	1
8795438	5267924	1
4287953	4273404	2
11079054	10733030	1
5999088	10698389	1
11654523	11654524	1
9177279	5828399	1
12316138	12316137	2
3004035	3004036	1
1754633	1754634	1
4522524	4522523	1
3927450	3702036	1
1912273	1912804	1
7788390	7788395	1
2587120	2479165	2
248005	1295362	1
10440329	4107321	1
790770	790769	1
3796660	3796659	1
4753722	7126618	3
10253798	10253797	3
12724858	10247524	1
11653105	8587032	1
710620	9519661	1
6211425	6211426	1
6080723	6080724	2
11217373	11217374	1
4259737	4259738	1
215536	2329381	2
2385290	2552321	3
658197	658198	2
10202633	7957815	1
5950368	5950365	1
3962509	3962510	1
2426055	2426056	1
7112346	9091050	1
5673316	292433	1
9664898	9492172	1
8010728	3634141	1
5059386	5268433	1
8950006	9182804	2
6833247	7707272	1
8306205	8347053	1
5935820	5935817	1
3306615	6043830	2
1087778	11812621	1
1902930	2150944	1
6127881	11863460	1
11521702	4505387	1
10919373	10919374	1
3834881	807541	3
5645139	8262712	1
12372989	12372990	1
498078	497530	2
6132720	11121728	1
4041756	4041755	1
11616657	10540958	1
402993	402994	1
5877376	5877375	1
917739	9292482	1
11827422	11827421	4
4142183	7061652	1
552906	552905	1
4578677	4578678	3
9898492	5101726	1
3154347	3154348	1
12547839	9472182	1
6983820	6983819	1
546603	546606	2
9795407	6676807	1
11496029	7213290	1
4140851	5222463	1
2408883	2408884	1
6751800	2190922	1
5985479	5985445	1
3430173	6411240	1
312229	312239	1
3699539	462260	1
8008166	3363374	1
4201280	4201277	1
7000008	4712834	2
3246319	6997373	1
4651015	5974992	1
3244158	3244155	2
769041	769042	1
11006209	11006210	1
7872412	6805457	1
827967	827968	3
8370164	8370163	1
1832934	1832933	1
9930285	4721443	1
9454336	9454335	1
6827608	3140901	1
4059527	4059528	1
7317076	7278108	1
1133445	8487018	1
1741594	1314355	1
5111664	3086215	4
2327635	2327636	1
7373818	7373815	1
11876653	11876660	1
11091879	12366611	1
4515469	4432794	1
9090837	9090838	1
7931943	12430124	1
6801071	6801072	6
7849685	7849686	1
6619943	7336802	1
185680	8431241	2
3122620	3122619	1
10204340	10204339	2
5058308	5058307	2
11746863	11746864	3
9755771	4721867	1
5697794	3566049	2
5537102	3942551	1
1402788	4791477	1
10918845	10918846	1
7421766	7421765	1
1632257	6052367	1
12348800	3032807	1
666904	7515241	1
11433442	11433441	1
11136931	11176317	1
2054201	2054204	1
2492391	10394008	1
11036531	3253612	1
4535699	4535700	1
5468118	3445364	1
1880736	4212100	3
12171427	12171425	2
1431071	10983587	1
2235529	2235530	1
6757036	9438087	1
1905138	1905142	1
10673179	10763150	1
6111868	6111888	3
2315469	2315470	1
3684249	5973445	1
11614653	11614654	1
6552083	6552086	2
3074945	3074946	1
6967768	7140669	2
3035825	6149885	1
9294140	9294284	1
7134676	7134678	1
7238424	4539071	1
6948394	6948397	1
5020131	5020078	1
9492194	9492193	3
3609002	3609001	1
7856395	7856396	1
405434	883783	2
5926267	5926268	1
11896196	11896195	1
4058497	4058498	3
6955288	11349333	1
6257762	6257761	1
8845639	8845640	1
8024419	8024542	1
10766555	10766545	1
5275974	5275971	1
11156189	11156194	1
10375834	10375833	1
8002734	8002733	1
11939153	6965141	1
11738870	11738869	3
7490301	7490304	1
5017697	11193167	1
4375266	8267110	2
8559336	11609734	1
7382142	12728798	1
12770600	4674023	1
4709930	4709929	2
10921659	7945490	1
6476174	6476106	1
8999835	3753085	1
11997547	11700923	1
12460459	4426539	1
3285133	3285136	1
4056856	4056855	1
8862840	7591916	1
10986483	5696324	1
3827197	10694737	1
1965513	3015706	1
11578804	9486829	2
11355396	879718	1
7297315	2371133	1
6106918	6194419	1
8973176	8973175	1
5010825	5010826	1
6555596	6581280	1
8878763	5915288	1
5097540	5748116	1
9584170	9742930	1
1546450	6544658	1
10814639	10814640	1
7842253	7842254	1
8289829	8289830	1
7074952	7074951	4
8448847	2423070	1
8300934	8300937	1
4047423	6116648	2
3142396	9091965	1
10870997	10861983	1
6397504	6397499	1
22530	22527	1
7200949	11584776	1
4958739	7100524	1
5366852	5366851	1
9350699	1988836	1
5252541	5268893	1
6433622	10789370	1
9280982	169748	2
5735129	5735095	1
1297972	1297971	2
2175132	12474743	1
10735775	3201054	1
11091554	11091536	1
8556229	10695177	1
1772154	3358812	1
2279600	2279599	1
6799819	6671880	3
1300758	1300757	1
4657884	4657879	1
9272442	9272439	1
11868291	11870951	1
9229211	5041578	1
8829080	3107607	1
4308681	4568790	1
1953584	11978912	3
4073724	4073723	1
6905709	6905702	1
3895961	2170994	1
4613521	4613522	1
6167334	9647588	1
5904037	5904038	1
6598773	11214122	2
4679607	5747704	1
504165	6886250	1
11772060	9086187	3
3224135	2655677	1
8495503	310128	1
12183112	12183109	2
11211660	11211634	1
5477365	7143239	1
6474582	973639	1
11979238	148914	2
10933436	3364243	1
10863011	7803375	2
2054205	2054206	1
2426937	2426931	1
9091966	9091965	1
12226592	12248318	1
8556870	8473871	1
8562077	8492009	1
5807359	4383384	1
3244511	9516480	1
4111863	7236766	1
8118535	10351643	3
4786963	4786934	1
10209852	10209876	2
5071637	5071638	3
3218760	3218757	1
4075598	11781236	1
7395872	7362130	1
11149010	10548301	2
4358893	2368283	4
481797	9728102	1
7292134	7292133	1
3259467	9571791	1
5646259	3582240	1
9484735	11099752	1
7373802	2489778	1
475246	554328	1
348393	348394	1
3871621	3871622	1
30377	30378	1
7329506	6769130	1
7592496	7822357	1
4854994	536194	1
8965765	11750546	1
2326128	2326125	2
6021620	10761575	1
2281832	2281831	2
6953160	6953163	1
293374	9767687	1
9030311	10392648	1
2748900	2757355	2
8605960	8605959	1
8005781	8873884	1
2448433	9320385	1
10574691	11183561	1
2752899	2752900	2
5279090	8746917	2
7998031	7998032	1
9475715	9475696	1
7799163	7799164	2
9542705	11434894	1
2813095	2813096	1
2753113	2753114	1
4057309	4057310	1
8962038	7106863	1
9179078	9179075	1
3854946	928823	1
6156989	6156990	1
795816	795815	1
2474048	2474047	4
7102422	7102409	1
875094	2262268	1
6356394	6356393	1
6948396	6948395	1
3212843	1796517	1
4532341	10739925	1
1448767	1448768	1
4479661	2141594	1
6109504	10898415	2
10388235	10388236	1
6068749	9449317	1
3874208	3874207	2
4117023	4117024	2
4733904	4733901	1
9334994	9334993	1
3079862	2605868	1
6237934	6237933	1
6802479	6802480	2
479422	6181904	2
4080458	4013785	1
5693244	5693243	1
3937531	5512248	1
11001679	11001673	1
8869962	7678615	2
833056	7279873	1
11387514	8448105	1
10856007	2351087	1
2326130	2326129	3
7455734	7455733	2
9967634	9967631	1
1962651	1962652	1
161631	2514788	1
6539841	8968447	1
9743071	9743072	3
2414632	2414631	2
6171834	6171833	1
11874413	11874416	1
9915334	7705905	1
9509729	9599785	1
683743	683744	1
4993413	4993414	1
9688595	9688596	1
8903129	2039243	1
536197	536198	2
1929837	11564755	1
11517405	11517406	1
5885731	7639579	1
2426053	2426054	1
3104933	2282240	1
5382686	5382685	2
6553318	6553317	1
3761892	3761891	1
10501858	10475772	1
8432126	51939	1
1393364	1393363	2
1507484	9150887	1
5906247	5906250	2
8861596	3911179	2
4117565	417349	1
9271209	9271210	2
11726569	11726570	1
9480307	5096218	1
1672834	1487650	2
5171889	5171890	1
2282290	2375178	2
9679600	2144781	1
3776837	3871396	1
4592950	4592949	1
5247440	8756799	1
11879116	6882773	1
4073577	4073580	1
7593637	4105287	2
2771933	2771936	1
4559757	4559758	1
10481644	10481647	1
8965900	8965897	1
7280936	4519892	1
4598181	4598182	1
11444188	11444191	1
12551908	7276854	1
6397502	7285240	1
10401517	10401518	1
10615310	12183825	2
6194061	6105329	1
1015529	1015532	2
5756675	5756676	2
4084087	9310400	1
988738	10918844	1
4034704	10311754	1
4664334	12661677	1
11836152	11836199	1
7729817	4911458	1
7826612	7826611	2
4956185	4956186	2
9797331	9797332	1
7597590	4277608	1
10453288	7608253	1
11003234	10316302	1
2581474	2573924	1
6528487	6528488	2
7228535	7228536	1
6068753	6068754	1
9246828	9246823	1
2521066	2505057	1
11867284	3830196	1
4282756	9062363	1
7074456	10861381	1
3083943	3083944	1
8503607	939555	1
2226207	2142967	1
8515995	1335853	1
6180569	6180570	1
3953758	3953753	1
8889773	3294031	1
9706197	8903133	2
6752912	6752909	1
3831038	3831037	1
8320565	8071747	2
3831040	3831039	1
939687	939690	1
10735773	10735774	1
10872587	10202629	1
3823517	3823518	1
1151165	8546591	1
10595514	3329770	2
10853508	5058682	1
8980401	10817968	2
3357066	3357065	1
10801613	10801614	1
1767855	7261706	1
2752901	5974865	1
4040416	11868291	1
12729941	12315825	1
2482614	2482613	1
8919073	8919078	2
12803080	6253002	1
2263597	9521607	2
1832316	7852630	1
6356396	6356395	2
5196535	7460758	1
2368717	2368718	3
6097722	6097714	7
7179905	2554344	1
3052397	3052398	2
9642542	4265083	2
6494818	5782376	2
8296382	8170612	2
475103	475104	3
9051739	12317033	1
3134689	8959002	1
1189231	1189232	2
6533219	6139375	1
1414784	1414781	2
8490190	1151490	1
12542517	12542518	1
9468129	10274532	1
11155587	5979684	1
11585260	6962950	1
8163011	2907294	1
8858395	7557551	1
8108626	3459468	1
3545313	3545314	2
9543939	9543940	2
2399662	12724762	1
2334715	2444803	1
3833248	12763463	2
7225601	4708980	1
3132177	3132178	1
5701414	5701411	1
7957514	7957513	1
3296412	9557380	1
3039003	2026921	1
9352667	9352668	1
12314968	652863	1
4643088	4643087	1
8539245	10812349	2
4951024	5875252	1
9361702	9361701	1
2538817	9304261	1
6063862	6063861	3
11926634	889905	3
8171718	8171713	1
8389712	1182766	1
1529456	1529453	1
3752631	4009852	1
9914599	9914594	1
9123993	355406	1
11592553	1150372	1
2103345	7501879	1
3372517	3372518	1
3732214	4073725	1
6923519	6923427	1
9313427	911528	1
7001278	5278086	3
5537102	3942549	1
10447453	2246316	1
1997157	1997158	1
6351205	5055814	1
2241747	7786204	1
10428963	10428964	2
3701247	3701248	1
9385362	10795840	1
3795424	6142981	1
1975613	1975614	1
7561726	3701366	1
12728851	12723874	1
9774293	9774286	1
7736302	7945495	1
7188440	6156679	1
971837	8874278	1
7738393	7738394	1
5995107	5995108	2
5272414	5308271	2
9538391	9538392	2
10761797	10761798	1
10923046	10910830	1
10762113	3053814	1
10159444	10766922	1
6802481	6802482	1
3797128	1284364	1
8765558	8765557	3
10445960	10445959	1
8106555	8106556	1
3251386	3251385	1
3259533	3122621	2
12733709	12733710	1
6159573	4708980	1
5904035	5904036	1
9505997	11493970	1
9968424	5992815	2
7373802	7373801	1
3730666	3730665	1
3241082	3273137	1
2761686	2761685	2
3427468	4107121	1
12555413	12555414	3
3244160	3244155	2
687398	687440	2
5273763	5273533	1
4745586	5965333	1
8024421	755941	2
2635386	9505543	1
6976221	11918753	2
5071639	5071640	2
6828730	9395599	1
2971493	2971494	1
1266423	1266424	1
7780730	7780686	1
5405123	5405124	2
3643900	7274976	1
6186526	6186525	1
8814316	5058711	1
5987286	11835490	1
6045531	6045532	1
4471433	4555732	1
113593	113594	1
10405772	10405769	1
10466753	10466754	3
8038589	2604849	2
3322973	3322974	2
4664334	12029473	1
12466588	12466587	1
9394200	9524326	1
2613172	2613171	1
9524907	9524908	1
6416278	6898023	2
6535795	6535796	2
6984114	11159490	1
11882316	11882315	1
7601884	7599668	1
4494837	4787137	2
3040271	2521015	1
1955565	6160701	1
1390706	827865	1
7693580	7693579	1
9240117	9240118	1
4138320	6936627	1
6182829	6182830	1
5588183	5648635	1
2298529	2216778	1
9740223	9740226	1
9231272	9369511	1
9650260	11828489	1
7261705	7261706	2
6026500	9014099	1
5552243	5552244	1
10538458	10538457	1
12728797	12728798	1
3244785	3244786	1
880023	4072581	2
10485058	10485006	2
10677815	10677816	1
9350213	3795829	1
5994149	11603673	1
6988809	237777	1
4672421	4672422	2
2490678	2490677	1
4307585	4307586	1
6578767	10996785	1
9343958	9343957	1
9340814	4710795	1
10905446	10903499	1
8295785	4679606	1
5509990	5507828	1
3942550	3942549	1
9791946	9679273	2
10308423	3385560	1
2282472	2282469	1
7807976	3135284	2
9802886	9802885	1
8109379	5277525	1
12808223	12808230	1
8570687	9717063	2
5451565	7937518	1
3208265	1980170	1
5943152	2007641	1
9309925	9309928	2
4381673	4381674	1
8826400	7735409	1
12747524	12747523	2
12762469	12762470	1
3118745	3118746	1
2443805	2368481	1
9743281	4603203	1
3271220	12722513	1
12196995	12196996	2
8151647	8151648	1
11913408	11923662	1
878919	9770219	1
889450	785783	2
9332720	9332719	1
7155538	10687642	1
11927398	7897426	1
10706303	11474181	2
8233328	4258696	1
10649645	2441810	1
10991612	10991611	2
12336227	12336242	1
227827	3863657	1
7360980	7073638	1
5756669	5756670	2
3285133	3285138	1
675281	2902417	1
3909154	3909153	1
12182277	10852331	2
1767855	7261704	1
9543649	9543631	1
6897831	10101725	2
10793351	7063726	1
11999244	11999243	1
8437707	10482214	1
7509454	11334326	1
4217410	7182975	1
2370447	2370450	1
2445386	2445385	2
4598548	4598547	1
203072	203075	1
10924373	10924374	1
6262985	9941230	1
6162708	6897830	2
9310753	9715562	1
5696337	5223669	1
6159477	10982961	1
1556818	1555530	1
9597016	9566711	1
7283197	3414267	1
10923190	10923189	1
11003236	11003235	1
3141652	3141651	2
8326466	213064	1
5977986	11827010	1
505817	505818	1
9383861	9383862	1
11804805	1459754	1
12319501	3315632	1
11833206	6990544	3
4084438	3456428	2
9759118	9759117	1
1757954	1757953	2
6557066	6555835	1
4212164	4212163	1
7042258	7040955	2
2560600	10524072	1
11963912	11963911	2
10333473	10333474	1
7257844	12729440	1
5698481	5698482	2
3695379	10215322	1
1898388	1898387	1
5522366	5522365	2
8257239	4311758	3
1075731	1075732	1
8004762	8492423	1
7145033	6837279	1
1987750	1987749	1
2686642	3022665	1
1916946	1916945	1
9409248	6623184	1
10859871	10847811	1
6814818	6814815	1
5378672	7430066	1
9538095	9538096	3
6098759	6098760	1
6731649	6731650	2
2852257	12231085	2
8087750	8087749	2
10283432	9550659	1
7360473	7360474	1
11614651	11614652	2
12264166	12742540	2
3529394	7832483	1
3123680	2048290	1
10564581	10564582	2
2075942	2075950	1
10245569	3650856	1
6190366	8356224	1
7053161	2234306	2
3482928	11701154	1
4498855	4849404	2
5412481	5412486	1
3914261	3914262	2
3357064	2841670	1
8149788	8149787	1
7341194	7341193	2
1965612	6074400	3
10158408	6076515	1
6606613	6606618	1
8036291	8036292	2
10465141	10465142	1
10765171	8096740	1
9731643	9805389	1
4388292	4388291	1
2431696	2431695	1
10614838	10614837	2
6127913	6041341	1
1837596	2257360	2
3792432	7727686	1
2006502	10402092	1
11119622	11119621	1
3244542	3244546	1
11963487	11963488	1
11687031	11687032	1
9961412	9961411	1
10168595	3317555	1
6744892	1626834	1
12306850	12501715	1
9771292	4693034	1
3290068	3290067	1
4681974	9748476	1
11585480	1962650	1
7864990	7728895	1
8523156	5758757	1
7924191	7924192	3
10710519	10673116	1
6173459	8257238	3
710616	9519661	1
4308251	4308252	1
5022253	5022254	2
7071645	7071646	3
5171887	5171888	1
1728164	1742736	1
8893343	3029607	1
5273825	5273826	2
5725136	7216214	1
7075150	7914625	3
1532815	1532816	1
11717329	5205313	2
2134152	2134155	1
7860035	7860036	2
6111870	6111869	2
8004023	5568534	3
7834025	7834026	2
377382	377381	2
6575655	6575656	1
2250059	7793855	1
1773958	12560135	1
4487389	4487390	1
6050001	6050002	1
3812946	3732300	1
7217087	8036290	1
10864364	10864361	1
949851	954773	1
10591724	10591723	1
3309335	4551003	2
7727130	7727129	1
6907586	6907594	1
9689179	9689180	1
4678024	10730244	3
11847128	10339602	1
7826782	7998151	1
1770074	4614000	2
11865495	11865501	1
10945172	10955762	2
8079027	8079028	1
10374748	10374747	1
7334052	4397363	1
8830303	3985302	1
11666073	11666074	2
1144279	1144280	1
10466451	10466452	1
2191588	2191587	1
1722363	1722364	1
9768723	5289578	1
2431694	4306308	1
10897666	8022771	1
389347	2039571	1
10898100	6587843	1
2292572	4816272	1
8928015	9065117	4
7323564	7323563	1
6937465	6937466	2
7802689	3197642	3
3648171	7945889	1
7430159	5653773	1
1204847	8918108	1
2356771	2356772	1
319882	319879	1
5764594	5764593	2
9674131	6803903	1
3164454	1777038	1
8445888	10680607	1
2183850	2183847	1
5222761	5222762	1
3868007	10859902	3
11885418	11885417	1
8208748	7816701	1
7724791	7724792	1
8183487	8183488	1
4615011	4615012	1
4356070	2563226	1
7826614	7826613	1
7112627	7382180	1
7086339	4282202	1
4196805	6043962	1
1459790	1459789	1
11889001	11889002	1
3291291	3311342	2
6367737	6367738	2
6104323	8193876	1
5998792	5820534	1
8389051	2166579	1
4412542	11910903	1
3462751	3462742	1
9724834	9723800	1
