fend1	fend2	count
1068476	1068500	2
1709877	1320740	1
9004380	9004379	1
496353	496354	2
9859429	9859430	1
2269855	2269777	1
3824169	3824191	1
10622447	10622460	1
8469461	8469476	1
3755135	3755138	2
10056852	10067867	1
844622	845589	2
3234498	3235609	1
9993845	9993846	1
5045132	5045042	2
10172051	10172052	1
8054558	8048275	1
3966287	3966033	1
5819412	5819452	2
559179	559212	1
8807559	8807499	1
10578774	10587839	1
11593253	8442282	1
8750203	8749299	1
417632	417665	1
2364073	2364074	1
6680198	6680197	3
3492917	1301953	1
9612561	9612562	3
2182010	2188547	1
3675645	3675653	1
296389	296390	1
436104	436112	1
8021102	8021101	1
11915241	11929074	1
9618470	9618469	2
4290163	4243133	1
5185002	5184999	2
1424979	1180441	1
821557	821558	1
3143521	3143081	1
4312867	4312868	1
7865104	7865103	1
7617328	295898	1
10004173	10254000	1
1497999	1498002	1
1497997	1497998	1
7724610	7721780	1
2020055	2020058	1
9966510	9966493	1
8417229	8417304	1
7490335	7490336	1
644681	644682	1
404893	404894	2
7649460	7649459	1
3299574	3299573	2
9569645	9569646	1
4058954	4058953	1
3112425	3112426	3
1287736	4676990	1
1398511	11155402	1
4290161	4290162	1
7023747	7023748	1
6161837	6161838	2
4710680	4710561	1
11098856	12341088	1
4855233	4855234	1
4648048	6314710	1
6858240	6859254	1
1045185	1045167	1
6378125	6378126	1
5742212	5621976	1
7808201	7808202	2
5547384	10919287	1
4168053	4167489	1
7074091	7074087	1
9898545	9898546	1
8490667	8490668	3
10395939	10395940	1
4865258	4865257	1
1579963	1580427	1
6471511	6471512	1
9820706	7877342	1
6423966	6423965	1
3388436	3388224	1
7464052	7465290	1
1726214	8349073	1
6112148	6112147	1
5619565	5619566	1
3509538	3509113	1
4151422	4151421	1
5831490	5831489	1
6774581	6774586	1
10028483	9838748	1
10715411	10715412	1
10970799	10970933	1
1207988	1207987	1
7452454	7452453	3
610779	610780	1
4056164	4056163	2
7387135	7387252	1
8845402	8845401	1
12430333	12295494	1
5134542	5134541	2
3788931	3788936	1
4087875	4087766	1
6376428	6376354	1
8403637	8403598	1
4283606	4304117	1
5645194	5645191	1
11405695	11406214	1
472441	472442	1
1938750	1944651	1
10685923	10685907	1
8007253	8007739	1
2247879	2247880	3
1510270	1510269	1
1282175	1282176	1
8331737	8331723	1
8449246	10169018	1
8679153	8679154	1
11345575	11345576	3
8018367	7980180	1
2247883	2248799	1
11807503	11807535	1
7897312	7712934	1
10491634	10491647	1
9539304	12390115	1
7353142	7437472	1
12792358	701032	3
12778404	12778241	1
5373368	5373367	1
6693445	6693494	1
9328253	9315774	1
3754897	3754898	1
10873619	10873620	1
3480146	3480145	2
6475201	6475202	1
656350	656349	1
7540244	7540538	1
3611239	3611240	2
311442	311448	1
6663237	6662326	1
9661841	9661771	1
2497137	2497138	1
10895789	10895790	1
9567373	9567243	1
6157948	6192703	2
844622	844621	1
733480	574066	1
12740427	12682420	1
8681294	8683090	1
9802111	9802120	1
3011180	3004440	2
8755075	8755025	1
2969611	2969612	1
5697947	5697948	2
6160957	6160808	1
4159877	4159949	1
643232	643964	1
6290453	6289350	1
4063537	4063550	1
11878591	11878592	1
4093583	4093586	1
7077448	7079102	1
499547	500526	1
8960482	8960481	1
6821862	6821857	1
742991	781877	1
8183571	8183572	1
7732023	7619566	1
5713661	5713688	1
5437027	4002803	1
10902587	4055082	1
11680080	11680077	1
7286541	7286542	1
1508348	1508347	1
9765017	9765029	2
500527	500528	1
4921134	4921133	2
7016977	6973943	1
853114	850123	1
10656940	10656939	1
559179	559210	1
702629	702630	1
2147984	2148448	2
9164251	9164254	1
10242498	10242630	1
1196079	1196081	1
8755340	8754233	2
11086642	11086641	1
12337124	12731310	1
12129934	12129655	1
5446972	5446971	1
3707286	3707277	1
928988	928987	1
6975330	6975329	1
10456703	2841341	1
2783630	2783695	1
1778365	1778366	1
1438238	1438463	2
11360763	11360748	6
5708475	5708507	1
3277247	3279862	1
8923892	8923365	1
2726400	2726397	1
8557791	8557799	1
11826875	11826876	1
9028878	9028877	1
2050278	2050281	1
8800972	8800969	1
11802768	11802765	1
2641156	2641155	1
4189399	4189400	1
12760052	12760049	1
12690813	12690814	1
11675339	11675146	1
8845400	8845399	1
11547631	11547660	1
12690811	12690812	1
10699300	10699307	1
2530419	2530421	1
11556594	8188568	1
11413519	11413520	1
10570994	10570993	3
5708785	5708786	1
4990264	4990259	2
3395258	3395250	1
68859	68860	1
9759826	9759319	1
9589195	9589276	1
10495666	10495665	1
12300665	12300666	1
2373500	2344047	1
1582041	1582146	1
7928690	7928685	1
11008582	11007395	1
5446970	5058334	1
3158729	3039026	1
9276004	9276422	1
4747861	4724180	1
7463195	9150245	1
7875991	9820707	1
10028199	10028200	1
10691619	10691620	1
6471354	6471351	1
10979087	10978776	1
10728138	10728153	1
7768009	10181702	1
6829001	6826875	1
6343497	6343498	1
6960915	6960872	1
5648976	5648975	1
3852993	3852994	1
404891	404892	4
11632620	11592540	1
5589056	5589685	1
3767442	3767488	1
2882095	2882105	1
10294087	10294088	1
5150620	5146079	4
8006272	8006267	1
5944470	6134182	1
11638945	11638946	2
1615113	1615114	1
3992110	3992109	1
10513504	3806805	2
5447243	5447244	1
5559420	5559407	1
5525105	5525106	1
8176707	8176744	1
1206715	1206716	1
5281893	5281898	1
7448384	7448372	1
10107490	4669736	2
1897512	1897505	1
6734480	6734494	1
12486456	12486455	2
1568348	1568640	1
4916985	5018056	1
4036021	4036022	1
5619567	5619568	1
10067061	10067062	1
5005534	5019337	1
1592866	1297174	1
10570992	10570991	3
7269078	7268934	1
10594546	10594545	1
3011180	3004438	1
10712806	10712808	1
12242003	12241650	1
1778386	1778364	1
10578772	10587839	3
5398376	5398375	2
4475351	4475352	1
6162375	6144765	1
5184998	5184997	1
5478956	5478951	3
4093587	4093588	1
1647128	1647148	3
10632196	10632231	1
10870919	5642138	1
112821	112828	1
1336703	1671452	2
1722102	1722077	1
5582164	5582099	1
12686314	12686316	1
8341198	8341245	1
4318880	4187206	1
12810455	4053704	1
8500009	8500010	1
1315240	1727663	1
3896577	3897806	3
10093410	10093409	1
1463939	7732022	1
7555236	7555496	1
4046666	4012510	1
2144263	2144264	1
3359981	3359982	1
6555802	6555830	2
8028526	7705680	1
4021114	4021113	1
8349138	8349137	1
1556939	1556940	1
103350	102842	1
10931352	10931349	1
2893795	2893796	1
2648181	2978701	1
6937395	6916874	1
12640042	12640392	1
344748	344785	1
7704614	7598806	1
9468757	9467534	1
9579277	9579278	1
1762629	1762630	1
7889760	7889531	1
11917059	11917060	1
7603699	7603700	1
853982	852322	1
10852303	6423965	2
4334056	2218102	1
11086642	11086639	2
9821849	9821852	1
11676924	11676833	1
1386139	1386140	2
12457894	12518221	1
5701325	5701806	1
11796806	11796805	2
726602	726601	1
6618411	6618404	1
9444434	9444407	1
2348366	2097961	1
6357937	6357938	1
8206927	10918131	1
11791433	11790104	1
4016049	4016142	2
12147945	12148067	1
5461183	5461256	1
11878608	11878607	1
11995409	11995709	1
2149915	2149916	1
4598461	4598749	1
12481392	12481427	2
3004439	3004440	1
2563275	2559396	1
3024042	3024041	1
11870782	11870765	2
11166462	10812019	1
636093	636102	1
7129951	7129952	1
2383050	2383163	1
7855213	7680373	1
1715352	1071119	1
11619988	11619987	3
9899991	9899993	2
10994310	10877225	1
8604631	6957875	1
5961008	5967551	1
2882323	2882324	1
1942157	1942300	1
12687959	12651939	1
12170303	12170304	2
9479571	9479565	1
7734381	7552647	1
2704327	2704328	1
9667944	9667947	1
4207303	4207309	2
9419019	9419020	1
11708509	11093017	1
4800919	6452132	1
9831525	9831526	1
3234171	3234172	1
7636703	7636710	1
2549165	2549323	1
8568763	8568764	1
7613317	7603948	2
12629938	12620938	1
10498704	10506920	1
5525732	5525742	1
5389351	5389354	2
2050293	2050309	1
10988600	1782117	1
5114098	5113981	3
610781	610784	1
3963685	3963742	2
7001347	7001631	1
10325883	10318020	1
6317550	6312661	1
2589443	2589444	1
1180704	1514221	1
10031605	10031606	1
6858154	6858587	1
1631725	1631080	1
12390888	12390887	1
9087754	9126795	1
3784394	3784393	1
2611286	2611285	1
4737889	4736978	1
2993068	2993045	1
555166	555218	1
6734495	6734496	1
11860829	11860830	1
3540825	3540830	1
10124127	10124083	1
4853961	4853988	1
8747932	8923029	1
10721082	10721081	1
3693652	3693715	1
248239	248248	4
11871508	11871505	1
9824861	9821082	1
5380601	5380602	1
863758	863757	1
5511554	5511514	1
6782924	6710980	1
11589737	11589738	1
3954354	3692185	1
9291596	9291618	1
10171013	8376113	1
3985233	12017858	1
2896387	2896818	3
2726125	2727759	1
11101747	11102121	1
11724489	11724502	1
147371	147372	1
351651	351652	1
2718758	2718725	1
1650664	1586936	1
4981184	4981183	1
8708281	11788930	1
4247719	4217326	1
7337437	7337438	1
12692283	12692284	1
3309966	3309937	1
4787570	4787569	1
863756	863759	1
6393390	6393389	1
2607146	2607143	1
6931527	7059161	1
10703393	10703394	1
12687112	12652920	1
4716978	4716977	1
6049369	6051763	1
11486727	3770724	1
177142	177201	2
9100231	9100232	3
1724965	1723290	1
659907	659908	3
8015822	8015939	1
7096147	7095951	1
6228672	6224891	1
245895	245896	1
8068908	8068907	1
2471419	2009315	1
8684181	8684182	1
7809961	7810071	1
7009272	11753511	1
9699439	9702710	1
779901	779902	1
5701135	5701215	1
7745023	7745028	1
1068501	1068504	2
4228627	4214871	1
9087756	9087755	1
11496044	11495206	1
10772947	10772948	1
1603258	1603089	1
11777492	4575985	1
9281594	9281373	2
7522310	7522309	1
2134686	2128432	1
3102980	3159994	1
9418066	207542	1
699256	699255	2
5990139	5990160	1
9100195	9100196	1
7572023	7572024	1
714443	714444	2
12647614	12647613	1
2794715	2794750	1
10761766	10761765	1
3427117	3427118	1
1464949	1018792	1
5371372	5373369	1
289712	288338	1
2938290	2938377	1
8074789	8074877	1
11091466	11091461	2
2647221	2647222	1
11802764	11802767	1
10887959	8205555	1
12040137	12039036	1
8204839	8204842	1
5091884	5091883	1
519773	519778	2
799815	799816	1
4716976	4716957	1
6899024	6899029	1
11753178	7727734	1
7807723	7776804	1
6990818	6989659	1
4055700	4055793	1
5126276	5126275	2
5345391	5345392	1
6170599	4122360	1
9164259	9165465	2
5582166	5582165	1
4009302	3992109	2
2319275	2319278	1
8165783	8165784	1
3050341	3050342	1
11614899	11614892	1
11502361	11502351	1
3948313	3947999	1
10089799	10095808	1
7917896	7917850	1
12696346	12699207	1
6663218	6663199	1
10621449	10621428	1
5132603	5131951	2
9419847	9423808	1
4598461	4598747	1
4648050	6314710	1
1793774	1793770	1
5840118	5839728	2
2272028	2308462	1
9441257	9441258	1
9164256	9164255	1
9569647	9569648	1
9350315	9350646	1
2235117	7330786	1
3157686	3006675	1
7611539	7612883	1
12446625	12446614	2
6808721	6808705	1
11872304	11872291	1
9753353	9753354	1
7260571	7260572	1
8205558	8205555	1
7779712	7779709	1
9229835	9229839	1
5180752	5049068	1
7242922	7242846	1
5466785	5455800	2
8230109	8230110	1
3989843	3989819	2
11601793	11601794	1
554088	553672	1
5406825	5406826	1
8792398	8785287	1
9018277	9017218	1
4648050	4648049	1
6862929	6866544	1
3082908	3082767	1
2807998	2807997	1
11796810	11796809	1
1160633	987173	1
5883041	5823169	1
12655818	12688471	2
3320355	3301649	1
8681294	8683088	1
101373	101385	1
9303639	9303511	1
7790824	7790746	1
10354226	10354225	1
299860	10735649	1
4073579	4073805	1
916917	916918	4
2611288	2611287	1
10724119	10724120	1
10498035	10498082	1
6161837	5967232	1
2060843	2060835	1
9007058	9005595	1
8239156	8239105	1
9889869	9889858	1
4787568	4787567	1
914770	916916	1
5103249	5103237	1
2871972	2871971	1
7215402	7215360	1
8699973	8699974	1
5742702	5742697	3
6861755	6857050	1
6835912	10907937	1
1675432	1665527	1
12174993	12175287	1
9658454	9658441	1
7310982	8262850	1
7681989	7681990	1
5797403	5797377	1
2442302	2446755	1
454485	454486	1
9339376	9332238	1
11878606	11878590	1
11286036	11286035	1
9673170	9673169	1
2026321	2026322	1
10506923	10506917	1
8461661	8461612	1
7946613	7946614	1
8068910	8068909	1
8162344	8167063	1
3064532	3082680	1
6567364	6567250	1
659909	659910	2
886733	887944	1
12019896	11282499	4
9724559	9748536	1
8791544	8791817	1
3900993	3902259	2
2340134	2340142	1
4957243	4990173	1
6894830	6905177	1
6393392	6393391	1
10570990	10570989	3
1839126	1839123	2
6470262	6468341	1
7705100	7704770	1
7067543	7067594	1
3559539	3611238	4
5642137	5642138	1
6846564	6846563	3
7649458	7649455	1
8423125	8423126	1
11695809	11695581	3
10691621	10687843	1
3309966	3309941	2
5157283	5157284	1
8966326	8966329	1
7913285	8574306	1
2995749	2995627	1
4021207	4021162	4
6891306	6891305	1
3800217	3800218	1
9434478	9434477	3
4514876	4516301	1
12730104	12730206	2
1001392	1001391	1
1028548	1028547	1
9236663	9236696	1
10004895	9963823	2
12041965	12043148	1
2619904	2619903	1
7756931	1075828	1
4163018	4305670	1
3974757	3974758	1
5926510	5926651	1
3135480	3135479	2
2214784	2215032	1
3927297	3927833	1
8758226	8913448	1
3354263	3354264	1
7892215	7892216	1
10852303	6423967	1
12802498	12802497	1
624911	624912	1
10211502	10211501	1
7159651	7159654	1
10478809	10478815	1
10503505	10503506	1
4600765	4600814	1
1694439	1694440	1
6424949	10270386	1
1733452	8215085	2
7996778	7997898	1
5044378	4918106	1
5916288	5916279	1
7188359	7188360	2
7681737	7681878	1
943405	943349	1
8246659	8246660	1
11582251	11585133	1
3802975	3802976	2
364003	373933	1
4744025	4716021	1
4716978	4716957	1
10937080	10937079	1
7289943	7289944	1
1568610	1568609	1
3540825	3540826	1
1318799	1322106	1
12486454	12486453	2
6872001	6872004	1
8956947	8956948	1
5785756	5785753	1
9303637	9303638	1
1324450	1306390	1
8763160	8755142	1
2994051	3329860	2
10762651	10762652	1
10369020	10370163	1
1010884	5780642	1
12598923	12629465	1
792835	792885	1
7199294	5649991	1
7790599	7790600	2
2248798	2248797	3
437505	437412	1
10253006	10253409	1
11900288	11900176	1
3399924	3401008	1
9010217	9010218	1
2149919	1939325	1
6378123	6378124	1
10533179	10533180	1
10096270	10096269	4
194919	194920	1
12300846	12300831	1
10209251	10209148	1
12763450	12763449	1
9234445	9234446	1
1011972	8723718	2
7641648	7641460	1
344750	344749	1
5701130	5701042	1
5166966	5166963	1
5708783	5708784	1
9929163	9929157	1
3423107	7726796	2
2825545	2825546	1
11806919	11806920	1
11461611	11461814	1
6277177	6278640	2
2962631	2938495	1
12233212	12234262	1
8199851	8199852	1
11601791	11601792	1
5268431	5268432	1
8262851	8262852	1
5527038	5527037	1
11547388	11547630	2
8218069	8165253	1
1952279	1952300	2
10960404	10966230	1
2991647	1415174	1
8699971	8699972	1
1196049	1196052	1
11509656	11509636	1
4019347	4019348	1
658765	658766	1
836125	836147	1
7755568	7901450	3
6650799	6497656	1
3116296	3116295	1
3084121	3084083	1
10762643	10762653	1
4615811	4615812	2
9094714	9100230	3
11091464	11091459	3
2904538	2928389	1
69344	32704	1
4841964	4839368	1
2319273	2319274	1
10403573	10403574	2
12563687	12569685	1
12662415	12042041	1
5825805	5825806	1
9100191	9100192	1
3906226	3906225	2
4429562	4429561	1
599367	599357	2
9516467	9516661	1
6393393	6393396	4
8956949	8956950	1
3922558	3925240	1
10607095	10577632	1
3272796	3272795	1
7552706	7552848	1
10368826	10368825	1
5888672	5896818	1
4374194	4374191	1
7779712	7779711	1
11389042	8604337	1
3802977	11582529	1
90436	110341	1
8966330	8966327	1
11987923	11987924	1
3538194	3538355	1
435356	435174	1
10691619	10687843	1
2024886	2021787	1
5716907	5718796	1
3885037	3884595	2
8962920	6082865	1
7460838	7460837	2
11492199	11492515	1
12253176	12253159	1
1582801	1582802	1
1066050	1066009	1
9032656	9034106	3
10434441	10434442	1
3080362	3064621	1
10506921	10506922	1
7631687	7631766	1
3145435	3145599	1
928986	928985	1
999855	999812	1
3757192	3757191	2
5658146	5658108	2
4672537	10693728	1
8754148	8754161	1
2557537	2557538	1
3707267	3707317	1
11994793	10823224	1
2146171	2137685	2
5585059	10889467	2
2614021	2614022	2
10417700	10417753	1
7957261	7957262	1
12669195	12669117	1
6471511	6471359	2
9047523	11875949	1
11154439	11147464	1
5814954	5780097	1
6471513	6471359	1
6092705	6092706	1
11118289	11118290	1
9821851	9821852	2
1334787	1334788	1
11623479	11623482	1
7148780	7418660	1
6768498	6509931	1
7714343	7713291	1
576070	576073	1
2160852	2158922	1
7464389	7471211	1
555220	555219	2
10971132	7809599	1
3119568	1783663	1
7319812	7324999	1
1605823	1605824	1
10703863	10703864	2
6971429	6895214	2
1109030	1109027	3
4785242	10168597	1
131198	133757	1
2977743	2974735	1
10936989	10936990	1
11805514	11805513	1
24296	24050	2
1562171	1562172	1
3980793	3980794	1
11669760	11669759	1
11964601	11964602	1
8704044	8697897	1
1145366	1145365	1
9359701	9359724	1
6132933	6132934	1
10578774	10578773	3
6188197	6188198	1
5389347	5389350	1
10578731	10578732	1
10259944	10263282	1
1275545	2857466	2
9018582	9196411	1
9343183	9344851	1
7792513	7792353	1
784104	784196	1
5449644	5305453	1
7191189	7191190	1
4475353	4475354	1
1740633	1740634	1
2330011	2330028	1
4122011	4122014	1
7790597	7790598	2
1334799	296388	1
10047226	6701854	1
9393488	9393487	1
1330298	7768438	1
11015634	11015633	1
7460836	7460835	2
11431903	11431904	1
7401743	2241780	1
4672997	4672998	1
9930690	9930679	1
12149879	12150919	2
5543816	5543824	1
5586989	5545158	1
7404542	7404444	2
917501	918305	1
7734100	8032682	1
4620899	4620911	1
6922811	7180591	2
3540827	3540828	1
6260329	6257977	1
5817321	6153028	2
9714958	9714957	1
7217027	9584270	1
86401	86564	2
11345577	11345578	2
3791803	3794205	2
9645986	9646133	1
3525128	3525125	1
8836591	8836592	1
8813438	8779451	1
11784063	11784064	2
2274885	2274886	1
2500693	2500706	2
11091466	11091465	6
6586081	6600822	1
7867272	7690987	1
10617721	10617722	1
10703877	10703878	1
5317	7504110	1
11664465	1160120	1
11365652	11381759	1
3292045	3292046	2
1109026	1099998	1
10053819	8654652	1
9185707	9185810	1
7303320	7303338	2
10460488	10462066	1
4475349	4475350	1
5214591	5589190	1
7242367	7242368	1
9276336	9276325	1
10469604	10469629	1
770136	770131	1
3086066	3086019	1
10393589	10393545	1
364055	365045	1
10610289	10610173	1
10073627	10062826	1
7769297	4381760	1
2994257	4086039	1
404893	404896	1
1344603	1362867	1
1169233	1169234	1
914770	914769	3
149765	149766	2
2637393	2629932	1
3757194	3757193	2
7533890	7533889	1
4866989	4865767	1
11169024	10812002	1
8416125	8416114	1
12438519	12438520	2
11680082	11680081	1
6971974	6901743	1
9340597	9340591	1
10191268	10191284	3
11286924	1237319	1
2704321	2704326	2
11091464	11091461	4
7342939	7342940	1
11680082	11680077	1
9488929	9492621	1
10971532	10971549	1
3642185	3642169	1
3500418	3500526	1
11036275	5154528	2
9515655	9515602	3
9927103	9927296	1
12394414	12394413	1
8836077	8836078	1
2863026	2863010	1
4992213	4991983	1
76743	78436	1
1833684	3028100	1
11091460	11091459	5
4866530	4866565	1
7533888	7533887	1
3972464	3974756	1
7225575	7225495	1
11857798	11858680	1
8518299	8518300	1
1068478	1068477	2
8890378	8863332	1
553673	553674	1
2149917	2149918	1
505802	103437	1
10302593	10240939	1
6480433	6480434	2
10067350	10067060	2
10971548	10971547	1
8174079	8174037	1
940685	940010	1
7516704	7516754	1
10527699	10527700	1
12011344	12011343	2
8699705	8699706	1
5545961	5545947	1
8159759	8159802	1
2851027	2851044	1
545077	545047	1
7758504	7758739	1
4222238	4222237	1
6552258	6552234	1
3986318	3986317	2
3112498	3111250	1
10698313	10698314	1
12390894	12390889	1
5397076	5042952	1
6184567	6184568	1
5544848	5544844	1
6474972	6679059	2
5389347	5389354	1
5154845	5154846	1
5534185	5563106	1
2706470	2706464	1
7202320	7202071	1
9488484	9392712	1
11376953	11376919	1
12152919	12152920	1
9903078	9896104	1
2748011	2747798	1
10638615	10638620	1
11421512	11421524	1
12281981	12281947	1
10888956	10889191	1
8019599	8019600	1
8675858	8675544	1
652986	11619989	4
2726379	2726380	1
5228157	5228158	2
8603387	8185298	2
179880	179894	1
3630541	3630542	2
175147	175148	1
3135478	3135477	1
10245404	9919209	1
951860	951811	1
1839124	1839123	1
6967217	6969721	1
1447349	1447352	1
5406825	5406828	1
5991971	5991972	1
2799883	3101651	1
2344613	2332370	1
6613702	6544454	1
440902	441641	1
4017081	10793051	1
9620596	9620616	1
6346924	6490373	1
12121514	11983720	1
1526057	1526058	1
12458661	12458662	1
5271559	3133353	1
5330079	5343443	1
4093469	4071779	1
6160686	6214183	1
11784499	11784500	1
11215059	11215060	1
3318081	3318082	1
5735087	5735088	1
8683089	8683090	1
6361510	6450490	1
1447351	1447352	1
9348107	9348108	1
4009302	4009301	1
1172409	1172410	1
3876867	3871058	1
1447347	1447348	2
6739597	4571177	1
12762620	12761916	1
7076452	6907009	1
2457281	2457288	1
7788699	7788700	1
11729588	11729593	1
504869	504830	1
10895370	10895369	1
6860581	6860582	2
11440121	11440134	1
1065468	1686429	1
4056364	4042072	1
1447349	1447350	1
8836201	8836202	1
2196947	2196948	1
10895791	10896167	1
10461896	10434440	1
5275341	5275387	1
10547068	10547397	1
3114256	3109683	1
914768	916916	4
11794850	11794801	1
5447241	5447242	2
10432329	10403572	2
10500903	10500934	1
8684183	8684184	1
6740955	6740956	1
10022055	10158623	2
8187226	8403484	2
6023266	6023027	1
2459348	2457270	1
11406957	11406935	1
2770808	2741385	2
5519869	5521425	1
11190823	11190812	1
1080569	1080570	1
10534985	10534981	1
4822001	4822425	1
173727	173728	1
537078	779551	1
8914144	8875592	1
5796719	5794779	1
5694001	5694002	1
12203192	12203241	1
12688794	12688793	2
11899121	10144588	1
11083470	11072758	1
2574252	2567940	1
11131827	11117554	1
8611573	8611554	1
2144265	2144796	1
11250264	11250839	2
6528886	3538034	1
8455214	8456771	1
11486988	11486974	1
3085062	3156339	1
2549322	2549321	1
9640368	9640350	1
1077527	1077735	1
9835477	10028198	1
10890991	10891002	1
655632	653513	1
12353053	12345633	2
442062	442058	1
6511905	6504525	1
11753184	11753183	1
11566378	11566377	1
4312869	4453537	1
4479527	4479528	1
4093583	4093588	1
3775506	3626589	1
11695578	11695577	2
5351755	5351793	1
1739933	1740080	1
5709422	997227	2
2189479	2189543	1
12317781	12157210	1
4151535	4151423	1
6120358	6120357	1
3286161	3286164	2
12535797	12536822	1
2720410	3074342	1
9429614	9432692	1
3981898	3981897	1
1326294	1326427	1
9062116	11874522	1
10316644	10316634	1
8832514	8832508	1
11035447	11035421	1
10604245	10604246	1
11102850	11018242	1
12235862	12235656	1
3992108	3992107	2
9156895	9126559	1
10772945	10772946	1
7514776	7514775	2
6555819	6554827	1
12748539	12754466	1
3970676	6478759	1
2247881	2247882	1
2834998	7876741	1
4021163	4021164	1
10447447	10447448	1
9914283	5599601	1
1675432	1675431	2
978843	978844	1
8817063	8775806	1
6447091	6446668	1
11930846	11930797	1
7541517	7541520	1
12394412	12394411	1
5526768	5526848	1
9340655	9340658	1
2241781	2241782	1
2866709	2863094	1
4093832	4093829	1
1164490	1164436	1
2327141	2327142	2
2382769	2382770	1
10689357	10695789	1
6940584	6940917	1
6255128	6288114	3
9014804	9014803	1
5414606	5315937	2
10086940	10086939	1
3934229	3934374	1
3852989	3852992	1
5346195	5052135	1
11036273	5154528	1
1522693	1520441	1
426336	427821	1
6460036	6742960	1
867806	867805	1
11842535	11842579	1
559211	559212	1
659909	659914	1
3938904	3939073	1
3031513	3033629	1
1647130	1647129	3
10019257	10007989	1
10757077	932083	1
11174902	11174901	1
10345368	10345367	1
6635612	9866083	1
508823	508826	3
12563685	12563686	1
1936191	1936192	1
4446715	4446643	1
309187	310529	1
10432327	10432328	2
9442338	9441271	1
3515534	3599663	1
4005118	4005117	2
431068	431198	1
188497	189853	2
7847536	7847507	1
12309595	12309596	1
2519010	2519000	1
6111113	6111114	1
6612844	6612843	1
3480148	3480147	2
7705693	7705694	1
11036273	11036274	1
8727757	8782822	1
6061607	5515664	1
6264567	6264735	1
7406564	7406563	1
4822424	4822423	1
10088121	9987865	1
179895	173417	1
6161839	5967232	2
3906731	3906227	1
11343756	11378715	1
7738106	7738077	2
11589941	11589942	1
8755026	8755022	1
6471357	6471358	2
7291742	7291806	1
4851277	4545967	3
5371372	5373367	1
7242369	7242370	2
2611284	2611283	1
194917	194918	1
7137705	7101009	1
6262614	6621621	1
132898	126629	1
3780895	3778563	1
6676244	9824767	1
5798851	5798852	1
569032	569031	1
10562913	10562914	1
1718994	1718999	1
7574920	7574919	2
9268734	9268403	1
484080	484079	1
3656687	3656688	2
2089372	2089284	1
5361700	5525104	1
12201080	12201077	1
7920590	7920199	1
9057802	9057584	1
8316038	8316037	1
12657780	12657821	2
912982	912984	1
909550	909903	1
3930740	4051078	1
7447222	7447220	1
8256458	8305567	1
7129951	7129954	1
883431	883494	1
11695580	11695579	2
10510282	289664	1
1748795	1748809	1
11699593	11699338	2
2337821	2034622	1
9089352	9087907	1
9067810	10870843	1
3981900	3981897	2
9258999	9259000	1
10580642	10580639	2
11114321	11114322	1
1974276	1975842	1
621492	3547454	2
1726298	1726219	1
4141589	4141590	1
10715413	10715414	1
9673170	9673167	1
12719282	12719293	2
3512501	9875612	1
7923516	3303544	1
1778388	1778387	1
2247881	2248799	2
3980960	3980760	2
11529954	11530664	1
5426753	5427826	1
9434480	9434479	3
1086531	1086656	1
12472238	12473123	1
11389044	11389043	1
2401452	2372992	1
10293066	10293065	1
2474822	2474821	1
391674	282463	1
10870919	5642136	1
6126558	4119718	1
6029718	6029724	1
4859950	4860043	1
12364377	12364378	2
3287983	3287738	1
6475245	6679767	1
7010119	7010136	2
5955588	5953158	1
12599939	5014401	1
11379641	11379644	1
4343079	4343111	1
10603822	10603537	1
1314788	1592086	1
1631798	8072091	1
7458858	7621591	1
654993	653440	1
3540829	3540830	1
12241526	12239283	1
7446377	7446378	1
9821807	9821808	2
9100193	9100194	1
7673876	7490334	1
3235025	3235026	2
3280446	3279320	1
6846387	7066801	1
8884967	8884968	2
9671414	9667898	1
4562772	4562771	2
276009	11372776	1
1218214	6649390	1
11985220	11979766	1
10335289	10338582	1
11669757	11669758	1
1253992	1253989	1
6530000	6530355	1
108665	519789	1
6471355	6471356	2
11340943	11556827	1
2244165	2237321	1
9821809	9821846	1
5597844	5597843	1
6847798	6846565	2
11753177	11753185	1
4586628	4777106	1
2110043	2109998	1
8490676	8490666	2
178757	178758	2
6486158	6561395	1
10503507	10503508	1
12518749	12518750	1
12399644	12399643	2
4375296	10106862	1
11984878	12048237	2
6034852	6034849	1
3450360	3450359	2
9373797	9373884	2
9679101	9678743	1
11381758	11409346	1
7010137	7010138	2
5597038	5594731	1
12305891	12437186	1
11365255	11363973	1
1525346	1525345	4
857837	857838	1
9759853	9759854	1
4087298	4087281	1
10079383	10079388	1
5852938	5671496	1
5479658	5545547	1
9167682	9176772	1
4355453	4355454	1
10102963	10096689	1
9434476	9434468	2
7664545	7671328	1
5220049	5220050	1
1118437	1118438	1
8884969	8884970	1
9831523	9831524	1
441642	441641	1
12640476	12640475	1
4821999	4822000	1
7816104	7816103	1
1630443	1614779	2
9184270	9185014	1
5535285	5537992	1
2318880	2318884	2
2599909	2602371	1
844620	845589	1
10960406	10960405	1
6264922	6264871	1
799815	799818	1
4244990	4244989	2
2340143	2340144	1
5860303	5697946	3
11832713	11832717	1
2060843	2060833	1
11260067	11260068	1
1401852	1401871	1
12327027	12327028	2
3973949	3973902	1
1465994	1466039	1
2497272	2492052	1
7522322	7522321	1
5975022	5979993	1
4568285	4568286	1
4957241	4990173	1
10593674	10593739	1
7792511	7792512	1
9333804	9332620	2
6222511	6222512	1
994371	994372	1
3814252	3814251	1
284554	285718	1
2004239	7100088	1
359522	176524	1
12371783	12371786	1
2423588	2285459	1
9871772	9871771	1
10138225	10624381	1
7392017	7375191	1
1695872	11271918	2
6033153	6042206	1
3268436	3268433	1
9114953	9114956	1
1139102	1449804	1
11338901	11338904	1
11502342	11654083	1
12538598	12538624	1
8204828	7000388	2
4011024	665554	1
10918200	6448484	1
4615813	4196328	2
303531	303532	1
4843258	4843262	1
3309940	3309937	2
12767800	12599208	1
5699731	6092898	1
1077527	1077528	2
5534145	5534146	2
3981900	3981899	1
11424984	11425056	1
2180239	2179915	1
7820552	7820569	1
1936187	1936188	3
1534194	1533924	3
11500641	11500686	1
2757766	2757688	1
10887959	8205559	3
12289250	12275500	1
1256606	1256951	1
3559288	4568284	1
2445544	2496343	2
11763520	11752801	2
8991296	8986227	2
524841	524842	2
10300657	10300674	1
12640474	12718265	1
3051326	3052731	1
8754854	8754886	1
1723291	1723292	1
3112430	3112433	1
11614871	11614898	1
6013916	6013915	1
10368828	10368827	1
5534833	5536680	1
2148449	2148439	2
134468	134465	1
7928690	7928683	1
4366921	4366950	1
1198496	1198489	1
10439966	10440135	2
10446115	10446557	1
1801043	1801044	1
9326809	9326810	1
10019255	10019256	1
11271306	11271316	2
9836881	9825689	1
679399	679400	1
1952275	1952276	3
7285735	7285787	1
10716675	10737000	1
8759302	8759299	1
5749673	5749711	1
11002139	11001576	1
3926541	3926483	2
306376	306259	1
2176669	2176679	1
9924903	9924854	1
3483019	3484104	2
7401286	2490277	1
4659401	1574010	1
4016143	4016144	1
5446972	5058334	1
11011996	11012006	1
10187115	10187109	1
7202430	7202817	3
11695799	11695800	1
11014127	11014128	1
384109	4607746	1
7219561	4786469	1
6561394	6561393	1
5380708	5380707	1
1839126	1839125	1
7724677	7725380	1
10283429	10283430	1
6514063	6513989	1
7383920	3866010	1
4783162	4784210	1
6354591	6354592	1
2607139	2607140	1
12412836	9521061	2
7711532	7711552	1
2085900	2085899	1
168266	102101	1
659907	659910	1
8007735	8007736	2
8969523	6083173	1
5867411	5867479	1
6270615	6270360	1
7104558	7106085	1
6680196	6573434	2
6140188	5946570	1
10237411	10237369	2
5360657	5360665	1
1675430	1665527	2
404461	404890	4
440904	440903	2
6891267	6891296	1
1577901	1816718	1
3265900	3265905	1
10678403	10678414	2
1793304	1804958	1
2607142	2607145	1
1394719	1394720	1
6738787	6738780	1
12327029	12340263	2
7882714	8825461	1
1556937	1556938	1
8501363	8501510	1
1660040	1660039	1
11883968	11774945	2
1835968	1838953	1
12159625	12159606	1
3564905	6738544	1
5659676	5825804	1
9063510	9063509	1
45988	52032	1
7760141	7757622	1
1975843	1975844	1
12719251	12719252	1
11086640	11086639	1
3989616	3989615	1
6849766	6849765	2
11939471	11938508	2
7452452	7673663	2
1077529	1077735	1
1016964	1016963	1
5154847	5154848	1
1935541	1955428	1
12489787	12443492	1
3814010	3814009	1
182650	176397	1
4643960	4643276	1
5777441	5777439	1
12660461	12662314	1
2905396	2869255	1
6188199	6188173	1
8259285	8258961	1
10982247	10977322	1
1516418	1516897	1
1558605	1558606	1
7531539	7533891	2
8696543	8695553	1
7215829	7215830	1
8884971	8885001	1
5251709	4986396	1
2448976	5714016	1
1306639	1306640	1
5507117	5507118	2
404895	404896	1
108667	519789	1
5880830	5816933	1
508821	508822	3
2086240	2086239	1
1197288	1203910	1
303917	303918	1
9821849	9821850	1
1710893	8006239	1
7049942	7049937	2
4052297	4052298	1
1075483	1075484	1
3063461	3048160	1
7215402	7215358	2
3437782	3772569	1
6162311	6162379	1
12487761	12487762	1
3427119	3427122	1
12628622	12628605	1
6797115	6793959	1
9149232	9140484	1
6606708	6260821	1
1006521	1006522	1
10687132	10687131	1
12487759	12487760	1
7533890	7533887	1
7215359	7215360	1
5576711	5576712	1
8570966	8026334	1
6210613	6156694	2
11753182	11753179	1
11805520	11805513	1
10736913	10736916	1
3055537	2938023	1
11815721	9324432	1
10894978	10894977	1
4016044	4016043	1
11669762	11669759	2
7597558	7596461	1
10722198	10719811	1
365115	366934	1
851754	702845	1
2064735	2064736	1
5870912	6475200	1
1491433	1486121	1
4371712	4374608	2
1369578	1369577	1
6281510	6382824	1
4737332	4783307	1
659911	659914	1
12805220	12805217	1
6953533	6953526	1
2856339	2856355	1
7488947	7466438	1
5384888	5393003	1
905875	10675486	1
1670340	1670339	2
9347559	9347560	1
126223	126224	1
11354844	11354843	1
9059596	9059589	1
8601904	8587867	1
3357886	2909694	1
2442255	2445822	1
4607747	4607748	1
11796804	11796803	1
7928684	7928683	1
309185	309186	1
8814054	8814052	1
12449117	11429499	1
3450641	3450137	2
3868209	3868210	1
12024772	12016457	3
1665512	1665543	1
12750267	12758798	1
977273	977269	1
11639427	11639460	1
6013914	6013917	1
4431357	4431358	1
3059444	2953250	1
10547823	10547824	1
11614871	11614892	1
6371307	6492952	2
10734252	10734250	2
5182478	4865764	1
533395	533396	1
1164439	1167441	1
644679	644680	1
12802500	12802499	1
7599463	10300742	1
4398644	4398643	1
11492514	11492513	1
6997307	6996487	1
4709724	4513497	1
1936189	1936190	2
2064399	2064400	2
6577871	6577872	1
6709899	6709957	1
10288686	10288647	1
7875991	7877342	2
7104560	7104559	1
1139106	1139103	1
4957241	4957242	1
1942155	1942156	1
1030759	8898671	1
9871118	9860001	1
11099876	11099879	1
9552424	9552421	1
6891674	4576785	2
8836079	8836756	1
9435825	9753887	1
10293068	10293067	1
8782823	8782824	1
6606191	6355991	1
5534898	5534024	1
11083571	3395095	2
7159649	7159650	2
5350057	5529165	1
6537459	11337674	1
5045043	5045044	2
11052978	11052914	1
10712809	10712810	1
5160195	4996969	1
10426450	10436187	1
8062397	8056008	1
6379027	6379028	1
10498704	10506922	1
9482695	9482690	1
12556609	12539161	1
6774587	6774588	2
3888507	3888482	1
1525344	7400186	2
2588800	2525026	1
7295717	7295718	1
2269776	2269775	1
12446321	12446322	1
10671284	10671283	1
5421397	5131948	1
9855165	10122612	1
4987522	12255325	1
10654099	10653675	1
4600761	4600764	1
11718069	11717902	1
4391351	4389107	1
1952277	1952278	3
11964599	11964600	1
3940214	3940720	2
11850939	8149568	2
9948554	9950397	1
1839128	1839127	4
7865106	7865105	1
1198358	1198357	1
8525484	1624193	1
2899700	2900126	2
7056014	7191188	1
737225	737226	2
7346009	7438981	1
2097062	2096980	1
236884	236880	4
794497	12655295	1
7462968	8033174	1
11647433	11638518	1
40046	40133	1
6714869	6714870	1
6069632	6071207	2
4009300	3992111	1
1611311	7869818	1
7556020	7556019	1
8825621	8821681	1
2215408	2213744	1
12782875	535609	2
4156165	4156163	1
2672907	2672911	1
2085902	2085901	1
5134534	5134543	2
303591	230812	1
6916549	7302656	1
2178243	2178244	1
1839130	1839129	4
108665	108666	1
9740537	9740538	1
5995214	5995213	4
10434266	10439383	1
1973960	1957938	1
7347163	7332916	1
2693502	2693151	1
3161240	3067720	1
440902	441643	1
9558303	9570931	1
2248772	2248771	1
8329265	8329268	3
7658348	7661062	2
2005765	2005785	1
1603088	1603087	2
2896922	2762018	1
11548356	11548022	1
4860042	4860041	1
12148647	12148650	1
11805520	11805515	2
11225315	11225068	2
7082708	7085593	1
6727424	6727391	1
6048572	6048113	1
8254176	8254175	3
131610	131613	1
10905994	10905991	1
8503947	8487377	1
6921514	6861746	1
10894976	10894975	1
6945598	8287033	1
7129953	7129954	1
8495037	8495038	1
10461554	10461556	1
9063508	9063507	1
9908874	9908785	1
1138244	1491082	1
11994950	11995089	1
