fend1	fend2	count
10562920	10562919	1
10460877	10460878	1
11340744	11339381	1
9237084	9237062	2
11306679	11306921	1
1612424	1612423	1
3375582	3369571	2
1541785	2439495	3
4430397	4430398	2
71902	71901	1
10627627	10627628	3
940635	940748	1
4283462	4283426	1
5577001	5578397	1
8878683	8878684	2
5452886	5452885	2
11862850	11864603	1
9238917	9239161	1
759789	724191	1
10613390	10613389	2
7867835	7867817	3
2320265	2320266	2
11603039	11603040	1
11583218	11583217	2
12724873	12724874	1
12781512	12781511	2
9765240	9765211	3
11819074	11819037	1
6793285	6793628	2
2116740	2125488	1
944779	941891	4
11282685	11788305	1
5060997	5060998	1
8523918	8523917	1
6823238	6823233	1
7800660	7799214	2
7332998	6090979	1
588510	588509	1
30561	36351	2
8556337	8556338	1
705710	705709	1
142205	142206	2
7218647	7218648	1
9966944	9966627	2
9696388	9696402	1
9287477	9287480	1
873517	868927	2
1713339	1713340	2
3285785	3285729	1
12631250	7389043	1
6373995	6373996	1
9797641	9797642	6
3249640	3249479	2
5373024	5373019	2
6281141	6281010	1
12444735	12444737	1
8917612	8917611	1
5439727	5440288	1
4863649	4863471	1
7002613	7002085	1
8010927	8010928	5
6197464	6197967	4
10974994	10974932	3
2958641	2958642	3
607293	607654	1
3617928	3618583	1
1704824	1704801	1
524553	544197	2
6953107	6953108	1
655138	654945	1
9797213	9797214	2
9925341	9925342	1
11588937	11588938	3
10146327	10146328	1
9438274	9437740	1
8066450	8066449	2
1566020	1566019	5
10913818	10913815	1
1539485	1541065	1
12624204	12624126	2
5815074	5815089	1
6035668	6034807	2
11821608	11821607	1
469527	469523	1
4023887	4025530	1
8909883	8909884	1
5962462	5962461	1
11760794	11760793	4
971390	971393	1
11758974	11758973	2
310897	310730	1
4859695	4859696	3
7389748	7389961	1
3252642	3252641	6
11341753	11341754	2
129187	125335	1
11698674	11698673	1
7888502	7888501	3
7425673	1269768	1
7960457	7960458	3
3107891	3107879	1
12316066	12316065	1
1868855	1868856	1
7142990	7142834	1
3321432	3354910	2
6936219	6933793	1
10474782	10474862	1
2007755	2010802	3
11992276	10823075	1
2227850	2227847	1
12491201	12491149	1
7274320	7274329	2
5656772	5656798	1
12747283	11159807	1
5414350	5414349	2
9710384	9710383	4
8921651	8921979	1
12446990	12446989	1
5306137	5306138	2
7669157	7669158	3
4700752	4702876	2
2832807	2832808	1
850487	850490	3
6442008	6442007	1
11729357	11729337	1
368525	82481	1
10754677	10758327	1
3326531	3326521	1
5242269	5236454	1
8599726	8599405	1
12206157	12206158	2
11131078	11131077	1
7132564	7056318	3
6395367	6397398	1
7091098	7091095	1
9426964	9423370	1
10980104	10980121	4
9828390	9828385	1
11310418	11257700	1
5930222	5930258	2
777469	782424	1
3487368	3487346	2
6530604	6530915	3
4044090	4044089	2
9930844	9930843	1
6439457	6436960	1
10340540	10342072	3
3246785	3246786	2
633471	633286	1
9828013	9828035	1
81980	83596	2
10574096	10574095	1
12725453	12795461	2
11791161	11791162	1
10891025	10891886	1
12482283	12482284	2
4348506	3834311	1
6860071	6864754	3
2449039	2449040	2
1929729	1929730	2
9655516	9655513	3
10898689	12478175	1
11610406	11609576	1
12538129	12538132	2
7398688	7398687	1
3666989	3667474	1
687515	687490	1
12291852	12291851	1
6290257	6290213	1
7239871	7239928	3
5278707	5278091	1
7522664	7522663	2
1564840	1564922	1
1657391	1300300	2
122817	123264	1
1971798	1971846	1
8465797	8467513	2
10442870	10445064	1
1091638	1091637	2
4356812	4357425	1
10778337	10777476	4
1180830	1180829	1
7469219	7468462	1
1615171	1615206	2
4686654	4597143	1
6618973	6618974	1
1686838	1686835	1
187952	187949	1
9427017	9427018	3
8364738	8364737	3
7951574	7951573	1
6143895	6143896	1
9148216	9148215	3
3936642	3930575	1
10176523	10176669	1
5982985	5982986	1
8763912	8763922	1
2442192	2442191	1
1588821	1566389	1
9710382	9710381	3
9942091	9942092	1
11038481	11038517	3
6040553	6040554	1
8066435	8066436	2
4431543	4431544	2
3375672	3375671	1
2512548	2512547	1
2816407	2816408	2
7032841	7032842	1
2439151	2439152	3
10721470	10719247	1
6782055	6783835	2
5681371	5681354	1
1313459	1311009	2
4044345	4044070	1
8060117	8060186	5
7728619	7728620	1
5585715	5585419	1
3365749	3366523	3
10179639	10179640	1
11791223	11791224	1
4768288	4768240	3
2945120	2945115	2
11804951	11804952	4
11583813	10264622	2
6946208	6946214	1
6256636	6256404	1
894918	894917	1
7460165	7457577	1
1824256	1824255	1
2355808	2346549	1
3375206	3375221	1
5150883	5150884	1
10824410	10826675	1
1564842	1564922	4
10261703	10261743	1
439061	439062	2
1541787	2439495	1
9894907	9895155	3
10053120	10053085	1
5486413	5486362	1
285980	286011	4
3491438	3486560	1
8066634	8078478	1
3285508	3285507	2
4553495	4552397	3
6105849	11181179	1
7451493	7451479	1
7423018	7423595	1
916342	3688691	2
5314137	5313290	3
4229173	4228140	1
11188881	11188882	1
8305904	8287165	2
3642523	9248804	1
7077689	7077690	2
9951275	9896905	1
5521108	1592721	1
2096611	2096572	1
5439677	5439678	1
4671409	4673839	1
8633378	8722512	1
11165153	11165154	2
6699071	6699072	1
3336362	3274286	3
100862	638008	1
3519738	3519737	1
1206373	1206374	6
9748084	9748083	1
8746749	8746750	1
1301922	1301909	1
6182070	6182052	1
4105079	4105374	2
7787693	7786975	2
3269148	3276115	1
3040423	3039802	1
9298240	9298225	1
10739368	10739395	1
10067264	10060517	1
4152354	4152353	2
9542518	9540130	1
866684	864397	5
5434959	5434612	1
5476339	5476340	1
1457896	1457895	4
7029997	7029998	2
6345201	6345202	1
9754473	9754476	1
1033920	1038281	1
10738914	10730675	2
10739005	10739006	2
3313077	11005525	1
289968	289967	3
3447558	3447557	2
1822254	1822253	4
7145738	7145737	2
1131842	1131841	1
8861917	12451529	3
7249045	7249046	3
1127804	1127803	1
6221548	6221545	1
6844629	6844630	1
10448291	10448206	3
1020463	7527349	1
10957694	10957696	1
3326531	3326519	2
6413542	6412617	3
11254715	11254716	1
12163582	12173105	1
10269821	10269822	1
7325177	7325180	3
10987257	10987258	2
1736929	1736890	1
4248829	4248830	1
12766436	12766433	2
1762126	1762123	1
10281799	10281800	1
2832809	2834328	1
8152207	8152208	1
348359	348675	2
4733793	4733794	1
4010019	4009969	2
5045495	5045504	1
6221550	6221549	2
9069247	9069248	1
3932028	3932025	1
1093527	1093528	1
3308480	3308479	6
394515	392661	1
6862350	6862349	1
7317811	7317805	1
9572223	9572224	1
9538865	9538866	4
4088359	4088360	1
1398248	5047127	1
6261036	6261035	1
6732021	6732024	1
758874	758873	1
515160	515159	1
373730	373729	2
2594382	2612134	1
10827383	10827381	1
9162455	9162298	1
4734992	4676875	1
3326520	3326519	1
7693165	7693166	2
8402011	8403588	2
7939431	7939447	1
4405235	4405236	1
1978467	1978468	1
1458770	1458844	1
6613536	6589589	1
592570	815882	1
11677384	11678680	1
8367858	8367865	2
10336673	10336674	1
8532814	8527858	1
10980120	10980119	1
8574614	8574684	1
6182070	6182050	1
1563303	2338367	3
9650082	9659168	1
10833465	10832870	2
6284426	6284429	1
4244276	4244275	1
1583408	1583407	1
4578727	4579549	1
12446400	12446399	1
10613128	10612821	1
4050859	6540842	1
6558266	6558456	1
5045494	5042389	3
12523440	12523437	2
995551	995552	1
8806426	9054623	1
2710286	2710283	1
3979111	3979112	2
5042055	5042137	1
6838839	6838840	1
7825759	7825760	4
2172887	2172888	1
3157922	3157925	2
561212	561241	2
3403244	3403243	1
310955	310394	1
2740513	2740514	2
3352491	3352492	2
1570409	1571992	3
11797491	11797578	1
11681582	11681579	1
3628892	3628891	3
3320398	3320397	1
1900545	1900006	1
6693569	6693570	6
7078921	7079214	1
196297	196300	1
11256154	11257181	1
7342635	7344170	1
8077507	8077661	1
9863751	9863752	1
4781457	4781458	1
4190746	4190374	1
10859938	10859931	2
9699597	9699598	2
8532641	8532642	1
7239929	7239930	3
3090575	3090156	1
8522143	8375593	1
11435754	11435691	2
9587216	9587215	1
12466620	12466619	2
1130491	1132512	1
12310660	12310494	1
1749228	1750007	1
1933576	1933573	1
7994766	7994514	1
6204109	6204110	1
6896476	6896475	1
1574669	3898708	4
3276838	3276835	1
6512042	6512037	3
8637827	8655533	2
5458193	5458194	1
7025792	7010698	1
3258235	3258236	1
12461812	12461811	1
11528927	11528930	1
5203826	5203825	1
971394	971393	1
9994434	9994467	1
1621030	1621029	1
10333183	10333184	4
6990988	10461166	1
10357311	10357320	1
10035828	10036110	1
4066234	4066231	1
7529473	7529467	1
6744368	6744378	1
3367558	3367548	1
1512421	1517328	2
604578	272899	2
4754513	4754514	3
9572243	9572222	3
2336969	2336970	3
5517041	5517561	1
11385846	11389606	1
11568708	11568707	1
3238008	3238007	1
3925054	3933185	1
3557562	3557561	1
4848125	255582	2
10801156	10801212	1
5341697	5343445	1
6997497	6997498	1
143237	143238	2
8780509	8780510	3
857804	858447	1
8800978	8800977	1
12769935	12769138	1
12147822	12147778	2
5328914	5328913	2
8569859	8569857	2
4586043	4586044	1
11051949	11053118	2
7874808	7874975	2
4197878	4197900	1
146138	146137	1
4706168	4706160	3
3895671	3895672	1
10193275	10193278	1
3935497	3935901	3
2968570	2966594	2
5481334	5481641	2
9512318	9586329	1
1190003	1190029	1
12253907	12253908	1
9111266	6802268	1
10911825	10911826	2
9841690	9842761	1
10352994	10353002	3
11279580	11279571	2
6421314	6421313	2
401715	391581	2
2732533	2732534	2
11089803	11089706	1
6327415	6327416	3
616793	616794	4
7213320	7213319	1
5020387	5020392	1
5862544	5862259	1
9127680	9127679	1
7870114	10376076	1
9158247	9158278	1
110938	110933	1
5373263	5373417	1
448154	448153	1
6732019	6732022	2
5118119	5119843	1
3020507	3020508	1
2493079	2493685	1
3284727	3284728	3
7278561	7278257	1
6819041	6819044	2
568976	568975	1
7734161	7734162	3
6327090	6327410	3
2955736	3048990	1
101353	101354	3
1562960	1562959	1
10880123	10880124	1
10766161	10766159	2
11521132	11521131	2
2323175	2323176	2
10415233	10411676	1
9542524	9545233	1
11499062	11497062	2
3366522	3366521	3
3114658	3114705	1
2950926	2951911	1
11600061	11600062	1
3749197	1018500	3
3943625	10447481	1
5417367	5417368	1
449471	449474	2
11159202	11159197	1
10530545	10530575	1
2065369	2060403	1
11189079	11189080	2
2228838	2080428	1
8184543	8184544	3
3456412	3456411	6
3209766	3209751	3
1610902	1610901	4
2129817	2129774	1
7323629	7323630	1
1390245	1302535	1
10755980	10756047	2
7441485	10247115	1
7474305	7474306	8
3116129	2884163	1
672331	4005511	1
2065369	2060292	1
6074734	6074714	1
40046	40524	3
7992066	7992065	1
9828016	9828032	1
3517725	3508888	1
7259130	7259129	2
4813970	4799750	1
3306446	3306445	3
10910080	3241612	1
386815	385959	1
9165189	9162113	1
12312424	12312423	1
1517329	1517330	2
3552912	6366008	1
3154664	3154661	5
10229164	10230160	3
11728327	11728324	1
12036896	1407527	1
11604596	11604595	3
12695046	12695045	1
6641476	6641472	1
924241	924244	1
11490663	11491028	1
2414568	2414530	1
3901538	3906890	1
12449535	11224035	3
2323885	2321371	1
8717576	8717575	2
5585715	5585716	2
997137	997138	1
3905339	4111795	3
2594780	5432310	1
6066007	6066008	3
4735228	4737719	1
752947	752948	4
8789244	8789247	1
7959464	7959463	2
2372666	2374957	2
6962460	6969014	1
1278709	1280596	1
12303561	12303562	2
9325292	9325291	1
804873	804959	2
2197236	2198735	1
7466011	7466014	2
7139069	7139070	1
1140284	1137345	1
377110	377076	1
12210901	12210902	1
11496743	11495519	1
7139223	7138348	1
5502220	5502219	2
12749600	12750334	1
6723578	6723674	1
8194507	8192722	1
8926248	8926247	1
8421511	8421512	2
601299	601302	4
2536512	2536511	3
842582	843473	1
2336935	2336904	2
6196448	6196447	1
11758363	11758364	2
10455526	10455542	1
7080729	7080677	1
6621351	6621352	1
4705716	4705715	1
2468441	2468339	1
6025097	6024753	3
6508242	6504782	1
2959115	2959125	1
5804573	5804574	1
10526547	10531997	1
4094893	4094895	1
11289085	11311560	1
799376	859376	3
1873400	8764126	1
8877903	8877904	1
2183408	2178579	2
10810867	4869118	1
4041091	4041092	1
4837491	4835470	1
7888502	7888499	4
3629634	3630639	2
11547183	11547199	2
2315908	2317192	2
2359822	2361732	3
4329057	11224035	1
6328811	6326390	1
568974	272728	2
799747	799748	4
3101937	3102623	1
4064993	4064996	1
11798410	11798409	3
10754311	10754316	1
10252780	10258325	1
10480868	10482365	4
9072820	9072819	3
11743015	6632524	1
3023965	3022968	1
8452162	8452161	1
8429830	8427646	1
3508301	3508302	1
2613069	2613082	4
11871791	11871013	1
1287208	1287205	1
10570054	10570053	4
6533220	6533219	1
2016593	1977078	1
4357526	4357525	4
3927462	3927461	1
965615	973471	1
6271772	6272854	1
9873980	9870126	1
4813149	4813307	4
5581078	5581216	1
5821365	5821712	1
5506796	5506683	1
4405418	4405393	2
8557581	8557582	3
1068737	1038520	1
2377598	2377597	1
12750236	12750199	2
4227346	2659154	1
9783791	9783795	1
9748086	9748085	1
7707605	7707606	1
11591135	11591122	1
12300565	7819195	1
9824917	9824918	1
11023068	11023067	1
9247477	9247478	2
956305	956314	1
1512419	1512420	3
1033410	1033438	1
5476001	5476002	2
6442397	6442445	3
10731510	10734433	1
6957690	6950571	1
12729076	12729825	1
4131096	4131068	1
6130167	5472419	2
7959488	7959487	3
10201008	10201005	1
943454	937936	1
2606821	2601803	1
56365	8559012	1
8531385	8531386	2
3391194	3391703	1
6497820	6497819	1
363117	2262044	1
12448884	12448921	1
12473367	12454997	1
4303788	4303785	1
5071397	5071398	2
764255	765242	1
4121461	4121462	1
11226509	11226463	4
3716295	3716296	1
1456700	1460405	4
3542714	3542969	1
7500077	7715728	1
12302074	12302875	3
8748574	8748573	1
10755793	7606686	1
3925027	3925028	1
263569	263866	1
6171425	6171746	1
11038481	11038521	2
9170579	9174795	1
5971384	5970561	1
10253242	10253241	1
6418020	6418578	2
9942091	9938679	1
10833467	10832870	6
1313455	1313458	1
4303784	4303783	1
3192262	3020511	1
8837983	8837986	3
10931085	10930693	1
9512082	9512085	1
6377621	6376506	5
800938	801500	1
10355041	7139066	1
9579195	9579007	1
11217634	11216233	1
5352268	5352267	1
9981659	9979939	1
219487	219488	2
7602346	7602459	1
6480678	6547150	1
7318192	7318191	3
7649893	7649894	1
5333835	5329606	3
4742296	4742295	2
12780853	12781101	1
10877030	10877027	2
1033686	1033706	1
5208545	5188072	2
1553404	1553809	1
9326673	9328740	1
10012741	10012742	3
2012996	2013764	5
12752625	12752641	1
1482885	1482886	1
454918	454927	1
3757813	3757814	6
7258115	7258116	1
9583086	9578640	1
8569970	8569969	2
2170632	2170631	1
1870596	7449219	1
5994944	5994928	5
333117	333118	1
12491201	12491151	2
10263636	10263635	1
3270017	3270018	1
6968170	6968169	1
6603804	6603803	1
2377441	2377605	2
1086983	1085283	1
2377441	2377442	2
3858796	3858768	1
360415	358845	5
1469855	1470334	1
6593307	5334461	3
447327	444651	1
12635100	12635105	4
10884739	10939507	1
7060503	6926176	2
10068912	10047154	1
10365882	10365954	1
2595582	2596247	1
10732632	10732629	1
5306135	5306136	2
1247531	4691881	1
6945199	6874589	1
9355444	9355431	2
3139565	3138371	1
12245508	12245925	1
11078209	11078210	1
8567646	8564212	1
5905185	5905158	1
2725541	2727521	1
47449	47592	1
2838511	2836117	1
3115710	3115713	1
3745349	3742916	3
10734931	10734918	1
6453590	3957011	1
10691862	10691861	2
11851599	11851600	2
7430454	7429335	3
11769027	11768933	3
6497822	6497821	1
5598638	5598635	1
4386617	4386634	3
12567243	12567244	2
492791	497898	3
4694943	4694946	2
3611710	3611709	2
7009287	7009247	1
909573	844218	1
9358079	9358097	1
6941907	6941908	2
10745484	10743471	1
524553	544195	1
758876	758875	2
3954114	3955628	1
821010	818942	1
5260272	5260271	1
2976299	2976300	2
2164612	2164611	2
6637916	6711299	1
5079989	5079990	1
1779823	1778304	3
7874041	7874949	2
1235197	1235202	2
4822765	4822766	1
4977522	11770902	1
6930889	6933982	1
6874588	6953880	1
11130583	11132023	3
6261034	6261062	1
1340166	1340165	1
11040749	11040194	5
10253658	10253657	1
804923	804924	2
10826749	10826752	1
5207892	5212570	1
945557	945558	1
4785281	4785290	1
11425526	11426862	1
6785443	6783556	1
9326125	9323375	1
2375150	2372185	2
1976196	1976165	1
11724489	11724490	2
5649989	5650061	1
2393392	2393391	3
3310401	3312461	1
5989532	5981980	1
1456684	1456701	6
4026370	4026369	4
9556317	9557060	1
7097807	7097810	1
2658413	2658414	1
11006830	11008093	1
4277124	4277123	2
978258	978223	1
5539052	5536426	1
7474307	7788609	6
5998821	5998826	1
1945770	1952404	1
11851597	11851600	3
8780511	8781136	2
4084547	4084548	3
9092353	9092356	4
2468389	2468367	1
843616	843653	1
3245465	3245476	1
127436	127046	1
12448469	8222814	1
7831182	7831181	3
2586549	2586550	1
11583220	11583219	2
5994948	5994947	1
11002062	11002031	1
3308478	3308477	5
2667724	2667717	1
2670722	2670721	3
4843299	4843262	1
8896591	8896596	1
12420815	12420816	1
8781767	8781136	2
9430054	9430053	1
1532495	1530809	2
5164999	5164789	2
10823531	10821731	2
3173901	3173902	1
3267798	3267801	1
8862237	8862238	1
11196337	11195179	1
2759673	2756989	1
8780511	8781766	2
8421511	8422685	1
8742376	8742375	3
6431621	6431058	3
7808700	7808699	1
1912031	1912032	5
4274309	4274310	1
5638182	5639814	1
2273563	2273564	2
5439729	5439678	1
6995183	6997034	2
2897117	2896862	1
2665030	2665024	1
7635088	7635085	2
760997	760998	1
3321265	3321298	1
7963149	7963145	1
10198090	10198077	3
10861629	10855154	1
4903854	4903853	1
1040553	1040575	1
5635485	5636690	1
5881338	5882121	1
6872823	6873650	3
1236854	1236853	3
12553220	12553734	4
914528	956485	1
11907920	11907919	1
297052	530374	1
3261904	3261944	3
1958220	1960481	3
444652	444651	1
9328982	9329026	1
3582317	3582318	1
10568937	10568703	2
11862776	11863870	2
10149822	10149821	3
5097059	5096644	1
9287477	9287484	1
5582945	1718182	1
1587106	1587123	2
4998561	4998562	2
10127808	10127807	1
6919298	6821076	1
11607515	11607721	2
8738831	8738832	2
1994694	1994685	1
9711649	9710380	1
9729347	9699690	1
10803965	10803903	1
6892613	6892614	1
2468818	2468179	2
2504604	2508246	1
1608089	1610262	1
5426390	5426524	3
5356210	5349632	3
6327969	6327970	1
7916541	7916533	1
12661797	12661798	2
7021037	7021038	4
9843405	9843406	1
9230893	9230786	1
6281464	6281463	1
2587122	2587121	3
6942981	6943059	1
1095215	1092403	1
7284055	7284056	1
1797754	1797751	4
7947259	7947260	1
76018	76017	2
11588029	11588929	1
5613490	5613489	1
5425825	5425828	1
9513957	9513958	1
11862778	11862777	3
595177	518907	4
10075486	11249106	1
10959620	10959619	1
1750008	1690684	3
3648114	3648113	1
649512	647951	1
11389429	11389606	2
5505640	5472270	1
7919887	7919888	2
3167868	3167867	1
6686600	6686085	2
9815358	9815458	2
5415419	5435826	1
4567201	1760968	1
10894084	10894083	2
9774392	9775080	1
12458744	12772695	1
10196030	6727194	1
4868364	5150882	1
8155043	8155044	1
5293200	5314914	1
7269677	7269696	1
12316068	12316067	2
6958265	6956004	1
8465797	7510157	1
4145915	4141590	1
3041331	3040526	2
5854778	5854689	2
1746071	1746072	1
1016236	1031316	4
4854976	4851927	1
1705706	7734754	1
5735108	5735273	4
3821040	3821039	3
2554588	2554587	2
10411948	10411884	1
1447723	1448090	2
3606937	3607009	1
10449426	10449425	3
516175	516475	1
10313837	10314411	1
9740731	9740732	1
11686716	11686715	2
5049311	5050357	1
3637486	3637485	1
7926808	7926678	3
10469016	10469019	1
1324130	1324122	1
1767037	1767609	1
12488993	12490871	2
4382829	4382699	1
7586799	7592520	1
241009	241010	1
12487326	12482303	2
3240919	3240952	1
7821736	2445392	1
1925579	1925580	3
11711975	11711976	3
8824091	8824092	2
3601869	3881218	1
9578458	9578441	1
6327411	6327414	3
12182668	12182667	2
2276775	2276769	1
4265443	4265448	1
7913542	7913484	1
7143825	7143826	1
958888	958891	1
2568918	2567632	1
2507279	2507282	2
10042349	10042350	1
11040733	11040734	1
5334688	10978727	1
8809532	8809531	4
5602577	5602580	1
11842923	11842924	3
11648173	11648174	1
6366005	6366006	2
5146778	5147163	1
8937745	10747935	1
5065578	5065229	1
10464312	10464311	1
363010	363009	1
10333172	10333171	1
10729280	10730254	2
9810070	9810069	1
7836180	7836211	1
11230590	11230589	3
12259512	12259511	1
203280	203279	4
1012176	1012491	1
1040553	1040573	3
1590499	1590293	1
12523436	12523435	3
12722089	12722227	8
5240520	5238942	1
3192539	3195072	1
7074366	7074024	2
10279763	10279819	1
5455098	5455123	1
3320394	3320397	1
11380087	11378977	1
8007208	8007207	2
4472456	4472832	1
1023894	1023893	1
12642072	12642071	2
690341	685686	1
5905788	5908119	1
3065010	3065000	1
11726415	11726416	1
10025936	10025935	1
3259903	3259731	2
11395470	11394053	1
10370860	10370977	1
973472	973471	2
3628984	3628953	2
9138782	9138781	2
2377443	2377605	1
9511910	9511909	1
5666665	5669193	1
11917935	11920096	3
11155225	11155226	2
4926630	1861663	1
1470765	1470766	1
5003836	5003480	1
828975	827143	1
7507144	7507137	1
6698263	6698264	3
6202355	6202422	1
8370048	8357354	3
6584459	6324438	1
12741534	12740916	2
10746558	10746557	2
12291527	12291473	1
2164958	2164615	2
5505683	5505652	1
11215996	11213688	1
9824915	9824916	1
10904124	10904118	1
11344687	11345038	7
2321837	2341409	1
1695162	1695161	3
6808973	6808974	2
10427803	10427769	1
675511	7864103	2
11881685	11881682	1
6597337	6597338	1
4842933	4842934	2
11607513	11607721	1
1120858	3465456	1
56367	8559012	2
2060224	2072564	1
3209766	3209753	1
4914370	4914369	1
4046785	4046853	1
7737776	3463928	1
12152711	12152712	2
9192651	9192652	1
12593716	12593715	3
821459	824753	2
1286059	1286060	1
11378976	11378975	1
11127534	11128322	1
11273139	11273140	2
8522470	8521665	1
9871250	9871249	1
8217600	8217378	1
12784076	12512338	3
4833375	4831049	2
1621028	1621027	1
1518719	1518720	1
1955798	1958607	2
11382230	11382229	1
11770899	4977523	1
10996074	10997874	1
11230588	11230587	2
4173523	4173810	1
12247090	7235974	1
12636523	12636543	1
1508051	1508025	1
841091	841092	3
86607	86608	1
6035670	6034807	1
7908776	7908773	2
11725550	11725555	1
12634640	12636328	1
2128557	2129305	1
1708752	1707839	4
8522295	8522308	1
9311488	9310672	5
4025253	4026371	3
9748158	9748127	3
8010923	8010924	6
6968758	6968992	2
9430052	9430383	1
12041706	12041799	2
6934078	6934077	1
318961	318962	1
10423301	10423304	2
2828406	2828405	1
8522147	8375593	1
1458501	1458553	1
5537507	5536717	1
1402328	1403007	1
7700413	1159855	1
4531270	4533651	1
10011294	5574936	1
3783790	3783789	4
892223	892231	1
5300644	5294697	2
4822767	4822773	1
149849	149850	1
11758361	11758362	3
6248642	6248579	3
446446	446450	2
6493389	6493390	1
10239265	10098182	1
168693	168696	2
4731796	4579670	1
3508540	3508159	2
11681582	11681581	3
3321635	3354989	1
10355043	7139066	2
10838704	10838855	2
11678633	11678651	1
9347955	9347305	3
6873515	4472186	1
4940762	4940759	2
8162111	8162126	1
9357734	9357715	1
11831595	7814111	1
4362270	4362269	2
12253138	12245742	1
396297	396298	1
10538268	10538267	1
8433229	8433230	1
616797	729861	2
11537398	11537612	1
1193011	10413091	1
7838104	7838101	5
4025251	4026369	1
1235197	1235204	1
11938234	11938047	3
5369573	5369574	4
8066437	8066451	2
1009116	1009153	1
779220	779309	1
7264957	7264958	1
2609435	2609409	1
2379433	4027030	1
203345	203281	4
10453840	12636520	1
2442190	2442189	1
11972404	11973000	1
10998254	10998253	3
8884257	12356138	1
10469003	10436106	1
11389429	11389430	1
878798	881520	3
2628904	2628903	2
6902186	6896475	3
5975309	5975310	1
1068191	1065936	3
10096504	10152553	1
6455739	6450198	1
6920976	6920975	2
5431233	5433102	1
1352229	1352230	1
1986423	1987612	1
7760007	7760008	1
2958362	3209767	5
11993183	11993184	4
12491199	12491200	4
1958078	1957652	2
7176985	7176948	1
2478802	2478801	2
396289	396290	1
6057097	6057098	1
11851597	11851598	2
7694431	7694432	1
595175	595176	5
45799	47985	1
120185	120173	3
5376143	5376144	2
8651277	8651278	1
9098870	9098869	3
6605311	11679003	2
10498884	10498894	1
1215357	1215358	1
9394871	9323959	3
7531276	7531678	1
8787989	8788013	1
6012409	6012411	1
2533915	2536513	1
882301	882302	1
3209353	3199130	1
6188659	6188660	1
1086359	1083316	1
275808	275805	1
2363626	2363625	1
1854530	1854529	2
9858566	9856828	1
11990724	11991490	1
10767162	10767445	2
6548430	6548429	2
8442012	8442011	1
12568579	12567242	1
6900548	6901083	1
3696591	3696581	1
2520510	2521835	1
5363165	5363216	2
4348498	4348497	1
12303559	12303560	2
4440763	4440764	1
9797210	9798147	1
7737776	7737409	1
1195395	1195362	1
12780372	12780458	3
11159601	11159602	2
12182670	12182669	1
752949	752950	3
3288194	3288193	3
11368295	11368296	2
5976709	5976710	1
6534199	6534367	3
1590430	1590429	1
9073287	9073288	3
3772531	3772547	3
5413342	5435826	4
1566024	1566019	2
5650042	5650035	3
8600790	8600787	1
6035670	6035669	2
9528628	9527420	1
11330624	11330623	1
11607513	11607514	2
4247786	4247785	1
1431	1432	2
3292557	3292704	1
4348496	3834311	1
408387	408388	2
6292221	6292037	1
12388280	12385650	1
6580494	6580493	3
668425	668428	3
9775161	9775162	2
10247697	10247698	2
3640435	3653420	1
6140484	6140483	1
4290281	4291629	1
12775124	12775123	1
3887617	3887633	1
1823185	1823188	1
6705073	6715191	1
7024887	7024941	1
5910707	5910708	3
6619126	6620150	1
6546932	6545777	2
3815986	3815848	1
981473	981260	1
12371276	12371275	2
7412925	7413013	2
4174513	4174514	2
10975654	10975651	1
4441143	4441144	2
12783445	12783466	1
11314279	11305384	1
6804932	3295771	3
3041178	3041545	2
12448877	12446991	1
11671909	11671821	1
3650668	3650292	1
11192598	11192595	1
3980835	3980836	2
1447232	1447274	2
10855136	10855135	1
12781514	12781513	3
7400691	7398791	1
4694945	4694946	2
11120294	11120644	1
2900864	2842556	1
6277500	6277499	2
11905966	11776877	1
7850210	7850207	1
5274511	5274512	1
12304340	12302516	2
889106	889105	2
3796558	3796572	1
11729231	11729701	2
11390736	11390717	3
386568	386567	5
10379167	3929229	1
7366551	7366554	1
5336111	5336112	3
12612224	12612223	1
8871736	8872636	2
5443088	5443087	3
11537327	11535615	4
10717951	10717952	1
6997495	6997496	4
8991593	8992993	2
11790293	11735356	1
7518539	7518540	2
5698362	5698359	1
7213321	7213319	1
7529468	7529467	1
12147850	12147876	2
6808975	6807474	1
11038319	11038320	1
4207748	4207747	2
1138666	3555651	1
8651949	8651745	2
12490994	12490993	1
9332077	9331891	1
2177269	2177293	1
8837985	8837986	1
3285510	3285509	1
5977739	6094659	1
1978477	1978478	2
11964518	11963752	1
8308718	8300000	2
1161706	1161703	1
11696747	11696748	3
648486	647819	1
7557657	7557658	1
9476610	9475071	1
7137292	7136662	3
12696918	12696917	1
964767	964768	1
11279252	12685792	1
10725926	10598398	1
7677063	7677064	2
5695106	5694120	2
11787937	11787943	2
11536947	11535616	1
5371377	5371378	1
2123232	2123209	2
7186188	7264958	1
9098868	9074265	2
7335554	7335553	1
8055817	8055818	1
421908	421907	1
10179639	10179643	1
10562924	10562921	1
7227955	12418882	1
904792	904791	1
9589745	9589748	1
6327090	6327414	1
5258446	5258299	4
7201436	7201435	1
5517560	5517559	1
3227718	3227715	1
2507271	2507274	3
417420	417402	1
3308480	3308477	1
7250788	7250104	2
9645771	9645772	1
3277595	3277596	1
7391309	7228223	1
8569712	8571052	1
1833144	1833141	1
12279031	12278680	2
5825177	6848535	2
12466131	12466132	4
7999557	7997506	1
10896323	10898871	3
904260	904259	4
10226026	8917611	3
10393527	10393515	1
8845748	8845745	2
3522943	3505545	3
4737842	4737841	1
3292195	3292285	1
3857696	3860561	1
542626	542625	2
5502062	5502061	2
6467603	6467604	1
361867	361878	1
9007568	9003646	1
5516843	5516844	1
12783441	12783444	1
2749833	2749834	1
6138104	6138103	3
11312241	11312242	1
6853184	6850938	1
7284053	7284056	1
7218645	7218646	1
11054151	379347	3
2475487	2475488	2
12489532	12488629	1
12244481	12244206	2
6053195	6053196	1
4528471	4528472	1
12431758	11214899	1
9009405	9011255	1
1284985	1297967	1
12459019	12458960	1
6979208	6979214	1
8296626	8296841	1
5994946	5994945	1
2827645	2830793	1
1711251	7775132	1
4578725	4579549	1
5993017	5993018	2
1129897	1129895	1
8538300	8538247	1
2838041	2838099	1
6801164	6801180	1
8781136	3718763	1
5585717	5585419	2
7207831	7207818	3
10078678	10078675	1
6985689	6985690	1
2564709	2423641	2
5409527	5407923	1
544620	544619	2
12023887	12023742	1
1332600	1332620	1
2407706	2407717	1
4309955	4309348	1
11120548	11118781	1
5497964	5497961	1
10333174	10333173	2
3857689	3857690	2
11022570	11022605	1
2145308	2145305	2
7451858	7452583	1
9589745	9589746	3
7907631	4546329	1
6490646	9251713	1
5809089	5809090	4
6493384	6493383	4
7651774	7651777	1
6221550	6221545	1
11917934	11910520	1
2060404	2060292	1
11092975	11092986	2
3605904	3605901	1
3928741	3928742	1
5753066	5753065	2
10457261	10457262	1
4578725	4578726	1
8059467	8059441	1
8848210	8846282	1
1218865	1218866	1
7325181	7324887	1
10331010	10331005	3
2732498	2732497	1
5328563	5328564	1
5297628	5297765	1
5569463	5569446	1
11990094	2233098	1
790756	789032	1
8357355	8357356	2
2554586	2554542	2
131545	131548	3
10469018	10469017	1
7468017	7474768	1
9148214	9150219	1
9951505	9951483	1
7649439	7649440	3
2144055	2144058	1
2469306	2472808	1
445635	445636	1
9566783	9568647	1
757368	757367	1
5878965	5879442	1
3201772	3201769	2
8250655	8250656	2
9378535	9379112	1
429787	429801	4
2164614	2164613	1
1235185	1235190	1
8610836	8610839	1
7481987	7481988	1
1287039	1286060	3
4699798	4699797	1
8108710	8108709	2
10889035	10897750	1
7529473	7529469	3
2125000	2126707	1
10345464	4795798	1
7412503	7412504	2
2595877	2595880	3
6786854	6788824	1
9506910	9506909	4
10572904	10572903	1
1935023	1935245	1
11788909	11789505	1
9237086	9237085	2
10566714	10567381	1
6493758	6493755	1
9346026	9346023	1
9506880	9506879	3
4865253	4865254	3
6699704	6698698	1
2698291	2698294	2
3867535	3833737	1
12577047	12577048	2
6795925	6793678	2
7073653	7073654	1
12628171	12624595	2
11491791	11491792	2
5233135	5233256	1
6579176	6704144	2
6066009	6066013	3
7517719	7517720	3
6405665	6405617	2
11921941	11921942	1
9552968	9553638	2
5115026	5115025	3
551969	551970	1
3822035	3822044	2
4102082	4102081	1
12151351	12150700	1
2872265	2872266	1
6768625	6768621	1
6475425	6475426	2
945559	945560	1
1198546	1198545	1
5539054	5539053	1
590429	591173	2
4075262	4075275	2
5906200	5906117	1
7713	7714	2
745514	745513	1
2846613	2846614	1
10226026	8917615	1
7370477	12241094	1
6327638	6324345	1
5150885	5150886	2
969169	969170	1
1210634	1204969	1
5501952	5501869	2
12612222	12612236	1
1692641	1694748	3
6053303	6053304	1
12466133	12466134	3
9974354	9975099	1
2533937	2536511	1
9967768	9969992	1
12316068	12316065	1
8011918	8011915	1
5455892	5456335	2
9350288	9351595	4
4610928	4610648	1
10020132	10020097	3
8156752	8156749	1
11840130	11817403	1
2873464	2874646	1
2656137	2656152	2
2497963	2497964	1
1882100	1881910	1
4726843	4726392	1
9708971	9709049	1
10587249	10587252	3
1236176	1236175	1
10737402	10737401	6
8410454	8410542	1
10895117	10896315	1
3562718	3564432	1
7529936	7529842	2
10357309	10357320	2
10392385	10392378	2
1594139	1594193	2
3602839	3600285	1
10760613	10760616	1
10526380	10526379	2
7024940	7024937	2
790756	789036	1
12783229	12782238	1
11648171	11648172	2
5806202	5804574	1
9854262	9844321	1
9576733	9578177	1
4578723	4578724	2
3741156	3741155	3
9325280	9325291	1
9935322	9940536	1
3523942	3523690	2
9833490	9833489	1
2210161	2210162	1
10193277	10193278	1
11874436	11874326	1
5430703	5430704	2
3257923	3257963	1
8837983	8837988	1
10247699	10247700	2
11726549	11727046	1
6446343	1993061	2
5161050	5161049	2
11770006	11770019	1
1566024	1566021	3
9682151	9682141	1
10893197	10893199	1
4348506	4348497	1
899593	900069	1
351504	373205	2
3325343	3326391	3
6442006	6442009	1
10380823	3929228	1
1972023	1972109	1
10876341	10876342	1
13519	13520	1
5650171	5650172	1
1436712	1436711	2
10915826	10915825	1
4030798	6794439	1
3540597	3542157	1
1132351	1132352	3
3741156	3739402	1
4431545	4432698	1
3140678	3140677	1
5386042	5386041	1
12041293	12048425	1
2795568	2795567	1
4084355	4084453	1
7269677	7269694	1
10999357	10999363	1
736944	739910	1
12329930	12329906	1
5809087	5809088	4
6796472	6796471	4
5876910	6951419	2
5365605	5363991	1
10217356	10217354	1
1577590	1578570	1
3122564	3122563	2
7285260	7282481	1
3059869	3059870	1
10225342	10219905	2
12519073	12519074	1
8156744	8155063	1
6348634	6356854	1
7441890	7442266	1
9948244	9948243	1
760844	760839	1
11846698	657174	1
2404133	1562961	1
12642873	12643284	1
7886986	7885599	1
300349	300297	1
12678008	12678011	1
9177196	8996630	1
11510319	11626125	4
5318875	5318876	1
12029335	12029336	2
11480280	8150716	1
1874925	1874908	1
1074731	1074732	1
7793443	7790786	2
3667916	3667475	2
187804	628139	1
1663078	1663077	1
10747886	10745110	2
8516336	7962525	1
11985013	11985257	1
10460876	10460875	1
2608021	2608962	1
5569986	5569983	1
11526803	11526804	1
11155221	11155224	1
12323589	12323942	1
11537615	11535615	1
9079769	9078884	3
8290231	8290232	1
939820	941158	2
3260865	2922026	1
8556511	8557582	1
4699433	4699382	1
10670416	10624066	1
8989904	7888503	6
5237195	5237187	2
6692289	6693403	1
3269783	3273988	1
12791528	12797799	1
1613093	1626141	1
2413030	2413048	2
5505653	5505639	1
5133049	5133054	1
4277122	4277138	1
8153569	8153570	2
668078	668077	1
5923426	5923425	1
8589642	8590975	3
5994946	5994928	1
11974743	11974731	1
1790071	1792846	2
11936111	11936112	3
904258	904190	3
1475000	1474981	3
945338	945284	3
10357309	10357310	1
3783786	3786435	3
7756263	7756284	1
5342516	5342515	1
1738100	1738099	1
10977615	10977616	1
12244888	12244885	2
3024208	3024207	4
8319718	8075211	1
10228900	10228899	1
4831371	4831265	1
11184104	11184016	1
5435351	5435352	1
12666389	12666390	1
7704180	7704990	2
275808	275807	2
1100904	1100960	1
11159599	11159600	4
9143110	9139586	1
11079778	11079777	1
1565053	1557721	1
3051163	3051164	1
2561713	2561436	2
742142	741972	3
9087369	9087370	1
11038520	11038517	1
6105849	11181181	1
11537615	11537326	5
11704626	11704617	1
11038481	11038519	3
9053828	9031702	1
7445002	7192852	1
1130913	1131015	1
11993752	11989357	1
12239941	12239942	1
5587892	5587891	2
3246783	3246784	2
1569879	1590569	1
2088802	2015780	1
8468223	8468264	5
760844	760843	4
11709294	11709293	1
11131921	11131922	3
4016810	4016809	1
5258298	5258297	4
732019	732020	1
10048554	10048553	1
5702966	5701449	1
421908	422900	1
7518537	7518540	2
9966946	9966945	2
6806824	6806915	1
11155221	11155226	6
8496197	8496219	1
10144850	10144911	2
1322267	1322268	2
6155309	6155310	2
1077082	1088732	2
5499238	8858728	1
4280714	4280707	2
10169272	10170318	1
5647896	5643874	1
3402218	3403807	1
9940531	9935361	1
6091107	6090526	1
12652085	12652065	1
1941431	1941432	1
11442262	11438889	1
3881865	3925507	1
9857933	9857934	2
3309418	11112732	1
8746747	8746750	1
9774228	9774471	1
4082276	4083546	3
7693031	7693032	2
8077505	8077663	2
2030710	2030709	1
5996209	5996784	1
5707745	5707746	1
6043089	6043082	1
2329929	2328700	1
12620100	12620097	2
908435	908436	1
11018194	11018193	3
3288192	3288191	2
11993136	11989877	2
386864	384871	1
10702185	10707783	2
10482476	10481403	1
10967359	10967360	2
3050151	3052119	1
8984844	8984843	1
6177308	6177305	2
2547897	2547466	2
4083002	4084546	1
5997354	5997353	1
10474567	10474372	2
1204980	1204979	1
2164614	2164611	1
56363	56364	4
804925	804903	2
4610892	4610889	1
3907413	3905005	1
4703996	4703244	1
12144750	12144821	2
642484	640859	1
7775141	7776590	1
7091096	7091095	2
4854059	4849028	3
681431	631005	1
10732632	10732631	2
5993173	5993018	1
3553301	3553113	1
4239130	4239041	1
9319166	9319178	1
2983775	2982709	2
10742175	10742217	1
5115029	5115027	2
10635402	10635400	2
8903700	8903699	3
4537077	4538122	2
1576065	1575753	2
3780283	3780284	1
4706170	4706160	1
10700603	10700604	2
11719849	5805312	1
6633158	6633223	1
4024180	4025530	1
7026280	7026393	2
8182653	8182528	2
1326588	1326659	1
2413482	2413480	1
6163309	6163312	1
12022976	12019964	2
1177965	1177966	2
7120408	10045292	2
168693	168698	1
5530844	5531930	2
6991263	6991523	1
9093362	9093361	1
9948242	9947837	1
1793362	1789502	2
11597253	11597263	1
899586	899663	1
1578805	1579152	1
5569982	5570658	3
2442197	2449753	1
3643171	3633923	1
2125820	2125819	3
7263932	7265067	2
2954487	2954488	1
913551	7266076	2
1249126	1249123	1
9702071	9702072	1
10700601	10700602	2
8531385	8530802	1
8660921	8653896	1
9839188	9839187	1
9573287	9573288	1
10535718	10535748	1
11486606	11486605	3
8811379	8811380	3
5925742	5926297	1
7398103	7401243	1
7149554	7151414	1
210189	3024209	6
7737776	7737411	1
5227209	5227333	3
2611183	2609600	2
8455669	8470513	1
5429388	5429387	1
4789311	4789312	1
4068350	4068345	1
118352	118369	1
4883	9871	1
10677341	10677342	3
1776876	1778876	1
5171425	5171703	1
9780248	9780247	1
3140479	3140480	1
8519055	8516368	1
924243	924244	3
3283555	3280547	1
2846617	2846618	1
7933522	7933519	2
4842935	4842936	2
8846837	8846838	3
7335552	7335551	1
11817782	11817680	1
8531387	8530802	2
8840185	8840216	1
11128318	11128335	1
4356770	4356769	1
10360839	10360840	2
11856684	11852732	1
11701964	11700187	1
7099529	7099490	1
4404219	4404220	1
2924134	2924133	2
12783229	12783230	3
1939110	1940600	1
5275118	5275841	1
4413498	10360524	1
554278	500461	1
11266213	11425826	1
11477837	11478341	1
6512040	6512039	4
6413520	6413517	1
11821608	139226	1
6005272	6005269	2
3465703	3465298	1
1517527	1518718	1
3661849	3667977	1
9230787	9230788	1
11770899	11770902	1
10531869	10531878	1
8569019	8568735	1
8694865	8694866	2
11226628	11224163	2
5152388	5152387	1
9336756	9332700	3
7885424	7885421	1
11148518	11154244	1
8926248	6134702	1
2894290	2894374	1
11500711	11500712	1
2976297	2976298	2
8885904	8885798	1
1554405	1592085	1
3230875	3230876	1
8418797	8428594	1
2803843	2803844	1
168697	168698	1
10499137	10499337	1
8600790	8600789	2
7518537	7518538	2
396285	396288	2
1657810	5106659	1
11866437	11860534	1
8809514	8809062	3
6583162	6582716	1
3942570	3942682	1
1920898	1920887	1
10484015	10484126	1
1404676	1404628	1
804921	804922	4
1043192	1979123	2
3186632	3187230	2
9894903	9894906	3
1799403	1799404	2
10975652	10975651	4
6427720	4108862	1
9906602	9905906	2
8184545	8184546	3
3485765	3485433	1
10249187	10253243	1
7023898	7023911	1
12458488	12458487	2
3288194	3288191	1
5762375	5762376	2
7939308	7939061	1
1113742	1119835	2
949031	949104	1
266142	266467	1
1389673	1391163	3
5977718	5981575	1
69053	69056	3
1177963	1177964	3
3769525	3769526	1
12516109	8987109	1
5862055	5862056	2
6901672	9898605	2
11184032	11184031	1
2830792	2830817	1
7610243	7610262	3
10601035	10601025	1
3521386	3521371	1
4868364	5150884	1
668425	5283417	1
3130288	3130285	1
12424373	12424420	1
12538135	12538709	1
1801057	1800695	1
7798419	7796703	2
5195768	5195767	2
1512419	1517330	1
258837	258545	1
10547204	10529055	3
9053952	9055271	1
6440054	6440053	3
6308584	9428559	1
3534195	3528608	3
4694943	4694944	3
5923907	5924257	3
10849218	10849217	2
8089345	8089346	1
7037486	7037504	1
8517851	8517889	1
3065917	3065918	2
4381046	4380316	1
1252811	1252800	1
11862416	11862442	1
5484881	5486949	1
6458355	6458385	1
10295674	10295671	2
12052032	12052009	1
2500049	2499263	1
12019182	12021103	1
5635891	5635841	3
846497	955624	7
7583110	7586926	1
8004782	8008880	1
12766432	12766431	1
7899250	6534367	1
544196	544195	2
12300565	12302750	2
5923903	5923904	2
5116004	5116047	1
8077524	8077344	2
10532366	10525714	1
9161818	9161991	1
9311272	9311271	4
2268043	2268044	1
4619689	4619690	1
6343202	6343201	1
9127682	9127681	1
2007648	2007645	1
11791159	11791160	1
4989446	4990519	1
11328334	11328333	1
11862439	11862440	1
4610894	4610893	1
9871884	9873995	1
406583	400927	1
7334397	7334400	1
1734850	1734869	1
1978479	2163206	2
945287	945303	3
11738354	11790523	1
5423654	5423653	1
1562958	1562957	1
8784889	8788641	4
2404133	1562963	4
1409347	1423923	1
6319127	6318473	1
5998827	5998828	1
10769287	10769288	2
8896591	8896594	2
622543	622544	2
3587388	3587387	2
6493382	6493390	1
11758974	11758110	1
4993843	12406004	1
1699987	1699988	1
10295674	10295673	1
6732019	6732020	5
2467713	2467690	1
11603043	11603044	1
778136	778155	1
398259	398260	1
685267	685268	1
4679752	4679749	1
11376872	9916429	2
2220698	2220697	1
5237195	5237185	1
3374453	3374416	1
5245357	5245358	2
95486	8083433	1
2851252	2848088	1
11189716	11189715	2
4000546	4000559	1
8517882	8517903	1
10384818	10384832	1
12651981	12652006	1
7666218	7666215	1
1876540	1007955	1
11682202	11682199	1
350719	350720	1
1917431	1917445	1
374473	374555	1
6536358	6536480	1
7318190	7318147	2
11699850	11699795	1
10673364	10624087	1
3867174	3696731	3
10333185	10333175	4
10756829	10755801	3
4308256	4308268	2
6014578	6018129	1
5463217	5463222	1
776200	776847	1
7960348	7960458	1
4704240	4700644	3
439066	439065	1
8413013	8413429	1
7610241	7610262	1
6372497	6372498	1
12187860	12188020	1
1911982	1911981	1
7065822	7065743	1
1717081	1717082	4
4066763	4054872	2
7012681	7012684	1
7404467	7404470	1
7813640	7813639	2
7728787	7727317	1
4789303	4789304	2
8921651	8921975	2
448967	449470	2
7793897	7793368	1
8278902	8279089	1
841825	841090	4
11092987	11092988	2
426892	426891	1
10973763	10973764	2
4028468	4024631	1
1224263	1224264	1
6074734	6074733	6
6534605	6534606	1
5516841	5516842	2
7610241	7610242	4
8364870	8370321	1
10052213	10052214	1
3987060	3975140	1
2484141	2484281	1
4390823	4390824	1
8556339	8559588	1
10482458	10482461	1
11974728	11974727	2
6028298	6026473	1
6844627	6844628	1
10290836	10278858	2
6922267	6917352	1
297054	297053	2
4686654	4597145	2
9361272	9361266	2
5152386	5152063	1
3186634	3187230	2
586723	588133	1
8409264	8405010	1
9930001	9930314	1
10047656	10045405	2
8184595	8184596	2
5571209	5571210	2
3398905	3398906	1
3565614	3565605	1
7289326	7263828	1
1749265	1749284	1
12778221	12386548	1
3640431	3640434	2
9093842	9093839	1
5383250	5381916	1
11225245	11225412	2
7918070	7918113	2
7932441	7932804	1
9083354	8829371	2
11922331	11921940	1
10084705	10083260	1
9503022	9503021	3
3150398	3152061	3
3537606	1100815	1
668038	668077	1
10723477	10723478	1
9697581	9724850	1
6249087	6249088	1
3425178	3425128	1
10754311	10754314	2
1111118	1111082	3
8954462	8954448	2
1947300	1954898	1
8241008	8241007	1
10301702	10301603	1
736945	739805	1
4048574	4048573	2
110934	110933	2
3418804	3478641	1
310895	310896	2
2405249	2402636	2
2321160	2318926	1
10355041	10355042	2
4072251	4072964	3
496931	504600	1
7228432	7232884	1
1289111	1289101	1
10936835	10936836	2
8391607	8391908	2
2698295	2698296	1
5152507	5152508	1
3285506	3285509	1
10998277	10998278	1
6637918	6637917	2
4539687	4539704	1
5919367	5919368	1
10899006	10899124	1
1452587	1452588	4
10601882	10603513	1
7781246	7780957	1
4706170	4706169	3
10354252	7142811	1
7382490	7382489	1
11389431	11389606	1
10627631	10627632	1
4366708	4368227	2
10587251	10587252	1
7358394	7358386	1
7888796	7888802	1
376582	375663	1
10249713	10248385	1
2579192	2488829	2
6997495	6997498	1
1900547	1900006	1
7734731	7734734	1
10193539	9981328	2
3521386	3521385	5
6292046	6292045	1
306863	309071	1
11479078	11479557	2
12765041	12764759	3
10823248	10823247	2
4789527	4789528	1
11849060	11854702	1
8350546	8350410	1
12302744	12482284	1
9811058	10083321	2
1327049	1327050	3
12514418	5277762	3
12538103	12538128	2
7693600	7693836	1
2375568	2375383	1
6521113	6523524	1
11765655	11766645	1
2123234	2123233	2
179977	177784	1
12466135	12466136	3
2630720	2632118	2
8230087	8230090	1
11198506	11198531	1
10939316	10939283	1
1695749	1633211	4
9775159	9775160	3
4303788	4303783	2
12458535	12456838	1
11927293	11927722	1
874873	874677	1
11859168	11858129	1
511443	514231	1
2989306	2989843	2
11926416	11927369	1
1804239	1805043	1
2586109	2586012	1
9624678	9617920	1
9148219	12717071	1
12135960	12135959	3
11922131	11921341	2
6580512	6580497	2
5510806	5527183	2
7221120	7221119	2
2521602	2523485	1
3278002	3276653	3
2185898	2185897	1
4265903	4265434	1
10763790	10763788	1
492840	492839	2
2949652	2951545	1
6242432	6242429	1
3821033	3821034	1
585718	585805	1
1778459	1778460	1
8176709	8176710	1
12454746	5815284	1
8750383	8752566	1
1207240	1207239	2
11974743	11974727	1
849358	850493	7
101355	96615	3
6886885	6886886	2
358727	2280527	1
7839291	8947619	1
55720	55807	3
8055813	8055814	2
10474977	10474978	1
7789052	7787763	2
1683664	1683712	1
8453504	8453503	1
1391121	1391122	2
9532242	9532562	1
4474575	4474576	2
11079782	11079779	1
6117414	6118213	1
10922212	10922225	1
10445610	10445609	1
5705789	9544361	1
4614814	4781923	3
8530557	8528692	1
6732023	6732024	4
7760009	7760094	1
8613636	8613635	2
10048444	10048209	1
8953876	8951880	1
10732630	10732629	1
9777518	9777517	1
7629346	7677048	1
10158856	10157314	1
4025251	4026371	1
6574553	9519240	2
319163	319164	2
3021508	3020212	2
10144852	10144851	4
11875211	11875130	1
12801871	12800161	1
9377658	9376983	3
12133014	12133013	3
7221197	7221198	1
1760519	1748963	1
2732009	2732011	3
11380087	11378975	1
3879016	3879112	1
7077689	7073652	1
11974730	11974729	2
1437345	1438464	3
10065247	10065189	1
6158764	6160114	1
3567101	3567102	1
8978667	8981377	1
3745347	3745348	3
12466622	12466619	1
10833465	10833466	5
7036391	7036392	1
7150667	7155590	1
7693029	7693032	2
3796560	3796559	1
11132942	11138405	1
1564801	1565902	3
9991593	9991594	5
3567085	3567136	1
5930259	5930260	2
3760781	3760782	1
2227850	2227849	3
2395976	2439393	1
2866077	2866078	1
4801195	4786584	1
9523714	9525365	1
1113744	11625506	1
6210106	6210115	1
10371601	10371527	2
6272855	6272856	1
9311571	9311552	1
8729338	8729362	1
10480247	10480255	1
6005274	6005273	1
12491199	12491151	2
9894903	9895155	1
11699199	11699200	3
6012410	5997537	1
11487570	11483915	1
3158881	3158882	2
5713601	5713426	1
5508109	6131636	3
558364	679172	1
11820927	11761249	1
6539267	6534526	4
7036722	7037246	1
665220	667668	1
4939972	4939971	1
12448877	12446989	2
255411	255412	1
722018	721969	1
9230893	9230788	1
10452603	10452604	1
8653979	8653307	1
7666700	7665459	1
1224265	1224465	1
10039292	10039291	1
5097057	5097058	1
10767437	10767438	2
6516453	6515732	1
12458522	12457059	1
9495102	9497219	1
1566022	1566019	1
9530772	9530766	1
13731	13520	1
11637029	11637035	1
3546158	3546040	1
10660409	10660410	1
7694429	7694432	1
5994948	5994928	1
8023493	8014676	1
6589782	6589781	2
4109225	6427756	6
4299047	4282568	1
11835589	11875911	1
4428489	4428490	2
1978465	1978468	1
11795916	11796828	1
7081688	7082637	7
3233701	3234034	2
10531867	10531868	3
196297	196298	3
1797750	1797749	3
8622259	8622619	4
1049001	1049002	3
7269695	7269696	2
2770163	2771142	4
2398066	2393393	5
829706	830806	1
310307	457826	1
4188508	4193468	2
8355758	11530079	2
7712452	7711772	1
10538709	10538732	1
3487370	3487369	3
5456334	5456337	1
3074849	3074312	1
6212129	6212130	1
10256929	10254152	1
3248728	3248725	1
3380927	3380765	1
7665537	7665566	1
3890760	3890759	1
2671129	2671132	1
1567538	1564531	1
6197954	6197951	2
1030780	1030810	1
7441240	7441883	3
5371375	5371376	3
12291525	12291526	2
7135640	7135423	1
4113727	4104306	1
1030778	1030810	4
12230884	12230892	1
11726413	11726414	3
6158189	6159555	1
5505642	5505641	2
6296932	6296929	1
7819194	12302750	1
1590497	1590293	3
6156484	6156483	3
12634639	12634647	1
447274	444970	1
10322817	10322685	1
2230138	2203387	3
1594962	2537057	2
7077689	7073654	1
12284655	12284656	2
3857691	3857581	1
7874015	7871531	1
8926246	6134702	1
4284127	4284101	1
709957	707979	1
1322146	1311269	3
2594669	2594629	2
10206819	10206820	2
5503590	5504326	1
161576	161863	1
6613536	6589591	1
4998561	4998566	2
793913	4531603	1
2338434	2338864	1
2921680	2921626	4
136371	138728	1
12724030	12724029	2
9626025	9630584	1
1250081	1264951	2
11597251	11597263	2
11491437	11491134	1
10408241	10408242	1
1750065	1752223	1
7509367	7508872	3
12302874	12302873	3
9465339	9465340	1
4705104	4705103	1
11864855	11864706	3
8379317	8379476	2
3721182	3721181	1
8570266	8570284	6
3523513	3523500	2
2261014	2261010	3
10203726	10203725	1
2427898	2427897	2
7005091	7002447	6
6398644	6398771	2
774252	768706	1
9680062	9680184	1
12250722	12433037	1
5357965	6817127	1
2060402	2060292	2
5369575	5369576	2
3760166	3758151	1
997135	997136	1
7309789	7309779	1
2443916	1826218	4
11799883	11791147	1
7992068	7992065	1
874131	4586345	1
2596248	2596247	1
2996191	2996459	1
11275369	11275370	2
2029069	2034991	1
3557565	3564316	3
1134273	1134274	2
12431758	12358985	1
333115	333118	2
4555239	4555240	1
1656242	1650175	1
7932721	7932724	2
12679639	12679640	1
5712893	5712894	1
668427	668428	1
4914973	4916753	1
5649552	5649588	2
4374756	4374744	1
6748835	2695879	1
5462447	5462308	1
6646214	6644911	1
5597953	5597956	4
824707	824272	1
10880121	10880122	2
4068507	4068351	1
11922329	11922330	1
12303559	12303562	1
3158030	3157923	6
9312782	9312781	1
2521602	2521601	3
5246602	5246599	1
11521132	11519857	1
223207	292737	2
779222	779309	1
4992443	4992449	1
26228	26227	1
6878302	6885471	1
2826603	2826604	3
7341793	7341796	1
4758623	4758624	4
4532208	6923367	1
7617561	7617562	1
4357524	4357416	3
7908408	7908407	1
13731	13518	1
9275239	9275240	1
2827885	3116147	1
1541785	1541786	1
3214478	3214477	2
11081219	11084098	1
10398148	10398147	1
785949	788072	2
9606242	9606261	1
2798897	2798898	2
10737400	10737399	6
12292368	12292000	2
4425799	4425851	1
4648218	4648203	1
9142213	9142214	2
3521933	3522822	2
7607629	7611693	2
10291953	10291954	2
11935483	11935298	2
6490646	8566959	1
9491432	9491431	1
4239028	4239027	1
9538867	9538868	1
1562962	1562957	3
6283643	6283644	1
5843460	5843457	1
12238501	12235695	1
4247784	4247772	1
4529516	4529515	1
8919448	8919501	1
7384717	7384718	2
11292393	11291471	1
1621026	1621049	1
11974419	11974420	2
6549646	6548428	3
3822035	3822042	5
9165633	9165621	1
9093842	9093841	1
7424075	7424076	1
12663975	12727553	1
5374188	1579061	1
10301509	10301512	1
11883074	11883072	4
9840588	9840505	1
6292046	6292054	1
11858053	11858049	1
894916	894915	2
554280	554279	3
5204231	5303579	2
7656535	7761613	1
6783815	6788945	1
10578748	10578719	1
6528786	6528820	1
2442188	2442187	2
7596826	7596825	1
12482285	12482286	3
10899106	9469767	4
12774417	12774410	1
728679	728680	3
9942093	9938679	1
9355451	9355941	1
1061782	1061781	1
11152165	11152166	1
2746878	2746677	1
9840655	9844930	1
6865538	6865395	2
2996117	9837702	1
5265267	5265229	2
6050439	6049080	1
8163762	8164992	1
10898565	10899231	1
7218645	7218648	1
12491583	12491584	2
9977737	9977738	3
2385303	2402267	1
6732250	6732249	3
1033416	1033415	1
6201702	6201701	1
11155227	11155192	6
4669264	4662031	1
4847089	4847090	1
10878318	10878317	1
588508	588490	2
6468619	6468832	2
3552912	6366006	1
6799076	6797343	1
8428361	8400535	2
6015702	6016598	3
7257474	7257479	2
5190232	5190231	1
7097814	7097813	2
6941909	6941910	1
10737402	10737399	1
8170608	8170622	2
7048728	7048698	1
1710046	1710146	3
3569387	3569398	1
12781588	12781536	1
7718883	7726719	1
4157469	4157474	2
3438771	933149	1
12352717	12352667	1
10920598	10920932	1
7998967	7999042	1
9780246	9780245	1
10208752	10206975	2
9386377	9386368	1
8810778	8811076	3
8464051	8464052	3
5129809	5129801	1
3463701	3476990	1
5989335	5989336	1
10411950	10411949	1
3656255	3656231	1
1512419	1517328	1
438558	437659	1
12518639	12521301	1
6600803	6600748	2
10985347	10985432	1
10464314	10464311	1
11789872	11789845	3
3927462	3927459	1
8846839	8847266	1
11536135	11536099	1
5281741	5281659	1
10775711	10775721	1
2846615	2846616	1
10251835	7292752	1
6196932	6198219	1
2146164	2146426	1
7474305	7788609	1
789035	789036	2
7753765	7752125	1
8413143	8413144	1
11514698	11514688	1
4663220	4658816	1
661145	661146	1
8834991	8834992	1
803035	803036	1
2878426	6647803	1
9245709	9244842	1
7604337	7604343	2
10705917	10705918	1
1468900	1468899	1
1158949	1158952	3
8846281	8846282	2
12568579	12567244	1
2168976	1007335	1
12552104	12552092	1
7808698	7808656	2
2150239	2152396	2
8332260	8330712	1
10333183	10333175	1
8746747	8746748	2
1661586	1667990	1
10011418	10011417	2
6048329	6048330	4
5674748	5674747	3
3285512	3285511	1
4705714	4703865	1
3975961	3999052	1
6418018	6418578	3
8837983	8837984	1
2535204	2535203	2
9819039	9819854	1
10999362	10999361	1
8436942	8436946	1
6698265	6698268	2
3012399	12466303	1
778671	778672	1
11862445	6498823	1
3615412	3614734	1
848286	848540	1
6406516	6406513	1
5698627	5699369	1
10961918	10962671	1
5760866	5760063	1
11268725	11268726	1
1452613	1452586	4
9578252	9578225	1
4171118	4171112	1
5117972	5119093	1
3448246	3448273	1
958890	958889	1
4328061	4328138	1
12227717	12475255	1
131543	131544	3
9855168	9852855	1
1310357	1310358	3
5587086	5589786	1
1545464	1545183	1
10926714	10925939	2
7643865	7643866	3
11912296	11912295	2
2511322	2511321	1
11718569	11718570	1
4025251	4025252	5
10977621	10977622	1
2330867	2330873	2
10274500	10272009	1
5208494	5208462	2
11685310	11685269	1
5098181	5098363	1
501618	502698	1
10970045	10969949	1
6275538	6275600	1
11403579	11403580	1
3807282	3807281	1
293041	222965	1
825633	825025	2
10263634	10263633	1
7211244	11334151	1
3888739	3888742	2
7758804	7758767	1
11718567	11718570	1
1450946	1450945	2
9074321	9074322	4
2404133	1562957	1
4615998	4615997	1
7997505	7997506	1
1903873	1903428	3
4443026	4440175	1
4651411	4652388	1
6512038	6512037	7
6366007	6366008	2
3757514	3757513	1
4199741	4199698	1
3214826	3269619	1
6756337	6768622	3
2923245	2922886	1
6516411	6516412	1
7446342	7446341	1
6387396	6387395	1
1705723	1705309	1
10417496	10417499	1
5452347	5451004	1
69055	69056	1
6032751	6029302	1
10325123	10325124	1
1845440	1847369	1
8446312	8445332	1
11593652	11540408	4
8477538	8477501	1
9795231	9795249	1
551967	551968	1
4226444	4274922	2
5134033	5133068	1
10193275	10193276	1
6061549	6075429	1
10584598	10583558	1
2426570	2426573	1
10503755	10504058	1
7693198	7693177	2
6804155	6816527	3
5327187	6600675	2
5815076	5815075	3
1310359	1310360	1
1010983	4140783	1
4023887	4023888	1
10009271	10009272	2
6988148	6988155	1
9582236	9582696	1
7446342	7446339	1
10259194	10259210	2
4868205	4859271	2
3545387	3545714	2
2223593	2223614	4
9137778	9137483	1
1322361	1322266	3
6416091	6416068	1
11557056	7335235	1
4529518	4529517	1
10756094	10756093	2
6580512	6580493	2
11678631	11678651	1
2591869	2591870	1
7992655	7992656	1
2172741	2172742	1
6693041	6693042	1
3028866	3028865	1
10466987	10465906	1
12124978	12124807	1
3982626	3982625	1
4137934	4137933	1
5188054	5564106	1
2003949	2002229	1
5483279	5407203	1
6549648	6549647	4
1477540	1664884	2
3688555	3685645	1
5152505	5152506	2
1236852	1236659	3
7126332	7126607	1
3907345	4124869	1
7733287	7735540	2
12304800	12305898	1
11774728	11773570	1
1468578	1483772	1
924241	924242	3
3770267	1331423	1
2953679	2953680	3
5666008	5666050	1
3192262	3020509	1
7620199	7626387	1
3730058	3726839	3
1048946	1049000	2
6544831	6545098	1
6451318	3956419	2
1360737	1360738	2
2152817	2153109	1
3254838	3249522	1
5290205	5199376	1
2007648	2007647	1
7284053	7284054	2
8759053	8759054	1
4254955	4254956	4
5151667	5151675	1
5582879	5569719	1
656233	657121	3
12183112	12183109	1
8902382	8901691	1
10975654	10975653	3
12726644	12724031	2
433758	433757	2
2933171	2933174	1
2227848	2227847	2
912477	911645	1
9264480	9241618	1
4067307	4067271	1
10217722	10217721	2
1048953	1044739	1
12259510	12259503	1
12534653	12532267	2
7992064	7992067	1
1127436	1130163	1
1016457	1016458	1
1408364	1467783	1
6580496	6580495	1
11434962	11434965	1
7364286	10250565	1
143571	82593	1
6596356	6596377	1
1077037	1077038	1
1891672	1891671	4
1278450	5132275	1
3459175	3459176	1
789033	789034	1
8843426	8843449	1
666224	6300616	1
11609076	11609075	2
76016	78716	1
7885598	7885597	1
7948136	7948135	2
9860716	9863746	1
11969743	11969172	1
11436567	11436270	2
12405998	12406001	1
10838416	10837233	1
8088257	8085709	2
12696146	8886270	1
8376223	8376224	1
6529942	6541765	1
2697612	2694105	1
12371278	12371277	1
9506878	9506909	2
10510964	10512194	1
4619689	1998099	1
6141273	6141274	1
3658766	3644107	1
755719	754173	1
8837987	8837988	4
7933518	7933486	2
2803841	2803842	1
12466622	12466621	1
1822252	1822251	3
886203	886204	1
6689863	6690928	1
10043509	10044865	1
4685924	4685923	1
112351	8079119	1
10184997	10185005	1
3881861	3881864	1
6040789	6040792	1
6986487	6985131	1
2526551	2526552	1
4817006	4817030	1
2961535	2961529	1
301894	301893	5
44612	8566715	1
6737141	6737142	1
1218867	1026012	1
5819806	5821610	1
11390354	11390353	1
5558662	5558661	2
2661518	2738181	3
3820499	3820500	1
9983056	9982818	1
1993603	1993604	2
1679991	1630276	1
7179952	11688444	2
12193	12194	1
3923649	3932137	1
7019450	7021036	4
10945732	10941817	1
882377	882371	1
3929931	3929964	2
4810039	4810064	4
3339356	3339790	2
1469019	1469020	1
6580496	6580493	1
4017325	4018191	1
5551741	5551732	1
4141599	4141517	1
4362408	4362407	1
3860636	3860635	1
9174253	9174503	2
3545333	3545334	4
11158409	11161625	1
2237056	2237051	1
1972517	1971805	4
1441128	1442102	2
4062037	4062038	3
3218113	3210806	2
10774785	10774688	1
10531869	10531874	1
10350899	10350900	2
9375211	9375212	1
8647311	8904151	1
8693363	8693364	1
7430456	7430455	2
7854191	433759	2
252712	252711	1
5297632	5297629	2
3749460	3750349	3
8425927	8425930	1
5311432	5311431	1
3201770	3201769	3
8074130	8074129	2
4311157	4311274	1
12251817	12249629	2
3587278	3587389	1
1358824	1358835	2
6391941	6394924	1
2866844	2866076	2
5501772	5501749	1
4998563	4998566	2
6979158	6990851	1
8863954	12451442	1
7800660	339947	1
9090818	10445611	1
5555369	5555334	1
10627629	10627630	2
11681580	11681579	4
4734992	4676877	2
4025531	4025532	2
3979113	3979114	2
1449144	1450751	1
6589590	6589589	1
5952972	5952966	1
12152713	12152714	2
6512042	6512041	4
12455324	12455323	1
6945199	6953880	2
12539851	12539852	1
6280694	6280693	3
5537404	5529947	1
10560694	10560693	1
1707838	1707837	3
6019843	6019838	1
2795570	2795569	1
7007483	6868774	1
844301	844279	3
6732248	6731692	3
6603614	6603805	1
4254973	4256626	1
9960783	9960784	2
4644278	4644275	1
6867446	6866201	1
7097816	7097813	1
9312579	9312580	2
8557583	8557584	3
10508711	10507648	2
7960706	7960633	1
3990035	3993656	1
10832162	10832159	3
3937761	3937764	1
10898565	10899229	1
10184995	10184996	1
6765855	6765856	1
7379143	7393014	1
11181180	11181179	2
10629103	10629104	2
12443267	12443160	1
7693033	7693034	3
9336758	9336757	2
10074594	10075499	3
4139183	4136809	1
11080302	11080728	1
5809087	5809090	1
12765933	12768086	2
4831051	4831052	2
2968462	2968668	2
12144236	12145008	1
4025253	4026369	2
1117743	1117744	3
6988799	6988368	1
5204607	5304797	2
6050702	6050683	1
9707936	9707993	4
12284657	12244332	1
3049023	3049024	2
9089511	9094393	1
10096101	10121038	2
7193397	7193398	1
5979472	5979471	1
12266282	12266943	1
8850769	8853466	1
4363331	4370098	4
388330	387974	1
2334800	2334728	2
11122020	11123069	3
4013653	4010837	2
7756283	7756271	1
8055815	8055816	2
7586318	7511252	2
7959486	7959485	1
7446431	7446432	1
524581	543990	1
939914	939003	3
10048552	10048555	1
7451859	7451874	1
3103385	3103381	1
3716293	3716296	2
10798221	10798138	1
6701858	7778811	1
2602709	2602799	9
1093988	1093964	1
6844627	6844630	1
3040984	3042873	1
11250569	11250570	1
6582732	6581545	3
2125824	2125821	3
11481525	11483771	1
2468820	2468819	2
8442013	8517357	2
11685309	11685268	1
6210104	6210115	1
1310973	1312639	1
9346669	9346670	2
6201700	6201622	1
9356214	9362585	1
751385	751520	1
2525552	2527322	2
7943024	7943023	3
9527630	6510365	1
12684396	12684193	5
10020096	10020764	2
4361712	4361736	2
10464314	10464313	1
5440337	5444281	2
4038604	4038644	1
4455703	4455704	1
6693571	6693572	5
2242099	2242100	1
5042386	5042385	1
7268191	7288915	2
3028691	3274693	1
12239939	12239940	2
1797908	1833168	1
10313189	10315937	2
3184433	3184429	1
3890758	3890761	1
11612642	11612616	1
11989878	11989877	1
445637	448155	1
5238943	5238944	2
5421740	5420763	1
2531292	2490305	2
5383718	5383717	2
10907585	10907586	1
6343200	6343218	2
7404471	7404513	1
2671336	2671335	1
6327537	9467709	1
8999325	9006582	1
12815002	12815001	1
8817775	8817776	4
12351862	12351834	1
12038945	11851576	1
12491150	12491149	5
1360740	1360739	1
4096093	4096094	1
5193936	5193935	1
5952974	5952973	2
11154152	11154340	2
12448882	12448921	1
2336971	2336972	1
6974183	6998639	1
5363163	5363216	2
7758764	7758732	1
4615998	4615995	1
2521600	2523485	3
505743	505746	1
9192064	9192462	1
3701859	3702457	1
9511908	9511907	1
5464414	5464391	1
10805887	10806074	1
9139587	9139588	5
10063167	10063168	2
6977439	11788305	1
6896711	6896712	1
10618418	10617299	1
545224	4840665	1
8950519	8949016	2
7389889	7389890	1
8997778	8997523	1
2571700	2571446	1
11002109	11002110	1
10209535	10209536	1
8000803	7940296	1
5208237	5207659	1
2442192	2442189	1
10228898	10227270	1
1290443	1290445	2
965737	965738	1
5629803	5629788	1
12616488	12616492	2
7734204	7734201	1
287175	287176	2
4625979	4625973	1
6407739	6448036	2
7932721	7932722	1
3481261	3481262	1
3167337	3167338	1
11091217	11090768	1
2060404	2060403	2
7898956	7898955	1
6537567	6537571	1
5998821	5998828	1
11678631	11678632	1
8077505	8077506	2
6846270	6849197	1
8438372	8438377	1
1288378	1288377	1
4849999	4853950	1
4878911	4878921	1
6551955	6551956	1
10481404	10481403	1
1469021	1469022	2
12736604	12736885	1
10210575	10210468	1
7862644	7861584	2
10642780	10642779	1
421906	422900	2
4002382	4003832	2
5613488	5613487	1
7529468	7529465	2
1043194	1043193	3
2507342	2507321	1
3147215	3150616	1
9891322	9954825	1
11883076	11883075	4
4594243	924287	1
9897417	9897418	1
3608592	3605894	1
3034769	3031535	1
10206976	10206522	1
4009228	3380885	1
82378	146731	1
8803714	11556807	2
901549	901552	1
4046787	4046853	1
8566736	8569343	2
11086877	11086654	2
10647494	10563175	1
5594784	5594595	1
1296374	1302658	1
11846700	11846699	3
3925133	3883193	1
630258	630257	1
5440965	5503487	1
6366118	10191426	1
5360176	5358845	1
3649260	3648880	1
3983036	3368161	1
622545	622546	1
7825765	6524597	2
4182214	4182357	1
2164958	2164613	1
6499842	6501709	1
5417835	5417639	1
3368912	3373210	1
342292	341364	1
6719008	6720760	1
5466834	5464328	1
12015769	12015770	2
5504327	5504321	3
8104407	8196666	1
6262886	6262469	1
4023889	4025530	1
6108908	6107718	1
2236297	2236350	1
9503020	9503066	2
8558868	8558856	3
43719	45095	2
10702025	10702026	1
7606852	7606857	1
7259721	7259722	1
4188146	4188145	1
11790524	11790523	1
7014627	7014628	3
11668713	11671121	1
10450966	10450911	1
9385600	9385599	4
9570272	9570271	1
2922513	2922490	1
3761483	3761262	4
5796853	5796841	2
1775976	1775975	2
12444873	11217038	2
1287039	1286058	2
8026439	7968611	1
2796840	2796577	1
8171081	8312677	1
8610838	8610837	1
10264183	10301501	1
5066427	5067261	1
4789313	4789314	1
5481640	5481639	1
9724757	9724758	1
3687341	3685704	1
7694429	7694430	1
10286694	10289013	1
7554712	7554722	2
4566975	4566887	1
8404149	8404081	4
4783406	4783675	3
1263281	1263774	4
4152352	4156412	1
10561519	10549392	1
9573289	9573292	1
11391243	11391244	2
3153052	3152916	2
11862439	11862442	1
8156770	8156753	1
11724491	11724354	2
529449	529450	3
11563588	11563587	1
11449095	11473663	1
542624	542621	1
9589408	9587412	4
8164520	8164519	3
1235195	1235196	3
4446835	4446836	1
6096379	6096380	1
5598908	5599057	2
1835103	1835104	1
349761	349595	2
2561433	2565711	1
5208400	5208218	3
9242369	9291941	4
9287481	9287484	1
7767371	7768338	1
637845	637846	4
637845	637736	1
6074736	6074733	1
11597267	11597246	2
5808192	5808191	1
11862780	11862779	2
4489734	4491311	1
11785875	11771486	2
3539415	1101603	3
6961885	6961886	1
6512042	6512039	3
6530439	6530440	1
11180808	12684808	1
8950564	8951221	1
1748040	1775977	1
8957370	8957360	1
1468890	1469446	1
3285512	3285507	1
5260274	5260273	1
518248	314145	1
6005359	6004852	1
2507281	2507282	2
5708478	5709026	1
766564	773175	1
495535	495536	1
6951773	6953104	1
1933574	1933573	1
4507688	9730807	1
3633998	3633997	2
5831682	5831681	3
3524695	3524696	2
6548433	6548429	1
3258529	3258014	1
8599014	10602179	1
9884613	9884837	1
1482887	1483785	1
6147971	6148032	1
9148212	9150219	1
11757498	11757497	2
11311561	11311566	1
7812157	7812120	1
8574505	8574506	1
6490646	3986310	1
10281807	10281400	2
4430399	4430355	5
11085132	11085131	1
11120720	11120597	1
3039251	3045787	1
9540165	9540124	1
6835818	12206156	1
6600598	6673505	7
11786401	11786423	1
1691379	1692055	1
892324	2442696	1
11757506	11757505	2
448096	356231	1
7917503	7916406	1
10187839	9982331	1
6395232	6395231	1
10766772	10764610	1
5581077	5581078	1
9564535	9477169	2
10775935	10775936	1
5042384	5042377	1
12037093	12037094	2
8292615	8292650	2
8457052	8469524	1
2256165	2256166	4
10759353	10760063	1
12538133	12538709	1
11477137	11477138	2
2016247	2016250	1
8845744	8845743	2
5232484	5233618	1
5333513	6534367	1
4987258	4987257	1
6325630	6325629	1
3189827	3191795	1
1397963	1752574	2
11821606	139226	2
9822783	9822786	1
7867904	7867785	1
904258	904192	1
7691263	7691264	1
5713027	5713028	1
11728823	11730688	1
7077691	7073654	1
1195393	1195394	1
3199510	3199393	1
1837731	1837485	1
3321272	3322605	1
12466133	12466136	1
6875252	6875251	1
3040527	3040528	2
204907	204908	2
8768271	8768272	1
6857972	6858059	1
1434843	1434844	2
948525	948554	1
5735110	5735273	1
2773781	2773782	1
1469299	1470764	2
7293092	7292996	1
2558864	2559125	1
11506160	11510378	1
6815440	6815443	1
7808700	7808656	1
6739940	6745085	1
760838	760837	4
5124288	5124149	1
8454404	8439429	4
5987914	5987820	1
4386679	4386682	1
8896595	8896596	1
10005585	10001096	1
6393289	6393290	1
3581382	3581381	1
2314207	2314208	1
8331466	8331463	2
6833389	6832577	3
3023025	3023964	3
809921	814674	1
708130	515161	1
378609	365663	3
7400620	7400625	1
11613855	11613856	1
11079782	11079777	1
10450966	10450913	1
3267800	3267799	1
889104	889103	2
3154651	3154654	2
2705639	2705640	1
7800660	7799216	1
2851333	2819253	1
5148613	5152479	3
10647496	10647495	1
2306210	2216338	1
10685765	10685749	2
11668367	11667366	2
7079066	7079065	2
4219314	4218929	1
5343507	5343508	1
10587249	10587250	2
272096	328867	1
319984	319981	1
7610957	7610958	1
10549297	10549298	1
10269221	10269222	2
3463929	7737409	1
11725550	11722673	1
11519266	8412921	3
4568970	4569604	3
1962616	1962621	1
7412501	7412502	2
8049047	8048701	1
3013636	3054136	1
11825655	11825656	2
8296442	8296598	1
10987243	10987256	3
5806202	5804572	1
143239	143242	2
752951	752952	1
1138910	1138909	1
7665567	7665568	1
9445794	9446438	1
7888500	7888499	3
7325181	7324889	2
3459664	3459456	3
8552829	8553463	1
4425179	4425180	1
6324309	6329741	1
505747	505752	1
6379766	6380682	1
3122433	3122434	1
11738354	11790525	1
5796853	5796843	1
5955775	5955776	1
389993	388117	1
10560170	10560169	1
264757	264758	1
4789311	4789314	1
7092988	7092449	2
7259859	7258114	1
10590141	10723367	2
5878638	5876182	1
6690788	6690825	1
10450905	10451188	2
8996108	8954806	2
9979820	9979385	2
8188828	8188825	3
1251695	1251696	1
4722325	4722304	1
4818457	4818504	2
9195042	9195041	1
7708514	7708786	1
9584005	9584006	1
5481336	5481335	3
8412920	8260098	1
4027765	4027766	1
2507279	2507280	2
10433069	10433051	1
10973037	10968821	1
5989337	5977787	1
7065742	7065741	1
11814649	11815564	1
10012739	10012740	2
6230226	6230216	3
7909324	7909333	1
6197950	6198222	2
10292105	10292106	1
10531875	10531878	1
8583869	8583870	1
11069726	11069699	1
12747366	11159806	2
8964837	8964840	3
7943712	7943573	1
7400548	7400674	4
1572767	1572742	1
4832839	4832817	2
10967359	10967362	2
616795	616796	2
5710769	5710770	2
1736539	915662	1
2595582	2596249	1
7657291	7657292	1
10005583	10005584	1
11119496	11122917	2
12762686	12521138	1
1778454	1778458	2
6575299	6575302	1
12538716	4953856	2
8567646	8564210	2
9523165	9523181	2
5152505	5152508	1
5638184	5638183	1
6106136	6106119	3
4303782	4303781	3
1099967	1099364	2
10156305	10156306	2
6497822	6497819	1
10127805	10127806	1
6580526	6580513	6
11191197	11191198	1
3469551	3469034	3
7190849	7241999	6
5153380	5312664	1
7144471	7144472	1
369929	369930	1
2658427	2659945	1
8905240	8905239	1
6988797	6988798	2
2507271	2507278	1
5843696	5843693	1
895311	895312	3
2847789	2847790	1
12446398	12446397	1
5283416	668428	1
10156321	10156322	1
5364395	5366280	1
6479330	6479327	2
7486921	7486871	1
9433867	9435744	2
7182684	7182831	1
7788603	7788604	1
7649891	7649892	2
8077507	8077663	1
7487134	7530289	1
7701717	7701718	1
1618818	1622335	1
9467710	9467709	1
4843254	4843309	1
6953105	6953106	2
8512325	8512326	1
11792048	11792047	2
2944647	2944648	1
7933524	7933523	2
1008559	1007328	3
3269146	3276115	3
1288632	1285902	1
3783788	3783787	3
6242432	6242431	1
10570056	10570055	3
12416994	7221121	2
3530683	3530684	1
4939970	4939969	1
9535463	9535464	1
8574507	8564711	1
5005381	5006169	2
10747934	10747933	1
2267863	2268054	2
3272711	3272712	2
9816865	9824682	1
10508711	10508712	1
12265512	12265511	1
12449535	4329056	1
6768623	6768624	2
11893205	11840373	2
3368915	3371561	1
7793633	7793501	1
337300	349774	1
1389889	1389637	1
2901996	2844181	1
1566024	1566023	3
11872514	11873514	1
4131278	7822361	1
889106	889103	1
3214476	3214475	2
6053197	6053198	1
1162702	1161858	2
455782	455738	1
11199286	11199289	1
11588357	8181389	1
6772458	6771836	2
12052915	12052866	1
7908337	7906514	1
3101360	3099928	1
1692251	1691957	1
5376601	5376606	1
8660568	8662187	5
12523440	12523439	2
10012739	10012742	1
7638063	7638064	1
3780281	3780282	2
8188824	8188823	3
3817032	3816477	1
760844	760837	1
7793291	7793375	1
7711795	7711796	4
11880873	11880907	1
4167129	4167130	1
11289089	11289090	1
2656137	2656138	2
11464096	11464130	1
6575301	6575302	2
4228728	2653402	1
6986756	6998334	1
8903413	8900796	1
9670839	9670840	1
12431340	8404767	1
6038512	6039285	2
2227056	2227075	2
10401384	10402259	1
10152549	10152550	2
11612429	11612432	1
1779570	1779569	2
790756	789034	1
7683336	7687223	1
6371460	6371459	1
7657289	7657292	1
12514699	12430630	1
5237186	5237185	1
2123098	2122751	1
7416133	7412830	1
7526885	7526886	1
1633210	1633209	1
11117324	11117346	1
11709764	11670802	1
12302744	12482282	1
11316610	11316609	2
12401585	12399167	1
3514977	3514978	3
4348506	4348499	1
10371505	10371506	1
9164144	9164132	1
7446786	7446859	1
6685321	6685322	1
965615	973473	3
7506443	7506294	2
668425	668426	1
4689111	4689112	1
1779926	1782898	1
6074732	6074714	6
10736672	4702735	1
8294365	8292852	1
315844	315843	4
9884938	9882723	5
12121914	12124060	1
9122103	11610222	1
1324131	1324132	1
9897411	9897412	2
1583658	1580990	2
2795570	2795567	1
5283459	5283460	2
5049691	5049692	1
7266077	7266078	1
10841712	10841711	1
5245359	5245360	2
4994766	4994508	1
4672499	4673662	1
9521269	9519850	1
622543	622546	1
7695196	7695167	1
7446340	7446339	1
9439096	9427016	3
11613863	11614651	2
436411	436089	2
10094484	10097885	3
7292753	10251834	1
9815360	9815359	2
5815076	5815089	1
7933522	7933486	1
9298542	9297976	1
7156235	7156344	1
5571211	5567337	2
8650058	8650008	2
11718567	11718568	2
6799067	11533754	1
3186634	3186633	2
596279	596280	1
56365	56366	2
5246604	5246603	1
8917614	8917613	1
10500297	10500298	1
982548	982569	1
10971489	10971497	1
10594248	10762156	2
5204359	5204785	1
12473363	12454997	1
4162888	4173511	1
707136	825691	2
5502218	5502021	1
11894601	11894602	1
8340141	8340100	2
6698263	6698268	1
4248831	4247743	1
11521130	11519857	1
1120851	3465588	1
5352497	5352271	1
11790296	11788762	1
11862416	11862438	2
5587890	5586060	3
9684080	222429	1
3556374	3556373	1
8972654	8972462	1
9994200	9993807	1
807000	806997	2
6292044	6292054	1
1532493	1530809	1
8373523	8373524	1
360773	360725	1
94548	94970	5
9923342	9923339	1
3792636	3792639	1
6490646	10299888	1
7693029	7693030	2
2439149	2439152	1
9506878	9506911	3
10741636	10743800	1
12349823	12347359	1
1718511	1718512	3
6302128	6301650	1
7691265	7690542	1
5342168	5343506	1
7348036	7348026	3
165274	167475	1
1881011	1881133	1
5439729	5439676	2
661147	661853	1
10986750	10988656	2
7568490	7568228	1
7259132	7259131	2
3832347	3832348	3
12716428	12716156	1
12551085	12560885	2
9775159	9775162	1
4004894	4004893	1
3209752	3209751	3
7745987	7745821	2
4498491	4498421	1
7721128	7723435	3
3552912	6366004	2
11760792	11760789	7
7096321	7093972	1
10906665	10906631	1
2461485	2461486	1
1566022	1566021	2
3540010	3543607	1
2258917	2255090	1
10973037	10968840	2
2410433	2463877	1
9439598	9439739	1
10381439	10380893	2
6625707	6625726	2
4464237	4464238	1
3285515	3285516	2
10989527	10989528	2
1640295	1640296	2
7651901	7649438	5
5700695	5700696	1
8752310	8752309	1
5129806	5129746	2
728681	735361	2
5333528	5333525	1
7091098	7091097	1
1077039	1077036	2
3180738	3184592	1
1475006	1475005	1
1272206	1272250	1
4711071	4708419	1
7764260	7764404	2
8066435	8066451	1
2533937	2536513	2
5637434	5637456	1
407678	405069	1
2106937	3155786	1
7614377	7614370	1
7224982	7224981	3
8225306	8225527	2
10201006	10201005	1
3932022	3932021	1
4557830	4557406	1
3207994	3205592	1
6177306	6177305	2
11085034	11084685	1
6896470	6902185	2
187948	187945	1
431087	431078	1
1046613	1046710	1
11779021	11777541	1
3001502	3001482	1
803037	820194	1
5415419	5413343	5
7699673	7700626	1
11287715	6044975	1
12458490	12458489	3
5656951	5655962	2
11943815	11943839	1
646956	647186	1
5905185	5905156	2
3323542	3323385	3
9354549	9356082	1
7197967	7197764	1
4357451	4357411	1
3792643	3792644	3
3601855	3601868	4
4581871	4612021	4
10201008	10201007	1
4016661	4009665	1
12473363	12473366	2
12536832	12536831	4
8385122	8385161	1
6131637	6131638	1
2366967	2366970	1
2185883	2185884	3
2034319	2034293	2
6121191	7446342	2
2561431	2565711	4
7737410	7737409	1
1691968	1691967	2
3037837	3039529	1
343826	343825	1
8817773	8817774	4
8010925	8010928	1
5265265	5265266	4
8071153	8071239	1
11783719	11783725	1
7024886	7024885	2
596169	513947	3
10566226	10566229	1
6418020	6418019	3
11169522	11169519	1
7522687	7522688	1
6968168	6968171	1
4485447	4486809	1
3988572	3988571	2
419621	419761	1
12523438	12523437	2
10664097	10664098	2
1987300	1987299	1
2740515	2740516	1
6406516	6406515	1
7522666	7522665	2
731470	749793	1
204909	204929	1
4266795	4266796	3
6924738	6925444	1
1675042	1609187	1
2827645	2830817	1
4539448	4539447	1
1922932	1923163	1
4539703	6183563	1
3783788	3786435	1
6490646	189509	1
7867833	7867834	3
3545495	3545332	3
11597251	11597252	1
4810037	4810038	3
5497568	5496015	1
3563926	3565017	1
2658415	2658399	1
554280	500461	1
1204227	1204887	1
9860716	9863748	1
12429814	12525540	1
3399128	3399133	1
3020506	3189912	2
7639829	7639830	1
7920001	7919995	1
4691853	4691854	1
2656139	2656152	2
1235193	1235194	3
9486325	9596438	1
8074128	8074125	1
3829077	3829078	1
9469412	9470270	2
8729249	8728365	3
5952974	5952966	1
4029888	4028131	1
149481	149482	2
4731069	11365566	1
8562541	8562359	1
12623106	12622615	1
3066263	3063837	1
6842632	6841439	3
7324888	7324887	2
8303114	8303113	1
3073985	3073846	3
5950569	12726423	1
586439	525786	1
7321158	7321157	1
10627629	10627632	1
757308	625203	1
9276378	9276845	1
8704982	8704198	1
325109	325209	1
2875374	2874124	1
11067863	11067998	2
2144650	2144630	2
6066007	6066013	1
11993136	11989879	1
3232879	3230431	1
1113744	1113743	4
6122090	6122089	3
2198692	2198672	2
3927857	3928060	1
7932723	7932724	1
1727228	1505273	1
1443867	1443801	1
6361663	6361478	1
6533224	6533221	1
2532714	2544212	1
5098577	5097305	1
5435150	5435350	2
9431338	9431337	13
5504320	5504313	3
2561431	2561432	1
315842	315800	3
7759995	7759998	1
6629587	6705226	4
11009095	11009389	1
5086160	5086668	2
6156484	6156481	1
8300919	8300841	2
6654712	6653951	1
12628152	12628151	2
6025095	6025096	4
10665499	10665500	1
4474577	4474578	1
9031623	9033561	1
8984818	8984847	1
4312938	4311962	2
4987256	4987272	1
198507	198152	1
10524857	10524828	1
11493894	11493941	1
2202492	2202491	1
12448884	12448883	1
451674	451673	1
1436710	1441901	1
4637325	4637328	1
3911208	885219	1
7391674	7385056	1
1517527	1518716	3
4684071	4470240	1
6616362	6616361	1
5569984	5569983	2
6860960	6868899	1
9301264	9310274	2
5910707	5910710	1
11973001	11972405	1
1374396	8051822	1
10796916	10796909	1
12043177	7798681	1
10119756	10119755	1
6575299	6575300	3
9426746	9426251	1
601297	601298	4
7043039	7039182	1
5273680	5273677	1
9090818	10445609	3
8697529	8697547	1
8522143	8522146	1
12783231	12782238	3
11515495	11515496	1
2313549	2313550	1
12748734	12739915	1
1978465	1978466	1
4501973	4502095	2
5520283	5520973	1
12729282	11174325	3
8917610	8917613	1
7058219	7057986	1
6406514	6406513	3
9370164	9371163	1
4004892	4003046	2
1855296	1855295	1
4957548	4957539	1
7107628	7100674	2
8964339	8963690	2
2706797	2706771	2
6546316	6546546	1
1900545	1900546	1
10083423	10082343	3
8564211	8564212	1
3154653	3154654	1
7955302	7954577	1
5697397	5696072	2
4579127	4580053	1
11201501	11201577	1
10967361	10967362	2
5910709	5910710	2
3933475	3933476	2
9794687	9686738	1
10228823	10225208	3
6490646	3362351	1
8010925	8010926	5
4442365	4442366	1
9795742	9795215	1
5242950	5246007	1
4750656	4750655	2
10219896	10219895	3
11862441	11862442	1
9014459	9014234	2
577912	577911	1
5796842	5796841	2
8893505	10168184	2
11493823	8451591	2
9148214	9148213	1
6862926	6864076	2
8442010	8442009	1
11092989	11092990	2
11152167	11152168	1
2196813	2196134	2
7221196	7221195	3
6125014	6111735	1
4481319	4481302	1
7458916	7458392	2
10533181	10533182	2
10538270	10538265	1
8972830	8970429	1
7049840	7049833	1
127403	127416	1
4955197	4957106	1
8727459	8727052	1
903382	903381	2
1314852	1314845	1
5443086	5443093	3
5377000	5377002	1
6446267	6447138	1
6240062	11944910	1
7757488	7757476	1
4024432	4024429	1
10975655	10975656	1
6371462	6371461	1
9436575	9252797	1
1588457	1520058	1
10632386	10632331	1
1518717	1518718	3
7057987	7057988	2
745230	745220	1
6343219	6343209	2
9067647	9067648	2
10820281	10820282	1
356998	356995	3
4277124	4277138	1
1448091	1448092	1
10800777	10800658	1
6896709	6896710	1
11697593	11697594	1
6925369	6888278	1
8100848	8100846	2
3881861	3925507	1
882303	931564	1
9693649	9693650	2
5843870	5843854	1
1581083	1580766	1
7422264	7422260	1
69053	69054	1
9699606	9699596	1
11603041	11603042	1
2958634	2958640	5
1263153	1258234	1
3573948	3570204	3
8494109	8507483	1
5989335	5977787	1
6946681	6943989	1
5694121	5694122	1
5373152	5373087	1
1803207	1803208	1
11829278	7364088	1
387150	385829	1
438768	436766	3
6619380	6584946	1
10011698	10018654	1
6929010	6930497	3
2705636	2705635	1
12204362	11670074	1
4046785	4046786	1
10299080	10299079	3
12435418	12435417	3
5115029	5115025	2
7648861	7648575	1
9517708	9517707	1
10216123	10216124	1
530219	530220	3
4804579	4597053	1
10660735	7880494	1
6468833	6468834	2
5905157	5905158	2
9811061	9811027	3
9338134	9343874	1
8969118	8969117	1
1870932	1867569	2
2658413	2658399	2
2533915	2533936	3
9681552	9681551	1
5923905	5923906	3
7097816	7097815	2
6484961	6484962	2
7154463	7155774	2
12417239	12417240	1
2927343	2927646	1
1799401	1799402	1
9340395	9340392	1
7278299	7278300	1
401013	401041	1
10508713	10507648	1
1824254	1828464	2
5598908	5599053	1
6028771	6027818	1
637847	637736	3
3792645	3792648	2
6701860	6701859	1
12781514	12781511	1
85573	353844	1
6037520	6037519	2
11534509	11534510	3
11671820	11671819	1
9699097	9699278	1
6123890	6123889	4
1398976	1403335	1
7918086	7918112	1
2245508	2245444	1
5346969	5350483	1
5959451	6148207	2
3741154	3739402	3
9433315	9433321	1
9050627	9050628	2
11983911	11983912	2
4744872	4746908	1
1911986	1911983	1
8331470	8331467	3
7908772	7909239	2
7448026	7449416	2
9504894	9504141	2
11645575	11636542	1
11667367	11667368	1
5472418	5472417	2
5569986	5569985	3
3591864	3595583	1
2708166	2708163	1
6210106	6210105	1
8720812	8720811	2
4589113	4589020	2
9139587	9165164	1
6365066	6365056	2
9330748	9330747	1
858698	833355	2
10103606	10098825	1
9958909	9958910	3
672828	672827	1
2003832	2003838	2
618055	616477	1
10892336	10892331	1
1682106	1682105	1
10290785	10290799	1
1160983	7702265	1
10677123	10677340	4
10025934	10025933	1
100319	100315	1
9377279	9376178	2
1450614	5547396	1
5132803	5145248	1
6732021	6732022	4
11385846	11389428	2
6480034	6479961	1
1992324	1996274	1
7657289	7657290	2
3822043	3822044	4
5975311	5975303	1
2549005	3887997	1
4676876	4676875	2
5907096	5907095	1
9341021	9341022	1
7913043	7912244	2
1787046	1782266	1
8984846	8984845	1
6242430	6242429	1
668055	667485	1
10103524	10103523	1
11990848	11990847	1
2398066	2393391	1
2323177	2343774	1
11383939	11383940	1
6525407	7828785	2
2265415	2265416	1
11113341	11113337	1
7186188	7264956	1
4939968	4939965	1
10899230	10899229	1
10633642	10668093	1
11765711	11765712	1
7759997	7759998	2
8751032	8751173	1
9645770	9645769	1
6760800	6760892	1
1099965	1099966	2
862064	326123	1
10440724	10440723	1
1340170	1340167	1
6493382	6493388	3
7617559	7617560	1
841825	841092	1
8927835	8925926	1
2089450	2089438	2
8076578	100499	1
2803841	2803844	1
718694	718693	2
9506880	9506911	1
6156482	6156481	2
1695749	1633209	2
2076524	2076523	1
8720810	8720809	2
6365059	6365060	1
5119864	5119287	1
3115714	3115713	1
4369264	4369263	1
1508841	1508845	1
6121017	6121018	2
7651776	7651775	1
11831547	11859961	1
7147651	7350449	1
12352882	12352881	1
8519394	8519393	2
7182686	7182685	1
8848210	8846280	2
8570285	8570286	4
11038518	11038517	3
4380317	4380318	1
9589747	9589748	2
5414348	5412845	2
4949178	4949177	2
1713338	1713337	1
6105849	11181177	1
6580512	6580495	1
5423656	5423655	1
3487370	3487346	1
9159481	9155766	1
10892336	10892333	1
5363163	5363164	1
9724776	9724775	3
2414531	2414532	1
4693628	4693625	2
5843692	5842040	1
11038520	11038519	1
1512021	1512026	2
3966741	3966742	2
7624372	7624465	1
7178084	7178484	1
1566196	1566361	1
11906524	11906413	1
5981593	5977632	1
11485572	11484430	1
4354681	4354682	1
1871461	1922758	1
1854532	1854529	1
12733003	12735067	2
4825706	4825173	1
6377619	6377620	5
8501520	8508310	1
3534193	3534194	3
6239938	2856602	1
1328174	1327048	4
11676013	11676014	1
7341791	7341792	1
1575751	1575752	2
7960348	7960456	4
5319740	5333347	2
6182051	6182052	1
3955516	3955515	1
10146329	10146330	1
8695213	8695309	1
4491850	4491809	1
4204112	4204486	1
40469	46380	1
10011415	10011416	2
9420887	9416861	1
10259230	7352034	1
6074736	6074735	5
4715643	4715627	1
3521388	3521387	5
2587124	2587123	3
668038	668079	1
4835446	4835416	1
7529466	7529465	3
5862057	5862058	1
2465149	2463601	1
6252390	6252389	1
6318630	6310744	4
3111580	3164563	3
2321458	2340388	3
6484959	6484964	1
1447260	1438110	2
7418662	7418649	1
5369575	5369578	1
11289858	11289857	3
4051457	4051420	1
6014830	4711056	1
6120982	6121016	2
9863747	9863748	1
7651778	7651777	1
772106	772620	2
10333174	10333171	2
6177308	6177307	1
8466075	8467433	1
3534193	3528608	1
1088741	1088749	1
11002298	11001246	1
946995	946996	1
1467665	1469850	1
545458	545457	3
10653888	10653887	2
7086421	7086428	2
3521384	3521371	5
4506298	4504925	1
8738829	8738830	2
2065369	2060405	4
2479893	2479895	1
342472	342475	1
6530539	6530438	1
11276322	11276319	4
10337827	10337828	2
4813306	4813163	3
5907318	5907317	1
9272954	9273006	1
9124849	9124850	1
11609051	10208277	3
12130355	12130356	1
5977536	5977535	1
9455774	9455707	1
6413119	6413432	1
6941907	6941910	1
6573653	6573662	1
4187249	4187254	2
10079753	9816566	1
8452160	8452159	1
12435436	12435435	3
1686842	1686839	1
2534469	2536114	1
3927458	3927461	1
8845748	8845743	1
10291955	10291956	1
10894215	10896312	1
1280969	1280203	1
7446407	7446415	1
7206066	7206301	2
10977617	10977620	1
5579610	5579609	1
9093840	9093839	1
4004226	4004948	1
1161707	1161708	1
8086755	12469908	1
7143823	7143824	2
1936624	1936614	1
10147682	8235464	1
1133774	1114809	2
4805638	4805637	2
4109190	4123468	1
11585051	11585047	1
2007753	2007754	4
5937609	5939430	1
5635970	5635969	1
2701255	2959516	1
1206354	1228879	1
2705641	2705637	1
5308484	5308483	4
12326992	12326989	2
1935038	1935032	1
7886986	7885597	1
9320774	9323709	1
2117289	2123728	1
11024412	11024411	1
7363283	7364158	1
226017	226018	1
5597947	5597948	3
12007507	12007508	6
6548433	6548431	1
803596	803249	2
11725554	11725551	1
2181962	2181701	1
3269148	3269147	2
10538264	10538269	1
1322361	1322268	1
12664902	12699124	1
5667423	5667542	1
2754621	2753942	1
8556511	8557580	5
1292983	1302565	1
2016551	2016552	1
3821042	3821041	5
634946	634945	1
6997055	6997039	1
3732718	3732662	1
8421513	8422685	1
932247	4017189	1
1134273	1134282	1
6283377	6283378	1
8345050	8345049	2
2798899	2808102	2
5735110	5735109	4
6465857	6453943	1
1822254	1822251	2
822433	822439	2
2610234	2610233	1
10861219	10861203	2
1891692	1891673	5
2164370	2144573	1
12381865	12776445	1
3898709	3898710	3
110938	110935	3
1532493	1532494	2
4708377	4708351	1
9319693	9319694	3
44833	44224	3
5092599	5092561	1
7949778	7949777	1
2349558	2349688	1
3051165	3051166	1
6484963	6484964	1
1692639	1692640	4
12679641	12679642	1
2372668	2372667	2
1933576	1933575	1
791315	791316	1
542126	544376	1
10638524	10639316	1
6484959	6484960	3
10764720	10764736	1
12775126	12775125	1
10994864	10994767	1
1360255	1360200	1
7434241	7434242	1
7799215	7799216	1
1134275	1134282	1
9511910	9511907	1
6673217	6673218	1
7569422	7571074	1
9789919	9789920	1
6791469	6791470	2
904191	904192	2
1439806	1439805	1
8947618	8947615	1
9031336	9031300	1
12786786	5267838	1
10457753	5558315	1
2858636	3118365	1
12029337	12029375	2
6589780	6589777	2
1717083	1717084	3
5994948	5994945	4
2378739	2378740	4
3510685	3511194	2
10360590	10360587	1
4749466	4749461	1
10799783	10799746	1
9270858	9270739	1
11531839	11528447	1
7867833	7867817	1
6666474	4117599	1
5274652	5274510	2
202940	205978	1
5710778	5710768	1
1138677	1140304	2
760842	760839	4
2712123	2711059	1
1564842	1564841	1
12174442	12407635	2
515853	303498	3
5950637	5950683	1
7348304	7348396	2
2321835	2321836	2
12436980	12436979	1
1738261	5574936	2
4798309	4799017	3
8518626	8518628	1
5993173	5993016	2
1831106	1831105	3
4682065	4682048	2
9237086	9237062	1
1922234	1871434	3
9512388	9511242	1
5569984	5570658	1
11758972	11758110	2
7016559	7021533	1
822879	823531	2
7412501	7412504	1
7698513	7693760	1
6484959	6484962	1
6917367	6921464	1
6988797	6988368	2
11248619	11247250	1
5515526	5517133	1
11967473	11967474	1
1943831	1944144	2
6597339	6598099	1
10584867	10585211	1
3648112	3657851	3
7182221	7184935	1
11327097	11330919	1
3251661	3254543	1
9958911	9967608	3
10821409	10820280	1
5601858	5601869	1
3716293	3716294	3
5210947	5154571	1
5557892	5557883	1
10245073	10244886	2
3154651	3154652	1
12677983	12677984	2
1301985	1301986	1
196299	196300	2
7482271	7482272	2
7440670	7315078	1
7924715	7949779	2
11192603	11192599	1
3884473	3883534	3
7999557	7997504	2
5718910	5718546	1
6327537	9467711	1
1590281	1590282	2
3542984	3542486	2
1033414	1033411	1
1360676	1360736	3
1824256	1828464	1
2354808	2354864	1
472798	472773	1
3246783	3246786	1
10754315	10754316	1
3158030	3157925	2
353704	350932	2
3699651	3699491	1
7182814	7182832	3
6565950	6565949	1
599520	604171	1
7759995	7759996	2
9544422	9543732	1
4369262	4369259	2
6580526	6580495	1
5212537	5212538	1
10500299	10499176	1
11898656	11886919	1
3365749	3366521	1
2507275	2507278	3
10323091	10323092	3
8637005	8637022	2
6241062	6241059	3
5695106	5694122	1
7975088	7971536	1
2553050	2553049	5
771483	771694	1
9259382	9258976	2
11175733	11175745	1
1009376	1008894	1
6528788	6528787	2
4706172	4706171	4
2262852	2262874	3
12803628	12803542	1
6585572	6586542	1
6311583	6361905	1
92688	83796	1
5393877	5392760	1
4201699	4201713	1
9183120	9171611	1
10291473	9096480	1
704550	704549	1
4057857	4083163	2
10778335	10778336	3
3927460	3927459	1
1564844	1564843	1
5535094	5535093	3
11236098	11237665	1
126989	126990	2
375920	376151	2
945285	945286	4
10197062	10197072	1
544618	544613	1
7390139	7340650	1
8661135	8661136	2
2417144	2571864	2
4804566	4804565	2
7853359	7858888	1
2631667	2631668	1
12287729	12287732	1
11008253	11011384	1
8557880	8552881	2
6345947	6345914	1
12538133	12538134	1
7308546	7308551	2
10482460	10482459	1
2047830	2043617	1
6795923	6795924	2
7601797	7603912	1
11912321	11908400	2
5369577	5369578	2
793216	793213	1
2576395	2576396	1
4188144	4188135	1
685631	685793	1
4362406	4362405	1
9385598	9385530	3
4024180	4023886	2
637840	637791	3
8738829	8738832	2
9139589	9165164	4
11243414	11243477	2
3274823	3274824	3
10968841	10968821	1
8874425	8873938	3
8183306	10216369	1
11179638	11177056	3
6991954	6991943	1
6988154	6988153	1
6340799	6341954	2
2007646	2007645	1
11543433	11543373	2
3935858	3938848	1
5599056	5599053	2
1030780	1030779	4
12131372	12131252	1
356994	356993	2
1340170	1340165	2
2412754	2412678	2
2840366	2840073	1
5097109	5097066	1
2780413	2780416	2
4957660	4957551	1
6226372	6226926	1
857890	857889	5
293167	293168	1
906701	906636	1
7959462	7960505	2
4295495	2117819	1
2730021	2730022	1
5006925	5003374	1
222413	222429	1
3811833	3811834	1
387236	385086	5
2482314	2482134	1
10145685	10145571	1
11181178	11181177	3
4832838	4831370	1
3285682	3284726	4
12598033	12613450	1
1725760	1725308	1
6876551	6876558	1
9482256	9482295	3
2468704	2468795	1
4590848	4589607	1
4053402	4053411	1
3898337	3898338	1
3538492	3538392	1
10987243	10987258	1
5302882	5302764	2
5352270	5352269	1
1854532	1854531	2
5613490	5613487	1
1235203	1235204	2
4682330	4682358	1
6222552	6223064	1
4303788	4303781	1
