fend1	fend2	count
9028907	9028896	1
7536723	7536724	1
162697	162242	1
10354253	10356907	2
3160676	3160653	1
3495387	3495388	2
4564191	4564194	1
9274674	9274683	1
11679182	11679181	1
6597310	6597307	1
5639009	5639010	1
6124469	6124472	3
5816582	5898045	1
4744657	4744658	1
1274150	964862	1
10191104	10191103	2
9364659	9364638	1
4816826	4816825	2
10127125	1380206	1
12390650	12390638	2
3388102	3388101	2
2309367	2277371	1
6035645	6035650	1
11427472	11427456	2
11263446	11263452	2
11382503	11382504	3
9920597	9920598	1
8621616	8621126	2
7290482	7290479	2
3082278	3083038	1
10457870	10457869	2
1137733	1137746	2
11677683	11678018	2
11918878	11918877	2
6249472	6251038	1
6720403	6720404	1
1387974	12445942	1
3103739	3090139	1
10424877	10424880	1
9363525	9363526	2
887335	887336	2
2426261	2426254	1
6425140	6425524	5
12796812	12796809	1
8886510	8961683	1
5205557	4645927	1
11259643	7774981	1
10633499	10633500	4
8884453	8884454	1
8540240	8539947	2
3547854	3547853	1
4527789	4527771	1
8232459	8228274	1
282193	282198	1
10334457	10334460	2
968299	968300	1
7525824	7526277	1
3234063	3234064	1
5530527	5530528	1
1539155	1539622	1
3493638	3493637	3
6566692	6566702	1
8504056	8504055	1
9912494	9912502	2
11052874	11052873	1
5375708	5375707	3
6123172	6123171	2
2894677	2889598	1
1088348	1088347	2
4673639	4673640	1
12466220	8039923	1
11127891	11127892	1
5046181	5046193	2
3367448	3367447	1
6525852	6525793	1
9352129	9352263	1
5654239	5654234	3
4090559	4090560	4
2104372	2104391	2
4589900	4589904	1
5641559	5641560	1
2634757	2631020	5
7466027	7464649	1
2211407	2211408	2
10430608	10430605	2
11745650	11745672	1
576726	576725	2
12198801	12198802	1
10803217	10802300	1
11766538	11766537	1
4729233	4729234	1
2446115	2443362	2
7636067	7635441	1
9320588	9320587	6
6514907	6514908	4
5010532	5010531	3
6484010	6484009	2
11601947	11601950	2
2974305	2974306	2
4495378	4494559	1
9742049	9742050	3
10736944	10736941	1
11794396	11794393	4
9848596	9848595	2
589399	647737	1
4721607	7376899	1
10804413	10804414	2
6137023	6137024	3
5101324	5101323	1
9352128	9352149	2
6237910	6260923	2
4746371	4746372	1
1147175	1153644	1
919862	927375	1
5187744	5187692	3
7014505	7014395	2
5538793	5538784	1
664126	664123	1
157618	157668	6
6051175	5856010	2
9475255	9475258	1
5967468	5967467	2
12374372	5838038	1
6141103	6141074	2
3310451	3311524	1
10375174	10375173	1
7234663	7234675	1
9526637	9526640	2
9111938	9111937	9
4994224	4994223	2
5022494	5022740	1
11495686	11493806	1
3236620	3236619	1
3070839	3070310	2
5572447	5572448	2
9544464	9544463	1
12389062	12389059	1
6564444	6564441	1
6243500	6412527	1
10056067	10056068	1
5100535	5100536	3
7451423	7451424	1
2118988	2118987	1
5006801	5006802	1
9141743	9141744	11
1112237	1112752	1
3070311	3070312	1
11660958	11660957	3
5493835	5493836	2
6679549	6679554	1
5054028	5054027	1
5884341	5884342	1
6529841	6529867	1
6811491	6810806	1
7506738	7506733	1
4272233	4272234	1
6623235	6623240	1
5614219	5614224	2
3898502	12196094	1
5712931	5712932	3
10380643	10394472	1
5788929	5788930	3
6355315	6355346	1
52219	52335	1
1080887	1080888	3
4746369	4746372	1
3547729	3539901	1
10765564	10751920	1
3632586	3630765	1
10931957	6124472	1
3240029	3240030	6
621789	621790	2
12663743	12666066	1
10108528	10108527	1
3984262	3984261	1
7898877	7899020	1
2393368	2393367	2
5816501	5816505	1
1730468	1652309	2
4355787	4355788	2
10633503	10633447	3
5240650	5240647	2
4679262	4679360	1
9759693	9759694	2
2416822	2416821	1
450623	450626	1
290293	37972	2
4059019	4058999	1
12625735	12625736	1
6624101	6623962	2
5794511	5794524	1
10372890	10372889	4
6164784	6164783	1
12521654	12521653	1
8767654	8767703	1
6434396	6434313	1
4354326	4354238	2
6204331	6207552	1
217734	217800	1
3703426	3703423	1
129236	130106	1
8904615	8904616	2
4661099	4661100	4
8256575	8256576	1
5651243	5651244	1
4712938	4712937	5
4533906	4533905	1
4232050	4232049	1
7970768	7970767	2
12401446	12398411	2
7459910	7459909	2
4751562	4753217	1
4193764	10699294	1
8038650	8038647	3
6311395	6312037	1
6031757	7705082	2
10633501	10633447	1
9346540	9346539	1
8434388	8428301	3
11855895	11855829	1
5437151	5437152	1
7113326	7113325	1
9890353	9890354	1
11787091	11789599	1
10475098	10475136	2
873374	873373	1
8316060	8316059	2
3283717	3283718	1
10800358	10801633	1
4397851	4397784	1
10443084	10443081	2
9775443	9775444	5
5100533	5100536	1
10335617	10335620	1
5001628	5001627	1
12724141	12724450	1
10979360	10979357	1
4651637	4651638	1
4543789	4543790	1
206101	206102	2
3359858	3359857	1
2561261	2563008	3
8878206	6184341	3
12389064	12389063	1
10512125	10512167	1
6285343	6285346	2
834457	834458	1
4851384	4851383	1
3889790	3889760	2
7140884	7140883	4
7758168	7758167	1
4863801	4862973	1
10490091	10490092	1
10191102	10191101	2
1571167	1571180	3
8290102	8290065	6
9070146	9070145	2
11124413	11124414	1
2292151	9141742	1
6391701	6391702	1
4751459	4751460	7
5266651	5266652	1
8807384	8807355	1
4372813	3890910	1
6984196	7068210	1
9795852	9795851	1
2589989	2589992	1
10489081	2470909	2
4751195	4751193	1
4467051	4467052	2
6777436	6777250	2
388459	388455	1
2685748	2685783	1
235413	235414	3
7094714	7094727	1
186594	186585	1
266802	266727	1
1714107	1756942	1
2567814	2567813	2
9042585	9040203	1
1784909	7981009	1
7950298	7950297	4
2253642	2253641	2
8001906	8001905	2
12184757	12184758	1
9890042	9890718	1
4955090	4957514	2
2306961	2306962	1
10148940	10148939	1
10827973	10828033	1
2736218	2736217	2
3158087	3158088	2
11978382	11978507	1
1557350	1557347	2
849914	849909	1
12569955	12569956	2
11487898	11487897	1
7451131	7451134	1
9550317	9547916	3
12553494	12553493	2
7097162	7097182	4
11154527	11154528	2
5753106	5753105	2
7918250	7918243	1
12524367	12524368	1
10129838	10129837	1
4746373	4746374	2
2622456	2622453	1
7381809	7381801	1
8880455	8880456	2
6332427	12750890	1
6834269	10372781	1
9173341	9173342	1
6360861	6360862	2
4473497	4473498	1
3292377	3292378	2
425787	425788	1
6434508	6434507	3
12010683	12012317	1
12732211	12732214	1
5822383	5828351	5
4707308	4707313	1
3798104	3798139	1
3612442	3612435	1
1322337	1322338	2
4473495	4473496	3
9713132	9713131	1
11391568	11391567	1
2942505	4133387	1
1468906	1499595	1
2921377	2921365	4
8636416	8636415	2
158707	158559	2
3731751	3731752	1
3065395	3065387	1
5291697	5291698	3
10747120	10747119	2
6279458	6279374	1
7818738	7818647	1
11931913	11931934	1
6357609	6357610	1
11352440	11362520	1
43001	43002	1
2159335	2160371	1
4385936	4385935	1
6567526	6567525	3
12124580	12125145	1
4994204	4994225	2
2681159	2681049	1
3508689	2047007	2
3193068	3193736	2
797387	6999000	1
11991611	11991612	3
130105	130106	3
977872	977884	3
11200571	11200574	1
8635894	8636417	2
10393989	10393968	1
11231729	11231730	1
2172402	2172372	2
1649111	1634484	1
8107008	8107088	1
7543372	2812713	1
4116975	3558695	1
6195491	6195492	2
12753723	12754177	1
4863197	6471643	2
6311444	6311443	4
6056009	6056016	1
12198761	12198906	2
5266709	5267260	1
1584333	1584429	1
9153186	9153181	2
4842800	4842803	1
8897313	8897353	2
3476979	3476980	2
8443787	8443277	2
2961507	2961508	6
2638421	2638585	1
7465250	1069877	1
11766513	11766514	2
5605835	5605836	4
2908458	2908455	1
12766264	12766261	1
95311	96404	2
2160508	2160505	1
5526984	5526983	1
1738080	1738068	3
2840319	2840322	2
9241690	9241689	1
4614913	4614914	1
1538318	1538315	2
469756	469755	2
11657367	11657368	1
7373748	7373747	3
12472733	12472712	1
720628	729859	1
6124469	6124470	1
3131306	4754314	2
3630959	3642862	1
12312354	12312347	2
471865	471870	2
11866537	11866538	1
8011952	8011951	4
2372349	2372350	2
1246793	1246796	3
7922080	7922079	1
12403774	12403792	2
12379659	12379660	1
7099140	7099139	2
8017841	6211013	1
9700684	9700683	3
5366891	5366892	2
7294692	7294700	1
8367039	8370948	1
6593262	6592794	1
6484008	6484007	2
6621161	6441321	1
10969539	10969540	1
478691	478694	1
9104769	9104773	2
4805353	4800933	3
901395	901396	3
332525	332526	2
7317513	7317514	4
6432185	6432186	1
11087843	11087844	1
3874233	3873105	5
6356531	6365728	1
2689161	2689162	1
7950296	7950295	2
3899595	3898636	1
12700156	12657308	1
3878234	3878233	1
4545879	10075425	1
9141743	9141746	5
10663335	10663338	1
6124397	6124398	2
1081079	1080811	1
10380506	10380505	1
4941552	4941551	2
6789980	6789979	1
10327773	10327776	2
7017854	7017509	1
12523422	12523417	2
8020519	8020522	1
5479034	5429075	1
4628262	4628261	1
11968867	11968868	2
2802698	2802697	1
8275019	8275020	1
10058709	10058710	1
11260484	11261552	1
5701881	5701882	2
12403772	12403792	3
5593001	5593002	3
10352877	10352951	1
10411682	10411679	2
9440145	9445962	1
9466089	9466092	1
10575199	10575200	1
274707	274619	1
11160165	11160166	1
12356623	12356953	1
6100775	6100776	4
1594567	1594352	2
11162502	11160164	4
11385538	11385537	2
2276833	2276581	1
1347224	1507477	1
10718646	10718643	3
12315973	12315974	7
5618031	5618032	1
562860	562859	1
9363740	9363737	1
9813199	9813200	2
10186647	10186652	1
1021284	1021283	3
9096350	9096349	1
6006132	1769532	1
2358917	5383086	1
3552991	3552590	1
1571190	1571187	1
7931512	7931509	2
5654240	5654237	1
6049851	4311494	1
7146990	7146899	1
9061511	9061512	1
773219	773222	1
10274434	10275315	1
2802694	2802697	1
11500205	11503631	1
2279590	2279587	1
3166453	3166447	1
12724004	12724003	1
937122	937119	2
2170505	2170506	1
5651241	5651242	1
165414	165411	1
5613902	5613956	1
11238192	11238189	2
5529666	5530833	1
8078892	8078889	2
11762195	11762196	2
521506	521503	2
8908825	8908826	2
12145472	8646728	1
6814889	6814992	4
5650193	5650197	1
5868958	5876367	2
7446492	7446491	1
2840319	2840324	1
2789308	2789307	3
11261547	11261548	1
3240029	3242842	1
2794855	2794852	4
10227606	10227609	1
6906098	6906097	1
5539783	5539878	2
4592069	9620461	1
10072237	10072238	1
9051599	9051600	1
7919623	7919624	1
8297048	8297055	1
10575568	10575567	1
3641912	3641947	2
8873946	8873970	3
2972660	2972659	1
984071	984525	1
7948011	7948012	1
964590	964597	3
3871540	3871539	1
2157780	2157973	1
5046038	5046033	1
2802249	2812485	1
2246418	2246415	1
11222475	11222476	1
361618	361399	1
3961331	3961332	5
12745985	12745986	1
6442477	6442478	1
6871526	6871525	1
9166845	9166846	2
10515895	5248497	3
7133979	7133980	1
2047044	2046998	1
10881729	10881558	2
5412557	5039879	1
2785421	2785424	2
2316702	2316701	1
2006321	4992302	2
1783055	1790029	1
7599027	7599028	3
4686791	4686365	1
4506721	4512153	2
1763038	1763037	2
11536058	11536055	1
5972104	5971851	1
9359035	9359036	3
6332427	6332488	1
2468817	2468818	1
11117254	11117257	1
9981521	9981522	2
2009064	2009077	1
4833743	4833746	2
4048772	4048771	5
6204579	1766851	1
675709	675710	1
12301507	12301508	1
10129843	10129942	3
5314322	5314295	2
471865	471866	1
11387333	11387313	1
1423744	1402244	1
8375202	8375679	1
6119438	6004691	1
4679262	4679261	1
2170633	2170634	1
360250	360249	2
1404956	1404955	1
9508267	9508268	1
6108551	6108552	1
1081079	1080817	1
293505	293506	1
2281280	2281279	1
7133975	7133980	1
1927710	1929141	1
5047558	5047519	1
6651865	6651418	4
2654073	2654058	2
10359946	10359945	3
6679557	6679558	1
6468389	6468390	2
5274192	5274191	1
6318138	6318137	1
5690167	5690168	4
6496600	6496588	1
5193354	5193370	2
12663300	12663299	4
5253830	5253453	1
9575036	9575041	1
4152195	3141113	2
5820290	5820262	1
4140138	4140137	1
5923543	5923550	1
4658754	4658742	1
2758888	2758842	2
1395020	1395019	1
9098570	9098550	2
5935781	5935782	1
7296443	10243012	2
12356388	12357020	1
9946424	9946423	1
10104809	10104810	1
762686	762683	1
329426	329425	2
5283559	5283457	2
1749294	1749293	1
280635	280636	4
2784786	2784785	2
7427783	7427784	2
4687579	4687580	1
10850012	10850011	1
1001947	1001952	1
6144001	6144554	2
5053853	5053854	1
9773561	9773562	4
7192995	7192996	5
9349544	9349543	1
11601945	11601946	2
12373497	12373498	3
11264326	11264325	1
8830314	8830293	1
7862289	7862242	1
11549360	11547549	1
12452662	12452508	1
3543879	3542519	1
6808360	10749036	2
10153926	10153917	1
9061509	9061510	2
2351766	2351765	3
3641720	3641719	2
7097163	7097164	2
3995464	3995461	2
9780114	9780113	1
7273612	7273606	1
6293725	6296110	1
12302949	12303041	2
2344006	2340482	2
8689780	8689779	4
1052781	1053361	1
11867140	11865563	1
48011	48014	1
9531510	9531530	2
9998555	9998558	2
11193759	11193760	2
4641952	4640995	1
2736220	2736217	3
5531589	5531594	1
12325826	12325823	1
168245	168246	1
6908512	6908509	2
1061490	1061489	2
100188	100183	1
5375710	5375709	2
8997191	8997192	1
5864699	5864700	1
4277821	4277738	1
7020639	7114470	2
7125840	7125833	1
5252200	5252160	1
11883140	11883139	1
7825074	7825073	3
5868958	5876369	1
6203785	6203788	1
7616529	7616579	1
3865675	7357106	1
8289147	8289148	1
3554838	3554860	1
3961333	3961334	5
5976292	5976291	1
1072137	1069591	2
2895072	2895071	1
5678194	5678403	2
11363028	11363016	4
12319307	12319308	2
5994021	5972039	1
9146755	9146756	1
2006423	2006424	1
7408830	7409127	1
4795924	4795923	1
271427	271428	3
1711617	1711618	2
4155898	4155903	1
12151271	12151272	2
5926697	5926698	1
7703016	7703003	1
12553492	12553481	1
9048342	9048341	2
4112873	3704119	1
8417557	8417558	3
5860658	5862170	1
6952978	6952977	1
8383309	8383315	1
3242641	3242642	1
8511516	8511513	1
12424257	12423379	1
7295978	7295994	2
3237173	6131561	2
5239665	5239666	1
3772856	3768885	9
10299651	10298668	1
3853293	3853204	1
4473916	4473915	2
6489836	6489835	1
799495	797711	1
3482773	3482774	2
8388539	8388540	1
5485365	5485366	1
8521073	8521041	1
10578662	10580181	2
1861887	1861888	1
596008	596007	1
2961509	2961511	7
11019988	11019987	1
10294346	10294369	1
3707302	3707301	2
9072276	871803	1
7654128	7654071	3
10573448	10573437	1
10575494	10575493	2
5926697	5925847	1
10605573	10604591	1
5322144	5322322	1
2378184	2378187	1
10898256	10898232	2
556429	556430	2
8582593	8582594	1
8962303	8962304	1
5398203	9676079	2
8381379	8378117	1
478693	478694	2
6580034	6580033	1
6191585	6191586	2
10647991	10637536	2
11541876	11541889	1
11033675	11033656	1
6451977	6451982	2
6812663	6812283	1
2507366	2511487	2
2547866	2547863	2
3499133	3542043	1
12785200	12787498	3
6579577	6579578	8
1021286	1021285	2
3406411	3418376	2
2311191	2312148	1
8823325	8823304	1
514102	514101	1
7030882	7030765	1
9109754	9107765	1
6379478	6379435	2
5969634	5970120	1
10546845	10546846	3
9553150	9329679	1
5916863	5916864	1
7786860	7786857	1
11766519	11766522	3
11407106	11406667	1
7249976	7252967	3
12543986	12543985	1
1210423	1211699	1
5098762	5098648	1
5667746	5667873	2
2019358	2019357	1
10528593	10528596	1
8951287	8951290	2
10601762	10601761	2
8284920	8284919	2
11597440	11597439	1
11367697	11367698	1
2588950	2588949	1
355491	355492	2
10925921	10925922	2
587212	587092	3
1827695	1827698	3
4735529	4735733	1
8306637	8306640	1
12492912	12493460	2
7446211	7446212	1
426671	426674	1
6780735	6780733	3
5638191	5638218	1
3046697	3046698	2
5252202	5252160	1
6432183	6432186	1
3967181	3967182	1
1528978	1529021	3
2580961	2580962	2
9998722	9995642	2
9681000	9680999	1
9035391	9031596	2
587095	587096	1
9096701	9096702	1
3957021	3957022	1
7676188	7676198	1
6804551	6804496	3
593386	593338	2
7597926	7595401	1
6029474	6029473	3
408425	408426	1
4102010	4102009	1
6637069	6637077	1
3654933	3654934	1
6539875	6539876	2
44798	159823	1
773576	773575	3
10401978	10401989	4
10352933	10352934	2
1021262	1021287	2
8384880	8387014	2
5721804	5721803	2
1457685	1457688	3
7141938	7139889	1
3579642	3579641	1
8175786	8175816	1
6443522	6443521	1
7537911	7537912	2
9759691	9759694	1
2334207	2334215	2
9769214	9769213	1
12231697	12231710	1
6643591	6537520	1
12355822	12355821	1
4046972	4050234	1
6484502	6484501	2
3581116	3581115	1
12243087	12243088	3
1458188	1459269	2
936408	936422	2
5280079	5280134	2
10859766	10859763	1
1001951	1001952	2
9700682	9700681	2
1759504	1759503	1
1044020	1044017	1
4344831	4344843	1
1396140	1396139	1
7464648	7464647	3
6227640	6227644	3
6124397	6124400	2
4535583	4535657	1
1755003	1755004	4
4038322	4038320	6
3306087	3306126	1
12527526	12527517	1
6367411	6369637	2
6518052	6518051	2
7773497	7773451	1
9590748	9590754	1
8648483	8678056	6
12524367	12524374	1
2761203	2748739	1
165410	165409	3
6564032	6564042	1
5025988	5025993	1
1363077	12437637	1
5708418	4136677	1
2441715	2440907	2
9514560	9514782	1
3812602	3810806	1
6737044	6737043	2
4796114	4796113	1
7962529	7962595	2
10373304	10373239	1
7015322	7016074	3
7914393	7912924	1
4791155	4791156	2
692188	692185	1
6159505	6159490	1
962942	962941	2
7339292	7326332	1
8425724	8425721	2
10974479	10974480	1
141915	141918	1
3476975	3476978	4
1048900	1047085	1
12723044	12723043	2
2444764	2444774	1
12249926	12249925	2
9111936	9115217	8
3798104	3798143	2
3359399	3359391	1
5022424	5022390	3
1200418	1200444	1
6155580	6155579	2
7446480	7446479	1
10739430	10739473	1
10150768	10151182	1
9353954	9354229	1
4138795	4259498	1
7471526	7469588	1
7368523	7368524	1
1723166	1723165	1
6168199	6168200	2
1649107	1649110	2
7337846	7337845	1
10167874	10167873	2
6809468	6809465	2
6466478	6466477	2
1444107	1443850	1
3551696	3551679	1
9526409	9526820	1
11926535	11926542	1
660112	659899	2
3852717	3852718	4
458514	458513	1
8377410	8377409	4
5892961	5892970	2
3713996	3713993	1
3285656	3282439	3
8378116	8378115	1
1876834	1876833	5
2321876	2321875	2
517961	517962	1
8656671	8656973	2
5831330	5831340	1
9198274	9198273	1
3415056	3411611	1
11384714	5547174	1
7863880	7863905	1
10131017	8553298	1
1694243	1694244	1
7593561	7593562	1
9625363	9625364	2
11617518	11617543	4
5535534	5535533	1
1860941	1850403	1
5902314	5902313	1
6492120	591109	3
6109691	6109694	2
3310449	3310450	1
814885	814888	2
4704460	4704459	2
12006445	12006446	1
1315045	10233715	1
6945244	6944231	1
11238194	11238193	4
646889	646947	2
5290436	5290435	2
1068705	1068698	1
9067090	9066796	5
707890	707889	1
1513325	1513326	1
2878142	2877815	1
6634440	6720360	2
12234675	12234659	1
4420232	4412735	1
8746000	8745986	1
3592938	10283430	1
1059168	1059170	1
5046038	5046037	1
9228821	9228826	1
7793625	7793626	3
12663771	12664127	1
5270473	5269988	3
7406854	7406853	1
12796808	12796807	1
11405333	8607251	1
9320575	9320576	5
8216154	8216278	1
8884455	8882818	1
3569033	3580797	1
6250217	6250224	1
637773	637774	3
36822	36831	1
4547493	4547494	1
11933597	11933598	1
11039131	11039087	2
12017804	12017803	1
11248453	11248458	1
4751459	4836578	1
12736129	12736109	2
6384616	6384615	1
6756226	6753373	1
6192443	6191584	2
151846	151845	2
10735445	10735446	1
11616732	11616735	1
8238709	8238710	1
12421931	12421934	1
12731838	12731837	2
7133236	560544	1
3264	2836	1
6205993	6205994	3
5374940	5374930	1
2934464	2934430	1
12662047	12662048	3
8826692	8826649	1
2222312	2222311	3
8033319	8033317	2
6014578	6014585	1
12030485	12030486	1
8989377	8989378	1
1087544	1087219	3
6541918	6541897	2
2785425	2785426	1
11440817	11440818	2
11752505	11752506	1
11962322	11960878	1
6131822	12647249	2
3045884	3045883	1
692353	689584	1
7641050	7641049	1
10358976	10358178	1
8926847	8926610	1
10903322	10903321	1
9048340	9048339	4
348143	347559	1
10808780	10808777	2
848945	848948	2
11828251	11828286	5
7925558	7925557	1
5820291	5819904	2
7377764	7377761	1
5596893	5596894	1
688966	688956	1
3404609	3404610	3
6711318	6711317	1
621851	538304	2
5653914	5653913	6
2448675	2448676	1
6466985	6461572	1
3656696	3656695	3
12368704	12368703	1
11697182	11696956	1
8400528	8400851	2
11804518	11803069	1
994718	995639	1
2219417	2218282	1
12745987	12745990	1
9795854	9795853	2
9951757	9952402	1
12753764	12753763	2
2105278	2105277	2
1296653	1296654	6
11846411	11846414	2
722253	677672	3
8306288	8257145	1
4268793	4268794	1
8185895	8185832	1
9295863	9295864	2
4058503	4058504	1
3204700	3204695	1
7178105	7178106	2
6670916	6670913	1
6215356	6215353	1
8020519	8020520	2
6593482	6593481	2
5572948	5572947	2
6005275	6005276	2
4090561	4090562	2
2036811	2036814	2
6520541	6520542	1
4941550	4941549	2
2921364	2921361	2
6441322	6441321	2
10082910	10082909	1
1637996	1637995	1
10989080	10989079	1
8575945	8575946	1
258199	258197	1
2830014	3247763	3
11556668	11556667	1
1087241	1087066	1
7859292	7857076	1
3551076	3964813	2
470895	470955	2
288039	288040	1
7678334	7679533	1
11678020	11678019	1
2146937	2146938	2
12242991	12242978	1
1152377	1152378	1
4311268	10812662	2
1021269	1021270	1
701143	703184	1
6063794	6063793	1
7660428	7660427	3
4865002	4864997	1
682561	8867960	1
6394002	6394001	1
1618633	1618634	1
5985227	5985228	2
11578111	11578112	1
10486415	10486393	1
4544866	4544863	3
3632398	3632401	1
5641561	5641562	1
4362840	4362738	2
5161744	5161743	1
6105428	6105427	1
2416853	2416871	1
8868071	8868072	1
5750111	5749265	2
281000	208359	1
7207323	7206837	2
11582749	11582680	1
12753766	12753763	1
10127770	10127756	1
5671145	5671090	1
7794882	7794881	1
10528593	10528594	1
858442	858659	1
4680219	4680241	1
5530098	5530112	2
11883140	11883137	1
9345289	9345290	1
3538571	3538615	1
10567359	10567360	1
7399095	7399096	2
11730392	11730408	3
8622824	8622823	4
3941908	3941987	2
1063165	1066110	1
9275841	9275834	1
11969878	11969940	2
7809789	7809770	1
8916733	8916734	2
5921918	5921917	1
3898507	3898508	4
5324545	5324546	1
10988778	10988777	2
5997536	5997535	1
6707335	6707336	3
40277	40278	2
9125253	871501	1
391180	391179	1
1609560	1609540	1
4738441	4738442	2
2638423	2638585	1
11154527	11154532	1
9434907	9435009	1
5528142	5528141	1
12041220	12041219	1
5525250	5525326	1
4596603	5488101	1
11578113	11576586	2
7957838	7956849	5
10910986	10910985	1
5572840	5572839	1
6566400	6566397	1
9364275	9364295	1
12017802	12017805	1
4751461	4836578	4
7368432	7368431	1
6203107	6203108	1
11108041	11105112	2
1749294	1749291	1
8051742	8051741	1
10766580	10766579	2
244402	233050	1
1756514	6195219	1
7597937	7597938	3
1080887	1080987	3
5094059	5091729	2
10543551	10552294	1
3340962	3340961	1
10850012	10850009	2
7970943	7970944	3
773219	773220	1
9972272	9972275	2
602087	602090	2
5270473	5269990	1
659898	659897	1
6516518	6516496	5
10977568	10977848	5
12323384	12323377	1
5863285	5863279	1
6543864	6543863	1
7820707	7820708	1
169126	168387	1
4653465	4653470	1
1876836	1876835	6
6805521	6805524	4
3984847	3985225	1
11838577	11838578	1
2262421	2262441	2
5787826	5787825	1
3581118	3581117	1
9363527	9363528	2
1746626	1747108	2
10483420	10483419	2
2281097	2281098	1
5290445	5290450	1
3212186	3212185	1
9975316	9975315	3
6234666	6234669	1
6538650	6538916	2
9474820	9474819	2
4589903	4589904	1
6054911	6054912	3
292297	290324	4
659028	659027	1
5738982	5739263	1
8106589	8106457	1
12620688	12622306	2
7693247	7693248	2
4371128	4371127	1
591066	591508	1
7453496	7453472	1
2894695	2894696	1
8249255	8254942	1
5338506	5338451	1
8254943	8254944	1
7146994	7146991	1
5787828	5787827	1
3381977	3381980	2
9717900	9712601	1
7270102	7270101	2
10769123	10768662	3
934871	935210	1
6436583	6436584	1
12644367	12644368	1
6346697	6346698	1
7082071	7082072	1
8185971	8185972	1
5116280	5230898	2
10045368	10045365	3
10889727	10889728	1
2317387	2317388	1
675707	675708	1
10710158	10710157	1
6049647	6049650	1
5434823	5434824	2
5486681	5486682	1
9539001	9539002	1
8160527	8160530	2
9435750	9435749	2
2547862	2547861	2
2059336	2059333	2
6501727	6501728	2
8480260	8480259	3
8826509	8826510	2
10425383	10425384	1
6562508	6562507	4
8047616	8047207	1
1609562	1609561	1
7195548	7195547	1
4323853	4323896	2
2591692	2591664	1
7317511	7317514	1
4925559	4920040	1
4443841	4440900	1
11689095	11689096	3
3232224	11127890	1
6108549	6108550	2
1690716	1690715	3
3874159	3874160	1
11222215	11222304	2
3166370	12658342	5
6703825	6704010	1
12243087	12244548	1
5243807	5243808	1
6255068	6255039	1
9772040	9775434	1
7718178	7718312	5
5653910	5653915	6
4938177	4938178	2
935309	935310	1
8784513	8784514	1
2446299	2446301	1
6789978	6789977	1
10207257	10207258	1
5794109	5714518	1
4557912	4557709	1
3046699	3046700	1
270293	270294	2
4229541	4229544	1
10919218	10919208	1
3799195	3798624	1
8544410	8545106	1
7446459	7446469	1
9173377	9169179	1
4678662	4678666	2
4421668	4426602	1
426671	426676	1
11087705	11087706	1
11687285	11687288	5
6442702	6443523	1
11404888	11234344	1
7521316	7521580	1
3787761	3787762	1
9968732	9968727	2
10553297	10533120	1
8309149	5462735	1
6692395	6692403	1
2311683	2311684	1
10522342	10522339	2
5573983	5573984	1
4450430	4450429	1
5654238	5654237	1
4385874	4385873	1
3552692	3552524	2
12251348	12253171	1
3728178	3728119	1
11469784	11471947	3
9526639	9526640	1
4600150	4600149	3
10238109	10238110	1
5014114	5014113	1
4305251	4305254	1
7125832	7125831	1
8821525	8821479	2
12607396	12607428	2
6559324	6559323	1
10408636	10408651	3
3552525	3552526	1
6471857	6473766	1
1749292	1749291	2
5927590	5928746	3
7453473	7453476	2
6846684	6846683	1
6489840	6489837	1
818350	823371	1
4305255	285943	1
1057065	1057057	1
5348468	5348749	1
6802376	6802322	1
88048	88047	1
10173426	10173425	1
5602479	5602480	3
8222620	8222619	1
9341540	9341510	1
4444764	4674463	1
3969822	10905003	1
5010486	5010485	2
8366847	8366824	1
695536	695544	2
2513165	2512919	1
6652702	6652705	1
6043992	6043954	3
147334	147333	1
3497802	3497801	1
11965895	11965900	1
587212	587096	1
179373	179374	1
9754758	9751655	2
10097518	10097517	1
426673	426676	1
4805348	4805347	2
10381947	10382013	1
5768867	5768565	1
6101576	6101583	1
5697556	5697555	3
705802	705801	1
11758568	11758567	1
5912766	5912765	1
9296772	9300706	2
12622307	12622308	1
10187874	10166083	2
4293687	4293727	1
6243967	6243392	1
5787828	5787825	1
9538999	9539002	1
4265848	7655574	1
2487607	2487608	1
4469012	4469015	1
7265597	7265598	2
4267449	4267450	5
5619729	5619730	1
235783	235729	1
770131	769577	2
10309883	6504427	1
7371862	7371865	1
12766268	12766263	3
3131304	4754314	1
8666515	8666402	2
12509377	12513108	1
8257476	8257475	1
2352667	2352668	1
5276902	5276901	2
7190895	7190896	1
2125228	2125214	3
6107179	6107180	2
705804	705803	1
8284918	8284917	1
8106769	8106770	1
655889	655890	3
11146065	11146066	2
6048391	6048392	2
3754833	3754838	2
8316075	8316061	1
2589993	2589994	1
7532086	7532085	2
10419325	10419326	1
8878552	8878551	2
2487609	2487610	1
6383765	6383766	1
5486684	5486683	1
6309713	6309913	3
11373080	11373079	1
5593003	5593004	3
7946254	7946253	1
427281	427105	3
366437	366303	1
7544519	7544520	1
10397880	10397395	2
7080872	7080869	1
770129	770130	1
10556478	10557233	1
3402377	3402378	3
7291716	7291715	3
4475614	4475613	1
2278103	2278104	1
1163008	1163040	1
10988297	10988312	1
9019502	9015816	1
5721799	5721802	1
9713692	9713691	1
6267723	6268060	4
1201116	1201115	2
342789	342790	1
6933034	6933026	2
11034208	11034212	1
4941695	4941696	2
4941691	4941694	1
6408124	6408123	2
1239496	1239487	2
11558365	11558366	2
12421933	12421934	2
12766262	12766261	4
6575010	6575009	1
12018738	12018737	4
4064767	4064768	1
8820562	8820561	3
7845596	7845595	1
5759258	5759661	1
4844559	4844616	1
1255691	1256009	1
2519953	2519954	1
11830723	11830724	1
1764436	1764435	2
6500853	6500854	1
2588931	2588952	1
10837278	10837277	3
9789260	10625378	2
5897750	5898294	1
5258130	5258127	1
631551	631521	1
9998720	9995642	4
7202001	7202004	2
1538318	1538317	1
11413885	11413886	2
3612438	3612435	3
10663604	10663651	1
2370588	2371130	1
6020616	6020545	1
8617847	8617977	3
7969996	1802869	2
8356906	8356903	3
5515655	5515658	2
12289081	12289864	2
8425727	8425728	3
9198342	9195828	1
6597312	6597311	2
2463713	2463775	1
11704858	11704857	1
780915	780922	1
7383018	7383051	3
3148407	3148408	3
5389863	5390234	1
10878985	10878986	2
358322	358321	2
144150	165822	1
5527589	5527590	2
8803607	8803608	1
6495508	6495472	3
972892	973723	1
4472806	4472764	1
8316077	8316059	1
2289833	4036203	1
592726	592725	2
788059	788060	2
9858296	9858295	1
6059862	6059853	3
591066	591063	7
8447237	8447112	1
11391566	11391677	1
7948858	7948805	4
5723135	5723183	1
9558473	9558476	1
1448186	1448185	1
8904617	8904618	1
3911284	10890194	4
825858	825381	1
7477599	7477885	1
2115506	2115505	3
943197	943198	1
1695515	1695516	1
4044175	4044178	1
12469364	12469363	1
67580	67579	1
3104674	3104671	1
7931125	7815149	1
5493837	5493838	2
6250828	6250850	2
5557823	5557824	1
7675302	7675306	1
8842366	8842365	2
3082278	3082275	2
10104635	10104391	1
8607254	8607251	2
4590027	4588507	2
11461906	11461437	1
9241692	9241691	1
10334459	10334460	2
8153247	8155297	1
6526165	6526168	1
11729986	11729979	3
1293202	1293199	3
9108291	10207247	1
8290066	8290065	1
5720511	5720512	1
1041537	11979757	2
2668000	2668035	1
3345018	3345017	2
7457374	7457373	2
9479257	9479258	1
6411718	6411717	1
12042115	12042121	2
2692642	2692641	2
4312773	4313107	1
3562173	3562174	1
8782772	8782771	2
10421047	10421048	1
12813041	12813830	1
4333403	4333324	1
6350463	6350466	2
2354611	2354612	1
3745384	3745381	1
8623231	8623232	1
5399283	5400546	1
11534598	11534746	1
6809810	6539679	1
3288890	3285577	4
7245189	7245154	4
6041182	6041220	1
8280344	8280930	1
7896238	7896027	2
6142291	6143820	1
3145129	3145130	1
873376	9493222	1
10257103	10257104	1
790241	790242	3
11639980	11639979	1
5253830	5253829	3
1021262	1021283	1
4712938	4712935	1
516973	516954	2
787588	787587	1
11902617	11902330	1
3144787	3144788	2
6199581	6198093	1
113955	116334	2
12030617	12030618	3
11660956	11660955	3
10859766	10859685	1
10372026	10371839	2
3993235	3993236	2
6610727	6614640	2
11316680	11316679	1
10274612	10274611	1
4065914	4065913	2
2006319	2006320	4
4198898	4198897	2
2093898	2093897	5
2922871	2922872	2
3878238	3878235	1
7980707	7979292	1
6355315	6355344	2
1866180	1866179	1
8400212	8400215	1
1684002	1722462	1
1090934	1091454	1
6955930	6955929	1
10732946	7825992	1
2777552	3196927	1
10257101	10257104	2
11766750	11767253	1
9525840	9522994	1
1713106	1711284	2
12629827	12629830	3
12630799	12630790	2
6511171	6511231	1
6754016	6754015	1
9568196	9568195	3
9832141	9832107	1
9558162	9558161	1
12265478	12265473	1
7880800	7881059	1
5917964	5921811	2
699135	699690	1
2742961	2742962	1
11534747	11534750	1
2076177	2082050	1
931657	931658	3
5352630	5352629	1
11387829	11387830	1
8302152	8302151	3
11694614	11694613	1
4268793	4268796	1
4504185	4504186	2
8882747	8882748	2
9474818	9474815	1
1585621	1573089	1
9531259	9531262	1
4265669	4265670	1
3703426	3703419	1
10520368	10528592	3
5025992	5025989	2
10153379	7271932	1
4308441	4308448	2
6169459	6167829	1
484218	473634	1
11044184	11062314	1
1263504	1263496	1
10020780	9993607	1
10363882	10365178	1
2841891	2841995	3
705806	705805	1
6580909	6580923	3
2686636	2686635	1
8298878	8298877	4
1868694	1968273	1
7640097	7640098	3
9090690	9090689	3
11700130	11700129	3
4201585	4201499	1
4990252	4990249	2
887519	887520	2
12006449	12006450	2
10278733	10278734	2
2006417	2006424	1
937118	937123	2
1945460	1932701	1
6815630	6815628	1
7133975	7133978	3
2209953	2209954	1
796332	796331	1
5052896	5050086	4
4618257	4618258	1
7227631	7227632	1
3612442	3612439	2
6768499	6768500	3
7467827	7473309	1
6809338	6809949	1
7660026	7660029	1
2787442	2739241	2
1072139	1069591	3
4589826	4589814	1
4470502	4470499	1
4879498	11919211	2
11129001	11128999	3
7747684	7747683	3
9610025	9585432	2
8665399	8666358	1
8184466	8184465	1
1658699	1658700	1
4834441	4833744	1
426671	426672	3
10292497	10292498	1
3595818	3599897	1
3368697	3355100	2
2114475	2114476	1
7886429	7886430	1
12342482	12342481	1
12754207	12753656	1
11222213	11222214	2
1690714	1690713	2
6129717	6129718	1
2157836	2157973	1
2628374	2628373	1
2021353	2021356	1
5162755	5162824	2
6197718	6197717	1
998620	967559	1
6474714	6474713	2
2243293	2243177	1
7689997	7767346	1
9603366	9603361	3
684575	684576	1
9198344	9198343	1
6704054	6704957	1
6407207	355094	3
1294326	1294325	2
8241343	8241805	1
8646131	8646132	1
9503364	9504181	3
2243176	2243175	2
6413691	6413692	1
10106024	10106116	1
893198	893195	1
10633501	10633502	3
12395728	12396083	1
6564440	6564439	1
2116789	2116790	1
12396078	12404727	1
12400405	12402776	4
11472196	11469785	1
10995023	10995033	1
7218396	7218393	1
12312109	12312110	2
268727	268730	1
9366592	9343540	1
318533	2195185	1
2359159	2359160	3
6923535	6943001	1
3985283	3985284	1
12527527	12526558	1
7175175	6905718	1
5927997	5928000	2
7786860	7786859	2
10022266	10022265	4
1534285	1534870	1
10520368	10528594	2
8511035	8511036	3
9041358	9038852	3
6555715	6555716	1
6137021	6137022	5
3366000	3365999	1
10114572	10118196	1
7004177	7004174	3
12379172	12379169	2
1033613	1033614	1
12770767	12770768	1
12173017	12173020	1
6906096	6906095	2
7225288	7225283	1
5071262	5071261	2
12125144	12125143	1
12018738	12018735	1
6684657	6684460	1
2834995	2835004	1
6654802	6654797	1
659901	659902	1
10059763	10059764	2
3188182	8689629	1
2150349	2150350	2
12516352	12516351	4
6719949	6720114	3
2441241	2441247	1
9998722	9998721	3
8033316	8033315	2
6421762	6421761	3
10646780	10646779	1
4766581	4766582	1
10386877	10386137	1
10379109	10379114	2
9107518	9107280	1
2305351	2305347	1
8509783	8509762	1
7863894	7864400	2
329424	329423	1
4766579	4766580	3
2956957	2956964	2
3302933	3302934	1
3251575	3251576	5
10633498	6771182	1
2322147	2322155	1
12799638	12799666	2
4739368	4739367	2
6019290	10276266	1
5559968	5559967	2
12767468	12769329	2
4938179	4938237	2
4736103	4736106	3
7946256	7946255	1
10580476	10580475	1
2152830	2152823	1
9848598	9848597	2
8514033	8514034	2
876487	876488	1
5322321	5322322	1
912468	912467	1
7473267	7647653	1
4748847	4748792	1
72590	72587	2
3916426	3916423	4
11320739	11320740	1
8924046	8924045	2
8447235	8447112	3
10984015	10984016	2
4830900	4830899	2
5957901	5957658	1
5758150	5758594	1
8576986	8576421	2
4116121	4115689	1
5937228	7899412	1
10022264	10022261	2
4739364	4737611	1
11568824	11568385	1
5925265	5925280	1
7649045	7649046	3
2695688	2695687	1
11711422	11711421	1
5970464	5970463	1
7599481	7599482	2
7849457	7849458	1
251325	251326	2
5757531	5757534	1
3760556	3821108	1
2321069	2321070	2
10859766	10859681	1
6687393	6687394	1
7163546	7162983	1
10609404	10609403	3
5693371	5693372	1
7788782	7788781	3
516955	516956	2
9318404	9318403	1
9065724	9065723	2
2505044	2505043	1
11688004	11688003	1
3648043	3648051	2
3404615	3404616	3
849912	849909	2
10858943	10858944	1
11427457	11427458	2
9348471	9344393	1
282193	275424	1
1308480	1308519	1
5408122	5423258	3
5530113	5530114	1
184067	184068	1
1633376	1633375	1
9863146	9860869	1
6923533	6923534	1
11019487	11019409	1
6539877	6539828	1
712201	728011	1
707888	707885	1
1393133	12450888	2
5876366	5876365	3
6150394	6150334	1
3905954	3905953	1
4617126	4617125	2
7190711	7190894	2
3629347	3629348	5
8357520	8357519	1
8464744	8464743	2
1190346	1190424	1
9066354	9066369	2
5959392	5959391	1
5271521	5271524	2
5486724	5486678	1
3385955	3385956	1
8827314	8827351	2
660657	660658	1
11083441	9157321	1
1832182	1830833	1
10497382	10497377	1
2825960	2825957	2
7980957	7981000	2
5768865	5768565	1
5923543	5923552	1
5910571	5910494	1
6389300	6389299	2
12729556	12729555	1
1113747	1303079	1
8937544	11835472	2
179371	179372	1
6421764	6421763	3
2736220	2736219	2
8129367	8129250	2
4079354	4079353	2
7788469	7788472	1
12456636	12456692	1
8726437	9851372	3
5414522	5415399	1
5213982	5213979	1
7786858	7786857	2
4253963	4254025	1
6775138	6775137	1
10263405	10263406	1
10732946	10732949	1
4805348	4805345	1
6922280	6922277	4
6259666	6259639	1
447516	447442	1
25739	25742	1
5393562	5393561	9
7762209	7761941	1
3279910	3281691	1
7627466	7627677	1
3392084	3391910	1
10457868	10457867	2
11762197	11761522	1
2668778	5614201	5
436145	434785	1
8481057	8480459	1
1872248	1872247	1
7666255	7666258	2
660653	660656	2
1780696	1783652	3
109736	109733	1
5641563	5641564	1
3110303	3110304	3
8427230	8427229	1
11461436	11461488	1
10457870	10457867	3
804455	804456	1
11762195	11761522	1
6707337	6707338	1
11108706	11108705	2
9079459	9079481	2
2773772	2774591	1
1185309	1185310	3
6016972	6016969	1
9010162	9010127	1
3661043	3657718	1
8829759	8829760	1
5979437	5979364	3
2029915	2029918	2
2740450	2740460	1
3232813	3232814	1
10022262	10022261	1
7427785	7427786	1
2755627	2755616	1
4469508	4469507	2
5258128	5258127	2
11259833	11259912	1
5923583	5923584	2
3913119	3913120	2
4443840	4444270	2
10294373	10294317	2
7066608	7066607	2
11969941	11969944	1
6027131	6028625	2
9185446	9185569	1
3250994	3250666	1
3795509	3795510	1
3975168	3975228	1
2347769	2347770	2
7843892	7843891	2
3311625	3311626	2
12362587	12362599	2
11597354	11597318	1
1571455	1571456	2
8421290	8421289	1
7094676	7094671	1
904460	9146604	1
11486105	11486106	1
3722657	3722658	2
2973045	2973726	2
3614882	3614888	3
2734349	2734321	1
5018536	6461572	1
1069190	1069189	5
9001833	9009391	2
745312	745222	1
8576963	8578891	1
11680917	11680918	1
3131306	3131305	1
12278804	9624737	1
1011304	1011297	2
6042516	6042515	1
7230361	7230362	1
9617101	9617305	1
2567816	2567815	2
12421931	12421932	2
11350336	11350335	2
9429904	9429935	1
1000774	1000773	2
5650191	5650192	2
433466	428744	1
7697005	7697443	1
3241965	3241966	3
1129510	1516920	1
960949	960945	3
6896974	6896973	1
11502516	11502513	1
2441713	2440907	2
6109693	6109694	1
8513646	8514032	5
9184683	9184684	3
6544354	6544353	2
3281203	3282282	1
6124469	10931956	1
2164013	11290509	1
8509781	8509782	1
6355315	6355316	3
2722814	2722813	4
6805519	6805520	1
3135921	3135945	1
6654802	6654799	1
4691148	4691147	3
7931184	7815142	2
3070839	3070312	1
6909677	7071071	1
3022395	3022396	1
725859	725860	1
11400748	11400734	1
4554444	4554443	1
6539873	6539874	5
11238192	11238191	1
9069913	9072596	4
10439743	10439750	1
5370363	5370364	2
9858257	9858260	1
1264095	1264079	1
4187170	4187243	1
9717745	9717746	3
8480258	8480219	1
3619435	3619436	2
3356319	5936467	1
3194558	3194563	1
7244812	7244811	2
11500068	11502513	1
1250097	1249254	1
6595740	6595871	1
10129841	10129842	2
8777840	8777751	1
10490304	10490303	1
12160935	12160940	1
8375607	8375610	1
6131844	6131843	2
4859206	4859205	2
10310612	10310391	1
4357609	4357610	1
5994633	5994619	1
8383047	8383048	2
8772616	8772613	2
10257101	10257102	3
2351762	2351761	3
9065709	9065725	1
1087241	1087064	2
1239212	1239211	3
8651339	8651345	1
12567218	12567196	1
6363408	6363405	1
9808677	9808678	1
11534613	11534729	1
3986550	8818528	2
7931182	7815142	3
10298356	10298355	1
1556971	1556972	1
2149534	2149533	1
12793339	12793264	1
1755005	1755006	3
4746365	4746366	4
3787761	3787925	2
9503364	9504179	2
11530965	11527479	1
10060856	10059130	1
5979723	5979724	1
9362164	9361516	1
11733973	11731476	1
5392500	5392555	2
8798734	8798733	2
10546847	10547435	2
7329599	7329600	2
2833523	2833463	2
8501298	8501194	1
1455671	1455641	1
5817369	5817370	1
2527038	2524989	3
6716434	6716433	1
160513	160514	2
10088788	10088787	2
10309883	10309886	1
5284637	5284715	1
3768880	3768879	9
8038648	8038647	3
25739	25740	1
8185786	8185783	1
187769	187770	4
11487900	11487899	2
4354545	4354546	1
10814451	10814452	2
8845614	8846487	2
11349768	11349765	3
7398470	7399099	1
646867	646846	1
7380990	7380986	1
4588319	4588241	3
11744967	11744970	1
8646133	8646134	1
2840323	2840324	2
9515486	9515485	1
11811361	11811617	3
6498634	6498633	2
205420	392531	2
8175790	8175789	2
11092225	11092226	1
3049072	2961151	1
7286983	7286984	1
6922278	6922277	5
4376255	4378081	1
6049800	6049799	2
7825072	6197347	4
9759691	9759692	1
5065139	5060181	1
11427459	11427460	1
2908456	2908455	4
447375	447376	1
3497523	3497524	2
11869345	11869343	1
4918034	4994213	1
8022168	8021605	1
11772742	11772687	1
9996186	9996185	2
10528595	10528596	2
6131021	6131022	2
748906	748905	2
7755736	7755735	1
8568958	8568960	1
9820795	9820798	1
5853085	5853090	1
5484046	5484045	2
10718642	10718637	1
8636599	8636600	2
1021618	1021620	3
11860570	11860567	1
10575570	10575567	1
8301562	8301561	4
11872945	11873011	1
2825822	2825961	1
791305	791306	1
3210642	3210767	2
8325216	8323941	1
7389699	7389700	1
7418261	7409153	1
2006417	2006422	3
5531593	5531594	2
2449365	2449366	1
8012997	8026395	1
1267929	1267934	1
3364350	3364405	1
292295	292296	4
10275398	10275405	4
725861	725638	2
3995460	3995459	1
6346691	6346696	1
7542763	7542764	1
9115216	9115215	5
3641722	3641721	2
2506761	2506762	3
1995432	1995431	1
11021284	11020433	1
6641529	6641530	3
5690911	5690912	1
7863143	7863144	2
5964538	5964537	1
9184683	9184686	2
8206579	8206580	3
10564136	10564133	1
12719573	12719574	3
5527591	5526985	1
6579579	6579941	2
6707518	6707517	2
3581137	3581112	1
6284993	6284994	1
4566347	4566353	1
11990775	11991608	8
5309440	5309439	1
637037	637007	1
434784	434783	1
4716710	4716339	2
3073847	3073634	1
11252178	11252171	1
5290449	5290450	3
4805328	4805311	1
1830294	1830297	1
3055275	3054951	2
1602669	1603541	1
3632402	3632401	1
3370829	3370830	1
1738080	5472350	1
8306637	8306638	2
5787398	5787395	1
8284920	8284917	2
9507974	9507893	1
11405119	11404718	2
8057388	8061885	1
9104767	9104773	1
762688	762683	2
10435173	10529651	1
3497804	3497803	1
6342315	6514836	2
9804772	9804771	2
7856548	7856547	1
2898510	2898509	1
6892045	7390418	1
7399790	7399663	1
5275636	6807670	1
8882909	8882910	1
5483644	5483708	2
6101626	6158829	1
903918	869416	3
2784784	2784783	1
5580262	5580227	4
3406409	3406410	2
6123172	6123169	1
5605837	5605838	2
8039922	8039925	2
3087710	3087709	3
9569604	9570529	1
3431088	3431079	1
11764895	11764896	1
10083412	10081211	2
5327203	5327186	1
10771768	10771767	3
3246019	3246020	1
6955927	6955928	2
7616238	7616237	1
1577262	1576913	1
7304127	7301276	1
6346699	6346700	1
9134696	9134695	1
9598309	9598310	2
7250617	7253660	1
4082142	4082141	1
10700125	10700164	2
10768186	10768185	1
3574163	3574166	3
4941132	4941131	3
8178063	8178064	2
2565054	2565053	1
2299049	2299050	4
6479057	6479051	1
11727104	11727103	2
6049254	5970303	1
5794185	5794186	1
1264084	1264083	2
12657990	12657987	1
8617845	8617846	2
2734349	2734333	2
3722656	3714474	1
7981637	7981638	5
5158519	5158504	2
2490288	2490287	2
12754487	12754489	2
9758905	9758906	1
8829753	8829760	1
968297	968300	1
10067397	10068903	2
4992303	4992304	2
843110	843109	1
5091728	5094060	1
10307059	10307060	1
7048763	7049769	1
8775927	8775928	2
2186911	2145219	1
11582748	11582469	1
4739195	4739196	1
10918969	10920558	1
12473361	5967987	1
8693885	8693886	2
2320511	2177484	1
4803973	4803965	1
471867	471870	1
2617837	2617838	1
70810	70809	3
1832101	1832102	2
162278	162249	2
11784690	11784689	2
7790802	7790801	1
5153047	5153050	1
5290443	5290444	5
7761942	7761941	1
5985057	5985058	1
465375	465376	1
3104676	3104675	2
8375609	8375610	2
1516324	1516323	1
7506738	7506735	1
11639688	11639981	1
6129627	6129630	2
6109286	6109285	1
520390	4574704	1
2552320	2552319	1
2441713	2441714	2
9863205	6241395	1
7427131	7427154	1
5464577	5464146	1
9638015	9637965	1
3357069	3357070	1
4736107	4736108	2
10718646	10718639	1
3206417	6095528	1
7371520	7372733	1
260704	260703	1
9361441	9361442	2
5868958	5876365	1
12351107	12351108	2
6353919	6353920	3
4736283	4736324	5
993773	993808	2
2253640	2253639	3
11051658	11051657	1
9742051	9742052	1
10523036	10518315	1
9470910	9470936	1
2590383	2589922	1
3500029	3500030	2
12120331	12119136	1
3607766	3607768	1
8222599	8222619	1
593598	593347	1
4603625	4603626	5
6514337	6514338	1
4122836	4122847	1
10176538	10176537	1
6828102	6828436	1
5077762	5077761	3
11105949	11105950	2
10011525	10011516	1
1421462	1421461	1
3404611	3404614	3
3936153	3936156	1
6063298	6063297	1
1748563	1748565	1
5531589	5531592	3
7446366	7446365	1
4355785	4355788	2
7820705	7820706	3
11261547	11261552	1
10359944	10358347	3
10738881	10738916	1
3361988	3361987	1
7427781	7427782	1
25741	25742	1
657589	657590	1
7833036	7833035	1
299672	299671	1
3547727	3547728	1
4072761	4072762	1
436145	434783	2
3442442	3442441	3
11844956	11844955	1
1360943	1360917	1
6084964	6084713	2
8622822	8622821	4
11755999	11756000	1
12018736	12018735	4
6514829	6514836	1
4268795	4268796	1
9437006	1549221	3
7406005	7406006	1
10763659	10763660	2
9295118	7536722	1
7874621	7874941	2
9229735	9229713	1
4565521	4564194	1
9141741	2292150	1
1220050	1220049	2
3414188	3414175	2
6760940	6760968	1
1587610	1587609	3
5794413	5794186	1
2621878	2622174	2
4138795	4259496	1
10214713	10214678	1
1133361	1133362	2
8779622	8779621	3
6155750	6155749	1
10744578	10744577	1
10354251	10354252	2
6817856	12535219	1
5740676	5740675	1
4805344	4805343	4
7378895	7378896	1
2442416	2442935	1
6098747	6098748	1
9868223	9868224	4
9864554	9864644	3
8784462	8784514	1
3240031	3242842	5
10334457	10334458	2
3588157	3595319	1
2334214	2334213	3
6896046	6896968	2
3364406	3364405	3
10859684	10859681	1
7273614	7273606	1
6720403	6720406	1
12252174	12249149	1
1875594	1875601	1
7490447	7490448	1
9281347	9281348	1
7351775	7350745	1
11619884	11619881	2
11238190	11238189	1
11918880	11918877	1
9960142	9960136	1
2118986	2118985	1
11937170	11937169	1
1627753	1627772	1
4855832	4855831	1
6537521	6537522	2
6670916	6670911	3
5366720	5363728	1
5630717	5630718	3
9982134	9982133	1
10275400	10275405	1
10976894	10976914	1
10439743	10439748	1
1695517	1696244	1
187767	187768	5
9320355	9320358	1
5794413	5794184	1
289848	289983	2
2524606	2523753	3
10611523	10611524	1
189198	189197	2
12753766	12753765	2
8247501	8248304	1
11249436	11249393	1
895545	7215817	1
10104251	10104629	1
4385336	4385406	1
3251577	3251580	1
3816470	3816469	1
11857367	5521552	1
10232583	10232635	1
6466476	6466473	1
6894095	377401	1
8157579	8157580	1
2935907	2935908	3
5017859	5017855	1
1011306	1011305	1
8745198	8797126	3
907252	907249	1
9429933	10448431	2
9984899	9984900	1
1658697	1658700	2
10926439	10926578	2
9346057	9346074	1
4689883	4693418	1
2352665	2352668	2
141915	141922	2
12464906	12461301	1
7828909	7828790	1
8876354	8876353	3
5605833	5605834	4
360252	360251	2
12732209	12732210	2
10189387	10189388	2
3703660	3703701	1
5994021	5972041	1
11259913	11259916	1
11931086	11931085	2
9061509	9061512	1
9790178	8000541	2
7822619	7822620	2
2956953	2956956	8
67791	67792	1
6163516	12794974	1
5538239	10401258	2
3055146	3055145	3
5046036	5046033	1
11234350	11234349	2
7933935	7935768	3
2398813	2397518	1
12198800	9569042	1
260706	260703	1
2922873	2922874	1
6972090	6972087	1
8867785	8867793	2
5828350	5828347	1
2561259	2561260	3
1909437	5320749	1
4856071	7544670	3
5434746	5438817	1
3833898	3833894	1
5563293	5563294	1
2152107	2152058	2
10234005	10234006	2
163623	163559	1
4990252	4990251	2
4087514	4087513	3
11970125	11970267	3
9495755	9495734	1
5787822	5787821	1
2998556	2998555	1
11627876	11627875	1
8972082	8972079	1
12278804	9624735	2
6756303	6756306	1
11470425	11463148	1
10138662	10138197	1
6354587	6354588	2
6948300	6953523	1
9095906	10580665	1
2164261	2171325	7
2907191	2907516	1
2213601	2213637	1
9345989	9345995	1
1307173	7383414	1
10718638	10718637	2
233049	233050	6
3722657	3714464	1
3597535	3597536	2
7390749	7390742	1
6594697	6594698	1
1825829	6195219	2
8000053	7998596	2
4312771	4312772	2
4122836	4122849	1
4783303	4783304	3
12731838	12731835	3
7956348	7956360	1
2790298	2883652	1
2334207	2334217	1
2859273	2859638	3
6447619	6447620	3
11279628	11279627	1
5437149	5437150	1
12301509	12301510	1
2752665	2752666	1
2536832	2535410	1
2956957	2956962	5
11897397	11897398	3
5967466	5967465	2
5823061	5822953	1
6023718	6023717	1
2258220	2258211	1
5818265	5818282	1
10788106	10787627	3
992436	1050357	1
11279776	11279775	1
3545225	3545228	1
5322251	5322151	1
873378	873375	1
11616736	11616733	1
267969	267970	1
11426040	11426075	1
3055144	3055143	3
6264350	6264349	1
655265	655131	1
207319	38269	1
8962280	8962279	3
357743	358108	3
7996190	1749724	2
6432183	6432184	1
9175673	9175676	1
4780574	4780645	1
936281	936282	3
12636187	12636133	1
3735709	3735710	3
11799408	11799399	2
5408666	5408665	1
12324969	12324970	1
319607	319626	1
5693313	5693314	2
2534168	2534167	3
6006130	1769532	1
7144557	7144558	1
3582727	3582728	1
6388498	6387800	3
7946258	7946257	1
244402	233048	5
9440147	9445962	2
6731087	6730990	1
2652773	2652778	1
2945272	2945271	1
2382473	2382476	1
4653463	4653464	2
9713130	9713224	1
10117923	10117926	3
1485274	1489152	1
7835724	7835723	1
9775447	9774841	2
4244542	4244541	1
6436581	6436582	1
11780636	11780631	1
11872183	11872184	2
6131844	6132015	1
11259833	11259916	1
442855	442222	1
10401988	10401987	3
10981585	10981586	2
6215352	6213534	2
4603801	4603775	1
5740678	5740675	1
12314632	12314631	1
650303	650339	1
7946576	7946259	1
7684304	7684303	1
5573981	5573982	3
7519559	7519560	1
5474838	5474825	2
6127181	6127179	2
3995458	3995457	1
7678745	7678746	1
5966309	5966463	1
1392599	1392600	1
7831267	8003686	1
7549179	7549184	2
2125215	2125218	2
11533501	11533502	1
12613356	12613397	1
10575496	10575495	2
583688	583687	1
7895459	7894900	1
8848958	8848957	2
12553480	12553475	1
5539578	5549625	1
863611	863549	2
11200571	11200572	2
11835473	11835315	1
951123	951124	2
5515659	5514646	1
7971611	7971612	2
7822621	7822624	1
119990	119845	2
2692638	2692635	1
1017473	1017476	2
8989379	8996310	1
8842364	8842361	2
7673500	7673499	1
7632848	7632112	1
1398514	1398513	2
10171434	10171463	5
1011310	1011307	1
6171582	6171571	1
6237571	6234981	1
8797493	8797494	1
5870248	5870245	1
6438202	6438201	1
4446887	4446770	1
2867054	2867053	1
7953121	7953122	2
8150436	8150382	2
7601506	10084875	3
2171714	2171717	1
2678233	2885923	1
9775445	9774841	1
1634187	1634120	1
11805347	11805348	2
5693373	5693374	2
3744734	3744733	4
6008057	6007871	2
11726934	11726933	1
6575006	6575009	1
4531333	4350403	3
3482738	3482755	2
6813816	6813821	1
6013842	6013841	4
1284444	1284443	1
7240404	7239973	1
1313884	1313883	1
5270471	5269990	1
7380822	7380819	1
10804415	10806242	2
2206255	2206256	4
12388282	12388281	2
390539	390540	1
12246818	12247842	2
11966269	11966270	1
4300833	4300834	1
11427931	11427932	2
11533503	11533504	2
11653940	11653939	1
5874262	5874261	1
4689352	3118087	3
2935947	2935978	1
2577043	2575451	3
8402009	8402010	3
7524108	7525829	2
4628238	4628256	1
11292992	11292991	2
1696245	1696246	1
57465	57468	1
5972040	5972039	1
12319305	12319308	1
194573	186322	3
11163473	11163474	1
3728757	3721015	1
6161019	6161020	1
399017	399018	1
11319459	11319460	1
9010162	9010125	1
2171718	2171715	1
8270511	8270512	1
11965897	11965900	1
314810	314809	1
2140041	2140096	1
282199	275424	2
8098247	8098248	1
299670	299669	1
6810251	6810254	1
2059340	2059337	4
3557348	3557347	1
4174966	4174965	2
12783050	12783047	1
4834441	4833742	6
1055270	1056997	1
8229981	8229982	1
4532921	4532903	1
1337268	1337272	3
6311440	6311439	5
6396894	6396893	1
4543789	4543792	1
4052645	4052648	1
6435650	6435649	3
1966230	1944867	2
11394158	11394157	1
5853012	5853011	2
1609560	1609538	2
1239797	1239798	2
2150347	2150348	3
7427787	7427790	2
2622466	2622448	2
6373070	6373226	3
6673	11772687	1
8967305	8967306	2
2016755	2016756	1
3798112	3798109	1
6890621	6893628	3
7673346	7661344	1
9972995	9972996	1
11565901	11565902	1
5813753	5813759	1
4559762	4560372	1
1034459	1032693	1
5266649	5266652	1
8558043	8558044	1
12247458	12247457	2
3995466	3995465	2
6512155	6512160	1
6014642	6014639	3
235415	235416	1
10553816	10553815	2
3941481	3941506	1
11895457	11895474	1
1295149	1295150	1
3032338	3032328	1
1685251	1685252	2
8155584	8155583	2
7506734	7506733	1
6911788	6911076	1
5253828	5253453	2
780998	780997	1
9510728	9108075	1
5189217	5179922	3
5423232	5423261	1
10611525	10611526	1
8885013	8885014	1
8309135	5340686	1
9349941	9349946	2
1003524	1002600	1
12766264	12766263	2
358110	358109	2
7978408	7979543	1
5256060	5256059	4
6182527	7926624	1
9713680	3217890	1
318549	318550	2
9311960	9310856	1
181529	181530	1
5614223	5614224	2
8092385	8092386	1
1185311	1185312	3
8383307	8383308	1
849914	849913	3
4008007	4007176	2
8519026	8296811	1
3611283	3611273	4
8425727	8425835	1
2461614	2461613	1
2006321	4992304	1
3406409	3418376	1
10451731	10451732	1
2907942	2907941	2
2050600	2050619	1
10711011	10711012	1
3551777	3551669	1
5010484	5010483	1
445388	445387	1
3787763	3787925	2
12243089	12244548	2
1267914	1267913	1
6652706	6652705	1
12232492	12232491	1
951125	826702	1
2359757	2359491	2
2345621	2345622	4
2564652	2564087	1
11919233	11919234	1
9726832	9726824	1
5486664	5486683	1
5486679	5486680	1
766613	210910	1
5240648	5240647	2
8298880	8298879	3
5441940	5441939	1
5069995	5069996	3
11869520	11869485	1
4739366	4739365	2
8613210	8615979	1
7557032	7557029	1
4264470	4264469	1
9389816	9387602	1
6167609	6167616	1
9468644	9468656	1
10015322	10015321	2
11597548	11408682	2
4388908	4388907	3
6192443	6191586	1
10520368	10528596	1
6526165	6526166	1
11271225	11269693	1
7730181	7730182	3
12323378	12323377	1
11427929	11427930	2
12619498	12618202	3
10522336	10522335	2
3236342	3236350	1
9928242	9928235	1
8769665	8769666	1
342785	342786	4
4504185	4504168	1
2861878	2918800	1
11795099	11795240	1
10494126	10494872	1
7521346	7521345	1
4805346	4805345	2
5654240	5654239	1
5530832	5530831	1
6342315	6514828	2
4479360	4479355	1
9041358	4009630	1
6142138	6142137	2
7762209	7761943	1
9531531	9531534	1
5761628	2900904	1
4230544	4231081	1
11941600	11941599	3
7769450	7769453	1
5757533	5757534	2
141919	141922	1
10176551	10176537	1
10390538	10390537	2
2814193	2814196	3
6603275	6603276	1
7944599	7944600	3
7831269	8003686	1
3361037	3361038	1
10393987	10393988	2
5103889	5103948	2
6159668	6159667	2
1764434	1764458	1
3726746	3416750	1
6176608	8422602	1
5860325	5860326	2
3941986	3941985	1
3232717	3232722	1
4385881	4385882	1
8295170	8282711	1
5714416	5713985	1
6566398	6566397	1
723556	722952	2
2352645	2352664	3
1421460	1411952	1
11916020	11916019	2
8561518	8562140	2
12422007	12422008	1
5484514	5485364	2
3536067	3536068	2
11846536	11846535	2
7855358	7930367	1
2095899	2096255	1
3969822	10905005	1
10626350	10626347	2
8399023	8399024	2
5103887	5103888	3
12244397	12244398	1
11490138	11490137	4
5423232	5423259	1
5043620	5043617	2
3619437	3619440	1
7311786	7311838	1
6002797	279543	1
6032960	6032991	1
147332	147381	1
12726645	12610493	3
3898509	3898514	4
10015324	10015323	4
12311180	12310002	3
9320586	9320585	4
11757803	11757796	2
3510282	12441426	1
1315043	1315044	2
6041223	6041224	1
11918880	11918879	3
10508153	10508154	2
9138198	9138197	1
5619727	5619728	1
12181722	12181721	3
6391699	6391700	1
5928001	5928002	1
9830113	9829801	2
7535875	7535912	3
2059334	2059333	1
3695554	3695553	1
7399790	7399789	1
1353005	1351833	2
2905467	2905121	2
8175788	8175787	2
5409756	5409920	2
6275684	6275641	1
6761216	6761524	1
5834654	5835292	3
4833747	4833748	1
10532149	10621236	2
7016075	7016076	1
3873029	3872986	1
634878	634291	1
9568198	9568195	1
390541	390542	1
3402435	3402511	1
9968728	9968727	1
6033285	6033286	3
3701568	3700856	1
11709681	11708609	1
3619513	3619514	1
7553116	7566290	4
9867695	9867696	3
6559322	6559321	2
4183701	4183453	1
6104538	6104541	1
4200695	4200696	5
11234348	11234345	1
6594697	6594700	1
200933	200966	2
3581227	3581360	1
807444	807466	3
3632400	3632399	1
9014181	9014182	3
10226321	10224692	2
8651904	8651796	1
8962301	8962302	2
6005277	6005278	2
750163	750140	2
5927997	5928002	1
3791825	3791826	1
7227633	7227672	1
7351773	7351774	1
9620741	9620731	1
9775445	9775446	3
8160501	8160502	2
3493681	3493711	1
2552316	2551885	2
5666646	5666645	1
8577891	8578317	1
6104958	6104935	1
10469342	10668707	1
11124415	11117170	1
7831267	7831268	1
5588074	5588071	2
2338850	2339503	2
8507592	8507591	1
6023264	6023263	4
4589900	4589902	2
11633753	11633756	1
2718279	2717915	2
8513343	8513346	1
6353621	6356681	1
10769121	10768662	2
3641722	3641719	1
1335620	1335619	1
8154113	8154017	1
848949	6610734	2
8866031	8866277	3
11177471	11179525	1
5441948	5441947	1
10633499	10633502	2
10944313	10945019	1
8547420	8547444	1
7828789	7828790	3
5497975	5497976	1
3251577	3251578	3
4544864	4544863	2
7660030	7660029	1
7556678	7556677	3
11789596	11788452	2
362752	362751	2
6155582	6155581	3
9624736	9624735	2
11500068	11502517	1
2312827	2312828	5
5483489	12475329	1
11617239	11617240	1
8019427	8019430	1
3270871	3270872	1
10179711	10179712	1
589397	589398	1
10744542	10744535	1
3996508	3996507	3
4535671	4535672	1
9318404	9318401	2
5434825	5434826	1
9375932	9375613	3
7668399	7668863	1
5854199	5854202	1
4311155	4311156	1
358322	358837	1
12659853	12659881	2
5912764	5912763	1
4504187	4504168	2
6203787	6203788	1
7153546	7153545	2
6005275	6005278	1
8692132	10863795	1
3156357	3156358	1
6123170	6123169	1
9674575	9674576	1
10522342	10522335	1
4479717	4479718	2
8371373	8371376	1
849912	849911	1
6850056	6850055	2
9617615	9617616	1
147334	147381	1
12808192	12808191	1
1238719	1238722	1
4679260	4679360	1
10044644	10044582	2
3252825	3251745	1
9327686	9327685	4
6110739	6110740	1
447377	447378	1
10383727	10383722	1
7702410	7702430	1
12766268	12766265	3
5919368	5919367	2
1538316	1538315	1
2793503	2793504	2
11221833	11224784	1
11344193	6289540	1
260706	260705	1
3699382	3699379	1
3570866	3570902	1
8574016	8574015	1
7178630	7178644	1
2277168	2277167	3
8678057	8678058	3
2740463	2740464	1
12242267	12242303	2
3546725	3546726	2
2258212	2258211	2
8155269	8153246	1
11327088	11327067	1
7954346	7954330	2
11883138	11883137	1
187771	187774	2
6642477	6642478	1
10108530	10108529	1
2382475	2382476	1
5899410	5902315	1
11844390	11844957	1
11314087	11314090	1
9010126	9010125	1
9173339	9173342	1
489988	211775	1
8129251	8129252	1
9974776	9974773	2
4094063	4094064	2
8915912	8878553	1
10814453	10814454	2
5270471	5270472	5
10740342	10740341	3
3513246	3514539	2
6108549	6108552	1
5327201	5327202	1
634846	634841	1
4114814	4114813	1
6341563	6341755	1
12785528	12785527	2
9531510	9531532	1
3905824	3905823	2
3952511	3952512	1
3043623	3043624	3
8352147	8352521	3
5493835	5493838	3
6810398	5531588	5
1046597	1048384	1
3713990	3713989	2
8012711	8012679	3
658612	658609	1
1785243	1785244	1
8767108	8766767	1
3570210	3570205	1
8091225	8091226	3
7368924	7368923	2
5985227	5985230	1
2547866	2547861	2
6643473	6643474	1
6355345	6355346	3
6510300	6510299	1
4360733	4360734	1
11190346	11190345	1
10296795	10299162	1
875246	874501	2
7566936	7566933	2
1118420	1118419	3
9019502	9019501	1
4259497	4259498	1
10040135	10041199	1
12785489	12785009	1
3397759	3397760	1
4386590	4388695	4
2006319	4992302	2
6743624	6743623	3
11710693	11710715	1
7017903	7017904	5
1670141	1670142	1
5161742	5161746	1
417011	417012	3
11192281	11192282	1
7037798	7037804	1
11327078	11327075	8
4367704	4369028	1
2265996	2176640	1
2014997	2014998	3
7273610	7273606	2
29834	29831	1
1649107	1634484	1
11388450	11388449	2
6471846	6472000	4
6526163	6526164	4
2622459	2622462	1
9141739	9141740	24
799863	799918	1
5926699	5925847	1
11566152	11566151	2
9084730	9084896	2
465369	465370	1
5188752	5188782	1
1205105	1205106	1
147980	149265	1
6110741	6110742	1
1740652	1745178	1
9842182	9842025	1
10769119	10769122	2
3498451	3956184	1
6138973	6138974	5
5373854	5373868	1
11115201	11115202	1
186596	186595	4
8309309	8309323	1
494468	494465	2
3120302	3116379	1
4481760	4481744	2
7512020	7511836	1
4942682	4942181	2
9141741	9141746	2
7097183	7097184	4
8427228	8427277	1
12455843	12455844	1
7971609	7971610	3
3916921	3917034	1
5688268	5769509	1
8775929	8776169	1
247340	237636	2
9984902	9984901	2
8386671	8386672	1
7599029	7599030	4
11915502	11915501	1
5088808	5088908	1
6835485	7163080	2
3781628	3781053	1
6192738	6192737	1
2360681	2361465	2
6437084	6437083	1
2567816	2567813	1
6568367	6594694	1
8196333	8193906	1
2231182	2231179	2
9674554	1744853	1
5420547	5420548	1
9612491	9612494	1
7747646	7746272	3
8129367	8129252	1
12459466	12459465	6
9814062	9814057	1
5234302	5234299	1
1824505	1824506	2
9867924	9854789	1
3591685	3591686	1
10692346	12378725	1
634842	635624	1
4624598	4624597	3
5876368	5876367	1
5740678	5740677	1
11651989	11652694	1
6133520	6133519	2
10448412	10448411	2
6958458	6957917	2
10344016	10344015	1
6527731	6527735	1
804752	804762	1
11559265	11557560	2
9320151	9320152	2
5916543	5916544	1
3204700	3204699	1
10803215	10803216	2
3893352	3893257	1
6105426	6105055	1
5486664	5486685	2
2036810	2036869	1
2935909	2935911	2
12132818	12132817	1
5521508	11857362	4
3629346	3629720	2
4470573	4470574	3
467594	466490	1
6492683	6492649	3
9478398	9470939	5
5046741	5047025	2
2665574	2665571	1
2407775	2406432	1
1715269	1716540	3
8447235	8447236	1
660653	660658	1
3565802	3565801	1
8184470	8184469	1
5927704	5927703	3
7099138	7099137	1
7996192	1749724	1
9670457	10691406	1
928955	928945	1
1118413	1118421	2
9999769	9999772	1
10290564	8829435	1
10601764	10601763	1
7817868	7817867	1
5690167	5690178	1
7373750	7373749	3
8059997	8059985	1
6110737	6110738	1
5048585	5049015	1
7825074	6197347	1
9197143	9197144	3
7037798	7037806	1
2909075	2909076	2
6527634	6527633	2
4954497	4953736	4
4746385	4746386	1
11728862	11727270	1
7714633	7714646	1
6922280	6922279	2
10963433	10959787	1
2714138	2713791	1
3913117	3913118	2
3728744	3680843	1
6594699	6594700	1
2276831	2276832	1
1618793	1618794	1
3582725	3582726	2
11991836	11991894	1
6053320	6053319	1
6339825	6339826	2
2680899	2680975	1
10421045	10421046	1
7824782	7824810	4
1021271	1021272	1
7367659	7367660	2
1949335	1949336	2
7102307	7102356	1
6013840	6014458	3
10744576	10744543	1
6841319	6841320	1
8185226	8185225	3
2335688	2335687	3
11123327	11123328	1
12729554	12729553	2
8384885	8346283	1
5751080	5751079	1
5630719	5625334	2
9359369	9359179	3
3250994	3250854	1
5257550	5257549	1
2167606	2167637	5
1058421	5048877	1
7276556	7276555	1
2268351	2268124	1
9228825	9228826	1
10168416	10166503	2
129236	130104	4
10850010	10850009	1
7519747	7519558	1
4055902	4115599	1
1250403	1250406	3
5614219	5614222	3
12036100	12036099	1
11529856	3255422	1
5584177	5584195	1
3151187	3151190	2
2273354	2273328	1
12150844	8064145	1
429721	429724	2
5239674	5239673	1
9772171	9772172	8
6659139	6659140	1
873376	873375	1
4588107	4588108	3
7301277	7301280	1
7116875	10611986	1
7673498	7673497	1
5273153	5273433	1
1394253	1394233	1
3670276	3665715	2
1574160	1574985	3
8352914	8353679	1
10309887	6504427	1
5814740	5816425	1
4330314	4330313	1
9095256	9095255	5
11402350	8531409	1
4864834	4868056	3
3816472	3816469	1
6235745	6233844	1
4576603	4575664	1
1503741	1503742	1
5320154	5320153	3
11697000	11696999	2
1110971	1111718	1
6020069	6020185	2
8020521	8020522	2
11731498	11731495	2
11766517	11766518	2
7693249	7944976	2
8899798	8899802	2
9839467	9867234	4
12813622	12813183	1
2059342	2059341	5
10372028	10372027	2
11990608	11990627	1
7375171	7375172	1
9393353	9393354	1
10247429	10244975	1
10687342	10687341	1
8769663	8769664	1
6509873	7754300	1
147982	147981	1
5690169	5690178	3
5765710	5765612	1
5785398	5785397	2
7298949	7298950	2
12731836	12731835	2
6008417	6008420	1
11766513	11766518	1
9311897	9311851	1
2838818	9573619	1
8818545	8818546	2
4752416	4752415	2
11720365	11720366	1
7467661	7467468	2
11405167	11405190	1
4305829	4305843	1
7792629	7792632	6
935211	935214	1
3520371	3520372	1
11717910	11717909	2
848016	10481761	3
5963131	5963134	2
6539875	6539828	1
10893203	10893204	3
11845405	11846406	2
3151186	3151183	1
8829753	8829758	2
10905004	10905003	1
9445095	9445096	1
1966230	1944865	1
4686308	4686273	1
8755750	8751145	1
11837134	11837133	1
442561	442542	1
3581118	3581115	2
11601943	11601944	1
10859762	10859681	1
6987689	6987690	1
3292375	3292376	3
10081210	10081209	2
5926891	5926892	1
11234350	11234345	1
6156307	6158020	1
5572946	5572945	2
2680784	2680835	1
12656179	12656180	2
2686882	2686881	1
2920897	2910212	6
7225396	7225395	1
12440610	12440609	1
11187992	11187991	1
4833743	4833744	3
179029	179085	1
5077764	5077761	2
7828909	7828788	4
2351767	2351768	1
9435004	9435003	1
10193929	10193932	1
11910235	11910236	1
6450466	6450511	2
8538644	8538616	1
485526	485523	1
587093	587094	2
423791	423792	1
8306639	8306640	1
5669068	5669067	3
11214485	11161627	1
4071850	4071849	2
3359862	3359859	1
6051821	5817259	1
8896361	8896378	1
2945664	2856805	3
6833611	6833614	6
4427640	4427639	1
10334464	10334461	1
11922505	11925092	1
10658686	10658683	1
9525223	9525172	3
11966269	11966272	1
9538999	9539000	2
6505887	6555377	1
2059336	2059335	1
4475612	4475611	1
6863690	6863687	1
9531259	9531264	1
616122	616121	1
5815524	5815273	2
4633895	4633896	1
8867258	8867257	2
5328364	5328337	1
12723044	12723076	1
6737039	6737045	1
9485281	9485271	1
11872945	11873009	1
6155582	6155579	1
5750266	5644749	3
968297	968298	1
10931331	10931332	1
3275707	3275641	1
2819616	2819609	1
1653751	1653752	1
12246454	12246419	3
7696883	7699557	3
11846867	11846865	1
10503649	10501140	1
10972838	10972238	3
3248849	3248850	2
69844	69346	2
7144557	7148878	1
6579581	6579941	3
3855354	3855353	1
8107008	8107007	1
2537552	2537310	1
4052647	4052648	1
7144559	7148878	1
10575570	10575569	1
6518054	6518053	1
10475137	10475115	2
8797096	8797095	3
2446113	2446114	3
6311444	6311439	1
6918006	7085087	1
6537523	6537505	2
8375607	8375608	4
7273614	7273611	1
12813622	12261713	1
3816470	3821675	1
6906456	6906455	2
7650097	7650111	1
3341481	4360974	1
5894430	5888946	1
8953506	8953505	4
8710946	8708589	1
19089	19090	1
3813442	3813441	2
6705329	6703246	1
12180358	12180334	2
8714236	8714235	1
4084267	4084268	2
8440499	8440500	2
7399788	7399663	1
3700938	3700935	1
6198632	6198465	1
3581120	3581119	5
7406855	7402969	1
10889027	10889028	1
3126118	3125845	3
10212071	1036995	2
157620	157619	5
10528612	5249561	2
5784149	5784150	1
4994209	4994212	1
1658697	1658698	2
6987687	6987688	2
10401978	10401987	1
12230723	12230724	1
1616470	1616469	1
10819868	10819865	1
5870254	5870253	1
6796900	6796897	1
4482538	1245638	1
6172632	6172631	2
8027165	8027132	1
3612440	3612439	4
10491804	10491800	4
6376664	6374628	3
2536833	2535365	1
1709351	1701397	1
3937274	3937343	3
11852603	11705497	1
9433779	9433782	1
6311444	6311441	1
10739434	10739431	2
1513853	1516159	1
7532237	7532240	1
252605	252640	1
2209556	2209293	1
9973652	9969747	1
4229035	4229036	1
11609135	11607401	1
3941483	3941506	2
5834367	5833968	2
1293473	1293476	2
10713630	10713629	3
3538484	3538483	3
6593831	6593778	2
3899593	3899594	1
3548413	3548416	1
2628397	2628375	1
6489840	6489835	2
7258485	7258479	1
10375872	10375774	1
6195491	6195494	1
12319303	12319304	2
6374629	6374630	1
1335622	1335621	2
2353159	2353160	2
10329554	10329553	3
7399792	7399791	3
5843590	5843589	1
10117270	10117269	2
7399093	7399094	3
7727146	7727145	1
10372028	10371839	1
7904585	7904586	1
2211409	2211410	2
6711257	6711258	2
6846686	6846685	1
11765117	11765118	1
2015300	2014999	3
11255918	11255977	4
11711065	11711068	3
37948	37947	1
10615013	10615014	3
8839734	8839733	1
7378895	7378898	1
2216391	2216421	2
3111173	3111209	2
11403124	11403279	1
2167636	2167635	5
5251644	5251641	3
5997725	5997457	1
10881061	10881062	1
4527131	4527132	2
5862285	5862286	2
361102	361101	3
2552318	2552317	2
2843637	2843638	1
7190432	7190429	3
7118846	7118845	1
10580478	10580475	1
9466707	6189161	1
5009081	5009084	2
6046835	6046839	1
5877560	5877565	1
3768884	3768879	2
447282	447281	1
11588882	11590085	1
1797585	1797586	2
634846	635624	1
2258220	2258213	2
3654935	3654936	1
11419926	11419925	2
7528853	7528854	1
2691610	2691607	3
6774396	6774368	1
6100777	6100778	4
10200081	10200084	1
1122921	1122922	2
1581578	1546438	1
9274009	9274010	2
12767470	12767469	2
109318	109317	1
5899410	5902313	1
151848	151845	1
8184468	8184467	1
12783048	12783047	1
7544521	7543612	1
2921362	2921361	1
10468380	10468379	2
11400120	11400119	1
5619727	5619730	1
7950294	7950293	2
11385687	11385688	1
8707732	8707713	1
11661083	4527702	1
9547917	9547918	1
11836819	11846537	2
4059019	4058997	1
12226618	12226617	1
5618634	5618665	2
958555	958564	2
8107006	8107088	1
5191408	5191407	1
11861470	11861408	1
11717908	5497974	1
12640736	12642593	1
12644365	12644366	2
1096879	1096841	1
8972078	8972075	1
823986	823752	1
3508691	2047007	1
405031	404683	2
186594	186587	2
12230721	12230722	2
12420917	12420918	2
4940064	4940063	2
315501	315502	3
8357522	8357519	1
5266263	5266264	2
5925445	5925413	3
6431783	6431786	1
1529415	1529416	1
7080872	7080871	1
12318491	12318492	1
3194558	3194565	1
7936355	7936356	1
2353159	2352671	1
12124580	12125143	1
2354607	2354610	1
4087435	4087436	1
4941552	4941549	1
2613824	2613809	1
9363525	9363528	1
2334216	2334215	1
2908458	2908457	4
755976	755973	1
9769212	9771567	1
176970	176938	1
6285347	6285125	2
12634906	12634905	4
10441932	10444970	1
6641531	6641534	2
9768900	9691717	1
1069960	1069955	1
10463216	10463215	1
8452617	8451576	1
5700393	5700061	1
7446432	7446431	2
10274610	10274609	1
9849966	9849963	1
8316077	8316061	1
9004126	9004119	1
7948804	7948803	4
7437171	7312690	1
12359189	12359145	1
11992409	11992410	2
10167357	10168205	1
1157885	1157886	1
10312596	10312593	2
3941481	3941482	2
4838200	4838199	1
8803605	8803606	1
6654804	6654803	3
4994204	4994223	1
1856484	1856536	2
6743111	6743112	1
8678059	8678060	2
10067156	10067155	4
2352665	2352666	2
8549040	8549039	1
9550317	9547918	1
6028624	6028627	1
3271454	3271453	1
8672245	8672765	1
5011865	5011922	3
8782774	8782773	1
5720513	5720514	1
10354251	10356907	1
2230720	2230733	1
5614196	5613155	2
4713413	4713414	2
3517729	3503176	1
5949860	5949859	1
9109963	2563439	2
7364888	7366268	1
11617332	11617331	1
3441715	3442402	1
1011310	1011305	2
746468	746512	3
9435738	9435737	2
2761201	2748739	1
7781955	7781945	1
5557930	5557929	2
7190711	7190896	1
6415905	6416571	1
3370827	3370828	1
5925412	5925411	2
10907699	10910987	1
4816558	4816528	1
10329552	10329549	3
3204698	3204695	1
8197055	8197011	3
3282691	3282417	1
6008416	6008413	1
11967880	11967895	1
8810718	8809821	1
7234661	7234662	1
2857921	2857943	1
5322249	5322250	1
6664193	6664639	1
3703422	3703419	2
12440608	12440607	1
10280472	10280486	2
8006945	8007395	1
6968775	6968776	2
7908167	7906303	1
10669716	10669715	1
6544356	6544355	3
7431094	7431152	1
10191755	10191524	1
8316075	8316076	2
6894093	6894094	2
4142265	4140404	2
11467909	11462029	1
978346	978514	3
8294714	8294713	2
6774901	6774902	2
3520376	3520373	1
9096352	9096351	2
11717910	5497974	1
4357537	4357538	3
1395018	1395053	2
6339823	6339826	1
5001630	5001629	2
4584091	4584767	1
9675720	9675719	1
6159335	4956373	2
1877977	1877978	4
5272078	5272157	1
6684823	6684765	3
2767485	2767486	3
885608	885913	1
7080876	7080871	1
5334689	5334692	3
6501216	6500852	2
939233	938914	1
4358104	4358103	1
187765	187766	3
9229630	9229629	1
11941602	11941601	4
5721819	5721796	1
11835473	11835313	1
12723042	12723076	2
10922930	10886640	2
6505757	6505758	1
9141745	9141746	10
7996503	7993025	2
11639692	11639691	2
10615771	10623658	1
7226628	7225552	1
9184685	9184686	2
11857363	11857364	1
8513343	10442909	1
11912080	11911795	2
6235743	6235744	1
12681482	12681493	1
2089854	2090100	1
2494861	8477228	2
10475098	10475115	1
8547378	7820058	1
3146988	3146987	1
204624	204589	1
9786566	9786565	1
7286985	7286986	1
9476277	9478908	1
7610981	7610982	1
7291603	7291604	3
8875040	8874158	1
8155449	8155468	1
4052643	4052644	2
4736103	4736108	1
10050950	10050949	1
425789	425790	1
9141741	9141742	17
8015503	8015504	2
5429396	5429395	4
12205197	12205198	1
4058505	4058506	1
9526637	9526638	1
2208930	2208581	2
4658756	4658755	1
429108	429107	1
2353161	2352671	2
12676932	12676930	1
12448332	12448890	1
4103358	4103355	1
5764932	5764931	3
8383049	8382961	2
5677654	5674814	1
5080400	5080399	3
3295862	3295861	4
536154	536153	1
3246017	3246018	2
9440145	9440146	1
11117256	11117171	2
12420921	12420916	4
10769119	10769120	3
10882499	10881518	1
9939476	9933625	1
5240650	5240649	2
6023258	6023257	1
5290441	5290444	1
8033603	9511475	1
10264293	6783363	1
6339823	6339824	3
7931184	7931183	4
5515661	5514646	1
9531533	9531534	2
126387	126388	3
3231822	3231840	3
163166	163165	1
11115395	11115396	1
7199443	7342410	2
3499516	3499979	2
2638421	2638422	1
9665745	9665746	1
12184673	12184663	4
4746369	4746370	2
3381975	3381980	1
9754758	12666352	1
10814451	10814454	2
4746371	4746374	1
144368	5903367	1
10238111	10238114	1
3194564	3194563	1
12760689	12760690	3
11392052	11392040	2
10878978	10878934	2
494470	494469	2
6908516	6908513	2
8033176	8033172	1
5268258	5268257	2
3055146	3055143	2
5886116	814749	1
4447289	4450287	1
10369654	10369653	3
7773849	7773855	2
8155467	8155468	1
2814195	2814196	1
16811	13392	1
3328326	3328325	1
382274	382245	2
7243150	7243235	1
1827699	1827700	2
3292375	3292378	1
4020146	4022281	2
6743196	6743195	1
6383763	6383764	2
11873010	11873009	1
3691381	3691384	1
3682794	3683860	2
5828348	5828347	2
8904633	8904619	3
1500537	1500903	3
109736	109735	2
3943972	3943969	1
7963642	7963641	1
12516354	12516353	3
6433851	6433854	1
177150	177149	1
2276327	2276328	1
4052645	4052646	1
8882968	6210894	2
5006780	5006777	1
10293521	10291557	1
7684661	7684567	1
10691407	9670456	2
5373854	5373866	1
2487605	2487610	1
9085614	9085457	1
8425729	8425835	2
9848000	9843875	1
11832001	11833168	1
4833745	4833746	3
8622824	8622819	1
4952552	4952551	1
3956534	3956533	1
8290064	8289142	2
9477920	9477919	1
873802	873809	2
5290441	5290442	4
663883	663912	1
5098143	5098080	2
3111171	3111172	2
6107181	6107182	1
5193356	5193355	2
420034	420086	1
5443893	5202478	2
4990250	4990249	2
9312812	9312811	3
12315076	12314489	1
5647210	5647209	2
2015393	2015394	1
9295118	7536724	1
7948950	7948949	3
576724	573890	1
9453295	9446507	1
10282458	10282453	1
10359946	10358347	1
3192725	3193433	1
1066561	1066562	2
6276057	6275166	1
2292123	2292124	2
12535218	12535217	1
7273612	7273611	1
11921690	4081479	3
5950503	5950504	1
1278664	1279061	2
8038650	8038649	2
6918008	6918007	1
9292916	9292915	2
5409631	5409634	5
5102117	5102118	2
6355317	6355344	2
4643134	4644198	1
8155267	8155297	1
5115214	5115213	1
12785202	12785201	4
10379097	10379108	2
5915111	5916340	1
7490449	7490450	2
11835314	11835313	1
10603847	10603848	2
12523422	12523419	2
8371375	8371376	1
11746185	11746241	2
6247245	6247272	1
4208090	4208101	1
1825829	1756515	1
6514909	6514910	3
747041	747056	3
9108143	9108144	1
7540002	7539927	2
9141741	9141744	3
10176551	10176539	2
5923551	5923552	1
362560	362559	1
6434508	12348517	1
5758507	5758508	2
431593	431245	3
7549078	7549075	2
8384105	8455133	3
9848594	9848593	1
12745487	12745488	1
4941693	4941694	1
6834267	6834268	1
5927667	5927709	2
5096773	5096761	2
6479862	6479861	1
494472	494471	3
7747646	7746274	1
11200573	11200574	1
10192044	10198811	1
6006132	6006131	1
6243000	6242999	2
7773847	7773848	1
5970462	5970461	3
11766534	11766537	2
5422276	5422275	1
3133943	3133944	1
10881059	10881062	3
7769452	7769451	1
7950296	7950293	2
5846989	5845609	1
773228	773227	1
10771731	10771732	3
6326868	6328671	1
9851408	9851394	2
9665482	9665493	2
168386	168385	1
10992569	10992570	1
7396417	1838970	1
11407685	11407688	1
6338584	6338583	1
9275523	9275524	1
3022399	3022400	1
6565917	6565831	2
12523418	12523417	2
7190428	7190800	1
8622820	8622819	4
1264095	1264081	1
9320577	9320578	2
8964671	8964248	1
9452773	9452778	1
7900576	7902078	3
12505621	12505622	1
8991912	8991602	1
5820113	5820114	1
8513222	8513649	1
7096334	7096333	2
8206114	8207442	1
2900905	2901220	3
5666362	5668837	2
9540776	9540775	1
4533087	4533088	1
6212761	6212764	1
11390639	11587217	3
67582	67581	1
5360658	5362734	1
7773498	7773492	1
4618482	4618471	2
9893791	9893656	2
3270873	3271455	1
8189786	8194648	2
10354802	10354788	2
7747686	7747685	2
674498	674497	1
9968732	9968729	1
4789528	4789318	1
2634237	2634238	1
11936198	11936197	1
12301511	12301528	1
4984976	4984975	3
7250615	7250616	2
6643591	6643592	1
6771206	6771182	1
9142668	9142667	1
5892959	5892960	3
5542455	5542456	1
12172086	12173010	1
2487605	2487606	2
6020184	6020183	2
10022264	10022263	2
959369	959370	1
11938551	11938754	2
5731836	5729324	1
5755126	5755125	2
2710845	2710826	2
3787759	3787762	1
9981519	9981520	3
2776111	2776112	4
7093210	7093192	2
3768884	3768881	8
4379590	4379594	2
1458715	1458754	2
8667239	8667240	1
7218398	7218397	1
5921789	5921790	1
4235762	4192990	1
9999777	9999778	1
6379940	6371371	1
11179524	11179523	1
12333946	12333935	1
4666287	4666288	1
12374100	6104567	2
10067154	10067230	3
9065709	9065723	2
8851681	8851682	2
8007998	8008032	2
11688950	11688987	2
6151197	6151198	1
6526161	6526162	4
1172720	1172719	2
10307063	10307064	2
10544313	10603848	1
10345495	10345498	1
10097023	10095169	1
3582725	3582728	1
6987687	6987690	1
10179714	10179713	1
10552295	10552296	2
2519951	2519954	1
9435843	9435830	1
5951247	5943326	3
5801004	5801003	1
6110905	6108175	2
4805348	4805343	1
6121358	916477	1
11232135	11232070	2
904520	903877	1
7712577	7712578	1
12732209	12732214	1
6359064	6359059	1
2012663	2014212	1
6565930	6565914	1
8181489	8181512	1
3104676	3104671	2
10137865	10137866	1
6083882	6083881	2
5731989	5731992	1
9474820	9474815	1
1322197	1322198	2
9326882	9543672	1
8019779	8020518	3
1536017	1536018	2
7777881	7777882	1
11403122	11403279	1
6527632	6527631	2
2253159	2253160	3
8155269	8155297	1
12783050	12783049	1
1832099	1832100	3
10143634	10143490	4
5290445	5290448	1
5483488	5483487	1
11929071	11929087	1
10819868	10819867	1
4447831	6048390	2
1414129	1414130	1
12515482	12515531	1
1021262	1021285	1
4752418	4752417	2
3880346	3880747	1
2115508	2115507	1
7192997	7192998	2
11845803	11845804	2
903871	903872	1
4046754	4046753	1
2700568	2700567	1
1673324	1673321	1
3055591	3055586	1
2592729	2592730	2
938915	938916	2
9107520	9107519	2
11222305	11222306	2
1201114	1196009	3
5862630	5864625	1
2886466	2886421	1
6796898	6796897	4
9470938	9470937	4
514104	514103	1
4589813	4589602	2
2517954	2517997	1
3105234	3104677	1
843112	843111	1
4467049	4467050	1
8924048	8924047	1
1420906	1428402	2
5667872	5667871	1
10117268	10117267	6
1286291	1395915	1
3311522	3311533	3
6107179	6107182	1
2506759	2506760	3
9504180	9504179	3
5507630	5507629	3
6311442	6311441	4
1049414	1050756	1
1002171	1002856	1
2590290	2590295	1
2615032	2615029	1
10633498	6771207	1
8453957	8453953	1
5269989	5269990	3
10270423	10270484	2
8219402	8219389	1
6566697	6568167	2
11338667	11338668	1
12319305	12319306	1
6389302	6389301	1
1276326	1276325	2
5689958	5689964	2
10045364	10045363	2
7403331	7403342	3
2270898	2270897	2
5946871	5946940	1
5112804	5112803	4
11990775	11991612	2
6023720	6023719	1
7133973	7133974	5
12006449	12006452	1
12226735	12228044	1
7593069	10734644	1
12387189	12387190	2
11766536	11766535	2
12254730	12258477	1
2815838	2815837	2
1120413	1120414	1
8791442	8789261	3
6869173	4579029	2
945683	945718	1
117369	117372	1
10441354	10441337	1
10207248	10207247	1
10443082	10443081	1
12165458	12165457	1
7228549	7228550	1
11763964	11767310	1
5517042	5517039	1
6964682	6968823	3
901397	901294	2
5914230	5914229	1
11231731	11231732	1
469754	469773	1
3554861	3554862	1
447362	447361	2
3152241	3152242	4
1830296	1830295	1
1069188	1069187	4
2540003	2540004	2
2208580	2208579	2
11385536	11385695	3
6122527	6122528	1
12781100	12793288	1
6687388	6687392	2
3125544	3125580	1
9022107	9620749	1
11022814	168198	1
5928175	5928301	1
1637994	1637993	1
4006495	4006496	1
8371373	8371374	2
9173375	9173376	1
10274714	10274813	2
4355785	4355786	4
10067231	10067232	2
602085	602086	3
10516744	10516741	4
8377408	8377407	4
450606	450605	2
4564710	4627219	1
10003135	10003168	1
4469016	4469013	2
1137239	1137747	1
8012677	8012678	2
646946	646945	1
5412068	5412067	1
6106302	6105673	1
2251524	2251523	2
2344008	2344007	1
4739364	4739367	1
12619500	12619499	3
11991609	11991612	2
3273897	3273842	1
7245350	7245349	1
11868396	11868409	1
4469016	4469015	1
1414127	1414128	1
1072137	1072138	4
1465071	1465072	1
8797094	8797093	3
11088781	11088782	1
10186645	10186646	2
9066797	9070147	3
293507	294299	1
6774899	6774900	2
3049074	3049073	2
1035007	1035094	1
2519951	2519952	2
428708	428707	3
7864001	7863881	1
7227190	7227193	2
6075139	6075140	2
12686144	12717087	1
12278802	9624735	1
7950413	7950444	1
8988940	8988939	3
2715237	2715238	3
630495	633043	1
7236305	7236306	2
1450280	931656	2
7827726	7827717	1
629701	629702	4
7945584	7945583	3
7215549	7215534	1
516418	516291	1
10771731	10771734	1
1210900	1210906	1
3542280	3542254	1
4358106	4358105	1
5630096	5630089	1
8007237	8007238	2
10454508	10454505	1
9363772	9363771	1
6005273	6005274	3
7646577	7646778	1
9320353	9320354	1
8804008	8804007	2
7106007	8865277	2
1264080	1264079	2
11671947	11695722	1
7777624	7778226	2
9160827	9160828	1
1176367	1267928	1
11837463	11837017	3
1612970	1611974	1
6804746	6805594	2
4686388	4686239	2
12489834	12489873	2
6131842	6132015	3
5730636	5724498	1
8784462	8784512	1
8814962	8813300	2
2921364	2921363	1
5234304	5234299	1
5516770	5517043	1
12662049	12662025	2
11616734	11616733	1
1750720	1751068	4
10024199	10025000	1
1339837	1339834	1
6318256	6357345	2
3231044	3231041	1
1656991	1657054	1
7996503	7996506	4
10410579	4570421	1
1803180	1802937	2
6029476	6029475	3
1400704	1397779	2
11806496	11806528	2
4673818	4674789	2
4565521	4564190	2
8568328	8568327	1
1070588	1070587	1
262153	262154	2
355493	355496	2
12291099	12291100	1
2102684	2102683	2
5370361	5370362	2
4065510	4065646	1
10434613	10434480	1
4993829	11873192	2
10737371	10737386	2
2559431	2559432	2
10953979	10953980	1
2855570	2855569	1
3552809	3552810	1
6559324	6559321	1
8495398	8495395	2
6656321	6656322	1
7881853	7881854	1
11085256	11085265	2
151848	151847	1
5999023	5915358	1
6768821	6768822	2
9364278	9363730	2
12151065	8063851	1
3340960	3340485	1
1091906	1305538	1
6504970	6506860	2
6057901	6057915	1
3217767	3217768	2
1080816	1080811	1
5768865	5768866	1
5452553	5452472	1
7162519	7162105	1
9108726	9108723	1
11508760	11508082	1
9092945	9092946	2
10871802	10871788	2
1012119	1011768	1
10665	10666	2
2567812	2567811	2
7364890	7364889	1
7544323	7544245	1
6203785	6203786	2
4267447	4267448	3
9326350	9326367	1
3612442	3612441	3
3111208	3111207	2
10771733	10771734	2
1583226	1583222	1
7031185	7032973	1
4834441	4833746	1
1875592	1875601	1
5997534	5997533	2
2692640	2692639	2
2345623	2345624	2
12808684	12808681	1
1166762	1164764	2
6893638	6893635	3
1363844	1363857	2
11674665	11674666	1
10819866	10819865	1
4575761	4575762	1
2102686	2102685	2
4065516	4065511	1
7265599	7265604	1
5500846	5500851	1
441439	441442	1
9759492	9759500	1
6566400	6566399	1
3787759	3787925	1
1944866	1944865	1
6850149	6850057	1
6355313	6355314	6
2602896	2596952	6
7317511	7317512	5
8897218	8897310	1
591066	591510	1
11938465	11938466	2
2102688	2102687	1
302254	302253	1
10893290	10893202	4
11855893	11855894	1
12542488	12542485	1
262149	262154	1
4717560	4718067	1
9700684	9700681	1
11154529	11154532	1
790641	790644	1
1454000	1454043	1
8706048	8706041	2
6308067	6308072	2
5423260	5423259	1
3118088	3118087	1
6759026	6759023	3
4746367	4746368	4
6321314	6321311	1
8019779	8020520	1
7813578	7813577	2
995344	995343	2
11493823	11493843	1
5994633	5994634	2
7378897	7378898	1
931164	1406469	1
9173339	9173340	1
7901095	7901096	2
447375	447378	2
11403124	11403123	2
6511169	6511170	1
3406407	3406408	4
4699574	4699571	1
2307824	2307789	2
5828350	5828349	3
7490447	7490450	2
6652702	6652707	1
3977563	3977564	4
4527703	11661082	1
3755180	3755179	3
3916432	3916427	3
1747109	1747110	1
10583652	10580582	1
5100533	5100534	4
6460046	6460045	2
2832847	2832856	2
4752418	4752415	1
10999326	10999325	1
9320153	9320154	3
5654235	5654241	3
3787759	3787760	4
9623505	12232490	3
5952809	5959264	1
7427785	7427790	1
243479	243480	1
5912766	5912763	1
10588374	5025319	1
8155267	8155268	2
10580478	10580477	3
12260058	12260057	3
5994635	5994619	2
10522338	10522337	2
6504334	6504297	2
10399981	10399982	1
5006783	5006795	1
3629124	3629123	2
3933479	3931575	3
6311442	6311439	1
7777656	7777655	3
9758901	9758904	1
2761201	2761202	1
3633545	3633326	2
4442624	4442871	2
9780112	9778290	1
9529933	9529934	1
2995581	2956952	4
8337743	8337740	1
4566345	4566346	2
10135823	10135824	2
3191545	3191546	3
968167	968168	1
8808479	8753877	1
9758901	9758906	1
4953155	4953156	3
5046038	5046035	1
8618011	8617788	4
2734332	2734323	2
5478925	5478926	2
3372223	3371181	1
770129	769577	1
10625	10664	5
5473511	5473513	1
11805351	11805135	1
8742659	8742660	1
4925556	4925555	1
10348222	10348340	3
7727309	7727114	1
6453017	6455075	1
8921199	6204138	2
10515443	10515375	1
9544920	9544919	2
12291267	12291098	2
12315975	12315978	3
11337955	11337956	1
1827701	1827702	2
5917045	11276212	1
9349947	9349948	1
3754859	3754561	1
2909609	2907943	2
6353618	6353617	3
9150568	7017597	1
8155120	8155363	1
12388119	12399599	2
5293549	5336675	1
1803182	1803181	4
7158643	7158644	2
5963129	5963130	1
516442	516518	2
9568198	9568197	3
12719373	12719374	1
8374510	8373607	1
9849968	9849967	1
6073818	6073817	1
6834267	10372781	1
5970302	5970301	1
236015	236016	2
3984874	3984873	1
3082274	3083038	2
4032691	4032700	2
8746000	8745984	1
4299111	4258770	1
7755255	7755256	1
109734	109733	2
915995	660197	2
7457372	7456082	2
7979301	7979304	3
10050952	10050951	1
4836734	4836854	1
11433478	11433477	2
692348	692353	1
318551	317662	2
1609539	1609540	1
2740461	2740462	1
4783301	4783304	1
7653046	7648396	5
6100773	6100774	1
8581916	8582486	1
10713632	10713631	2
12613878	12613854	1
4651714	4744656	1
4813723	4813728	1
5814733	5814745	1
292945	292946	1
9529900	9529932	1
1641591	1641592	1
1685313	12573597	1
2246016	2246015	1
1829554	1829500	1
8958663	8958665	1
10235076	10235075	1
889119	889114	1
6470507	6470508	1
12525556	12542891	1
11678022	11678021	1
2650145	2649681	1
12136762	12136761	1
7096336	7096335	2
11891518	11891515	2
10443084	10443083	1
8178056	8178062	3
2351764	2351763	3
6417706	6417703	1
9241692	9241689	1
2595134	2595133	1
11260484	11261546	2
5191540	5191548	1
5234422	5234415	1
5434526	5434510	1
646869	646846	1
6552837	6552967	2
2281282	2281281	1
7924633	7924435	2
11399837	8531469	1
8829434	8829084	1
8447648	8447647	1
9146605	9146606	1
186586	186585	1
887057	883532	1
10994259	10994260	1
562858	562857	1
3592781	3592782	2
6109691	6109692	2
8803135	8803138	3
3744736	3744735	5
4555045	4554582	1
2265455	2253641	3
8002934	8002933	1
6311628	6311659	1
1399724	1399741	1
11588073	11588074	1
4296920	4297737	1
5936465	5936466	1
5757531	5757532	3
7611049	10083963	1
6253485	6253486	1
3251579	3251580	2
5538791	5538792	1
3255609	3255610	1
745223	745224	1
2280460	2280848	2
3974704	3974585	1
10880153	10880184	3
4116975	3558693	3
7726909	7727147	2
10948226	10948198	1
2734322	2734321	1
8536873	4782601	1
3508689	3508690	3
12667694	12667693	4
750242	750244	2
12731841	12765277	1
2919328	2858866	3
1335624	1335623	2
2577720	2577719	1
4527703	4527704	2
3510282	3509900	1
4117766	4117765	3
10320369	10320370	2
5468978	5467290	2
37950	37949	1
5007008	5007005	2
7712588	7712974	1
10440	10378	2
1690714	1690718	1
1681956	1681853	1
2675370	2659774	2
5327199	5327200	1
12315977	12315978	3
5923156	5923144	1
478691	478692	2
705806	705801	1
2695686	2695685	1
8452601	8452602	3
9604743	9630081	1
5985229	5985230	1
3320017	3319877	1
4153995	4153901	1
2477018	2474954	1
9544922	9544919	2
10732948	7825992	1
3829334	3828446	4
716943	716944	1
9295659	9295862	2
11319455	11319456	1
2208930	2208579	1
7833426	7833167	1
660114	660113	2
11924976	11925285	1
2588951	2588975	4
4368929	4368930	1
422121	422122	1
1367010	1363835	1
11317181	11319549	1
7945586	7945585	2
6083931	5889932	1
10517022	10516745	6
4057737	4057739	4
4008005	4008006	3
6155557	6155579	1
9511474	9511473	1
8517927	8518484	1
5435986	5435985	1
7789343	7789344	1
3570276	3570275	2
12714141	12714142	1
3751472	3751469	1
4441358	4441357	1
6566701	6566695	1
12642581	6075469	1
10874365	10982580	1
591062	591510	3
2923085	2900904	1
5268207	5268257	2
5189215	5189216	5
3273335	3273261	2
10067154	10067232	1
1201268	1200796	1
8045140	8045139	3
5266649	5266650	1
1002169	1002170	1
5050089	5050090	2
10275400	10275399	6
6814575	6814576	2
5050087	5050090	1
337408	337839	1
9095258	9095257	6
7226162	6897024	1
5077764	5077763	1
1152525	1152526	1
2265455	2253643	2
3295864	3295863	5
6384614	6384606	1
243423	242074	1
1875594	1875593	2
1877943	1877976	4
3641887	3641868	3
7789341	7789342	1
12367029	12367030	2
4086685	4086686	2
9041360	9038852	1
8648761	8648832	1
912470	912469	1
6319159	6319059	1
7021570	7021569	3
10718642	10718639	2
10918969	10918970	2
5268207	5268259	2
3083644	10971924	3
1087065	1087066	1
3218268	3218201	2
11092223	11092224	1
11090647	11090648	1
9142187	9142669	1
6583934	6583933	1
4350650	4350645	2
11544546	11617333	1
3404672	3404671	4
7996192	7996191	1
8125978	7591383	1
10983598	10983694	1
6621161	6441323	2
9066797	9070145	3
10153835	9968733	4
3370048	3372385	2
1637992	1637991	2
5373867	5373868	1
10155998	9969630	2
6256712	351460	1
4842802	4842801	1
2711776	11193467	1
4753039	4753014	5
8512248	8512247	2
237637	237597	1
1966230	1944871	1
5420725	5420726	2
5515659	5515660	1
6684275	6684276	1
4957090	4957089	2
160509	160514	2
5542453	5542454	3
11319457	11319458	1
1302164	1302163	1
10439749	10439750	1
8155449	8155466	2
4293726	4293725	1
6168289	6168290	2
4387765	4387766	1
5572449	5572452	2
10312089	10312090	1
4680240	4680235	1
4456141	4456201	2
12727246	12726869	1
8748309	8748506	2
10531724	10531710	2
5587670	5587673	1
1900354	1863114	1
8404715	8404710	2
11544546	11617331	2
1972548	1973292	1
244072	243655	2
5439973	5440028	1
2622456	2622455	1
3146988	3146992	1
1606392	1606389	2
3816468	3821675	2
11267585	11244613	1
3036112	3036106	1
10918971	10920558	2
8530964	8530963	3
3232224	11127892	1
8559757	8559758	2
8589627	8589630	1
1745780	1745387	2
6155557	6155583	5
4173528	4173531	1
7835722	7835721	2
5070189	5069994	4
7948858	7948803	1
8848059	8847953	1
12448891	12448892	1
2312861	2312862	1
8357522	8357521	1
6367961	6367964	2
6720405	6720406	1
7273614	7273613	2
2814195	2814198	1
12737834	12737833	1
2435959	2436096	1
6803551	6803601	1
9311897	9311849	1
5793971	5794392	1
10381945	10381946	2
5648061	5648062	1
2157836	2157781	1
6323170	6323169	2
67582	67579	1
4953153	4953156	1
5158322	5158508	4
10213763	10213764	1
10021242	10057595	2
2114477	2114478	1
236961	243478	1
7758715	7758716	2
4309912	4309939	1
10575498	10575497	2
9678925	9678958	1
849910	849909	1
6139003	6138972	5
646889	646945	2
10701533	10722890	4
12642579	12642580	1
9230721	9229631	1
11262319	11262320	1
11553568	11559719	1
2946538	2946537	1
3699382	3699381	2
3995460	3995457	1
7777654	7777653	2
3682133	3678883	1
1335620	1335625	1
8185224	8185223	3
6277335	6277353	1
6814577	6814578	1
1574162	1574161	3
126875	126876	1
7855299	7856549	1
2292125	2292126	2
5323685	5323686	2
1265488	1265380	3
8635894	8636415	1
9544922	9544921	2
12171258	12171278	1
1802938	1802936	2
6474248	6812565	2
4499693	4392658	1
6367175	6367176	1
7446459	7446471	2
901395	901294	1
3109011	3109014	2
2324288	2324264	4
7746273	7746274	1
7925556	7925559	1
5256878	5256877	3
4002432	4002431	1
663882	663849	2
2334207	2334213	2
3199199	12634907	1
3406407	3406410	1
2025502	2025501	2
10925412	10925411	3
9742049	9742052	2
8081813	8081814	1
3333216	3332259	1
1654868	1654867	1
3476975	3476980	2
10056069	10056070	1
4673637	4673638	1
6604252	6604234	3
10667258	10667302	2
5985059	5985060	1
4473495	4473498	1
160509	160512	3
12323384	12323379	1
5927995	5927996	3
10678168	10678161	1
2922871	2922874	1
7219491	7219492	1
8976275	8976276	1
6715702	6715701	1
170698	320169	1
4783301	4783302	3
4027943	4027946	1
20249	19049	1
8779624	8779621	1
9120575	12786586	6
3816472	3816471	3
1868696	1868695	2
9363731	9363732	1
7265597	7265604	1
2565056	2565055	1
4470572	4567766	2
646867	646868	1
11991609	11991610	5
2776113	2776114	3
7786281	7786425	3
10484084	10484083	4
8867090	8867715	5
7363041	7363042	1
3772856	3768879	1
3889037	3889038	2
4084269	4084270	1
3242907	3242910	1
10257071	10257072	2
7338094	7338093	1
3624011	3624356	4
12348516	6434507	1
8015641	8015642	1
4068499	4068500	1
177135	177151	1
10628525	10628526	2
8421854	8421851	1
11837114	9082803	1
4699584	4699581	1
3634353	3634363	1
1574162	1574985	1
6124471	6124472	1
8381258	8381257	2
6933027	6933028	2
7901097	7901077	1
8527787	8527800	1
12395730	12395729	1
6579579	6579580	4
9142666	9142633	1
4397245	4397246	2
2935979	2935980	1
10667303	10667304	2
12506941	12506953	2
8622822	8622819	3
8222599	8222621	2
12451282	11772687	1
9960527	9960528	2
11873193	11873194	1
9311850	9311849	1
10233681	10233710	2
7661364	7661022	1
11747375	11748176	1
5573981	5573984	1
10055624	10055072	1
9671602	9671618	1
4689352	3118089	1
4941691	4941692	1
662490	662557	2
7459213	7459206	1
6906098	6906095	1
634846	634843	2
413828	413831	3
10541599	10541588	1
3574376	3574639	1
1194021	1193672	1
3196234	3196963	2
7838625	7838626	2
12042216	12042118	1
3385106	3385105	1
7538367	7538382	1
5715256	5713974	1
8369756	8369755	1
7866431	7864810	2
6124399	6124400	1
12278804	12278803	2
9019106	9019105	1
2814197	2814198	2
6106771	6106717	2
7080876	7080873	2
36631	36632	1
12408225	12408264	1
437952	437951	1
11405333	8607255	3
1792556	5969872	1
12315975	12315976	4
6971971	6631763	1
5276430	5276429	3
9234487	9234488	1
3381975	3381976	2
10989078	10991049	1
6388036	6388035	2
7431096	7431152	2
591509	591510	2
5604417	5604418	1
7647896	7647895	1
1643516	1643515	2
2956963	2956964	4
6643593	6537520	1
1637981	1637982	5
11363018	11363017	2
2752663	2752664	1
3203386	3203385	1
3518012	3518198	1
2681981	2681984	3
6179283	6179284	2
5041330	5041328	1
12666353	9751655	1
11768581	11768582	1
10403013	10403020	2
7999622	7999621	1
6559281	6559309	3
10171709	10171710	1
8711919	8712281	2
7291602	7291717	3
1480216	1480215	1
8226890	8226901	2
762688	762687	1
12295902	12295795	1
10646780	10646777	1
8425725	8425726	4
12278802	9624737	1
4086687	4086688	2
6123168	6125740	2
8168772	8169694	2
3798106	3798105	3
7900215	7900216	2
9839465	9839466	3
7963774	7963773	3
5045621	5045622	1
7863141	7863142	2
3246017	3246020	1
6195493	6195494	2
10167828	10167827	1
2983585	2983436	2
2372603	2372604	2
5317686	5317684	1
6124619	6124620	1
3562171	3562172	1
1844837	1844842	2
8779624	8779623	2
5353031	5353032	1
3367782	3367785	1
9058034	9058007	1
10544313	10603846	3
11268645	11272138	1
11322461	11322462	1
1454002	1454043	1
5322144	5322320	1
4104574	4104618	1
3486853	3486854	1
8107556	8107554	1
1539080	1539079	2
11524331	11524326	3
8366863	8366846	1
11852462	11852461	1
6355317	6355346	1
2382473	2382474	1
8004755	8004756	2
11868226	11868225	2
390539	390542	1
10190663	10190664	1
7902278	7902275	1
745312	745224	1
8196331	8196332	1
29830	30810	1
3956536	3956535	1
11328754	11328743	1
6020069	6020183	2
673597	673598	1
5046034	5046033	1
7135056	7135053	2
12424519	12424522	1
1855078	1855139	1
6941054	6941056	1
9280939	9280940	1
6956079	6955926	3
11118380	11117895	2
631549	631550	1
7373750	7373747	1
4009631	9038852	1
7755734	7755733	1
7080870	7080869	2
461074	461148	3
11521360	11521741	1
1612972	1612971	1
2487607	2487610	1
4651635	4651636	1
5290447	5290448	3
2457504	2457501	1
3106311	3125915	1
7065892	7065891	1
7381809	7381803	1
2348575	2348576	1
11383943	11383414	1
3722659	3714464	1
12753762	12753942	2
7037805	7037806	1
10322499	10611116	1
12208687	12208671	1
8385688	8385687	2
7665095	7665101	2
11226608	11226607	1
6442702	6443521	3
5630945	5630946	2
6096664	6096663	2
177135	177149	2
4122841	8180268	2
120246	120245	1
11748886	11748885	4
8431572	8431583	1
5760667	5760668	2
6429628	6430225	1
3889761	3889762	2
3903327	3905002	2
4577780	6868145	1
2378188	2378185	2
7427781	7427786	1
11177170	11177158	1
645846	645867	1
3710053	3710097	1
9041360	9041359	5
10403402	10403012	2
7961021	7961022	1
3918276	3918273	1
8513648	8513647	4
11860572	11860571	2
6243310	6243309	1
6796900	6796899	3
5290447	5290450	1
3737648	3738485	3
2476504	2475158	1
873378	873377	1
5290445	5290446	4
4570265	4585020	2
3364350	3364407	4
6702033	6702036	1
8027239	8027231	3
3821209	3795508	1
5050087	5050088	3
3744894	3744893	1
6352072	6352118	3
8259283	535976	1
4727070	4727080	2
6896096	6896973	3
9667801	9665490	1
5060180	5060179	1
485521	485522	3
11831658	11831653	2
5258130	5258129	3
10369614	10369618	1
7290484	7290483	3
436434	436035	3
5650196	5650963	1
6163551	6164160	1
11965895	11965896	1
1552274	1552219	1
11588980	11588979	2
11419924	11419923	2
12793337	12793338	1
1104191	1104192	3
3340079	3340082	1
6389302	6389299	1
3146986	3146992	1
11711069	11711070	1
1197040	1193640	5
6731033	6732091	1
7160272	7160269	1
11103159	11102825	1
787590	787589	2
1618305	1621677	1
6753433	6753438	1
3873104	3873103	3
12022852	12022831	1
10540452	7096337	1
613473	613476	2
7683287	7997738	1
2814193	2814194	2
2167606	2167635	1
1118413	1118419	3
10383368	10312921	3
11994008	11994039	1
11696998	11696997	1
5412066	5412065	1
6424537	6424539	1
2993177	2993178	2
4054642	3107228	1
8067564	8067772	1
6679555	6679556	1
6105936	6106382	1
4953153	4953154	3
494470	494465	1
8290102	8290067	1
9109537	9109550	2
12180360	12180359	2
7914039	7914065	3
7382472	7382469	1
3505421	3505422	1
11191823	11191819	2
5234909	5234910	2
1372114	1371839	1
5627773	5622050	1
10009308	9938600	1
603834	457168	2
1335626	1335625	1
7440842	7440841	1
11131858	11131857	1
4544866	4544865	2
4428450	4428494	3
12255872	4832342	1
591062	591508	2
6896096	6896975	1
6593829	6593830	3
7267305	7267323	1
3309261	3309385	1
8014721	3303890	2
10475811	10477200	2
10469343	10469344	1
11051656	11050916	1
7122546	7122051	1
10193971	10193928	2
6073820	6073819	1
262149	262152	2
8678057	8678060	1
5919681	5919682	1
4084094	4084543	2
7730009	7728690	1
3019755	3022382	2
7146996	7146995	1
3022397	3022398	1
4306109	4306110	1
4852743	4852744	2
426673	426674	3
8156665	8156452	3
3404670	3404669	2
7542765	7542766	1
314812	314811	1
3918289	3918285	1
5914232	5914231	2
1660493	1748622	1
912015	914698	1
10981581	10981584	1
9295981	9295959	3
4547113	4547494	1
1175694	1175693	3
4547113	4547492	1
11793426	11793330	2
4082130	4082129	1
426675	426676	4
22384	22383	1
8703301	8703038	1
9318402	9318401	1
12614759	12614760	3
8648483	8678058	1
7996507	7993025	3
12472731	12472732	2
1360802	1360799	1
4484110	4498816	1
1414403	1413436	1
2273486	2273485	1
3251575	3251578	1
7500421	7500424	1
11846407	11846408	1
9228821	9228824	1
1080889	1080987	3
10531711	10531712	3
3251575	3251580	1
5252202	5252201	2
11419926	11419923	1
2243293	2243175	1
7409433	7409434	2
9474833	9475254	2
9327554	9327687	4
10769121	10769122	2
10646778	10646777	1
7081566	7080877	3
3259822	3259888	1
12319303	12319306	1
4686364	4686363	1
3798142	3798139	2
3878238	3878233	1
6716432	6716435	1
6983274	6983591	1
5587144	5590186	2
3340962	3340485	1
792838	792836	1
5775975	5764968	1
8202567	8201866	1
2852757	2852748	2
616124	616123	2
9531531	9531532	1
10905048	10904976	1
4651714	4744658	1
2935943	2935944	1
10472542	10472539	3
3310449	3311524	1
5438808	6122613	2
6255903	6254584	2
9079651	9079615	1
358320	358837	2
1690712	1690718	2
12475208	12475205	1
10372888	10372780	3
7726909	7727145	1
2909609	2907941	1
255339	6679270	3
11845405	11846408	1
10881059	10881060	1
7807610	7807811	1
12202069	12202111	1
6391879	6391880	2
1414731	1419929	2
10812663	10812700	1
12403774	12403773	2
11766515	11766516	2
9972779	9972780	1
7817723	7817724	3
3512498	3512497	1
11695617	11695676	4
9730287	9730276	1
6412800	6412859	1
9605533	9607026	1
5234304	5234303	1
6527731	6527732	1
3552670	3552808	3
11966372	11966371	3
1094507	1094518	1
12269666	12269665	2
