fend1	fend2	count
11807949	11807448	1
6762441	2357998	1
555712	555705	1
7986348	7986347	1
4687708	4687707	1
10902798	10901616	2
5099793	5099744	1
5597709	5597710	1
2802765	2802766	1
7909663	7909437	1
8600219	8600220	1
12490661	12490645	1
2126327	4143885	1
5647411	5647412	1
7200246	7200243	1
6245935	6245936	1
8282502	8282501	3
3829901	3829902	2
10699809	10699749	1
831563	759429	1
9496712	9496711	2
9730145	9730146	1
6781508	6781505	1
7760475	7760476	1
35845	35002	1
3799553	3799554	1
12204183	12204184	1
3937652	3937651	1
9084745	9088615	1
11300425	11300428	2
8715784	8715783	1
3385864	3385860	2
6352154	6352153	1
3324924	3324923	2
11394847	11385747	3
1238732	1237171	2
11233819	11234008	2
1293530	1293529	1
11373371	11373372	1
174364	174370	1
731111	731112	1
12386006	12386005	1
9539264	9658571	3
1501474	1501473	1
9541425	9541426	1
12574113	12574137	1
754654	754653	2
11871847	11871848	1
10021316	10021313	1
2322476	2322475	3
11266782	11266781	1
11234009	11234010	1
4081382	756898	1
2173720	2172300	1
2131301	2131302	2
10347166	10347173	2
11728034	11728027	1
5154123	5155678	1
5675124	5675123	1
9993738	9993737	1
9301607	9301610	1
6952715	9165868	1
6927608	6927607	1
7830495	7830496	1
7246739	7246742	1
10603543	10603544	1
11518993	11517040	1
9183773	9178867	1
9123027	9123028	1
1569017	1569018	1
5928232	5928229	1
927835	927838	1
9570857	9570858	3
921252	921251	2
8923146	8923145	1
9250322	9250321	1
3470689	3470690	1
11226736	11226807	1
8074102	8074101	1
4072289	4072290	1
4541027	4541028	2
1332973	1332974	1
3572683	3572684	1
11085385	11085386	1
236151	132561	1
2906702	2906701	1
1769158	1769157	1
12440342	12440341	1
3201377	3201378	1
12124581	4447735	1
7250564	7250559	1
2445511	4027080	2
9472651	9472654	1
8249223	8249224	1
11353084	11353081	1
944909	944910	1
4590286	4590285	1
6072316	6072315	2
6692632	6691850	2
9584221	9586006	1
1074865	1074917	1
6701505	6701506	1
11075600	11075599	1
3909069	3909070	1
3808206	3808205	2
11571262	11563541	1
11968565	11968570	1
7138998	7138997	1
12808192	12808191	1
5631576	5625887	1
7682118	7682117	2
3937648	3937647	1
11995170	11995167	2
11288867	11288868	1
749201	749202	1
12604758	12604757	1
6786118	6786117	2
4958058	4958097	1
8868211	8868212	1
7983689	7983770	1
7557231	7557232	1
9835815	9835791	1
5377453	5200828	1
8035887	8035871	1
7594894	7599498	1
7832373	7832376	1
4057407	4057408	2
6239111	2037116	2
10542667	10559456	1
8666895	8666094	1
414401	414402	1
12509098	12509097	1
676870	676879	1
3606019	3606020	2
11533999	11534002	1
11844254	11847719	1
11388133	11387605	1
8928350	8928756	1
8681254	8868210	1
3518810	3513578	1
10904409	10904410	2
1501472	1501469	1
10315263	10315292	1
11165709	2418001	1
1225526	1226032	1
5191363	5191368	1
5787247	5787248	1
11910991	11910992	2
103435	4390376	1
1019739	1019740	2
667854	667853	2
7400776	7400775	2
11545008	11545007	1
7960234	7960233	1
5483367	5479447	1
3667029	3667032	2
3937650	3937649	1
11127761	11127762	2
9991721	9998683	1
4709476	4709475	2
7458975	7458976	2
4255619	4255620	1
9829207	9829210	1
7942583	7942584	1
4124145	9538661	2
325808	325742	1
6830030	6830029	1
6257000	6256945	1
5373182	5373253	2
3187500	4043151	1
374560	374559	2
11571617	11571620	1
4238380	4238375	1
7658725	7658726	1
6769608	6770069	1
1877354	1877353	1
4927162	4927133	3
10116972	10116969	1
6316365	6440646	1
7756965	7756966	1
3958577	3958578	1
5961403	5961404	1
10464680	10464679	1
9561583	9561584	2
1559583	11509685	1
2277214	2278045	1
10026160	10026102	1
8630436	8629892	1
9332714	9332713	1
4799062	4799093	1
11483179	11491638	1
3132246	3132245	3
9178108	9178125	1
6863268	6859362	1
11372009	5761264	1
8953288	8953287	1
7828364	7828356	1
7622185	7622186	1
1883994	1883993	1
9126346	9126345	1
6540985	6541040	1
11493195	11493162	1
8979017	8979018	2
10866213	10866214	1
6515554	12172530	1
7497333	7497336	1
7461875	976179	1
4941436	4941982	1
6671941	6670265	1
5985710	5985754	1
6258866	6258865	1
12551478	12551477	1
9171955	9171956	1
6428131	6429132	2
8610133	8610134	1
7816382	7816381	1
11834072	11833341	1
10382314	10382313	1
9760345	9760346	1
3807785	3807786	1
5796591	5796592	2
2826279	2826277	1
10438858	10438857	1
5380832	5380829	1
6398994	6398993	3
10811897	10811898	1
7493390	7493389	2
4319337	4319338	2
9997650	9997649	1
45306	45305	4
10884169	10884170	2
9779269	1951489	1
1346370	1346145	1
6108052	6107911	4
10019999	10015270	2
8167325	8167326	2
7548868	7548867	1
9977261	9977266	2
10730273	1098631	1
7983773	7983914	2
3199216	3199213	1
6786880	6786879	2
8506564	8506563	1
1751593	1751594	1
2414981	2414982	1
7696032	7696715	2
9029181	9029182	2
2846787	2847547	3
75655	75664	1
6841446	6843489	1
3810880	3810879	1
1770755	1770756	3
10572898	10572895	1
12317006	12317005	2
12423019	12423017	1
5555398	5555397	1
1986427	2327068	1
3273263	3273259	2
2507774	2507773	1
1160552	1160551	1
3567322	3567321	1
4243127	4243128	2
12629672	12629677	1
747944	893635	2
5125992	5125991	1
5664518	5664517	1
594245	650036	1
6003434	6003431	1
6625575	6625576	2
1308493	1256159	2
12718453	12429544	1
728345	728346	1
9825054	7179990	1
4359087	4359088	1
513625	537683	1
7114238	7110472	1
5704036	5704035	3
129957	107776	1
5590573	5590574	1
3316167	3316168	1
5255953	5255954	1
1099307	10883047	2
645685	645686	1
1405440	1405439	1
7243880	7243879	2
11870875	11870878	1
7986813	7986814	1
11967232	11967231	1
12776200	12776206	1
3938060	3993587	1
10714241	10582012	1
335958	335955	1
7518788	7557076	1
4936952	4937101	2
3107529	3107530	1
10167190	10167219	1
10358956	10358953	3
2868326	2868359	1
7208006	7208003	2
8508154	8508153	1
12554240	12554237	1
7273674	7273249	1
6171721	6171722	1
1545742	1353154	1
5718594	5718600	3
6342720	6341398	1
10812655	10812656	1
11488664	11488663	1
10222511	10222512	1
8550751	8278646	2
1405037	1405038	2
4359316	4358865	1
7797733	7797742	2
5794577	5794578	2
362709	362710	1
3937686	3937674	1
3440326	3440325	2
10273295	10273296	1
4372926	4372925	2
9817485	9817526	1
10896000	10896247	2
3919155	4760603	1
8970723	8970724	2
3481969	3482073	1
7984503	7984563	1
249368	249367	2
8430680	8430679	1
4157283	4157284	1
5434746	5434745	1
8759680	8763017	2
5412354	5412351	1
5449175	5449176	1
9488014	7329151	2
4685088	4685085	1
3411642	3411639	1
11089771	11089772	1
10456860	10456859	2
7049569	7049570	2
7604526	7604525	1
5670991	5670992	1
10720624	10720623	2
8757729	8757730	1
10865245	10865238	1
30293	22934	1
1111593	1111594	1
6125924	6125923	2
7493320	7493319	1
5234809	5234777	1
7102111	7102112	1
2447195	2447196	1
7036988	7037016	1
584270	841595	2
6421365	6419699	1
11472889	11472890	1
10423502	10413156	1
3107527	3107528	1
1537221	1537430	1
989136	1008068	1
4986073	4986074	1
9838568	9837622	1
8213643	8213862	1
2439845	2272755	1
6592662	6592661	1
11795403	11795408	1
9381361	7970644	1
5411090	5412346	1
2336330	2336329	1
7770494	7761755	1
10384686	10384608	1
10055588	10055587	1
9235746	9235741	1
10610420	10610419	1
7551835	7551865	1
388060	388099	1
10905005	10905006	2
12547555	12547574	1
2336332	2336331	1
4000425	4000426	1
926744	926743	1
1028732	1029230	1
10571945	10571900	2
9749466	9749465	2
5455419	5455420	2
10998393	11051221	1
1899918	1899917	2
1752326	1752325	1
1842385	1842386	1
4376996	4376995	2
2333646	2331577	2
8564168	8567534	1
2271967	2271949	1
1538769	1538770	1
12629946	12629945	1
4243126	4243125	1
3161218	3161215	1
11665108	11665105	1
2422469	2594964	1
7228558	7228545	1
242624	4555830	1
5451067	5451068	1
2438823	2438824	1
12601245	12601246	1
3437615	3437616	1
19205	33709	2
770315	769441	1
9434828	9434833	1
3288646	3288645	1
6682381	6683872	1
9235740	9235739	1
12752921	12752922	1
12489743	12512419	4
7446252	7446251	1
3314201	3313066	2
8747817	8749953	2
3621998	3621997	2
12253658	12253657	1
6701989	6572354	1
2527683	2536880	1
3317571	3317572	1
1076545	1076546	2
301135	301136	1
3084285	3084286	1
435136	435135	2
4990536	4990539	1
3774592	3767412	1
10243052	10245005	1
777753	777754	1
276004	276001	1
4286408	4286405	1
1111595	1111607	1
2756377	7548380	2
11029481	11029482	1
103246	103245	1
8434762	8434761	3
8447094	8447093	2
6868556	6868555	1
11561118	11561117	1
7958669	7958670	1
6100254	6100253	1
10700913	10700914	1
8525063	8525064	1
810012	810011	1
278534	278533	1
2507787	2507788	1
764039	764040	1
3913326	3913303	1
8569996	2343383	1
6008052	6007503	2
7678567	7678568	1
5724290	5724289	1
2682619	2682620	2
3352518	3352606	1
769807	769808	1
12758199	12793356	1
9152821	9152822	1
1952913	1952914	1
137658	137657	2
10380849	10380850	1
5822503	5822508	1
3756008	3742194	1
7446599	7446600	1
6993534	6993509	1
11334162	11334161	2
6137383	6137384	1
3645470	3645467	1
11795407	11795408	1
11408132	4392933	1
2474407	2474408	1
2593191	2428301	1
12293720	12293714	2
908025	908028	1
611693	611694	1
10499999	10500000	1
10461752	10461751	1
957074	957088	1
387914	388817	1
7301885	7301886	2
7352304	7352303	1
1537806	1537963	1
5583189	5583190	1
12001620	12010399	1
9635565	9635566	1
8024804	8024230	1
200573	194694	1
1948081	1953129	1
9601704	9601703	1
768472	768471	1
3248062	3247936	1
2723156	2723159	1
1356979	1355665	1
2160783	2160784	2
10706005	10706006	1
12157761	12157764	1
6837884	6837881	1
8259217	8259218	1
9517036	9517035	1
10700891	10700892	2
1990709	1990712	1
4991155	4991133	1
6378071	6378074	1
6266380	6266379	1
10442433	10442434	1
10101110	10101553	1
1545601	6042485	1
6426108	6426107	1
7656864	7656863	1
2735010	2735062	3
9604740	9604739	1
8202498	8202510	1
6126988	6123675	2
9847844	9847406	2
738830	736494	2
4379373	4379374	1
10413155	10413156	1
3958175	3958176	2
9331161	8273573	1
11650074	11492526	4
5544827	5553008	1
9432011	9436856	3
2450239	2450240	1
6510791	11963085	1
2352883	2352884	2
4047509	4047510	1
10167194	10167193	2
12752919	12752920	1
8603741	8603742	1
7684295	3184103	1
6988471	6988472	2
11472748	11472747	1
1866695	1872175	2
6392021	6392024	1
8548034	8527580	1
3203646	3203645	1
2883781	2884865	1
11534003	11534004	2
11867164	11867163	1
5191674	5191673	1
11872402	11872401	1
8801887	8890493	1
786833	787994	1
2369770	2369769	2
5627683	5627686	1
1101391	1101392	4
7641354	7641353	2
10187548	10185832	1
786831	786832	1
2253919	2253920	2
1724547	1724548	1
3288647	3288648	1
11959666	11959663	1
12677497	12677498	1
6595585	6595586	3
7773094	7773093	1
9719789	9719790	1
1919548	1920846	1
9701678	9701677	1
7591585	8002205	1
10149943	10149944	1
11472752	11472751	1
8165635	8153180	1
5211745	5211962	1
9960918	9960917	2
12541114	12541076	1
7228009	7228010	1
5698049	5698050	1
4760769	4760770	2
3443668	3443667	1
6015822	6015819	1
7763461	7763448	2
6572295	6572307	1
2841484	2841481	1
3813026	3813025	1
7780685	7780686	2
10767245	10767246	2
2708053	2713172	1
3632141	3632142	1
8899836	8899835	1
4726500	4726499	4
9177961	9178111	1
6927610	6927609	1
9466314	9466313	1
5816812	5816811	2
9999460	9999545	1
11265060	11660046	1
1238436	1239478	1
2868801	2868802	1
7830196	6738818	2
7778789	7790580	1
10274517	10274518	1
2490114	2490113	1
11533999	11607897	2
2460339	2460346	2
11873471	11873472	1
1883992	1883991	1
8397305	8397306	1
6555065	6555066	1
375881	375797	1
6166008	6166007	4
11217341	11217342	1
9193111	9193112	1
8638882	8639032	1
8746320	8746319	3
5386672	4002364	1
12678497	12678515	1
12363085	12363086	1
1801556	1800704	2
8018546	8017534	1
5627680	5627234	1
11932722	11932730	1
50630	50629	1
11237241	11237242	1
5738959	5738960	1
3749495	3749498	1
2565269	2543063	1
9097665	9097668	2
50939	50940	1
7932196	3635805	1
6849498	6849585	1
4599474	4599473	2
3925750	3925749	1
584395	584396	2
6595587	6595588	2
9795257	9795258	1
6502082	6501985	3
355535	355536	1
8349503	8349504	1
2106243	2106244	2
11377661	11377662	1
5158050	5153426	2
200645	200646	2
7434618	7434617	1
6296957	6296902	1
2083012	2083011	1
7201883	7201886	1
3944058	7925733	1
3089350	3089349	2
3822002	3821997	1
11780221	11778414	1
3248062	3247938	1
5593035	5593036	1
12801044	12801043	1
3260251	3260262	1
261281	10438857	1
2847489	2847546	1
3159932	3159931	2
281752	301469	1
5494870	5494869	2
10271068	10271067	2
8982281	8982090	2
12614244	12614243	1
6230882	6230190	3
8801635	8801636	1
6116210	6116207	5
10102079	10102080	2
1098630	1098629	1
541981	541982	2
10204751	10204752	1
4565040	4565039	1
9152819	9152820	1
8313340	8313339	2
6158684	6158683	2
5234773	5234774	1
9171953	9171954	1
3869968	3869965	1
8447096	8447095	2
5010950	5010949	3
7227998	7227997	1
45310	45309	5
5526954	5526873	1
11238928	11238927	2
944905	944910	1
770315	769445	1
12386004	12386003	1
5794579	5794580	1
412951	412952	1
4248311	4248312	1
3984489	3984490	1
5223371	5223372	1
4558137	4558138	1
10194323	10194326	1
10991924	10991923	1
7981722	7971344	1
2450217	2450218	1
2190112	2206611	1
7877908	7877907	1
12614246	12614245	1
1883694	1883693	1
11795403	11795406	1
4257077	4257081	1
12262094	12262093	1
3561874	3561842	1
11591225	11591226	1
7754984	7904343	1
1231289	1228002	2
7696492	7696491	1
1357313	1357314	1
9717596	9693771	1
2353271	2353272	1
6368166	6368163	2
11416629	7446345	3
12575565	12445595	1
7277620	7277701	1
2507780	2507777	1
8926667	8926670	1
8897796	8897793	1
2647235	6368411	3
8923141	8923142	1
9709635	9604739	1
1311675	1311676	1
203259	203264	2
10187497	10187498	1
1865463	1865464	1
7486338	7486337	1
10838839	10838840	1
11334159	11334160	1
435140	435139	1
8153179	8153180	1
1872030	1872029	1
2018753	2018754	4
7008422	7008432	1
6362283	6362284	1
11334157	11334158	1
8814883	8814884	1
6830028	6830027	1
5797133	5795194	1
8039083	8039084	3
6204920	6205923	1
3635111	3632148	1
9248912	9293489	1
8687318	8688932	1
12316614	12316613	1
7299871	7301007	2
3946483	3946484	1
4087975	7246025	1
7905822	7905819	1
919544	919310	2
300050	301456	1
4372924	4372923	1
5420805	5420810	1
1542929	1542930	2
3832000	3831999	1
11731335	11731336	1
9085072	9085071	1
619497	619498	1
1530615	1530636	2
7682119	7682120	1
7222599	7221458	1
5099745	5099746	1
7098561	7098562	1
8058193	8056891	3
2092212	2092215	1
253809	253812	1
12229836	12229835	1
6552724	6552723	1
243596	243595	1
10173084	10173083	1
5456002	5456001	1
11616277	11577919	1
8888395	8890108	1
8506566	8506565	1
5556558	5556557	1
5380830	5380829	1
9616774	9616773	1
5270071	5270072	1
11776367	11776368	2
9452162	9461414	1
1609827	1609828	1
8617187	8617188	1
2446710	2446771	1
5583186	5592268	1
436334	436333	1
11283317	11283318	1
2309297	2309175	2
11493163	11493164	1
3937971	4019813	2
2504242	2504241	1
4525013	4525014	1
11082125	11089770	1
8648098	7812715	1
6759697	6759711	1
12436452	12436449	1
10248734	10248733	1
10395324	5584062	1
8043723	8043724	1
6181457	6181458	1
2172412	2172411	1
2670739	2670744	1
5484258	5484257	2
414401	414404	1
6799053	6360027	1
9954433	9954434	1
3567833	3576668	1
4564620	4565041	1
7905823	7905736	1
4580891	4580886	1
5726428	5726427	1
5529219	5529224	1
1951894	1951939	1
3523141	3523142	2
5968370	5968369	2
2985778	2971916	2
6296963	6296902	1
4805153	4805156	1
1284421	1284422	2
588753	588758	1
2316819	2316820	2
9197695	9197696	1
7493056	7493055	1
5486269	5486270	2
8230001	8230035	1
9443779	9443774	1
12246068	12246279	2
841901	841880	2
4510502	4510505	1
5961408	5961407	2
10311528	10311527	1
12406469	12403693	1
11007710	11007709	2
8514031	8487389	1
8289393	8289394	1
7754984	7904345	1
10901740	10903095	1
10744140	10744139	1
10271066	10271065	1
3732355	3732356	1
6927610	6927607	1
2348914	2348913	4
6931975	6931976	2
5381072	5381071	1
3323297	3323740	1
11040716	11040715	2
4347002	4347001	1
4264910	4264072	3
10270372	10270371	2
2039407	2039446	2
388816	388815	1
12612052	12612051	1
10608500	10608499	1
4957463	4957464	1
9472651	9472652	3
10999649	11001519	1
5806483	5727934	1
6470568	7675179	1
10651019	10651020	2
758402	758401	1
5586458	5586457	1
12366764	12366763	1
506112	506111	2
12374904	12374903	2
9130617	9130618	1
8583732	10675583	1
8750357	8750222	1
2313189	2313108	1
1226031	1226032	2
6703043	6703041	2
6628649	6628650	1
4805151	4805152	1
6577103	6577104	1
10151426	7932514	1
4040393	4041294	1
5059430	5059429	1
6030249	6030101	2
5072358	4999238	1
9801687	6956030	1
5448156	5448153	1
9176349	9802232	1
6956952	6956893	1
3538805	3536488	1
47396	10715	1
11413431	11413432	1
12574841	12574842	2
10251599	10251600	1
7403423	7403424	1
6876364	9546082	1
11703533	11703534	1
6504107	6506283	1
2926663	2921258	1
1926233	1926120	2
11472887	11472890	2
2678109	2678110	2
210660	218403	1
2417118	2417117	1
12162149	12748696	1
1503044	1503043	1
11297221	11297222	2
12776118	12776133	1
2569835	2569836	1
5546035	5546036	1
8260521	8255200	1
9582070	9582069	1
7932703	7932704	2
12428590	12428599	1
5777926	5777925	1
8576343	8576344	1
2433987	2433988	1
12015215	12015216	1
8420181	8416155	1
4109813	4110122	3
8443812	8443809	2
5010934	5010951	2
4264038	4264037	2
5988340	5988339	2
3132372	3132369	3
10826836	10826827	2
3187496	3187495	1
4024615	4024616	1
12667457	12667258	1
11563523	11563524	1
6116206	6116205	2
408596	408571	1
12777837	12778238	1
11204415	11204418	2
12166430	12166429	1
4264073	4264074	3
565330	565329	1
4238376	4238375	2
3470687	3470688	1
3545805	4854685	1
102109	102110	3
927835	927836	2
1175283	1175334	2
5451069	5451072	1
6021469	6021470	1
8925070	8925069	1
729778	738831	2
1513521	1513302	1
2072577	2078754	1
2437267	2436173	1
5980489	5975432	1
2322479	2322480	1
9343252	9343251	2
10324890	10324885	1
6301191	6301192	2
11709978	11709977	1
5392847	5392848	1
10193702	10193701	3
9701680	9701677	1
12378027	12378030	1
5119157	5012660	1
5670171	5670172	1
7911841	7910474	1
4855556	4855499	1
10534866	10534865	1
9443775	9443778	4
2088507	2088508	1
7742331	7742332	2
2517728	2517676	1
7460849	7460850	2
3629709	3629710	1
1221891	1216845	1
330614	330611	1
7658721	7658726	2
369489	369490	1
11068861	11068862	1
10250662	3517307	1
651440	651437	3
12489743	12512417	1
11151980	11151647	1
3090996	3090995	1
11509761	1145695	1
1933257	1933260	1
5963743	5963745	1
7161722	7161699	1
2121216	2121215	1
3513457	3513460	1
4394326	4394325	1
1565380	1565379	2
7214716	7214702	1
11276518	11312655	1
7960288	7960283	2
11676379	11676380	1
10910829	10910799	2
2372985	3363973	1
1970392	1970391	1
5339027	5339028	3
4500301	4500147	1
921364	921363	2
835812	673551	1
9022981	9022093	1
8306175	8306226	2
4443836	4443835	1
1541253	1541945	3
2599791	2599794	1
4038852	4038851	1
8891898	8891897	1
6231832	6231831	1
11204413	11204414	1
2990622	2990621	1
5709639	5968371	1
7932701	7932702	2
9545318	9545317	1
3032496	3032495	1
4542502	4542501	1
727295	727296	1
1029479	1029480	2
7481367	7481370	1
8049560	8049559	2
10293642	10293641	1
3093429	3093436	1
7143079	7143080	1
4292085	4292088	2
9507586	9507578	1
10651021	10651022	1
934973	934790	1
6333200	6331346	1
6142883	11108739	1
3984487	3984488	1
9689971	9689972	1
10175207	10175208	2
1609017	1609022	1
1749691	1749692	1
10451623	10449716	1
6220926	6222788	1
8294202	8294199	1
7337565	7337647	1
1745359	1745422	1
1170368	1170358	2
11035561	11035562	1
10630191	10630192	1
8400388	8400380	1
2746818	2746817	2
10456858	10456857	1
2333735	2333736	4
10618315	10618316	1
6131199	10273294	1
754652	754651	1
4225442	4225441	2
3553674	3553686	1
2014595	2014715	1
11541032	11541031	2
6527079	6527080	1
8661941	8661942	2
302579	302449	1
5561738	5563017	1
3707594	3707764	2
6482975	6482978	1
4142012	11914726	1
11472887	11472888	1
9763309	9297954	2
3604000	3603999	2
2859533	2859580	1
11880315	11879220	1
2571569	2571570	1
4295683	4295684	1
4511074	4516093	2
7658721	7658724	1
11847718	11847717	1
2060001	2060002	1
7647100	7647352	2
12147784	12147779	1
6132569	6132570	1
2148290	2148818	1
6468555	6468560	1
4372926	4372923	1
6470570	6470569	2
11608370	10786095	1
5796593	5914579	1
4056600	4056597	3
11991865	11991866	1
12668699	12668700	1
11319385	11319386	3
6367945	2647218	1
3269938	3269937	1
365473	365474	1
6676839	6676840	1
12365547	12438901	1
5699551	5704035	1
4709994	4710177	1
5217079	5216433	1
4310995	4680404	1
2727255	2727256	1
1782109	1782110	1
10450734	10450731	2
1035478	1035475	1
11306425	11306426	1
6891797	6891798	1
2140998	2136113	4
6874031	6874038	1
7932701	7932704	2
6541278	6630545	2
4990025	4990026	1
8527358	8527361	3
4130522	4130521	1
10516542	10516601	1
12429545	12429546	1
259271	259272	1
9730147	9730131	1
840174	597958	1
4157281	4157284	1
3279111	3279112	1
775708	4111227	1
5409831	5409832	1
1128623	1128624	1
10786094	10786093	1
8278418	8278417	1
8773608	8773607	1
9146785	9149756	2
7680983	7680988	1
1698050	1698024	2
12262968	12263130	3
4740742	4740741	1
9068158	9068157	1
3187496	4043151	1
2506870	2506867	3
1225524	1226030	2
981279	981280	2
8923139	8923140	1
1642571	1642572	1
5304035	5304036	1
5592277	5592278	3
7246750	7246747	1
2902058	2902057	2
6191096	6191095	2
12317012	12317009	1
7496175	7496200	1
4428338	4428337	1
1256158	1256157	2
125760	137928	1
2886281	2886282	1
7621227	7623049	1
3201375	3201376	2
214542	214541	1
9034654	9034653	1
3316169	3316170	1
8543203	8543204	1
842005	671864	1
908027	908028	1
7466008	7466007	2
6444109	6444112	1
12184660	12184659	1
9911141	9911142	1
12807942	12807939	1
4826010	4826009	2
978289	978323	1
11122871	11069223	1
6720364	6720363	1
1383795	1380206	2
11278657	11278658	1
2334201	2334130	1
10260491	10260492	1
2198550	2198549	1
4175058	4175055	1
8384862	8384861	2
1915927	1915941	2
2846391	2846392	1
5270068	5270067	1
2349084	8580280	2
4919768	4919806	1
8018548	8018547	1
3302559	3302562	2
7866193	7866194	1
5216747	5216748	1
2543363	2543364	1
10653372	10653483	1
7320202	7320201	1
7271852	7271851	1
10209375	3364721	1
11015820	11015819	1
332811	332812	1
3742925	3742928	1
5584063	5584064	2
11980904	11980899	1
6398992	7484672	1
2841480	3263897	1
3392211	3392216	1
3986675	3986676	1
8278416	8278415	1
9997168	9997167	1
4056666	451396	1
707212	707209	2
4110158	11515632	1
10635240	10635239	2
6185762	6185761	1
6582316	6582315	2
3938796	3995841	2
3807784	3807783	1
7851911	7853871	1
4564620	4565039	1
10582124	10582123	1
11253152	11253151	2
12244603	12244579	1
10461403	10461404	1
2519227	2521564	1
4567712	4567711	2
3321707	3321708	3
8198871	8198872	1
42998	42997	1
904977	904978	1
3546454	3546453	1
1198142	1198145	1
5369954	5369034	2
8571147	8571148	1
11392126	11392123	1
7246024	7246023	5
3284491	3284492	1
1019741	1019742	1
9838643	9838644	1
9334271	9334272	1
12521536	12521535	1
2804325	2804328	2
3813041	3813042	1
5913267	5917139	1
10765029	10758751	1
8152692	8152688	2
4467640	4467639	1
2379475	2379476	2
9984254	9988441	1
12184658	12184657	1
5999008	9480982	1
6893456	6893455	1
8391303	8391710	1
6459692	6459689	1
724248	727396	1
200571	200572	1
2329166	8564134	4
12127658	12127657	3
6493455	6493456	1
2622588	2622587	1
3497679	133000	1
10982164	10982163	3
2677919	2677920	1
11427110	11427109	1
435138	435137	2
3247937	3247938	1
12617833	12617834	2
5885104	5885103	1
6028499	6023962	2
9290844	9290841	1
5864723	5864724	1
10449216	10449215	1
4424514	4424513	1
1466675	1463783	1
10512653	10512654	2
11748566	11748565	1
3654609	3636461	1
4817592	4817589	1
3802862	6856056	2
10500834	10501155	2
2718418	4269734	1
7967503	7967504	1
9034583	9034588	1
3889083	3889121	1
941483	941484	4
2238283	2238249	1
4854503	4854504	1
6116202	6116201	1
10044582	10030851	1
4070201	4070202	2
1300207	1300208	1
9641408	9643689	1
5424125	5366656	1
6755703	2352700	1
11388749	11388750	1
217670	12453165	1
6630544	6630543	2
4568976	4568973	1
6242482	8021064	1
9009281	9011807	1
10373510	10373507	2
9601979	9601980	2
9537825	9537782	1
2859582	2859581	1
132348	132347	1
8420869	8403893	1
2576178	2576177	1
8516720	8516717	1
3121939	3121940	2
5835944	10307470	1
8823293	8823286	2
7161256	7161255	2
4437292	4437291	1
7246020	7246023	1
1192425	1192443	1
12262092	12262089	1
10879053	2265624	1
12522427	12522430	1
8796674	8796679	2
1749832	1749831	1
4259694	4259693	1
144645	144646	1
10139301	10139302	2
713437	713440	1
10383100	5358188	2
957076	957075	1
777751	777752	2
1647386	1643241	1
2783462	2783434	1
1565373	1565374	1
6189481	6189484	1
7105306	7105305	1
5979000	5972941	1
12628908	12628907	1
11049273	11027206	1
10129165	10129166	1
5096207	5096208	1
6296957	6296962	1
445551	444445	1
3233143	3233144	2
941485	941486	3
3591666	3591665	3
3246251	3246799	1
3479685	3479686	3
2690493	2690494	1
12266453	12266456	1
257110	510870	1
94834	94833	2
6901796	6901836	1
10177521	10177522	1
11843131	11843778	3
6547519	6547520	1
6582322	6582317	2
12768897	12768898	1
2454985	2454988	1
12626924	12626923	1
11371451	11371411	1
12026713	12026654	2
5358874	5358899	1
11151626	11151625	1
1892000	1891999	1
6258868	6258865	1
9977261	9977264	1
7278749	7430690	1
3161943	3161968	1
712575	712576	1
12661680	12661679	1
11069408	11053969	1
9699086	9699083	1
8221362	9331687	1
2788136	2788135	1
7866195	7866196	1
8024804	8024228	1
6811515	6811516	1
1192425	1192426	2
8017538	8017537	2
4805150	4805149	1
2562991	2563301	1
7593145	7593146	1
11252256	11252255	1
7446465	7446466	1
776211	776212	2
9298720	9298719	3
3544888	3246447	1
348188	348187	2
10818437	10818438	1
10167811	10167812	1
9490685	9490686	1
6951083	6855436	3
12124923	12124924	1
302579	302580	1
12284550	12284549	2
12776114	12776133	1
2935428	2935427	1
3700002	3700001	1
7247393	11630477	1
12768899	12768927	1
4557559	4557560	1
4520666	4520674	1
6318373	6318379	1
3689913	3689914	1
7683424	7679516	1
12665631	12665632	2
7548866	7548865	2
11334157	11334160	1
2694370	2696504	1
9722673	9722674	1
8093154	8093149	1
7741641	7741635	1
9540038	9540037	5
7967507	7967508	1
8681256	8681255	1
1956789	1956790	1
6334177	6115924	1
5507315	3982424	1
9464447	9464448	2
2727253	2727254	1
6733433	6733436	1
12551620	12551619	1
9298718	9298717	3
9551767	9551768	2
6682596	6682595	2
12783198	12783462	1
1559581	11509685	1
9117146	9117145	1
6576030	6576027	1
10720618	10720617	1
10864665	10864666	1
840422	840421	1
11630474	11630478	1
8515277	8515149	1
10720622	10720621	2
9331686	9331683	1
1894108	1894107	1
2422465	2594964	1
11705292	2895226	1
6334807	6321083	1
1582762	1582861	1
8848502	8990833	1
4009235	4033537	1
1290059	1290060	1
3278739	3278740	1
612874	612926	1
5223995	5224009	2
3889083	3889123	2
9635563	9635564	1
7720594	7720894	2
8199356	8199300	2
4571831	4571350	1
875947	875948	1
8039085	8039016	1
12815183	12815184	2
8583506	8583505	3
1776385	1782090	1
656118	656115	1
6378071	6378072	2
10297363	10297364	1
3372605	3388754	2
908079	908080	1
6628647	6628648	2
7745210	7745196	1
91905	91897	1
10091751	10104167	1
7246732	7247357	2
9016566	9016565	1
8654900	8654899	2
10761370	10761547	1
1757206	1757205	2
4751572	4751571	1
9136174	8987263	1
6732100	6459174	2
5358902	5358899	2
848415	848416	1
4851036	4851035	2
11510081	3919657	1
408991	409048	1
11481818	11481817	3
5704099	5704100	2
1559581	1559582	1
7629568	7629567	1
3965899	5267987	1
1105787	1105082	1
7270495	7266379	1
8515275	8515276	1
3603285	3603288	1
7675178	7675177	1
6826526	6828447	1
944903	944904	3
23510	23465	1
9593996	9593995	1
10559140	10559139	1
1673132	8998602	1
9306822	9306821	1
7479038	7478865	1
6945919	6945920	1
8056888	8056887	1
12665629	12665630	3
9305466	9305465	2
5142242	5142245	1
22590	22441	1
4027023	4027027	1
8617189	8615394	1
754650	754649	1
10271064	10270859	1
7733603	7742330	1
2308640	2308295	1
11207418	11175999	1
12173135	12173136	2
242397	242418	2
11533999	11534000	1
9142602	9072902	1
6868558	6868557	1
10030852	10030851	1
11725827	11725828	1
53854	55256	1
2309116	2309113	1
1472461	1472462	1
10781636	10781635	1
2512185	2478663	2
2642311	2642312	1
3424900	3424899	1
1728060	1728057	1
2591253	2591068	2
9561585	9561588	1
9618570	9618567	1
5149437	5149438	1
5215475	5217506	1
10915206	10915205	1
6570410	6570407	1
2059312	2054016	1
8968308	9134549	3
1850559	1850562	1
6171719	6171720	1
9122922	9123026	1
5961406	5961405	1
9865858	9865857	2
3089352	3089351	1
6478352	6478351	1
999022	999019	1
11428002	11427949	1
1704946	1704872	1
2059999	2060000	2
11541034	11541033	1
3316178	3316177	4
12677485	12677486	2
11980904	11980903	2
680972	680936	1
74145	74294	1
9495545	9495513	2
7939217	7939218	1
6540963	6540964	2
4859624	4859623	1
8501116	8513188	1
6785850	6351048	1
5145341	5159394	1
414403	414404	1
3807787	3807792	2
6044672	6044671	1
9030394	9023838	1
10314893	10314894	1
725927	725928	2
9343863	9343864	2
8449209	8446012	1
3042200	3042199	1
10284834	10284833	1
9114627	9114628	1
3247949	3247939	1
4758773	4758774	3
3679932	3679931	1
5976411	5979139	2
749462	749461	1
12538315	12602986	2
2237528	2238589	1
9852838	9852837	1
7733710	7733709	2
10423503	10423504	1
353181	10446863	1
8633991	8633994	1
7319760	7319759	1
7780683	7780684	1
2348256	2348255	2
11676139	10747709	2
8899197	9098538	2
5536084	5536081	2
10380847	10380848	2
1905701	1905702	1
6682594	6685895	3
9341046	9341045	1
2526876	2526875	1
4154744	4189125	1
8571145	8571146	2
5270069	5270070	1
5502459	5318911	1
8167673	8167674	1
8770029	7133512	1
1894112	1894109	1
6931977	9502812	1
6595044	6595043	1
11737429	11737432	1
7529253	7526459	1
5914219	5914222	1
3250056	3250055	2
1973560	1973559	1
6698725	6698726	1
9297955	9297956	1
8801881	8801886	1
7649262	1469465	1
2004509	2004510	1
3556600	3556588	1
12520790	12520787	1
2079335	2079336	1
4347912	4347911	1
1875410	1880427	2
7142374	7142373	1
10548090	10423160	1
12428590	12428601	2
4056596	4057408	1
1664568	1621818	1
8705222	8705221	2
5546037	5546040	1
886906	886905	1
7337563	7337564	1
6254676	6251621	1
10682633	10682597	1
6271918	6271917	3
932260	932257	1
1519822	1519819	1
8420181	8416159	1
10177503	10177520	2
2329168	2329167	2
4276093	2718419	1
5358874	5358903	2
1776860	1776859	1
57233	57234	2
5735323	5898119	1
5434753	891525	1
1102220	1102166	1
6569053	6569054	2
2715088	2715082	1
11335918	11335917	1
3316171	3316172	1
10713578	10582125	1
4399377	4399378	1
11707766	11707761	1
6122036	6125967	1
12001635	12001636	1
11233819	11234010	1
1107335	3929821	1
9255476	9255475	2
2280066	1767500	1
6920991	6920996	1
7480466	7480463	1
5363827	5363828	2
6031153	6031154	1
6442175	6442735	3
10982571	10982487	1
7151250	7243952	1
3187500	3187497	2
7745197	7745198	1
6628647	6628650	1
2636651	7504568	1
7642161	7642162	1
3028495	3027703	5
645685	645148	1
3035590	3035587	1
3551300	3246421	1
2665083	2665073	1
6720370	6720369	1
9886752	9886751	1
4120839	4121313	1
10749159	10749196	1
5320388	5332388	1
3089354	3089353	1
8705281	8705282	1
9917212	9917209	2
5973205	5973206	1
11801664	11801728	1
7352298	7352297	2
7037017	7037018	2
8333912	8332224	2
883439	883585	1
9132591	9132589	1
30292	30291	1
6582596	6582576	1
2348912	2316818	2
8558692	8558691	1
6723069	6723070	2
5143012	5142998	1
8899404	8899401	1
12362060	12362059	3
4392789	4393201	1
8610131	8610132	1
8177637	8177643	1
11185363	11185364	1
11795711	11796156	1
7278747	7278748	1
6082759	6049751	1
9709635	9604741	1
11898967	11898968	1
3446556	3446555	2
12678495	12678496	1
6595730	6595729	2
12157765	12157768	2
758176	758403	1
1638252	1638251	1
9193566	9193565	3
5513078	5513173	1
211891	211892	1
3390312	3390311	1
5848106	5848105	1
1101075	1101076	1
5297822	5297821	2
10594896	10594895	1
12368257	12366765	1
5479962	5479961	1
6997495	6999819	1
7031875	7031876	1
6482975	6482976	1
6720370	6720365	1
1463173	7685722	1
8899232	9098539	1
3364785	3364786	1
2439309	2438814	1
7152259	7152260	1
10639096	10640321	1
12681706	12681705	1
2697431	2697378	2
5203940	5205950	2
211893	214717	1
6131197	6131198	1
6937748	6937741	1
12803524	12801031	1
1101393	1101029	3
7843729	7843730	1
12776132	12776131	2
12009093	12009094	2
10876137	10876138	1
1390039	1390042	1
10196469	10196473	1
7895887	7896545	1
7946677	7947192	1
3087027	3087028	1
989179	989180	1
1933257	1933258	1
8844972	9471307	1
5334607	5334608	1
10875389	10875390	1
7960232	1610525	1
5577545	5577652	1
3429935	3427791	1
683516	649438	1
12409475	12409476	1
9138516	9138515	1
12416871	12393081	2
3996158	3996157	2
3531369	3531370	1
11844254	11847717	1
960078	960075	1
2586473	2586474	1
3232171	3310332	1
10253350	10253349	2
3476318	3477595	1
7790987	7779662	1
10877851	10877852	1
6444111	6444112	1
11071844	11063463	1
10311656	10311655	2
869234	869237	1
5921921	5921922	2
2836659	2836660	1
283022	283021	1
1139449	1139450	1
1659708	1659707	1
12614248	12614247	1
8463446	8463445	2
6737916	6737915	2
3165853	3165644	1
9171953	9171956	1
2565244	2565283	1
10700836	10700835	1
3504596	103952	2
6523245	6519919	1
8845220	8845219	2
7319762	7319761	2
7983773	7983916	1
4065418	4065417	1
1035480	1035479	2
1475394	1475393	1
12784056	12784055	1
5455411	5455418	1
1043845	1043846	1
3132247	2955569	1
6116204	6116203	1
12455799	12455800	1
9531240	9531239	2
531210	531259	1
6865317	6950953	1
11906732	11906731	2
5999834	9601592	2
9701680	9701679	1
3985453	3985598	1
6132408	6132872	1
3910481	3910484	1
2735063	2735064	1
10187974	10187984	1
4072291	4072294	1
8899491	8899405	2
9126168	9126171	1
712571	712572	1
9993736	9993735	1
2542998	2542997	1
2582197	2577922	1
3742929	3698654	1
12752915	12752918	1
7600357	7600358	2
7446233	7446234	1
4473623	4377308	2
8710428	8710427	1
4370212	4370211	2
3479968	3479967	1
11936300	11936299	1
1106952	3893167	2
424538	424537	1
2352708	2352707	1
9703674	4124330	1
3604678	3607164	1
8571150	8571149	2
7731358	7731357	3
9374374	9374373	2
5237165	5239127	1
6437349	6437352	1
7641352	7641289	3
4105907	4105908	2
6942641	6942642	1
8858384	8858280	1
11187422	11187421	1
9645288	9645285	1
10730139	10730140	3
2476344	2476343	1
901201	901202	1
5928230	5928229	1
274034	274033	2
9656767	9595228	1
7246739	7246740	2
9099015	6681796	1
4744593	3238761	1
114455	114456	1
8846730	8846729	1
11127759	11127760	3
6126990	6126989	3
4314447	4314448	1
1015461	1015462	1
4941436	4941435	2
2038740	2038743	1
45308	45307	4
393010	392964	1
11378128	11377710	1
1577225	1577216	1
11401694	11401691	1
3201379	3201380	2
9435018	9435017	1
6052243	6100255	1
9466315	9466316	2
4771424	4771409	1
6327367	6327368	1
6380664	6380661	1
5864732	5864731	1
5578445	5578448	2
6167527	10272403	1
8357572	8357569	1
12304963	12304826	1
1278258	1278257	2
10572898	10572893	2
4248810	2735065	2
12012122	12012119	1
5737521	5737522	1
12520786	12477565	1
6757060	6757111	1
2667102	2667101	1
8191907	8191908	1
12317012	12317007	1
3684999	3685002	2
12570536	12570535	1
9504720	9504719	2
2285566	2285565	1
6750415	6750418	1
769444	769441	1
779775	779776	1
3429931	3429934	1
7682131	7682132	4
4656719	4656720	1
7564454	7564453	2
2628178	2628177	1
8957129	8957130	1
9623960	9624239	1
12667694	12667693	1
1839297	1839298	1
11152291	11152292	1
4590177	2720325	1
8438085	8438086	1
7659602	7659601	2
2986476	2986123	1
1970390	1970389	1
12240175	12240181	1
8796182	8796181	1
7118195	7118196	1
887745	598808	2
3248854	3248913	1
3227289	3227292	1
12767681	12767682	2
2637683	2637663	2
2372987	2372988	1
10239231	10239232	1
2172305	2079334	2
7298699	7298700	1
11608127	11608128	1
1624794	1624793	1
7461875	7461876	1
7092001	7092031	2
11676377	11676378	1
2994387	2965856	3
2252904	2250319	1
12515111	12515122	1
5191374	5191373	1
7228004	7227997	2
8572637	8572638	1
7380394	7380393	3
6703474	6703949	1
649437	649439	1
4110126	4110125	2
3042202	3042201	1
9865858	9865846	1
4166360	4166363	1
2798651	2798652	1
8380411	8380355	1
9238183	9238184	3
11688713	11688714	2
3929820	3929819	1
6881822	6881756	2
2453335	2453336	2
7092001	7092029	1
2722819	2722820	1
9886750	9886749	1
5193401	5193879	1
3679787	3679788	1
8442538	8442537	1
1904409	1904410	2
4109813	4110124	1
3731518	3731517	2
4603139	4603140	3
9606711	9611386	1
12009296	12009092	1
9428539	9428540	1
3246251	3246797	2
8599565	8599566	1
1338960	1338957	1
7235956	7238104	2
5142999	5143009	1
1242095	1242096	1
6782379	6782380	2
10072229	10072258	1
7343556	7343553	1
4525021	3399144	2
45219	45290	1
7029603	9515242	1
7363261	7363262	1
10464741	10464481	1
10511420	10511419	1
7598854	7600356	5
10530144	10530141	1
6273590	6275809	1
4331668	4331667	1
727297	944949	1
10464480	10464479	1
4709474	4709473	1
5479960	5479959	2
8198720	8199357	2
9760777	9669831	1
8165635	8153178	2
5868897	5868898	2
5906197	5907105	1
12147786	12147785	2
5013861	5013866	1
7825487	7845105	1
2324336	1986730	2
8802049	8802050	1
8030010	8025479	1
10347371	10347372	3
505283	505286	2
1101391	1101029	1
4817604	4817603	1
6600327	6600328	2
1745424	1745423	1
7720343	7720349	2
7985155	7985156	3
7042991	7042992	1
7646946	7646945	1
7446330	7446329	1
9167376	9167375	4
8844974	8844973	1
7784365	7784366	1
10794447	10794448	1
2731455	3540212	1
2766200	2766199	3
883438	883437	1
3092570	3057642	1
11738443	11737843	1
4695779	4695780	1
5151773	5151779	1
504005	504006	1
10168051	10168052	1
3910437	3910438	1
7966232	7966231	1
7031878	7031877	1
1346136	1346162	1
10026162	10026161	2
9228938	9273168	1
9739019	9739020	4
718992	718991	2
1463392	1463391	2
10692141	10677950	1
11762334	11758994	2
3693621	3693622	1
8357572	8357571	1
5409764	5409767	1
3812886	3812885	1
6116204	6116201	1
5516854	3114253	1
11936304	11936301	2
4043150	4043149	5
6729776	6729775	1
3808204	3808203	2
11845613	11845282	1
2176834	2176833	1
8516634	8516717	1
6444109	6444110	1
6245931	6245934	2
6738815	6738818	1
3968366	3968365	3
152148	152147	1
8224281	8220891	1
2094507	2094508	1
5628301	5628302	1
2028755	2056302	3
7933757	7933758	1
2121214	2121213	1
12001572	12053597	1
6927250	6927249	1
11015826	11015829	1
11300411	11300416	1
11296321	11296322	1
6493453	6493454	1
2538989	2586477	1
10471720	10471717	1
6933405	6933406	1
11317242	11317241	1
2814664	2814663	1
9808313	9808314	2
9729215	9729216	1
3128968	3128967	1
6343352	6343351	1
11465562	11554578	2
7288935	7288936	1
5726424	5726423	1
9165513	9165514	1
5735321	5735322	1
10763623	10725919	2
10794445	10794446	1
10540035	10534867	2
7476101	7476102	1
7298697	7298698	1
3623748	3622894	1
8212455	8212456	2
10250664	10250663	1
11203414	11203413	1
2863004	2863007	1
11849484	11849376	1
7095959	7095960	1
11268188	11268187	2
10573488	10573487	2
2198552	2198551	1
11754845	11754846	1
7049571	7049572	2
7189864	7189861	1
769809	769810	1
11149828	11149827	1
4130520	4130519	1
7816458	7816457	1
7433119	7432980	1
9785346	9785345	2
9235746	9235739	1
12127656	12127655	2
8823290	8828064	1
9865856	9865846	1
2507776	2507775	1
348186	261412	1
1582860	1582859	1
2476342	2476345	1
11629921	11629922	2
6362285	6362245	1
10461411	10461414	2
3774594	3774593	1
1928629	11991864	1
1575011	1575012	2
4636255	4636256	1
10315295	10315296	1
9977261	9977268	1
3265307	3265310	1
8006111	8008192	1
2668444	2690649	1
6576028	6576027	1
6729784	6729781	1
910336	910044	1
1565378	1565377	2
8345837	8345823	1
3578850	3578849	2
9472653	9472654	2
5836057	5836058	1
7337627	7337628	1
5631616	5633135	1
7262551	7263079	1
5208882	5208881	1
261281	10438859	1
9646064	9646063	1
9242298	9238245	2
1112951	1112958	1
9034589	9034590	1
7108470	7108478	2
7335079	7335089	1
8412909	8412910	1
3199216	3199215	1
11046362	6036090	1
1269012	1269065	1
9258578	9258575	2
8980938	8980937	1
12243633	12243634	1
11541034	11541031	2
5143012	5143009	2
12601256	12601255	2
4359093	4359094	1
242579	242600	1
5382261	5382262	1
3909381	3909382	1
817795	817796	1
9298948	9298947	1
7983915	7983916	1
10314270	10314240	1
5935195	5935648	1
8093154	8093151	1
6517749	6517750	1
8833922	8833900	2
2671736	2671735	1
8419617	8419620	1
10253352	10253351	2
9114625	9114626	1
5259980	5259979	1
9708056	9708055	1
1093907	1094141	2
7720596	7720595	1
10853937	10853913	1
12691403	12691359	1
5299731	5299732	2
1192427	1192443	2
3447202	3447201	1
5926034	5926033	2
188026	188025	2
6154633	2005095	1
3879825	3879881	1
5592275	5592276	3
11392122	11392121	1
12265498	12265497	1
3498099	3498739	1
3948632	3948078	1
758176	758401	1
217670	217669	2
740386	744811	2
3207869	3390313	1
5380832	5380831	2
10991922	10991921	2
2378882	2378881	1
7346882	3894770	1
1899920	1899919	5
4490871	4490872	1
2562989	2562990	1
9894389	9894390	2
332480	332479	1
6099068	6099067	1
5939213	9887014	1
10573486	10573485	1
775691	775692	1
9840228	9840237	1
9847407	9847408	1
7850753	7850754	1
1839299	1839290	1
5886065	5886982	2
10167175	10167176	2
6478350	6478349	1
3631440	3631439	2
6018200	8571118	2
2534553	2527095	2
9567133	9567140	1
12161220	12161215	1
3754364	3754369	1
6677540	6677539	1
8699957	8699958	1
1716746	1765870	1
5460641	7929562	1
12815181	12815182	3
169991	169994	1
7773092	7773091	2
10153267	10141362	1
2609069	2609576	1
2018755	2018758	1
8831301	8831111	1
3603283	3603284	1
1020474	1020473	1
10153263	10153264	1
3192012	3192011	1
10758557	5483902	2
4005300	4005433	2
8580810	8580809	1
6013001	6169211	1
1834424	4843339	2
10531879	10512652	2
7869415	7869416	1
7790583	7790584	1
12133381	12143883	1
12784359	12784572	1
1779951	1779952	1
4716034	4716031	1
9903169	9903170	1
3378564	3378563	1
2064336	2098344	1
7595847	7595848	2
10000955	10000956	2
10413129	10413195	1
3808206	3808203	1
9908636	9908635	1
12601247	12601248	1
2286891	2286892	1
2422465	2422468	1
1577223	1577224	2
7776882	7776884	1
12462969	12462970	1
8304069	8072640	1
9892077	5938961	3
4363144	4394278	1
5490109	5490110	3
2137619	2137999	1
8705220	8710867	1
12768893	12768894	2
6698430	6094537	1
10352764	10352497	2
3972414	3948852	1
1945896	1945891	1
8800107	8800108	2
1033302	1036198	1
3005082	3005081	1
9149264	9148969	1
8558689	8558695	1
7296463	7287982	1
5646336	11675833	1
9334270	9306823	1
2437267	2436175	1
2478685	2478686	2
611127	611128	2
11592200	11592219	3
4576168	4575550	1
6202968	6156669	1
6564745	6564746	1
12461796	12461533	1
1664568	1621822	2
10707469	10707470	1
6670264	6670263	1
2398594	2412279	1
376296	376294	1
12266065	12166347	1
10260220	10260219	1
7480672	7466654	1
2150560	2150559	1
8858314	8858879	1
12466180	12314314	1
3691250	3691249	1
8077998	8078006	1
4428300	4428297	1
11123799	11214312	1
9527579	9527580	1
5572253	5572254	1
3542968	3542967	3
7384762	7384761	1
97451	97396	1
7404702	7404701	1
6572294	6572293	1
6914718	6914715	1
10727319	339053	1
9963637	9963634	2
2761149	2761151	1
7415955	7415956	1
1979987	1979988	1
8361354	8361353	1
8508156	8508155	1
7476789	7466009	1
203265	203266	1
2507785	2507786	2
8888393	8890110	1
2932772	2932771	1
9601981	9601984	2
6786878	6786119	2
2182294	2042543	1
11174529	11174534	1
10953366	10953361	1
10044582	10030853	1
12660971	12660972	1
1336448	1313569	2
332179	332182	2
4751570	4751569	1
11279000	11278999	1
5363137	5363138	2
5921938	5921937	1
7003716	7003715	1
2317243	2317244	1
10005325	10005326	3
8876322	8876354	1
8512870	8512869	1
5506154	5506153	1
11819991	2717028	2
3229167	3229168	1
8239174	8239197	2
2369768	2369767	1
2047620	2047619	1
4800753	4800754	1
2983472	4689905	2
4413162	4413161	1
5743867	5905599	1
3259510	3259509	2
8416156	8416155	1
5541083	5541086	1
171993	171994	1
8292506	8292505	1
9740891	9740944	1
7526130	7526135	1
6619856	5976861	1
4306503	4306504	2
332177	332178	3
3107527	3107530	1
6804891	6804892	1
7933752	5043713	1
6361173	6361181	1
7364488	7363267	1
1061054	1061019	2
423118	423117	1
4021832	4021831	1
8564049	8564050	1
10041225	10045199	1
6935915	6934377	2
5627517	5627496	2
6460889	6460872	1
3635804	3635803	1
7830196	6738814	1
4047935	4047855	1
3210785	3210773	2
189333	188614	1
10581895	10581863	1
217668	12453165	1
10944413	10944540	1
4614392	4609556	1
2530366	2514362	1
6702869	6715849	1
9693853	9693736	1
4711136	3698657	2
1568618	1568617	2
10116974	10116973	1
4018484	4018477	1
9496714	9496713	2
4056596	4057406	2
4363802	4363801	1
7780981	7780986	1
1678789	1678792	2
8065835	8065836	2
12509100	12509099	1
6351062	6351061	2
5799494	5799493	1
10176191	10176192	2
62429	66710	1
9169929	9169930	2
7950349	7950187	1
530094	531789	2
11715357	11715361	1
10617963	10617964	1
1757198	3390124	1
1751589	1751590	1
2957682	2957681	1
5523482	5543667	1
11317748	11303464	1
10618307	10618308	2
3540688	3540695	1
1116091	3545804	1
4399375	4399376	1
12287374	12287373	1
7046294	7095956	1
10897526	6738340	1
12539845	12542588	1
5777607	5777927	1
8705286	8705285	1
8093156	8093155	2
9328029	9328030	1
1592217	1592229	2
7246026	7246025	3
12184660	12184657	1
12422575	11635017	1
558693	558694	2
10720620	10720619	1
3578859	3578860	1
8376338	8376337	1
11050427	11050430	1
616425	616428	1
9530428	9530476	1
10153259	10153260	1
7647671	7647672	2
5502077	5502082	1
4380548	4380621	2
2957691	2957692	1
11799767	11799768	2
7966234	7966233	1
4542505	4542503	2
9102336	9099374	1
2619964	2619963	1
1311385	1311395	2
5536074	5396726	1
12769298	12769310	1
5118531	5118532	1
9486442	9486441	1
1225524	1226032	1
8666897	8666094	2
7228474	7228493	1
3273261	3273262	2
7381758	7381753	2
3476316	3477595	1
2349972	2349978	2
768472	768469	1
5164493	5311861	1
3641395	3641396	1
3202672	3202776	2
3562935	3813936	1
10883342	10883341	1
1259935	1259936	3
8888393	8888394	1
1514744	1513514	1
5443724	5425876	1
4354147	4363803	1
2282393	2282394	2
36767	36768	1
8044433	8696489	1
8923144	8923147	1
2682022	4278744	1
9638574	9649836	2
5592273	5592274	2
9749464	9749463	1
11800086	11799766	2
7961418	7966220	2
11936304	11936299	1
7458977	7455501	2
8152689	8152690	1
5483813	5483814	2
9539127	9539224	1
2494464	2494633	1
2004325	2004326	2
1221891	1216856	1
12652011	386023	1
5484048	5484259	2
10916607	10916608	1
5236275	5236276	1
8098579	8098582	1
2372985	2372986	2
3851829	3851640	1
4555829	4555830	1
558691	558692	1
6529792	6530149	2
10731464	10733010	1
4443840	4443837	1
8817035	8834790	1
57231	57232	1
2698430	2698429	1
7554324	7554317	1
10005327	10005502	2
1985996	1985998	2
7582133	7582134	1
8967091	8967092	1
6368168	6368167	2
7122287	7122288	1
8170963	8170964	1
11674696	11674676	1
11800636	11799390	1
1463171	7685722	1
6638923	6426109	1
2749286	6691093	2
5423848	5423847	1
7449091	7446301	1
11221504	11221503	1
887743	598808	1
9252739	9252742	1
6100555	6100556	1
6540416	6542062	1
48445	48448	2
12673499	12673474	1
8050964	8050053	1
7622187	6392302	1
3774594	3767412	1
4743035	4743036	1
8769476	8769475	2
7150686	7079306	1
3040167	3037513	2
4306503	4306506	2
11591227	11619486	1
12161222	12161221	2
3578861	3578862	1
5412345	5412346	1
8841241	8841242	1
4850460	4850368	1
11936306	11936301	1
10738619	10738620	1
1481041	1480955	1
45614	44731	1
10540035	10534865	1
12757964	12757963	3
2353911	2353912	1
2039449	2039450	1
7458964	7458961	2
6465534	6465667	1
2833232	2833190	1
7313398	7314853	1
9338612	9338609	1
8836852	8836851	2
810010	4097661	1
11849486	11849485	1
2506872	2506871	2
1320273	1320274	1
7436535	7436451	1
7939022	7939021	1
10101551	10101552	1
12173133	12173134	2
7178875	7178918	2
7593365	7601971	3
950900	950908	2
4542502	4542499	1
8765227	8765228	1
4629526	11305269	1
5411090	5412344	1
6851918	6920131	1
1720303	1720304	1
9232729	9232730	2
6998080	6998079	3
11472750	11472749	1
8848862	8848861	1
4541029	4541030	1
8292504	8292503	1
7776885	7776886	1
9587401	9587402	1
594951	374493	2
11779542	11779541	1
7288937	7288949	1
10102979	10102989	1
10311526	10358862	1
724354	724353	2
7627788	7624734	1
1519822	1519821	1
8327975	8327976	1
12279499	12381432	2
7730685	7729882	2
47396	10713	1
6088525	6089378	1
12197169	12198645	1
874383	867476	2
686914	686913	1
727054	727039	1
1728060	1728059	1
2083010	2083009	1
6729784	6729783	1
2317245	2317248	1
4541025	4541026	5
3671207	3671224	1
12296330	12296329	3
6779729	6779730	1
6012130	6012129	1
8527360	8527359	2
3212626	3212625	2
12522423	12522426	1
7658717	7658718	2
7449085	7449086	1
6161598	6161597	1
1176432	1176431	1
8214049	8213623	1
12488865	12403657	1
10645463	10645464	2
5985712	5985711	1
9363491	9363494	2
9646048	9646045	1
3958579	1749693	1
1981181	1981182	1
3513455	3513456	2
8073499	8047151	1
11268184	11499219	2
1933770	840463	1
7416525	7416526	1
7591721	7591894	1
9865859	9865860	3
7869413	7869414	1
11720042	11720041	1
9174309	9174310	1
3953509	3953510	1
10332435	10332436	1
3606017	3606018	3
7963127	7952247	1
1751591	1751592	1
9527570	9527581	1
615999	616000	1
8776970	8776969	1
3191573	3192013	1
3949808	3949805	1
5628299	5628300	1
1570630	1570629	1
12251303	12251306	1
11356248	2760183	1
3284668	3284685	1
11749907	11749908	2
4238380	4238377	1
9019681	9016567	1
12512418	12512417	3
12662778	12662777	2
10907990	10907989	1
4760771	4760772	1
2781231	2781232	2
10149955	10149956	2
2422205	2422190	1
7288934	7288933	1
1849863	1849866	1
6135309	6135305	1
3785900	3785899	1
7122289	7133461	1
7416013	7416018	1
137662	137661	2
12665629	12665632	1
6158682	6159853	2
7412818	7412797	3
11782349	11782350	1
10714	10713	2
10898222	10898221	1
10328287	10328288	1
7225384	7225383	1
359990	374286	1
553084	553053	1
4191936	4191935	1
364630	363957	2
12456192	12456631	1
5149439	5146939	1
1663165	1663166	1
7961088	7961087	1
6730780	6730779	1
5156079	11102121	1
3566724	3824821	1
5788990	5789011	2
7091126	7091125	1
1644580	1644579	1
12175767	12175931	1
4958260	4958259	1
3199188	3199187	3
10040887	10046536	1
9034583	9034590	1
3491797	3491798	2
407206	407205	1
11887841	11887842	1
6729780	6729779	2
1027423	1027424	1
5339029	5381467	2
6914718	6914829	1
2148817	2148818	1
12574843	12574844	1
11703535	11703536	1
10461167	10461168	1
3378566	3378565	1
8558694	8558693	1
7717075	7717076	1
11305268	11305267	1
7246741	7246742	1
393012	393011	2
5968368	5968367	1
12721847	12721754	1
2466894	2466893	1
10100465	10100466	1
1498848	1498584	1
10653482	10653487	1
6914806	6914719	3
10927139	10927758	1
125236	3473471	1
2790992	2794342	1
8583734	8583733	1
12539949	12539963	2
10753642	10753641	1
2378886	2378885	1
12272498	12272417	1
8817395	8865404	1
3754395	3754398	2
11441576	11427449	1
5995424	5995423	1
3952593	3953085	1
3125315	3125324	1
3531733	3531734	1
9839903	9839904	2
9915339	10341696	1
6814297	6814207	1
9886227	9886228	1
7506104	7486928	1
10032413	10032416	1
12273130	12273129	1
9642190	9642189	1
3232169	3232170	1
10808351	349909	1
11880313	11880314	1
4063133	4063136	1
4248313	4239791	1
10893674	10893673	1
12681707	12681708	3
5257648	5253213	1
3946025	3946026	1
10365964	10365998	1
9245566	9245558	1
2108860	2108858	2
4353502	662742	1
12257501	12257502	1
4243282	4243288	1
10514653	10514672	1
11531442	11531680	1
10990219	10990215	1
12265495	12265496	1
4856439	4856440	1
10143143	10143644	1
7448621	7448624	1
63984	63983	2
7066826	7071636	1
10700838	10700837	1
11349776	11345789	1
1693908	1693907	1
5693550	5693817	1
3799551	3799556	2
4868107	4865812	3
262668	262667	1
6312349	6312969	2
9785344	9785343	2
3985451	3985452	1
8481080	8481083	1
11534001	11534002	1
5849522	5849517	1
1144362	1144377	1
8198672	8294982	2
1163980	1132693	2
4817570	4817569	1
11545430	11545429	1
2664247	7459432	1
2273393	2272080	3
6804845	6804846	2
7711570	7711569	2
1924407	2539757	1
8809268	8809267	2
1537365	1537366	1
7595843	7595844	2
2526871	2526874	1
7228005	7228006	1
11911337	11911338	1
4736289	4736290	1
11300409	11300410	1
4056600	4057408	1
6288683	6288686	1
11753744	11753743	1
1377632	1377629	1
10581891	10581863	1
7250558	7250535	1
887743	887744	2
5145344	5145343	2
4844809	4844810	1
5370921	5370922	1
8705222	8710867	1
5566595	5566539	2
9936566	9936565	1
10919935	10919936	1
499560	499559	2
3869516	3869515	1
10284835	10284833	1
12718011	12718017	1
11936306	11936305	3
6788481	6786785	1
10293644	10293643	1
831561	831562	1
873823	874366	1
8438087	8438088	1
12629948	12629945	1
6459175	6459612	1
11806657	11806660	1
2378884	2378883	1
58389	62406	1
505293	503182	1
7595845	7595846	2
9699088	9699087	1
4195184	4195183	1
7225384	7225381	1
7293221	7291301	1
8765225	8765226	1
10746193	10749273	2
10812653	10812654	1
10603545	10603546	1
4532121	4532122	1
8391431	8391432	1
10134700	10134699	2
775698	775697	1
8294200	8294199	1
6584728	6600326	2
6482977	6482978	1
1145690	1145689	1
10468694	10468664	1
9765579	9759296	2
8416158	8416157	1
3639565	3639566	1
7658719	7658720	2
850444	850441	1
2690279	2690492	1
8298696	8298620	1
10776429	10776430	1
4745634	4745633	1
645687	645148	1
4542500	4542499	2
6657744	6657743	1
3791443	3792346	2
11911336	11910993	1
1970394	1970393	3
3700000	3699999	1
2083014	2083013	1
5433787	5433788	1
10499995	10499998	1
3692410	3692409	1
2316833	2316834	1
9383448	1996602	1
3700544	3700167	1
4079348	4079340	1
12248458	12666406	1
2103618	2103617	1
8438011	8437971	1
3703812	11619101	1
11488381	11488408	1
8816838	8816837	1
11221500	11221499	1
3631442	3631439	1
3774625	3774626	2
1222298	1223453	1
3667006	3666983	1
2044628	2044329	1
5370919	5370920	1
6137383	6137386	1
3060558	3068406	2
12327625	12327626	1
6926043	6927251	1
3774627	3774628	1
11278677	11277909	1
1146768	11509352	1
3476318	3476317	1
5582185	3384052	1
10055774	10055773	1
274040	274037	1
438484	438483	1
7717077	7710541	1
11309427	11309428	1
1749836	1749835	2
7496671	7496674	1
5146281	5149009	1
1519820	1519819	2
9126348	9126347	1
12662780	12662779	2
550567	550568	3
6475160	7107400	2
10675582	10675581	1
4331666	4438615	1
2586671	2586329	2
8056890	8056889	1
536278	541980	2
9681677	9681217	1
4541027	4541030	2
1040352	991243	1
5206048	5206047	1
211889	211890	1
12693502	12693501	1
12489654	12489681	1
4725237	4726501	1
6937748	6937743	2
9332363	9332364	1
5529934	5592566	2
4431629	4431630	1
1693559	1693560	1
1099307	10883045	1
10183671	10183690	1
5678807	5678810	1
2308642	2308641	1
8846599	8899566	1
9839901	9839902	2
8516634	8516721	1
3192221	3192224	1
3948077	3948078	2
10023314	10023345	1
7235080	7235079	1
3065246	3065245	1
4741686	7335756	2
6804834	6804890	1
7695954	7696491	2
7933756	7933755	1
12173145	12173146	1
12428600	12428599	2
8979019	8922390	2
10989886	10989885	1
6526813	6526816	2
5260057	10441430	1
12423006	12423005	1
2971917	2971918	2
7239155	7239156	1
9835435	9835436	1
6976132	6976131	2
9047916	9047915	1
901196	901193	1
5529936	5529935	2
7381754	7381753	1
6455009	6455010	1
908025	908026	2
7108472	7108471	2
5317409	5499964	1
7363266	7363265	1
2781358	2781357	1
5297815	5297816	2
5149010	5149009	1
3340631	3339715	1
9591829	9591830	1
4042316	4041696	1
6952717	9165868	1
8666895	8666896	3
12273640	12273637	3
9172690	9171952	2
1674546	1674082	2
11599380	1127726	1
7805598	7997624	1
1782107	1782108	1
369491	369492	1
11385401	11385060	1
1970392	1970389	2
5930039	5930040	1
7413729	7413730	1
6937742	6937741	2
8763424	8763423	1
56540	56539	1
7560783	7560794	1
10375643	10372421	1
6969281	6969313	1
2371291	2371311	1
6367943	6367944	2
11608074	11608073	1
1075084	1075081	1
8571143	8571144	3
5588720	5590572	1
4543881	4534718	1
9737111	9737112	1
11551051	3919926	1
7163698	7164508	1
7235014	7235013	2
4243129	4243130	2
9341044	9341043	1
8028487	8028488	2
8357570	8357569	1
11731333	11731334	1
3826782	3739598	1
2436174	2436173	2
4258640	4258639	1
6133111	6133112	2
11266784	11266783	1
10177527	10177528	1
3201375	3201380	1
2131303	2131304	2
6171719	6171722	2
5487667	5487668	2
870884	870917	1
2978733	2978734	1
10379509	10308155	1
4302330	4302329	1
7680987	7680988	1
1020472	1020338	2
8249225	9318481	1
6410684	6410681	1
2834592	2834591	1
910043	910044	2
3985212	3985441	2
6476186	6476185	2
174371	174372	2
11928043	11929024	1
7719304	7719303	1
5827985	5827734	1
7830497	7830391	1
3385861	3385862	3
292460	292459	1
11776959	11776960	1
7114104	7023245	1
450385	450386	1
2587745	2587746	1
2018757	2018758	2
3822002	3822001	2
4314445	4314446	2
3910439	3910460	1
3540690	3540689	1
1109117	1109118	1
8832001	8832002	2
62791	57202	1
8527358	8527324	2
12403931	12308363	1
9317847	9317854	1
2378893	2322769	1
10382061	10381889	1
3294658	7866387	1
6993536	6993535	1
7329150	7329149	2
9516676	9516675	2
432012	157841	1
11846968	2895937	1
7502424	7502423	1
3062237	3062238	1
6258870	6258869	3
12396761	12396764	1
2987395	2987396	1
2555144	2555141	2
6077847	6077848	1
756310	756309	2
3081522	3081588	1
11580813	11631579	1
10499995	10500000	1
6743037	8023891	2
11903524	11903523	3
2353910	2353909	1
19580	19579	1
717443	718993	1
8451428	8451427	1
7623048	7623047	2
7260262	7257617	1
3327452	3327438	1
6405258	6405257	1
8746173	8746174	1
8024229	8024230	1
12774237	12774238	1
5844305	5844298	1
8258449	8258450	2
3833213	3833166	1
12440387	12440341	1
10456058	5252912	1
9662058	9670794	2
9265634	9265633	1
10581891	10581894	2
2322481	8548483	1
8617187	8615394	1
9589658	9589657	1
6473708	6473707	1
2697428	2697427	1
12776118	12776115	1
3827737	3827738	1
8639033	8639034	1
3623748	3622898	1
7921420	7921085	1
12121115	12121116	2
5996847	5997252	1
4822252	4822269	2
7687604	7687603	3
3954813	3954814	1
5985712	5985754	1
12251307	12251308	1
5693816	5693815	1
8508085	8494646	1
2530368	2530367	1
11991877	11989967	1
7068982	7068981	2
11864362	11866607	1
7797731	7797732	1
9298716	9298715	3
8879965	8880259	2
5837056	5837026	2
2378886	2378881	1
7446310	7446316	1
207868	207867	1
6883982	6883981	2
1109951	1109954	1
8999441	1663662	2
6732100	6459612	1
4270242	4270241	1
210509	217673	3
6993776	6993828	1
4264036	4264035	1
2682602	2682626	1
1021119	1021120	1
7155360	7149992	1
6488037	6488038	1
8951780	8951927	1
657372	657371	1
9091345	9092568	2
10166831	10167174	2
7647353	7646944	2
7331334	7331333	1
12453167	12453168	2
2382048	2382047	1
6137385	6137386	1
561820	561819	1
137660	137657	1
4834833	4835384	1
9316466	9316465	2
1311394	1311393	2
4981056	4981039	1
8350242	8349613	1
2595517	2595518	1
4374771	4374772	2
3538803	3538804	1
9779267	9779268	2
2490116	2490115	1
11906730	11906729	1
1259937	1259938	1
4369348	4369347	2
5758595	5758574	2
12690455	12690456	2
5103649	5103650	1
1147396	1147395	1
11493168	11493167	1
12168808	12166922	1
1136427	1136428	1
9624082	9591075	1
10746201	10746202	1
7199370	7199369	1
9738757	9738758	1
1225526	1225525	2
4263695	4263696	1
4063131	4063132	2
3090994	3090875	1
12006783	12006837	1
12612050	4119494	1
6398992	7484670	1
3087029	3087030	1
8730890	8727104	1
2279257	2279258	1
12570607	12541498	1
8018625	8018626	2
6893281	6898796	1
3278737	3278738	1
7803423	7803424	1
7362112	7362630	1
10700840	10700839	1
6893458	6893457	1
7647675	7647678	1
6663546	6663607	1
174369	292077	1
9618570	9618569	1
9252739	9252740	2
11141109	11141114	1
9096493	9096143	1
6720370	6720363	1
302889	302890	1
9642188	9642187	1
12762494	12762493	1
6122260	6122259	2
4398634	4398636	1
7413183	7413184	2
12024222	12024221	1
10377700	10377514	1
1438871	1438872	1
5297820	5297819	2
6701503	6701504	1
4817592	4817591	1
7461877	976179	1
1281158	1281072	1
5100522	10988289	1
8869252	8667715	1
2490162	2490159	1
4379094	4379093	1
3975006	3975005	1
7632112	6575178	2
5455417	5455418	1
11868475	11868573	2
1693557	1693558	1
10483680	10483679	1
12310005	12310006	1
11922905	11922901	2
2330172	2330171	1
12408636	12409255	1
823115	822176	1
8848864	8848861	1
12815181	12815184	1
77634	77633	1
9249338	9249827	2
10383743	10383744	1
12053816	12053813	3
1699538	2275876	1
8465686	8250481	1
9193573	9193574	1
12525243	12515450	2
3972980	3972979	1
4490873	4490874	1
12767683	12767686	1
11779544	11779543	1
11319387	11319388	1
775691	775694	1
1231287	1231288	2
6281944	6281943	1
1288218	6248229	1
3203650	3203647	1
7098559	7098562	1
326026	326025	2
1532110	1693590	1
5935647	5935648	1
1081972	1081971	1
12304961	12304962	1
532010	532009	1
2835847	2835824	2
4071404	4070759	1
4275443	4275444	1
6824966	6824965	2
3257617	3257618	1
2987391	2987396	1
3817467	4000424	1
2670737	2670738	1
10104166	10104165	1
4763292	4763291	1
7476103	7476104	2
9495512	9495511	1
12629948	12629947	1
3066411	3066414	1
1289206	1289205	1
4982727	4985102	1
8715782	8056998	1
330610	330613	1
371715	371664	2
11674677	11674682	1
1775987	1785315	1
5436791	5439180	1
1147394	1147309	1
12172516	12156145	1
3073668	3070277	2
8354417	8354444	1
7149366	7149365	1
4442850	4442849	1
775679	775701	2
10026160	10026159	1
11936298	11936297	2
9028391	9027876	1
6258868	6258867	2
3542966	3539390	2
3813037	3813040	1
11688715	11688716	1
3810035	3810047	1
1644582	1644581	1
7276302	7276301	1
4038850	4036977	1
8710426	8710425	1
4990538	4990537	1
4056849	4056856	1
4603141	4603144	2
7246022	7246021	6
152146	152149	2
12269138	12269137	1
2330174	2330173	1
3822000	3821997	2
6763104	6763106	1
3511329	3511330	3
12381158	12381166	2
8832003	9010135	2
12317008	12317007	1
2836661	2836662	1
6270837	6270806	1
4394324	4394323	1
3265307	3265308	1
10758164	10758163	1
7161254	7161253	1
7416021	7416022	1
12602987	12602988	1
10387622	10387621	4
11754314	11750799	1
11814370	11813364	3
2811053	2781230	1
3559518	3559440	1
3489218	3489217	1
2792942	2794345	1
2895935	2895936	1
5695563	5968310	1
10445215	10445216	1
8769478	8769477	1
5583187	5583188	1
12242923	12242925	2
10467781	10468437	1
6299022	6299021	1
1329445	1329446	1
1289204	1289207	1
3203644	3203643	1
11630479	11623078	2
901200	901197	1
2756375	2756376	2
1608196	1605383	1
10177021	10177024	2
548937	548934	1
2438815	2438816	1
10222513	10124668	1
1187229	1186551	1
7670147	7594895	1
12374906	12374905	2
2369775	2369776	2
11127759	11127762	1
2802021	2802022	1
1519827	1519851	1
9354794	9354382	1
2297221	2297222	2
5535510	5535509	2
8030178	8030177	2
23510	23509	3
5236028	5245845	1
10516021	10516022	2
7678534	7678533	1
6638919	6638922	1
6482975	6482980	1
754652	754649	1
9370580	9370579	1
6720368	6720365	1
8397307	8394731	1
9601469	9601470	1
4355221	4355222	1
8514787	8514788	1
9069861	9069882	1
9546083	9546084	1
8278647	8278648	2
3625279	3619872	1
731113	731114	1
6739506	6739505	1
504987	505282	1
1186956	1186955	1
2902056	2902069	1
1188765	1073166	1
57235	57236	2
2968872	2968448	1
7659600	7659448	2
12455445	12455798	1
7775968	7776098	1
768470	768469	1
10824233	10826146	1
12615120	12615107	1
144601	3511328	3
2639828	2639827	1
5207397	5054799	2
5145346	5145345	1
1801558	1801557	2
1749834	1749831	1
8430966	8430965	1
5042809	5042810	2
1231702	1233442	1
10890664	10890663	1
6529646	6529645	2
2348912	2316820	1
6988469	6988470	3
1503485	1503448	1
5969667	5969668	1
9732687	8469980	1
4850370	4850369	1
1503040	1503039	1
9703401	9703404	1
8675607	8674508	1
6243925	6243936	2
3655084	3655083	1
5227889	5227890	1
8837506	8837505	2
10041563	10054724	1
12438900	12438899	1
12510439	12510440	5
6473710	6473709	1
6595589	6595590	1
3938796	3995839	1
3820483	3853355	1
1074962	1075077	1
10826147	10826150	1
3855232	3855231	1
2804329	2804330	1
7626095	7626104	2
19258	19257	1
11282814	11282788	1
7693706	7693705	2
11509684	11509681	2
10110355	10110356	1
740388	740387	2
4263700	4263699	1
3979849	3979850	1
9230372	9230371	1
5467214	5467213	1
8200473	8200552	1
11969618	11970550	1
7456071	7455290	1
8996632	8996631	1
450268	450217	1
3246798	3246797	1
1381865	1381866	1
11870153	11870154	1
12243697	12243573	2
8979318	8979317	4
7412571	7415954	2
7632423	7632424	1
6193665	6193666	1
2586669	2586670	1
7640030	7640029	1
3275743	3275744	1
7343727	7760474	1
200647	200648	2
7905035	7905036	3
9126431	9126349	1
8477884	8477883	1
11309425	11309426	1
211887	211888	1
5614856	5614827	1
2141000	2140999	3
5206046	5281224	1
814891	814892	1
3187494	4043151	3
7861480	7861479	1
8249217	8249218	1
10763171	10763172	1
3281344	3281341	1
8031138	8031188	1
2333737	2333738	3
10167192	10167219	1
9993738	9993735	1
6830026	6830025	1
12273347	12273641	5
2921909	2922659	2
2447627	2447659	1
6993536	6993509	1
12505178	12505177	1
4110123	4110124	2
5143707	5143708	1
7206299	7206300	1
1904407	1904408	2
858156	858297	1
11756912	11756911	1
11438877	11440664	1
6231830	6231829	1
8661943	8661846	2
10377345	10377346	1
1621819	1621822	1
318803	318804	1
8863673	8863674	1
9292463	9292464	1
11203403	11203404	2
3214259	3214260	1
1104136	1089578	4
5828226	5828225	1
11110974	11110973	1
10387620	10387619	2
3489250	3489249	3
5553123	5553124	1
3316176	3316175	1
3861654	3861637	1
12720658	12720657	1
4306502	3262890	1
2317249	2317250	1
7271854	7271853	2
8637140	8627183	1
8814885	8814886	3
12604759	12616536	1
1531703	1531704	1
204476	204541	1
6378073	6378074	2
5455411	5455416	1
11063461	11063462	1
6101118	6189384	2
301139	301122	1
4361045	4361048	1
8281890	8282503	3
5864725	5864652	1
10779799	175322	1
6526181	6526182	1
5628373	5627386	1
8419615	8419616	1
673593	673594	2
7142372	7142371	1
10944412	10944409	1
7098559	7098560	1
5705241	5705242	1
376284	376281	1
200645	200648	1
5118529	5118530	1
8937207	8937208	1
10259191	10259192	2
1243933	1243934	1
2935149	2935822	2
6836299	6836300	1
11737623	11737626	1
1239722	1239721	1
6545438	6545437	2
6470570	7675177	1
9763290	9301683	1
11629098	11586706	2
8926671	8926654	1
12696191	12772099	3
2298574	2298567	1
9739021	9739502	2
7869417	7869623	1
9130619	9132007	1
9608723	9608724	1
4191934	4191891	1
8793253	8793232	1
812091	812092	1
6892882	6892881	1
1424539	1424559	1
2371290	2371254	1
10449218	10449217	1
4542505	4542501	1
1653643	1653644	1
10315293	10315294	1
1504772	1504771	1
7658717	7658720	1
7063902	7063152	1
5799496	5799495	1
4941434	4941982	1
12574826	12551885	2
9541423	9541424	1
6779731	6779732	1
11373031	10383742	1
10167754	10167740	1
11631232	11631231	1
5494868	5494867	2
11856587	11856588	1
11194822	11194821	1
1147396	1147309	1
12282941	12282942	1
3880245	3880246	2
6175055	6175056	1
7719302	7719301	1
6611799	6611800	1
1377634	1377633	2
8444089	8444090	3
1943149	1969755	1
6488144	6488572	1
9554448	9554445	1
759355	759356	1
5820032	5816928	1
6482979	6482980	2
12784357	12784358	1
4578886	4578885	1
7492724	7493314	1
3233145	3233148	1
1537368	1537367	1
3320266	3320254	1
176051	176081	2
8199301	8199302	1
1239716	1239715	1
2895078	2895077	1
2566422	2565102	2
1503042	1503041	1
3632540	3632539	1
12690457	12690458	1
12490644	12490643	1
9176347	9176348	1
8391711	8391416	1
10979991	10968497	1
5405730	5405729	1
11479555	11637919	1
9329978	9329977	1
12206587	12206590	1
9006814	9006813	1
9591831	9591832	1
7583698	7578620	2
2779725	2809273	2
3035414	3035411	2
8197474	8197487	1
7404700	7404699	1
7692360	7692516	1
7390203	7390204	1
6552722	6552721	1
3578859	3578862	1
12044614	12282940	2
6308561	6308562	3
717443	718991	1
2094505	2094506	1
791345	787801	1
10373236	10373235	1
592839	541073	1
2147666	2147665	1
10153261	10153262	1
11579272	2240612	1
11440665	11440666	1
7932014	7932013	1
11214313	11214314	1
3042202	3042199	1
30287	30288	1
2260331	2260340	1
2453337	2453338	2
7381758	7381755	1
2377715	2379478	1
6360432	6360431	1
7484671	7484672	1
8923137	8923138	1
10825982	10825981	2
6048356	6048355	1
7388300	7388297	1
3035416	3035415	1
4027022	4027021	1
2058017	2057920	1
9041329	9034653	1
137660	137659	2
4749404	4749407	1
7228007	7228008	1
1336400	1313121	1
11472896	11472895	1
1134635	6105135	2
4681426	4680039	1
12287376	12287375	2
12773264	12773263	1
5699551	5704037	3
12718009	12718010	2
890609	890476	2
10301146	10301143	1
10942347	10942362	2
2269486	2269485	1
210506	217583	1
1144376	1144375	1
6825741	6824874	1
3100108	3100111	1
10572894	10572893	1
5451073	5451074	1
11866143	11866144	1
7463408	7463407	1
5564248	5569236	1
3567326	3567323	1
274036	274035	2
3705330	3705289	1
3233149	3233150	1
1942657	1942660	1
9914456	10519591	2
3340776	3340769	1
11936300	11936297	1
3679785	3679786	1
102109	102112	1
8009181	8012322	1
5631004	11698819	1
2416873	2416965	1
11798041	10368990	1
7027119	7027120	2
9196682	9197148	1
6189483	6189484	1
1145694	1145691	1
1311675	1311678	1
10177025	10177212	4
7228004	7227999	1
902333	902334	2
10540855	10540860	1
3944071	3944074	1
6836293	6836294	3
10666792	10667015	1
8556072	8556071	2
9954437	9954440	1
9238180	9238177	1
6625303	6625408	2
6429712	6430180	1
9452312	9452311	1
12772522	12772521	2
10170726	10170725	1
9153092	9153091	2
12428587	12428588	2
5935195	5935646	1
1103171	1102460	1
3297218	3297217	1
2676161	2675448	1
10193713	10193705	1
7888551	7888552	1
651442	651441	4
10177529	10177518	1
2047420	2030464	1
10831503	10831504	1
4144666	4145628	1
3777887	3763297	1
10564226	10564220	1
9693851	9693852	2
10306991	10306992	1
1179212	1165260	1
5452564	5452563	1
4543912	4266130	2
8018153	8018195	1
4690215	4690216	1
6733338	6734142	1
525992	525991	1
2127104	2131286	1
3946474	3946480	1
8705712	8705714	1
9539266	9539265	3
1749834	1749833	1
8583010	8583009	1
7896678	7896677	1
6367934	6367937	1
6553182	6116240	1
4076949	4076950	1
775690	775687	2
10423502	10413154	2
3488627	3488628	1
6942643	6942776	1
10102988	10102987	1
3397803	3397756	1
4157281	4157282	1
4267742	10362066	1
709297	709298	2
10181876	10181875	1
7647673	7647674	2
6394856	6347995	1
3606948	3607080	1
10364588	10364583	1
4538341	4260808	1
11520172	11520171	2
6998078	6998075	2
7446349	7446350	1
9301605	9301606	2
2647233	2647234	4
9272172	9269334	1
5118527	5118532	1
3869463	3869464	3
8081832	8081831	1
374953	374956	2
10573314	10573640	1
140503	140504	1
2169274	2169273	3
3017426	3017420	1
9677166	9676694	1
7939095	7939448	1
4858509	4867979	1
4112528	4112527	2
12232504	12232496	1
9464445	9464446	2
12461671	12461672	4
9760777	9669827	1
11780318	11780317	1
6053999	6054000	1
12133379	12133380	1
7933803	7933433	1
931159	931162	1
9301682	9301679	1
8816836	8816835	1
10067525	10067528	1
10544371	10544522	1
8249223	9318481	3
2832426	2832425	1
126397	126398	2
10824233	10826150	1
11401690	11401689	1
6651280	6651277	1
5699549	5699550	5
11560574	11560573	1
3941687	3941688	1
9960916	9960915	3
23508	23465	1
4455422	4452206	1
12381433	12381434	2
645735	645700	2
5753692	5753691	1
5923943	5882174	1
5392849	5392850	1
7598113	7598972	1
4490875	4490876	1
8438094	8438091	1
8817398	8817397	2
9751954	9751953	1
166551	1087927	3
3089354	3089351	1
12570482	12570448	1
10937859	10937860	1
7831139	7831254	1
2018755	2018756	3
2784467	2796935	2
921366	921365	2
9351786	9351785	1
9645734	9646065	1
12768842	12768870	1
10284668	10279731	1
8749566	8749565	2
12381511	12279498	1
4238383	4238390	1
1171144	1171138	1
3991924	3991546	3
7173540	6929731	1
7805411	7805412	1
9252741	9252742	2
8817396	8817399	2
10837470	11019089	1
11417436	11413939	1
9635737	9635562	1
10005274	10005273	1
10835894	10835893	1
6653996	6653995	1
12202077	12196961	1
2578211	2578215	1
11674683	11674684	1
10990008	10990007	1
2519045	2519052	1
9748005	9748006	1
12398263	12398264	1
3991853	3991854	1
3132244	3132243	3
9601467	9601468	1
10877912	10877911	1
2047622	2047621	1
10919939	10919940	1
6653994	6653993	1
12657168	12657167	3
11754926	11754925	2
5742269	5742280	1
2052664	2052663	1
102111	102112	2
3016725	3017428	1
6045263	6045261	1
1405936	1405932	1
11300409	11300416	1
11916170	11916169	1
10730138	10730137	1
4359095	4359096	1
2531071	9701681	3
9153090	9153089	2
9342036	9343881	2
779773	779774	1
8646702	8646701	1
8707551	8708131	1
1100740	1100739	1
12009294	12009293	1
8514789	8514790	1
4828641	4828642	1
9355793	9355794	1
5004615	5004642	1
10403623	10464764	2
9258574	9258573	2
4567710	4567709	2
7159145	7168337	1
217672	217671	3
3606013	3606014	1
3545077	302099	1
8493123	8493124	1
775700	775697	1
4348769	4276092	1
1054373	11284972	1
10026158	10026102	1
3207869	3390311	1
5707847	5707848	1
1142441	1142444	1
2173995	2167784	1
7272413	7272414	1
7252678	7252677	1
10308641	10308530	1
7817922	7817921	1
2804321	2804322	1
5409072	5397513	2
12248460	12666406	1
9908634	9908631	2
11866597	11866598	1
5375807	5375810	1
10306761	7446448	1
7164509	7164510	1
6116206	6116201	3
8814882	8814881	1
7493058	7493057	2
7305515	7305518	1
8799299	8799300	1
3364781	3364916	1
11980902	11980899	1
2832428	2832427	1
1565380	1565377	1
905058	905055	1
7780924	6728342	1
1189854	1189853	1
8746176	8746175	3
2987391	2987394	1
6428404	6428403	1
4758775	4758776	2
10919941	10919934	1
8848864	8848863	1
12150	12147	1
1695451	1695452	1
10416724	10416747	1
759426	821557	1
12160868	12160930	1
8442536	8442535	1
2158198	2158197	1
7382396	7384763	1
10586698	8468578	2
5503154	5503173	2
3995840	3995839	2
6729782	6729781	1
11632437	11631630	1
8846762	8846773	1
6576030	6576029	1
12784060	12784057	1
11676377	11676380	1
6493453	6493456	1
9138958	9138953	1
9389572	9389571	2
2755172	2755169	1
381722	381931	1
1116091	4854685	1
11401692	11401689	1
7591899	7592895	1
8211208	8211207	3
7267833	7267831	1
3954798	3954797	1
8451426	8445723	1
9334273	9334274	1
9129074	9129073	2
4958263	4958233	1
10075414	10075411	1
11629100	11629099	2
2791967	2791968	1
1951500	1951499	1
9669830	9669827	1
978287	978288	1
4046133	4046134	2
11174535	11174536	1
274036	274033	1
10418957	10418958	1
10991920	10991919	1
9886229	9879822	1
9291052	9684808	1
9172690	9171954	1
11828199	11828013	1
12144206	12144205	1
10611350	10611422	1
1685874	1685873	1
10104154	10091812	1
2171921	2171922	1
10220831	10220832	3
11608370	10786093	1
775700	775699	1
3689344	3829900	2
707208	707207	1
10382312	10382309	1
3578848	3578847	3
1286208	1286207	1
7446250	5247527	1
1015463	1015466	1
7529765	7688398	1
1224306	1224305	1
10487192	10487191	1
10068118	10068117	2
3265309	3265310	1
12718007	12718008	3
5203070	5203069	2
5928232	5928231	1
4063131	4063136	1
1527093	1504913	2
10036410	10036409	1
6008054	6008053	2
6761627	9474568	1
11834938	11834937	1
11631230	11631227	2
11688711	11688712	3
6478348	7703327	1
8506579	8506567	1
3327454	3327453	1
11607896	11607895	1
3283037	3283038	1
10104164	10104163	1
8097999	8097992	1
5369035	5369036	2
11928196	11928195	1
7513295	7513335	2
3698656	3698655	1
795462	795461	1
3972978	3972975	1
7493471	6394857	1
3228999	3229166	1
12461673	12461676	3
7414126	7414121	1
1728058	1728057	1
11824792	11824791	1
6390363	6389111	2
12440387	12440343	2
10292636	6173398	1
2775938	2775937	1
9601607	9601976	2
3791441	3791442	2
5906378	5755272	2
6331456	6331455	1
7246752	7246751	1
1423097	1423100	1
7904344	7904343	1
3488625	3488626	1
7412571	7415956	1
4851034	4851033	1
7725262	7725261	1
5118313	5118311	1
1179314	1179311	1
5370919	5370922	1
8198677	8198870	1
1329447	1329448	1
6893458	6893455	1
7751874	7751871	1
7446595	7446598	1
5442627	5442628	1
6743032	8024306	1
3128966	3121938	2
10924833	10924865	1
6906466	6906117	3
6715753	6715727	1
9745303	9177858	2
7446344	7446343	2
10387622	10387619	1
10397644	10397643	2
6540965	6540984	2
4750870	4750869	1
3609724	3609721	1
1070775	1070321	1
3392217	5513275	1
1087030	359187	1
4812322	4812321	1
10373231	10373232	1
5425941	5425942	1
1019735	1019738	2
391958	391957	2
144643	144644	1
9795255	9795256	1
949695	949696	1
3201375	3201378	1
8501176	8501175	1
1216857	1216845	1
8384860	8384859	1
5203068	5203067	1
7982831	7983924	1
5794575	5794576	2
140051	195470	1
6622110	6623866	1
9298943	9298946	2
2833234	2833233	1
5629885	5629886	1
7373120	7381744	1
7381759	7381760	1
5758595	5758572	1
2211044	2211083	1
6702867	6702868	1
5292700	5292591	1
8093150	8093149	1
1705314	1705313	1
3231680	3231679	1
7858513	7858514	1
11533999	11534004	1
2252906	2252905	1
12515096	12515500	2
10837930	10841095	1
591269	591623	1
5642298	5642297	1
4028556	4028555	1
274040	274039	2
3639567	3639704	1
8979319	8979320	1
4019812	4019811	2
3551909	3551923	1
7967505	7967506	1
7458959	7458960	1
6204934	6204929	1
2974172	2975776	1
2846783	2846786	3
6584728	6600328	1
4286069	4286065	1
5495632	5497012	1
4593726	4593725	1
9129072	9129071	1
10883046	10883045	2
3424898	3424897	1
12510441	12618105	3
4941438	4941437	3
598610	598543	1
10287199	10287200	1
757460	757459	1
6189481	6189482	1
5186749	5126130	1
3427193	3427194	1
919311	919312	1
3807785	3807792	1
8294202	8294201	2
12226172	11993827	1
7078088	7078087	1
5118527	5118528	1
203268	203267	1
2039447	2039448	2
8939077	8939078	1
7733821	7763754	1
775693	775694	1
910336	910042	1
6689698	6689697	1
7751876	7751875	1
3889122	3889121	2
12248460	12248459	2
5993216	5709894	1
8554657	8554658	2
4817590	4817589	1
6131196	6130820	2
4660424	4660423	2
5498939	5498940	2
2731847	2728837	1
7574964	7852607	1
437223	436328	1
10532009	10532010	1
9041329	9034655	2
5146281	5149011	1
9659670	9659669	1
9515244	9515243	1
10167192	10167191	2
8441903	8441942	1
4306505	4306506	2
569583	569584	1
9618568	9618567	1
3199214	3199213	1
8508156	8508153	1
8255201	8255202	2
9977267	9977268	3
2064814	2064813	1
7540938	7669875	1
2832424	2832421	1
1693396	1693395	1
5834168	5834160	1
4635115	4632037	1
3734588	3734587	1
7109226	7775569	1
1708018	1708123	1
829524	829545	1
10638391	10638392	1
3531733	3531736	1
9107788	9107787	1
10792505	10792506	1
10289448	10289443	1
544864	544857	1
2379320	2379319	2
8318590	8318589	2
12362158	12362157	1
11985242	11985241	2
8029810	8029820	1
7497338	7497337	3
7530043	7954748	1
2896743	2896744	1
8958735	8966170	1
553063	553064	1
11485241	11485256	1
10067529	10067530	3
12471293	12471303	1
7985157	9380352	1
4087975	7246027	2
7720144	7719974	1
716812	713859	1
11629040	11629037	1
4382918	4382917	1
9980005	9979935	1
7733919	7743598	1
10481524	10309880	2
1699576	1699574	1
10873603	10873604	1
5200302	5200299	6
2982262	2981951	1
1224488	1224487	1
2895080	2895079	1
8278649	8278631	2
6062372	6062371	1
791631	791634	1
1228091	1228094	1
3975599	3975600	1
302581	302449	1
1278871	1282172	1
1149018	1149115	1
6581488	6581465	1
4058273	4058274	1
10456703	10456718	1
3948632	3948076	1
6120303	6120304	1
9985744	6159885	1
7436450	7436449	1
7156346	7156343	1
5345580	5176031	1
10271066	10270859	1
11271618	11271617	1
9541423	9541426	1
510765	515504	1
9002762	9002757	1
6346786	6346752	1
812087	812088	1
10497587	10497519	1
1678787	1678788	2
12798258	12798257	1
11296323	11296324	1
8785909	8705280	2
6517751	6517766	1
376280	376279	2
8705284	8705283	1
12273640	12273639	1
2330174	2330171	1
7743081	7341311	1
3187500	3187495	2
2808617	2808618	1
11995707	11995553	1
2841484	3263897	1
6691686	6691697	1
7200242	7200241	1
1759589	1759590	1
9332363	9332366	1
11776360	11776359	2
843942	671937	1
12166923	12166924	1
2372983	2372984	3
3910476	3910475	1
3265311	3265312	2
1653645	1653646	1
5529219	5529220	2
8167671	8167672	1
4544839	4544713	1
10564195	10564196	2
10372972	10363696	1
3302563	3302564	1
10349045	10349048	1
3027702	3027701	5
10502217	10502218	1
3247947	3247948	1
4598967	3262901	1
6288681	6288682	1
4331671	4331756	1
4081384	4081383	1
11104381	10969824	1
5201276	5201275	2
9006397	9006540	1
6836963	11707410	1
2491402	2492095	1
12772520	12656808	1
7694133	7694136	1
8879957	8880260	3
3088997	3088998	1
6050594	6060936	1
11306427	11306428	1
12461760	12461759	1
4258679	4254981	1
4599476	4599475	4
4839695	4839696	1
10209328	10209327	1
10398065	10397645	2
11050416	11050415	1
10224037	10090000	2
6044672	6044669	1
4836132	4836131	1
1463171	1463172	1
7009975	7175538	1
2693655	2690992	2
6351060	6351059	2
274038	274037	2
11834248	11834045	1
5410952	5410842	2
11413058	11413050	1
12801042	12801030	1
7916449	3356372	2
3470691	3470692	1
12719822	12719819	1
11510726	11510725	1
9111791	9111792	1
10695025	10695181	1
8443808	10287243	1
7899953	7901230	1
10572899	10572900	1
8296830	8296829	1
7933754	7933753	1
1074295	1074269	1
8633988	8633987	1
7518789	7557079	1
3605550	3605549	1
7818520	7818519	1
4990826	4990825	1
12132134	12132380	1
4628621	4628732	1
6427455	6427456	1
12559120	12559119	1
4376994	4376993	2
471301	489790	1
1559581	11509681	2
3017421	3017422	1
140482	140479	1
12317004	12317003	2
7092030	7092029	2
5461047	5535905	1
6118351	11524444	1
12160872	12160869	1
12661678	12661677	1
505479	505480	1
10105890	10105887	1
6347994	6347991	1
5416326	5416325	2
9641338	9641337	2
8176928	8176927	2
7780981	7780984	1
10581889	10581890	4
4937764	5046640	1
11780320	11780319	1
5059432	5059431	1
6494548	6493797	1
8555868	8557159	1
9144598	9144597	1
12026655	12026656	2
9977265	9977266	1
7288932	7288898	1
7276300	7276299	1
11676375	11676376	2
11264762	11264761	1
927837	927838	1
8064366	8078009	1
467738	467749	1
544864	544863	1
10967666	10967665	1
6595587	6595590	1
2047616	2057589	1
6983231	6983232	1
2837079	2837080	1
8754739	8754740	1
11137738	11137737	1
9183585	9183580	1
7695954	7696493	1
555717	555718	1
11007708	11007707	1
2148290	2148816	1
6649038	6648076	1
5004541	5004542	1
4038853	4038854	3
2466898	2466897	1
4045146	4045145	1
12718009	12718017	1
3874677	3874678	1
8527360	8527324	1
944905	944908	2
6914714	6914829	1
1640992	1640991	1
5968370	5968367	1
4506410	4522188	1
6865013	6865308	1
5264052	5264006	1
11784399	11784400	1
11377648	11377643	1
9969106	9964777	1
5529221	5529224	1
3341621	3341624	1
6868558	6868555	2
10973554	10973610	3
9601977	9601978	2
7773094	7773091	1
3600271	3600272	1
6004007	6004008	1
3631442	3631441	2
5160986	11115844	1
