fend1	fend2	count
12259636	12259635	1
8869254	8869253	1
10330135	10329317	1
5059035	5059036	2
7217688	7217685	1
11850056	11850043	1
2207833	2207834	1
11667683	11667798	1
11200055	11200056	1
7684610	7682399	1
2262685	2262854	1
7890206	7890205	1
11537273	158553	1
2886300	2886299	1
6910862	6910861	1
2089869	2089870	1
4156132	4156131	2
2321014	2321007	1
11372473	11372466	2
6487081	6486894	1
11102759	11102760	1
10338116	10338115	1
9063010	9063009	1
3384010	3384005	1
3385952	3386353	2
2881310	2881309	1
14306	2687963	1
2120350	2120345	1
7916756	7916755	1
3422589	3422590	1
12034791	12034792	1
11656779	11656780	1
4521508	4521507	1
10433606	10433771	1
3446737	3447052	1
1616762	1616761	1
10299895	10298342	1
6717134	6717133	2
4349610	4350291	1
1189527	1189528	1
7037190	7037189	1
11562381	11562382	1
7886231	7886232	1
9557151	9560217	1
8708753	8708760	1
2567694	2570521	2
11131111	11111277	1
4568195	4568283	1
1717845	1717846	1
7319119	7323445	1
10064081	10134984	1
10262583	10262584	1
4469311	4469312	1
5219604	5219603	2
3395680	3164200	1
11097104	11097103	1
3567951	3616250	1
3129414	3128091	1
7751714	7751713	2
1778579	1778580	1
10082994	10083944	2
5254760	5258036	2
3882799	3882800	1
1990724	1990731	1
11745670	11745669	1
6872710	6875394	1
11758172	11758171	1
8012419	8023566	1
8172107	8172108	2
6152968	6152967	1
1930618	1930823	1
6429967	6429968	1
4142731	4142732	1
2780214	2780213	1
6442046	6442045	2
6785047	6785048	1
3023660	3023547	1
5663727	5662996	1
5259600	5259599	1
10008655	10013744	1
4638095	4638175	1
3374123	5539051	1
1121129	1121130	1
6617178	6616883	1
7537936	7538014	1
9718317	9718318	1
10009504	10009472	1
11282059	11282229	1
944958	944957	1
1930026	1930025	1
146105	146106	1
4675360	4675359	1
2524974	2528472	1
6699275	6699276	1
6920289	6920051	1
6181175	6181168	1
6282274	6282271	1
9662822	9662821	2
634084	634083	1
6464307	6464165	1
9159068	9159067	1
1372535	1372287	1
7199949	7199953	1
8469369	8469358	1
1634958	1634957	1
4853531	4853416	1
7072725	7072880	1
8571844	8570063	1
9914741	9914318	2
2043927	2043928	1
9331559	9331560	1
4498757	4498735	1
11262316	11262183	1
5395326	5396846	2
12801699	12801700	1
183357	190279	1
518718	590304	1
12231804	12231801	1
6029669	6029672	1
5985719	5985427	1
8892730	10283428	1
6461581	6461623	1
5410045	5410046	2
1598037	1598038	1
5429503	5429504	1
4314272	4314269	1
7890204	7890201	2
3528147	3528137	1
4469313	4469331	1
10158820	10158819	1
7608817	7608818	1
4602223	4602210	1
11985008	11984874	1
4404198	4404195	1
6143927	6143928	1
6388255	6388305	1
4315745	4315746	2
7659533	7659403	1
11046579	11117280	1
12609941	12609942	1
7072873	7072874	1
3882797	3882798	1
11000980	10991356	1
358234	358317	1
4550305	4550306	1
8787345	8787340	3
2169900	2169899	1
7446448	7446445	1
12289199	12289200	1
1583620	1583619	1
11996298	11996295	2
11014447	11014448	2
8690336	8690335	1
6698894	6698891	1
10378380	10377672	1
10349218	10349217	1
8797098	8797097	1
4800189	4800190	1
3863380	3863379	1
776952	776949	1
1790906	1790933	1
11930650	11931663	1
1003339	1003274	1
1033676	1033675	1
4689170	4689169	1
9249541	9249542	1
7911196	7911195	2
6131532	6131522	1
5417769	5336490	1
5097644	5097641	1
2231818	2231817	1
3740785	3740786	1
396074	399257	1
9063008	9063007	1
10593264	10593261	1
9846004	9846003	1
11299039	11299040	1
1842674	1842644	1
4202371	4202187	1
3710121	3710122	1
7867825	7867826	1
658034	658014	1
12480851	12480852	1
1616760	1616759	1
1273954	1276035	1
6545620	6545619	1
10690304	10690303	1
7235630	7235127	1
6989574	6989645	1
10194950	10194949	2
12641921	12641922	1
7852208	7852220	2
9993471	9993472	1
12742322	12742321	1
172879	172882	1
9831525	9831526	1
12385097	12385100	1
10477379	9446384	1
5759362	5759373	1
1279491	1279492	2
7115060	7115057	1
6956722	6956738	1
10151103	211529	1
4675362	4675361	1
7904239	7904240	1
12009163	12003692	1
1687563	1687564	1
582918	582908	1
8656475	8656476	1
2344130	7464703	1
796887	822174	2
10697686	10697636	1
11002112	11003138	1
6515006	6560457	1
2881308	2880986	1
5973104	5973103	1
7767458	7766810	1
10930230	10930229	1
5931688	5931687	1
5981566	5980828	1
958633	958634	1
264610	264609	1
2016302	2016301	1
6211238	6211240	1
7963871	7963962	1
3486688	3486685	1
10443634	10443637	1
4866711	4866712	1
11902435	11901379	1
7634278	7634264	1
4181757	4181376	1
7088908	7088905	1
3039295	3039296	1
7856853	7856854	2
11401049	11401050	1
4687246	4687245	1
11678373	11805201	1
11264383	11264388	1
8874735	12123130	1
5919197	5919193	1
6809824	6809823	1
7780635	7666512	1
9082019	9082020	1
12777958	12777957	1
12599844	12600153	1
4091926	4091935	2
6528016	6528013	1
183355	183356	1
6896517	6896518	1
6378136	10315834	1
10012860	10012859	1
11860251	11860274	1
9652289	9652290	1
1107670	1108049	1
7088910	7088909	1
10394915	10394912	1
6930579	6930580	1
6336644	6336643	1
1840336	1840246	1
5092898	5092897	1
3039297	6596389	1
12545259	12545262	1
5207222	5207221	1
6907327	6911820	1
9991184	9991243	1
6920811	6920697	2
11526019	11526024	1
1391878	1391877	1
7459430	7459429	1
11758174	11758173	1
9714425	9714426	1
4612017	4613441	1
4054	4070	1
4619728	4747908	1
288754	288753	1
7515318	7515247	1
10349216	10349215	1
634128	634125	1
4957956	4957991	1
4369093	4369094	1
5650086	5650101	1
10086258	10086260	1
11295503	11291523	1
10969363	10969364	1
11152594	11152593	2
2715480	2712594	2
10733735	10733724	1
8206021	8206022	1
11612276	11613359	1
7921144	7921148	1
2661745	2661746	1
12538683	12538684	2
1990732	1990731	1
3115422	3115406	2
6698892	6698891	1
6966623	6962237	1
2635480	2635479	1
9833501	9833502	1
9892507	5119908	1
543321	543322	1
6517412	6517411	1
12124713	12124714	1
5059034	5059032	1
9319418	9319223	1
6582678	6582677	1
8848525	8848526	1
12801588	12801587	2
12012380	12011059	1
1468535	1468536	1
12400493	12400494	1
12383505	12383506	1
4953959	4953960	2
1536069	1536070	1
2854028	2854021	1
2465211	2465242	1
10872513	10872551	1
5382582	5382581	1
10453593	10453594	1
4316546	4316524	1
12675305	12675613	1
1577234	1577233	2
5951717	5955783	1
4687244	4687243	1
11531687	11531688	1
11141059	11141060	1
6330519	6324121	1
6264490	6264489	2
5135817	5135818	1
4043047	4043048	2
1365926	1365925	1
948869	948870	1
12383495	12383496	2
7754042	7754045	1
6613703	6613658	1
11674366	11674365	1
10593266	10593265	1
5801626	5802789	1
1122502	1121128	1
11570609	11570599	1
11436501	11436502	1
4310815	4310816	1
2857530	2859595	1
11816386	11816385	1
3286125	3286126	1
2605720	2607183	1
10904978	10904977	1
3491569	3491570	1
3778821	3778822	1
6637150	6637149	1
8079554	8079553	2
2471724	2471723	1
9551481	9571770	1
6508441	6508442	2
737694	737693	1
3609684	3609683	1
4091350	4091340	1
2120346	2120345	1
8041968	1118024	1
1337886	1337808	1
7298288	7298287	1
3248473	3248474	1
3450837	3450840	1
11083155	11083156	2
6390648	6390647	1
765316	765315	1
2627719	2627881	1
3071177	3071178	1
7528790	7528789	1
2631838	2631837	1
7072875	7073049	1
2474422	2474421	1
5212221	5209579	1
2247472	2250131	1
3500433	3500434	1
3033529	3033530	1
10930163	10930231	1
11497250	11496886	2
1797991	1798736	1
804649	804650	1
2993508	2993507	1
8674732	8674731	1
2799625	2799626	2
9349587	9349588	1
3297200	3297006	1
6619304	6619303	1
7747657	7747661	1
3576300	3576299	1
7529667	7528791	1
10055375	10055370	1
8714509	8698346	1
4840733	4841008	1
1069977	1069877	1
5739169	5739172	1
1485417	1487069	1
9373108	9373075	1
6606341	6606370	1
11437174	11437211	1
1420828	1420827	1
155993	155994	2
11903074	11903073	1
9767331	9491523	1
4203768	4203756	1
2447260	2555265	2
5626644	5626462	1
12186007	12185069	1
8979043	8979003	1
1778610	1778578	1
9488668	9488667	1
5135819	5135820	1
4433337	4433276	1
7352392	7352389	1
4348416	4348415	1
7109787	7109788	1
9070403	9070404	1
8176723	8176724	1
8429909	8429910	1
5301235	5301236	1
5429501	5429502	1
7748523	7748526	1
11038608	11038605	2
7319117	7323445	1
7405020	7405346	1
12475310	12474773	1
11962235	11961089	1
1318004	1318045	1
6945561	6945575	1
10959576	10959575	1
9909327	9909335	1
2475001	2475002	1
4841619	4841616	1
7199947	7199948	1
3286127	6490362	1
11745668	11745661	1
2169902	2169901	1
10053900	10248697	1
2841425	2851906	1
6627917	6627918	1
6324720	6324719	1
7706170	7706167	1
6327457	55760	1
11723147	8611959	1
2493332	2492126	1
9560038	9561681	1
2939871	2939877	1
12595500	12597467	2
1306827	1306828	1
1140362	1140361	1
2890063	2890064	1
12386254	12386253	2
11620896	11623507	1
9893664	9893661	1
11014445	11014446	2
9796978	9796977	1
11554269	11554270	1
1364366	1364365	1
5946815	5946816	1
1464124	1464123	1
319649	319723	1
8214029	8214998	1
10920272	10919925	1
11161025	11132319	1
7200032	7200031	2
9396009	9396011	1
10338118	10338117	1
5583470	5583431	1
6104481	6104572	1
10047305	10047306	1
11733213	11733214	1
5207220	5207237	1
958635	958636	1
6493830	6493829	1
953342	953364	1
1161810	1161383	2
1631107	1629057	1
7788682	7788681	1
1883166	1884442	1
2894402	2894405	1
251766	254999	1
615818	615817	1
8983685	8983686	1
2737258	2737257	1
2060170	2060156	1
8963984	8963983	1
11148447	11148448	2
1056655	1056656	1
12786748	12787217	1
3134201	3134202	1
2169902	2169899	1
4316548	4316547	1
1552765	1552768	1
10925855	10924612	1
1158286	1161458	1
9801863	9802281	2
3912501	3912502	1
10149108	10146739	1
11723660	11723659	1
5706866	5706865	1
8440874	8440871	1
2305112	2305117	1
3386352	3386351	1
7949626	3317432	1
4656280	4652175	1
11930503	11930504	1
10933652	10933651	1
8577681	8577672	2
1161457	1161458	1
1474911	1474914	1
3422149	3422142	1
4033879	4033826	1
7784495	7784496	1
9703166	9703165	1
6789985	11089868	1
12636187	12636471	1
5199425	5199426	1
8399796	8399883	2
8987088	8987087	1
8776170	8776169	1
11723583	11907826	1
300762	300761	1
8679007	8679004	1
2631836	2631830	1
4269858	4269855	1
5939854	5939853	1
12647388	12647387	1
12052291	12052292	1
9159066	9157657	1
10567370	10567369	1
10621805	10621806	1
970038	970287	1
8192344	8326284	1
12777044	12777634	1
11554264	11554263	1
807306	807305	1
4550779	4550091	1
1609269	1609270	1
3464907	3464850	1
10044738	10044737	1
7108724	7108723	1
5946809	5946814	1
9867176	9867173	1
8218124	8218123	1
5985715	5985718	1
1488346	1486295	1
11689684	11689681	2
11551160	11551156	1
467814	467813	1
3092337	3092338	1
2182771	2182772	1
8958099	8958696	1
8018169	8018160	1
10707088	10706475	1
4784064	4812584	1
11621672	11621671	1
3446735	3446736	1
7780169	7780284	1
10697688	10697687	1
7712899	7712900	1
991054	991044	1
6766755	6766756	2
6152970	6152969	1
9831150	9831149	1
6684724	6684723	1
12005900	12005899	2
6152408	6152411	1
622185	627227	1
6732627	3245769	1
2873036	2873035	1
1723117	1723120	1
11937588	11937587	1
9337832	9338074	1
10433770	10433769	1
876776	3067926	1
11161720	11166242	1
1790910	1790933	1
6152971	6152972	2
8399809	8399810	1
9921516	9920981	2
1393758	1393757	1
6356116	6355695	1
3283375	3285462	1
5743081	5743082	1
1953741	1949307	1
12355233	12355234	1
2157436	2157435	1
7608819	7608820	1
10721567	10722589	1
11670985	11674367	1
7525781	7525782	1
345044	345049	1
1777868	1773308	1
6022023	6022040	1
12159994	12159991	2
12777960	12777959	1
11108615	11108616	1
2142397	2142398	1
2909050	2909059	1
4312401	4312402	1
3568528	3567791	1
94826	94772	1
9525457	9525458	1
11616133	11616134	1
12123977	12123978	1
5693907	5693908	1
1609271	1609272	1
6595358	6595357	1
6598971	6598974	1
3596308	2332424	1
10486002	10486034	1
5219602	5216782	2
8854932	8949145	1
8041069	8040343	1
3479943	3479944	1
10344223	10344224	1
3092339	3092340	1
11983095	11983091	1
3744909	3744910	1
12777884	12777930	1
4865961	4865962	1
5417238	5417237	1
11130548	11130547	2
6395847	6395848	1
8177035	8177306	1
10669209	10669210	1
3189354	3189351	1
4086029	4086030	1
1181083	1181084	1
3746564	3747096	1
8106581	8106582	1
3510318	3510439	1
3925561	3925740	1
7461747	7461743	1
12355687	12355688	1
7418933	7418934	1
2661743	2661746	1
9993469	9993470	1
4125716	4125715	1
155995	156112	2
10197319	10197320	1
4270377	4270380	1
1717843	1717846	1
8708750	8708749	1
204552	204551	1
10770951	10772124	1
2120344	2120343	1
12202368	12202284	1
11794991	11793385	1
2086383	2086384	2
11428766	11428616	1
1929010	1930027	1
1994699	1994700	1
1477630	853135	1
1468537	1468538	1
7648825	7650512	2
4548378	4548377	1
3591902	3591901	1
11875403	5758564	2
10550947	10550948	1
6395847	6395916	1
5765440	5765439	1
1699869	1699854	1
7491804	7491807	1
6701805	6701806	1
3126418	3125829	1
6136236	6135977	1
8275701	8275702	1
12533795	12533796	1
12290979	12291103	1
7472445	7475101	1
11967566	11967151	1
4103379	4102455	1
2088484	2088481	1
10284979	10298082	1
2012167	2012158	1
10267405	10061354	1
10322976	6333740	1
922667	922664	1
9531000	9530999	1
9170715	9170716	1
7856851	7856852	1
164795	164796	1
4469311	4469331	1
6582680	6582679	1
7047724	7047723	1
9455868	9455865	1
6159738	6159737	1
8787360	8787359	1
6122866	6122865	1
4752076	4752075	1
7054257	7054209	1
8968908	8968907	1
4641506	4641505	1
10443636	10443635	1
2661743	2661744	1
3753244	3753485	1
11393416	11394724	1
8231867	8231868	2
9651149	9651150	1
7445575	7347498	1
1071776	1072093	1
11029562	11029675	1
8610467	8610468	1
2586163	2586164	1
9300169	9300170	1
6905819	6905820	1
5472449	5472450	1
7352874	7352870	1
12736149	12736150	1
1720662	1720661	1
374357	374360	1
9250234	9250233	1
12427793	12381658	1
4572135	4304714	2
7223128	7223127	1
10298341	10298342	2
164797	164811	1
10537612	10538668	1
2365070	2380018	1
8242420	8242419	1
11002297	11000099	1
4029092	4029091	1
9491522	9491519	1
1667398	1667397	2
6947819	6947820	1
7788685	7787584	1
1563856	1563301	1
3511174	3511173	1
11815834	11815833	1
12337222	12336971	1
9818639	9818421	1
6454343	6456047	1
7085061	7085062	2
2691748	2691747	1
12732727	12678005	1
6766757	6766758	1
9170347	9170491	1
1047574	1047615	1
8369189	8369190	1
3719619	3774352	1
5643705	5643962	2
6739529	6739656	1
2645525	2645526	1
2992242	2953554	1
1699867	1699868	1
9914865	9914898	1
5805907	5805122	1
1509239	1507576	1
5072341	1622383	1
8212059	8212060	1
1311237	1402916	1
3116760	3117465	1
12463461	12463462	1
3528145	3528146	1
905831	905832	1
12669010	12669052	1
9829946	9827771	1
9906140	9905881	1
3531905	3531906	1
8400462	8400454	1
12463044	12463043	1
3277138	3275364	1
5699975	5699976	1
8579593	8579594	1
10323049	10322115	1
11332113	11332116	1
9318937	9318938	1
3656592	3656736	2
1804109	1804110	1
11254348	11254377	1
1990724	1990733	1
5773540	5773539	1
12287111	12287112	1
7788684	7788683	1
336303	336304	1
6351352	6351351	1
4312467	4312400	1
4235083	4235078	1
7223130	7223129	1
2370820	2370796	1
6815833	6815834	1
3820734	3811050	1
12742320	12742437	1
4114007	4114008	1
6834894	6834893	2
12407460	12407459	1
7865512	7865539	1
3033531	3033532	1
12309065	12305993	1
12262092	12259637	1
8325805	8504654	1
3044116	3044115	2
4585809	4585810	1
5588684	5588683	2
9666043	9666055	1
10753174	10752505	1
12346617	12346618	1
11903072	11903019	1
6413361	6413362	1
6831033	6831036	1
10365652	10365649	1
8352564	8359012	1
2560625	2560626	1
5356098	5356101	1
11763053	11765114	3
10220796	10220795	1
10403388	10403743	2
3740781	3740782	1
1464119	1464122	1
12640616	12640270	1
8842559	8868476	2
4536893	4538107	1
6145860	6145857	1
6517412	6517409	1
4741236	4741239	1
1393756	1391874	1
6855110	6855948	1
592585	647278	1
11152592	11154399	2
8106585	4173220	1
8084134	10974023	1
10217281	10216450	1
8168116	8166061	1
5045477	5045478	1
10114291	10113245	1
499298	499297	1
11844996	11844982	1
3773758	3773757	1
9051148	9051147	1
11656779	11656782	1
8498498	8336496	1
9051146	9051145	1
8983671	8983672	1
2242420	2242419	1
5527719	5530027	1
11600358	11600355	1
7285875	7285878	1
9335401	9335505	1
8369187	8369188	1
7968627	7968628	1
16502	16501	1
5115061	5115036	1
5756667	5756568	1
11012828	11012827	1
3925559	3925560	1
3935532	3935531	1
12467352	12467351	1
12458568	12458567	1
4439736	4856768	1
874165	874166	1
2120350	2120347	1
7911194	7911193	1
1798389	1799411	1
5349609	5349610	1
1738778	1738725	1
12458559	12458569	1
1591557	1591558	1
8018955	8018956	1
5513929	5515109	2
1956617	1953080	1
1790910	1790907	1
2702365	9235055	1
9517692	9517691	1
4835606	4835605	1
9829179	9829180	1
3388078	3388075	1
10250616	8920457	1
6956722	6957875	1
4568923	4568924	1
12355689	12356060	1
7891561	7891562	1
6717179	6717135	2
7445054	7445051	1
3154232	3154541	1
2715480	2715479	1
6802553	6804250	1
6276378	6276376	1
4397256	4396498	1
4695269	4695270	1
7881697	7881698	1
11130546	11130545	1
1048290	1048866	1
2090190	2090193	1
8876933	8877050	1
3625645	3623919	1
4954872	4953833	1
10134523	10134524	1
10226346	10226345	1
5427174	5354345	1
6446544	6442335	1
10539664	10539663	1
9338214	9338213	1
9121004	9121003	1
4846117	4846118	1
4768185	4768186	1
7446450	7446445	1
3966288	3966291	1
3289864	3289863	1
9780994	9777589	1
9510329	9511654	1
1370410	11397480	1
1108544	1108476	1
10066546	10037934	1
11463837	11463825	1
3152619	3152620	1
558615	558616	2
6517410	6517409	1
5272494	5271761	1
9752355	9752356	1
2844617	2844623	1
5132088	5134813	1
8958757	8957845	1
6806539	6806531	1
6766739	6766035	1
7333369	7333370	2
4396499	4396504	1
1335946	1333823	1
3358450	3361008	1
3236941	3234524	1
6438256	6438255	1
12463042	12463041	1
2321006	2320636	1
9387887	9387890	1
6958275	6958276	1
4846115	4846116	1
4562234	4563192	2
8696846	8696843	1
11858197	11858198	1
12480849	12480850	1
7147059	7147060	1
12717189	12717190	1
12547094	12543522	1
3076531	3076532	1
10985642	10985641	1
8211593	8212940	1
10824499	10824444	1
5542942	5542945	1
12049363	12049364	1
7005581	7003570	1
3235679	3228842	1
6121936	1591556	1
624506	624505	1
8955128	8957844	1
12761634	12761381	1
6709590	6711139	1
6418833	6418851	1
11528365	11531520	1
6629856	6630292	1
4799402	4799401	1
12329197	12329198	1
1424061	1424156	1
11349411	11349412	1
5525786	5525785	1
260617	260869	1
3511172	3511209	1
7921315	7921145	1
7223126	7223167	1
6986701	6986914	1
8947956	8947949	1
2746754	2752343	1
269818	269817	1
5626463	5626464	1
794131	794132	2
5407391	5407474	1
7816067	7816068	1
5878959	5878960	1
12355229	12355232	1
7100829	7100830	1
1778610	1778580	1
6265160	6265159	1
264608	264607	1
12255104	12205215	1
2964783	2969451	1
6889412	6889423	2
2864211	2864212	1
3744911	3744914	1
9432321	9432322	1
9992266	9992759	1
6921098	6904504	2
4741238	4741237	1
4609383	4609194	1
12699690	12699717	1
9728581	9795268	1
3779197	3779198	1
1335948	1335947	1
4827356	4827387	2
3370718	3370053	1
8761136	8761138	1
12778358	12778357	1
11834857	11834858	1
1738724	1738723	1
69364	69319	1
9661399	7193729	1
2106237	2106238	1
582909	582910	1
4137407	4137408	1
1056611	1056654	1
9545583	9545584	1
41821	41822	1
4271122	4271095	2
5497868	5497861	1
4941801	4941802	1
4203770	4203769	1
6169238	6169235	1
11350495	11363747	1
11670983	11670984	1
12119077	12119078	1
12795012	12795011	1
837799	837934	2
1669055	1669056	1
5715425	5715426	1
534440	534443	1
9833499	9833500	1
158052	158051	1
3740783	3740784	1
9543562	9543561	2
12665867	12665870	1
401256	401259	1
3909954	3909974	1
8039936	8039959	1
6718806	6718506	2
2207835	2207836	1
9330722	9330721	1
1781682	1781681	1
2547309	2548128	1
9432321	9432326	1
3549952	3516279	1
9007139	9007140	1
1993570	1993567	1
4600102	4598419	1
4316525	4316526	1
8488127	8488508	1
5354344	5354343	1
3406991	3406992	1
406951	406952	1
2452580	2452579	2
6122870	6122867	1
7061132	7067415	1
7683183	838262	1
2995254	734659	1
183707	183537	1
6650567	6650568	1
3648314	3648313	1
1835231	1835232	1
3016486	3016899	1
2890065	2894774	1
11499365	11499383	1
6096935	6096940	1
12647386	12778359	1
2466925	2466926	1
1671475	1671476	1
2134181	2134182	1
9113824	2503747	1
10206630	10206633	1
11577036	11577035	1
7860888	7860887	1
790943	790944	1
2949785	2949786	1
7134109	7133990	1
9375793	9375794	1
9031833	9031822	1
7856307	7856308	1
12489324	7158158	1
6785045	6785046	1
2873449	2875883	1
9898597	9893625	1
5088609	4867333	1
11038604	11038609	1
6051656	6051655	1
8489076	8477165	1
4565494	4564750	1
5486462	11438838	2
3092998	3092997	1
1498033	1498009	1
7046978	7047008	1
2545997	2546005	1
4843031	4843032	1
7886229	7886230	1
12186007	12185067	1
5567482	5567481	2
9986722	9986721	1
6395849	6395916	1
3528145	3528137	1
953344	953343	1
11358281	11358251	1
5897063	5897064	1
10673337	10673230	1
7232303	7230655	1
179961	179921	1
5542944	5542943	1
1727957	1727958	1
7221945	7221946	1
9491518	9491517	1
10378508	10378505	1
978441	978442	1
11901648	11901645	2
2155462	2155438	1
6796917	6796918	1
1071141	3962119	1
6430479	6430480	1
9155789	9155774	1
4748903	4741808	1
7577829	7577830	1
8032152	8032824	1
8866509	10718506	1
3503487	3503488	1
10061392	10061389	1
6674734	6674741	1
8207337	8207338	1
633059	633071	1
8326285	8326286	1
9387116	9387115	1
4323938	4413768	1
3525413	3939106	1
1720660	1720644	1
2631831	2631832	1
10776210	10776223	1
4621960	4619388	1
11336995	11336977	1
11080146	11079958	1
6186231	6186232	1
6769492	5479938	1
447142	450463	1
9831516	9831531	1
6029671	6029672	1
1333387	1333388	2
6814652	6814570	1
7841220	7841217	1
10283429	10283430	2
6438188	6436483	1
12408257	12408258	1
6414522	6414521	1
10623555	10623556	1
1865990	1865989	1
11937586	11937585	1
9425684	9430167	1
2783824	2783788	1
6834437	6834438	1
10757140	10757139	3
4990091	4990092	1
2235995	2237271	2
6674742	6674741	2
8032085	8032086	1
7869464	7869463	1
4217635	4217636	1
12271005	12271006	1
7464112	7464576	1
9914409	9855091	1
5452007	5452556	1
1018957	1018958	1
3712551	3712243	1
1546857	1546858	1
12476969	12426741	1
1087358	1087357	1
11837967	11837970	1
11244863	11244864	2
1038034	1038033	1
9059594	9059597	1
12446421	12446418	1
10120859	10121702	1
3158411	3158371	1
1507723	1507726	1
12543297	12543298	1
7073047	7073048	1
4799400	4799395	1
3802833	3800668	1
9070405	9070406	1
2463809	2463810	1
1074859	1074860	1
8813034	8815919	1
9825345	9825346	1
6313616	6313613	1
156113	156114	2
6559444	6559354	2
35448	35447	1
2010489	2009616	1
6430475	6430478	1
8411907	8411879	1
10966901	10966643	1
10229142	10228483	1
7780633	7780634	1
8100925	8100926	1
11270189	11270012	1
11508649	11508713	1
10294067	10294068	1
9688203	9687926	1
10593266	10593261	1
1643779	11545912	1
9796272	9796271	2
8835850	8835895	1
11833235	11833240	1
11886369	11886372	1
1259349	1259636	1
6396620	6396619	1
6409641	6409644	1
12134508	12134507	1
5834082	12300020	1
5827071	5827072	2
4329314	4329311	1
10550949	10550950	1
258355	258358	1
2627994	2627993	1
978345	978440	2
187011	187012	1
9741639	9741640	1
3617544	3618113	1
5765721	5765722	1
3884717	4061374	1
3811577	3811582	1
4304363	4304364	1
2657070	2657086	1
8469367	8469368	1
7634843	7634844	1
11392280	11392279	1
6350788	6350603	1
12778317	12778318	1
6721841	6480856	1
9679269	9679270	1
8869256	8869255	1
27996	24835	1
11885936	11885935	1
2848137	2848146	1
8536334	8536333	1
10508289	10508290	1
3031029	3031031	1
4188797	4188798	1
1443598	1443482	1
3824169	3823521	1
1303714	1303713	1
2854422	2850907	2
10185340	10185339	1
10965380	11016076	1
5708013	5708014	1
7183580	7183398	1
9394956	9394948	1
355555	355545	1
7841220	7841215	1
287646	287645	1
4840373	4840471	1
11815832	11815831	1
1600459	1600460	2
4271118	4271094	1
10167742	10167876	1
6169864	6169863	1
7246186	7246546	1
12355231	12355232	3
10403390	10403389	1
6637133	6637134	1
7445052	7445051	1
4334270	4336560	1
4520232	4520288	1
11613358	11613357	1
1540967	1540914	1
5432984	5432983	1
11882213	11882214	1
4350421	4350423	1
2176541	2176542	1
9430897	9430944	1
6580416	6580415	3
8440217	8440218	1
10299397	10299398	1
1048557	1048558	1
3647963	3647965	1
7024025	7025490	1
10299895	10298340	2
9250232	9250231	1
11896881	11896885	1
10544649	10542687	1
2238770	2238767	1
629668	622384	2
1655856	1655853	1
1194587	1198272	1
11733215	11733302	1
12717192	12717191	1
3031027	3031028	1
7799102	7799101	1
10804894	10804893	1
3216068	7881696	1
12355229	12355230	3
966648	6316844	1
656223	656224	1
12763595	12764299	1
6181169	6181172	1
5613493	5613494	1
10165812	10165772	1
8767241	8767183	1
11650999	11623549	1
6146258	6143546	1
12442617	12442618	1
1406102	1406101	1
2663244	2663243	1
5326459	5326460	1
3289866	3289865	1
8409937	8409902	1
4043049	4042835	2
3561619	3561599	1
7539345	10804893	1
11815928	11815742	1
222975	397640	1
11013931	11013932	2
1294857	1294858	1
3746890	3746889	1
5700756	5700755	1
10959477	10959577	1
4520542	4520541	1
4042829	4042830	1
4954963	4954964	1
4530552	4530551	1
10434029	10436268	1
10621807	10621808	1
3746888	3746887	1
4647489	4647490	1
9821120	9821123	1
831976	830524	1
2784050	2783793	1
9269725	9269728	1
4468423	4468842	1
6980624	6976982	1
682449	682450	1
4065575	4065576	1
2898296	2898295	2
1525158	1526461	2
11678123	11678124	1
3290975	3290976	1
3503706	3503705	1
4828346	4828550	1
6797779	6797780	1
11551161	11551162	1
4782545	4782546	1
9366101	9364999	1
10717538	10717867	1
3573287	3573265	1
7112975	7112976	2
12429001	12428991	1
2373523	2374394	1
12171170	12170904	1
7972395	7972388	1
1775971	1775950	1
253382	86349	1
806401	811555	1
4350883	4353436	1
4833031	4833094	1
4376410	4376415	1
10127965	10127966	1
7942700	7940282	1
4917473	4917381	1
3000592	3000591	1
11645870	11645868	1
8862968	8844678	1
12799428	12799427	1
9551745	9551553	2
6104197	6104198	1
10567368	10567367	1
9051144	9051143	1
2089613	2089642	1
10979782	10980986	1
12665865	12665866	1
9718916	9718868	1
3557516	3557515	1
9340067	9340068	1
9996033	10000661	1
4025558	4025474	1
10916713	10916714	1
2531755	2531756	1
12186510	12186509	1
987206	987205	1
10349946	10349945	1
10638152	10638159	1
8769010	8769009	1
358236	358235	1
6363468	6363467	1
3212823	3212824	1
9829197	9829178	1
7055185	7055227	1
10379455	10379456	2
11393420	11393419	1
269615	269616	1
5937858	5937855	1
6346953	6346954	1
7623945	7623931	1
1333726	1334269	1
10379455	10379458	1
8473630	8481176	1
11804781	11804922	1
11758696	11758695	1
10543284	10544309	1
5598762	5598761	1
11882215	11882232	1
8859506	8859505	1
585345	585346	1
958663	958664	1
9434293	9434303	1
10137279	10134522	2
1744114	1744095	1
1406100	1406103	1
10887279	10887326	1
5420590	5420589	1
3935530	3934495	1
3779201	3779202	1
159852	160161	1
9676134	9676133	2
8708761	8708762	1
11883381	11883384	1
8389294	8389291	1
2994652	2994651	1
3208745	5567543	1
4799394	4799393	1
1622382	1622381	1
8923706	8923705	1
9473850	9473855	1
618040	618039	1
1112778	1112781	1
6365529	6367023	1
7387817	7388051	1
10539649	10539650	1
4059226	11378523	1
2075271	2142396	1
2604419	2604422	1
1798148	1708011	1
1664236	9522241	1
116517	116518	1
1088408	1088426	1
11697791	11694722	1
1826984	1826281	1
10503813	10503814	1
6518286	6518285	1
5674915	5674929	1
3996967	3996988	1
163337	163129	1
2869897	2870696	2
3388341	3356636	1
250099	250102	2
9173763	9173764	1
2160641	2157590	1
3216740	3216739	1
958611	958632	1
11816016	11816020	1
5375221	8541716	1
8483243	8482586	1
2241671	2241657	1
70297	72391	1
785809	785668	1
9127962	9127255	1
5927801	5927802	1
4563193	4563219	1
10762495	10739549	1
1123436	1122341	1
262377	262378	1
9392051	9391524	1
1671477	1671478	1
12485712	12485711	1
9652240	9652239	1
10706887	10706888	1
3076531	3076541	1
7928885	7926570	1
4550303	4550304	1
1500667	1500668	1
1018955	1018956	1
760894	5187475	1
11544204	11544150	1
7582274	7582164	2
2120355	2120351	2
9637328	9634897	1
10028004	10028118	1
419676	419675	1
1646839	1646850	1
1158286	1161456	1
2088478	5003420	1
6500134	6500133	1
2688758	2688757	1
1085419	1085420	1
3363688	3364491	1
1883599	1878279	1
807296	807307	1
5410047	5410048	2
8214986	8214981	2
569791	569792	1
2774231	2774232	2
10907168	10907167	1
11164390	11208236	1
5422013	5422014	1
1289448	1289447	1
8685	8686	1
9511767	9511768	1
2601604	2601603	1
10227983	10227984	1
6338240	6338239	1
3561608	3561588	1
3470635	3468737	1
11600354	11600359	1
1279493	1279494	2
111080	111570	1
9026300	9026299	1
12383510	12383509	1
10095976	10095981	1
7891412	4724603	1
5526227	5526228	1
1061744	4130585	1
9173765	9173766	1
6607828	6607711	1
9652238	9652288	1
6418539	6418350	1
10969361	10969362	2
1071139	1071140	1
5164094	5164627	1
3156826	3156815	1
8641470	8641442	1
2039096	2040199	1
10984633	10984634	1
12385095	12385096	1
1324149	1324150	1
2316926	2375382	1
3076533	3076541	1
6739660	6739659	1
1616556	1616555	1
3235528	3235522	1
8211593	8212942	1
5747311	5643360	1
4585129	4477477	1
5872104	5872097	1
10379457	10379458	1
4270375	4270376	2
8399807	8399808	1
10227979	10227982	1
5167868	5167867	1
4585811	4585812	1
6603607	6603608	1
9318939	9318940	1
4548376	4548375	1
3927185	3926196	1
2419593	2422745	1
2702936	2702933	1
11933179	11933521	1
10394913	10394914	1
3934360	3934359	1
9511655	9511656	1
8006126	8005753	1
12229869	12229870	1
3962118	3962117	1
565461	565466	1
570584	570581	1
1122307	1122303	1
11858778	11858196	1
5927861	5927800	1
583023	583281	1
6650565	6650568	1
6678301	6678302	1
11670738	11670735	1
41641	41749	1
5180110	5180109	1
12287113	12287114	1
4194911	4194912	1
12486462	12486459	1
12383493	12383494	2
3304750	3304749	1
9986736	9986723	1
8763464	8764407	1
3054800	3046562	1
2344130	7464701	1
7189268	7144749	1
8212941	8212942	3
5382110	5382109	1
6443009	6443010	2
3402532	3402531	1
679944	679718	1
7756042	7756041	1
3154540	3154539	2
10268325	10268326	1
4865963	4865964	1
2264693	3458714	1
10690304	10690301	1
7928887	7926570	1
9349589	9349590	1
1587606	1587605	1
9318960	9318941	1
6370391	6369471	1
5422015	5422016	1
3295577	3295578	2
7787555	7787547	1
7998935	7998936	1
5702968	5702967	2
12479546	12479545	1
3811583	3811584	1
7408937	7408938	1
2281274	2281224	1
3589666	3589665	1
1798389	1799409	1
11886373	11886363	1
1548981	1548982	1
4992218	4992217	1
184327	184328	1
384287	384288	1
7911196	7911193	1
3287502	9542877	1
7181443	7181444	1
8291088	8288858	1
2504777	2504050	1
838935	838936	1
11997647	11997460	1
4397256	4396504	1
5296669	12265368	1
10436269	10436270	1
6461622	6461621	1
2782303	2781245	1
4668019	4668020	1
2537180	2537177	1
11334169	11334170	1
9920980	9920979	1
9878982	9878979	1
4853417	2110114	1
3935535	3935339	2
9837195	9837196	1
8536332	8536331	1
2041977	2039097	1
907464	907463	2
5628611	5626465	1
9013298	9013253	1
6065874	6065873	1
11349413	11349414	1
8835852	8835851	1
12485030	12484972	1
5076299	5076300	2
2695176	2695175	1
8691103	8691056	1
3407006	3406990	1
6874261	6874262	2
8467347	8506896	1
8211595	8212940	2
11605333	11605334	1
11738246	11738245	1
11043913	10564533	1
1682555	1682634	1
9330724	9330723	1
3086023	3086021	2
1486294	1486293	1
9483864	9483327	1
384289	384292	1
9366099	9366100	1
3207188	3207183	1
7271293	7271294	1
8046149	8046150	1
4953961	4953964	1
11759779	11759780	1
12405965	12405966	1
1737099	1736564	1
4557190	4557193	1
9588939	9588942	1
9466313	9466317	1
7100247	7097557	1
8680491	8680497	1
8696842	8696841	1
914158	914157	1
10595176	10595179	1
2475032	2475029	1
5580259	5580260	1
3874943	3874944	1
7689917	7689918	1
9036343	9036344	1
7689919	7689920	1
1033369	1033677	1
4073771	4076914	1
457139	457140	1
472626	472390	1
2493087	2492783	1
6876984	6876983	1
10982708	4545395	1
8472741	8350364	1
6508443	6508444	1
7477183	7477184	1
11073503	11073504	1
6491408	6491407	1
5183213	5183214	1
7928885	7928886	1
3279273	3279276	1
8923702	8923701	1
10147655	211522	2
11146404	11118356	2
1614990	1614989	1
4188799	4188800	1
6492515	6492516	1
11616131	11616132	1
4312406	4312403	1
4749701	4749702	1
11436503	11436506	1
10513927	10513928	1
10508283	10508288	1
10113420	10111924	1
11182172	6811926	1
6447789	6447790	1
2560419	2560420	1
4843028	4843027	1
4310813	4310814	1
8674734	8674733	1
8440875	8440876	1
10690302	10690301	2
11023653	11023660	1
674181	673744	1
10194948	10194951	1
1110067	1110068	1
1595130	1595129	1
11698448	11698447	1
11649363	11649364	1
1566165	1566218	1
6450662	6450661	1
7772920	7768737	1
10585520	10585519	1
10982045	10982046	1
713457	713458	2
5985273	5985274	1
7665312	7665311	1
683553	626851	1
3776265	3778820	1
949279	949280	1
2524250	2524247	1
7132079	7132081	1
4058242	4058241	1
6734040	6734063	1
7445054	7445053	1
11891134	4842898	1
2346950	2346949	2
8969932	8969916	1
41823	41833	1
12018700	12018498	1
10733617	10733620	1
9855090	9855089	1
181072	181071	1
6442042	6442181	1
11643588	11641853	1
978311	979124	1
10235883	10236137	1
8032155	8032156	1
215034	215032	1
11613356	11613355	1
11161024	11161023	1
2650735	2652883	1
11745655	11745656	2
3811577	3811584	1
4710800	4710799	1
1053348	1053347	1
10660413	6140831	1
8643305	8643306	1
1074861	1074858	1
3609682	3609665	1
7446450	7446449	2
1931096	1931093	2
11222779	11222780	1
3754239	3702266	1
7504928	7504927	1
6421599	6421600	1
2496219	2496220	1
3912647	3912666	1
2894412	2894403	1
10243406	10243405	1
625971	625972	1
6259658	6259657	1
5612267	5612268	1
9693285	9693286	1
5288800	5288799	1
4372929	4370781	1
7458611	7458485	1
2606004	2606003	1
10010180	10010179	1
8842557	8842558	1
1420830	1420829	1
5369945	5371463	1
2365519	2365520	1
7087798	7087797	1
5699972	5699698	1
11689678	11689677	1
4033827	4033828	1
4534926	4536739	1
3942414	3942413	3
1953930	1953928	1
6687310	6688155	2
841699	841605	1
64699	64700	1
7476490	7476852	1
5876081	5875853	2
5410671	5410672	1
5931690	5931689	3
8844235	8844411	1
2088480	2088479	1
9525531	9525528	1
10532943	10533461	1
2361465	2361468	1
8794006	8787361	1
10226344	10226347	1
1112780	1112779	1
6569153	6569154	1
8864030	8864036	1
7747646	7750025	1
6650563	6650564	2
9110047	9110048	2
2844238	2846544	1
9531404	9531401	1
184138	184326	1
9172098	9155396	1
3977774	3978885	1
3394306	3394311	1
11747578	11747400	1
7751716	7751715	2
2242422	2242421	1
820732	820731	1
9954684	10127401	1
8886861	8886857	1
1717843	1717844	1
11757654	11747342	1
1727955	1727956	1
11288060	11288059	1
38755	38758	1
6763887	6763890	1
4318205	4318200	1
7774409	7774410	1
10539662	10539661	1
1799410	1799409	1
11679054	11679027	1
4123209	4123210	1
6956739	6957875	1
5451006	5449705	1
6526457	6526472	1
72390	72389	2
10518669	10518743	1
5693940	5693906	1
11250100	11250099	1
6261023	6261013	1
998411	998412	1
2995256	2995255	1
5322364	5322366	1
12188157	12187853	1
8211593	8211594	2
11068586	11068894	1
6987990	6987989	1
5513927	5513928	2
2002724	2002819	1
12185068	12185067	1
6029669	6029670	1
8513478	8513480	1
9331561	9331558	1
1075480	1075479	1
4573335	4573345	2
11513288	11513243	2
12451390	12451389	1
5458362	5458365	1
6650565	6650566	1
12027927	12027930	1
6336646	6336645	1
6927029	6927363	1
2255455	2255456	1
9432325	9432326	1
12175584	12175583	1
9551552	9551551	2
5712389	5712390	1
1289450	1289449	1
6104393	6103650	1
9145659	9141297	1
7957944	7957440	1
8859508	8859507	1
12383508	12383507	1
11930505	11930506	1
886047	889771	1
3255961	3255964	2
6631595	6620623	1
3143239	3044117	2
5443771	5443759	1
8031156	8031155	1
2524246	2524245	1
5743796	5743795	1
8765332	8765331	1
10243404	10243403	1
3942416	3942415	1
8923704	8923703	1
7153406	7153398	1
10096894	10096121	1
6650563	6650568	1
5417767	5417768	1
10595178	10595177	1
3255583	3255960	2
7073045	7073046	1
3784117	3784144	1
7867827	7867830	1
767815	768821	1
6816440	6816439	1
6104589	6104590	1
11118357	11118358	2
4546064	4545828	1
8106583	8106584	1
2848503	2848504	1
5199421	5199422	1
11545913	11545914	1
3417465	3417469	1
6453098	6457788	1
4253446	4253498	1
9551550	9551549	1
9556527	9556530	1
11554262	11551877	1
7464702	7464701	1
6994633	6994634	1
7047722	7047009	2
3272586	289032	1
6096925	6096934	1
1652573	12294165	1
89066	89065	1
4612559	4675417	2
2099579	2099580	1
9066583	9066570	1
9820863	9821121	1
455206	6075434	1
7109785	7109786	1
8696579	8696585	1
3865558	3865553	1
7775761	7774564	1
3013916	3013495	2
559531	558614	2
9237971	9237972	1
357380	357379	1
2959197	2959167	1
11670742	11670739	1
12630392	12630595	1
9782367	3525957	1
10900078	10899140	2
3362202	3362201	1
2958230	2958265	2
7144224	7144463	1
12775004	12775003	1
2466669	2466670	1
11349334	11349298	1
10128426	10128361	2
5808298	5808306	1
8361447	8361468	1
7320780	7321603	2
8020097	8020052	1
1628838	1631106	1
5964849	5963987	2
4008340	4009289	1
10995569	10380876	1
7430160	7430181	1
2591973	2591970	1
4187691	4187692	1
12797469	12797470	1
5346096	5344387	1
5715427	5714793	1
11023674	2908380	1
8170213	8178285	1
7221943	7221944	1
8804212	8803362	1
5968403	5968404	1
8690381	8706835	1
6186233	6186234	1
4304367	4304427	1
6265427	6265428	1
4269856	4269855	1
4689168	4690790	1
443914	443912	1
10799554	7539629	1
1047576	1047575	2
12545814	12547877	1
8071746	8071745	1
8527770	8527769	1
10044740	10044739	1
5594200	5594407	1
9140532	9140537	1
11324625	11324626	1
8018957	8018958	1
4618611	4618612	1
8007104	8006127	1
2626313	2626314	1
6902685	9498412	1
6834439	6834304	1
10172903	10173060	1
7525783	7525784	1
11656781	11656782	1
12597332	12597130	1
4673513	4673514	2
535601	535602	1
122397	122404	1
1078690	1078687	1
10407191	10407192	1
3589678	3589667	1
12306614	12306819	1
5567480	5567479	1
8032082	8032081	2
27998	27997	2
4327748	4329315	1
11621674	11621673	1
7215241	7215242	1
3117681	3117682	1
12781246	12781245	1
3071175	3071176	1
6359584	6359583	1
2733982	2733979	1
5930237	5691079	1
9349591	9349592	1
7982506	7982078	1
2500094	2500091	1
251104	251103	1
6964419	6964422	1
1667366	1667399	3
10453596	10453595	1
10654723	10654724	1
7014705	7014706	1
683966	691200	1
4019049	4116217	1
6462199	6462233	1
10984635	10985643	1
10126508	10126507	1
6976983	6976984	1
12401953	12401937	1
67705	9231278	1
742818	742815	1
9069458	9068834	1
8866507	8866508	2
1865996	1865991	1
4602905	4630023	1
11823020	11823019	1
11011813	11011814	1
8571846	8571845	1
2524975	2524980	2
5554299	5554302	1
7832166	4699707	1
8429872	8429908	1
7679141	7679142	1
9591779	9592168	1
9432323	9432324	1
12383512	12383511	1
1738778	1738723	1
3365427	3365428	1
7432457	4083257	2
5441911	5441912	1
4088384	4088383	1
9928475	9928856	1
5606413	5606414	1
4843026	4843030	1
7464700	7464699	2
2898294	2898310	1
10982940	10982898	1
9000860	9000859	1
7898953	7898954	1
7835623	7852182	2
11332117	11332112	1
1092531	1092534	1
2524254	2524251	1
2909058	2909057	1
11041630	11041629	1
7750077	7750078	1
983364	983363	1
2543237	2543238	1
6324718	6326002	2
6826603	6826604	1
3700073	3700074	1
7497889	7492618	1
7808711	7808690	1
1948318	1948317	1
9097935	9097936	1
8758443	8758121	1
7319117	7319118	1
6438254	6438217	1
11599839	11599840	1
1685876	1685875	1
11465059	11465082	1
12609943	12609993	1
12765929	12764670	1
4687242	4687241	1
11038818	11038855	1
12054957	12054958	1
863373	6626609	1
8984164	9054819	1
3229922	3229917	1
2780216	2780215	1
6752198	6752197	1
10640518	10640517	2
1598039	3259662	1
9077249	9077246	1
5049026	5264160	1
7539345	10804895	1
3591900	3591897	1
8854945	8854933	1
5739173	5739174	1
269820	269819	1
1183248	1183247	1
2665085	2665096	1
10253870	10255298	1
7047724	7047009	1
1682553	1682554	1
6698894	6698893	1
4080882	4083333	2
222973	222974	1
8643303	8643304	1
1370054	11566344	1
11608412	11608411	1
8093124	8093119	1
9013302	9013299	1
9340069	9338840	1
3241343	3240800	1
991056	991055	1
12201530	12201529	1
5650100	5650099	1
9833503	9833477	1
12774334	12773502	1
4878870	4878867	1
1474182	1509642	1
4852438	4852437	1
3736139	3736140	1
1722747	1722748	2
7855024	7854814	1
6584646	6584649	1
1713792	1766655	1
5796904	5796903	2
3251477	3251478	1
5245823	5244272	1
4804035	4641507	1
971673	971676	1
5262757	5262762	1
11426240	11426249	1
9455938	9455933	1
9110049	9110050	2
6310077	6310078	1
4521510	4521509	1
5199423	5199424	1
6855090	6855087	1
12191617	12192760	1
4550090	4582135	1
4865850	4865855	1
2727780	2727779	1
9160758	9160755	1
3549954	3549953	1
9442315	9442316	2
1189917	11529629	1
1614988	1616763	1
2120355	2120345	1
5968405	5968411	1
4120415	4120416	2
7364575	7364576	1
12674974	12742646	1
7841216	7841215	1
4366887	4366888	1
9525455	9525456	1
8778374	8778373	1
10206632	10206631	1
7110550	7110478	1
6140611	10660755	1
11776751	11777665	1
8231863	8231866	1
9433831	9433834	1
9016562	9016561	1
2208866	1931097	1
9386479	9386523	1
4052007	4052008	1
8687127	8687128	1
5696376	5697669	1
6844570	6844567	1
10707601	10707602	1
4602707	4599546	1
12742322	12742437	1
1616560	1616557	1
405588	405587	1
7246504	7246507	1
4269858	4269857	1
5699974	5699973	1
3446733	3446734	1
10889946	10890051	1
2547963	2547964	1
11758170	11758169	1
1264202	1198730	1
5732476	5733146	1
6699528	6699527	1
11746190	2801571	1
8413195	8413513	1
7454846	7455846	1
7243285	7246505	1
1140346	1140345	1
5587879	5587783	1
1717262	1717842	2
5196665	5196657	1
158056	158053	1
2436753	2436632	1
187013	187014	1
266189	266190	1
7037188	7036140	1
9114512	9116010	1
8071744	8071765	1
8020107	8020110	1
319647	319648	1
2242418	2242417	1
11425511	11426241	1
2845235	2845236	1
11512324	11512327	1
7916758	7916757	1
3481271	3482155	1
2928611	2929073	1
3561617	3561618	1
2182765	2182766	1
4300434	4300455	1
4495377	4495378	1
9768821	9768822	1
6158496	6160679	1
11997196	11552130	1
6113688	6113673	1
7204312	7218326	1
11529049	11543130	1
2854424	2854423	2
6964415	6964418	1
6355530	6355515	1
4802964	4802963	1
1411142	1411141	1
6416579	6416566	1
11843801	11843802	1
6709002	6709001	2
10624464	10624463	1
9984987	9853079	1
2715482	2715481	1
2995441	2995442	1
12404745	12404746	1
5335328	5332777	1
12386252	12386251	2
8536336	8536335	1
3500431	3500432	1
12355240	12355243	1
9656371	9652607	1
2466671	2474423	1
6049956	6049291	1
8696060	8696059	1
11397953	11397954	1
7665314	7665313	1
5550074	5550079	1
12385093	12385094	1
10322114	10322113	1
12498277	12497876	1
140904	140929	1
5286046	5286039	1
8957620	8957619	1
8576872	8576876	1
12634707	12635592	1
2159886	2159568	1
2110668	2110667	2
72565	72566	1
1880561	1880562	1
6733616	6733615	1
6518284	6518287	1
6674734	6674743	2
11071174	11072479	1
5500263	5500264	1
11689680	11689679	2
11393418	11393417	1
5460145	5458434	1
11801599	11805781	1
424095	423346	1
11073505	11073495	1
5021895	5021988	1
11938238	11938241	1
12777046	12777045	1
203252	203251	1
6920696	6928681	3
6886943	6886931	1
3119575	3118506	1
5563836	2065487	1
3692642	3693578	1
11744501	11716949	1
4137409	4137410	1
4852022	4852439	1
10982047	10982014	1
1003337	1003338	3
9244739	9244740	1
