fend1	fend2	count
8888642	8888641	2
11709168	11709153	1
610778	610788	1
12411944	12556699	1
4918961	4918965	1
10004803	10143664	1
11401545	11401546	1
2675450	2675449	1
7268594	7268593	1
9043934	8980059	1
1078293	1077698	1
5728077	5727843	1
4049898	4050035	1
10547364	10547363	2
1672119	1673287	1
8065286	8065285	2
4831753	4829311	1
4273759	4273760	3
866181	867485	1
10767004	10767003	1
1829385	1830888	1
1394351	1393666	1
11092266	11092265	1
8967053	9001955	1
3244254	3244253	1
195473	195474	1
3467196	3467319	1
11027670	11027669	1
6652427	6652430	1
5150794	5150793	1
4855113	4855118	1
9443871	9443861	1
1523083	1523094	1
9921233	9921234	1
6278034	6277934	1
741728	722862	1
3625900	3625899	2
5237972	5248497	1
9265644	9265654	1
6268837	6268843	2
10496212	10496209	1
8437459	8437879	3
10353739	10353740	1
12261559	12261560	1
5007035	5075680	1
7105123	7105126	1
5749393	5693710	1
3326474	9619620	2
3560658	3560595	1
520408	529844	1
8609976	8609975	1
1190400	1190413	1
9234721	9232827	1
11361409	11361900	1
704605	704613	1
1627847	1627848	1
7767831	7767834	1
272608	272607	1
9988414	10064675	1
1085635	1085636	1
12696181	12696182	1
7536794	98418	1
8192909	8192910	1
8271567	8271568	1
8393313	8393314	1
10709973	10709976	3
11610909	11628211	1
11355265	11355222	1
12776442	12776448	1
12736070	12736112	1
9527924	9527923	3
442453	442454	1
5823893	5801152	1
571309	571184	1
11216480	11216479	1
5854010	5854013	1
2634799	7446226	1
3747277	3747278	2
3788210	3676723	1
8361218	8361217	1
9641497	9667649	1
5968259	5968260	1
8092419	8092399	1
6394781	6394784	2
1460045	1541348	1
10270110	10270073	1
6151209	6140201	1
4847150	4847149	1
774043	774044	1
5123060	5123059	2
9255119	9255150	2
4175510	4179418	1
8204587	8267038	2
5306298	5292314	1
10352734	11214933	1
10676373	10713919	2
2402752	2402751	1
575347	575350	1
8399876	8399875	1
4829310	4829309	1
6830672	6935220	1
118848	118875	1
9168712	9174626	1
2658140	2699467	2
8512344	8512300	1
8211366	8211363	1
7820340	7820339	2
11352515	11352502	1
7017391	7017392	2
9192149	9192150	1
11198432	11198431	1
6382146	6382134	1
917278	917277	1
10622065	10707961	1
175463	144017	1
9346298	9350286	1
4412381	4412382	1
10111969	10111958	1
5513191	5513192	2
8767754	8767753	1
9329327	9329328	1
393050	393049	1
11471002	11471244	1
8456437	8456438	1
5705506	5702328	1
10605763	10605764	1
9681247	9681252	1
12003001	11984621	1
10916436	10916417	1
7038915	7038905	1
2174959	2174960	1
7850627	7850831	1
6497085	6497036	1
348008	347969	1
8380815	8380816	1
12166419	12166420	1
1394085	1394086	1
9631951	7271031	1
10183518	10183515	1
172825	170652	1
11963582	11963581	2
6987708	6987666	1
10349582	10349581	3
9051084	9056092	2
10113622	10240768	1
380911	381390	1
3162676	3162675	1
3200122	3199221	2
4987811	4987823	1
5466906	5466905	1
1722774	1720547	3
918081	918082	1
1520367	1520370	2
6042367	6016848	1
11984330	11984329	2
5275624	5275623	2
9041027	9033050	1
11021678	11021587	2
10117339	10117340	1
11788476	11788827	2
1075983	1075824	1
7109291	7023135	1
1283603	1283604	1
6204969	6196529	1
7746797	7746579	1
11862953	11863444	2
7945072	7945109	1
2755589	2867105	1
828825	833640	1
6297744	6297743	1
11557553	11557554	2
7803976	7803975	1
9131444	9124913	1
8973275	8973276	1
7105121	7105122	1
1066562	1068202	1
847068	847067	1
4488493	4488494	1
8830038	8830035	1
3911880	3911879	1
9749274	9749271	1
6088382	6174478	1
9962467	9962468	1
3687477	3687460	2
8379889	8380818	2
2280889	2280941	1
9767511	9767483	1
12689478	12689366	1
9574968	9574967	1
6576938	6576937	1
10505112	10505096	2
698544	698539	1
3707285	3707286	1
128374	128581	1
9964321	9964322	1
762610	762609	1
7291335	7291444	1
3595912	3595911	1
2321507	2321508	1
4820240	4598981	2
10245776	10245779	1
5545030	5545036	1
10371099	11095706	1
8299348	8299347	2
6476562	6382072	1
950077	950203	1
1202534	1202553	1
1631729	1631773	1
4353053	4241722	1
6502794	6502852	2
9430854	9430843	1
614411	614412	2
6037456	6037455	1
8402910	8403011	1
5133731	5133734	1
2263371	2263379	1
2232562	2293389	1
12145549	12145552	2
7783360	7831882	1
12443622	12606559	1
6104831	6104832	1
6486458	6376841	2
1253969	1261474	1
833955	833956	2
4045001	3994001	1
6248852	6248851	1
3765143	3765133	1
12133213	12133235	1
8845883	8845884	1
6880196	6882841	1
10886239	10886240	1
7790553	7790511	1
5531803	5531808	1
9768219	9768220	1
9895873	9873431	1
12138383	12138384	3
1474185	1474377	1
10687739	10656227	1
1967985	1967986	1
6122686	6120445	1
7383343	7390427	1
2367754	2367753	1
9062318	9062317	1
10789201	10789202	1
1438380	5419354	1
5553213	5443086	1
1070715	1070677	1
1704453	1704454	1
561085	561958	1
10321806	10322067	1
1319082	1319081	1
3999267	4001965	1
422784	422783	1
4309232	4309231	1
764059	764062	1
9430856	9430855	2
3949273	3949237	1
11203927	11203930	1
10806093	10806096	1
12012829	12012830	2
4387615	4387616	2
5529511	5529557	1
7909267	7909268	1
5910896	5778052	1
8727570	8684132	1
5058815	5058800	1
2021942	2021936	1
10505114	10505113	3
4440874	4440987	1
3625902	3625901	1
11109342	11040454	2
1394085	1394088	1
3749571	3749572	1
232662	232661	2
7820351	7820352	3
5871438	5765671	1
5857030	5857201	1
5473431	5473432	1
10802677	10802670	1
1783318	11237816	1
2986260	2935601	1
4587245	4609773	1
8453822	8453811	1
2615893	2615853	1
1424608	1424572	1
3090747	3103635	1
9964323	9964431	1
8536056	8536055	1
6766673	6691268	1
5924960	5924926	2
6859382	6859379	2
1540627	1540628	1
3762560	3762563	1
8382116	8440063	1
5133733	5133734	2
8481166	8481287	1
1971033	1982371	1
11269927	11269928	1
1265771	1162799	1
12761589	12761590	1
9127696	9141474	2
7430289	7430292	1
5927207	6050024	1
9234719	9234720	4
607980	608082	1
3560912	3560911	1
1483839	1398599	1
3519943	3519944	1
5968848	5968553	1
1590382	1590669	1
10585080	10585086	1
8379887	8379888	2
10808602	10808538	1
6554748	6554745	1
2119906	2119978	1
10750172	10750185	3
8253723	8300009	1
6390568	6390567	2
5536553	5536554	2
8412303	8610752	1
10684137	10684138	1
1218788	1340917	2
4431544	4431543	1
898311	898284	1
11207452	11207479	3
6652429	6652430	3
5761996	5816829	1
5467325	5467326	1
4206961	4394951	1
11143485	11143486	2
1549238	1512166	2
7995695	7994620	1
12594113	12594114	1
777975	777976	1
2267239	2267105	1
9375977	9361148	2
11485581	11519354	1
665219	537780	1
4469370	4471495	1
846262	846261	3
2012664	2012657	2
6093864	6028262	2
4499580	4501322	1
8078645	8078537	1
7576316	7576281	1
5726153	5726154	1
4079759	4079760	2
11419123	11419124	1
6835979	6835980	1
7664365	7663606	1
7061260	4523664	1
10763376	10763375	1
9696948	9774064	1
6446153	6446221	1
4791529	4696258	1
10584197	10554427	1
5954915	5954916	1
1527766	11938489	1
7864989	7864992	1
9940609	9940584	1
7889011	7889012	1
334000	333999	1
10395101	10395102	1
8456439	8456440	1
4255377	4255266	1
5841924	5864118	1
6796453	6816547	2
8445622	8445621	1
6353990	6354004	2
12691439	12691437	1
7665686	7665626	1
1407960	1407959	2
3895276	3895273	1
9073745	9165594	1
9259548	9259585	1
11624793	11624794	1
6549154	6549153	1
3236529	3238532	1
7424714	7424713	1
9245757	3648648	1
11003733	11047923	1
9010520	9010519	1
12418471	12418472	1
4650892	4650891	1
7665505	7665508	1
7951963	7951725	1
1314839	1293768	1
4160712	4160639	1
7669135	7669136	1
5936579	5936580	1
6835981	6837482	1
12443624	12443623	2
7762887	7709944	2
2437955	2437959	1
5274319	5274391	1
3747281	3747282	2
1554450	1555526	1
7427810	12725985	1
1088762	1087676	1
12712634	12506760	1
8769458	8769127	1
10258118	10258105	1
6491700	6503647	1
2487148	2487147	1
10437519	10423749	1
10620658	10620698	1
9797088	9797152	1
835385	951961	1
8890679	8890680	1
7723015	7814739	1
8338034	8308891	1
11616105	11616106	1
7336423	7336424	1
3202548	3204778	1
11843805	11843806	1
4197092	4197091	2
6926299	6925374	1
7643944	7531127	1
2309263	2309264	1
11998928	12033955	1
2706836	2693059	1
7255959	71532	1
5860529	5860532	1
8428849	8386499	2
11188243	11188244	1
3770722	3759547	1
10322797	10323028	1
3162678	3162677	1
6204971	6196529	1
6738522	6738521	1
1882344	1882343	1
10211013	10210909	1
10243633	10242880	1
10956227	10954241	1
10886253	10886238	1
2570876	2570875	2
11438088	11438122	1
6610739	6582568	1
4603018	4603017	1
7002387	6977291	1
2419626	2419680	1
6847657	6855118	1
8023659	8023660	1
12178715	12129884	2
7645449	7645450	1
11223942	11223939	1
3284460	3317489	1
5843270	5843269	1
611746	611742	1
10352736	10352735	1
12636883	12551434	1
5183357	5183358	3
8746448	8744891	1
6090653	6090654	1
10054152	8364179	1
726862	726861	1
11756340	11753967	1
4112849	4112850	1
11403394	11426834	3
12673725	12673726	1
449222	663458	1
1553735	1551883	2
9323310	1112917	1
1308977	1359879	1
12373578	12373577	1
4535602	4535635	1
12650400	12650547	2
11403297	11402852	1
984246	984245	3
6550357	6550358	1
11719260	11719379	1
2732957	2732958	3
1398579	1398550	2
8516082	8476404	2
9528425	9536027	1
6298842	6298772	1
3657308	3656990	1
10623472	10621859	1
10231901	10231902	1
9673563	9684291	3
11518580	11628744	2
5995274	5995273	1
7065718	7048567	1
9251788	9280395	1
5705508	5702328	1
7599858	11249993	2
8958521	8958517	1
1926180	1926179	1
12262245	12209353	2
720194	774326	1
132709	131628	1
1535684	1535683	1
6848588	6848587	1
12506963	12284417	1
10904576	10904579	1
10349608	10349585	3
6958663	6825942	1
3643346	3643345	1
4101553	4080853	1
9706140	9701864	1
9370299	9370860	1
4733013	4743544	4
9981935	9981936	1
5212802	5212814	1
6514568	6511380	1
11014424	11014423	1
9681026	9681016	1
10965386	10928423	1
10449722	10449719	1
11022028	11022027	1
10611973	10641075	2
5518455	5508539	1
5443245	5368446	1
847066	847065	1
1966642	1959259	1
10593122	10593131	1
11538013	11538014	1
12228165	12228166	1
2729889	2733300	1
2148901	2148902	1
5912804	5912812	1
5582785	5552820	1
11210231	11210236	1
6029780	6029779	3
10836788	10838910	1
1784160	1784159	2
9721459	9721460	1
3307626	3307599	1
4954894	4954618	1
609410	609407	1
11938488	11938491	1
12443626	12443625	2
4791400	4791431	1
9754107	9755719	2
8251004	8189365	1
8890681	8890682	1
504599	407795	1
12432678	12432733	1
575349	575350	1
6105150	6105149	1
4757996	4757995	1
8507324	8507323	1
2371586	2484946	1
7274645	7274646	1
4936781	4987195	1
2517962	2517961	1
11620215	11620206	1
538128	538058	1
1584047	12278210	1
11993724	11993692	1
2406256	2406226	1
12251117	12251071	1
7061070	6982633	1
7446288	7446287	1
7502861	7502864	1
4926931	4925625	2
9745628	9662341	1
9530238	9530237	2
5691870	5691869	1
6813747	6813748	2
11103023	11073677	1
10914467	10913234	1
8466055	8466056	1
505010	505007	1
11666160	11666163	1
1098839	1098840	1
1616139	1616149	1
7378665	7378666	1
2357280	2357277	2
12549878	12657705	1
2501292	2501272	1
11403396	11403395	1
7481109	7481110	1
8684131	8684132	1
9120817	9120820	1
9654378	9658747	1
12766703	12766706	1
5527759	12577086	1
4106948	4106798	1
3199697	3199314	1
5241632	5241631	2
5492898	5492648	1
10709973	10709974	3
7283423	7283366	1
1339049	1219838	1
509766	506248	1
4555774	4556969	1
1869507	1869508	2
8855939	8871389	1
8300387	8300388	1
2616263	2616266	2
5740558	5746886	1
6078121	6078138	1
8333366	8382676	1
4479396	4479403	1
2669345	2669342	2
714392	715414	1
9681022	9701258	1
3390475	3390478	1
7246960	7142283	1
2854703	2854704	1
7099334	7099370	1
3194126	3194125	1
11860479	11860476	1
6787418	6797271	1
10224349	10224350	2
8655232	8654870	1
6539273	6540374	1
495112	495179	1
8767756	8767755	1
3954596	3954593	1
3906181	3906174	1
7474202	7474201	2
6724793	6787201	1
2812552	2812551	2
8380813	8380814	1
2946968	3079204	1
11787132	11787131	4
10353786	10353788	1
11330765	11328619	1
6191759	6191745	1
8008699	8008702	1
7990939	7990940	1
10536035	10556528	1
3519947	3519948	1
11942851	11942852	1
5713761	5713741	1
12760973	12760974	1
11498845	11419901	1
9463664	8437847	1
6624027	6698682	1
932289	932290	1
1394087	1394088	1
3203612	3203641	3
8616440	8616439	1
12012829	12012832	1
11239124	11239123	1
8319784	8317994	1
7566581	7566582	3
2234441	2234442	2
10543662	10543747	1
2166699	2166647	1
6750254	6749789	1
9381330	9381327	1
4216333	4197790	1
1333728	1276401	3
11249992	11249991	3
157287	157288	1
2867659	9548086	1
7773309	7773310	1
6150596	6147097	1
810072	810035	1
8023657	8023658	1
10345355	10325345	3
10449722	10449721	1
7375273	7375281	1
7327247	7327248	1
1377983	1377984	3
4082255	4082256	1
1455276	1469578	1
7583476	7569443	1
10153596	10154280	1
9342932	9342938	1
3812275	3812276	2
7791146	7789881	1
3537015	3537016	1
5183359	5183360	2
4355091	4411584	1
1783275	1783268	1
4392069	4389632	1
8621370	626301	1
1353430	1353427	1
875915	875916	2
7083716	7083713	1
6713210	6713214	1
9430830	9430829	2
5304764	5304763	3
10568075	10568076	1
7216909	7216601	1
12729456	12728192	1
11747615	9254458	1
9931176	9931175	2
12226362	12226361	1
1070991	1071052	1
9076824	9076692	3
2288075	2289693	1
4297307	4369994	1
12362161	12362130	1
1591067	1591068	1
8692189	8692170	1
4198605	4198606	1
2732959	2732983	2
4172137	4172138	3
7665511	7665512	1
1203903	1203904	1
4850315	4846113	1
7480377	7480378	1
6507435	6507443	2
9433371	8417237	1
4711220	4711229	1
5972376	5835524	1
6442472	6401419	1
5496143	3279425	2
4821250	4821247	1
1178433	1178384	1
6744141	6744142	1
7071539	7071542	2
10496512	10487719	1
9878089	9877800	1
8799959	8799960	2
9249851	9249852	1
431947	431948	1
3317737	3317738	1
4523818	6933810	1
6365872	6365869	1
8290806	8290821	1
5277653	5277656	2
3061972	3061990	2
10999013	10999014	1
10500828	10500825	1
2880986	2880566	1
171576	171531	1
10584199	10554427	1
10445526	10445525	1
11177400	11177546	1
10962584	10962616	1
12566404	12566325	1
7797242	7749721	1
6256271	6239883	1
2424582	2422685	1
777977	777978	1
1332898	1336216	1
1339040	1219772	1
5501197	5501198	1
10964511	10964512	2
10763283	10763284	1
4594854	4594828	1
12436960	12436857	1
155652	249402	2
7095750	7095747	1
11021748	11021747	1
9866105	9866000	1
3736121	3735894	1
3266639	3266640	1
3857402	3856762	1
6498068	6379128	1
2424586	2424585	2
8596769	8596770	1
10437517	10437518	1
11120331	10438716	2
129289	117801	1
3595913	3595914	1
9666656	9661191	1
8278691	8278688	2
11979647	11979604	1
9197810	9197735	1
9530240	9530239	2
10477991	10477996	1
11826489	11826490	1
3009754	3009753	1
10886251	10886252	1
3098077	3098078	1
7939035	7939036	1
4521343	4521344	1
2442254	2442251	2
3010807	3010877	3
3028185	3028186	1
6802009	6802010	1
2617212	2617209	1
4673037	4675293	1
11350595	11350596	2
3201949	3218556	1
10912367	10912166	2
7214500	7213515	1
217772	217497	2
2051830	2051829	1
6819893	6819898	1
8904625	8904628	1
7367521	7410672	1
7936859	7936860	1
3858535	3858548	1
9692587	9692588	1
4842951	4749096	1
368772	455032	1
6117421	6117553	1
6192048	6187778	2
999123	999124	1
3764858	3763428	1
9390679	9390872	1
5434618	5434650	1
2017844	2017843	2
8563378	8563611	1
10971931	10965342	1
4079759	4079762	1
6687720	6687719	1
984253	984258	1
10911818	10911807	1
9141298	9063400	1
9007956	9004100	1
7366213	7399272	1
5727669	5727670	2
5623476	5617562	1
12473277	12473089	1
224515	174090	1
6775588	6776111	1
5135907	5145248	1
1790175	1790243	1
585175	585099	1
12736941	12736942	1
5805021	5798864	1
10485837	10612775	1
12776841	12678434	1
9078224	9078221	1
10452109	10452110	1
3448804	3448803	1
3895284	3895277	2
9174725	9019312	1
11098759	11014425	1
8443815	8412884	1
12593638	12621375	1
12158311	12155118	1
6186290	6186263	1
2435330	2435333	1
12176443	12176444	1
288893	288894	1
6480795	6480876	1
4414336	4414467	1
6549379	6549380	1
9307164	9307173	1
9424542	9424541	1
9981937	9981942	1
714682	714681	1
12432281	12205223	1
3568478	3613580	1
6816546	6816545	1
3140101	3139869	1
7909265	7909266	1
11202219	11201139	1
93551	93555	2
8382604	8383006	1
5536555	5541348	3
811444	715695	2
12637946	12637945	1
9534107	9534112	1
1726853	1726854	1
8648845	8650289	1
3200122	3199223	1
6277431	6310210	1
9566316	9566374	1
847064	847063	1
6341853	6341854	2
7909216	7909212	2
3955940	3955830	1
10407287	10407292	1
9045540	9045539	1
6958665	6825942	1
11797694	11797693	3
12487540	12490884	1
5185942	5205977	3
4598361	4598362	1
245568	245565	1
6703639	6704537	1
12190493	12292311	2
11167467	11167452	1
9232828	9232827	3
7038842	7012486	1
908278	908288	1
11933704	11933249	1
3994353	3971618	1
8453297	8453362	2
10685044	10685041	1
11766196	11766195	1
3560658	3560597	1
3278555	3278826	3
9831527	9831564	1
8002140	8002139	2
7827334	7827077	1
614413	614414	1
12145553	12145556	1
306305	306193	1
3268073	4076403	1
5762123	5762329	1
20441	20542	1
3626047	3523159	1
6935179	6935180	1
1880346	1880353	1
6678686	6631985	1
765859	766405	1
4001964	4001963	1
10605313	10610061	1
6138532	6138537	1
3149698	3149695	1
866812	866811	1
551338	565915	1
3974757	3974758	2
2063868	2063839	1
5904115	5904119	1
25957	25958	1
1695296	1699110	3
2075433	2075434	2
4013684	4013716	1
9585025	9585026	1
5572479	3645368	1
1655624	1655623	1
3001227	3001228	2
3101044	3101091	1
11873011	11873741	1
6843097	6953810	1
3677480	3675266	1
167890	174138	1
6453668	6462432	1
4643106	4643119	1
6205001	6205002	1
9921231	9921232	1
6411136	6410605	1
11636886	11636885	1
6055872	6055871	2
12297860	12362475	2
7857913	7857914	1
6813747	6813750	1
5184119	5168328	1
9085065	9085060	1
11109506	11109545	1
4718627	4718651	1
10349584	10349583	3
4112851	4112844	1
3519942	3519941	1
492606	496457	1
11099704	11101459	1
4093489	4093492	2
4161884	4161883	1
1858823	1858824	1
6243120	6243117	1
823120	7140776	1
3733780	3735922	3
342440	343111	1
4048697	4042555	1
81350	81349	1
9001444	8966634	2
11573200	11573199	1
8261592	8261591	1
1548216	1588442	1
7558469	7713156	1
5863335	5863298	1
362718	418850	1
714682	714608	1
9234721	9232829	3
12497237	12497267	2
11819988	11819985	1
9181609	9181604	1
3009752	3009751	1
1459850	1710453	2
7925551	7925758	1
3029468	6205215	1
348585	348588	1
8668963	8773610	1
5858758	5862373	1
4794912	4794911	3
8359437	8461372	1
7639481	6580305	1
3702253	3702254	4
762616	762615	1
10733515	10733516	1
2510682	2508858	1
776191	776189	2
272610	349405	1
10036641	10036642	1
5880352	5849997	1
12373576	12373575	1
11602738	11638099	1
8549469	8562376	2
12432676	12432733	1
10922565	10922566	2
536420	535914	1
5367774	5367773	1
12421858	12247315	2
1339560	1339559	3
6443591	6443592	1
3605383	3464209	2
4397285	4397286	1
3765205	3765206	1
4714962	4714959	1
9705335	9705444	1
270354	262112	3
7465535	7465504	1
9143321	9143322	2
4179072	4180291	2
9637956	9637156	1
2636453	2640608	1
12199659	12200201	1
10914465	10914466	1
3687583	3616802	1
2117259	2117291	1
1717550	1717676	1
7878328	7878346	1
6759688	6759869	1
12286113	12286135	3
10022476	10022486	1
4636428	4629045	1
563133	563134	1
12226364	12226363	1
6983607	6983610	2
2307355	2307370	1
5940531	5940532	1
8723805	3747896	1
10593124	10593123	1
11808106	11808105	1
12575394	4091991	1
10814025	10814088	1
6859378	6859377	2
9307170	9307309	1
4013686	4013685	1
5912804	5912803	1
2971780	2971787	1
10586987	10586988	2
11344218	11343190	1
11263488	11263469	1
9558436	9558323	1
8858851	8858854	3
3644866	3776203	1
11808411	11806189	3
12540941	12540942	2
10452271	10452277	1
4573720	4573719	1
5301659	5301660	1
7630751	7630746	1
4071675	4071946	1
5960857	5961777	1
5526211	5526140	1
4532182	4525409	1
6888891	6888892	1
4384103	4384104	1
7567949	7629555	1
11100777	11100778	1
10213747	10213748	2
7368811	7368812	1
9549071	9546483	1
3741332	3741331	1
10568050	10568049	2
11676675	11676676	1
5987479	5987480	1
1974699	1974694	1
3982566	3982565	1
12039331	12039332	1
8008697	8008698	1
10921942	10921939	1
6759312	6762769	1
6547188	6436274	2
4241966	4202994	1
830507	830490	1
11919000	11918999	1
11383445	11383441	1
6848590	6848589	1
3143679	3143640	2
12736994	12737320	2
3009754	3009751	1
1399390	1706486	1
3716894	3727071	1
5151291	5151286	3
3282113	3920465	1
2459975	2507578	2
4381721	6937903	1
561116	561115	2
6181861	6179992	1
3092005	3092006	1
1456098	1456105	1
1187690	1190757	2
6686026	6686035	1
909830	908526	1
2775816	2775723	1
10930807	11015713	1
10479803	10477990	2
8890677	8890678	1
10100887	10100903	1
3570524	3570535	1
2618312	2552083	1
10293447	10293396	1
6821461	6821455	1
3279213	3278292	2
8963397	8993813	1
11110853	11111392	1
6663492	6663699	2
475561	475566	1
2438357	2438358	2
2584816	2585363	1
234616	234615	1
9908156	10057348	1
2392697	2392698	1
341602	7415529	1
957030	951852	1
7286353	7286357	1
2711879	2813706	1
3638005	3638570	1
6576940	6576939	1
10036643	10035794	1
6144188	6144191	1
11286897	11286898	2
8206204	8335559	1
9010518	8819290	1
10531598	10531603	1
11103512	11120330	2
7844380	7844379	2
3163357	3164448	1
12394190	12394189	1
10625978	10625977	1
2848332	2677234	1
4750269	4752702	1
11833474	11834019	1
7225046	7225036	1
12422657	12422464	1
4849721	4850114	1
6842378	6842377	2
2727535	2727538	3
11855022	11793630	1
11203499	11203538	2
6095567	6095568	1
5313594	5307197	1
10183516	10183515	1
2874389	2874390	1
3545046	3545051	1
8635349	8635350	1
9424545	8422520	2
4834656	4834653	2
8078643	8078644	1
6599553	6600295	1
1889977	1901633	1
2432321	2323672	1
8073068	8067613	2
8015911	8015880	1
10560029	10560044	1
8529272	8610870	1
3018398	3018404	1
6116109	6117551	1
232651	232652	2
2931182	2931181	1
5597298	5439597	1
9005138	9005137	1
12634969	12634970	1
2604886	2604955	2
11592412	11592417	1
10537021	10537316	1
1773238	1772105	1
144788	145107	1
3595915	3595916	1
3009750	3009749	2
12245398	12245397	1
5311354	5311351	1
5843272	5843271	1
3830728	3880111	2
3958505	4026878	1
6304690	6304689	1
9005144	9005143	1
1125578	1125440	1
1137246	1137245	3
3729704	3716531	1
8483862	8483861	1
10759345	10759561	1
4044013	4043983	1
1662688	1571560	1
1188487	1188488	2
3770789	3770790	1
10763378	10763377	3
12458477	12458701	1
8808227	8804490	1
1718532	1718531	3
6704180	6704194	1
9705409	9705399	2
3715660	3715659	1
10268248	10232623	1
974794	1023529	1
3895272	3895293	1
12510259	12510260	1
2509567	2509568	1
888988	888263	1
10008218	10008217	2
3395376	3395373	1
3702871	3707271	1
2267274	2267273	1
8441564	8440676	1
11942347	11942350	1
11706148	11706051	1
3895276	3895293	1
2211694	2211697	1
6450543	6454028	1
5695464	5695463	2
12725830	12742282	2
10419463	10419464	1
12181613	12181614	2
8919650	8919664	1
1832836	1764517	1
8582057	8584800	1
2482071	2584765	2
1858819	1858822	1
3895288	3895285	2
9058977	9059022	2
5071865	5071866	1
3215303	3215304	1
3889759	3889781	1
11442831	10184668	1
10373548	10373547	1
11287710	11287688	1
11531762	11583512	1
9729586	9729585	2
10836910	10836984	1
3993506	3993505	1
2518900	2517770	1
2524188	2467415	1
275803	278480	1
8518784	8519020	1
6643714	6642451	2
11508609	11508611	1
11641317	11453546	1
5711741	5711692	1
9975395	9975396	1
6686300	6686291	1
6442472	6442471	1
6729793	6642100	1
157346	157286	1
477381	445009	1
2902187	2902147	1
9078220	9078219	1
11632903	11632904	1
4834652	4721852	1
5958911	5958912	1
9445492	9511759	1
1046926	1046917	1
11617470	11617469	1
7015097	7015296	1
6204969	6204970	1
7665509	7665510	1
9185672	9182465	1
973286	1016351	1
5183357	5183360	1
11390141	11390147	3
5705508	5705507	1
12353761	12353762	2
265245	265246	1
2293445	2362349	1
9787240	9787347	2
9862199	9857538	1
3807394	3807442	1
8298954	8299107	1
3733782	3733781	3
2183360	2183638	1
2884765	2884766	2
9679450	9679465	1
6686710	6686692	1
4746706	4746699	1
9768496	9768495	1
3204838	3204837	2
12689174	12689113	1
5590393	5590394	1
5503501	5503743	1
11538015	11538083	1
804608	804611	1
11444165	11444166	1
838171	908897	1
1077761	933910	1
8254167	8254162	1
345026	345343	1
6032553	6032556	1
7481107	7481108	1
3014061	10407286	1
9878035	9878037	1
8370451	8370452	1
7177116	7177211	1
2764614	2811988	1
4819775	4819776	1
11959691	11959684	1
7669137	7669140	1
12514946	12612449	2
6491568	6491656	1
5221649	5221771	1
11067666	4433661	1
987854	987845	2
6652427	6652428	3
10360752	10447119	2
9905583	9905584	1
91790	91785	1
10313951	10313954	1
6083284	6083283	2
12254311	12254312	1
2582983	2582703	1
9024585	9024586	1
10017367	10017368	1
1612443	1668340	1
10280470	10280469	1
11628514	11628536	1
6726422	6726391	1
12324669	12324670	1
11987239	11987240	2
8192290	8192914	1
9965729	9965800	1
11167467	11167450	1
5048445	5048446	2
4056630	4056615	1
7523113	7617210	2
381145	381160	1
11383440	10213746	1
10965133	10964510	2
3129698	3129697	1
4013686	4013716	1
1361009	1361006	1
11984326	11984325	1
1893659	1893565	1
7424716	7424715	1
11269929	11269930	1
5884816	5884821	1
3242372	3239924	1
2568444	2568461	1
5913233	5913870	1
9579226	9579225	1
5004958	5004981	1
11015792	11015790	1
5123062	5123061	1
10050559	10050573	1
7476259	7476190	1
2752938	2752959	1
11239128	11239125	1
1348514	5211824	1
8104594	8104646	1
1461900	1508221	1
1309423	1309444	1
11307607	11308838	1
11546896	11546860	2
4572892	8926589	1
4870719	4870683	2
11490374	11435821	1
10946268	10946266	2
8447952	8448469	1
570519	565762	1
8773089	8700374	1
10211011	10210909	1
5355808	5353977	1
11443541	11340582	1
5726472	5726471	2
6512091	6696963	1
3508089	3506731	1
11303394	11303124	2
1797343	1797346	1
7117193	7117208	2
4724562	4724561	1
9814289	9814290	1
1763707	1759964	1
1979040	1979039	1
1463374	1551546	1
5756725	5756726	1
3328929	3328930	1
8570006	8570005	2
5018614	5018611	1
10310342	10310341	1
11434784	11426351	1
5702332	5643442	1
10630957	10630958	1
2507579	2507580	2
8827536	8967437	1
933789	933790	2
2642530	2642542	2
6467176	6467175	1
9585023	9585024	1
8580269	8581597	1
2401524	2401511	1
12048171	12048172	1
11165656	11165617	1
9006171	9006172	1
9465414	9465412	1
8444389	8444390	1
3460086	3462378	1
11167465	11167450	2
7079640	7079639	1
10004803	9893495	1
6554748	6554747	1
10616045	10616046	1
4484917	4484909	1
12738344	12738800	1
1900373	1900374	1
9486319	9486320	1
5669975	5669985	1
12012831	12012832	1
1653805	1653763	1
2992200	2992199	1
12209350	12209349	2
5897068	5909493	1
6490963	6490968	2
9704465	9704466	1
12489130	12489129	1
10233830	10233829	1
5317153	5317163	1
11198414	11198114	1
10975646	10975688	1
1024000	1023974	1
5020935	5021128	1
9083721	9083708	1
5892940	5793019	2
768933	768924	1
7499604	7524856	1
2857023	2992732	2
11169737	11169724	2
11213724	11213700	1
6105150	6105147	1
9329325	9329326	2
11214489	11215144	1
6437551	6437552	1
2459975	2507580	1
5890652	5890651	2
6323380	6330063	2
1105519	1105520	1
6889932	6889616	1
4810060	4810059	1
7002946	7002945	1
6752000	6751999	2
10116129	10116130	2
1479793	1633541	2
5860657	5860658	1
5439306	5429078	1
5731626	5731054	1
9124286	9124273	1
6941222	7041547	1
6597617	6597646	1
1882432	1882431	1
602550	602563	1
4596325	4596326	1
10068689	10068690	1
12698157	12697902	1
11522398	11524597	2
11894822	11895094	1
10116131	10116132	1
7171639	7171641	1
6243116	6243542	1
5724909	5724897	1
933791	1077760	1
12410691	12410692	1
12539182	12539312	1
3602103	3602104	1
7862963	7862966	1
2732955	2732956	3
5311157	5311137	1
11087215	11087216	1
8104774	8101217	1
3949738	3949737	2
1590179	1590291	1
7939771	7939772	1
11261827	11261830	1
1060521	1060915	1
5978532	5978535	1
10503479	10577214	1
9884567	9884568	1
10492821	10493270	3
10183518	10183517	1
4027939	4027983	2
3684796	3684795	1
12438059	12438055	1
8845885	8845860	1
3765853	3621987	1
9156373	9156398	1
7345449	7345414	2
3650494	3650770	1
5600730	5600727	1
3018955	3018956	1
1288407	1288408	1
3561741	3561833	1
9753665	9753666	1
875901	875904	1
2218894	2150037	1
12308440	12308439	1
12634351	12634352	1
7823518	7823500	1
6129368	6129367	1
10375709	10376433	1
2850227	2849938	1
5952260	5952259	2
5568795	5568796	1
10165360	10165359	1
8167000	8166887	1
11584677	11518468	1
9119589	9119590	1
4867245	4867256	1
2267237	2267238	2
1748881	1748898	1
7734442	7734451	2
3058662	3047386	1
937351	526422	1
11270455	11270456	1
1518427	1524330	2
6876180	6876179	2
3749192	3749191	1
7056076	7056073	1
5301661	5191494	1
2177950	2256222	1
1609209	1615545	1
3730211	3730209	1
10578939	10578936	1
6835977	6835978	1
2017847	2017848	2
12659466	12658728	1
448216	448213	1
1121843	9314491	3
7245544	7245543	1
1515914	1515913	1
6570360	6575988	1
12761515	12761584	1
4744185	4744186	1
10763285	10763286	1
5517582	5517581	1
7121933	7122029	1
4540701	4540702	1
7317227	7317228	1
10283432	10283431	3
11960280	11960279	1
7601012	7601128	1
6562377	6562559	1
5902869	5726473	3
11766198	11766197	1
5120030	5120029	2
6796668	6796667	1
3143774	3077828	1
11400166	11400165	1
10248445	10248446	1
4298314	4271652	3
1872662	1872645	1
12421889	12421861	1
5958913	5960889	1
947907	947894	1
4764062	4666667	1
2929698	2929574	1
5055396	5102862	1
9000722	8957242	1
8608281	8605330	1
6687725	6687721	1
3141429	3141402	1
7002416	7002415	1
6813579	6813746	3
6020497	6020500	1
11123327	11123269	1
9928361	9928362	3
8804125	8804126	2
7669141	7669142	1
6220620	6220705	3
5069749	5069750	1
6780491	6780487	1
4689729	4689602	1
5491042	5490990	1
9960558	9960527	1
9930776	9930795	1
4076296	4076612	2
6289020	6243594	2
8086647	8086648	1
1669798	1625078	1
8468852	8470574	1
380027	380028	1
1085633	1085634	1
3193340	3192546	2
12520869	12438056	1
348589	348590	1
10901072	10901069	1
10227468	10148368	1
10901070	10901069	1
8464822	8464793	1
3728057	3726703	2
6549152	6549147	1
3162480	3162479	1
2222095	2222096	1
4405192	4405149	1
4702848	4560514	1
2694338	2694337	1
7052494	7052389	1
3598966	3598965	1
9939349	9939833	1
2732953	2732954	3
7018071	5849997	2
8579808	8579798	1
2617214	2617213	1
11666162	11666161	1
9559601	9559602	2
11836973	11836974	1
3199229	3200123	3
11205665	11205642	1
8916946	8916941	1
7490601	7462696	1
10447118	10447117	2
11616563	11618300	1
11487259	11575412	1
8643733	8651624	1
1394006	1301218	1
1419036	1260166	1
6880897	6882841	1
4596324	4596323	1
6616738	6640043	1
7965705	7965777	1
11607014	11607013	1
3588668	3589475	1
11202712	11202709	1
3742380	3683344	1
9166154	11988262	1
5678929	5678930	2
8156633	8156612	1
407917	407919	1
8843501	8840800	1
5151816	5151147	1
7425094	7425091	1
8781296	8781295	1
6921193	6919092	1
5983850	5983849	2
6948405	6855318	1
5908089	5908090	1
11787134	11787133	2
9499567	9499550	1
5513193	5513211	2
486428	486427	1
2014157	2015060	1
457165	338561	2
5336838	5336848	1
9508550	9511768	1
12259791	12125181	1
5630537	5630538	1
8731548	8731477	1
1489560	1489373	1
2017846	2017845	3
7367333	7367334	1
10322151	10322152	1
2568086	2559557	1
6343800	6344294	1
4194150	4170312	1
11166084	11166098	2
11932875	11932880	1
7911773	7911582	1
4259807	4262125	2
6921698	6926050	1
3158565	3158532	1
418200	418206	1
3731301	3687908	1
11780284	11780281	1
1709331	1709332	1
6679965	6679966	1
9239754	9239753	1
6144190	6144195	1
4550275	4550276	3
842310	842369	1
8078641	8078642	1
10231897	10231898	1
9601741	9601742	1
3888448	3888447	1
6109224	6109223	2
4442621	4442622	2
10273851	10273852	1
4676222	4676221	1
8161831	8226476	1
9706407	9706408	1
3405411	3516239	1
9440530	9604051	1
7275359	7275360	1
682779	682780	1
11984332	11984331	3
9183023	9182998	1
8301428	8301427	1
9522440	9522708	1
4124427	4124428	3
2537310	2537340	1
1497160	1451322	1
11093363	11093366	1
10044210	10090867	1
3229673	3229674	1
2234351	2234352	1
6138155	6138156	1
8980058	8980057	1
7275179	7264832	1
2392699	2392424	1
5021457	5021458	1
10423336	10423513	1
6276026	6276016	1
5260905	5256049	2
6138157	6059911	1
4198575	4198604	1
11583149	11649852	1
3352691	3352695	1
710466	710465	1
1335316	1335270	2
11273299	11276741	1
9247736	9262421	1
12811343	12811344	1
11383445	10213746	2
2711732	2750879	1
5974835	5974812	1
1941044	1941043	1
10425451	10425452	2
3216611	3216612	1
8948185	8948284	2
3602097	3602100	1
3677482	3677481	1
6859380	6859379	3
10296829	10296705	1
5888661	5888664	1
9527922	9527921	2
5528706	5513800	1
1190756	1190753	2
10150497	10150498	1
3339889	3339964	1
2838686	2838685	1
3993508	3993507	1
9828830	9834668	1
7156300	7155721	1
5776228	5798415	1
5805021	5805022	2
9688275	9709048	1
12765234	12765247	1
5690947	5690948	2
6220622	6220621	4
5784952	5786652	1
5301659	5191494	1
10104360	10102780	1
12202414	12202413	1
11172707	11172708	2
11383445	10213748	1
6132254	6132253	1
7716733	7716734	1
12202546	12202545	1
2569216	2577274	1
10684135	10684136	1
3303169	3303182	3
897150	898092	1
6125070	6125069	1
11591312	11586091	1
4432752	4432758	1
10947595	10947596	1
9374119	9374145	1
8362693	8362959	1
6443593	6443594	1
11984330	11984327	1
11728051	11728429	1
12557036	12538794	1
10287711	10287716	2
10419677	10419678	1
9755403	9755479	1
4724297	4724305	1
10198045	10170468	1
9473467	9473468	1
7303602	7253703	1
9392353	9392340	1
8304520	8304708	1
10434133	10434152	2
2927150	2933820	1
5133731	5133732	2
7648553	4265735	1
12554216	12554215	2
8420836	8345773	1
8043041	8043042	1
9504211	9468955	1
10209896	10209892	1
3028183	3028184	1
8722570	8711247	2
10449720	10449719	2
3149700	3149699	1
3888450	3888449	1
4733011	4733012	3
1062374	1062402	1
5095015	5095012	2
6488619	6488620	1
7361463	7361464	1
7078546	7078575	1
8507322	8507319	1
1568585	1568586	1
3118541	3118452	1
871635	866813	1
8401780	8401779	1
11357836	11357835	1
7246134	7256738	1
3462244	3462198	1
1330464	1330463	1
1189425	1189409	1
7378667	7294633	1
1394177	1394084	2
11122129	11021995	1
8379075	8379092	1
999121	999122	1
10456642	10456639	2
8511901	8512741	1
9148303	9148312	1
6166329	6166330	1
4167725	4167554	2
12228167	12228168	1
1051874	1051868	1
9010808	8908139	1
10731662	10731659	1
5009462	5009440	1
9786313	9773421	1
2714152	2714175	1
200494	327212	1
2351093	2351035	1
6857239	6857240	1
6143613	6136894	2
6655018	6655017	1
5020933	5020934	2
8609581	8609582	1
7691903	7754929	1
642007	642023	1
10898078	10898077	1
7850474	7850473	2
7015466	7015465	2
5313605	5313601	1
6837577	6837600	1
660473	660467	1
3651266	3651265	1
6033137	6033138	1
6357963	6353887	1
8361929	8361930	1
34388	47412	1
2247045	2247182	1
1438407	1438251	1
2519742	2519803	1
10625976	10595981	2
5478133	5478136	1
12775643	12775646	1
11860481	11860476	2
10898076	10823594	2
7338801	7338745	1
9937544	9887905	1
7121946	7121900	1
9483010	9483016	1
9908638	10105709	1
11776807	11776808	1
9103658	9082617	1
10648995	10736611	2
9512214	9512213	2
11733173	11733174	1
7026812	7026757	1
4167555	4167556	1
274402	124905	1
1393526	1433478	1
5958354	5958353	1
2542278	2529917	2
2561833	2617659	1
998503	998508	1
1243435	1243436	1
12191887	12191901	1
9537391	9537412	1
3131587	3131657	2
4187996	4188034	1
11206777	11206778	2
12166415	12166416	1
12485734	12543686	1
2982319	2982349	1
7645451	7645402	1
11199939	11199940	2
11210229	11210230	2
3544829	3544872	1
7157049	7153474	1
7395864	7395861	1
6152141	6139706	1
7572596	7572548	1
5365465	5365460	1
5157255	5157256	1
11662600	11662737	1
2040603	2040573	1
5649723	5649653	1
2414222	2405223	1
12750200	12747919	1
762612	762611	1
4695746	4695740	1
6739497	6739500	1
807338	807367	1
3651264	3651263	1
1268269	1267504	1
3307621	3307622	1
7255596	7255595	1
10971122	10971121	2
3511035	3507414	1
2001666	2001665	1
9381930	9381929	2
11556476	11556305	1
12491400	12491399	1
4829737	4725082	1
5275617	5275618	1
5805023	5798864	1
3428904	3428901	1
6196290	6196289	1
7583063	7583060	1
9789400	9789399	1
9884569	9884570	1
7276674	7400112	1
9429546	9429532	1
8735170	8737266	2
8830807	8823604	1
1981858	1979204	3
7909218	7909217	2
6520450	6805550	3
3595909	3494262	1
11088191	11088192	1
11797692	11797691	3
11858467	11858461	1
5070753	5070754	1
8628242	8628294	1
8416853	8416842	1
9249881	9249850	1
10720301	10720309	1
12412817	12384372	1
6972178	7054699	1
3286651	3286773	1
11674819	11674820	2
12765213	12765214	2
12420128	12420097	1
1398416	1399038	1
729810	729812	1
9119424	9119423	1
4673821	4575638	1
6171552	6165059	1
6583935	6583938	2
12181615	12181627	1
2976443	2976445	1
11856538	11856535	1
7424973	7424974	1
5841926	5841925	1
1802816	1802830	3
4093491	4093116	1
10519567	10596711	1
5593377	5593380	2
2174038	2174606	1
1051874	1051870	1
232660	232659	2
1339743	1339561	2
2442475	2442476	1
3489221	3489222	1
3885290	3891173	2
7264945	7264946	1
8799533	8816987	1
1568587	1568588	1
9918109	7818505	1
5313600	5313597	1
10258093	10258085	1
7367332	7369271	1
7925769	7925770	1
11166259	11166260	3
3622018	3684797	2
9745430	9660364	1
1918104	2031177	1
11143487	4604860	1
6872606	6872605	1
10400709	10400695	1
10888983	10812792	1
12621785	12616158	1
11556476	11556303	1
1709010	1709013	1
418549	418550	1
2452127	2380504	1
5193578	5193546	1
12261528	12261558	1
11672660	11672659	1
6666227	6666228	1
3244040	3199554	1
1424558	1424553	2
1198774	1198777	1
10931653	10928021	1
8290158	8290157	1
4566775	4560977	1
4559535	4559551	1
4774564	4758669	1
8304158	8304179	1
8735172	8735171	2
11267232	11267231	1
6376602	6376601	1
11636880	11636877	1
10551233	10551228	1
5489741	5487836	1
5256514	5301132	1
2203188	2221963	1
5284743	2099759	2
5070751	5070752	1
10097434	10097433	1
3648929	3648930	1
8266953	8266948	1
10987389	11035997	1
11477327	11370622	2
5756741	5756742	2
1799940	1799869	1
1085631	1085632	5
3377984	3377991	1
6766934	6691275	1
1627845	1627846	1
8275566	8286773	1
1726851	1726852	1
10548950	10546855	1
2792529	2807047	1
272612	272611	3
6862607	6862608	1
8380813	8380816	1
3367993	3368173	2
8257640	8191913	1
503340	503339	1
9520308	9520212	1
1362973	1362929	1
8189364	8155981	1
10095559	10094813	1
5275622	5275621	1
8291059	9318120	1
9080338	9164543	2
12686360	12686914	1
6983605	6983610	1
7652013	7518525	1
1933824	1953739	1
12501560	12501591	1
575347	575348	1
5224890	4041413	1
10070151	10140079	1
3049309	3049370	1
8017534	8020105	1
4865903	4865904	1
8369190	8368883	3
4627820	4627826	1
1006824	1113290	1
7962604	7962804	1
3090465	3090462	1
6150098	6150697	1
9609729	9587878	1
4385240	4385251	1
11393973	11393974	1
2422257	2422260	2
5394217	5406519	1
11965132	2447354	1
8920222	8920221	1
3646722	3775315	1
12768328	12768271	1
3758870	3758869	1
3084499	3134785	1
272304	240324	1
5058801	5058802	1
9594248	9594251	1
178025	177998	1
5190762	5190767	1
12746789	6789653	1
11505921	11505922	1
12686916	12686915	1
9814287	9814288	2
811950	850164	1
82300	82330	1
12554214	12554213	1
776190	826795	1
1930810	1928998	1
5885842	5885840	1
1742292	1742291	1
7878056	7878124	1
868680	4023595	1
10087945	10085835	1
3250397	3250398	2
3054057	3317227	3
4329525	4328383	1
10425453	10425450	3
9503028	9503674	1
6005625	6005626	1
3457378	3457304	1
4359413	4391845	1
7225345	7225346	1
3507528	3507533	1
11167451	11167452	3
8545630	8545626	1
4809603	4809604	1
11198430	11198375	1
3643348	3643347	1
9666660	9666657	1
8633138	8633154	1
11719683	11718664	1
12755937	12716415	2
8179590	8179589	1
8791679	8790933	1
11733770	11733920	1
771891	785260	1
9151767	9151751	1
10231899	10231900	1
8990120	9139795	1
4714599	4714652	1
9302473	9302469	1
7186205	7186206	1
3684796	3684793	1
6137762	6090168	2
2706852	2706851	1
4252585	4250526	1
8858849	8858850	1
12562805	12562837	1
12473088	12473087	1
3866864	3866784	2
12286656	12286512	1
12410689	12410690	1
10310344	10310341	1
7226635	7226798	1
10547362	10547361	3
3173667	3173699	1
11400164	11400163	1
2633258	2767755	1
438841	438842	1
5355210	5355668	1
11968490	11968497	1
7472291	7472292	1
5505341	5445568	1
3067461	3067378	1
3826722	3937954	1
7925771	7929852	1
10643172	10594434	1
9381928	9381927	1
1974697	1974698	1
5048443	5048444	2
11860479	11860480	2
6196288	6196284	1
2287925	2287926	1
4695741	4695744	1
7869219	7869186	1
4084404	4059231	1
5280106	5493850	1
12340425	12340426	1
10434695	10419462	1
8801736	8751837	1
2437194	2335083	1
8038478	8038475	1
3305380	3305409	1
4442623	4442680	1
9915701	9915695	1
791529	1346983	1
6090655	6090656	1
3061974	3061973	1
10767002	10767001	1
8150185	8150186	2
78888	78930	1
4738933	4738605	1
2482694	2483429	1
10814898	10814935	1
333542	333534	1
4093489	4093490	4
3925280	3925279	4
9792111	9788065	2
5630535	5630536	1
10438666	10438665	3
7246136	7246135	1
1724696	1724695	1
5769753	5839095	1
12530698	12530697	2
10310344	10310343	1
12151111	12151126	1
2159189	2159190	1
757206	703063	1
5511895	5511896	1
11167465	11167452	1
9932984	9932983	1
10094350	10140434	1
10901072	10901071	1
12251115	12251116	1
11910414	11910412	2
338560	338559	2
7361461	7361462	1
5691872	5691871	1
12049200	12200082	1
4124429	4124443	3
6906326	6906304	1
3302538	3305252	1
9788064	9788063	2
906679	905683	1
3657456	7234614	1
1989869	2047241	1
6109226	6109225	2
1336637	1336640	1
10717144	10717143	1
5228966	5228730	1
104166	98484	1
946960	881296	1
11086299	11219345	1
12131409	12202415	1
5275624	5275621	1
6166331	6166371	1
7716731	7716732	1
7474200	7474199	1
7977871	7977872	1
4832653	1373376	1
7774216	7774215	1
415522	415521	1
443249	445379	1
11014638	11014636	1
3473561	3474492	1
2702438	2712913	1
918079	918080	1
11489226	11489194	1
8881905	8881906	1
509768	509767	1
4794910	4794906	3
7338222	7338225	1
3196644	3196646	1
7309695	7286412	2
10598575	10532903	2
10543032	10543031	1
2234358	2234350	1
9003622	9045541	1
3684794	3684793	1
757524	757483	1
5871410	5871417	1
663651	663660	1
8006488	11413445	1
10471349	10473351	1
714680	714608	1
6533936	6533844	1
9684290	9684289	2
7129675	7129676	2
7567947	7567948	1
4370005	4369357	1
5740560	5740559	1
8224505	8224506	1
5936324	5936323	1
4565331	4565332	1
10112120	10113858	1
10075973	10075878	3
10670778	10662968	1
2249861	2249862	1
3354635	3359313	1
8886268	8886323	1
8398481	8398213	1
7125318	7242577	1
5056540	5056538	1
5550664	5549839	1
6049	6050	2
5375203	5375021	1
1742660	1736879	1
7840819	7748015	1
11276759	11273295	1
3779094	3778404	2
9982437	9982378	1
10568048	10568043	2
8023657	8023660	1
10416138	10416158	1
4122440	4122591	1
9424544	9424543	1
7609231	7605700	1
5709609	5709610	2
10997866	10997966	1
9908158	9908157	1
12209352	12209351	2
11657715	11656561	1
9254459	9255352	1
11581384	11449255	1
2321509	2321510	1
9807940	9807969	1
10703860	10703857	1
4105649	4105283	1
3402975	3403398	1
1804451	1804628	1
391010	375460	1
5048447	5048448	2
12482243	12723764	1
775494	774042	1
10709975	10709976	2
11566896	11411050	1
7820353	7820339	1
6274104	6274182	2
12458525	12458534	1
11636876	11636875	1
297943	299310	1
8315857	8315624	1
5434732	5434729	1
10376490	10376493	1
4523977	7063958	1
2437958	2437957	1
6562373	6562374	2
10499100	10499068	1
4407866	4407865	1
2760017	2760007	1
3141885	3141076	1
4038783	4038745	1
9635843	9594255	1
5918695	5918696	1
5229778	5229781	1
9564423	9564389	1
1080116	4938542	1
3194128	3194127	1
2414727	2414728	1
10280468	10280286	1
4093493	4093116	5
7354119	7274644	2
12761929	12763616	1
7853000	7741970	1
6138552	6144194	1
11907150	11907149	1
7841043	7744204	1
12775647	12775648	1
4077806	4077832	2
1023604	1023583	1
1467447	1467448	1
4865905	4865906	1
6539103	7093190	2
3328927	3328928	1
846260	846257	2
1322059	1322060	1
3765203	3765204	1
416855	416845	2
6761354	6761353	1
5872085	5870310	1
3750467	8769652	1
11021046	11019329	1
6115303	6115300	1
7270966	7271006	1
9143528	9167692	1
4644726	4643867	1
6105148	6105147	1
9137522	9140413	1
12388750	12374753	1
12476773	12476774	1
620606	620588	1
5666643	5666469	1
12799565	12799521	1
6642450	6642453	1
4216445	4216582	1
1370698	1368825	1
5902640	5864864	1
10352736	11214933	1
12200083	12200084	1
3114373	3114775	1
6227338	6235919	1
4698026	4698042	2
3076521	3076529	1
7354117	7354118	3
2675452	2675451	1
3464637	3751159	1
12154660	12254310	1
9264547	9264640	1
7718812	7718819	1
8565991	8565936	1
8013309	8013288	1
7098427	7098430	1
4746706	4746705	1
12229966	12231481	1
6571439	6571536	1
1784158	1784125	2
7871881	7873793	1
5927205	5927206	1
1356255	1356256	1
11316023	11313797	1
10163977	10000237	1
933791	933910	1
6032434	6032391	1
4498437	4481662	1
8295015	8295305	1
3359711	771579	1
12735061	12725365	1
2669343	2669344	2
5912802	5912812	1
10971124	10971123	2
2957970	2957972	1
868742	868736	1
7767890	7763927	1
5661499	5661500	1
2266102	2112401	1
10585532	10585531	1
8044743	8100266	1
9003622	9045539	1
5309935	5262536	1
10391612	10391611	2
4521345	4521346	1
1323455	1323456	1
2137818	2137817	1
9767843	9767908	1
8639135	8655578	1
12308438	12308437	1
6618860	6618834	1
11461679	11493777	1
4815122	4815114	1
7312288	7312287	1
10547364	10547361	1
3590937	3590938	1
9068065	9143320	2
10838953	10839068	2
12432678	12432677	1
4876032	5050472	1
6827667	6819892	2
10475615	10475641	1
1722776	1722775	4
5722799	5723307	1
3954570	4036684	1
2175567	2056477	4
10616043	10616044	1
7686406	7687242	1
13396	13407	2
6554746	6554745	1
11965521	11965522	1
11623505	11623506	1
348016	462268	1
2538086	2538085	1
9146252	9146255	1
7693095	7598028	1
9360005	9360024	1
2294438	2347048	1
11148488	11148487	2
8749820	8749819	1
10419339	10316628	1
10584811	10584812	1
7936857	7936858	2
7150752	7150751	1
123316	123315	1
9349518	9349517	1
3678453	3726749	1
11965523	11965524	1
11648616	11510567	1
5695016	5678931	1
6547729	6547730	1
8059378	8051543	1
8379701	8379691	1
438843	438840	1
10068687	10068688	1
7541203	7541204	1
9928363	9928364	2
6557557	6552657	3
6813579	6813748	1
6562375	6562376	2
10420628	10420713	1
1046268	1046261	1
5094107	5094108	2
2884763	2884764	2
486426	489101	1
6298108	6298111	1
7823868	7823875	1
5123058	5049470	1
7279028	7279027	1
6090657	6090658	1
3001229	3001230	1
7841113	7841458	1
10868718	10869076	1
3560675	3560913	1
10291473	10178657	3
7934387	7934544	1
4746704	4746699	1
472645	426119	1
8494096	8494064	1
12804019	12554217	2
1332904	1332901	1
2137936	2138156	2
3749573	8819695	1
3890997	3376041	3
2657308	2642543	1
6703053	6703048	1
11454199	11453950	1
3014061	10407292	2
10887490	10887618	1
10301829	10301821	1
12790430	12661269	1
3690288	3690299	2
12154660	12254312	1
4197090	4197089	1
9428627	9428628	1
8046283	8047363	1
8888666	8888643	2
4541541	4541542	1
3805467	3805468	1
2135538	2135540	1
9424544	9424541	1
4061166	4062811	1
7820353	7820341	2
7161653	7161627	1
6534494	6534502	1
4482221	4482222	1
4050290	4042603	1
7335522	7335524	1
6880196	6880896	1
10549023	10548796	1
8553109	8553110	1
6442470	6401419	1
8792287	8792288	2
8040877	8041220	1
10937117	10937118	2
7049810	3518987	1
5727671	5727672	2
1467449	1467450	1
2515941	2519690	1
9982011	9982012	1
11556304	11556303	1
8384032	8434100	1
7581066	7580538	1
8727621	8728250	1
7748497	7840600	1
2666197	2666198	1
6317589	6317590	1
6942058	6942037	1
984247	984250	1
1783320	1783319	1
863424	863589	1
12530696	12530695	2
12006111	12006126	1
715956	715682	1
6295625	6295626	1
6192612	6192947	1
3999267	4001963	1
8016642	8016616	1
11384956	11384955	1
10034105	10030487	1
11623507	11635837	1
7224263	7337250	1
478179	561117	2
4714635	4714636	1
2516976	2516102	1
10919672	10919603	1
1591072	1591069	1
6876105	6876106	1
7354119	7274646	1
6958663	6958664	2
11146761	11146762	1
380025	380028	1
10273849	10273850	1
5122257	5122258	1
1482249	1515915	1
1712700	1712706	1
11719020	11719007	1
380025	380026	1
5245802	5244476	2
12348078	12525740	1
416922	416921	1
3296790	3855936	1
5724528	5689414	1
2478951	2478952	1
11555104	11518583	1
10619716	10619693	1
3022367	3049325	3
2721282	2738502	1
675311	675312	1
7665505	7665512	1
999824	1046582	1
195475	195476	1
11167465	11167466	2
1051869	1051870	1
9265646	9265654	1
3814211	3781509	1
272610	272609	1
11416522	11417786	1
1368356	1449836	1
6413519	6413520	1
8811431	8818165	1
11507977	11507964	1
8274790	8274780	1
8470496	8470446	1
11567951	11450737	1
640191	640158	1
5690945	5690946	3
3390479	3390480	1
2812550	2812549	2
2127345	2127371	1
5352729	5352755	1
1355164	1355169	4
5863089	5772419	1
9658018	9658200	1
10839069	10839070	1
3402882	3402890	1
6497164	6497163	1
1137380	1154591	1
9166353	9160812	1
8442151	8442152	1
6277872	6279580	1
9518999	9518906	1
2464686	2464685	1
9732718	9732733	1
2009024	1871162	1
8049210	8049370	1
5269497	5269420	1
3928519	3928502	1
1399392	1399391	1
3633211	3633212	1
6960085	6960123	1
11471148	11471147	1
4492397	4491269	1
2013345	1233949	1
3514857	6978281	1
679037	679038	1
3199222	3199221	1
10818475	10817934	1
12790966	12723357	1
9616776	9749275	1
743955	743797	1
10743267	10743196	2
4285562	4254035	1
11335630	11335640	1
11465337	11521654	2
10675890	10675928	1
12166417	12166418	1
5843272	5843269	1
11198374	11198373	1
7395857	7111878	1
2191508	2103706	1
9005136	8919881	2
6275297	6243383	1
3402968	3403014	1
2418744	2418743	1
10519033	10519034	1
5488221	5488222	2
9169000	9168999	1
3884117	3740910	1
3747279	3747280	2
7245712	7245616	1
1575013	1575010	1
2367306	2367305	1
2749373	2749380	1
12460033	12460036	1
12283539	12283540	1
7052924	7052923	1
2132996	2132995	2
7079638	7091022	1
11452866	11447373	1
3595910	3595896	1
3266732	3266739	1
10528368	10528371	1
7686408	7686407	2
10097432	10097431	1
6752578	6752542	1
2352859	2478950	1
6249902	6487924	1
7716727	7716730	1
118952	118955	1
2752931	2781269	1
675193	675194	1
6859382	6859381	3
11708502	11797686	1
8015909	8015910	1
4093491	4093492	3
3018768	3016265	1
8205642	9272905	1
1877661	1877662	1
8668962	8773630	1
2317786	2317781	1
8277469	8179591	1
6855635	6855636	1
5657607	5657573	1
9954473	9936973	2
6055743	6047992	1
5222011	5192652	1
200347	11370949	1
7936855	7936856	2
11984328	11984327	2
1482249	1515913	2
777974	689218	1
4224186	4224175	1
3519949	3519950	1
1605401	1602065	3
10423512	10423511	1
5014946	5014949	1
1825787	1825788	1
12165909	12165910	1
2519232	2519160	1
12346048	12345739	1
11910977	11927976	1
777975	777978	1
846262	846257	1
8993941	8993942	1
6312764	6313258	1
11573682	11564475	2
10498336	10499007	1
654809	654874	1
3080096	3080095	2
966394	963853	1
1876775	1876776	1
11856540	11856539	1
2825309	2708014	1
656544	672084	1
9854570	9883685	1
4855111	4855112	1
609487	626737	1
8289946	8289537	1
8955474	9033189	1
2012656	2012655	2
1830823	1824037	1
6991141	6992054	1
6983605	6983606	2
2720769	2719784	1
6724791	6724792	1
8380709	8380702	1
10397696	10397693	2
3565265	3565274	1
11041582	11041465	1
2249863	2249866	1
6819897	6819898	1
2585742	2585731	1
10213722	10213726	1
12049202	12049201	1
10965133	10964512	1
9389137	9389170	1
11321389	11321318	1
12530694	12530693	1
3029470	6205215	1
12527961	12527962	1
3733784	3733783	3
273448	273447	1
771048	696842	2
12138385	12339215	4
6813749	6813750	3
1184001	1184002	1
926779	927063	1
1362584	1362583	1
5231069	5212386	1
9265646	9265645	1
69427	69428	2
8301426	8378923	1
7462697	7462698	1
9973087	9973090	1
4104124	4104123	1
7016390	7016851	1
1631174	1631236	1
9030897	9030898	1
10814900	10814899	1
10227595	10227614	1
10211011	10211012	1
11464787	11464788	1
10584197	10584198	1
5364023	5258743	1
10558060	10490890	1
12280971	12386030	1
2021251	1996983	1
10684361	10687736	1
8896183	8896185	1
2739914	2674737	2
12659967	12658822	1
7129677	7017390	2
11439402	11462748	1
9361293	9436236	1
10116127	10116128	2
5325596	1212455	1
11207478	11207475	1
7875125	8014616	1
5144110	5144149	1
7718069	7836542	1
3519940	3519939	1
5699259	5642492	1
12600411	12438563	1
1475604	1368435	1
5043957	5043667	1
1224367	1224368	1
3259950	3259974	2
8013307	8013308	2
1085633	1085636	2
5228641	5228690	1
12761163	12761164	1
7364843	7364966	1
4042247	3948935	1
2280772	2280781	1
5517141	5517181	1
8897204	8897203	1
1080118	1080117	1
4556981	4556977	1
5815201	5815202	1
9395235	9395229	1
