fend1	fend2	count
10863294	10863293	3
6167776	6167366	1
734233	734234	1
10555462	10555483	1
7519564	7519562	1
6612671	6612672	6
12357234	12355781	1
9993378	9991234	4
2484406	2484405	3
8084281	8078629	1
10559350	10559349	1
6449351	6449356	1
8047505	8047506	5
6777441	6775889	1
8445767	8445768	1
10061301	10063656	7
9755296	9755295	2
1014636	1014643	2
2448150	2448149	1
9139950	9139949	1
8267258	8267257	1
12609209	12573066	1
4581939	4581940	2
4686949	4078220	1
2056836	2056889	2
5434233	5432190	1
4749199	4749202	2
4914966	4914965	1
3991038	3991037	1
8403883	8403289	2
2712414	2712413	1
9932681	9932665	1
4736043	4736044	4
11003893	11003894	1
6476483	6476479	1
9134877	9134642	2
12603115	12603070	1
9005199	9005200	1
7509944	7510271	3
3155145	3155139	1
2152732	11657044	1
3991900	3992383	1
12370270	12370269	1
3612895	3612562	1
3888451	3888336	3
6343940	6343939	1
3448194	3444277	1
11321857	11321858	1
11252115	11254115	1
7554016	7554015	3
5079355	5079356	1
10291589	10290302	1
5983154	5982924	1
11910078	11910077	1
9521724	9521723	1
8033069	8033074	1
3963238	3963237	3
5959713	5959716	1
9468377	9468378	1
4022372	4025126	3
1671796	1671795	1
7387869	7387751	1
10534627	10534581	1
5732602	5732601	1
1611027	1611028	1
8983839	8983880	3
3810359	3814439	1
6252441	6252398	1
8129120	8129111	1
10442312	10442311	1
5394205	5394202	2
8025372	8025371	4
12182104	12182134	2
12652017	12652018	2
6785878	6785877	1
6874965	6874966	1
10968877	10968880	4
5793586	5793633	1
5428617	5428618	1
11696567	11697408	1
4654576	4654579	1
9552011	9552012	1
10538485	10541303	1
4847405	4847625	3
9447893	9447721	1
758908	758907	4
6197792	6197791	2
1313792	1311649	2
4522272	4522271	3
12616817	12616818	3
10295570	10295569	2
10204878	10204877	5
3202788	3202785	4
3907388	3665292	4
459571	463790	3
5344655	5344658	1
4368794	4368816	1
10824590	12052393	1
152003	151323	1
9536459	9536439	1
2346875	2346882	1
12659723	6163471	1
5260390	5260455	4
4022372	4025128	1
7699210	7699209	2
5341524	5341929	2
201132	200650	1
798201	798202	2
2165834	2165833	1
8218527	8218370	1
9795508	9795507	3
3907392	3907391	7
11072802	11072801	1
11163876	11160488	1
6334715	6336103	3
2446873	2446874	2
11516803	11516804	1
1866027	1866030	5
7339419	7373433	3
6361802	6361805	1
2894353	2894354	1
8566794	8566777	1
10342298	10343239	3
11163908	11019996	1
5374903	5374906	1
2562159	2562160	1
5067865	5067866	2
6795436	6795367	1
6372687	6374122	3
4130752	7653466	2
2119719	2119836	1
8768527	8768493	1
8974263	8974264	3
744219	744220	2
3580984	3580983	2
2752627	2752628	1
11078711	11079688	2
7147829	7154891	1
2854508	2854522	1
12530693	12530694	3
273160	588808	2
10184874	10184772	1
4081191	4081192	2
4950147	4950161	1
1123053	1123050	1
4244865	4246781	1
7048605	7048608	1
1120794	1123563	1
4278085	4277978	3
7022561	7022562	1
11874174	11874180	1
179677	179684	2
2099618	2099607	2
1203572	1203577	1
4365716	4365715	1
4286172	4286171	2
500071	500072	1
267250	267247	1
7559499	7560027	1
10282583	10282393	1
9918376	9918375	1
8837831	8837832	1
405045	405046	8
6158836	6158329	1
1640811	1640812	1
8184053	8183984	1
2439152	2439896	1
10420687	10421155	2
6423373	6423374	2
10430581	10430584	3
9753562	9753561	1
6883204	6883207	1
6865165	6865168	1
1430816	1430815	1
11363267	11363268	2
10891624	10891623	1
7694634	7692892	1
10198511	10198506	3
6868880	7148210	1
6345864	6345884	2
5294069	1590278	1
405045	405050	2
8046186	8046675	2
5653423	5653266	1
5225336	5224715	1
3530841	3530842	2
6852484	6852660	1
9573637	9573632	1
3266945	3266946	1
12652019	12652022	1
5954732	5954500	2
715768	715767	1
12652021	12652022	1
3953609	3953600	1
9664106	9664105	1
9007232	9007166	2
9573635	9573632	1
10695889	10573085	1
9644434	9636410	1
10797716	10797715	1
8896863	8896866	2
12660073	12659722	1
5713558	5713557	2
10751533	12740663	1
4814735	3404072	1
5549868	5549867	1
10223545	10223584	1
11615135	11615136	1
3953601	3953602	1
6187164	6187163	1
2789314	2789310	1
8208986	8209028	1
62055	62056	3
205885	205886	1
6121018	6120916	2
6100087	6100088	3
3771785	3771786	3
10353646	10353632	1
4117477	4117417	1
12515016	12515015	2
1745408	1746291	1
12191960	12191963	1
6264739	6266579	1
5601287	5601288	1
1919930	1919899	1
1600607	1600608	1
10662894	10662893	5
154736	154735	1
6189822	6189827	1
6045283	6045284	1
2484404	2484403	3
3372197	3371588	1
6473970	6473959	3
5278076	5278075	1
2960651	3229086	1
10903462	10903461	1
6562042	6562039	3
9971802	9973346	1
4991746	4991745	1
290140	537795	2
4334908	4334907	1
7973816	7973815	2
781557	781558	1
12396797	12396794	3
5915410	5782590	1
3916317	3916318	2
8341537	8341540	1
11060728	11027132	1
12536025	12536026	1
10050934	10050933	2
11336284	11336283	3
2032024	2024508	1
10990995	10988228	2
954856	955437	2
4001914	4001913	3
6312117	6313290	1
9601451	9632854	2
3146469	3146436	1
1068186	1067818	1
7055710	7055709	1
5847196	5843564	1
12666438	12666435	2
6722165	6710800	1
5448057	5395688	3
10513326	10513325	4
2165832	2165829	2
9515068	9515012	3
10538485	10541309	1
1117122	1117121	2
1880954	1880953	5
4159044	4159043	4
3932953	3932954	1
178604	178603	1
5693287	5693288	2
6594420	6594419	1
1623008	1623007	2
9804387	9804388	1
10072989	10073098	1
2748202	2748209	1
6514813	6514814	2
7085882	7085881	3
3529077	3529074	1
7725548	7725547	1
11909455	11909163	4
3305433	3305461	1
10969566	9938948	2
8045234	8044879	1
10214814	10214834	2
8875736	6795241	1
7238981	7238982	2
10430581	10430582	4
10300305	10300306	1
6149719	6149720	3
6660312	6660309	2
3460998	3462198	2
7387529	7386418	1
11910075	11910076	2
4550862	4550857	1
10624597	10636588	2
11832181	11833601	1
11916434	11916268	1
1099222	1099221	1
3981526	3981523	3
1390527	1390401	3
10656998	10656047	1
9553134	9553161	3
4221458	4221485	2
12641803	12641734	1
4226083	4226084	1
1213800	1213797	2
7117190	7117189	3
1786069	1786070	1
5142380	5142395	1
4156217	4156360	1
4015364	4015363	3
7992037	7981201	1
1485846	1485845	1
4768345	4768346	1
1291342	1291786	1
4034488	4034487	1
3907390	3665292	1
11056068	11077901	2
5042189	5042750	1
3732648	3862849	1
7910771	7910793	1
10862580	10863794	3
2409383	2409384	1
6633438	6633437	3
3882379	3882370	1
6150601	6150602	4
9260396	9260395	1
10902494	10902493	1
8036313	8036310	1
5951025	5951022	1
9357933	9357934	1
10858412	10858411	2
5626287	5626288	1
10968881	10968882	1
10373229	10373230	2
12009235	12009236	1
12053455	12053456	2
6706253	6706254	1
8952470	8952444	1
6094392	6094391	1
1241077	1240827	1
3734695	3739351	1
5926638	5926635	2
9795506	9795505	4
9076468	9078441	1
6848156	6849592	1
12482689	12482690	2
7941653	7941654	3
5162447	5162448	2
7947766	7947763	3
6150599	6150600	5
10053428	10051967	1
2089817	10747812	1
3802771	3802772	2
6812391	6543790	1
11362161	11361721	1
8348579	8348582	1
856821	856822	1
12034303	12034325	1
6782263	6782264	2
11173646	11173655	4
7463795	7463820	1
7548512	7548511	1
10422192	10422191	1
7586475	7586477	2
12764481	12764386	1
10839695	10839696	1
11642088	11642087	1
5736211	10656769	1
3055184	3054914	1
2287821	2287633	1
9971313	9971311	3
3957577	3957611	2
6562038	6562246	6
741539	744067	3
2514781	2514772	2
7708072	7708106	2
798914	799111	3
4071052	4071093	1
5088288	5088279	1
11584104	6110196	1
7753672	7753657	1
8341539	8341540	2
12640542	12640518	1
6070769	6070772	1
8661100	8661099	3
10882441	10882442	2
5382976	5381552	2
6825963	6825964	3
7906756	7906762	1
5088288	5088287	1
4028069	4029772	1
10442806	10442803	5
298930	298929	1
11914384	11914405	2
974909	974910	1
6473482	6473198	4
10765812	10767074	2
5578080	5578077	3
5374903	5374904	7
7629610	7629811	1
8279392	8241053	2
1239022	1238579	2
9592218	9634344	1
2734566	2690252	2
8546575	8546576	2
1213800	1213799	1
7554014	7553577	3
5232746	5235840	3
10028387	10028394	2
8295816	8295822	1
4178837	4178872	2
6553981	6552666	1
10716305	10716306	1
8394447	8392967	1
7854797	7850458	1
2338466	2338254	3
11334321	11333530	1
10828951	10828819	1
2089817	7207512	1
3481635	3468571	2
12507485	12507486	2
11574151	11561268	1
9793411	9793481	1
6972099	6972102	1
3931046	3930793	1
6147704	6147703	3
178606	178605	1
3546270	3546282	1
4019608	4019611	1
5617396	5617399	1
7554014	7553575	1
8038717	8037560	1
415573	415617	2
7192423	7192424	2
8974265	8974411	1
9962530	9962529	2
4234808	4234807	2
5042058	5042041	1
3228741	3064488	1
11359783	11358357	2
1941251	1941252	3
5772096	5772095	1
7700732	9170098	1
8230595	8230523	1
5693285	5693286	2
8100871	8100074	1
5119603	5048574	4
11222607	11222608	6
2008251	2005675	2
11900762	11900761	1
2255980	6391924	3
10759436	10759431	1
3742548	3742547	1
3931048	3931047	7
440140	439956	1
3931046	3931045	5
3465404	3464880	1
6252439	6252440	1
6206169	6206170	2
7572314	7572313	1
2403202	2403199	1
9903362	9903359	1
1768285	1768286	2
3498289	3498434	1
3063476	3063475	1
12502381	12502377	1
2980273	2980274	2
8216241	8216242	1
1627021	1627022	2
4587636	4598272	1
657764	670199	5
6676290	6676195	3
9595211	9595215	2
2654568	2654565	1
9976315	9976316	1
11222326	11222610	2
952857	952858	4
2907337	2907340	2
2712418	2712417	4
6908069	6908070	3
1143207	1143208	4
5644725	5644726	2
1778145	1778146	1
10435448	10435445	2
487595	487596	2
11101181	11101188	3
9432954	9432951	3
5959711	5959716	5
7188596	7188599	1
11298116	11294649	1
12653590	112650	1
7249062	7249155	1
3236649	3236650	3
7529224	7529221	1
10201335	10201299	2
750717	750718	2
2409385	2409386	1
5926636	5926635	5
7492302	7492301	1
4286190	4286189	1
11484790	11484789	2
2448152	2448151	1
10422194	10422193	1
10297898	10297897	1
2797970	2798020	3
1292221	1290300	2
102192	101966	1
6201856	6201751	1
6070589	6070590	1
3611321	3610934	1
1778225	1778506	1
11184572	11184809	1
7579473	7579474	3
11081778	11081777	1
2062587	2062588	1
9286734	9286733	1
2063565	2063566	1
6012900	6012899	1
4362431	4362432	2
3992856	3992874	2
5208248	5208247	1
11448698	11448186	2
11635702	11635707	1
6507377	6508375	1
4738631	4737624	3
12153440	12153435	1
1213798	1213797	1
11331420	11331540	1
8151764	8151767	1
7554016	7553577	1
7206572	10876135	1
10990993	10990994	5
8698861	8698862	1
11344859	11344860	1
12530695	12530696	2
1640319	1640322	3
8896863	8896864	3
6752866	6753214	2
6150599	6150602	1
3019617	3019632	1
8341537	8341538	3
2248819	2249273	2
5959711	5959712	2
3443972	3443307	1
12013892	12013047	2
3742550	3742547	1
6691437	6692081	1
12269000	12268999	1
7976456	7976459	1
10891626	10891623	2
7511246	7511235	2
655308	656178	1
10876083	10347521	1
3055209	3055117	1
4667876	4666203	1
12489062	12489061	1
1880956	1880955	6
7022559	7022560	1
9625865	9701395	1
7123019	7123022	2
5294069	5294035	1
2056888	2056885	1
1293327	1293328	1
62051	62052	3
11760502	11760498	2
11608713	11608716	1
7881131	7881053	1
2961842	2961841	1
1205452	1205451	1
9862922	9808410	1
1601643	1601644	2
105040	104804	2
8210689	8204570	1
9941809	9941810	3
9333787	9333778	1
6692077	6691436	3
3002364	2989549	3
8761587	8761588	2
861987	862364	1
10430583	10430584	4
9673015	9677670	2
8890888	8890891	2
8712289	8712290	1
8512696	8512700	2
8335613	8336912	1
11198525	214431	1
1188071	1163050	1
6718071	6718546	2
9434996	9434995	1
1146476	1146475	1
9229617	9229618	2
7152590	7152589	2
1710207	1710208	1
11370571	11370572	2
4110732	4110731	3
9248109	9248110	1
3014510	3014509	3
4226085	4226086	1
9580116	9580059	4
9236812	5808162	1
5039257	5039258	2
10645166	10645165	3
3209467	3209468	1
4117304	4117310	1
10262398	10262430	2
10785964	10785858	1
2654697	2652684	1
3791299	10016359	1
9262437	9262433	2
6196750	6196747	2
9193149	9192060	1
8926693	8777846	1
7629866	7625014	1
7446465	7446466	2
11913230	11913229	3
1320455	1320456	2
11615133	11615134	2
11808620	11806281	1
4093253	4093258	1
12647162	2925634	1
483363	487596	1
10891626	10891625	1
3386763	3388810	1
5974238	5974237	1
7446308	7446305	1
11547206	11547205	1
7708107	7708108	2
7117053	7115817	1
11118652	11118937	2
11909162	11909161	3
6306695	6306700	1
10880161	10881856	1
9051675	9051676	2
6712554	844283	1
11222326	11222608	1
3856229	3856380	2
8727693	8727694	4
4471355	4365717	1
8216243	8216244	1
4234009	4234010	3
6828796	6828795	1
2669579	2669203	1
8725963	8725964	3
9140137	9140138	2
10789371	10786092	1
12268998	12269006	3
9183240	9183239	1
262145	265585	1
8554617	8554326	1
5453387	5453739	2
6076215	5843808	1
1254275	1254232	1
5333576	5333575	1
6988416	6987283	2
5367788	5367805	1
10024047	10024048	1
8351825	8352402	2
9810848	9813251	1
8287078	8287077	3
758904	761483	2
6330111	6330112	2
3212725	3212848	1
4234810	4234809	2
19073	19074	1
1232810	1232807	2
5874278	5874275	2
7806829	7822430	1
713072	712256	1
4520686	4520685	4
7191485	7189233	1
10430581	10430104	2
8725965	8725958	1
12787380	12787379	1
2172047	2178904	2
5490125	5576745	4
4019602	4019601	1
5614665	5631757	1
7652323	7652324	2
12151617	12151618	1
11318574	11318595	2
846764	851737	2
2565912	2466606	2
6334298	6334297	1
10811282	10811281	1
2279551	2279552	3
9906945	9903337	1
179677	179678	8
5045907	5045908	2
1768043	1768046	1
3833402	3833490	1
8682547	8682556	4
7446367	7446371	1
5633115	5633116	2
5647135	5644724	2
11395489	11395490	2
7877638	7877642	3
6128558	6129524	1
2595990	2595989	2
1757265	1757269	1
1507059	1507060	1
1290301	1290302	1
10100706	9682977	1
2479995	2479996	1
761480	761479	2
12771233	12771234	1
7960456	7960465	1
6366198	6366185	1
6561122	6561459	3
1120794	1123565	2
5578883	5579558	1
11484792	11484791	2
3614118	3614117	1
8225329	8225330	2
8371142	8371141	2
3561733	3561730	1
11222607	11222610	2
6033287	6033288	1
2268981	2268986	2
12647082	12647081	2
2089818	2089817	1
7912158	7912157	1
8371347	8371353	1
11359783	11358355	3
1232808	1232807	2
7741150	10962279	1
10371601	10370771	1
5438474	5438473	1
5799087	2496549	1
9942833	9942836	1
5338865	5338866	1
4413975	4423114	3
8033069	8033072	1
6450621	6450622	1
4526646	4526645	1
8786003	8786004	1
2428799	2428800	1
2797968	2798020	1
6142545	6142477	2
8698900	8698899	2
5516642	5516641	1
11336282	11452784	3
159831	158224	1
9877503	9877480	2
8000784	8000783	1
3545127	3545134	3
2907341	2907286	8
12151182	12151616	1
436873	436878	2
1748746	1748745	2
6025669	6027538	1
5088280	5088279	2
10251374	10251365	1
6471795	6471796	1
6856023	6855927	3
2313964	2313057	1
11136231	11136232	2
5754487	5753730	1
6844748	6845908	1
6471785	6471786	2
2232218	2232215	1
9774198	9777383	1
2986261	2986262	2
3742550	3742549	1
10198509	10198510	5
11222609	11222610	8
3496052	3456055	4
5102113	5102135	3
107684	105572	1
3853625	3853628	3
9432954	9432952	2
4855795	4855796	1
5981654	5981653	1
4015364	4015361	1
7970506	7970594	1
6009622	6009666	4
11667021	11666660	1
3696329	3701090	1
9338942	9339524	1
7433990	7434211	1
11575091	11574150	2
7142142	7142135	1
9911625	9911626	1
2462895	2462896	2
1709268	1709267	2
4829108	4829105	1
10807457	10807458	2
9435252	9375389	1
4540084	4540083	1
10466216	10466200	1
3771787	3771409	3
11196988	11196987	1
2675097	2684504	1
4482613	4482614	3
11792693	11792529	1
12648063	12648066	1
774088	771784	3
10266675	10266686	1
3997449	3997450	2
2845062	2845061	1
11136234	11136233	2
6691074	6676087	1
189869	189513	1
9463772	9464451	1
7741154	7741151	1
6118312	6118317	1
470945	470946	4
6174777	6174741	1
9894523	9928233	1
6473958	6473957	3
12554412	12554407	1
1073292	1073291	1
5588760	5588759	2
7952154	7952164	1
10695981	10695984	1
2813257	2813258	2
6952151	6952168	1
12331049	12331050	2
7799358	9743057	1
6755472	6755471	2
6968339	6968628	3
11654151	11654152	2
1640317	1640322	1
7000943	7000935	1
10180192	10180191	1
3486857	3486858	1
1226133	12466303	1
3712358	3710651	2
6154482	6154481	1
9038993	9038994	1
4753361	4753362	1
10083214	10083213	2
5306259	5306260	2
6705745	6705746	1
8902067	8824066	2
5734861	5735026	1
1699678	1698404	1
5040445	5040454	1
9998270	9998269	1
4117313	8384759	1
3328539	3323224	2
7508806	7508805	3
4856856	4807674	2
3909019	3909020	2
6044438	6044317	3
10717	10718	1
7579475	7579476	1
4445665	4445656	1
356050	356049	1
10541726	10541725	2
2605854	2606216	1
356052	356051	1
1014638	1014637	2
3209116	3195641	1
6739496	6739495	2
7138165	7138163	1
7120718	7120717	1
11449100	11449097	1
10031206	10030903	1
5115109	5115142	3
5578076	5578075	4
2735563	2734569	3
10311876	10311918	1
8790600	8790599	2
6535210	6535168	4
6471791	6471794	1
3270221	3270294	1
1039649	1040200	2
1190505	1190506	4
3750041	3750042	1
3707374	3707373	1
5168487	5168488	1
5102111	5102112	3
7077181	7077184	1
5772886	5772885	1
11037250	7025864	1
6531187	6531188	3
5454660	5454675	1
9125580	9125579	3
7703669	7703162	1
10674735	10674736	1
10920646	10920645	2
32418	32417	4
4818354	4818373	1
9982148	9964529	1
4847403	4847404	2
1491141	1491142	1
544019	544020	3
10453552	10453551	3
4118310	4125825	2
1505283	1503941	2
4337315	4344640	1
6590065	6589939	5
6962536	6960842	1
10138865	10138866	3
3437834	3439402	2
1883912	1883911	3
11242207	11242208	2
1484683	1484684	2
6263067	6263068	5
264023	264024	2
2681741	2681742	1
262968	262967	2
7622415	7622416	1
5422239	5422240	1
3654397	3654377	1
9804392	9804391	2
1713519	1713627	6
5208250	5208247	1
1883908	1883907	1
5506473	5506578	1
8762840	11983533	4
6545361	6546143	3
12735577	12735596	1
10074076	10071974	3
2919795	2919833	1
9261191	9262057	1
846764	851739	1
3912370	3912378	1
2062589	2062590	1
1613224	1614042	3
2728355	2728352	1
6740703	6740121	1
8682557	8682558	2
8530798	8530797	1
9998268	9998267	1
6432774	6433365	2
12646258	12646251	1
3695700	3695699	1
4825790	4586042	2
2462897	2584490	1
9298837	9298835	5
8035814	10629776	1
12626876	12627038	1
3037020	3037019	2
9925139	9925140	1
184627	184628	2
8812502	8812492	1
9566025	9566026	1
11173646	11173653	1
7034854	7034873	2
10430585	10430104	7
4019001	10082357	1
10052599	10052602	1
4161931	4161944	1
10933206	12508433	4
9581106	9581141	1
724832	724826	1
796582	796526	3
7108839	7108835	1
11704588	11704635	1
3822388	3822387	1
4156156	4155924	1
5974238	5974235	3
794905	794277	2
10352599	10352342	1
9610613	9610614	2
8675835	8675838	1
7046691	7046694	1
5438472	5438469	1
507479	507480	1
6272320	6272323	1
11716858	11716857	1
4227976	4227975	2
7973818	7973817	1
2817777	2817757	1
2760783	2760720	2
5577585	5577586	1
137877	137878	1
11716852	11720986	1
9015676	9013263	1
11074012	11074011	3
2152732	2152731	1
5594125	5594133	1
7836326	7836325	1
2922213	2922237	1
3986084	3986088	1
2165241	2165833	2
10695981	10695982	1
5565351	5565488	1
10981793	10981796	1
2441501	2441502	1
9030445	9030446	1
7961329	7960931	3
7216175	7216178	3
4749199	4749200	1
8698931	8698899	1
12758285	12758298	1
6894350	6894776	1
5991533	5991568	1
12035803	12035757	1
12530697	12530698	2
11725879	11726139	1
7702595	9160284	1
6906665	6906666	3
277349	277350	1
9932637	9932638	4
6838994	6838993	4
3907973	3907974	1
8848474	8849091	1
8896865	8896866	2
7702595	9160282	2
12248561	12248562	2
7234706	7234472	4
11752251	11752252	1
1768045	1768046	2
8987260	8987259	1
10475466	10476980	3
1538108	1538107	1
10527056	10523762	1
6353480	6353494	3
6085574	6058442	1
3127724	3126929	3
7120758	7120752	2
10189992	10189991	2
3693314	3693633	3
9766981	9766982	2
7399798	7408567	1
5098452	5268999	1
4376817	4376818	3
6479618	6479280	1
5749569	5752819	1
179679	179682	2
1781796	1781581	1
7253757	7254008	1
11178042	11178041	1
9619435	9619436	2
6450623	6450624	1
1403591	1403592	2
1235101	1235102	3
4246780	4246779	1
1123564	1123563	2
264361	264331	2
420388	420387	2
7207105	7207307	1
9998266	9998265	3
3715037	4568959	1
5677965	5677963	1
412888	412887	1
6792908	6792907	2
1320453	1320456	3
10541302	10541305	1
11611769	11610405	1
6443128	10373978	1
7276340	7276672	1
10331763	10330964	2
3976412	3900296	1
9804389	9804390	1
4274882	4274881	1
9015678	9015677	1
2035171	2038439	1
7920754	7920719	1
9248109	9248112	1
3696343	3696344	1
9684632	9684631	5
5306261	5306264	2
9536471	9536472	2
7750462	7750383	1
2349374	2349384	1
12563905	12564020	1
4455495	4455496	2
5271029	5270798	1
10091774	10091779	1
9523102	5691697	1
9236722	9236721	1
3963238	3963235	3
5974236	5974235	1
7471797	7467313	1
8601274	8601273	1
7538344	8850443	1
890135	889773	1
4843692	4843710	1
7185515	7061445	1
3389191	3389194	1
7224103	7224104	1
4526608	4526611	1
5411249	5412459	1
1389324	1389323	4
5377829	5377830	2
8836497	7681961	1
841742	840984	1
451307	451627	1
9766983	9766984	1
6729213	6726876	1
9960954	9960951	2
5963627	5963628	1
4854283	4854277	1
3398503	3410735	2
5640599	1498845	1
208093	208094	3
9338940	9339524	1
62053	62054	1
11044783	11044780	2
8682547	8682558	1
7386211	7386212	3
9638496	9638505	4
3743534	3743533	1
1167038	1167037	2
6123236	6122885	1
9980806	9980898	1
2580262	4153039	1
11802045	11802521	1
6660310	6660309	1
6344089	6344117	3
9940904	9940917	2
1373041	7648625	2
4001916	4001915	2
10341045	10341051	1
2165241	2165835	1
6343936	6343935	1
2658938	2658937	4
2663605	2663606	1
12527750	3831822	1
11666145	11666073	1
6471267	6471735	4
7069005	7068901	1
3907390	3907389	5
7868454	7807197	1
12805425	12805426	1
3743532	3717646	1
10464222	10464275	1
11674089	11674489	1
3482517	3482518	1
10076079	10075978	1
11792795	11792784	1
6053381	6053407	1
4015362	4015361	3
10990995	10990996	2
10432737	10432738	1
7610788	7610800	1
7216173	7216174	4
7539969	7555227	1
10779529	10779530	2
2124744	2124743	1
12248559	12248560	5
2333626	2333625	2
4027194	10862672	1
5891436	5891562	1
758906	758905	3
11479175	6782848	2
4550860	4550857	2
1840391	1840392	3
4581939	4578284	1
5878803	7246454	1
6118049	6118833	2
10627510	10634373	1
5278074	5278073	1
8708390	8709754	1
7576959	7576960	1
8440965	8440244	3
9447489	11869928	1
4025127	4025128	4
5088288	5088281	1
2409530	2409516	3
8413991	8413992	1
11189951	11189952	2
3386765	3388810	1
5175527	5175528	2
8025370	10740431	3
12690190	12690187	1
5819871	5820039	1
682281	684423	1
11065368	11065367	1
5396576	5396726	4
3334972	3334971	1
5761291	9238078	1
7676233	7729323	2
4376819	4376800	2
296948	296952	1
6954972	6954971	1
11396254	11396253	1
339591	341324	2
317146	317083	2
758908	761483	1
7559920	7559919	2
6187162	6187159	1
3479058	3479057	3
7997236	7997238	1
5702978	5702992	1
7622417	7606669	1
1418637	1316786	1
12616817	12619610	1
3903157	3903160	1
5149209	5149210	3
474204	474187	1
420390	420389	3
11454355	11454356	4
5131656	5137031	1
12238545	12238583	2
10882443	10882431	3
10008394	10008405	1
10437187	10437188	3
3934740	3934709	2
1430814	1430813	1
7689544	7688950	2
8650467	8651895	1
4813042	4813047	1
9573635	9573636	2
5771895	5771896	4
1940564	1940461	1
9061600	9061599	3
4867821	4867822	1
1406831	1406827	1
5479226	5479225	3
3326700	3326699	2
11171040	11170724	1
7522350	7522349	1
8442691	8442692	1
2522056	2522000	1
6660312	6660311	1
5246326	5246328	1
10251374	10251363	2
10331761	10331762	4
4591678	4590981	1
6160118	6160132	1
4376817	4376800	2
3340362	3340361	1
5802305	5762080	2
11280430	11280170	1
6263073	6262657	1
5067049	5067050	1
901204	6489759	1
2814890	9566027	1
2365907	2487608	1
4914966	4915059	1
9914118	9914117	1
7981858	7981857	3
7831522	7831525	1
7973092	7973097	1
11196013	11196014	1
9703421	9703301	1
5513393	5513398	1
10120072	10120074	1
10625694	10625693	2
5724955	5724956	1
7192425	7192426	2
1921689	1921655	3
8728311	8727692	3
3377077	3377070	1
9814070	10373978	1
8070314	8070437	1
11112150	11112149	2
11728174	11728111	1
495273	564180	1
10201214	10201213	4
7553576	7553575	3
2089817	4977523	1
1135202	1135683	3
4577986	4578088	1
8626413	8626404	2
10419532	10420686	1
12137251	12137297	1
9499583	9499584	2
1709266	1709265	3
1060543	1060544	1
80885	88791	1
3370691	3367535	1
2897202	2897201	1
5676068	5676152	1
3797735	3797736	2
5932530	5932529	1
1064944	1060371	1
7382715	7382716	1
7576709	7577151	1
4476865	4476866	1
7500511	7500544	1
968621	968624	1
176465	176466	2
179675	179676	15
6154475	6154394	1
10918125	10918139	1
11388002	11388044	2
10422194	10422191	1
3605032	3605784	1
5606357	5606358	3
4731497	4731508	1
8956645	8956646	1
6707331	6707332	2
1411898	1411897	1
5154234	5154233	2
3754855	3755390	1
6178682	6178681	4
2922328	2922374	1
12188439	3711461	1
11589137	6679834	3
9389236	9389247	1
11704588	11731007	1
2750963	2750964	3
6513225	6514812	1
4369342	4369086	3
10990997	10988228	2
5374905	5374906	2
9977322	9973486	1
107682	105572	1
12376979	12717954	1
1111204	1111203	1
11762496	11762495	3
9432950	9432952	2
11187531	11187528	1
11965930	11965016	1
9296920	9296917	1
10973967	10973968	2
719029	717708	2
7178467	7178468	1
8331210	8331198	1
2564390	2563648	1
10981795	10981796	1
9552009	9552012	2
11606709	11606707	1
4081191	4081194	2
12765407	12765408	1
11030818	11033402	1
10408886	10408885	1
10620125	10620198	4
2172499	2172500	1
12182203	12182204	2
11130194	11130193	2
6377547	6377518	1
5588684	5590896	1
115579	115445	1
4367070	4367074	1
5782343	5782344	1
405047	405050	5
4153040	4153039	1
2817507	2817508	2
6221026	6219923	1
10342300	10342299	2
12482695	12486873	1
41991	41992	2
267250	267249	3
12279799	12279513	2
689367	689345	4
3486671	3446250	1
1320451	1320452	7
2883989	2878732	2
7998733	7998734	1
8370639	8370640	1
5306259	5306264	1
7537255	7537256	5
3981522	3986087	2
11359618	11359636	1
10564707	10564708	1
1099220	1099219	1
11210666	11210239	1
7929379	7929380	1
1235249	1235250	1
655308	655307	3
1035761	1035740	3
1111202	1111201	1
2513104	2513103	1
12356213	12356146	1
8790604	8790599	2
9248111	9248112	1
189512	189511	1
8244839	8244840	2
4078916	4078428	1
2346881	2346882	1
7518002	7518006	1
12722656	12722655	1
7000941	7000942	1
5923608	5923607	2
8728706	8730574	1
3690028	3690027	2
1317506	1317501	1
6574971	6577620	1
1489463	1485847	1
6834589	6834584	1
10559348	10544449	1
5772884	5772883	1
11370573	11370574	1
9019154	9019239	1
11986588	11986682	1
12191612	12191822	1
4573634	4573633	4
9164524	9164521	1
6154484	6154483	2
6480266	6480265	3
4829108	4829107	2
8790604	8790601	3
8251454	8251453	1
5658038	5658037	4
5003975	5002807	4
4355981	4355982	2
4520686	4520683	1
1314136	1314135	2
5792949	5794005	1
4264334	4264248	1
8367258	5543560	1
1364264	1364313	3
10266700	10266674	1
11804682	11804688	1
8876484	8876479	1
3963239	3963286	3
7471565	7471568	3
8034484	8034660	3
9953547	8727692	1
1074719	1074720	3
2333624	2368256	2
8676014	8675999	1
2816424	974647	3
1796969	1797953	1
3903157	3903158	2
1181546	1181446	1
7207105	7207106	1
5881587	5881588	3
7270477	7278077	1
3726502	3726501	1
3445439	3445450	1
11272051	11272894	1
5854337	5855575	1
11090642	11090641	1
1497976	5707936	3
6934511	6934503	1
12342909	12342913	2
3517309	3517152	1
11461916	11461919	1
5901278	5912090	1
4843713	4843717	4
11676808	11678947	1
9360300	9361751	1
4302996	4302995	3
10241751	10241752	1
4369087	4369088	1
1846901	1846902	1
1011074	1011073	2
4586043	4586044	1
12188439	12188442	1
8796103	8796128	1
9076479	9076469	2
10204996	10204879	5
10744570	10744569	5
9531559	9531560	2
1143209	1143217	2
10100500	10100465	3
41938	41926	1
2160998	2160997	1
11547208	11547207	2
1177109	1177110	1
5009270	2768894	1
6132119	6132116	1
9638498	9638497	1
10251364	10251363	1
1827786	1827357	2
760305	2855790	2
10892872	10892871	4
9728840	9728839	3
8348579	8348580	2
4829110	4829109	3
10741859	10741861	1
1540600	1684448	1
7055708	7055707	1
12246616	12246615	1
7851881	7851883	2
4162857	4162506	3
3262438	3262446	1
6336587	6327449	1
584073	584074	1
1621811	1621812	1
1778223	1778224	1
5361801	5361808	2
10569288	10569003	3
3916315	3916318	1
9528379	9528377	2
5854886	5854885	1
3903159	3903160	1
2338255	2338256	3
4573587	4573798	1
384305	384320	2
3011552	3011551	1
11991482	11991481	3
6718529	6718136	2
3637598	3638872	2
7188598	7188597	1
10566394	10567174	1
1105881	1105878	1
264359	264329	1
5584125	5585347	1
12740607	10751532	1
5970487	5970488	4
11857657	11857662	1
10717796	10442311	2
3822386	3821056	1
3574396	3577422	1
1866031	1866032	6
1627034	1627025	1
6968364	6968363	1
12530693	12530696	1
568180	533340	2
415616	415504	2
5999583	5999495	1
6473484	6473198	1
12191962	12191961	1
12198607	12198608	3
2477663	2477629	1
2797970	2797969	1
3563190	3563189	4
7055706	7055705	1
1915591	1915586	1
10549300	10549309	1
7687770	7687769	3
2580065	2562552	1
2897204	2897203	1
1011076	1011075	2
4784375	4786239	1
10911679	10911680	1
12473555	12473556	1
12655065	12655068	3
8204571	8204572	1
9876085	9876086	1
9478758	9478757	1
1213305	1213306	2
10561199	10561204	1
6585096	6585095	1
6683934	6683947	1
1768043	1768044	3
12799228	12799227	1
12018200	12018199	1
9262435	9262436	2
12693708	11807219	1
1538123	1538109	2
7061153	7061154	4
5229798	5229797	1
6562040	6562039	3
2591483	2589750	1
10331761	10330964	1
12789413	12789554	1
11345917	11345965	1
5770353	5768220	1
1705077	11501216	1
4642542	4639338	2
2654699	2652684	4
9913235	9918083	1
7448505	7448506	1
7700734	7700733	2
1658621	1658608	1
3907975	3907978	1
3220247	3220252	4
10782138	10375427	1
7951905	7951906	2
6203863	11192786	1
8698929	8698901	1
667149	667150	1
202260	202286	1
7454434	7454433	1
12626879	12627208	3
10205762	10205583	1
4724524	4724753	1
1640317	1640318	5
8728311	9953546	1
4543287	4539576	1
6788321	6789268	1
7821304	1834948	1
3154750	3154749	1
9932639	9932640	3
3652593	3652594	3
12778441	12778442	1
2932115	2932118	1
2037089	2034650	1
3963287	3963288	1
2583571	2583572	2
10096537	10096540	1
71544	71539	1
5435361	5435362	2
6009733	6009734	3
11717160	11717033	1
3701340	3701260	1
11333809	11333810	2
1793460	1793463	3
6933528	6933531	1
11176962	11176961	4
5327187	6600675	1
5862452	5862451	3
6339832	6547473	1
6070771	6070772	1
6150603	6150755	4
6920597	6919979	1
10061243	10060142	1
5827620	5828991	1
5842612	5843354	1
2473643	2473791	2
9514481	9514484	1
9537641	9537642	3
5803325	5822992	1
1714535	1714538	1
8927078	12466303	1
4092652	4092655	1
202967	209130	2
556936	560213	1
448886	448340	1
4737845	5620339	1
5574183	5574184	2
2006560	2006549	3
8728311	8727694	1
7849035	7849098	1
10499466	10499452	1
12722658	12722657	1
5353705	5353879	2
6209921	6209421	1
3916315	3916316	1
11198718	11124644	1
4469759	4469757	2
10104209	10104145	1
5964399	5955326	1
8993661	8990469	1
8698931	8698901	1
5021483	5021506	2
11547208	11547205	1
8028048	8028047	3
10475155	10476404	2
11867200	11872053	1
7572316	7572315	2
5513391	5513392	1
1880956	1880953	2
2446264	2446177	1
5983154	5983157	1
2323807	2323810	2
10910860	10909793	1
99408	102785	2
6485684	6485683	1
5096973	5096974	2
5527265	5527266	1
7431042	7431057	1
1932231	1933604	1
152003	152004	2
4851150	4851149	2
2817775	2817776	4
318296	318325	1
2420750	2420749	2
5737510	5737509	1
379179	380183	1
8698929	8698930	2
8918021	8918022	1
5574183	5574186	2
9021524	9021545	1
719027	719028	3
10513324	10513394	3
11075384	11075597	1
2121445	2121446	3
6449355	6449356	1
1599631	1599632	2
8000782	8000781	2
8961193	8968238	1
1906179	1906357	1
9126583	9126490	4
2564392	2564391	1
2771920	2771919	2
9534060	9534569	3
1175890	1176071	4
6471784	6471839	2
4153038	4153037	4
5422082	5422238	3
1099222	1099219	1
3267972	3267971	1
5568198	5570344	1
969994	970014	1
11358356	11358355	1
2919437	2919465	1
8648224	8648223	1
8510899	8510836	1
4486045	4484753	1
2127619	2127622	1
3661615	3661616	1
4563516	4563515	2
50737	11257130	1
12803861	12803864	1
8728317	8727692	1
11929490	11929555	1
9062761	9060978	1
11519329	5959861	1
10432735	10432736	4
1403593	1403594	1
4774854	4774856	1
6358658	6308355	1
2346875	2346880	2
1961359	1962960	2
7345082	7345081	1
2907339	2907340	6
6473484	6473483	4
10717796	10442313	1
10077320	10077319	2
9743362	9743405	1
2968373	12498029	1
6343938	6343937	1
1796874	1796873	2
179683	179684	4
10373977	10373978	2
179681	179682	5
10415572	10408323	1
3120472	12253567	2
4721370	4721369	3
5574185	5574186	1
8648038	8648037	1
8875891	8875888	5
11534776	837574	1
7008002	7008004	3
4774842	4774855	1
6380704	6579671	1
12466303	7230212	1
7438588	11024689	1
3976026	3976025	2
4705115	4704965	2
3390585	9095503	1
10030550	10030559	1
12609348	12607743	1
12647021	12647083	2
10413688	10413687	3
10209433	10209434	1
2279551	2279554	1
2854506	2854522	1
1627015	1627020	2
5164157	5166077	2
3236649	3236654	1
6306697	6306700	1
7156286	7156222	2
5968009	5968200	2
8874567	8874568	3
3802773	3802774	2
2161002	2161001	1
10681746	10680100	1
3445443	3445450	3
2158590	2158589	1
6405916	6405915	2
8876311	8876312	1
179675	179684	1
11177178	11177121	3
3751754	3751757	1
8990095	8990096	1
8210689	8204572	1
10638604	10639238	1
1090308	1090174	3
10757431	10757432	2
4708990	4708989	1
10644069	10655152	1
1205455	1205449	1
6573430	6570295	1
6471797	6471798	1
12806481	12806811	1
4095686	4095685	3
12294025	12295154	1
1228076	1226329	3
8728309	8728316	1
10858413	10858414	1
10705519	10705520	2
6207161	6207086	1
6263067	6263072	1
6934239	6934240	1
1709268	1709265	1
12778439	12778440	1
11783809	11782164	2
5626289	5626290	1
6197114	6197116	2
12018201	12018161	1
4256870	4256390	1
6273323	6273324	1
9141450	9141545	2
7947572	7947571	2
3933024	3933023	5
11594305	11595040	1
5792276	5792275	1
8844721	8844722	3
5669086	2635673	1
10684794	10684796	1
8557508	8557066	1
264363	264331	1
8219997	8219998	2
11484792	11484789	2
7923371	7923360	1
2814890	9566318	3
7445149	7445461	1
11906731	11910078	1
9621834	9621833	1
6285254	6285253	1
2421958	2421957	1
3992888	3992805	1
10342300	10343239	1
5266195	5266196	2
7536865	7536866	1
10496254	10496253	2
10204996	10204877	1
7446365	7446366	1
11178040	11178039	1
3205111	3205106	1
794276	794275	2
11829876	12475800	1
4784497	4786237	1
789130	2963035	3
6562042	6562041	2
6934241	6934242	1
9684630	9684629	1
2712416	2712413	1
6265512	6265516	3
2492914	2492889	1
2894361	2894362	4
1785898	1786068	1
3466591	3464714	1
7924506	7923565	3
4782264	4782263	1
4372352	4367071	2
3963236	3963235	3
2060579	2249605	2
3462199	3462200	1
6306695	6306696	2
4476867	4476868	2
1205455	1205456	1
4642087	4606181	1
7731709	7731710	5
5468963	5468964	1
11855790	11855709	5
2176760	2176759	1
3501744	3499372	1
8529146	8529220	1
11344480	11344341	3
8481272	8470789	1
107684	107683	2
1653033	1653053	1
5717635	5717636	1
6394649	6394652	1
5039255	5039256	1
6874967	6874968	1
1073128	1073125	1
6582301	6582645	1
11818130	11818124	1
9685664	10106000	1
741873	757190	1
8728309	8728310	5
10541730	10541725	1
11441738	9291941	1
6697742	6697741	1
7181233	7181234	1
4499245	4499248	1
12740607	12740663	1
188588	188585	3
6732662	6733158	1
4153503	9839710	1
8394445	8394446	2
674850	674837	2
5577428	5577584	3
8453399	8453124	1
7201203	7201240	2
8621967	6455448	1
6096061	6099312	5
6525007	6527251	2
841338	841196	1
8291990	8291966	1
4431809	4431781	2
7740033	7740036	3
10172541	6102292	1
9574406	9576457	1
4380218	4380217	3
1463517	1463518	1
403757	403758	3
189869	189511	1
4574129	4574130	1
1298875	1301211	1
8778501	8778502	1
6825799	6825800	1
511265	510633	1
5568343	5568360	1
7471402	9362090	2
9534568	9534567	1
10978498	10981337	1
11731006	11704635	1
2681219	2681220	1
5224862	5224861	3
6634921	6637293	3
744221	744222	1
147748	147747	2
5327017	5327018	2
11814157	11814249	2
3423857	3423858	2
2488171	2486628	3
5429393	5428361	1
2409383	2409386	1
794905	794275	4
12441892	12249708	1
1626212	1627014	2
9553136	9553135	4
8712287	8712288	3
3690026	3687523	1
6070769	6070770	3
8358456	8358494	1
9841096	9841059	1
6785876	6784534	1
10263266	10263265	1
7741150	7741153	1
5149213	5154233	1
5357015	12013488	1
7278073	7278074	2
6652749	6652750	1
1287901	1287898	1
6252801	6252802	1
7689672	7689687	2
7730913	7730914	1
8442689	8442690	1
7224101	7224102	2
5361809	5361810	1
771904	771903	1
9552009	9552010	1
9298701	5749582	1
9139968	9139951	2
7509911	7509947	1
758906	761483	1
5749583	5749584	1
10254113	10256023	2
7563522	1013756	1
7981856	7981855	2
7089179	7089180	2
9911627	9911628	3
6954974	6954973	1
7165374	7165373	3
11197340	11198524	2
7446375	7446376	1
11173654	11173653	3
11011616	11011615	1
1322435	1322436	1
2339681	2339682	1
6263069	6263072	2
2735565	2734569	1
10875280	10875249	1
6117125	6117122	1
1403593	1404344	1
6150601	6150755	1
7991474	7991484	2
2056836	2056885	1
1334638	1335462	1
9247742	9247741	2
1766163	1769381	1
11130192	11130191	2
8529061	8528201	1
12726532	12726529	1
9924796	9893958	3
9576389	9576387	3
11484829	11484832	2
3153028	3153273	2
9141182	9141179	1
10390685	10390927	1
7411089	7357772	1
5021400	5021403	1
4739866	4739838	1
8726745	12030519	1
2817779	2817757	2
9125434	9125433	3
2056104	2056103	2
12666440	12666435	1
10566369	10566370	2
9566319	9566027	6
4736045	4736046	4
788245	864400	1
9561718	2498195	2
10013148	10013127	3
9515310	9515309	2
3310816	3311029	2
1897002	1897373	1
8398347	8389377	1
9076475	9076478	2
10662895	10662896	2
3693316	3693315	1
9198208	8374261	3
483363	487594	1
3542238	3541931	2
2513265	2513266	1
5208250	5208249	2
3055540	3055526	1
6287821	6286590	3
507499	507500	2
1543608	1543607	1
10541730	10541727	4
179677	179680	3
5716426	5718339	2
11370571	11370574	1
403759	403760	2
7724774	7724766	1
1755178	1756002	1
9195405	9195433	3
12182825	12182602	1
10373696	10374794	3
1698405	1698406	1
4330740	4330739	1
231791	231792	2
8252851	8252852	1
2712416	2712415	2
2022672	1984700	1
10645164	10645163	3
2817777	2817778	3
4304362	4347758	2
3997451	3997445	2
8878369	8878370	3
5438864	5438863	1
5771894	5771901	1
425760	425829	1
264019	264020	1
6179300	6177740	1
7207107	7207307	1
9987903	9991397	1
5333578	5333577	2
1567336	1567685	1
5149213	5154235	2
781559	781560	1
7438590	11024689	1
3032736	2785407	2
3380634	3380633	3
3630918	3631287	2
2894351	2894352	1
7907511	7906761	1
3450150	3450149	2
264361	264362	1
11494817	11494818	1
1336497	1336494	1
7294998	7295001	1
4550862	4550861	1
5660919	5659429	1
9406758	9420091	1
3481072	3909355	1
2447480	2533810	1
1695813	1696632	1
12655069	12655333	4
1824183	1824186	2
5088286	5088281	1
3994125	3994126	1
5971431	5971432	1
11456005	11454354	3
2146021	2145647	3
3791523	2606275	1
11576567	6123017	2
2125871	2125872	2
11864378	11864377	3
3445439	78398	1
9229619	9229620	1
7512143	7512144	1
1104388	1103086	3
10674733	10674734	2
851738	851737	2
10807553	10807554	1
665400	665399	1
3890139	3890140	2
3777160	3776755	1
1805102	1803951	3
3156722	3156717	1
4135665	9597319	1
2200014	2200017	1
10196818	10196823	1
3118284	3236712	2
56579	56624	1
10880284	10882178	1
3392336	3392141	1
6954855	6954866	1
3771785	3771409	1
11359637	11359638	1
11716856	11716859	1
403711	403756	3
12607243	12377742	2
9820645	9821299	2
2323168	2323167	1
12424676	12424675	1
3445439	3445442	2
12530695	12530698	1
8989600	8989599	2
8184465	8184529	1
3723981	3718864	1
11413013	11408724	1
727401	730342	1
2220811	2222891	2
264330	264329	3
7571648	7571627	1
3609891	3609892	1
8924296	8924295	1
112649	112650	1
2799660	2786989	1
8179284	8179057	1
4736733	4736699	1
378977	382766	1
4520684	4520683	4
4305981	4371704	1
5810964	5811354	1
7083388	7083906	1
7248081	7280922	2
8659685	8659686	2
744219	744222	1
4121463	4121687	1
12528813	12528639	2
7687768	7687771	3
9516948	9516930	1
4784375	4786241	1
1450146	1450154	1
6089881	6090180	2
6712459	11555264	1
10981793	10981794	2
3750039	3750040	1
9251918	9251936	2
10373977	9814071	1
6449351	6449354	3
3945281	3945282	2
5119601	5119602	4
9551824	9549384	1
1410895	1416718	1
7238970	7238969	2
12761754	12761751	1
9543217	5715240	1
5255656	5255673	1
8033073	8033074	2
4482611	4482612	1
2279553	2279554	3
6022378	6020980	2
7071290	7071289	1
5149211	5149212	3
10646567	10646568	3
1844047	1844077	1
12225685	12225299	1
9262435	9262433	1
6873257	6873258	2
1053576	1051874	2
6263069	6262657	1
7861083	7861084	1
8380247	8383629	1
4825107	4825254	1
7750464	7750383	1
2034916	1021152	1
267248	267247	2
9986534	9986540	1
11336284	11452784	1
1232810	1232809	2
7973818	7973815	1
4165407	4165408	1
4848257	4848202	1
6757318	6757323	1
568716	568719	1
7386213	7386254	1
1538123	1538107	1
6622237	6622238	1
10069562	10069561	1
1241074	1241073	2
2349328	2349300	1
7648585	4231855	3
10953963	7974301	1
12666440	12666439	3
3738668	3738671	1
3812991	3812998	2
7096572	7096474	1
3236651	3236654	3
763119	760092	1
4166819	4166820	2
5699876	5699875	4
10104575	10108265	2
6898060	6852641	2
4076823	1828808	1
10858039	10858040	2
9247740	9247737	2
2462895	2584490	1
5115904	5115116	1
746635	746630	1
1446282	1446281	1
3215881	3215882	4
1600609	1600610	1
3931044	3930793	4
8348581	8348582	1
5917197	5916729	1
9183238	9183701	1
655306	656178	1
2582820	2583570	2
5424589	5424594	2
6174722	3339941	1
11222326	11222606	7
238513	244463	3
4476869	4476834	2
2462893	2462894	3
264359	264360	2
10744570	10741364	1
11298118	11298117	1
6909085	6909917	1
2815549	2815589	1
10300307	10300308	1
3933061	3933025	4
5812561	5812887	3
78399	3445450	1
8337226	8337225	1
11850396	11850395	1
179679	179680	5
152005	151323	2
7789791	7789794	1
798195	798200	2
7444496	7444495	2
7920755	7920766	1
7951469	7951470	1
12188439	12188444	1
9296920	64835	1
12652019	12652020	1
3399085	3401692	1
10373977	6443129	1
2159030	2159029	1
5769618	5769617	2
3707376	3707375	2
12803865	12803866	1
163509	164407	1
4181695	4181696	2
4805874	4791814	1
4711502	4709614	2
11519323	11519328	2
7307497	7373435	1
3507423	3508214	1
9783835	9783836	2
6148315	6153695	1
4676524	4676523	1
6241955	6241936	1
4131597	4131574	4
1714533	1714534	2
7123017	7123018	2
3569608	3569603	1
4709774	4709773	2
5974240	5974239	2
11163233	11163234	1
2056102	2056099	2
7834484	7842006	1
11782165	11782170	1
10198373	10197614	2
1698956	1573528	1
8796101	8796102	1
4829106	4829105	1
8990097	8990104	1
4674222	4674227	1
7535818	7537254	3
11593943	11593944	1
5588758	5588751	2
12765405	12765406	1
6907731	6908072	1
6907731	6908068	3
2381625	2383638	1
8735958	35330	1
7554016	7553575	1
9160283	9160284	1
5983156	5982924	1
8047507	8047498	4
2036905	2023660	1
3886811	3886054	1
1626212	1627020	1
5722753	5723068	3
12530693	12530698	1
12303383	12303372	1
5242171	5241796	1
11124314	11124313	1
6954974	6954971	1
2907337	2907338	7
82081	82083	1
4696729	4696730	1
12616819	12619610	4
4558948	4521865	1
10895357	10895358	1
2711047	2711025	1
719027	717708	1
11769925	11857656	2
12402605	12402278	2
11178431	11178432	2
8956647	8956648	1
1151617	1151618	1
6535212	6535211	4
8267691	8366250	4
6345885	6345886	3
3994121	3994124	2
4920932	4916266	1
7343828	7343835	3
4581941	4578284	2
9592220	9592219	2
1403595	1404344	1
10523824	10523831	1
5586249	5585017	1
1011366	1011365	2
9948917	9948852	1
1321015	1321099	1
231789	231790	2
12805554	12806480	1
2486674	2486673	1
11580524	10414489	1
10675917	10681397	1
1205457	1205449	1
10541308	10541305	1
6537121	6537122	1
9087630	8862218	2
10032668	10031665	1
3018034	3018037	1
11204864	11216663	1
179677	179682	2
2252139	2252116	1
6841895	6841887	1
6624455	6624456	2
11565414	11565413	2
9372648	9372651	1
11078196	11053821	3
1444909	1444910	1
4387927	4671989	2
1713517	1713518	4
6782265	6782266	1
10197876	10197875	1
7737447	7737448	1
9960879	9960873	2
6930304	6930599	1
7492594	7492593	1
4001916	4001913	1
6973537	6973471	1
5333578	5333575	1
9536469	9536470	2
759794	758913	3
7370353	7370354	1
9784618	9782242	2
3979004	3978635	1
5579610	5579609	2
586590	586595	1
8228782	8228779	4
10952452	10952451	3
3580584	3580583	2
7386213	7389187	1
2476570	2299279	2
1320453	1320454	3
1111199	1111200	2
10744568	10741364	6
760394	760397	1
9920633	9919895	2
9743364	9743363	1
4455497	4455498	2
7535818	7537256	2
8000780	8000783	1
6646748	12780523	1
11363269	11363272	2
2569684	2569683	3
8757814	8757813	1
11199105	11199106	2
5926634	5926637	4
1034284	1034096	1
1399003	1290466	2
5238613	5238608	1
2654697	2654698	5
3940408	3940405	1
266569	266572	5
9570478	9570477	1
2712418	2712415	1
3215883	3215884	2
5512847	5511836	1
10092949	10093986	1
10780539	10780519	1
12017858	12119927	1
5926638	5926637	2
4786240	4786239	1
6102808	6102812	2
