fend1	fend2	count
7190342	7190469	1
465200	467380	1
3050399	3047909	1
7266367	7266368	2
11525020	11525019	1
11317859	11317860	1
10941615	10937278	1
11283251	11283252	1
1951612	1951611	1
9518604	9518607	1
11373435	11373429	1
2385465	2385435	1
1147181	1147353	1
1769807	1769810	1
2163222	2147658	1
5738067	5738068	1
5996184	5996183	1
2448508	2449069	1
10464901	10464902	1
5060175	5060176	1
9637845	4494852	1
11521994	11521993	1
8767655	8767656	1
6715813	6715803	1
7650110	7651171	1
5294094	5294093	1
4853792	4853696	1
11819361	11819362	1
3364765	3364766	1
4006827	4006828	1
8004963	8004923	1
7433128	7429994	1
2274679	3946884	1
9187425	9187426	1
4058526	4058525	2
9481192	9481454	1
2439954	2439953	1
4735657	4735658	1
6442220	6442219	1
1047060	1047016	1
7810394	7810386	1
1776081	1776082	1
9388543	9388544	1
1234028	1234027	1
10103699	10099018	1
5604007	5604010	1
5139553	5139554	2
835163	835262	1
2085962	2087381	1
6695542	6695428	1
8544503	8567431	1
3989311	3989312	1
6233993	6234014	1
5454553	5454554	1
421237	421238	1
11687542	11687541	1
6237172	6237171	1
669501	669502	1
11665890	11665867	1
12522121	12522122	2
4251295	4249596	1
702627	703974	1
11679105	11679106	1
12729479	12672781	1
5398045	5398046	1
8389216	8389899	1
5586792	5583782	1
204891	204892	1
292365	292366	1
11799706	11799534	1
6721558	6721557	2
2839044	2837709	1
10711246	10711255	1
10198084	10198046	1
9068381	9068355	1
11105553	11104724	1
905830	905829	1
5309350	5311626	1
784191	784192	1
8484829	8484825	1
3293581	3293582	1
7919154	7919121	1
4939139	4938786	1
530445	530446	1
7259811	7259800	1
4084885	4084886	1
729848	729845	1
9376913	9393691	1
7937836	7937835	2
2492430	2492429	1
4057076	4057075	1
7121836	7121994	1
865438	865436	1
673251	673346	1
3316755	3316752	1
3057488	3057485	1
11718463	11718466	1
8352579	8352580	2
5837951	548547	1
12424291	12424535	1
1433351	1730631	1
7218077	7218137	1
9641957	9641938	1
6107204	6107207	1
11275410	11275407	1
9493570	9493573	1
1320737	1321110	2
4813427	4808680	1
10222840	10222839	1
2127010	2127017	1
2404291	2404292	1
6390279	6381411	3
818269	818314	1
10361485	10361486	1
11018577	11018578	1
10001284	10001278	1
5746038	5746019	2
1284722	1284721	1
9244089	9244114	1
10855987	10853456	1
10951682	10951681	1
6710293	6713408	1
7149764	7135100	4
4492451	4492452	1
7514144	7514143	1
4040721	4040823	1
9080551	9080552	1
6633603	6633604	1
786729	786730	1
4249597	4249598	1
2270784	2270783	1
4058883	4058884	1
11762210	11762209	1
5481241	5481340	1
605075	155762	1
3417898	3418084	1
4998433	4998454	1
5104908	5104907	1
6953721	6953722	2
3360599	3360725	2
4529575	4529578	1
1144219	1147178	1
4536903	4536882	1
3807748	3807727	1
7940476	7940475	3
4572110	4572109	1
1047060	1047063	1
6949346	6954483	1
7447572	7447571	1
9332006	9332009	1
6005692	6006173	1
1726118	1726115	1
1332593	1332594	1
1857350	1857349	1
3417898	3418086	1
3891044	3890758	1
8402849	8402121	1
3631097	3631080	1
6858779	6858767	1
7488052	7488015	1
2263736	2263735	2
5427196	5426333	1
8014316	8014315	2
9029722	9030728	1
8375186	8374917	1
11565337	11565407	2
6269011	6269012	1
590147	590142	1
9789230	9789229	1
10544384	10545102	1
11728485	11727458	1
5196885	5196886	1
10413540	10413539	1
3477447	3477448	1
8961791	8898836	1
6543773	6543616	1
10529638	10529635	1
3306633	3306624	1
11912624	11912623	2
9705837	9705838	1
1437231	1437933	1
7876888	7876860	1
4715219	4715220	1
12488097	12488098	1
178278	182734	1
7731639	7731201	1
8873888	8873892	1
8806697	8806738	1
10377408	10377407	1
9346921	9346615	1
3288047	3288048	2
6547161	6547212	1
5489342	5489339	1
11387801	3982712	1
9789234	9789233	1
9326070	9326029	1
12463260	12464058	2
6090640	6090639	1
7992636	7996476	1
6652002	6652001	2
6106427	6106428	1
982904	982903	1
1890784	1890783	1
6108715	6110136	1
2100677	1985005	1
8970504	8970501	1
7350168	7350167	1
10884390	10884389	1
6635180	6634027	1
3501522	3501018	1
9776904	9776903	1
6566928	6566927	1
5264484	5264483	1
6630202	6630201	1
5096153	5096154	1
1453132	1453131	2
10377412	10377409	1
6991006	6991003	2
7369375	7369376	1
5114301	5112361	1
7819412	7819409	1
156166	156165	1
6136245	6135255	1
11661030	11661029	1
6175265	6175266	1
2135781	2135727	1
6179366	6179365	1
728672	765820	1
9789213	9789214	1
1284726	1284725	1
2397369	2382184	1
6738382	6738136	1
3203519	5708322	1
6764775	6764776	1
2839048	2839047	1
1679449	1679450	1
1161852	1161851	1
1377030	1377027	1
9249317	9248981	1
8695890	8695889	1
7443045	7443046	1
6472841	6473618	1
4603452	4603451	1
7446350	7446349	1
1971446	1971429	1
3968200	3968199	1
1224344	1229275	1
7940472	7940471	1
2216768	2216767	1
3640034	3640033	1
2849820	2845481	1
646777	646778	1
6836107	6836110	1
11836275	11836252	1
12245424	12245423	1
3103267	3103268	1
3067221	3067222	1
2958029	2634883	1
1286493	4049491	1
5692760	5692759	2
5987414	5987413	2
10503503	10503497	1
11214594	11214606	1
9178980	9178979	1
5128234	5128233	2
2883521	2883843	1
3142672	3142634	1
2845124	2845121	1
11223952	11223951	2
8580392	8580387	1
1556200	1453407	1
485349	485350	1
5987414	5987411	1
11297332	11316236	1
9616339	9631273	2
1641123	1641124	1
6090636	6055963	1
4088996	4088995	2
3707376	3707375	1
1726490	1726446	1
4813427	4813428	1
8370186	8370185	1
6693425	6693426	1
6991002	6990999	2
8903765	8903766	1
1147179	1147180	1
5087770	5087769	1
733611	733612	1
7551806	7551880	1
9694551	9694552	1
1204812	1204811	1
9088205	9089264	1
10992699	10992700	2
5498314	5494490	2
1594307	1594308	1
7483813	7484382	1
9074320	9074319	1
8793993	8793994	1
6083535	6083536	1
10264583	10264584	1
3311909	3311910	1
7267709	7277768	1
10841976	10859384	1
430442	430441	1
864781	864782	1
747938	747589	1
8075019	8075020	1
1167635	1167621	1
9947660	9947672	1
3315753	6775251	2
5677789	5677790	1
6964641	6966078	1
5607635	5607599	1
2490564	2490532	1
6075006	6075005	1
2055469	2055470	1
9935768	9935767	1
1474369	1474370	1
537820	547152	1
11061551	11061552	1
271579	271580	1
6374702	6374699	1
5221120	5221119	1
7905105	7905687	2
8419960	8419959	2
3504491	3504496	1
12629335	12629336	2
11387799	11387800	1
5047576	2744149	1
3488962	3487635	1
1669670	1669669	1
2659354	2659353	1
9132540	9132539	1
6042901	6042902	1
11965224	11965223	2
10886983	10888905	1
4170962	4171314	1
3528164	3526397	1
4626784	4626793	1
5784146	5784145	2
6172365	6172366	1
952960	952959	1
3143741	3125909	1
9379919	9386623	1
6905816	7266366	2
12420871	12420872	2
11431468	11486869	1
1876697	1876698	1
5882684	5882683	1
9302999	9302983	1
7743996	7743995	1
1545594	1545593	1
11943406	11943405	1
6018675	6018676	1
7794447	7794448	1
9120376	9120378	1
6210535	6210536	1
5271386	5272664	1
8437159	8437160	1
11762212	11762211	1
2104493	2104467	1
6662906	6662312	1
5627976	5629572	1
1539192	1539189	2
5884072	5884069	1
4513354	4511913	1
7262787	7262788	1
8093640	8093639	1
9896367	9896364	1
1747845	1747846	1
8928985	6445583	2
6318943	6318940	1
10149520	10149519	2
2093833	2093837	1
419764	419761	1
138676	132683	1
10362095	10362096	1
9482458	9482457	1
7570625	7570626	1
4586316	4586383	1
5528138	5528137	1
5606302	5606277	1
1402660	1402659	1
7447585	7447586	1
2344068	2344067	2
10380331	10380332	1
6128353	6128354	1
4365122	4365112	1
10331734	10338678	1
4793376	4793650	1
4483860	4488107	1
8921974	8921971	1
9829922	9829921	1
12159652	12159651	1
9123326	9123325	2
11719617	11719618	1
1594309	1594310	1
9839623	9839624	1
6193754	6193749	1
9283798	9283797	1
1934707	1934708	1
1625062	1625110	1
7345140	7345137	2
7255137	7248684	1
10416210	10416207	1
9189474	9189473	2
3960237	3960238	2
8284324	8284323	1
8190625	8190626	1
7940474	7940473	1
1436125	1436133	1
6375801	6375804	1
1826975	1826947	1
6934499	6934617	1
11166948	11159916	1
10722260	10690616	1
11547986	11547985	1
423321	423317	1
4298628	4298627	1
3512321	3512337	1
5759280	5759278	1
2657443	2658191	1
11196902	11196901	1
6496802	6496801	1
2059743	2059744	3
8379478	7119918	1
7646420	7646419	1
6972265	6972266	1
11771748	5427505	1
3154609	3154610	1
1990260	1990269	1
535105	535106	1
4133097	4670081	1
10360744	10360743	1
2682648	2682647	1
7494274	7494273	1
6984022	6996197	1
3609387	3609388	1
5551697	5551692	1
5666410	2509569	1
5587499	5587247	1
2937658	2937657	1
1571058	1571046	1
4545911	4545912	1
11661032	11661031	1
2755270	2755267	1
10332408	10332407	1
10141342	10141341	1
4504157	4504158	1
359335	359338	2
1776083	1776084	1
11589905	11589906	1
11718527	11718528	1
6516023	6516024	1
9485425	9631512	1
4057074	4057073	1
10518988	10518987	1
3564020	3563066	1
9600289	9600290	1
11184934	11185012	2
4806107	4806108	1
4548567	4548559	1
8527140	8527139	1
4183650	4183647	1
7733471	7733472	1
7217280	7217279	1
11245592	11246482	1
10360742	10360741	1
10975632	9802888	1
3493693	3493694	1
8284322	8285315	1
4089975	4089491	2
7943136	7943135	1
6716561	6716562	1
1634025	4124297	1
4735655	4735656	2
7944667	7944668	1
968413	968414	1
5395796	5388994	2
2374212	11868866	1
5367741	5367611	1
9500154	9500153	1
5321035	5321036	1
8075574	8075573	1
10580108	10423283	1
11178761	11178743	4
5793372	5793371	1
2051269	2051270	1
5264486	5264485	1
6463478	6463475	1
4020031	4019175	1
10316415	10316416	1
10008601	10008602	1
2713373	2766800	1
11118755	11117896	2
5738272	5742213	1
1167620	1167619	2
7915550	7915533	1
5094668	5094667	1
2471389	2471392	1
11794404	11794414	1
8652330	8652329	1
3639573	3638311	1
4119640	4119637	1
9038428	9038425	2
7218136	7218074	1
343517	343518	1
6500414	6501621	1
11330537	11330546	1
8900934	8900928	1
8080997	8080998	1
6185284	6185283	1
2326058	2326057	1
390815	397186	1
1352598	1352591	1
681208	681227	1
140929	140898	1
10414823	10413541	1
9248498	9248497	1
5939942	5939945	1
10503503	10503495	1
5362502	5362501	1
9792612	9800544	1
140024	139280	1
3623781	3623784	1
6588927	6588928	1
8445055	8445056	1
8441836	8441816	1
10916753	10916754	1
9138947	9138764	1
5704678	5704677	1
11718529	11718530	1
7891871	7891937	1
10461899	10461900	2
7807432	7807431	1
2826329	2826327	1
658933	658934	1
1105500	1105503	1
9771310	9771321	1
9844701	9844702	1
10871433	10870978	1
10910324	10910323	2
416258	416237	1
3936690	3936689	1
5311731	5310615	1
8650413	8650414	1
6753095	6753096	2
3714030	3625313	2
1234030	1234029	1
5257238	5257237	1
3229966	3229965	1
3382282	3382281	1
982900	982897	1
7158793	7158794	2
1533608	1533607	1
729844	729843	1
6774004	6774003	2
11172562	11172561	1
5505183	5505077	1
11965222	12170752	1
11504349	11504340	1
5982344	5981546	1
2492428	2492427	1
6414721	6414722	1
1612536	1612535	1
7294927	7294928	1
1501597	1501598	1
11529072	11529595	1
6170513	6170514	1
3504491	3504503	1
3925382	3925381	1
6785087	6785107	1
9842841	9842842	1
9264131	9264132	1
6494948	6520319	1
6566926	6566925	1
12714201	12714222	2
10461901	10461845	1
3193337	3193349	2
576539	576542	1
10467124	10467121	1
8040726	8040710	1
11532995	11538085	1
10918659	10918660	1
7726328	7732066	1
1275467	1275468	1
267646	267651	1
6035818	6035817	1
1928880	1928879	1
7731978	7731975	1
1696020	1697206	1
5934954	5934953	1
9587059	9587060	1
9123324	9123323	2
7473805	7473808	1
9138447	9139506	3
6634532	6630201	1
3313545	3366789	1
646546	646545	1
5708776	5708766	1
4583188	4581743	1
4995037	4995038	2
9775693	9775694	1
8519783	8471697	1
1016381	1016382	1
5591351	10213932	1
3042321	3042322	1
10756708	10756707	1
8512575	8512576	2
9772082	9772081	1
3245446	3247715	1
10360740	10360739	1
3716037	3715068	1
3051453	3051454	1
4044253	4044254	2
11476833	11476834	1
10508556	10508555	1
10356394	10740521	2
6652000	6651998	2
8485049	8485050	1
1544235	1544236	1
283807	283808	1
1133227	1131801	1
2428924	2428923	1
7357809	7357810	1
646544	646543	1
4543151	4543152	1
1951614	1951613	1
1619427	1619428	1
10309816	10307919	1
11395862	11395859	1
11510353	11508354	1
5795039	5795040	1
1327007	1327008	1
6583585	6583586	1
8922753	8922754	1
11203608	11203607	1
363433	363434	1
4446259	4446260	1
3813000	3813008	1
8867730	8867734	1
8317122	8317124	1
2512098	2494588	1
6637959	6637960	1
2064565	2064568	1
8956354	8956338	1
9074318	8725565	1
10093490	10093514	1
8452751	8452752	1
5578788	5576664	1
3542499	3542500	2
10468682	10468679	1
9428038	9428085	1
7323717	7324346	1
1801084	1801103	1
7793827	7792969	1
8526571	8526572	1
11830939	11830223	1
2597487	2597375	1
5037936	5037935	1
3239086	3239085	1
11853791	11853767	2
6544281	6544282	1
5657535	5657568	1
6892062	6892061	1
2738934	2736743	1
7451615	7451616	1
2718925	2673300	1
5742212	5742211	1
3487634	3487633	1
9248502	9248499	1
4360381	4360382	1
10875420	10875419	1
1963209	1955860	1
5378675	5378678	1
11373428	11373427	1
5253060	5253059	1
3608819	3624616	1
9355178	9355171	1
129743	129690	1
8714914	8714911	1
2338782	2338781	1
5308483	5309033	1
10295392	10295391	1
10937889	10937890	1
2906039	2906040	1
1485867	1485868	1
9775695	9775816	1
4083236	4088398	1
1515323	1515324	1
4652603	4652656	1
10222844	10222841	1
7883360	7883359	1
544645	1269297	1
6966271	6966272	1
229721	229722	1
7259801	7259802	1
11860067	11860070	1
6130186	6130183	1
8841161	8841162	1
4251677	4251678	1
5574944	5573547	1
3861509	3640035	1
3630849	3406401	1
8714693	8714752	1
1711626	1711275	1
4617399	4617392	1
12207950	12207949	3
3572970	3572969	2
9475944	9476052	1
182735	182736	1
8282093	8282094	1
7561061	7561616	1
12555968	12555967	1
773837	773838	1
7120208	7120207	2
950677	950662	1
4032280	4032277	1
6019866	6019863	1
10194451	10194452	2
6924	6921	1
10182825	10182826	1
4511039	4665159	1
12663810	12663809	1
2759339	2759342	1
421230	421329	1
3909941	3909933	1
3310149	3310150	1
2556430	2556429	1
6238260	6237983	1
9107990	9107989	1
5697951	5697952	1
3868208	3868207	1
12785557	12786907	1
5837949	548547	1
2670559	2670560	1
3698269	3698270	1
3645600	3645742	1
10456417	10456420	1
10400699	10400704	1
2147078	2147077	1
11965220	11965219	1
10342049	10342999	1
10565310	10565309	1
8439317	8439318	1
10044806	10044803	1
4880298	4880297	1
10266585	10266586	1
4504315	4504316	1
11467610	2095664	1
7716145	7716813	1
1545592	1515344	1
7100928	7100927	1
4089949	4089950	1
262456	262447	1
121469	121470	1
9388545	9388546	1
1634245	1624075	1
6936478	6936577	1
3645693	3645694	1
6009971	6012104	2
5116915	5119035	1
1748589	1748597	1
8080890	8080869	1
6119663	6119664	2
1570663	1570027	1
5837949	5837950	1
6992569	6992570	1
1040764	1130542	2
1453130	1452049	1
10004010	10004009	1
8561494	8561515	1
4679254	4679257	2
5810426	5810423	1
10423310	10423309	2
7750082	7750085	1
1609929	1609889	1
7430590	7430592	1
11937892	11937891	1
10202889	10202890	1
10851193	10849646	1
7999971	8000020	2
10713000	10712999	1
10515779	10515284	1
9863447	9862313	1
8089109	8090749	1
6265194	6265193	1
6543769	6543770	2
3357887	3358131	1
1091316	1091315	1
11921183	11921169	3
10309213	10309391	1
477460	477473	1
9883098	9883097	1
693566	693565	1
7995946	7995941	1
6133511	6133512	1
5826306	5827582	1
6568090	6568089	1
10883866	10884597	1
3152739	3152740	1
8218943	8218944	2
5371990	5370160	1
4565520	4566265	1
6136243	6136244	1
9352064	9352063	1
5590733	5590734	1
3937705	3937706	1
2338780	2338788	1
6131007	6130770	1
8832100	8832095	1
8164672	4917340	1
6381259	6381260	1
8507226	8507225	1
9007856	9007853	1
8279472	8279475	1
7144459	7123164	1
7741443	7741607	1
4799594	4799584	1
6709745	6706466	1
7599979	7599913	1
3112386	3112385	2
8265973	8265974	1
185845	185831	1
10045134	10044272	1
9252335	9302075	1
576537	576538	1
12465637	12465640	1
12719468	12719461	1
7807426	7807328	1
6472143	6472144	1
3831085	3831086	1
11193168	11193138	1
9856346	10009007	1
7611181	7611182	1
2833831	2833834	1
5321033	5321034	1
3737119	3737120	1
3906140	3906139	1
7987114	7987113	1
4625708	4625707	1
5446384	5445037	1
4548558	4548557	1
7844380	7844379	1
334999	335000	1
1451728	1453692	1
7259424	7259423	1
7939734	7939733	1
7135219	7135220	1
7830873	7830874	1
9102260	9102259	1
7490258	7490255	1
3051455	3051427	1
8873893	8873894	1
11443651	11443652	1
4586655	4586656	1
7935424	7935423	2
4494851	4494852	2
3042323	3041237	1
8903767	8961790	1
8282133	8282134	1
2992389	2993762	1
5530059	5531807	1
4548565	4548566	1
3550526	3550525	1
10346418	10346408	1
3598383	3572971	1
4188919	4188786	1
250772	250774	2
4514599	4503017	2
11957103	11957104	1
10141340	10141339	1
392045	392046	1
5361697	5362503	1
1068572	1068571	1
5096155	5096143	1
6199192	6199197	1
8358419	8361097	1
2478865	2478866	1
5253060	5253057	1
4021335	4020363	1
1521333	1463511	1
8397569	8397053	3
4555067	4555068	1
10916755	10916758	1
7962109	7962583	4
535107	535108	1
6220269	6220270	1
121473	121474	1
8648697	8648698	1
842025	842028	1
6482264	6482115	1
8723038	8723037	1
11670498	11670493	1
12473785	12473786	1
8348731	8330967	1
7354141	7354142	1
11965218	12170752	1
12255614	12255613	2
12252687	12252688	1
2490236	2493766	1
3154605	3154608	3
6531792	6566929	1
789407	570300	1
6082237	6082238	1
11051266	11051265	1
4787366	4787365	2
1437352	1432567	1
7954251	7954252	1
3653072	3653071	1
9775464	9775477	1
1622391	1622392	3
1348415	1348412	1
11863142	11863758	2
7177759	7115944	1
8877408	8877407	1
10643269	10643270	1
10331736	10331735	1
8400311	8400314	1
531058	534542	1
8441596	8441595	1
2250664	2250661	1
5063898	5063897	1
2065668	2065667	2
4914753	4914754	2
156164	156163	1
4103665	4103377	1
3691780	3691779	1
8843307	11587396	1
11284278	11286349	1
7992613	7992614	1
4993562	4993559	1
7731804	7731803	1
1098343	1098125	1
861140	861139	1
7945444	7945468	1
9911146	9911151	2
3212430	3212429	1
8179974	8180044	1
2412977	2412966	1
8431334	2955395	1
12245426	12245425	1
4378907	4378908	1
7446297	7446298	2
658115	658116	1
2785703	2785704	1
7093505	7093965	1
11827396	11827395	1
8187231	11354609	1
11520035	7862101	1
9911150	9911149	1
6940815	6940816	1
2104491	2104492	1
1477848	1477860	1
6393614	6309851	1
11219568	11219567	1
2231	2232	1
7446323	7446324	1
11113218	11113217	1
4256868	4256821	1
10740713	10740703	1
3555801	3555802	1
8961635	8961636	1
10142505	10142506	2
6595706	6778138	1
5878414	5878413	1
5309352	5309351	1
7272022	7272021	1
8080868	8080809	1
1332595	1332596	1
6473619	6473620	1
11533764	11533763	1
1105502	1105501	1
10438225	10404071	1
4831961	4831962	1
3541047	3541949	1
9641242	9641239	1
11930730	8025580	1
2716875	2716968	1
4032278	4032277	1
2719640	2719639	2
3445620	3445626	1
953023	953024	2
12252689	12252690	1
9794632	9802517	1
6205533	6205534	1
9617382	9621597	1
8518835	8518951	1
2085964	2085963	1
4474892	4474875	1
10204410	6170512	1
7733473	7733474	2
3682927	3682928	1
3119767	3119772	1
12240355	12240356	1
4658245	4658246	2
806458	806457	1
9250702	9250701	1
3623785	3623786	1
9328129	9320874	1
3936694	3936691	1
10361487	10361488	1
768574	768573	2
337336	332689	1
729036	725083	1
1634243	1634244	2
12640514	12390196	1
4055838	4055837	1
7294930	7294929	1
4494853	4494854	2
5056195	5056196	1
6727918	6729263	2
4617299	4617300	1
6306150	6306149	2
8290314	8289990	1
7495539	7495534	1
1854384	1924088	1
368661	368662	1
4921027	4921030	1
849341	849342	1
1380394	1379094	1
4091878	4093356	1
9347506	9345748	1
4504317	4504318	1
6451697	6451698	2
6312211	6312212	1
11785699	11785700	1
5278540	5278539	1
8040728	8040727	1
3458763	3458764	1
9789236	9789235	1
7214464	7214281	1
6192461	6192462	1
5074875	5074876	1
11062823	11062824	2
7719854	7719853	1
10455450	10455453	1
12488704	12492615	1
9482456	9482455	1
2023261	2023262	1
7397234	7397226	1
11387797	11387798	1
3135311	3135312	1
12183535	658114	1
11201005	11201006	1
7844378	7844377	1
10928458	10928457	1
3789744	3789739	1
1144	1160	1
7204857	7204858	1
586273	282833	1
10877722	10877721	2
11817078	11817077	1
4557595	4557596	1
10356396	10356395	1
4014324	4085322	1
12787972	12787971	1
3924084	3924083	1
5595072	5595275	1
9346614	9346611	1
5455139	5455140	1
7943134	7943126	1
11518487	11518488	1
4549511	4549512	1
1953796	1953795	1
8621745	8621706	1
11757828	11758520	1
10835301	10835302	1
1711596	7856519	1
7148475	7149599	1
1275469	1275470	1
7844380	7844377	1
4083500	4081408	1
827091	827092	1
5903070	10637744	1
9747142	9747129	1
10073949	10073950	1
1168185	1168186	1
9551289	9551290	1
418732	416397	1
11443653	11445094	1
2863829	2863852	2
7940474	7940471	2
1730313	1730307	1
11930289	11930290	1
9311793	9311794	1
376051	374066	1
6964135	6964150	1
3786949	3786018	1
9476914	9476628	1
6406039	6408256	1
8319767	8319458	1
1209723	1209724	1
6090638	6090637	1
1018274	1018263	2
7407603	7401320	1
6374698	6374697	1
5197845	5197846	1
2785964	2785702	1
11708372	11708371	1
7741606	7741605	1
7733469	7733472	1
3609348	3609345	1
4115642	4115693	1
7078760	7078759	1
8363178	8362917	1
4579763	6771931	1
6634532	6630203	1
5187446	5187443	1
8230163	8230047	1
7667676	7667675	1
306186	404489	1
4716893	4716902	1
4547011	5368745	1
4768231	4768234	1
7844788	7844787	1
2952449	2952450	1
3230570	3230567	2
12268742	12268739	1
10497878	10497877	1
11084146	11083832	2
6159816	6159815	1
7791860	7791857	1
1436132	1436131	1
1569877	1569878	1
8400758	11445428	2
6298852	6298851	1
9393690	9393689	1
4536901	4536902	1
831423	831463	1
10481493	10481496	1
11846520	11846519	1
2616088	2616091	1
3907645	3907298	1
4143384	4145781	1
3707236	3707241	1
4853697	4853698	1
4549655	4549656	1
4992091	4992092	1
12424282	12424279	1
6375805	6375806	1
9371596	9371573	1
714836	714835	1
6545221	6545222	2
2063307	2063310	1
4513358	4513357	2
2020360	2020290	1
5227173	5225094	1
10896464	10896087	1
11865849	11865538	1
10874791	10938120	1
1636194	1636193	1
3944999	7941871	1
6891237	6891238	1
5477536	5477543	1
11968533	11968534	1
2292181	2292182	2
10447048	10447047	1
10377133	10377138	1
4813429	4808680	1
9603346	9603345	1
2005402	2005453	2
39504	39503	1
3213715	3212431	1
7492579	7492567	1
6179368	6179367	1
1769807	1769812	1
229874	229873	2
1432566	1432565	1
10300463	10300464	1
11579779	11580246	1
853022	524525	1
5798316	5798315	1
8392001	8391998	1
2662233	2662234	1
6381410	6381409	2
11779652	12478707	1
7448093	7448094	1
6472841	6473620	1
4617278	4617204	1
2791625	2791620	2
1415498	1415497	1
9463662	9463661	1
9163635	9163638	1
3555803	3555804	1
2457732	2457809	1
5100834	5100833	1
2018290	1897689	1
1743002	1735203	1
10082093	10082096	1
5645046	5645045	1
7580049	7575261	1
3788159	3788160	1
1694426	1694423	1
2899973	2899974	1
4575835	4575836	1
5357159	5565975	1
3283318	3361457	1
4712103	4686629	1
11456209	11456204	1
4491434	4492455	1
6029072	6028735	1
6395517	6395494	1
2178556	2178555	1
3047908	3047907	1
2706828	2709889	1
1694302	1694301	2
11857962	11857961	1
7446295	7446296	1
8580394	8580393	1
10714936	10714447	1
674824	674774	1
2672165	2672166	1
4687699	4687700	1
5425773	5425774	1
4055836	1104112	1
11390106	11390105	1
11608465	11608466	1
3740349	3740360	1
5788871	5788874	1
818296	818295	2
10180855	10180856	1
7497192	7497195	1
11273590	11273587	1
4215372	4215378	1
8834129	8904583	1
11137978	11137977	2
6637961	6637962	1
6939835	6939838	1
11199844	11199799	2
1871877	1871878	1
11345161	11345940	1
8746532	8746531	1
6472621	6472425	1
8248217	8248218	1
4558028	4557597	1
3406400	3406399	1
10740702	10740701	1
7068796	7068793	1
11533766	11533765	1
8628005	8624292	1
11402734	11402731	1
11547085	11547086	1
11567585	11567586	1
2952451	2952452	1
6208802	6210534	1
8031961	8031962	1
11593064	11593070	1
11873340	11873225	1
4027038	4027012	1
838245	838246	1
2586705	2496150	1
11294424	11294423	1
1583490	1583489	1
4072534	4070466	1
1423220	1423179	1
3937703	3937704	1
271577	271578	1
4040542	4040539	2
3192814	3192813	1
2713371	2713372	1
11178374	11178371	1
6375286	6375295	1
11899161	11899164	1
11062821	11062822	3
1331186	1331185	1
10063410	10063417	1
12522123	12522124	1
7378854	7378810	1
6179370	6179369	1
9635488	9635487	1
8040411	8040403	1
10902144	10901429	1
11508355	11508356	1
3288046	3288045	1
4090150	4031461	1
1874536	1874164	1
3450205	3824478	1
1568138	1391181	2
7733475	7733476	2
8165475	8165476	1
10937891	10937892	1
9178978	9178981	1
7981625	7982975	1
360543	351695	1
4084887	4084888	1
4745137	4745575	1
10919612	10919619	1
10737395	10737356	1
11669992	11671333	1
693570	693569	1
2839246	2839245	1
10316417	10316418	1
10287936	10285935	1
9230650	9230647	1
1467742	1467739	1
3310560	3282359	1
952958	3685181	1
1769811	1769812	1
2636673	2639392	1
4954673	4954674	1
5987412	5987411	1
7003716	7004175	1
1068570	1068569	1
11097412	11099520	1
1625103	1625106	2
1763744	1766286	1
5017854	5017853	1
6079064	6079063	1
226005	226006	1
10872952	10875061	1
11124858	11126416	1
6306148	6306153	1
3112384	3112139	2
10468668	10468667	3
2308335	2308336	1
11366010	11365768	1
3631383	3636453	1
9717135	9729616	1
2274677	2274678	1
11671322	11670099	1
430444	430443	1
7997496	7996583	1
11873370	11873369	1
5068365	5068366	1
7522596	7522595	1
3213012	3213553	1
1512532	1512535	1
2267041	2267042	1
11689445	11689446	2
11320234	11320233	2
10587979	10587980	1
5769233	5736711	1
9107992	9107991	1
1655186	1655185	1
8230046	8230045	1
2873206	2874898	1
6568252	6568267	1
9264133	9262060	1
5720518	5720517	1
12522121	12522124	1
8612249	8617960	1
3364761	3364764	1
905828	905827	1
4498669	4498670	2
10377412	10377407	1
1766304	1766301	1
5826644	5826643	1
6205531	6205532	1
10553122	10553121	1
10070529	10070530	1
840186	840188	1
12424274	12424273	1
4638797	4638798	1
5712257	5712258	1
3951967	3955460	1
1308490	1119638	1
3467708	3477446	1
7773100	7773099	1
9353465	9353466	2
10595759	10595727	1
2541067	2541064	1
6906827	6906828	1
7610553	7610573	1
2381920	2381933	1
3889613	3889614	1
9352062	9352061	1
4430989	4430983	1
8038406	8038365	2
6678390	6678389	1
1675371	1675372	1
7436378	7436417	1
7571619	7590056	1
7207780	7207779	1
6037404	6037403	2
369339	369340	1
2667173	5284417	1
9749790	9749789	1
646548	646547	1
4617297	4617298	1
2059745	2065669	3
5746040	5746039	2
4488094	4488093	1
7694713	7694714	1
2839248	2839247	1
1721699	1721700	1
2666322	2666321	1
4306042	9525805	1
11483134	11483101	1
3280163	3280164	1
2059743	2065669	2
1682548	1679448	1
10735700	10735699	1
10679411	10679412	1
10358768	10357912	2
6829677	6829678	1
9637845	4494850	2
7644607	7644608	1
8401745	8401006	1
1028546	1031664	1
3815870	3816133	1
10030356	10024262	3
2812904	2812903	1
11386516	11386682	1
6245347	6245348	1
7443047	7443048	1
2102683	2102706	1
6940817	6940579	1
1617787	1617788	1
5708778	5708777	1
8450447	8450448	1
7007340	7009656	1
11422733	11232888	1
9702518	9683892	1
3859826	3859825	1
646542	646541	1
5833448	5829929	1
10070531	10070532	1
9938498	9938497	1
3592809	3592810	1
760689	760690	1
4808581	4504314	1
606277	606278	1
4129005	4129006	1
10423312	10423311	2
5927142	5927062	2
1912249	1912250	1
2265710	2265709	1
6310835	6310849	1
7446452	7446451	1
3800489	3802776	1
2489741	2493547	1
4492620	4492619	1
2560315	2559434	1
11568585	11568814	1
6814923	6815621	1
2451920	2452292	1
191075	191364	1
11869597	11933021	1
3924086	3924085	1
1284724	1284723	1
8849937	8849923	1
9062176	9073179	1
3908988	3906141	1
9555942	9555939	1
6607038	6607037	1
2209802	2209801	1
605805	605808	1
8509154	8509198	1
4880302	4880297	1
10075755	10075746	1
3133165	3133166	1
6209006	6210537	1
419755	419756	2
2839046	2839045	1
2744148	2744147	1
3285880	3285879	1
4283768	4283215	1
1408632	1408622	1
10676831	10676832	1
1634023	1634024	1
5933833	5933834	1
2533126	2533125	1
1427702	1427693	1
11062571	11108719	1
4492449	4492450	1
7826037	7826038	1
3897400	3897395	1
8650415	8650307	1
6612918	6612917	1
11110636	11110635	2
7259426	7259425	1
5278414	5278417	1
5247007	5246936	1
5841892	7944324	1
2179763	2180862	1
1309593	1309594	1
7207782	7207781	1
3430829	3430830	1
3539877	3539355	1
9180316	9180325	1
6174682	6174681	1
3968285	3968510	1
5268527	5268528	1
12787970	12787969	1
7469977	7469978	1
1794598	1794597	1
12542792	12542791	1
11522999	11522449	1
7937058	7937373	1
332688	332463	1
7376799	7378211	1
5650207	5649995	1
8171765	8169359	1
8031959	8031960	2
1769686	1769692	1
7561944	7561947	1
1047062	1047061	1
3293583	3293584	1
7345136	7345135	2
6265199	6265195	1
5212441	5212442	1
12227967	12226556	1
7733469	7733470	1
5362433	5362434	1
9163633	9163634	1
747582	747920	1
10083298	10083295	1
9376913	9393689	1
12743241	12743242	1
1334943	1334944	1
2179721	2179762	2
4011773	4011768	1
419757	419760	1
7138782	7138781	1
2326060	2326059	1
11378699	11381748	1
8073170	8328156	1
7374955	7374956	1
5421855	5421856	1
8398054	8398053	1
10573158	10573150	1
2495449	2495450	1
8444001	8419961	2
3230572	3230571	1
8787657	8787672	1
4244602	4244594	1
11687131	11687912	1
10679409	10679410	1
11482599	11481402	1
3230566	3230565	2
4625710	4625709	1
7781756	7781755	1
7668825	7668826	2
7661615	7661616	1
3288051	3288052	1
702625	702626	1
4080541	3978387	1
2322726	2322725	1
10503496	10503495	1
4300091	4299869	2
8545092	8544009	1
9311791	9311792	1
6143823	6143824	1
10336502	10336501	1
7652775	7652776	1
9042422	9042421	1
8149201	8149202	1
8519523	8519101	1
8527138	8527145	1
5784161	5784147	1
3890759	3891088	1
12038795	12038796	1
203527	203528	1
7206045	7206065	1
7939732	7939729	1
5992544	5992098	1
10507655	10507656	1
1314139	1309592	1
10948010	10947922	1
2784604	2784567	1
2206720	2206717	1
2974934	2975229	1
7941281	7941282	1
2500857	2500789	1
7026002	7025999	1
5447957	5447954	1
10871431	10871432	1
4105864	4105853	1
4640578	4640577	1
8171761	8171764	1
8872610	8872609	1
4716903	4716904	1
416597	416598	3
7477396	7477395	1
140899	140900	1
2127016	2132862	1
10756706	10694361	1
10133167	10137224	1
3561392	3561283	1
1617394	1617393	1
10180855	12154438	1
796912	818297	1
725075	725076	1
1627647	1627648	1
3960235	3960236	1
3216958	3217319	1
7730845	7724888	1
1275465	1275466	1
8236445	8236442	1
842029	753588	1
11989625	11989658	1
4378905	4378906	1
10141689	10141708	1
8520131	8520132	1
1618811	1618812	1
4749604	4749601	1
10518986	10518985	1
84795	84796	1
10336908	10336845	1
10669239	10669240	3
3955265	3929072	1
2314030	2314029	2
6202764	6199533	1
6854310	6854070	1
2900834	2900833	1
6866185	6866096	1
10193483	10193484	1
4529577	4529578	2
8678932	8679128	1
6948276	6948275	1
5923659	5923660	1
6115344	6115343	1
8872207	8872611	1
5385184	5392507	1
535105	535108	1
1451664	1680871	1
3717947	3717948	1
1533369	1533370	1
1503107	1503110	2
3719163	3719164	1
8833207	8833208	1
4549505	4549510	1
7113921	7113911	1
3953630	5704677	1
6769895	6768306	1
6005694	6005693	1
9110092	9109430	1
672896	502171	1
1704491	1704492	1
3997607	3997608	1
1539196	1539193	2
9828157	9832592	1
7446423	7446424	2
2309284	2309347	1
3906138	3906120	1
7610165	7610146	1
4032280	4032279	1
8281764	8281752	1
4475001	4475016	1
9073994	9073997	1
2866751	2866752	1
8370184	8370183	1
11226904	10304391	1
7765428	7765435	1
11444674	11444671	1
7418350	7418335	1
3570339	3570340	1
6815140	6815137	1
12660296	11514820	2
6992214	6992213	1
8576888	8580666	1
11775986	11775985	1
11846518	11846428	1
8520879	8422887	1
7404930	7404929	1
6338647	6334371	1
5587774	5587791	1
4057072	4055646	1
2836730	2836729	1
809663	809718	1
5784144	5784143	1
7436814	7436813	4
11128050	11128056	1
11111852	11111849	1
6909514	6909347	1
4094914	4094913	1
5756942	5757065	1
5638988	5628120	1
9299881	9299882	1
10469561	10468372	1
12244040	12238385	1
3992351	3992352	1
5784142	5784141	1
7999969	7999970	1
6947457	6953722	1
12449193	12449194	1
1321095	1321096	1
5764127	5764136	1
8289991	8289993	1
5562660	5562663	2
8531316	8531304	1
6778139	6778140	1
1713092	1713091	1
1537706	1539184	1
11440739	11440824	1
8025533	8005729	1
9935766	9935763	1
5552393	5552396	1
8317125	8317126	1
1257681	1257682	1
6086757	6086758	1
6713897	6716560	2
3953630	5704679	1
3280219	3280220	1
6119648	6119647	1
2097516	2097523	1
4194994	4194993	1
12550972	12550971	1
746039	746040	1
10825040	10825086	1
12811752	12811751	1
483626	483645	1
10737357	10737358	1
5544257	5346390	1
12255616	12255615	2
2028324	2029595	1
8637362	8637361	1
10403419	10403420	1
9776906	9776905	2
7731980	7731979	1
1332591	1332592	1
4688837	4688838	1
9137663	9132541	1
802547	802548	1
9555379	9555532	1
9107357	9107358	3
10376309	10376310	1
2853265	2853266	1
10845598	10854631	1
3967778	3967775	1
10497728	10497727	1
2233	2234	1
7711407	7711408	1
8400760	8400759	2
8028204	8027003	1
9950685	9950688	1
4746390	4746387	1
11627604	11627464	1
10835763	10835764	2
2315463	2315795	1
11474049	11498984	1
1240982	1240085	1
7259807	7259808	1
9551291	9551292	1
6545223	6295512	1
2906041	2906042	1
6870015	6870016	1
8867369	8868769	1
7558165	7558168	1
11769186	7596104	1
7278449	7278450	1
1966969	1970531	1
7672602	7672492	1
5003936	5003935	2
3949757	3949758	1
1521329	1521332	1
5692762	5692761	2
4040538	4040537	1
10223446	5448471	2
10208788	10208665	1
11589658	11589917	1
7651170	7651169	1
6424909	6424910	1
8611406	8611042	1
8129275	8129279	1
1168512	1168511	1
12480662	12482559	1
9291550	9291549	1
9283796	9283795	1
2580400	2580399	1
5586590	5586589	1
7819408	7819407	1
7120210	7120209	1
12543054	12543053	1
2051334	2051268	1
7236674	7236660	1
5798314	5798313	1
1761220	1760835	1
818104	796913	1
4679500	4364581	1
9468893	9468894	1
11863740	11863737	1
795118	795117	1
2561965	2571335	1
1485869	1485870	1
1118632	1117768	2
1685858	1686057	1
7002495	7002496	1
6130182	6130187	3
1733307	1731391	1
2069587	2069588	1
3295921	3295934	2
5104910	5104909	1
10392045	10392046	1
7915532	7915472	2
10264585	10264616	1
1331111	1331149	1
10231251	10231259	1
4438241	4627917	1
6017771	6017684	1
2439956	2439955	1
12136902	12172425	2
9703627	9703628	1
4118638	4118637	1
9163639	9163640	1
7558163	7558164	2
3408979	3408952	1
2836728	2836727	1
5017852	5017851	1
2932616	2685703	1
7527572	7527571	3
6284130	6284127	1
5697953	5697978	1
2657441	2657442	1
1568140	1568139	1
3083203	3083204	1
3394089	3395022	1
10217113	10078930	1
7181921	7181922	1
11521996	11521995	1
10957793	10957794	1
1596955	1617395	1
211955	211956	1
8760809	8766357	1
12663190	12663646	1
7238494	7238613	1
7474353	7474356	1
6532773	6532776	1
2373182	2375290	1
359689	359564	1
6347151	6347169	1
150554	150553	1
7901931	7903550	1
5784144	5784141	1
206161	203526	2
11593991	11593611	1
3993826	3993825	1
9060068	9060065	1
2089889	2089890	1
6897684	6897683	1
7447441	7448796	1
11540491	11540492	1
210066	229875	2
1500776	1411318	1
7667672	7667677	1
9692332	9692331	1
2719638	2719637	1
6780377	6424908	1
11859161	11859162	1
7807434	7807433	1
9302699	9770072	1
7706824	7705200	1
802549	802550	1
4756761	4756762	1
4553417	4553418	1
10625423	10410614	1
8807930	8807886	2
6972264	6972259	1
9591257	9591264	1
590801	590852	1
9633722	9633721	1
37559	37560	1
7652777	7652778	1
12424276	12424275	1
7963860	7963859	2
2599938	2547555	1
8809020	8809019	1
7943779	7943780	1
12461654	12459728	1
5551693	5551694	1
2836809	2836804	1
5178877	5337041	1
12337716	12246660	1
8415435	8415436	1
4067095	5606712	1
2616087	2616088	1
818104	818297	1
7835651	7835652	1
5020058	5019680	2
1828099	1827820	1
8544835	8566286	1
2348412	2348411	1
6543771	6543772	2
12241539	12241540	1
9802122	9802121	2
2270782	2270781	1
1296711	1296600	1
6545221	6295512	1
6494950	6494949	1
1597619	1597514	1
2671916	2679205	1
1204810	1204809	1
774333	774334	1
9149923	9149479	1
4118634	4118057	1
4751300	4751299	1
3241018	3241017	2
8465316	8464572	1
9844484	9844472	1
2059106	2059103	1
291965	291966	1
5253058	5253057	1
7158795	7158796	1
214796	214702	2
1658874	1658873	1
11718531	11718534	1
1263498	1263497	2
2073102	2073294	1
1681503	1681419	1
10222846	10222845	1
5455145	1623785	1
7002493	7002494	1
1227928	1230780	1
1993325	8888316	1
11236454	11236478	1
9042420	9044591	1
8500524	8500614	1
8421322	8421321	1
9300614	9300800	1
6941403	8109664	1
11549022	11558993	1
788756	788755	1
3946885	3946888	1
11518485	11518486	1
9500152	9498224	1
3462078	3462183	1
2727600	2727599	1
2207891	2199478	1
8723036	8723035	1
4529575	4529576	2
7819414	7819413	1
2374427	2374428	1
3608817	3608818	1
11159482	11160295	1
6934891	6934892	1
2180863	2180864	1
1233967	1233968	1
12125359	12125360	1
7259809	7259810	1
2495837	2495594	2
1305763	1305764	1
3100906	3100905	1
9500156	9500155	1
2650805	2786283	1
9692952	9692785	1
138636	138614	1
457720	457724	1
10430043	10430044	1
7610660	7610659	1
4547937	4547983	2
3467710	3467709	1
3400828	3400827	1
392047	392048	1
9532553	2781854	1
6814921	6814922	1
6635182	6635181	1
729036	725085	1
7436816	7436815	4
6015862	6015898	2
11679906	11687543	1
11273592	11273591	1
4675780	4675779	1
1916221	1916222	1
5430433	5525901	1
1487872	1487477	1
8225531	8225532	1
8038364	8038363	1
8621707	8621708	1
7446454	7446453	1
8813668	8813667	1
12619093	12619094	1
753	754	2
3536486	3536359	1
7847264	7847261	1
3796942	3796915	1
7608517	7768167	1
4545909	4545910	1
3753042	673032	1
8232361	8232384	1
3925384	3925383	1
8988856	8988855	1
4118636	4118635	1
11745573	11745574	1
7720419	10459812	2
10375096	10374309	1
6891240	6891239	2
3631381	3631382	1
7029603	7028251	1
530447	5314558	1
5454551	5454552	1
5826295	5826307	1
6189910	6192043	1
7272020	7272019	1
9291539	9291540	1
11424913	11424914	1
11976308	11976298	1
7737295	7737473	2
7807430	7807427	1
10004008	10010567	1
2559435	2559436	1
7943127	7943130	1
5614023	5614010	1
3285882	3285881	1
10884388	10884011	1
1487874	1487873	2
6528974	6529895	1
4880296	4880299	1
5577533	5578041	1
10167562	10167556	1
8269365	8269366	1
6516188	6516187	1
11259008	11258875	1
4157469	4192377	1
4993585	4994481	1
1471584	1475168	2
8180047	8176143	1
5638990	5638989	1
8279108	8279105	1
3290773	3288110	1
4045142	4046975	2
5856589	5856590	1
2382440	2382423	1
11713197	11713200	1
8230044	8230043	1
788758	788757	1
3645695	3645696	1
6298850	6298849	2
9187425	9187430	2
4549657	4549658	1
5876031	5876032	1
10384704	10384706	2
7610658	7610657	1
6829684	6829681	1
5020091	5020092	1
8332014	8332013	1
3868034	3868209	1
2811833	2814184	1
1857348	1857395	1
11589901	11589904	1
2755266	2755271	1
7400525	7400531	1
5544255	5544256	1
8074615	8074843	1
7633342	7633341	1
1543585	1546054	1
6208802	6210536	1
10151788	10151787	1
2274530	2274553	1
1168183	1168184	1
7411407	7411408	2
9300616	9300615	1
7788119	7759855	2
4802610	4802006	1
11039885	11040337	1
3418085	3418086	1
3742161	3742162	1
725084	725083	1
150552	150549	1
10191887	10191936	1
2555332	2555338	1
693568	693567	1
4513356	4513355	2
9123326	9123323	1
3238881	3238957	1
5885951	5613194	1
11488661	11488582	1
11018564	10979706	1
2153201	2153204	1
10355887	10355888	1
4567366	4570807	1
9802120	9795025	1
10468538	10468215	1
2369269	2600302	1
9141400	9154181	1
4914755	4914756	1
11070968	11070967	1
8527144	8527141	2
11674404	11674410	1
3208484	3208501	1
6482258	6482271	1
1474367	1474368	1
9187427	9187430	1
4876310	4876309	1
3055924	3023192	1
6803210	6803209	1
7152042	7163769	1
11110634	11114565	2
1775641	1775919	1
6414719	6414720	1
3648185	3648116	1
4853782	6795885	1
11192785	11192786	1
3565727	7962163	1
5249591	5248885	1
3528971	3528600	1
2348410	2349255	2
6926	6925	1
9577051	9579369	1
2369742	2369741	1
11670505	11670506	1
8185805	8185808	1
5275210	5275209	1
9752334	9750917	1
7200349	7200350	1
6172367	11402735	1
10082089	10082090	1
10379404	10382507	1
7613940	7623500	1
8961637	11626559	1
7163768	7163763	1
3253212	3253211	1
1957333	1957660	1
7376797	7376798	1
2814906	2814905	2
11749657	6307610	1
6082260	6082236	2
5856591	5856580	1
10875418	10875415	1
2095713	2095524	1
11661028	8879445	1
3231280	3320692	1
6443477	6443478	1
8445057	8445058	1
8970504	8970503	1
9874571	9874572	1
3816587	3815386	1
1647056	5451820	2
5927144	5927143	2
8898232	8897780	1
209510	245960	1
10865538	10865523	1
763568	829315	1
7474357	7474358	1
982901	982902	1
7991221	7992612	1
10284437	10284440	1
7176582	7176581	1
11145588	11141483	1
10896086	10896085	1
1512528	1512526	1
11816567	11816568	1
1305765	1305757	1
9510969	9511006	1
1138867	1140484	1
8004189	8004171	1
1828597	1829313	1
6966269	6966270	1
7629018	7629017	1
6264250	6234761	1
9499400	9499387	1
7530428	7530427	1
6400607	6400842	1
11679906	11687541	1
11081122	11082539	1
7214271	7214272	1
1533606	1533589	1
8065037	8066270	2
156162	324189	1
5350491	5350741	1
12608527	12608532	1
10575271	10575272	1
94467	94468	1
655394	655393	1
9853776	9853767	1
10497726	10497725	2
7696202	7696189	1
2932685	2932686	3
10355885	10355886	1
10670158	10670157	2
6592120	6592036	1
8421320	8421323	1
4026495	4037383	1
2244195	2235196	1
653126	653123	1
10699967	10699969	1
4062118	4062062	1
3504497	3504503	1
10597670	10597063	1
9121387	9121388	1
4331295	4331337	1
7944670	7944669	1
7107158	7106950	1
10877662	10877661	1
6374191	6374212	1
8859203	8862520	1
6689431	6689413	2
2479847	2426946	1
6947457	6953720	2
4532308	4532305	2
3494933	3494934	1
3288049	3288050	2
3554053	3554054	1
4583351	4583352	1
7345132	7345131	1
