fend1	fend2	count
3945834	3945828	1
88137	88172	1
4041842	4041855	2
3158190	3158189	1
9583067	9583079	1
10653524	10653523	1
1749868	1749867	2
5942607	5942584	1
1767550	1767553	3
7472921	7473065	1
7394304	842129	2
917105	917506	2
8543319	8543320	1
7078222	7078213	1
12447571	12447558	1
1800892	1796154	1
11805378	11676610	1
4243630	4284707	1
438547	439870	1
818609	818610	1
5089549	5089550	1
120259	120260	1
4691755	4691883	1
3573924	3573930	1
7173696	7173695	1
6079694	6079691	1
2538124	2497582	2
6692815	6692816	1
6263764	6227332	1
12672109	12672112	3
5004615	5004616	2
6141704	6141681	1
7223126	7223125	2
12456198	12456201	2
2193821	2193822	1
1620341	1620351	1
10113447	10052221	1
2425477	2425654	1
5443658	5443653	1
8150193	8150374	1
7345081	7345082	2
2811596	2811664	1
5892055	5892056	1
5231006	5231005	1
10102091	10102092	2
5010329	5014361	1
38941	38959	1
7783220	7783219	1
11395238	11395237	1
917038	917037	1
2721307	2721308	3
5240589	5240590	1
33944	33766	2
7412571	7412577	1
8670361	8670362	1
9168159	9168160	1
12256894	12315251	1
2887165	2887166	1
9183712	9183703	1
1249244	1249262	1
3962507	3962508	2
8036016	8036015	1
9655771	9642689	2
11056053	11056054	1
778516	831306	3
8575713	8575714	3
10333703	10333704	1
6332066	6332065	1
9586801	9586813	1
10531305	10542264	2
916744	1777681	1
4640711	4640714	1
4158326	4158325	1
653145	653146	3
972825	972828	2
6536750	6536800	1
9946662	9946661	1
1395981	1395982	5
7906837	3911736	1
286256	285477	1
6199692	6199691	1
8747865	8747866	1
4646117	4535670	1
11141473	11139142	1
10300665	10300666	2
10919145	10919146	1
12296724	12296723	1
10076755	10076756	2
12661401	12661402	1
1222332	1222330	1
3120476	3120475	1
3563261	3565214	1
8757626	8757625	1
2355897	2355898	1
3829756	3821215	1
12598461	12559581	2
3960562	3960561	1
7404407	7404408	1
5585109	5584958	1
5825726	5825725	1
10097465	10043941	1
4064980	4064979	1
5345962	5345961	2
12456204	12456203	1
7404419	7404434	1
10531236	10460812	1
10468451	10372279	1
8904335	8904336	1
2539713	2178087	1
10250351	10250354	1
12123819	12123869	1
11819633	11799595	1
5606419	5606420	2
5241696	5241695	1
7836686	7840068	1
6347385	6347386	1
8447769	8447770	1
792138	792137	1
1388162	1388159	1
3917954	3918035	1
1651645	1651648	1
6442647	6442648	1
5363657	5363658	2
2258161	2258113	1
791677	7974212	1
9096749	9172089	1
1034475	1034476	2
7821186	7821185	1
8761855	8761856	1
8835734	8835599	1
8293124	8293127	1
8478444	8434812	1
3631126	3631139	1
6653573	6653574	1
1748464	1748463	1
11756664	11756676	1
8251210	8251065	2
7831071	7830912	1
7324996	7324995	1
6441868	6441867	1
4699266	4699265	2
3694506	3694903	2
1489080	1489079	1
34687	34663	2
4378841	4378842	1
1612580	1612579	1
4919616	4919619	2
4757676	4757675	1
8845904	8845893	1
11332552	11332551	1
12049172	10031645	1
10887520	10920933	1
6304671	6304672	1
994853	6554841	1
4650604	4650603	2
6258189	6258190	1
2212697	2212698	1
6757633	6757636	1
7069432	7069429	1
8645239	8645254	1
6073519	6073520	2
7814500	7814499	1
9519064	9519063	1
995642	995641	1
9138500	9138499	1
1836683	1836684	1
12780090	12781803	2
8398434	8398433	2
10385015	10385016	1
10875652	10875663	1
12690942	12690941	1
11678151	11678268	1
10596300	3329245	1
9283643	9283644	1
1076610	1076609	1
9923280	9909375	2
6346313	6346308	1
5619743	5619744	1
11273413	11273414	1
338600	338599	1
12731905	12731908	1
10467246	10467245	2
843437	843274	1
5016856	5016961	1
4751353	4751379	1
2455100	2455099	1
10700794	10720743	1
2224750	2224749	1
11002853	11014687	1
992971	992976	1
10297399	10297400	1
518582	484422	1
11800057	11800058	2
1350993	1488868	1
1798164	1798154	1
11969846	11969828	1
280852	280916	1
3607121	3607282	1
11126291	11126292	1
1566435	1560217	1
8979934	8979933	1
7707102	7707101	1
1496268	1490587	1
2407736	2407781	1
8997384	8997383	2
11959185	6623348	1
5632629	5632630	1
5874002	5978953	2
4365538	12219961	1
620731	535491	1
5433317	5433318	2
4942171	4942172	1
4470523	4470524	1
2765188	2660223	1
11258391	11258392	2
4418667	4418668	2
7495000	7494997	1
12327234	12327233	2
7029552	7029557	1
1246902	1323083	1
7048162	7048161	1
7876407	7876408	1
3615219	3615220	1
4685755	4687285	1
9873197	9873198	1
8446096	8446095	2
2167787	2174903	1
9566955	9566958	1
286591	286592	1
513908	513699	1
6480384	6480383	1
828708	828707	1
7977315	7977316	2
4847083	2571131	1
12247244	12247243	1
9692375	9692376	1
11327719	11327724	1
909258	909187	2
2639690	11440030	1
909861	904023	2
5996533	6019352	1
6218151	6218144	1
11729226	11729221	2
5691859	5691860	2
7943803	7943804	1
9156808	9155422	1
11818132	11818131	1
3622279	3629949	1
11541347	11541394	1
4284915	4284916	1
5295517	5295518	1
6402633	6302242	2
7290976	7290944	1
10290846	342386	1
10930233	10930234	1
11487030	11487042	1
4706318	4706317	1
9542788	9542003	1
6069613	6069614	1
8861715	8724633	1
5127041	5127035	1
2464861	2224853	3
2412226	2412225	1
2090419	2090420	2
12672180	12627944	1
9418456	9418455	2
1654281	1654282	1
8183844	8183843	1
2655968	2655939	1
6952209	6952204	1
6402631	6402632	2
761484	761415	1
2993802	2994319	1
5320670	5320669	1
6179411	6169105	1
943263	943264	4
2961840	2961837	1
12320047	12320048	1
2159269	2159408	1
3956950	3953255	1
1211658	1211657	1
7029554	7029557	1
2833815	2833816	1
9930692	9930691	1
10629872	10629871	1
924487	917369	2
10476200	10476199	1
6146522	6146519	1
9061986	9050044	1
7245963	7245970	1
11219388	11219407	1
9516485	9567956	1
10320573	10321519	1
8682386	8682354	1
2588026	2588022	1
4301757	4301758	2
5507860	5507859	1
10984642	10984630	1
10824775	10824776	1
2178157	2178160	1
241144	241143	2
3213750	3218221	1
6364866	6364848	1
1276709	1276710	2
6755438	5882815	1
626454	620687	1
5809426	5809425	1
4628981	4629011	1
5463895	5463896	1
2608446	2608445	1
9967779	9967782	1
10196962	10196965	1
7460623	7460624	1
1392033	1392034	1
7446355	7446356	1
6423350	6423349	1
4348261	4348262	1
7347997	7359815	2
6739036	6708844	1
6711255	6711250	2
9745593	9746842	1
11294239	11294240	1
6332717	6332718	1
9069065	9069622	1
223116	222392	1
5270474	5270473	1
6159558	6159557	1
5838327	5840332	1
5329744	5329743	1
6339836	6339835	1
5167733	5112194	1
4991225	4991226	1
11447894	11447883	1
6888935	6888806	2
11394276	11276391	1
1294929	1294932	1
10795828	10795827	1
4804675	4844874	1
3227254	3227253	1
10100015	10100020	3
1247771	1247772	1
4925218	4925213	1
9895390	5344533	1
11116902	11145662	1
10315287	10315288	1
1540176	1537072	1
7549374	7549373	1
7112587	7112588	1
9898469	9898470	1
1754170	1754169	2
2909692	2906557	1
5123363	5123386	1
4064842	4064841	2
7428889	7428903	2
10476996	10476992	2
8013736	8013735	2
9856684	9967776	1
3768399	3860488	1
9867827	9867828	1
11586689	11497364	2
2104117	2104127	1
5446978	5447483	1
6369072	6369074	1
9435212	9435285	1
4108017	4041851	2
10040579	10040580	1
2591495	2591496	1
1071988	1071987	1
7630311	7630312	1
7925757	7925557	1
8583951	8583906	1
1185789	1185790	1
6441876	6441869	2
11305154	2660398	1
8840451	8840452	1
9774479	9774497	1
2061314	2061093	1
2376607	2376610	1
5269849	5269821	1
1603484	1603526	1
7880448	7880447	1
10320527	2893680	3
9527204	9527207	2
8936215	9686354	1
8812983	8812015	1
11701961	11701962	2
7153431	7153767	1
4010154	4010156	1
7742960	7742959	2
12764367	12764368	1
9317120	9317119	1
6872059	6862329	1
4776280	4776955	1
2267485	2267418	1
7153147	7153153	1
3308631	3308612	1
12455921	12455922	1
11020929	11005050	1
600022	600021	1
5318772	5318771	1
11854438	11834050	2
1464348	1464359	1
11393753	11393721	1
4353406	4353405	1
3083744	3083743	1
8700370	8665686	1
1781023	1780902	1
8310008	8310007	1
1851763	1851764	2
2224750	2224747	2
5799998	5799995	1
12202723	12202720	1
3464008	3464007	1
7551118	7633083	1
3829025	3829026	1
5329744	5329568	1
7455238	7455235	1
139015	139016	1
11625317	2922060	1
7126489	7126512	1
7533036	7533035	2
10453603	10458441	1
8335995	8335996	1
5428310	5428306	1
6718021	6718022	2
5111728	5111727	1
3802998	3802997	1
11002851	11002852	1
8091471	8051149	3
10541182	10541185	1
11778374	11778371	1
10325193	10325194	1
5712773	5712706	1
12788888	12386742	1
1819484	1835687	1
5337526	5337525	1
3858845	3858846	1
3500441	3500442	3
6993073	12208525	1
2401686	2501299	2
6152010	6152009	1
6499719	6499720	1
9178701	9178933	2
6532227	6547750	1
11330941	11330950	1
3360597	3360783	2
12471569	12471570	1
4286197	4286198	1
11608213	11608214	1
5135350	5135349	1
9482200	8808077	1
1793387	1793388	1
5815004	5815498	1
9134582	9134577	1
4022524	4022523	2
2570217	2571165	1
1729937	1729938	1
8209988	8210002	1
6372853	6372868	1
9749479	9749480	1
10081328	10081327	1
7537931	7537932	1
1691349	1763681	2
5556827	5556828	1
1744675	1744682	1
4173167	4173170	1
10131533	10131534	1
2423104	2423103	2
2376286	2376285	2
9814944	9814990	2
2131993	2133274	1
2835890	2835889	1
10145953	10145954	1
7841319	7841332	1
1102270	1102174	1
2358961	2358945	2
11489995	11489996	1
12444398	12444397	2
12808252	12808251	1
4506318	4506317	1
2975049	2975050	2
9595776	9595775	1
12373622	12373621	1
3057388	3057387	1
5266523	5266524	1
8732698	8832812	1
5540888	5540887	3
1226166	1226163	1
8478444	8434810	1
8758493	8758494	1
3694499	3694502	1
10926520	10926519	1
52222	52221	1
10399463	10399464	1
10350621	10350622	2
11981511	11981512	1
6921724	6921829	1
9086151	9086152	1
2281250	2281214	1
5676277	5676423	1
7260732	7260727	1
4496367	4496370	2
6488984	6393920	1
8447771	8428121	1
12747735	12747738	1
3254374	3227255	1
3798856	3798801	1
3712153	3712108	1
6065165	6088164	1
10087052	10087049	1
9788053	4278949	1
3808200	3808199	2
6454558	6454580	1
11147562	11119487	2
1481636	1481635	1
10409791	10409689	1
11393818	11393825	1
6577786	6656749	1
12780081	12780082	2
2603500	2606599	1
9081900	9085188	2
1277857	1277858	1
3246689	3246690	1
3209998	3209997	3
5161132	5161127	1
208482	208424	1
9665507	9665508	2
3726776	3726496	1
3648811	3648812	1
9131424	9131816	2
11577871	11577872	2
12646070	12646069	1
6584348	6584345	2
3670465	3663490	2
225654	225652	1
1889346	1890230	1
1092004	1092001	1
3906710	3906709	1
8861717	8724633	2
3080870	3080867	1
4204858	4256733	1
6705796	6705812	1
7759641	7759642	1
9786713	9786583	1
1726900	1728539	1
5379054	5329012	1
10746768	10746765	1
4220498	4220497	2
4770530	4770529	1
5984253	5984364	2
4167819	4245627	2
12599972	12606306	1
12239946	12239945	1
4731638	4731637	2
973908	973907	1
1458225	1576043	2
1057912	1057397	1
4679297	4602001	2
1291740	1291878	1
11547314	11547313	1
6301272	6300902	1
2152179	2152180	1
5607634	5607711	1
8487300	8487299	1
3772355	3771737	1
6298486	6298509	1
11308195	11308196	3
6785209	6785210	1
9175453	9183350	1
12719087	12719088	2
2778157	2778158	1
7220741	7220742	1
416833	8575727	1
12730302	12730301	3
10500085	10508568	1
1395983	1396597	2
7899448	7899395	1
6823609	6823612	1
7069432	7069431	1
5616689	5616690	2
657539	657530	1
6532414	6532413	1
8742473	8742474	1
5802289	5801016	1
1412247	1412248	1
5582258	5581520	1
418051	418052	1
6761896	6776592	1
11301392	11301440	1
1206588	1201823	1
7077964	7078064	2
2167622	2006548	1
3790844	3790864	2
208484	208483	2
9281630	9281007	1
7624577	7623730	1
2090421	2090422	2
10597542	10597541	1
6556066	6464768	2
10810615	10810607	1
1611045	1623360	1
11698913	11698914	1
10212322	10212321	1
4329205	4329206	1
7886597	8006670	2
10297450	10297449	1
259377	259378	1
4534317	4600675	1
10121622	10121621	2
2847138	2842534	2
7104756	7104772	1
8682388	8682387	1
12273421	12273422	1
3607055	3769471	1
7884357	7884481	1
1486584	1486583	1
8656161	8776473	1
1767551	1767552	1
2897948	11560742	1
10238725	10238726	3
1906775	1892963	2
1415401	1238520	1
6789408	6789407	3
12539390	12457862	1
9840122	9964221	1
418053	418054	1
9030714	9030713	1
846988	846997	1
12461987	12461927	1
1363926	1343892	1
10675143	10675144	1
5843910	5843909	2
3546187	3546091	2
7822106	7822103	1
3648809	3648812	1
1603158	1586667	1
2074958	4633614	1
2743035	2743049	1
10140847	10140848	1
8076224	8075932	1
414785	414786	1
6120407	6120395	1
6235372	6342574	1
5089559	5196380	2
6636819	6644913	1
7492803	7537800	1
7475618	7477395	1
370964	370956	2
4377606	4496374	1
10338681	10338682	1
8657296	8657299	1
5742275	5742212	1
4256720	4256723	1
4317258	4317535	1
5720977	5721002	1
11699963	11699964	1
6692811	6692812	1
7777026	7777025	1
6011704	6011836	1
2028868	2028867	1
3103151	3103152	1
6786481	6786482	1
5329746	5329745	2
1081070	1081069	2
10311622	10311627	1
465735	465736	1
11405731	11405732	1
3787443	3787405	1
4572742	4643584	1
3969411	3969412	1
10492681	10503897	2
7755741	7755749	2
6257234	6257233	1
7579659	2730588	1
11547316	11547315	1
5093236	5093114	1
3387900	3388238	2
4705534	4705533	1
3648809	3648810	1
12036738	12036426	1
7593167	7593176	1
1475430	1475347	1
800954	800949	1
6369394	6369396	3
4266471	4266472	2
10157206	10157205	1
5103425	5103402	1
8179876	8179873	1
11579897	11580427	1
6336122	6336121	1
9567369	9567370	1
9169013	9169403	1
7191181	7191182	1
1612627	1612581	1
112501	197181	2
8987046	9061694	3
1655434	1655433	1
12004390	12004389	1
9567368	9512321	2
11648006	11653558	1
12692311	12544982	1
431202	353685	1
1246879	1276336	1
10896974	10896070	1
2152181	2153177	1
3090109	3090110	1
12304649	12726575	1
2638897	2638988	1
8335997	8335998	1
5661515	5661516	1
9081902	9081901	2
7792437	7792438	2
7076327	7070678	1
5670296	5666185	2
9746843	9746844	1
9497605	9497547	1
4602020	4602019	1
10730743	10730935	1
10309137	10309066	3
1851973	1851940	1
3122860	3121724	2
12668712	12668711	1
8425085	8425009	2
8874835	8874886	1
10770951	10770952	1
6142265	6142266	1
9313306	9313305	1
2369258	2368787	1
9239258	9239257	1
12690936	12690939	1
4725536	4725607	1
5547729	5547730	1
9239254	9239290	1
11524120	11484705	2
2529867	2529868	1
8350988	8263302	2
795434	12143716	3
5616694	5616688	3
5943768	5943767	1
3450837	3450840	2
2559483	2559484	1
1284655	1284146	1
398495	398496	1
8722910	8722909	1
10817908	10817907	1
11447882	11447881	1
6349939	6377329	1
7153766	7153765	2
11394278	11394277	1
12341352	12341351	1
9266394	9266393	1
1422279	1422249	1
5019317	5019214	1
9707349	9707350	1
10021889	10021890	1
8694552	8760785	1
10297448	10297447	1
6921828	6921827	1
11933126	11933132	2
6763769	6763770	1
10629872	10629869	1
9733814	9733813	2
2814476	2814371	1
3358395	3360549	2
5231109	5231541	1
7504462	7504347	1
5759749	5759725	1
5906877	5928332	1
8352878	5581610	1
6267507	6267512	1
6188636	6122218	1
8395475	8395612	1
1830910	1830909	1
8915570	8915658	2
11202039	11202040	1
10260419	10260424	1
10912780	10912777	1
975326	975325	1
2407438	2407437	2
9307	9718	2
10608098	10608097	2
345882	345860	1
12761661	12783163	1
2358944	2358943	2
6741376	6741375	2
4167817	4167818	3
2381330	2381319	1
7499535	7499538	1
1294927	1294928	1
7378421	7378424	2
6810528	6810541	1
3066103	3073328	1
6921724	6921827	1
5255210	5255209	2
10516517	10516497	1
2961542	2961541	2
4075429	4073733	3
12130632	12130628	2
184073	61086	1
9440842	9440841	1
4423241	4423242	1
2598155	2598156	2
6248310	6232324	3
7308527	7308528	2
9924928	9924925	1
7973626	7902444	2
9710138	9681811	1
3336790	3336748	1
3050850	3050849	1
11818310	11818433	3
3248506	3248509	1
5066252	5066251	1
8075485	8075527	1
6248952	6248999	1
8446289	8445788	1
8035533	8035534	1
3377928	3377927	2
8200738	8200737	2
7613766	7613765	2
3365496	6802393	1
12423823	12423833	1
472970	472933	1
1197854	1197853	2
12808254	12808253	1
4876938	4876945	1
6009669	6009674	1
9806320	9806317	2
1620617	1620618	1
5865589	5865582	1
6652387	6580348	1
2430051	2430052	1
2970955	2978165	1
7226445	7217254	3
5928328	5928326	1
11244884	11244902	1
2267474	2267473	2
8001008	8001007	1
3537663	3537664	1
5742635	5608524	1
6808891	6808892	1
7544269	7544272	1
12736480	12736479	1
974935	974936	1
1406896	1406885	1
9684578	9684577	1
1432798	1411236	1
7538842	7538841	2
11085352	11085351	1
58754	58757	1
4382195	4391697	1
1185121	1185146	1
2881284	11623614	1
1986624	1986621	1
12139332	12138067	2
12207390	12207393	1
3597847	3597848	2
3305778	3305777	1
2509006	2509003	1
6507966	6507929	1
12685330	12685329	1
1209577	1209578	1
6752459	6752462	2
2320851	2135513	1
657237	657232	1
5329742	5329568	2
3982141	3982142	1
12614590	12632456	1
1534875	1534888	2
10427376	10427340	1
3500443	3500259	3
967032	966990	1
2451075	2499686	1
8023286	8023285	2
4019133	4101370	1
5266522	5266521	1
6090695	6090696	1
1620559	1620560	3
8425641	8484410	1
2533757	2600311	1
6254960	6255664	1
11289258	11289257	2
9144957	9144638	1
3506794	3506793	3
5009521	5018087	1
10866366	10865678	2
6035088	6032171	2
8245891	8245185	1
1165805	1165806	1
6804943	6804948	1
10592757	10601230	1
5690423	5690426	1
6009048	6009047	2
10670432	10723821	1
3446612	3483156	1
1223964	1223963	2
3851743	3754564	1
5698346	5698343	1
12678111	12678112	1
3319232	3319231	1
1509239	1508161	2
5208542	5208541	2
10531236	10531235	1
3208466	3208465	1
3437907	3437908	1
1515376	1515350	1
2611524	2611523	1
5382809	5382810	1
9911084	9911079	1
5578952	5488289	1
1488397	1488216	1
4310117	4310442	1
12413377	12413390	2
9175676	9170802	1
8464321	8464335	1
6040880	6040879	2
8797410	8797409	1
10995139	10995140	1
970612	970611	1
4004595	4004596	2
7407218	7407223	1
1793389	1793390	1
2218539	2423105	1
553391	553392	1
11902027	11902030	1
5843563	5843586	1
8818582	8818581	1
11236975	11236976	2
551646	551645	1
5438218	5438229	1
4658235	4658236	1
3680603	3643573	1
6182260	6182259	2
2511415	2511416	2
948364	926928	1
8357394	8357393	1
2580281	2493834	1
10131535	10131589	1
7518481	7486450	1
12246863	12246866	1
2926637	2929423	1
10097463	10097464	1
10699386	10693349	2
896531	896618	1
1322781	1276266	2
2453952	2453951	1
7911733	7911734	2
7776468	7776018	1
11319487	11319488	1
2152603	2152604	1
10796758	10797071	2
9992142	9992141	1
11393818	11393823	1
12762572	12762571	1
3681674	3581787	1
9049850	9049876	1
7874346	7874381	2
6061030	5928194	1
8838604	8838601	1
4075427	4073733	1
1291742	1291741	1
1219583	1219317	1
10865837	10865840	1
1364995	1364996	1
12690936	12690943	1
12373620	12373631	2
9537968	9537979	1
10231354	10233345	1
5018174	5018173	1
10409188	10536506	1
12397291	12397292	2
12784772	12784771	1
7604858	7604857	3
5673258	5673007	1
1170639	1183056	1
5744547	5744552	1
6342575	6342584	1
3706996	3706995	1
1962864	1962871	1
5994926	5994901	3
10972257	10972276	1
6346350	6471621	1
7171624	7171623	2
5971277	5971278	1
5088819	5088820	1
1349361	1442218	1
5697169	5697270	1
824978	824977	1
4746430	4737177	2
3530964	3521916	2
1367711	1343056	2
68505	68497	1
10603550	10603547	1
8812838	8812828	1
3045688	3050188	1
5760778	5751086	1
6321651	6322103	1
6441868	6441865	1
11404549	11404550	1
5669369	5658661	1
9616757	9616763	1
1172697	1172698	1
11230572	11230603	1
8076230	8076225	1
5405257	5405258	1
1752933	1752886	1
10954700	10899591	1
929324	929301	1
3970688	3970716	2
3229598	3243673	1
1106818	1057913	1
1934616	1934615	1
5102247	5102248	1
8197665	8197116	1
8847622	8847621	1
7474520	7474519	1
3641118	3641117	1
11676611	11676612	1
223116	222394	1
4445934	4445896	1
5860923	5860924	1
8891742	8891741	1
8202604	8202603	1
2563800	2590476	1
11202041	10744574	2
6709633	6712110	2
8078640	8078639	1
5802285	5802288	1
2275847	2276137	1
6220582	6220581	1
11517599	11517594	1
3933043	3933044	2
6711807	6711808	1
889205	889206	2
10090832	10051664	1
12409087	12349638	1
5197814	5197813	3
7858496	7858504	1
1600420	1600419	1
1453422	1462741	1
6411131	6411132	2
1040676	1040679	1
3851715	3919007	1
1969822	1969819	1
9776389	9776366	1
4148034	4148033	1
9898463	9898464	1
464539	3328866	1
11184497	11048914	1
9541519	9541520	1
3973708	3973707	1
8090334	8090333	1
116917	116918	1
8643668	8642707	1
6674227	6662921	1
450355	450111	1
11180730	11180729	1
3254830	3254841	1
4499597	9798019	1
5641453	5641450	1
111947	27478	1
11242182	11242074	1
5540890	5540889	3
2784939	3143108	1
1682098	1682097	1
6282652	6282651	1
6714865	6707055	1
3686506	3686503	1
519175	519176	2
1756755	1756767	1
5742273	5742274	1
4120750	4120799	2
1916070	1916095	1
5616696	5616695	1
3546438	3546437	1
6176044	6196481	1
4556835	4556836	2
1386530	1386555	1
5381506	5381402	1
10545937	10546488	2
7602337	7602338	2
1248444	1248443	1
8070748	8070793	1
12206222	12206221	1
5057061	5014879	2
6090697	6090510	1
4692078	4692077	1
1698564	1579186	1
1093905	1076611	1
2502816	2502791	2
5106920	5106912	1
3580383	3580384	2
1324849	1328051	1
9838622	9838476	1
3907141	3907016	1
1243181	1243182	1
12639570	12639569	1
1210322	1189974	1
11782546	9924929	1
2851012	2851009	1
6069611	6069612	1
11093272	11015860	1
5566579	8387499	2
6694219	6694253	1
3774509	3774510	2
3419457	6151014	1
5729365	5809427	1
678883	678880	1
7029329	7029310	1
9084327	9084262	1
6795850	6795849	1
1231416	1270146	3
7188849	7188850	1
3150874	3150838	1
10588375	10558838	2
2638620	2638619	1
4484013	4484014	2
1272262	1272261	3
9820929	9820930	1
5111730	5111729	1
770868	770867	2
8734197	8734198	1
9764642	9764611	1
11086475	11086386	1
2921007	2921008	1
489823	489824	1
11535153	11535154	1
12758815	12744885	1
10823011	10805868	2
8373956	8373955	1
4787323	4787324	1
8060824	8060909	1
10476998	10476997	2
4087952	4087951	1
11219390	11219389	2
1356409	1356509	1
1771080	1771106	1
8571323	8571338	1
12643190	12641712	1
11033425	11033426	1
6297632	6297631	1
1340752	1386165	2
9270979	9270980	1
10324639	10324632	2
3336794	3336793	2
5414411	5414448	1
4013419	4013365	1
1533809	1530544	2
8636369	8652197	1
11661431	11661474	1
4787308	4787303	1
5193806	5267188	1
3686507	3686432	3
12444400	12444399	1
5058317	5058318	1
12338643	12338644	2
5731411	5731474	1
1510203	1510204	1
9138932	10649279	1
8719609	8625901	1
11393936	11500726	1
1096663	1096664	1
10820096	10819893	2
8734199	8734202	1
870174	870366	1
5483029	5483030	1
8910198	9042333	1
1555371	1555372	1
7135979	7135980	1
3086993	3086994	1
3669512	3669511	1
10338683	2721306	1
8755432	8755431	1
526447	526416	1
6638381	6638382	1
4330001	4330002	1
11763922	11763942	1
776533	776534	2
9684576	9684575	1
661577	661578	2
12124865	12124717	1
2176250	2026126	1
820809	820999	1
9561566	9561490	1
8425856	8425855	2
800948	800701	1
11273415	10467247	1
11902033	11902034	4
9178173	9178174	1
7966558	7966579	1
5015871	5013284	1
11077523	11077526	1
9828481	9828482	2
7705653	7705654	1
12299211	12299212	1
6707303	6707304	1
8170971	8170972	1
3885433	3885395	1
12605917	12605918	1
5935531	5935532	1
11557278	11557277	1
9556340	9556339	1
2132728	2132725	3
1383278	1383337	1
11430401	11589121	1
11977924	11977923	1
232182	232179	1
5197922	5197921	3
5522743	5519376	1
7095774	7095729	1
6476067	6476273	1
370964	370958	1
92863	92864	1
9285872	9285679	1
5367306	5367305	2
3870539	3870540	1
67698	67703	1
10424309	10424310	1
11180728	11180778	2
4019132	4019131	3
1271565	1271568	2
2744305	2744306	1
12123815	12123818	1
8335999	8212076	1
6187564	6187561	1
10987455	10987456	2
4052538	4052473	1
4066702	4066701	1
10176599	10176597	1
5747150	5747124	1
1579246	1579253	1
1985418	1985411	1
2251179	2251106	1
468758	468757	1
6121358	12207170	1
1822929	1822932	1
2248129	2248539	1
6092558	6090988	1
612821	612822	1
11625315	2922060	1
5308583	5306334	1
7507459	7507460	1
11386662	11386641	4
4384458	4330829	1
2610194	2610177	1
3103149	3103150	1
12614176	1285895	1
3375011	3375034	1
10619210	10619209	1
6757544	6757542	1
4022525	4022526	1
9327609	9327610	1
12529088	12525665	1
12647137	12647138	2
8811636	8811630	2
1679525	1679526	1
5151267	5151268	1
1854853	2059064	1
85567	87388	2
2014783	2040824	4
11324101	11324102	1
9493870	9493880	1
5275693	5330335	1
9358827	9358828	1
734804	734838	2
4622231	4622232	1
4721313	4721754	1
11837261	11837264	1
1586666	1586665	1
4658208	4658207	1
7477185	7476717	1
5981998	5944381	1
11758608	11758605	1
12404842	12404841	2
11388953	11388956	1
12740227	12740202	2
8383480	8383479	1
1400079	1400062	1
10100015	10100022	1
12180762	12154085	2
3622362	3622361	1
4194771	4156923	2
3831309	3831310	1
5127790	5127789	1
1300779	1300780	2
8581812	8581811	1
1218117	1218112	1
1786657	1786658	1
5691248	5691247	1
6125998	6125992	1
7182414	7182413	1
12686127	12687155	1
6569222	6569221	2
6868665	6868666	1
8278115	8278436	1
8636992	8636948	1
8744045	8744055	1
1998160	1997232	2
9824979	9824974	1
1105237	1000803	1
7379343	7379344	1
2975820	3090108	1
2306040	2365334	1
10081157	10127960	1
1216743	1216843	1
6940812	6940733	1
5192123	5192124	1
4824457	4824458	1
1370590	1370589	1
1406277	1233515	1
9850184	9850183	1
9768431	9641615	3
8820830	8820799	1
12462348	12462347	1
1992552	1960270	1
11799012	11799011	2
5368983	5368984	1
1943048	1943047	2
10373279	10373280	2
3325136	3325148	1
9640320	9651479	1
5502185	5502177	1
9378979	9379014	1
1170049	1169873	1
4499316	9792062	1
3304624	3304623	1
3696099	3696100	1
971190	971188	1
5859935	5859936	1
10486240	10486209	1
4002242	1763574	1
5584778	5584753	1
3454239	3454230	1
11902031	11902032	4
1920500	1917033	2
6751062	6751054	1
7837859	7837860	1
2479965	2479934	1
8794908	8794907	1
6467105	6467142	1
604672	604671	4
5016997	5015872	1
6164141	6153554	1
9453230	9477982	1
9180471	9111024	1
2268997	2268998	1
12456202	12456201	1
1621662	1621615	1
8292744	8292743	1
6060356	6066121	1
2595713	2595714	1
3445621	3445622	1
2610194	2610179	1
1747758	7101854	2
357284	320239	1
11385849	10358411	1
4576019	4576008	1
6920910	6920966	1
11530949	11531092	1
5337530	5337527	1
7486451	7486456	1
3541070	3541072	1
9462510	9462509	2
268131	333460	1
7511241	7511252	1
4636141	4636241	1
8053069	8053070	1
6551460	6507303	2
11821677	11821678	1
10933567	10933568	2
3328842	464538	1
11752481	11752482	1
11864867	11865482	1
3206723	3206724	1
2752578	2752553	2
12555443	12555444	1
9883514	9883602	1
12246863	12246864	1
12597920	12597919	1
9298009	9302987	1
6176042	6196481	1
7440072	7440071	2
7695468	7695458	1
185169	187531	2
5112195	5112196	1
7915661	7915679	3
8808269	8808270	1
9631941	9559238	2
4788921	4651326	1
9059376	9032588	1
11902031	11902034	1
9605273	4263563	1
10353686	10353685	2
1671394	1671393	1
3555320	3555317	1
7234292	7234291	1
10549474	10549473	2
9178165	9178172	1
6729173	6729174	1
11518281	11517625	1
11913217	11913218	1
5382213	5382214	2
6757637	6757545	1
2656654	2656653	1
12419703	12419704	1
11541401	11541402	1
6339834	6339833	1
5696487	5832818	1
4729460	4757395	1
4322170	4322169	1
1279016	1279015	2
11471500	11465571	1
3785166	3785165	1
11152893	11152875	1
6239605	6239608	1
10912790	10912781	1
12384612	12382566	1
6334092	6334091	1
11920355	11920342	1
979099	2025981	1
5341428	5341483	1
3680603	3643575	1
11242422	11242421	1
1491933	1491974	1
8599983	8599984	1
6587366	6586907	1
5610807	5610808	2
10124700	10124792	1
11101896	11101895	1
6741701	6741702	1
7518441	7518442	1
5818894	10930116	1
6961477	6961478	1
1199677	1202288	1
1560353	1516426	1
40253	40256	1
3270271	3270272	1
6369397	6369398	3
3710639	3710612	1
8980334	8980333	1
5124	5123	2
3661535	3661536	2
3539013	3539014	1
6425529	6425464	2
9806322	9806321	1
3546436	3546435	1
1103057	1103060	1
854067	854068	1
546814	546872	2
7814500	7814497	1
5994643	5994634	2
241142	241141	1
5606074	1970662	1
5802794	5802506	1
12485011	12485012	1
10302396	10290739	1
7029554	7029553	1
6441866	6441865	1
9152015	9152016	2
3878750	3678853	1
12610012	12610263	1
1279586	1279735	1
5176057	5176058	1
8682388	8682354	1
6679181	6679166	1
10883584	10883587	1
7291150	7291147	1
5856203	5856204	1
1761914	661576	1
11264098	11264097	1
1708229	1710925	1
5557782	5556826	1
1634433	1634434	1
5205899	5205900	1
1395174	1395173	1
3991312	3991311	1
8078882	8078881	1
2275371	2161440	1
4741966	4741965	1
10649024	10649044	1
5092954	5092952	1
8902901	8902882	1
865403	865392	1
1210322	1210321	1
9515186	9584062	1
12685328	12685331	1
8712871	8712765	1
9527206	9527205	1
1543449	9142778	1
9838477	9838478	3
3280499	3280502	1
11798745	11798746	2
618669	618670	2
6433972	6433971	1
8861715	8861716	3
9065980	9065979	1
3678989	3784678	1
12305033	12304580	1
12123811	12123812	3
8035548	8035530	1
8075964	8075989	1
2412224	2412293	1
7742962	7742961	2
4127049	4127050	1
8292513	8292540	2
1027319	1027320	1
8862846	8862589	1
3146909	9117181	1
8350417	8350418	1
8051150	8051149	1
9718989	9718990	1
7404435	7404436	1
9894887	9894890	1
3411381	3411382	1
6241051	6241083	1
3900021	3900022	2
4490136	4318163	2
4077378	4085859	3
9003053	9005080	1
1198447	1197040	1
2929420	2929419	1
559251	559005	1
12261781	12132395	2
8819267	8818776	1
545072	545071	2
4017159	4017160	1
4226390	12015787	2
2514198	4747415	1
10963409	10963412	1
12043378	12043377	1
4257	4694	1
10250182	10250219	1
5558918	5558921	1
3069250	3069259	1
11373127	11373150	1
4321097	4323131	1
5433361	5433316	2
6018234	6018233	1
9549585	9620084	1
8671949	8671950	1
8228281	8228307	1
3475865	3475675	1
7214572	7214571	1
10486208	10486207	2
5606660	5606652	1
3425859	3425860	1
4059323	4059324	1
8916766	8916763	4
11658234	11658240	2
8979932	8979931	3
7459147	7459136	1
2610178	2610177	1
6708260	6708304	1
990877	990878	3
3308295	3308202	1
11991573	11992945	1
5425688	5425687	1
1496270	1496269	1
5638138	5638137	1
723298	723297	2
11289224	11289259	1
10847619	10847620	1
8635205	8635417	1
935165	932768	1
7604771	7604772	1
7396457	7396454	1
9900865	9900866	1
1915605	1915606	1
792136	792135	2
2502379	2502380	1
5010335	5010899	1
2081077	11416529	2
2675594	2675602	1
3134423	3136165	1
1851971	1851972	1
7395820	7395819	1
5252673	5252674	1
8778290	8662878	1
4244374	4244134	2
12641576	12641575	2
8168757	5926658	1
1581099	1581100	1
8792242	8792245	1
10826995	10828937	1
11533262	11419868	1
5113372	5015119	1
241405	241446	2
2309839	2309840	1
7531893	7695750	1
3040055	9081634	1
1169305	1169306	1
6581202	6581177	2
5967040	5967034	1
10454057	10454058	1
7974809	7974810	1
9059374	9032588	1
2603679	2623276	1
2267476	2267475	2
9640322	9640321	1
5319312	5319311	1
1874695	1875576	1
695714	695736	1
6386242	6384918	1
5013681	5013682	1
4547932	4543476	1
7048160	7048157	1
3450841	3450863	1
5420559	5420560	1
1253398	1253397	1
1189850	1182309	2
10596298	10600109	3
7236478	7220830	1
2465624	2430028	1
11967927	11967388	1
2352403	2352464	2
6321060	6321819	1
10865288	10896419	1
7852127	7855099	1
7796685	7796686	3
3900152	3900226	1
5278907	5278904	1
3696191	3696192	1
7809529	7809536	1
5912824	5912823	2
3580385	3580386	2
1662241	1662242	2
1473758	1473757	1
2986681	2986801	1
6265728	6269784	1
6656834	6656833	1
8372229	8157923	1
314248	316643	1
822298	812378	1
3364566	3364559	2
3271612	3271708	2
9985333	9987985	1
10113451	10052221	1
11241303	11241299	2
3305776	3305775	1
6279769	6279770	1
5115441	5115442	2
5417860	5305864	2
2196319	2196317	2
8268112	8268111	1
6336122	6336119	1
9048671	9048672	1
6595445	6595264	1
4435707	4435708	1
9992073	9992074	1
8950215	8950216	1
2598155	2453072	1
2928981	2928982	1
7011711	7011708	2
10231340	10231339	3
40253	40254	3
1375398	1375395	1
7378425	7284642	1
12756440	12756435	1
9059376	9059375	1
6443139	6443143	1
6162150	6162147	1
9730609	9730610	1
7840073	7840074	1
5829788	5843911	2
10376190	10376060	1
10113447	10113450	1
3788211	3678182	1
1324683	1324684	1
10802109	10803751	1
2312620	2268996	2
2896508	2901653	1
249783	191853	1
5957679	5957692	1
12813778	12813764	3
5359229	5359230	1
2309837	2309838	2
3615217	3615218	1
5619745	5619835	1
2459353	2598626	1
5120163	5120164	1
4751351	4751379	1
10541184	10541183	1
377643	7930436	1
8008502	8008501	1
6141590	7141568	2
7613764	10439374	1
4497449	4497450	1
426502	8603268	1
3947485	3881459	1
8750082	8750078	1
8938342	8939337	1
11872846	11872830	2
4247725	4247726	2
5672290	5672304	2
11723873	11723856	1
2536877	2536880	1
5766854	5766851	1
5363659	5363660	1
5579157	5579142	2
1259506	1248784	1
5579153	5579154	3
5292134	5324737	1
6654337	6654340	2
1384601	1384602	1
21601	21602	1
5516758	5517252	1
2610056	2610055	1
7367612	7367611	1
11677213	11677214	1
11796568	11796567	1
3310759	3310760	1
2274953	2274955	1
9992153	9989875	1
3560862	3560861	1
5856715	5850619	1
3922648	3922635	1
5304501	11217418	1
1634435	1634920	1
11004012	11004023	2
4435408	4362469	1
4301759	4334033	1
577774	9672670	1
344403	10166888	1
2986681	2986803	1
12238528	12238527	2
12482512	12482511	1
5197920	5197815	3
6347383	6347384	1
7378857	7378546	1
9621387	9621388	1
9097717	9097659	2
6282624	6282653	1
3298324	3296506	1
9102596	9102595	1
6604220	6604217	1
10827910	10820388	2
4242008	4242007	1
9462512	9462511	2
7134620	7134723	1
3775793	3775794	1
4640404	4673200	1
3373286	3373285	1
255113	255114	1
5333985	5242171	1
505233	505230	2
12453047	12453048	1
3631334	3631333	1
2357240	2357239	2
8042299	8042300	1
7388125	7369203	1
1798651	1798656	1
12004029	12024314	1
6326986	6326601	2
5992933	5997378	1
3443949	3443798	1
4589095	4623130	2
8260016	8260015	1
7878270	7878150	1
12767144	12657457	1
464021	463061	1
9722724	9722723	2
7979583	7979584	1
10493761	10493657	1
5053863	5053864	1
11547312	11547311	1
8388081	8388082	1
10360127	10360128	2
3891618	3891617	1
5912199	5911516	1
8292744	8346982	1
2620919	2620920	1
8846206	8846205	1
12453049	12453040	1
11745405	11745406	1
11214933	11214934	1
2423102	2423101	2
7830340	7830339	1
5099841	5099764	2
5561111	5561112	1
8901043	8901044	1
4742842	4742841	1
8372317	8389383	1
3229150	3228921	1
8637754	8637753	1
2691855	2691685	1
10870038	10870043	1
7270095	7270096	1
9179935	9179936	1
1013749	1013750	1
10012741	10012742	1
7731327	7731328	2
11236973	11236974	2
10985570	10986174	1
2842531	2842532	1
1442881	1442891	1
11217342	11217735	2
5969407	5969408	1
4602020	4602023	1
10137255	10137256	1
2503487	2503488	1
673081	672637	1
7561326	7520751	1
3690634	3594119	1
3394438	3394435	1
8367343	8487299	1
8970016	8970018	1
12019828	12019827	2
3287681	3287655	1
7820063	7820064	1
10297450	10297447	1
11077521	11077522	3
5011476	5012973	1
881842	881839	2
7412576	7412575	1
8672409	8672410	1
1336328	1230248	1
2509004	2509003	1
8880164	8880168	1
6737379	6757632	1
5077171	5077334	3
12666665	12667307	1
186161	5619835	1
6461292	6461291	1
4060598	4060618	1
1392031	1392032	2
8997382	9022649	1
10505517	10505237	1
5418977	5418978	2
10212320	10212052	1
8837142	8837144	1
2841016	2841015	1
7266513	7266514	1
5845190	5845189	2
1642043	1642044	1
7054065	6954955	1
5633822	5640401	1
9605126	4263552	1
1749866	1749865	2
2686526	2686525	1
4582206	4582205	1
307812	8402517	1
5691248	5691245	2
10603546	10603545	1
2865721	2933370	1
7773688	7773685	1
2840041	2840042	2
9984866	9984865	1
1659566	1659569	1
4876938	4876943	1
2504613	2504614	1
9924924	9924923	1
804110	804125	1
6577788	6577787	1
8975513	8975514	1
1316075	1316076	2
9541556	9541518	1
9498845	9512385	1
7718203	7719764	1
3429319	3429320	2
800637	7117918	1
6281383	6281641	2
8731722	8731721	1
5874004	5874003	1
9973854	9973777	1
3273208	3273204	2
551644	551643	1
2436049	2436052	1
7199455	7199456	1
11120910	11120898	3
1072146	1072153	1
2815843	2815844	1
3232337	3232551	3
1057821	1057822	1
1835461	1835462	2
6524300	6524191	2
10986183	10986063	1
2518653	2524015	1
4859845	4859846	1
748391	8533664	1
9134916	9134915	1
299010	298622	1
5461319	5537430	1
8979936	8979935	1
9821587	9819073	1
1791061	1791062	1
9308846	9308823	1
2561988	11613588	1
3991310	3982696	1
2673410	2764400	1
1212462	1212461	1
12225659	12225634	1
2654559	2654467	1
218735	218736	1
8924738	8924737	1
7856562	7856561	1
182377	182378	2
963420	963419	1
9396928	9396975	1
1752297	1655433	1
11115343	11115344	1
11159112	11159111	1
5463773	5463774	1
4556837	4556838	2
3290843	3290844	1
5922014	5921858	2
7220254	7220270	1
7241432	7241431	1
6679938	6679937	1
2639347	2639348	1
5290977	5290939	1
326675	326537	1
7847787	7847781	2
5482504	5482503	1
8574184	8574189	1
2454466	2454496	1
12767144	12657461	1
2525197	2525198	1
1504637	1504638	2
6682517	6682520	1
2560127	2730230	1
11308197	11308198	3
4158328	4158327	1
1264751	1264752	1
5567923	5567924	1
12338641	12338642	1
8807331	8807332	1
3670959	3670962	1
7390179	7390180	2
10229466	10229442	1
11242426	11242423	1
11343430	11343372	1
4956472	4956471	1
4614180	4614179	1
7623261	7623267	1
6154086	6154084	1
413941	413949	1
7726525	7615580	2
5066250	5066259	1
10427374	10427340	1
2713906	2713905	1
4868746	4868743	2
570332	782760	1
10369177	10369854	1
4498203	4402672	1
7331796	7303309	1
10206746	10206745	1
1566434	1566475	2
11751865	11800058	1
3985587	3986177	1
7712788	7712787	1
1017639	1017662	1
11934493	11932282	1
3968367	3968371	1
9421127	9315023	1
10995051	10995145	1
2317044	2317043	1
8264108	8096253	2
2710341	2710342	2
2588257	2588258	1
5340393	5340394	2
8108736	8108813	1
3426784	3426781	1
808815	808781	1
4919618	4919617	2
6703881	6703882	1
1668870	1668869	1
5197803	5197812	1
10259767	162180	2
9850182	9850181	1
11003675	11003676	1
2897211	2897214	1
1481638	1481637	1
7395818	7395817	2
9118206	9118205	1
3166339	3166340	2
1682100	1682099	1
1324002	1323975	1
6923352	3825688	2
5822977	5943862	1
9657236	9590653	1
3458083	3458078	3
9131817	9131818	2
9733809	9733815	2
8353963	8431301	2
10895708	10895705	2
12452437	12451716	2
11815670	11815669	1
3694503	3694504	1
926929	926930	1
405973	405976	1
9525491	9525494	1
2159269	2159410	1
9742241	9742261	1
2477830	2511904	1
7023931	7070005	1
11149757	11149773	3
6075628	6075627	1
2099112	2099132	1
7177355	7101845	1
1771082	1771081	1
6823611	6823612	2
4612727	4633171	1
1886263	1886266	1
1226474	1158625	1
261947	138531	1
3675428	3675425	1
6114253	6114283	1
10233423	10233424	1
10165690	10165699	1
7271054	7271059	1
5669367	5669368	2
7046046	7046045	1
3454809	3658189	1
9764644	9764643	2
3595709	3595710	1
6347717	6347714	1
5286028	5286027	1
1237851	1237852	1
12456198	12456205	1
11848892	11848891	2
3973706	3973717	1
1640546	1552881	1
6163651	6163652	1
3290845	3290846	1
4956063	4956045	1
11651566	11640678	1
1187484	1187552	1
3803255	3607649	1
2081077	11416527	1
9173157	9173176	1
1560661	1481926	1
9820447	9810952	1
1652929	1653039	1
6037949	6037950	1
8901054	8901038	2
3785164	3785386	1
6431755	6431756	1
7244024	7244012	1
427196	427171	2
6409525	6409526	1
12810171	12657335	1
4032905	4032907	1
2458598	2467397	1
7914057	8004025	1
1322633	1322634	1
11062798	11062797	2
5926929	5927009	2
4791145	4791146	1
11798711	11798744	1
3550183	3550149	1
12616008	12615991	1
7428885	7428888	2
8292742	8346982	1
8290313	8284512	2
6971185	6971186	1
7499117	7499913	1
3448271	3522581	1
6297630	6295327	1
8381301	8381327	1
6151822	6163380	1
6087101	6087102	1
11061891	11064494	1
285136	285135	1
1248108	1270630	3
7532894	7531588	1
464153	464154	1
6241441	6241429	2
1253400	1253399	1
7459948	7455580	1
2105629	2105632	1
1715897	1715892	1
5445396	10765066	1
4243129	4158329	1
6691114	6785208	1
9783538	9783541	1
3483157	3483158	1
11919180	11919179	1
5766351	5766240	1
7145280	7145279	1
6005097	6005098	1
806303	806304	1
6487396	6487395	2
10617279	10521042	1
4507332	4507331	1
1685911	1685459	1
33482	32104	1
12621655	12622317	1
1276023	1276024	1
7311408	1741647	1
9945417	10067643	4
7345737	7345738	1
341889	341869	1
11943005	11942994	1
1343375	1343376	2
4522955	4404781	1
6808148	6807343	1
8245554	8245553	1
6320157	6320158	1
2150631	2150632	2
6295326	6295325	1
7685062	7685061	1
8289345	8335990	1
11547318	11547317	1
11040924	11040923	1
7911233	7911234	2
12139859	12140447	1
7695751	7593698	1
6080435	6080248	1
9123342	9123341	1
11178855	11178856	1
7911735	7911736	2
9850188	9850185	1
11212801	11212810	2
11487784	11487783	1
11247699	11247658	1
1002698	1002266	1
5421763	5421764	1
11767048	11774795	1
2617951	2617940	1
2334465	2334466	1
4470555	4470556	1
6899088	6899087	1
5952227	5952222	1
8478855	8478856	1
11986484	11986477	1
8577195	8577149	1
2390720	2390719	1
1383515	1378239	1
11449984	11602401	1
4593100	4593097	1
10274039	10273721	1
4221177	4221149	1
6129555	6129552	1
5936617	5936618	1
9816469	9816470	1
12737515	12737516	2
1630917	1642042	1
10916007	10916008	1
4019130	4019129	3
8775117	8776970	1
10414306	10416536	1
3923222	3923249	1
5323948	5340392	2
9113557	9113554	1
11914485	11914486	1
4703427	4703428	1
10581363	10581364	1
1566705	1566883	1
4021813	4073882	1
7840069	7840072	1
10991501	10930599	2
6753627	3360997	1
4220496	4220526	2
9679637	9697245	1
9123335	9123344	1
362603	362533	1
1835461	1835464	1
721360	721359	1
765374	8341131	1
509646	509645	2
4767995	4767996	2
2054539	1966622	1
9017414	9017428	1
7618037	7618029	1
11090929	11090519	1
1142676	1142675	2
971381	971386	1
1052935	1052906	1
3927482	3995943	1
702698	702697	1
7707681	7707682	1
2032561	2024649	1
2196976	2196975	1
8697850	8636829	1
6036749	6036750	1
9571085	9571146	1
11828940	11828956	1
9160863	9138387	1
275985	275986	1
5807460	5807421	1
11689374	11689373	2
5853296	5853304	2
1041491	1041483	1
2003477	2003455	1
7634510	7634621	1
5532733	5532649	1
791672	791671	1
8733825	8774360	1
3977549	3978111	1
354578	377194	1
3686435	3686460	2
3622402	3622363	1
1164807	1164812	2
9922833	9922834	1
6804777	6807168	1
104281	19454	1
841699	841700	1
1322779	1322780	2
2084546	2084545	1
3286636	3286635	1
2177224	2177214	1
8447205	8445651	1
8030433	7999669	1
9482026	9482066	1
4111589	4080342	1
12513370	12513353	1
995640	995639	1
11535146	11535145	1
5115429	5115430	1
9922835	9922836	1
3980699	3980677	1
8516388	8516410	1
2909694	2909693	1
7919878	7919904	1
1518456	1518455	1
9373028	9373027	1
236645	236646	1
8706543	8672580	2
10237935	10237549	1
3025469	3025480	1
6319762	6319757	1
6671359	6671370	1
1280047	1273145	1
1091183	1091184	1
9512379	9512312	2
622548	510800	2
5696933	5696953	2
8766351	8766348	1
9487016	9616047	2
4534127	4534128	1
7906835	7906836	2
9023526	9018963	1
11926849	11926858	1
6085195	6085196	1
10727008	10727005	1
3615217	3615220	1
8836328	8836325	1
3578425	3578422	1
105868	105867	1
5290975	5290976	1
3616620	3616619	1
7160604	7160614	1
8538767	8538768	1
8888567	8889745	1
2870157	2934406	1
2481122	2483777	1
6157233	6157188	1
11625313	11625314	2
7277959	7277948	1
5834489	7169944	1
4556839	4556840	2
10980283	10980284	1
8543812	8543811	1
1328692	1328689	1
6227330	6263765	1
1500529	1500530	1
7551905	7551795	1
2989442	2985753	1
1766430	1766427	1
5887895	5887896	1
10653266	10653265	2
8509327	8509317	1
1185309	1185313	1
6687823	6687824	2
12528631	12528676	1
5912822	5907367	2
7786582	7786585	2
11568437	11568438	1
10205847	10205843	1
3209298	3209445	1
11431477	11431624	1
7757356	7757353	1
2783859	2783860	1
9354327	9354328	2
5905101	5905102	1
924957	924958	2
12306582	12306581	1
4087950	11062398	1
3246691	3246688	2
8213396	8213392	2
8058002	8057993	3
98571	98572	1
3308531	3308604	1
6525456	6417578	1
6186173	6186210	2
2230305	2230306	1
6204736	6204730	1
5228392	5329134	1
2252150	2252131	2
8316803	8268113	1
4059451	4059452	1
3238917	3238918	1
12306584	12306583	2
4709838	4585032	1
11778374	11778369	1
2945693	2945700	2
6205254	6205277	1
1700599	1700600	1
4141484	4141483	1
5409815	5445236	1
11470614	11470613	1
6765721	6766648	1
979095	2025979	1
12156140	12156139	2
3541497	3541502	1
10572390	10572381	1
9967777	9967778	1
7520750	7520749	1
11001064	11001063	1
6134003	6134040	1
3591458	3591455	1
8646526	8646542	1
1159276	1159252	2
8316803	8268111	1
6453098	6453095	1
1659568	1659567	1
5288931	5290501	1
2575943	2506834	1
787052	787034	1
10234596	10234488	2
150340	150308	1
7265552	7265551	2
1852209	1852210	1
245472	245469	1
1454745	1454738	1
11745807	11745810	1
6252507	6250718	1
1250675	1250705	2
5606417	5606418	2
11294241	11638458	1
4602018	4602023	2
3548203	3654185	1
108416	195544	1
6347715	6347716	1
10888493	10888496	1
8543810	8543809	1
2114979	2114968	1
8186025	8050818	1
10202315	10202316	1
1835463	1835464	1
12021912	12021933	1
1851765	1851766	2
262976	266606	1
4521463	4521464	1
1959337	1959338	1
10127492	10127593	1
10856142	10856122	2
5942411	5942412	1
11004024	11004023	2
9580018	9001110	1
7012816	7012815	1
6002789	441324	1
11067423	11067410	2
12043307	12043308	1
5242124	5242022	1
8158958	8158955	1
11242841	11242102	1
120261	120262	1
8872886	8872885	1
10373281	10438893	2
7153145	7153146	1
9477983	9477986	1
10871932	10869036	1
4381	4382	1
8462088	8462061	2
5606151	5606152	1
1804961	1804962	1
4419150	4419147	1
10179919	10179920	1
5577059	5570267	2
9169011	9169012	1
5610809	5610810	2
9696669	9696670	1
4153307	4153333	1
8040326	8040325	1
2198026	2198023	1
6487600	6281628	1
3694505	3694516	2
5463335	5463324	1
7399677	7399678	1
9088716	9088659	1
1093749	6705198	1
10484646	10489393	1
3614544	3614504	1
3831370	3831369	1
5305460	5416331	1
11180730	11180778	1
5576522	5576531	1
1109430	1109985	1
2015349	9585153	1
5508978	7730082	1
4041156	4040529	2
1386382	1510849	1
4868793	4868803	1
11821675	11821676	1
4953409	4953410	2
9804322	9804321	1
5377598	5377450	1
9898465	9898466	1
7512147	7572384	1
10720016	10701514	1
3456940	3456945	1
452330	452360	2
10761192	10756419	1
6162821	6162822	1
3480881	3480884	1
1223971	1223963	1
2165957	2155061	1
6568609	6569055	1
4095517	4095518	1
1609547	1609548	2
9113555	9113556	1
1048169	1048170	1
11393720	11393719	1
8861441	8861442	1
5378061	5378062	1
1323333	1160253	2
2589380	2590477	1
12750708	12735762	1
7604856	7644022	2
1248470	1248445	1
11780344	11788781	1
12746270	12746269	1
4196834	9621467	1
11133748	11133468	1
6736554	6735964	1
8466460	8466148	3
10675738	10675737	1
8808271	8808272	1
11584989	11584990	2
12486199	12485648	1
5662627	5662628	1
2464859	2464860	3
963054	974683	2
7745867	7745403	1
8950217	8948637	1
9933254	9933253	1
6483385	6483388	1
9455207	9454694	1
9144955	9144956	1
11606318	11606317	1
2611522	2611521	1
10905994	10938350	1
6719642	6718762	1
10995247	10995248	1
5676277	5676425	1
2279374	2279371	1
3947369	3947370	2
6541948	6539364	1
1798728	1798731	1
7114437	7114438	1
7771787	7771788	1
7679748	7778288	1
9807772	3671770	1
3973708	3973717	1
11913273	11913274	1
7455452	7455239	1
11814403	11814410	1
10956766	10956765	1
6724798	6724797	1
8716907	8716908	1
5053861	5053862	2
10354055	10354056	1
6780472	6780457	1
740799	740800	1
12353574	12353573	1
1695318	1577084	2
5092860	5092859	1
1671382	1671395	3
10243994	10244000	1
11001066	11001063	1
7153429	7153430	2
4509044	4483733	1
1221526	1221467	2
6902203	6901945	1
8881637	8881638	1
6656836	6656835	1
909861	904021	1
4032742	4032741	1
9688180	9688179	2
2572173	2568448	1
11808145	11808171	1
5471711	5468420	2
5831139	5871252	3
3708071	3708066	1
10683705	10683706	1
7261248	7262799	1
9522174	9522173	1
4176265	4176266	1
6431757	6431085	1
1041241	1041242	1
5802509	5802510	1
6500135	6499718	1
7715007	7715008	1
7069430	7069429	1
8518534	8517828	1
2317046	2317045	1
8648158	8648157	1
12599972	12606304	1
9839243	9828193	1
9354684	9354683	2
12737517	12737511	2
5696954	5696950	1
3555318	3555317	1
11415562	11415561	1
4054833	3983771	1
10838437	10838477	1
8420574	8419856	1
5009519	5009520	1
3695526	3695523	2
10623938	10681799	2
2818955	2818956	1
7105512	7104509	1
7593891	7593826	1
335233	368961	1
6654335	6654336	2
7153431	7153769	2
6804824	6729601	2
6067393	6067394	1
3025481	3025484	1
8701946	8701943	1
1260871	1260872	1
9686381	8936214	1
9840415	9833112	1
4722626	4602000	1
150342	150341	1
11914485	11914488	1
1323534	1323466	3
12237907	12252325	1
6360887	6360859	1
10468538	10468535	1
5270472	5301980	1
876964	807199	1
3865195	3865196	2
5348301	5276778	1
2840627	2840621	1
7313263	7313390	1
10549477	10431106	1
9824960	9824959	1
8845906	8845905	2
2291295	2291316	1
11393280	11393279	2
2953361	2953362	1
11900309	11941231	1
9969902	9969694	2
7315376	7315375	1
10572507	10572508	1
10434224	10434229	1
1328052	1328051	1
12783552	12783719	1
5579281	5579416	1
8346983	8346984	1
2249400	2249399	1
11895100	11894057	1
6263240	6263236	1
1160237	1247776	3
11001066	11001065	1
11423934	11423949	1
11137588	11137587	1
1156403	3577084	1
8395475	8395610	1
341191	341192	1
10352221	10352222	1
10978257	10978258	1
5869720	5869719	2
7011709	7011710	2
12531779	12595341	1
11750498	11750497	2
8407401	8406883	1
2966175	2966176	1
1205127	1206243	1
8880696	8880086	1
5746277	2439383	1
3553013	3553014	2
2358961	2358943	1
6213512	6213511	1
12738781	12738782	1
355269	357234	1
1024571	1024572	1
12523137	12523102	1
3608795	3608796	1
7995967	7998777	1
6688784	6687822	2
6246144	6225934	1
1251829	1251826	1
4919581	4919582	1
8462090	8462089	1
8569319	8569320	1
10066079	10066065	1
6700360	6700359	1
9099476	9099447	1
6347387	6347390	2
6969024	6969023	1
2276936	2276935	1
11805380	11805379	1
2964493	2964494	1
5500943	5596905	1
9462512	9462507	1
3373809	742887	1
1302615	1302622	1
8985891	8959808	1
9531589	9531590	2
8263888	8202300	1
7911235	7911236	2
9462508	9462507	2
12040601	12031510	1
10313658	10341689	1
389903	389904	1
4716415	4716378	1
2528665	2610057	1
5253405	5243064	1
11213716	11213705	2
6495488	6495528	1
7501214	7501211	2
1230419	1230356	1
11017264	11003674	1
3666404	3666403	2
9763013	9763014	1
9906859	9906860	1
8309959	8309960	1
11093274	11093273	1
2929422	2929421	1
8036047	8036017	1
1016106	1016105	1
11670158	11670149	1
4262938	4262948	2
4317260	4317259	1
872893	872894	2
11503658	11419842	1
5380832	5322686	1
1969822	1969821	1
6778866	6778865	1
11698904	11698820	1
1969820	1969819	1
554931	553390	1
1727957	1727958	1
9012883	9076639	1
12660705	12660706	1
9824958	9824729	1
6368184	6479160	2
4578396	4647209	1
3784875	3784876	1
7531589	7531590	1
5990633	5990634	1
1430770	1430769	2
8478096	8478305	1
1827333	1827336	1
11859237	11859238	1
2478844	2480489	1
8792244	8792243	1
2593148	2569041	1
7874348	7874347	2
1333021	1333032	1
11824916	11825003	1
1210320	1189974	1
11798711	11798746	1
7255289	7255290	1
1789020	1789019	1
8489770	8489696	1
1652931	1653039	1
6626797	6583518	1
3747859	3745650	1
5376015	5376016	1
12686357	12686358	1
452316	591776	1
354879	354880	1
210881	213813	2
5382211	5382212	2
10441310	10441313	1
1652929	1652930	1
12267328	12252324	2
4582204	4582203	1
4121674	4120282	1
10467888	10467887	1
523319	532126	1
9808416	9808425	1
9433046	9433049	1
6457884	6462072	1
10742427	10742428	1
10387056	10387051	1
10333312	10333103	1
7838096	7838391	1
1609549	1609424	1
2025980	2025979	1
8980332	8980331	1
7453466	7453461	2
12251636	12252106	2
1603160	1603159	1
5016107	5016121	1
11211145	11043737	1
7638135	7563330	1
8186317	8186374	2
9480973	3214874	1
8712290	8712461	1
10202562	10181245	1
1507459	1507457	1
6464862	6392456	1
6158554	6158553	1
8816877	8816880	2
7099720	7099719	1
2417356	2417355	1
3480881	3480882	2
10447017	10447018	1
11136992	11136195	1
530860	530859	2
2014711	2041880	1
9065978	9065977	1
4306013	4305968	2
6114840	6114986	1
572140	581999	2
12156136	12272061	2
4085860	4085859	2
1182308	1182307	2
1415247	1415248	1
795305	892669	1
895373	862818	1
8493773	8492329	1
5496544	5496543	1
2567185	2567231	1
7453484	7453467	1
3748817	3748269	1
7265554	7265553	2
6483201	6484572	1
11173199	11173202	1
2337880	2340486	1
8997186	8997189	1
4386108	4386107	1
1028638	1028637	1
9665007	9664178	1
12123687	12123691	1
10583414	10582662	1
11176642	11176615	1
6203817	6203794	3
350950	352328	1
4748017	4748018	2
1953583	1953584	1
2497583	2497584	1
168184	168183	1
9898461	9898462	1
11913215	11913216	1
11652414	11652318	1
233244	233241	1
6311130	6311129	1
11401967	11401968	2
11242420	11242417	1
396024	447706	1
1941371	1941223	1
5910191	5910192	1
5341360	5320647	1
1307547	1307511	1
3831368	3831308	1
6569220	6569023	1
10664661	10664713	1
4208741	4376110	1
4034189	4034190	1
3048354	3144931	1
9532559	9532560	1
1518456	1518453	1
3057386	3057379	1
1840083	1840084	2
7271058	7271057	1
4137632	4137631	1
1959010	1959336	1
11309282	11250399	1
4381894	4298659	1
1799713	1798650	1
5576329	5576330	2
5715374	5715373	1
2905023	2905024	1
4304963	4304964	1
7538840	7541340	2
9317269	9317272	1
9185750	9185717	1
8575711	8575712	1
5014878	5014877	2
12427828	12427827	1
7339073	7217227	1
1236921	1236922	1
6746034	6746033	1
709397	12485424	2
851849	851044	2
11497072	11497071	1
735826	735817	1
1773044	1773043	2
12719085	12719086	2
4329203	4329204	1
3483843	3483844	1
6210552	6210551	1
9557198	9557197	1
9641765	9641766	1
6142376	6142266	1
11926589	11847359	2
8845904	8845891	1
3776671	3776672	2
2870493	2870489	1
8979936	8979933	2
11072622	11072621	2
3905539	3905540	1
5045978	5046034	1
414679	327019	1
1177447	6115042	1
10708866	10708865	1
2525664	2525663	2
3364560	3364559	1
5272064	5272062	1
7063880	7063883	1
9636674	9636679	1
9550616	9550615	1
8885332	8885337	1
1270631	1270634	1
4242006	4242005	1
11476932	11476907	1
1959010	1959338	1
12606305	12606306	1
12039691	12039680	1
3745347	3745348	1
2755735	2755736	2
3166537	2969339	1
12639554	12639571	1
4663040	4663039	1
7846069	7837486	1
6904708	6904707	1
8446098	8446097	2
7266513	7198729	1
6588092	6660143	2
3595711	3595712	1
2510574	2510592	1
7683369	7683372	1
7446387	7446388	1
11346516	11452926	1
6279767	6279768	1
2634926	2671340	1
9781920	9781919	2
11698906	11698905	1
5466776	5466691	1
4810649	4810646	1
1028636	973909	1
5093414	10936313	1
11832646	11832641	1
8304050	8304049	1
233240	233333	2
3730630	3754997	1
9358388	9358303	1
6068389	6068448	1
9317265	9317268	1
8847367	8847368	1
8674536	8674535	1
4017161	4041136	1
6692813	6692814	1
7542063	7465694	1
7011416	7106071	2
10052827	9924445	2
3275584	3275583	1
9980917	9980922	1
6040324	6040316	1
8756832	8756831	2
3020087	3020088	2
10629870	10629869	1
12617225	12615328	1
104390	100766	1
2694534	2694531	1
7160414	7160605	1
5960221	5960296	1
3670957	3670958	1
8251210	8251061	1
6057836	6040881	2
3516268	3516265	1
1721798	1721797	1
8980336	8980335	3
5323756	5319181	1
5295517	5295520	1
11487782	11487781	1
3336792	3336791	2
10318879	10315286	1
8648478	8648477	1
3719469	3719470	1
2207338	2093109	1
1185333	1204963	1
3339381	3339382	1
11487026	11388206	1
10018300	76651	1
6604426	11823658	1
6696491	6696492	1
6184557	6184558	1
7916061	7912866	1
12776730	12776729	1
4075228	4074832	1
1430757	1430758	1
11966346	11966343	1
105729	101138	2
2502377	2502378	1
4362468	4362467	1
1329710	1333199	2
5345960	5345959	2
159828	159827	3
3758914	3758911	2
9754385	9754391	2
11719429	11763466	1
10588061	10588068	1
7923376	7923375	1
12404842	12404839	1
9825371	9825388	1
349656	349655	1
3981673	3982140	1
1230357	1230358	1
5414144	5414554	1
8886150	8886210	1
3615189	3636885	1
5579155	5579142	1
904022	904021	2
10383714	10547462	2
9015465	9015466	1
292095	292096	1
5638147	5638148	1
1721958	1721955	1
11965671	11965666	1
11178586	5207694	1
7879036	7879035	1
10798051	10798052	2
7476716	7476715	1
12198503	12198504	2
7223128	7223127	3
7442400	7442399	1
936728	7428652	1
11273413	10467247	1
1223971	1223965	2
1349968	2360022	5
854111	854112	1
11860357	11860596	1
6789456	6789041	1
5878272	5878277	1
2059237	2058510	1
1668235	1668236	2
1175216	1194255	1
5649612	5649611	1
10031966	10031965	1
2365335	2439383	1
6488699	6488682	2
2694127	2787983	1
8304048	8304047	1
2279370	2279363	1
979093	979094	2
122060	122064	1
10979291	10979286	1
1005548	1081069	1
12747737	12747738	2
11537680	11545259	2
6092560	6092559	1
11142844	5236329	1
9761391	9013135	1
951311	951314	1
10983742	10983741	2
11091886	11091885	1
6516010	6516009	1
11114255	11114258	1
9830495	9830423	1
5070227	5070304	1
7896768	7841349	1
4080101	4080111	1
6099531	6099534	2
1499824	2517033	1
10097828	10097831	1
357282	320239	1
2023842	2023841	1
11405642	11405641	1
2940873	2939889	1
11902027	11902028	1
7996085	7996090	1
1068126	1068129	1
6104660	6104659	1
6583384	6583387	1
10448812	10448727	1
11750779	11750841	1
10879228	10878266	1
3566500	3566212	1
3046260	3046259	1
11861254	11861253	2
7404702	7404701	1
6267342	6267991	1
5215909	5215910	1
7872821	7872853	2
5817543	5817544	1
5583180	5598661	1
6009046	6009041	1
9923555	9924946	1
4311417	4311418	1
7946197	7946198	2
7796687	7796682	3
4470557	4470558	1
1212335	1212338	1
8412670	8381520	1
10859958	10859957	1
222393	222394	1
12230712	12230711	1
5941184	5941183	1
10948687	10948651	1
5792465	5792457	1
6504441	6504444	1
6034188	6094526	1
8583145	8583146	1
9015463	9015464	2
887569	887570	1
1505714	1505713	2
2150533	2150517	1
8726313	8726314	1
11649487	11649488	1
4875992	4875998	3
225267	228929	2
11347292	11347291	1
10192638	10192692	2
12813778	12813766	1
7048696	7048687	1
1906773	1906774	2
11497430	11497429	1
10768566	10768275	1
7031023	7030994	1
12781762	12780080	2
683692	597718	1
1048713	1048714	3
740577	741042	1
792973	7113772	1
11002704	11002706	1
1199822	1199825	1
2192588	2192587	1
1396598	1396597	3
1699771	1699772	1
2526662	2526655	1
4170500	4170497	2
12243079	12243112	1
1507447	1498870	2
3539013	3538980	1
10948687	10948649	1
10795826	10795821	1
3199715	3199716	1
806580	806579	1
1128709	1126165	1
6750129	6720269	1
5016997	5015870	2
7715009	7715010	2
8542430	8542429	1
11653559	11650272	1
5593921	5593949	1
11186543	11178627	2
7834334	7834288	3
4476483	4476469	2
6332786	6332783	1
4325169	4325164	1
4418669	4420019	2
4373643	4373644	1
1774075	1773926	1
6551451	6412769	1
7284897	7284898	1
6793701	6813431	4
10549472	10537276	1
5576327	5576328	3
10699390	10699389	1
9902303	9902310	1
7446431	7446432	1
2038543	2038525	1
8409164	8328826	2
4415956	4377084	2
7824283	7824304	1
1238260	1238259	1
7543945	7543946	1
12653136	12653135	1
1259506	1248786	1
471411	471412	1
9047102	9047099	2
11332552	11332544	1
9660160	9660159	1
5945936	5945668	1
1616780	1616779	2
11921626	11941315	1
370957	370958	2
8720388	8720387	1
10231202	4417137	1
2093256	2093255	1
7153768	7153765	1
6137697	6137698	1
1270633	1270634	1
7757764	7759146	1
10944145	10944146	1
6687825	6687826	2
9730609	9730612	1
9095907	9095902	1
8395611	8395612	1
9640926	9649139	1
1468092	1468024	1
11370347	11370348	2
7715013	7715008	2
7011416	7106073	1
7375052	12323702	1
12675654	12675646	1
11040928	11040361	1
6171912	11054985	1
2696228	2696257	1
9641701	9641702	1
5088831	5088832	1
892592	8570742	1
7911233	7911236	1
9344333	9340835	1
6375515	6295120	1
9047616	9047621	1
5700457	5700425	1
2013927	2013928	1
3906708	4095515	2
623119	622561	2
11203405	11206180	2
4303866	10111552	1
11621433	11621434	1
888125	888126	1
4152327	4152316	1
8589128	8589127	1
1671392	1671391	1
11061048	11061047	1
12317220	12317310	1
9730613	9730614	1
7404409	7404234	1
1673460	1668234	3
11393822	11393821	2
3015914	3092012	1
227285	227286	1
5677279	6888856	1
8895947	8895948	1
3820875	3820986	1
2910044	2910043	1
753914	754441	1
8621860	7446474	1
1118076	1117964	1
2537339	2537342	1
6631474	6538381	1
12156138	12156137	2
8509316	8509315	1
3981337	3981338	1
6547947	6547948	1
11046363	11046364	1
8440130	8439961	1
9764610	9764609	1
4002684	4002687	1
1304890	2595944	1
6671030	6671041	1
7702971	7702972	1
9906861	10000405	1
8091471	8051151	1
11495587	11495581	1
11135309	11115342	2
7115910	7115914	1
4389126	9685557	1
4075427	4075428	3
8965938	8965937	1
3445623	3447439	1
5329746	5329743	1
4078711	4077797	1
11898736	11898759	1
6087099	6087100	1
10040582	10040578	2
5160454	5160256	1
3332063	3218565	1
12153026	12296800	1
415955	416827	1
2542828	2542827	1
2842533	2847834	1
10956764	10956763	2
9396970	9325041	2
1346131	1346132	2
1267764	1334956	3
6868667	6868668	1
11338959	11338987	1
2460912	2460909	1
7264349	7264350	1
8245552	8245551	1
10985616	10886784	1
12303176	12303175	1
12153030	11968316	1
8502891	8503122	3
9783540	9783539	2
120730	120733	1
652547	575373	1
10301299	10183408	1
9495331	9495332	1
7137199	7137194	1
12007919	12005857	1
10289655	10289656	1
5640886	5716138	1
8781345	8827725	1
4624312	4624316	1
4743678	4743705	2
4332510	4332509	1
5918686	5918685	1
1171570	1171569	1
9923280	9923182	1
783197	783293	1
11574920	11575316	1
10960160	8706228	1
1243492	1243491	1
9112613	9111356	1
2430053	2346295	1
10814327	10814328	2
1098574	1098571	1
5371872	5371931	1
6938850	6938849	3
623117	623118	2
5817545	5817546	1
1091187	1091182	2
11625315	11625316	1
6518382	6518377	1
11161883	11161807	2
4708658	4708651	1
1395983	1396599	3
8497068	8497071	1
10102439	9914673	1
7780680	7780660	1
6087103	6087104	4
9007316	9007253	1
2713904	2713902	1
2904926	2904935	2
5669369	5658663	1
6234021	6234022	2
2474164	5430355	1
5418979	5418980	1
8300405	8300408	1
11889760	11789849	1
4705536	4705535	1
9874044	9873125	1
6639129	6639130	1
9061704	9061703	2
12650019	12650023	1
11860597	11860598	2
2611520	2522987	1
2002693	2002694	1
7378421	7284642	1
9329645	9329646	1
3381321	3381324	1
9685556	9685555	1
8686967	8686944	1
7814104	7816027	1
11621435	11621436	1
4782339	4770531	2
10497831	10497832	1
7181869	7181872	1
4554613	4554881	2
11522424	11421562	1
2530220	2530190	2
5484164	5484163	2
586836	586835	1
7879038	7879037	1
8664703	8778291	1
3856327	3867665	1
5969409	5969410	1
10709612	10709611	1
5822975	5822976	1
11095661	11101897	1
3922181	3988906	1
1833628	1833678	2
7686854	7787814	1
4470555	4470558	1
10230461	10230462	1
2887167	2887168	1
5595442	5487107	1
1675472	821695	1
7517637	7517640	1
4514292	4514289	1
3947119	3947120	1
2035427	2035428	2
5718032	5717851	1
1526554	1526873	1
12813765	12813766	2
1324679	1324682	1
12747735	12747736	3
2683812	2683811	1
10664705	10664706	1
996064	998237	1
9588520	9588519	1
9163690	9163689	2
6161117	6161118	1
11598356	11600191	1
4064840	4065199	2
2004473	2004474	1
8924489	8924490	2
10419858	10419760	1
6630542	6457533	2
10818163	10818190	1
975136	1048712	1
9137277	9137278	2
6534907	6535254	2
3613033	3640852	1
8846816	8846815	1
6197567	9853942	1
10973723	10973724	2
8300409	7963850	1
12354661	12354670	1
1583672	1583661	1
12378715	12378755	3
7916147	674693	1
1328083	1237255	3
8898321	8898322	1
8253757	8253758	1
6182258	6182257	2
8260014	8260013	1
8035531	8035532	1
1270150	1270147	1
5887891	5887718	1
8332807	8332743	1
9977700	9977759	1
10055302	10055301	2
7446256	7446253	1
1521516	1521513	1
4493951	4493952	1
9326472	9326471	1
10260028	10260906	2
10020196	10020194	1
9012105	8946157	2
10441772	10566923	1
4567831	4536541	1
10600999	10601000	1
7110745	3201674	1
12774954	12774953	1
12496878	12496877	1
1482686	1482739	1
7667182	7667127	1
6241605	6241644	1
10549003	10549006	1
7921573	7921603	1
3055981	3055982	1
7717017	7717018	1
6453742	6453785	1
11448409	11449423	1
9595685	9595703	1
8665305	8763561	1
3361265	3151180	2
12465426	12614017	1
4055481	4055482	1
8504857	11526405	3
3730029	3828821	1
12788547	12788548	1
4924531	4924532	1
7211170	7211279	1
7230673	7230677	1
7796683	7796684	3
5275471	5275472	1
3072584	3072581	1
1292533	1292513	1
5632429	5632430	1
8861431	8861440	1
10573436	10676114	1
4602068	4602073	1
7055366	7055362	1
2835892	2835891	1
1115664	1115663	2
6679179	6679180	1
7724957	7724958	1
4398688	4398685	2
1161703	1265346	1
1511121	1511122	1
6146860	6146518	1
8846078	8846077	1
7609151	7609152	1
2795203	2848570	1
3080870	3080869	1
10998457	10998458	2
9539114	9539113	1
8442607	8442610	1
8383638	8383643	1
6111666	6118995	1
3969413	3969414	1
5375091	5375092	1
6843964	6906475	1
11187328	11187327	1
1210295	1210296	2
1481692	1481691	1
7972816	7971956	1
7216214	7224550	2
9470611	9373027	1
8188285	8188286	1
4572675	4523481	2
9909374	9923182	1
10920171	10920172	2
7114269	7114270	1
713154	713224	1
2732612	2732611	1
9760641	9760644	1
8515309	8573129	1
7012814	7011250	1
11597617	11597618	1
1959372	7579408	2
7371518	7236211	1
11149772	11149769	2
2417358	2417357	1
789395	896168	2
10275410	10275421	2
4150750	4150753	1
8179876	8179875	2
10353549	10353550	1
10127968	10152196	1
7135195	7135196	1
5707562	5754032	1
12391957	12391970	1
10981770	10981767	1
4293139	4293140	1
11919178	11903216	1
9704117	9704112	1
8622156	8625092	1
10768851	10768852	1
141751	89356	1
3642217	3642218	2
6729877	6729878	1
6178416	6178415	1
3440546	3440545	1
8061097	8061098	1
6710974	6710973	1
9518907	9518910	1
12783576	12783573	1
5701793	5701796	1
1396758	1470643	1
743784	744158	1
6142569	1176199	1
12566541	12566542	1
255117	255118	1
11649485	11649486	1
10428172	10534067	1
8067014	8067011	1
9186722	9186721	1
979095	979098	1
6864463	6834056	1
12381433	12323571	1
3040550	3040549	1
692525	734709	1
9370196	9370117	1
11847873	11847874	1
10385021	10385014	1
10549003	10549004	1
7883946	7883942	1
8997384	9022649	1
9148214	9148211	1
1597597	1596001	1
1254135	1254136	1
1509447	1509448	3
2503489	2503490	1
12613624	12613543	1
5483027	5483028	1
3622125	3622227	1
12690940	12690939	1
5825960	5825957	1
5555665	5555666	1
794948	794918	1
3968370	3968369	1
8551744	8551739	1
5583233	5585071	1
6321062	6321061	1
11395236	11395235	1
8687525	8687497	1
10661794	10516730	1
975112	975111	1
7313261	7313262	1
1768677	1768678	1
9134914	9134913	1
7735381	7735385	1
1835971	1835972	1
2003462	2003456	2
5212299	5212300	1
9094853	9094849	1
3041733	3041867	1
8265309	8265290	1
5382811	5382812	1
10424311	10424299	1
6560577	6560485	1
4242353	4242354	1
12043376	12043375	1
5555671	5555664	1
5942409	5942410	3
11416528	11416527	1
6343132	6343131	1
5253405	5243062	1
7140596	7201977	1
8907025	8907026	1
3543644	3573925	1
11382437	11382419	1
2198026	2198025	1
2617942	2617941	1
10082617	10082618	1
8305673	7362700	1
1373188	1373193	1
3938711	3940237	1
6360882	6360860	1
3522405	3522406	3
9558415	9558418	1
10385065	10435715	2
5289051	5289180	1
8581810	8581809	1
2474702	2498870	1
7100882	7206499	1
9968749	9969585	1
10829487	10829488	1
9470611	9373029	1
3403546	3403545	2
6300369	6300372	1
4605877	4604362	1
7188954	7189000	1
1005548	1081071	2
4216956	5843586	1
8794137	8795150	1
8874833	8874834	1
5987247	5987248	1
11798542	11689566	1
9017113	9017114	1
2455242	2455228	1
1455011	1455004	3
5416330	5416329	1
7715009	1215673	1
3500441	3500259	1
4808491	4808492	1
6507967	6507968	1
9091757	9091759	1
8368836	8368841	1
10458447	10453600	2
4201671	4201667	1
7864948	7864951	1
11002713	11002714	1
10770949	10770950	1
2570602	2570544	1
4158321	4158282	1
533532	545508	1
11936754	11936881	2
10043875	10097658	1
8304046	8304083	1
10350745	10485675	4
4167815	4167816	2
7100055	7100056	1
6554840	6554839	2
10981634	11141000	2
12762054	6158555	1
4705532	4705725	1
11332550	11332549	1
7808257	11109521	1
8601053	8601077	1
4600769	4726663	2
9587715	9588495	1
2179190	2179164	1
8757230	8757229	1
9061695	9061696	3
12404840	12404839	1
4733033	4733034	1
6218579	6218580	1
11546121	11546116	1
9518905	9518906	1
7391970	7318597	1
3539015	3538980	1
8299359	8299386	2
3695522	3695549	2
10818154	10818162	1
5389013	5388987	2
12527272	12526183	1
1095799	1023468	2
2176121	2098315	4
7490596	7490595	3
1752297	1655435	1
9776724	4285348	1
255115	255116	1
6171259	11062799	2
9186712	9186723	1
3971374	3970310	1
1754172	1754171	2
2252746	2252745	1
5220488	5220487	1
4447227	4447228	1
10050709	10050710	1
275993	275984	2
414787	414788	1
4330271	4329479	1
6220584	6220583	1
5691246	5691245	1
9283645	11246151	1
880997	881000	1
1270631	1270632	2
5859933	5859934	1
1213194	1213193	1
834280	883535	1
6671353	6671354	1
458736	458735	1
1384599	1384600	1
7620249	7620250	1
9929165	9929166	1
9031630	9053478	1
10183570	10183569	2
10703265	10703266	1
10368995	10368996	1
9349270	9349269	2
1174829	1174830	2
4087950	11062400	1
2536242	2536387	1
8613145	8613141	1
4868655	4868028	1
12268946	12268949	1
1160253	1226477	1
12229212	12229211	1
7766931	7766932	2
8980334	8980331	1
2741972	2741971	1
394383	394418	1
7701317	7679159	1
8842119	8839467	1
10879608	10768850	1
5466690	5466689	1
6073517	6073518	2
372262	372261	1
5068875	5072756	1
4368015	4367979	2
11000832	11000831	1
7199141	1739358	1
10597540	10597539	1
3588430	3588420	1
8189327	8224913	1
5011803	5011804	1
703235	703255	1
11894969	11894962	1
6727734	6727737	1
6315707	6341757	2
1197852	1206235	1
8253759	8253760	1
12746272	12746269	2
7716508	7716505	1
5463766	5463521	1
7395846	7395821	1
7507461	7507462	1
1518454	1518453	1
5487637	5487638	2
1266413	1210453	2
8874833	8874886	1
5486897	5494119	1
12414861	12414862	1
11105074	11105073	1
9908119	9908120	1
5487854	5488208	2
10096993	10096967	1
8797408	8797430	1
5941188	5941185	1
11530362	11530762	1
8654157	8652611	1
12726142	12726698	1
3015916	3015915	2
1289899	1289888	1
11919610	11919191	1
9030421	9137366	1
11992443	11992427	1
3666402	3666401	2
2439382	2439381	4
3457525	3457526	1
6708305	6708306	1
944563	880987	2
1333198	1333197	2
11875649	11868339	1
9688182	9688181	2
1671394	1671391	2
6369476	6369475	1
6431755	6431085	1
3168438	3181097	1
3662111	3517072	2
1634193	1587854	1
9175779	9175703	1
8575734	8575710	1
4446986	4446985	1
10630501	10630636	1
4348355	4348356	1
7783218	7783217	1
7533034	7533041	1
10145955	10145956	1
6834978	6834977	1
4380132	4380178	1
4301759	7675861	1
7568992	7568924	1
7024038	7024033	1
12742903	12742908	1
5943770	5943769	2
10394358	10394357	1
11799014	11799013	2
11922209	11922210	2
10187541	10152603	1
5252719	5316426	1
5649054	5649561	1
10276313	10276296	3
3519760	3519759	1
1468183	1468184	1
7704495	7703188	1
4926527	4926528	1
2553671	2553658	1
2985757	2985783	1
968196	971230	1
9686381	9686354	3
7814498	7814497	2
3375009	3375010	1
1230195	1230201	1
8575734	8575712	1
4556841	4566306	2
11767686	11767680	3
4077378	4085861	2
10930449	10930312	1
8980330	8980329	2
6220586	6220585	1
3050848	3050197	3
2605542	2603501	1
5947320	6011984	1
5223810	5223809	1
10596300	10596299	3
6804949	6804950	1
6772119	6772120	1
1482248	1482240	1
12442210	12442207	1
4177191	4177383	1
9575949	9575944	1
4622225	4622230	1
984032	984031	1
3694497	3694498	2
5704748	5723218	2
10215454	10215453	1
2267477	2267478	2
5291232	5283091	1
11778370	11778369	1
9865254	9865253	1
10730934	10730933	1
7066329	7069867	1
9261317	9261169	1
9047627	9047628	1
3116786	3116690	1
8883601	8883602	1
6705199	6705200	1
530870	530861	1
5543326	5543286	1
10743871	10743874	1
1414674	1414673	1
11821674	11807683	1
6999004	6999003	1
11991573	11992947	1
11374064	11374063	1
8399383	8398435	2
5243063	5243064	1
4743427	4743428	1
12459694	12459693	1
4280275	4278670	1
5971279	5979693	1
192689	192690	1
9188858	9188855	3
6187922	6187921	1
1246532	1246531	1
4479630	9742118	1
7106072	7106071	1
4671186	4581211	1
1779360	1779359	2
341375	341376	1
2147376	2147375	1
6304900	6304899	1
11085669	11085670	1
3470712	3470695	1
8726315	8726316	1
5838515	5838518	1
1240183	1238480	1
4029973	4025289	1
6823609	6823610	2
11992946	11992945	2
8053340	8055338	1
7609167	7609150	1
1721796	7200934	1
8463377	8463378	1
6966515	6965153	1
3686170	3659082	1
4452714	4452713	1
1168207	1168208	1
1049862	1047593	1
2124784	2124783	1
8388503	8293619	2
10797070	10797065	2
7370928	7412626	1
1504639	1504642	2
3442202	3456946	1
6586983	6586851	1
5210187	5162980	1
1822926	1822914	1
9365090	9417820	1
6157052	6157049	1
6642719	6642722	1
73216	73215	2
8266581	8266568	1
1834120	1834094	1
1323450	1328259	2
10992547	10992490	1
11156316	11156315	1
7742962	7742959	2
11152891	11152892	2
5926621	5926614	1
9898467	9898468	1
8367343	8487301	1
12338641	12338644	1
354969	355033	2
3470341	3470342	1
1619016	1619015	1
11553515	11553518	1
5480982	5480981	1
1453424	1453423	1
12731905	12731906	1
2522700	2522692	1
12755408	12755407	1
4068598	4068676	1
2132724	2132731	2
2198024	2198023	1
11568190	11568187	1
8402062	8402051	1
1324849	1328053	1
5758063	5758269	1
1659756	1659755	1
11943105	11943099	1
3599312	3599257	1
7996091	7996092	1
1504643	1504644	2
8078662	8078641	1
8025917	8025914	1
6407921	6407922	3
7218374	7218378	1
11119855	11119903	1
3379520	3379517	1
7079004	7079001	1
6311976	6311975	2
12617322	12616965	2
4735358	4735346	1
1738803	1746641	1
10757825	10757826	2
11818142	11818141	2
11002707	11002708	1
5699236	5699235	1
11393824	11393823	1
3900019	3900020	2
6776593	6776594	1
851643	851644	2
6096097	6096100	1
5725699	5724378	1
3730117	3730199	1
4243129	4158327	1
2159409	2159410	1
12455923	12455920	1
4176267	4176268	1
6487874	6487873	1
5088829	5088830	1
11763467	11763468	1
4373645	4373657	1
10603550	10603545	1
5208540	5208539	1
9117213	6547832	1
11365459	11367724	2
1986618	1986617	1
11175740	11175739	1
3066325	3075594	1
1263790	1263601	2
6343638	6344244	1
11785214	11785213	2
2701307	2701276	1
3302156	3302213	1
6112866	6112865	1
8980258	8964155	1
8251064	8251061	1
5000122	4999122	1
5887897	5887898	3
1248785	1248786	1
1109405	1109406	2
7055917	7055893	1
1715893	1715894	1
5809975	5881627	1
3764557	3764558	1
3274367	3274368	1
5526413	5526414	2
4757678	4757677	1
9947776	10095004	1
142971	143064	4
5463775	5463512	1
6041344	6041341	1
8658101	8658094	1
2037860	2037859	1
11646866	11647088	1
10803529	10802830	1
968198	968197	1
6347383	6347386	1
6761896	6776594	1
1730957	1730983	1
2569040	2569039	1
1243183	1243184	1
8336930	8336965	2
1914404	1915906	1
2030709	2030692	2
2815841	2815842	1
4570568	4570666	2
6139586	6139585	2
7675860	4334033	1
11958928	11958933	1
3232390	3156150	1
2643781	2643771	1
8345407	8345408	3
11649489	11566039	1
7156502	7241697	1
12123813	12123814	3
3506006	3505988	1
708717	708718	1
11664830	11664823	1
12140130	12140128	1
2608448	2608447	1
7793552	4042631	1
8552930	8552929	2
4013364	4013363	2
743796	743795	2
1986620	1986619	1
3009964	2833768	1
12596092	12596091	1
5839266	5868060	1
8398432	8398431	2
1767626	1767621	1
10157044	10157043	1
3894677	3800568	1
11979974	11979973	1
4057221	4057222	1
10966561	10966564	1
1252978	1258049	1
4293698	4294399	2
3750149	3749499	1
2134277	2134297	1
7188851	7188885	1
9824098	9824105	1
11540986	11540985	1
2536508	2536511	1
8816881	8816882	2
11456828	11628466	2
3927484	3927483	3
3860878	3851845	1
6245893	6246217	1
3017269	4325014	1
12736116	12736113	1
5053859	5053860	2
4991968	5021132	2
3264436	3264410	1
5819553	5820399	2
5533998	5533997	2
12454117	12454118	1
11540984	11540983	1
1759685	1759688	1
10948650	10948649	1
11337740	11334782	1
2945691	2945692	2
9423927	9423928	1
5279642	5267613	1
4053139	4053140	1
29152	29599	1
10667386	10667454	1
4266473	4266476	1
11819631	11819632	1
2975051	2975054	1
1317263	1289606	1
5055940	11071393	2
4377607	4496366	2
9521096	9521095	1
6339389	6339397	2
3940075	3940076	1
9882562	9882699	1
10157325	10055303	1
8014650	8014646	1
6165803	6165804	1
2252152	2252151	3
6664751	6671499	1
11166073	11013451	1
8517125	8517126	1
460649	543889	1
6677183	6677184	1
11200479	11200670	1
3906312	3900571	1
6227561	11660755	1
5223615	7974291	1
12206224	12206223	1
5111730	5111727	1
6159897	6159898	1
7929647	7929840	1
5196492	5196489	1
5363657	5363660	1
829945	829946	1
791675	791676	1
2765289	2765376	2
10458859	10458860	1
1191265	1262727	1
8259898	8259614	1
2127117	2127109	1
1047689	1047690	1
2189757	2189680	2
8362965	8363034	1
1823725	1823728	1
609692	609695	2
6129553	6129554	1
1539888	1539887	1
11508226	11606515	1
7758248	7758247	1
12752448	12752447	1
9251625	9251626	2
3678987	3784678	1
10937719	10937738	2
9764642	9764609	1
5579155	5579156	2
3244584	3244583	1
5497052	5497051	1
7255291	7255292	1
7404636	7405844	1
7266389	7266390	1
8823492	8823491	1
7879034	7879033	1
7181869	7181870	1
8648156	8648155	2
10369911	10369912	2
8185252	8184817	1
8703128	8703127	1
788196	788212	2
2744309	2744366	1
10770946	10770945	1
800073	12124714	1
3971376	3971375	1
10513673	11392979	1
11345307	11345584	1
9373593	9373594	2
3308413	3308414	2
1516965	1481902	1
3569876	3457524	1
10618577	10618461	1
5311747	5311700	2
6104658	6104657	1
545783	485161	1
712767	712768	1
2558666	2558672	1
11902029	11902030	2
2019885	2019886	1
1165088	1169435	1
11533136	11480756	2
5748125	5747172	1
3166339	3166342	1
6339265	6353986	1
7708107	7707955	1
6067391	6067392	1
7448542	7448541	1
9985356	9985332	1
12263351	12298538	1
4538010	4539430	1
7595462	7595465	1
6326839	6326840	1
9820445	9820446	1
1253402	1253401	1
5522497	5522498	1
1093749	6705200	1
600124	600020	1
397415	397418	2
12684655	12684853	1
10597472	10597357	1
12259638	12240484	1
3039104	3039192	1
5989259	5989245	2
3400583	3400584	1
12791170	12791169	1
12780092	12780091	2
3304627	3304628	1
653143	653144	2
3751300	3742387	1
10699388	10699387	2
6350436	6324996	1
4293212	4293214	1
1140892	1140201	1
10054545	10054546	1
9053539	9053540	1
12454115	12454116	1
8566641	8520510	1
5498492	5498491	3
9514820	9514812	1
11759854	6416297	1
6408353	6409117	1
1247769	1247770	2
5527915	5527673	2
5183969	5183970	1
10427376	10427375	1
7321145	7321051	1
9558301	9557199	1
8846814	8846813	1
9686027	9686028	1
502888	641908	1
6487394	6487393	1
3274920	3251780	1
4791125	4791144	1
5484123	5484165	1
9665605	9665606	1
7527280	7527279	1
5802507	5802508	1
6397997	6268673	1
11681606	11681605	2
6732277	6731123	1
5532217	5532230	1
3463742	3463741	1
10179915	10179918	1
8542705	8542706	2
1109407	1109408	2
2597885	2597886	1
9711529	9680452	1
7923374	7923377	1
5375093	5375094	1
709220	709219	1
3462922	3462882	2
3480883	3480884	2
428557	428558	2
11031041	11031424	2
9478832	9478733	2
5715378	5715375	1
8329438	8329336	2
5194596	5194595	1
2231491	2164246	1
2986802	2986801	1
2731819	2731820	1
1189576	1189627	1
4425888	4425887	1
4612415	4612774	2
4658237	4658209	1
10917715	10918293	1
10733378	10733747	2
5571219	5571220	1
10744695	10744696	1
5676424	5676423	1
4617895	4617896	1
7996085	7996092	1
1179377	1179179	1
118525	119462	1
3086973	3086992	2
8808273	8808276	1
5351709	5286527	1
7384771	7384772	2
995642	995639	2
1589465	1590214	2
12576686	12576683	1
5295519	5295520	1
9701694	9683955	3
6604588	6630699	1
868075	868090	1
11721025	11745496	2
9900858	9900864	1
5841921	5841922	1
10497833	10497838	1
8497393	8497394	1
2455102	2455101	1
425822	425821	1
10919143	10919144	1
2446830	2446827	1
2297266	2297265	3
4643053	4643054	1
10433379	10432927	1
5186011	5186012	1
3768051	3767974	1
2744258	2744304	2
1055242	1053157	1
4398087	4398088	2
10998459	10998462	1
6051658	6051590	2
2455244	2455243	1
3928675	3928679	1
10838435	10838436	1
2462176	2542829	1
6582481	6582482	1
405166	519177	1
414789	414980	1
1081258	1081257	1
11752483	11752484	1
10156705	10156706	1
2705536	2706399	1
2059439	2059440	1
2338526	2341020	1
7285788	7261669	1
4095517	4095522	1
4414	4380	2
3285533	3285534	3
4242010	4242009	1
9363111	9438176	1
2589063	2589064	1
8821871	8816876	2
245474	245473	1
2043040	1938299	1
4270978	4270808	1
5159252	5159235	1
3551782	3551781	1
2016999	2016992	1
4711832	4711880	1
3199713	3199714	1
6585125	6586348	1
1138750	1138403	1
1619014	1603131	1
8818580	8818583	1
7383152	7383144	1
9065980	9065977	1
5550297	5550298	1
3239566	3160905	2
11004016	11004019	1
4134846	4141485	1
6234017	6234020	2
5474268	5474272	1
2237131	2287081	1
1641440	1641430	1
1451606	1451609	2
7302413	7324997	1
6243280	6243697	1
5772112	5772111	1
6467245	6479800	3
8253757	8253760	1
10478873	10478784	1
5768086	5768079	1
5888826	5887896	2
971231	971232	1
5274790	5274789	2
5306324	5306323	2
9901962	9901961	1
9609799	9696668	1
12252413	12252414	1
8434811	8434812	1
2931226	2884959	1
8442611	8580248	1
11332548	11332544	1
7856505	7856563	1
2921009	2921010	1
4368855	4388384	1
806228	806227	1
12672561	12672291	1
3379096	3379008	1
11751865	11800056	3
2448415	2448416	3
12617589	12496291	1
8757228	8757227	1
10274594	10168895	1
162776	10230027	1
443368	346625	1
11040922	11040929	1
2317046	2317043	1
7153768	7153767	1
198112	198100	1
11991112	11991111	1
6423857	6423349	1
6183944	6183943	1
638451	638418	1
11834259	11834207	2
7994206	7990842	1
3364566	3364561	1
4386106	4386114	1
1364993	1364994	1
11969924	11969927	1
7639462	7639340	1
2013931	2039274	1
1343466	1343376	1
3425857	3425858	1
7388478	7388477	2
8428281	8428272	1
2227533	2227534	1
10770953	10770954	1
2461361	2458223	2
8951418	8951417	2
11772114	11772113	1
5583187	5583232	1
11877882	11877901	1
2267483	2267484	1
7965734	7965733	1
2605112	2605341	1
6234019	6234020	1
11706100	11706070	1
3339383	3339384	1
7948723	7948102	1
7922015	7922016	1
2661362	2663300	1
9234194	9236168	1
8921141	8921142	2
5988686	5988698	1
11717469	11850532	1
8333997	8321760	1
6255174	6255171	1
11532733	11532293	1
3407596	1022066	1
2842531	2847834	1
1691300	1687505	1
3905537	3905538	1
3125174	3107288	1
11349469	11354981	1
10301118	10301121	1
6213634	6213742	1
666946	667056	1
3365985	6811483	1
5074605	5074606	1
6087099	6087102	1
8893044	8893043	1
6707386	6707391	1
8871648	8871647	1
4005837	4005838	2
1253396	1253395	1
12036396	12120376	1
12236210	12236209	1
7295900	7295850	1
2597206	2597203	1
10198820	10198819	1
9853851	9853970	1
12546949	12546950	1
11860355	11860596	1
1453891	1453892	1
10043940	10043939	1
10987449	10987454	1
8708681	8708644	2
10985638	11014316	1
40255	40256	1
9148216	9148215	1
8996274	9076630	1
3210643	3210644	1
4540183	4570620	1
7543944	7630310	1
11343373	11343374	1
11914487	11914488	1
8036045	8036046	1
335230	335229	1
6707301	6707302	1
1650462	1650464	2
1509449	2408750	2
4152381	4152382	1
630490	610570	1
11004012	11004025	2
9110835	9110836	1
3728778	3930911	1
7977317	8013737	2
8599985	8599986	1
3079784	3091165	1
1708227	1708228	1
4589116	4589115	1
8217901	8217902	1
6126072	6189885	1
7996097	7996098	1
11488710	11488713	1
4046443	4046450	1
3053567	3053568	1
6142376	6142264	1
3427678	3427677	1
1505661	1505662	1
5532215	5532216	1
11568180	11568191	1
3032110	3258803	1
8775020	8775019	1
4709446	4709445	1
7266515	7198729	1
6162823	6162759	1
8804529	8804530	1
2571150	2571130	2
5572526	5572208	1
393014	396214	1
7851348	7851333	2
10661083	10661550	1
4751351	4751352	1
11981503	11981513	2
7263572	7272379	2
2617948	2617945	1
5556797	5557289	1
3681088	3698383	2
10391223	10391252	1
9119891	9119542	2
1149417	1149418	1
1835973	1835974	1
362177	362178	1
12267347	12267348	2
9672671	9672672	1
1399079	7181583	2
9776387	9776388	1
3784873	3784874	1
1038528	1038527	1
6182644	6182643	1
10482051	10482052	1
4806047	4806050	1
11860355	11860356	1
9099497	9099498	1
2509006	2509005	1
7302413	7324995	1
6423857	6423351	1
10309067	10309068	1
9684574	9684573	1
6178704	6178703	2
2317048	2317047	3
4548164	4548163	1
1081183	1081184	1
9156731	9156734	1
3607053	3607054	3
4716379	4716380	1
3663491	3663492	2
7382184	12776884	1
9179158	9179157	2
8475471	8474105	1
4365105	4364296	2
12641574	12641725	1
7175396	7175395	1
9889869	9889870	1
4385357	4385358	2
6471787	6471788	2
4516400	4516299	1
5555669	5555670	1
9155602	9161383	1
8686965	8686966	1
11666704	11666843	1
1343466	1343374	2
2638618	2638625	1
1313990	1314008	1
2267479	2267480	2
5231645	5231642	1
4499685	4514293	1
4263984	4264016	4
5691354	5691353	3
1243582	1243581	1
12123815	12123869	1
11652416	11652415	2
9379271	9555058	1
9704113	9704116	1
883270	925900	2
3694499	3694504	1
6199694	6199693	1
3379516	3379515	1
12370429	12370430	3
7771785	7771786	1
6633912	6633914	1
10966565	10964908	1
2567372	2567371	1
6366990	6366949	1
9239256	9239255	1
1082138	1082137	1
5414146	5414145	1
4568814	4591208	1
2713907	2713908	1
10531234	10460812	1
11861478	9500640	1
6336120	6336119	1
11701959	11701960	2
11796706	11896981	1
12239948	12239947	1
6283673	6283691	1
5832819	5832820	1
8905741	8909890	1
3616697	3616698	1
5578135	5573028	3
1829957	1829860	1
151222	151220	2
2922187	2905626	1
551655	457173	2
8057605	8056679	1
5368985	5368986	1
6037702	7198910	1
6855243	6820321	2
5241643	5241697	1
5627184	5627183	1
1966036	1968217	3
2334469	2241970	1
11786412	11871654	1
10274000	10274335	2
1460098	1460097	1
9728048	9728047	2
5489923	5489924	1
7148525	7148526	1
11564178	11564177	1
5376013	5376014	1
3073329	3073330	1
7911237	7911156	3
10727010	10727009	1
1552323	1565908	1
5845712	5845707	1
4941194	3501618	1
9652323	9497954	1
6823613	5642240	2
908691	908692	1
11000834	11000833	2
2615157	2615160	1
6184555	6184556	1
4665494	4665464	1
4606427	4784905	1
3985251	3985252	2
5641167	5641168	3
6411133	6411134	1
7769315	7769316	1
9659767	9748342	1
2321846	2322353	1
10130686	10130685	1
12236221	12236211	1
12029546	12004384	1
2506735	2506736	1
2713909	2713903	1
216955	216956	1
2317048	2317043	1
141848	141847	1
3456254	3456253	2
11337427	11337339	1
7420459	7326838	1
1511123	1511124	1
11489997	11490057	1
4452714	4453184	1
8759621	8759624	1
5839268	5839267	1
908361	908362	1
11849029	11837201	2
10574874	10574871	1
5851208	5851203	1
10653341	10653004	1
1758277	1758278	1
5568100	5568099	1
8554218	8554221	1
2316923	2316920	1
1291745	1291748	1
10763521	10763522	1
4057223	4057224	1
2274182	2274195	1
3274662	3274664	1
3851322	3863026	1
3482989	3482990	2
3162689	3162738	1
5286526	5352990	1
2189767	2184886	1
37738	37737	1
11020098	11020095	1
6113427	1177324	1
8625009	8624970	1
6704291	10399462	1
3785189	3785190	1
2877263	2880232	1
10275410	10275423	1
6240642	6240632	1
15737	15738	1
2982998	6998286	1
7619061	7726468	1
4144635	4144636	1
10651580	10651502	1
11103069	5207701	1
547974	547971	1
11717329	11717330	1
5275473	5149621	1
6677185	6677274	1
10806531	10806532	2
2580955	2582286	1
10031993	10031994	1
416831	416832	1
5771501	5771254	1
1321380	1502777	2
2586975	2586948	2
12268936	12268935	1
1065610	1109062	1
9048309	9048310	1
4926323	4926526	1
5910049	5910052	1
10171385	10171380	1
6138749	6138750	1
1653038	1653037	2
5746669	5650305	1
2808239	2808259	2
740522	740516	1
10516205	10516201	1
11995986	11996004	2
10040582	10040580	1
4051429	4070265	1
11564176	11564171	1
1457139	1457134	1
1042291	1051133	1
2150630	2149200	1
8919914	8919951	1
10808221	10808222	1
6586040	6585998	2
5434980	5476292	3
1027395	1140701	1
12229835	12229836	1
3555320	3555319	1
9266964	133345	1
1939386	1939385	1
2905025	2905026	1
6632289	6632287	3
2014712	2014693	1
8961343	8961363	1
6339387	6339388	2
5425686	5425695	1
7820065	7820066	1
10537051	10536829	2
7232930	6034721	2
8845892	8845891	1
7122352	7122342	1
5192651	5192646	1
3696101	3696102	1
4617893	4617894	1
11694922	11694809	1
11796566	11796565	1
815184	815183	2
12436119	12436120	1
2306040	2439383	1
7681645	7681933	1
1530555	1536255	1
4564615	4480748	2
5266520	5266515	1
9871667	9873870	1
3080868	3080867	1
5423656	5423748	1
12013390	12013288	1
8709160	8709155	1
1247044	1246118	1
10267716	10264291	2
3732702	3732697	1
834969	861469	1
2104226	2104225	1
3758916	3758915	2
7013601	7013606	1
2334467	2334468	1
7470183	7466902	1
5578430	5578429	2
8479405	8414304	2
6490837	6526595	1
12766570	12766564	1
10131533	10131589	1
5527672	5527671	2
7223130	7223129	3
9831397	5092994	2
2525776	2525665	1
56449	55953	2
1212339	1212340	1
5740115	5740116	1
7428372	7394906	1
6480911	6480912	2
2105633	2111071	1
1620561	1620616	2
7364785	7364786	1
1515351	1515352	1
7288224	7288223	2
2292039	2230304	1
8895949	8894497	1
6176044	6176043	1
6691114	6785210	1
11322139	9251624	2
12469681	12521167	2
7786584	7786583	1
1278547	1278550	1
12323703	12323704	1
11487948	11487947	1
4228145	4228148	1
11522370	11460262	1
5825724	5825721	1
11772118	11772115	1
2969056	2969055	1
9873195	9873196	1
8687985	8687986	1
8377791	8377792	1
4539431	4539432	3
4602576	4602581	1
9578458	9578417	1
7561966	7562578	1
6460409	6460093	1
3166341	3166342	1
489825	510529	1
6656836	6656833	2
6229689	6229684	1
6116035	6462507	1
2464269	2464270	2
10564217	6703587	1
11451910	11451907	1
6435239	6435234	1
4553888	4553768	1
5917951	5917952	1
2542826	2542825	1
9654756	9654755	1
9101263	8347345	2
10322523	10322524	1
288112	288111	4
11004014	10945049	1
1885708	1886262	1
3678987	3678988	1
10333335	10333336	1
9577689	9662822	1
10141262	10141261	1
10100021	10100022	2
9868877	9868880	1
3360782	3360785	2
8966301	8966302	1
917036	917049	1
5931549	5931553	1
12207048	418509	1
10847624	10847618	1
1830912	1830911	1
7960460	7960463	1
7626963	7731331	1
2190873	2190874	1
9830377	9837694	1
1523390	1583654	2
4144633	4144634	1
11193713	11194041	1
7378855	7378856	1
11649511	11649490	1
1433045	1433046	1
4109126	4019022	1
8906852	8907024	1
4686260	4768937	2
2569352	2569351	1
12246865	12246866	1
8200740	8200739	2
9992144	9992143	1
10537049	10537050	2
5374897	5374832	1
9118204	6547776	1
