fend1	fend2	count
5511836	5511831	1
9012304	12375334	1
5247522	6039647	1
5848879	5848815	1
4605200	4604849	2
12593517	11077068	1
179085	179086	1
12560883	11203286	3
11123410	11138469	2
9038072	9338946	1
11203021	11203018	1
12210712	12759289	1
5225103	5225104	1
9253499	9292767	1
5055876	5055875	1
12768525	12768526	2
648949	648950	1
12719869	12735229	1
12455463	12455464	1
132700	8746664	1
4584779	4423853	2
12604969	12604970	1
12437186	4615227	1
9670785	9604552	1
12369097	4482509	1
5486824	5486823	1
10904786	10904783	1
5477226	5324763	1
11041897	11041898	1
12128989	12128992	1
5284123	9101778	1
12402067	5355862	2
8890131	8890132	2
5266418	5266421	1
4520715	4517746	1
5195950	5195949	2
12647902	12647907	1
201067	201068	1
11420489	4935792	1
12005965	12725435	1
5448378	5448377	1
8833623	8833624	2
12687408	12743176	1
9181151	9181152	1
4601335	5058276	1
11041998	11042016	3
5987750	5987749	1
6157143	911856	1
9706756	9174902	2
12266980	12780036	1
5506508	5501668	1
5724041	216092	1
10979030	10979029	1
9352725	9782147	2
4863419	9356105	1
4845212	5077516	1
4744853	4559772	1
5228320	3142408	1
180536	180535	1
9542105	9542106	2
12811360	12811359	2
11528409	11528407	1
4723808	4723837	2
341103	6082762	1
12493248	12493247	1
11675593	11675594	1
11514167	11514168	1
4875106	4870683	2
5067793	5067794	1
5434066	5435545	1
6087700	6087775	1
9572215	9572216	2
11163466	11163465	1
820967	820964	2
11998058	11998063	2
9427963	9427964	1
12493833	2893336	2
9549783	5122566	1
12596086	9053154	1
551201	389749	1
12362483	12747564	1
12378606	10854205	1
11934010	9142983	1
5367899	5367900	1
5741042	62683	1
350305	5926149	1
2831295	2876768	1
12537170	12537169	1
5679750	9765722	2
12254230	12254229	1
11535124	11535123	1
8664629	8664630	1
8641925	8641926	1
365633	365634	2
5163122	5163121	2
5955043	5955044	1
4636122	4833180	1
11753968	11724980	1
5239892	12237172	1
5180538	5180537	2
5130972	5366771	1
5570805	5570806	1
12245563	12245564	1
8831378	9246059	3
11001032	5316120	1
9662551	9662552	1
12291665	6111642	1
5221683	5217436	1
11812656	9252756	1
5988992	5988991	1
292064	292013	1
12730623	12730624	1
11616920	11648956	3
4229656	4229655	1
11147031	11141009	1
4739384	9445542	1
9691702	4291749	1
2774391	2774323	1
11421571	11421572	1
12763890	12763889	2
5290268	192968	1
4179307	5328535	1
12448340	12448303	1
8627828	3127204	1
4222587	8672806	1
2693216	9009108	3
8866272	3153547	2
9761383	9707223	1
8732922	107890	1
12814186	12814185	1
10795635	10795636	2
2636231	2636232	1
9456311	9456312	1
4567116	4567115	1
12141283	12141284	1
12658758	12660037	1
12341851	12057342	1
474210	474216	1
12285160	886224	2
621105	621101	1
5181582	11777755	1
9056157	8879524	1
8677581	11034406	1
3203745	3203746	1
8725339	8725340	1
11142264	11046051	1
8898595	3362584	1
288105	9640388	1
11808551	11808552	1
8664336	8664335	1
9184505	11485529	1
368554	368553	2
5927474	5927473	1
8887246	8887245	1
4604871	4604872	2
5413526	275574	2
5475889	5475890	1
8710110	9503668	1
5117510	8831782	1
10972373	10972374	1
12243070	5523655	1
11082006	11082005	1
12786013	12797910	1
11353085	11353047	1
11082123	2958330	1
5427322	905605	2
5676051	5661897	1
12794049	12794058	1
12246276	12773238	1
6210836	12527803	1
5526351	5526377	1
4482545	4482539	1
11779777	12477707	1
4189533	4149091	1
11403012	4382009	3
12453196	12453195	1
5277314	5277313	1
4790056	4790055	2
12046344	12046347	1
11788407	11788408	1
8969345	8966370	2
12619417	12619418	1
4197066	4197061	1
81620	51809	1
5365782	5365794	1
5532646	4520906	1
11860131	11815991	1
4139504	4139501	1
6012097	6003129	2
11563721	11563722	1
4830486	4630094	1
11763750	11763749	2
8813063	8813064	1
5630625	5630626	1
605241	605242	1
12714331	12526831	1
9357275	662285	1
12723653	12723654	5
6169143	6169144	1
8820967	9003052	1
12625903	12625904	1
4815249	5049779	1
3291959	3291960	2
531381	531382	1
12198181	12198182	1
9385668	9385667	1
4682326	8658773	2
330274	5990090	1
9300552	9300415	2
5212140	5212136	2
12480965	12480926	1
11857021	11856993	2
1964936	798727	1
2909867	2909868	1
12150880	11117060	1
10933132	10933131	1
9662049	9662052	1
9481882	9077273	1
12727059	12727060	1
8793622	8793621	1
12143407	5413409	2
12620889	9023372	1
9113183	6131980	1
9606976	9424138	1
4564925	12646089	1
8835095	8773339	1
350137	350174	1
7446314	10629	2
10882600	10882599	1
4215733	4215734	1
3234346	246180	2
4403591	5189391	1
9386233	680382	1
6189989	6189893	1
12477632	12477227	2
4590475	4581738	1
4844003	4543810	1
2839208	2839207	1
101217	101218	1
11303074	11303083	1
12387833	12387834	1
650973	650974	2
12141281	12141282	1
506061	12181738	1
11008157	11913014	1
12779380	12779379	2
12540035	5548387	1
10814887	9518520	1
8866183	4573137	1
9140018	9140017	1
10986500	10986499	1
12714480	12714479	1
4258199	4257921	1
631286	631285	2
5502660	5502659	1
12271584	12271583	1
11690540	12122150	1
5430368	5430367	1
4408615	4408611	1
3133288	3133287	1
12598651	12598652	1
5781186	5781185	1
9586212	9432487	2
207766	4629853	1
2984982	2984981	1
70802	764895	1
4808708	12273135	1
11824548	11824547	1
522384	522383	1
5146448	5313963	2
4662502	4776841	1
5741486	5741483	1
10857353	10857354	1
9572901	9572902	1
11711009	11711010	2
12153568	12153924	1
12403298	12403297	2
797412	797411	1
230592	79466	1
4545107	4545108	3
12547458	10821223	1
12635193	11385917	1
12281932	11828008	1
5598019	11715907	1
674967	674968	1
9038661	9038666	1
99225	99226	1
9347734	9347733	1
5337032	5336970	2
4674309	795920	1
9719443	9747123	1
12496731	12452115	1
5869359	5531947	2
3154739	3154759	1
906114	916315	1
9087572	11662723	1
11187904	11187903	1
8686051	8686052	2
9027935	9027936	1
8783200	8783199	1
911077	911080	1
3169431	3169432	1
10770133	10769676	1
4287326	4287323	1
12717552	11476579	1
5992789	12471365	2
11404338	12292737	2
12812502	12811514	1
5582085	5255980	1
509868	509871	1
11092028	11092025	1
5049447	5275666	1
10796123	9588061	1
5333965	4202119	1
4596636	12732288	1
5284039	5284040	1
8665801	8665802	2
8669817	8669828	1
11096794	10941523	1
4804885	4804889	1
8731684	8731689	1
9311569	611985	1
11989566	11989534	1
9011317	11677635	3
8710112	8710111	1
11976244	11737360	1
5420867	5420868	1
9167968	9167967	1
5360455	5177327	1
6012125	6012126	1
4611603	4611604	2
512551	9246352	1
363663	394342	1
2735487	2735476	1
5537279	5537280	1
4552884	4552883	3
11916084	11916083	1
6136604	6136601	1
4268694	10935048	1
4863421	4863422	1
6163341	4775400	1
5760489	5783624	1
11762298	268932	2
2780904	2954555	1
5596289	5596290	1
5391011	5391012	3
12807251	12807252	1
481836	481835	1
12559200	11079135	1
11431674	11431673	1
12347689	12347690	1
11925605	11925606	1
9391402	9391401	1
504808	519694	1
909059	909060	1
3140855	3140856	1
5962433	6098492	1
3338503	3342764	1
9315297	9315298	1
6174285	6174288	1
8983241	8983244	1
11408837	12011226	1
8920779	8920748	1
9038661	9038662	2
8784069	8784091	1
11667073	4131644	1
8696938	8696937	1
11864463	3198156	1
8883926	9005108	1
11679699	11554844	1
8722497	8722498	1
5413528	5413527	1
659508	655392	1
8711401	11787738	1
8805543	954245	1
5525770	5516671	1
8956609	8956610	1
289863	289864	2
12752254	12763598	1
315586	4784340	1
5511836	5151625	1
11328016	76488	2
12303355	12303356	1
918785	316987	1
4740691	4302876	1
636552	593058	1
442213	442214	1
5817804	8716655	1
5339126	12401412	1
9677582	9677594	1
5543283	5543284	1
8766483	8766553	1
8834041	8917659	1
11963209	11963210	1
11082732	11082731	1
572900	11803952	1
9171813	9171814	1
5710443	5710445	1
9521467	9521468	1
5162581	5162582	1
2669181	2669182	1
12478645	12478646	1
4630692	4630691	1
190724	3269853	1
11092817	11092818	1
5178247	5360843	1
12809996	12809993	2
4174249	4373956	1
5284070	5284069	2
8851333	8999399	2
351621	351622	1
5528408	9507181	1
11819678	11919790	3
11989570	11989569	3
3186154	3186157	1
5104241	5104242	2
4545647	4545648	1
243487	11961886	1
3346291	3346282	1
9111762	9111761	1
8800801	8800804	1
8837283	8837874	1
11692123	11692124	1
9058899	9055749	1
9500580	9297570	1
460087	460088	1
373259	373260	1
5442093	5442094	3
5564227	5559377	1
5449612	12465622	1
12717721	12717726	1
2749455	2749460	1
12017099	12017100	2
4723863	5265604	1
12434934	12434933	1
4941489	4941196	1
4736358	4736368	1
4994237	4994238	1
5255171	12677061	1
12729860	9384707	2
10769677	10769678	1
5824681	4275563	1
11913902	11913899	1
5359135	12672665	1
4619424	4619423	2
12793794	12794331	1
8689359	8689360	1
11672107	11672108	2
11759404	11759401	2
9648716	9648714	1
11353130	11353129	1
8880882	5187428	3
12293511	12186629	1
5552691	5552692	1
12616617	848618	1
3094404	8725326	1
2969819	4132744	1
5370619	5369191	2
11339191	11339192	1
9795812	9424467	1
12288104	12288103	1
10974746	10974745	1
12537171	12537125	1
4651960	12132973	2
9758955	9759008	2
11616038	8826354	1
8759275	8759276	1
5060067	5060095	1
10907365	4982042	1
5239894	12237172	1
11115173	12102427	2
10979278	5091632	1
11021839	11021842	1
12056108	12015735	1
5340621	5340622	1
12521355	12388439	2
5863081	5863082	1
5816133	8815779	1
5201732	5201731	1
12481801	12485624	1
5922842	5922839	1
5772804	5772803	1
11919068	4991730	2
4384428	12695239	1
4563347	12785496	2
12201297	12269535	1
9166288	11774624	1
10961584	10961583	2
2762538	2762535	1
5518116	5518115	1
4230238	6111279	1
11731682	5588508	2
5205603	3231078	1
6068704	295851	1
8953666	8953677	1
9518181	9518182	2
9022629	8763590	1
9754959	9754960	1
664105	740917	1
8869887	642332	1
8845770	9434908	1
4570075	4570063	1
5197038	5197802	1
8835469	8835470	1
11961058	11961057	1
9766007	9766008	1
12322746	12322745	2
12768499	12768500	1
5974897	11056093	1
3133286	3133285	1
5239894	5239893	1
8988567	8884945	1
4601306	4601316	2
5299746	5299743	1
556952	340001	2
9155764	9155744	1
659284	659287	1
9350823	9350824	2
5629942	5629941	2
8800910	9015016	1
3133288	3133285	1
6047194	6047193	1
838598	3271375	1
868457	868458	1
9274217	9274220	1
4419706	12556137	2
9751221	9371400	1
10808754	5266097	1
12591764	12608816	1
505531	632329	1
11365360	11365357	1
11788252	11788251	1
11244481	11244482	1
5444435	5444436	1
11864399	11862792	1
9143999	9144000	2
12202357	12202358	2
8642543	8640779	1
5769195	5769196	1
11499268	5365699	1
724740	9311603	1
11027685	11431560	1
11768935	12666220	1
6500249	6359056	1
4992930	4295366	1
12721697	12012889	1
5376732	12232535	1
5536055	5536056	1
8922155	11073146	1
12229366	12229354	1
5317367	5231212	1
6129369	6160363	1
575390	567877	2
5893339	5893340	3
12800097	4597044	2
4831520	4831519	1
7446458	7446457	1
11802959	8714070	1
12228238	751976	1
11370890	11370875	1
8967714	8967711	1
6157145	911856	1
9721789	395890	1
12004743	12004744	1
9111772	9058956	1
12272205	12345360	1
12511953	12511954	1
11749445	11749446	3
10986498	10986495	1
6142150	6142127	1
5540189	5540070	1
262872	11873288	1
395217	395218	1
780186	787806	1
6061283	775274	1
8678083	8678084	1
4736369	4736370	1
8746378	8750245	1
8714057	8714075	1
8712657	8678520	1
900758	900761	1
5210105	5210106	1
5614640	5612509	1
12462757	12462725	1
3162651	3162656	2
3080695	12452841	1
8730818	8730817	1
2954441	2954442	3
9153593	626085	1
5864760	90940	1
6157657	9343503	1
9317757	9317758	1
12570251	12570252	1
390139	390140	1
12129443	12129474	1
5728895	5785427	1
11802511	11267781	2
5438829	4391865	1
6871667	6871675	1
4539192	5524806	1
6179578	6178081	1
12247995	5603890	1
4378316	6179576	1
9018579	489170	1
483869	482704	1
490473	5623475	2
5807969	5808020	1
9064201	9047645	1
8826386	8826385	2
8705498	11662138	1
9153134	8723112	1
5829541	5829534	2
5903211	11925604	1
5697248	12239336	1
11029853	11029854	1
11535122	12041943	1
8947468	8947425	1
10750	4498	1
11908775	9637881	1
292064	292011	1
11677880	11861629	1
8700515	3038209	1
4532363	618824	1
11833013	11830306	1
8783196	8783195	1
3136352	3107164	1
839012	12265159	1
11072155	11072156	1
6011162	5462091	1
935377	4259659	1
3218654	3218653	1
11429251	11429252	1
12009312	5543282	2
2656379	2656417	1
216926	216925	3
9125402	5215075	1
12810025	12810026	1
9740541	9740531	2
11738577	10889014	1
12424370	12292209	1
4328260	4328259	2
5519547	5519548	1
4654837	4654855	1
9153714	4789438	1
4984918	4984915	1
11635919	11635920	1
356873	356874	2
4855498	12715551	2
9111774	9111773	1
5208118	5208117	1
12717725	12717726	1
9700196	11050521	3
9101630	9039501	3
5451842	5451841	2
356875	356871	1
11700621	3203724	1
12373192	12373191	1
11441319	11485355	1
11466651	742337	1
12400243	12400244	1
5180540	5180539	1
6073690	6073726	3
12281199	5098428	1
12338759	12338760	2
8750914	8832283	1
8761533	8761810	1
12713771	12713772	1
11046443	11896419	1
528952	528951	1
11778456	11778381	1
9104801	9252696	1
11939770	11939755	1
11689194	11689193	2
4318709	4318710	1
12015866	12015865	1
8695824	8695823	1
5115849	5115852	1
4471947	4471948	2
5711620	5711619	1
11813888	12198565	1
5811341	5819207	2
5726456	9723809	1
12155548	2709865	1
11886818	5356595	1
5090218	5090215	1
3101445	2927207	1
171972	11157408	1
12571559	5922710	2
11439821	11439828	1
12744447	12665041	1
11940856	509243	1
2774391	2774321	1
4196094	4196093	1
9032637	9032638	1
4783562	4783561	1
3273721	3273722	1
12364332	5881147	1
12480582	6017749	5
5353177	5494540	1
2714450	2713199	1
10808713	2798607	1
442211	442212	1
5738467	4575316	1
5829771	3254893	1
5696714	4131626	1
4813536	6207828	1
11706285	11706254	1
4157004	4157003	1
11752334	11752311	1
11364966	11364965	2
9320429	9320408	1
8715534	8715560	2
12050594	12050662	1
2974064	2974063	1
11738575	11738576	2
6022983	6022984	1
5918379	8741919	1
8640082	9176823	1
5525089	196555	1
657235	657236	1
6060113	6060114	1
12683758	5076585	2
11791231	4644239	1
5286453	5425799	1
8841375	8841376	2
9179265	9179266	1
12751461	12721758	1
3302994	3302978	1
5645714	4651288	1
6117446	6117445	1
9783167	8885369	1
12724370	12724369	1
11859400	8696939	1
12304779	12304780	2
19576	5743346	1
4737793	4737760	2
12390260	12275891	1
9702656	748674	1
3023497	5044657	2
12352678	12352677	1
5694762	6003208	1
1538625	1538616	1
5224559	12178209	2
2921308	5413940	2
12727134	12727133	1
12393500	12393429	1
5569538	12751907	1
5913065	5913066	1
11963620	722951	1
10907611	10907612	1
3100627	3100628	1
5116741	5116742	2
12212928	12212927	3
353075	5916848	1
9523071	11392885	1
5704723	5704724	1
8677577	8677578	2
12627059	4589607	2
8738054	8642577	1
2900223	2900224	1
12275179	12275180	1
10987138	10987137	1
5166444	5166441	1
735647	735650	1
9000134	9000133	1
8722495	8722496	1
4242418	4174396	1
10998769	10861551	1
4267515	4267516	1
8663713	8663714	1
5469931	5378423	2
8716656	8716655	1
11099595	11420114	1
8650337	11995672	3
6199317	6199318	2
8682828	4604051	1
377519	5824943	1
4666587	4666543	1
10928241	10928257	1
8677737	8677760	2
9121489	11741906	1
9241459	9241483	1
9144810	12151121	2
11944977	5202692	1
9660900	9660899	1
12141207	10975319	1
9548982	9618170	1
5477252	5477251	2
87160	87157	1
3162649	3162650	2
540710	540709	1
6051698	6051697	1
6087940	6087939	1
2707474	11343181	2
8664628	8664627	1
11127895	4349007	1
5040761	5040762	1
8881377	8881378	1
5675524	3309162	1
2785627	8757817	1
9023447	9023448	2
5144292	5194804	1
12039046	5558720	1
8793620	8793619	1
9616326	3273720	1
5075471	5164709	1
5580578	5580570	2
8917215	8917202	2
9299365	3198496	1
4679392	11302147	1
9189020	8863264	1
800515	800516	1
10708541	10690250	1
9072647	9068259	1
2941295	2941296	1
8828282	8828281	2
12809831	12809832	1
4511128	4511131	1
9553054	9553053	1
631288	631287	2
8653364	8805992	2
5595604	5595678	2
9063346	9063345	1
190494	130056	1
11923668	5612203	1
5934753	5934754	1
5159530	5280922	1
6141113	6141114	1
12300709	12306082	1
6157143	6157144	1
11557641	11650236	1
4860579	5379234	1
6045058	6045057	1
12774915	12774926	1
12748253	12748370	1
9033694	9033693	1
11425821	11425822	2
290104	290103	2
12570579	11198967	2
8733681	8733753	1
3350555	3163028	1
12657771	10796464	1
2871833	2871834	1
4835091	887634	1
9303016	732301	1
9172872	828152	1
8699974	8699784	1
12516236	12409824	2
5675529	5675525	2
8847942	8847941	1
11579830	9548024	2
254069	254000	1
8813068	8813067	2
11764682	9085530	1
11912640	12665399	1
698431	698432	2
4390	5988	1
5521533	12813380	1
8891699	9256473	1
9429500	6206504	1
12140793	12140794	1
12539528	12541095	1
12245922	837138	1
8967514	8967511	1
12728685	12742848	2
11430670	9501223	1
12273593	12273594	2
9386383	12150922	1
11092534	11092531	1
5102581	11180925	1
782766	119983	1
11096190	11096189	1
2695763	2686297	1
2827168	2827166	1
9179864	616012	1
8760146	8760145	2
9025624	9025633	1
12382720	12650596	3
9315214	9315213	1
11921415	8707405	1
12355284	12355283	2
4633613	4633614	1
3135135	2813768	1
5238600	5238599	2
5112901	5315014	1
12698224	12698223	1
8672379	8672393	1
9108564	9108430	1
12699443	12699444	1
876512	876511	1
9611648	9611647	1
5515432	9385669	1
12158591	12158592	1
291692	289830	1
12763406	11898691	1
12311544	12311543	2
4855774	4855773	1
5537281	5537282	1
4575495	4575496	1
12314184	2906746	1
4507492	4507487	1
12652096	5564611	2
4339308	4292829	1
12309436	12810802	2
3054931	3054925	2
5703200	5703199	1
8662560	8662554	1
11694820	11694819	2
5436480	5436483	1
5423826	9320661	1
4835191	12456609	1
5287204	5322166	2
6051696	6051701	1
9096136	9096133	1
5389917	4252993	1
5122589	5122590	1
9552893	12147720	1
5239783	4934026	1
5134236	5110634	1
10797249	5312216	1
11583095	11583096	1
12042782	12042781	1
12773784	4201989	1
3162567	3182406	3
2745917	11574493	1
12745212	12745211	1
11202180	11958222	1
5939374	5939373	2
5989081	5989082	1
8800805	8800806	1
9553052	11404400	1
11184658	11184657	2
11203019	11203020	1
222015	8937367	1
4667008	4564195	1
11105881	11105882	1
11179084	5766241	1
3199960	3199959	1
12301579	12301541	1
5287829	5287830	1
5199462	5199461	1
5476095	8973231	4
3380358	3380355	1
8730820	8730819	1
11988626	11988625	2
11450177	11450178	1
4151258	4151257	2
9024896	11934140	1
8837389	8837387	1
655572	655834	1
12002742	908820	1
547635	547645	1
12253636	12255772	1
12567954	12567953	1
5485949	12662952	2
12660902	5484209	1
224143	224144	1
6012123	6012124	1
10904788	10904787	1
11416965	11425820	2
5344399	12405062	1
5448376	5450617	1
4284080	4215732	1
8712236	8712235	1
4986073	5051234	1
742124	742123	1
503175	392266	1
11459441	2987805	1
5102187	232915	2
4500311	4500312	1
10796122	10795798	1
9186053	8917201	1
4804883	4804884	1
12273589	12273592	1
5115415	5115420	1
11123412	11123411	2
4848272	5093320	1
5144096	5144095	1
9444579	9605536	1
4298501	4298502	1
11434466	11483745	1
5437557	11547011	1
11778458	11778381	1
12524788	12524787	1
11865207	11865208	2
5191091	764791	1
5971430	331969	1
10835879	10835883	1
8787609	8735744	1
563687	563688	2
4864868	5443848	1
9291427	3295768	2
5322679	5254850	1
11847771	5335567	1
9740734	9740733	1
10951912	10951876	2
9510327	9510365	1
5536390	5536389	2
5339630	5274100	1
4416596	4132838	1
5546230	2762140	2
812036	4798939	1
5195948	5195947	1
5517995	5518077	1
11344469	11344470	1
929825	929844	1
6185903	6185904	2
12042784	12042783	1
3320902	3320901	1
3156512	5350114	1
9654542	9650131	1
5096409	5807672	1
12763976	12764014	1
698429	698430	2
4363627	4363628	3
5270194	465338	1
9288469	12195206	1
9384708	9384707	2
180538	180537	1
12749165	12688236	1
9033616	9033693	1
3111722	3163515	1
6186209	8921804	1
4868923	11712520	1
4530928	4530927	1
11805317	8719602	1
11328112	11988429	1
12729860	9384709	2
9658464	12189357	1
12804054	12799991	2
5530222	5530241	1
9258920	9258919	1
742124	742121	1
5718322	5718321	2
4347267	4347268	1
127235	11790479	2
8813070	8813069	1
5839361	164054	1
11825560	9297446	1
4133419	5422947	1
11831932	5139404	2
8948083	9178471	1
4562878	4562877	1
8690253	8690254	3
3731087	3727198	1
4385102	4385104	2
5711862	9070902	1
2818681	2818682	1
5546232	5546231	1
9145517	3132808	1
3337341	3337327	2
3256168	3256167	1
5067801	11936238	1
5252703	5252706	1
5357575	5357576	1
5503966	6074805	1
11612646	11560606	1
5596615	5967095	2
12311546	12311545	2
4687038	4999734	2
6126060	6125974	2
188581	188606	1
12659917	12659919	1
8859446	8859478	1
11459439	11459440	2
5335566	5335565	1
2897950	2897943	1
12039409	8881735	1
6161740	8735054	1
11932964	6044029	3
12266848	3203339	1
11288341	9100129	1
4152417	4152418	1
5458917	12300825	1
12028476	12028475	1
4642285	4642286	1
11698462	11964062	3
4917727	5120417	1
9286978	2750090	2
2909843	2909866	1
9640619	9640620	1
534471	9653931	1
11849083	3366798	2
6082874	326905	1
5078630	5078629	1
12450363	12450366	1
4536099	4536012	2
5486873	5486825	1
6074025	6074026	1
11706285	11706252	2
5471695	5471696	1
9165045	11596285	1
11859400	8696937	1
11258273	11258266	1
6009382	2319019	1
12647570	5323	1
12030390	12030389	2
12717552	11476581	1
5811339	5811340	2
12666171	5339631	1
12741881	12723875	1
6140774	6135263	1
12459906	11770647	1
835509	9361603	1
6087296	338515	1
5055662	5055664	1
12721600	12721599	1
764969	764960	1
9023358	8753008	1
9124696	9124699	1
823830	823829	1
4760287	929824	1
11270392	11494212	2
11755844	11755843	1
9141527	9141528	1
5609891	5014587	2
715094	4837033	1
5787951	396712	1
12301979	12301980	1
5482281	5482257	1
12784583	699363	1
12411378	5352857	1
9627328	9133773	1
4554515	4427735	1
9585029	9585030	1
279174	3255748	1
12043434	12043433	1
9064843	509869	1
788744	689440	1
6100671	5166823	1
5182094	5182093	1
12540723	12540724	2
8764351	11760837	1
350248	355738	1
5265116	5265115	2
11725463	11725464	2
4360456	12040014	1
5305107	5305110	1
402177	402178	1
8898606	8898605	2
2777277	2777280	1
8648398	8648403	1
8677785	8677789	2
11725463	11725087	1
4341002	4341001	1
9713343	9713344	1
8968446	8968476	1
12606961	12606962	3
6107010	6107009	1
9688737	9691475	1
46379	9320095	1
10883181	10883136	2
12243799	3352110	1
2924644	8637924	1
4868695	4868696	1
12493904	12493902	1
196726	142444	2
4150777	12417497	1
9196757	9178437	1
4676895	4676952	2
9038665	9038666	1
11090140	11090138	1
5912877	5408143	1
5177291	11331555	1
4578628	4578627	1
404535	404536	1
9447288	9447287	2
3013196	3013195	1
9262860	628736	1
3025274	4679393	1
3311999	3312000	1
5050855	5050856	1
4835098	4800181	2
8963965	8963966	1
6184820	11408828	1
11160315	12307031	1
11165441	11165446	1
6165356	6165355	1
9529056	9529055	1
12426771	5558340	2
11282766	11282765	1
5731963	5872928	2
11111965	11111966	1
9337252	11072290	1
195451	11884704	1
4955918	4955917	1
2970457	11319437	1
3306027	11314271	1
515558	9428745	1
449837	5867146	2
5691023	5691024	1
11064744	11526816	2
5321318	4362241	1
11431441	11634166	2
835509	835510	2
5046688	4859594	1
5205646	5205643	1
5454177	5454178	1
12524020	12524019	1
9746308	9746307	1
12039357	12039358	2
4794453	5201703	1
12417615	11847018	1
5606197	4583406	1
5146066	5158588	1
6168826	6168825	3
9416353	9416354	1
5734463	5734466	2
5589650	5095770	1
12802874	12802871	2
11083492	11083499	3
5693034	5693028	1
216930	216929	4
5520036	5535795	2
3358037	8804496	1
12798608	12797913	1
12799928	12799964	1
11143549	11123524	1
9633804	9634041	1
8724289	11845313	1
9092339	9092371	1
5541570	5541603	1
12761989	12762002	1
6190971	6190972	3
5646675	10927649	1
11761431	11761432	1
5420301	5420302	1
4196211	4322631	2
6103461	6103462	1
5275175	5019059	1
5511623	5511626	1
4736655	11695105	1
530536	9491532	1
540712	540711	1
8723933	8723934	2
3303122	6087701	1
4237598	4237597	1
12698203	12770109	2
12355280	12355299	1
2966963	11540492	1
11163464	11163461	1
9170379	9170374	1
10631901	10631941	1
8816579	8816580	1
5175848	5175847	1
835511	9361603	1
12305305	12678442	2
650627	678791	1
11641344	11641343	1
11115167	11115170	3
2775901	5438483	1
5815738	5815737	2
11813450	9326304	1
4716862	4716861	1
12278728	12202474	3
10997062	10997061	1
6147451	6147452	2
5975281	4156941	1
4356525	4356526	1
497324	497323	1
12612515	9182305	1
12347183	12347184	1
8916724	8916723	1
5019736	9113115	1
8851966	3286747	1
4585697	9057734	2
12717721	12717724	1
4783419	4783420	1
9247152	8886890	1
11936557	11936558	1
11160943	8737616	1
3380358	3380357	1
4304626	4304719	1
9185357	9185358	1
6149741	6138803	1
9006698	9135103	1
9799375	9799376	1
10795634	743151	1
4923952	5240081	2
12640552	12640549	2
4693723	6194097	1
5518118	5518117	1
4994989	4994990	2
11854310	11854309	2
6024973	6203225	1
8774998	8958228	1
12274434	12273681	1
667144	667143	1
10046	10045	1
12206047	12206048	1
12642892	11387038	2
4179307	4179308	1
5164884	5221143	1
5926320	5926319	1
8752356	8761065	2
11274500	4395361	1
5095971	5095972	1
9168391	9168394	1
8882168	8882167	1
5893582	11180128	1
10924481	10924482	1
236286	2746641	1
11822307	11822308	2
4455184	4469979	1
9236775	7446423	2
951033	951034	1
12790905	12790906	1
5542652	5542497	1
2792700	9439741	1
5711671	5711672	2
3294919	3294920	1
11830333	5568458	1
9019845	9019846	1
12763888	12330881	1
3156126	3156125	1
6168828	6168827	3
6190973	12372879	3
6159448	9044858	1
11013893	11013865	1
2660846	2773624	1
5843314	5843313	1
4560921	4577983	1
5163120	5163119	1
8840951	8701571	1
4854958	11157554	1
919936	9168391	1
11700169	11700170	1
9073760	9252417	3
12349397	12438413	1
9691451	9688726	1
4501156	12632525	1
1038215	1038216	1
5486746	5977723	1
11004786	11004785	1
4746649	4491865	1
5853837	5127713	1
3245709	11908963	1
3218656	3218655	1
11835924	9056772	1
12119175	12349175	2
4903845	4958941	1
5523781	5596534	1
11923935	11923936	1
8787939	8787902	1
5238926	5238918	1
9755579	9755580	1
12290962	12290961	1
5095132	5095069	1
4202055	4202056	2
4181731	4181732	1
6003857	6003858	1
462223	11934091	1
10976279	10976280	1
605239	605242	1
9307900	9307897	1
5126066	11834049	1
12486950	12486949	1
5166444	5166443	1
5479551	5488255	1
9024868	9138275	1
11177452	5145744	2
4555979	2719641	1
12247476	6190149	1
9164897	9164898	1
12197655	9726320	1
8805230	8805229	2
11115171	11115172	3
4568451	4568458	1
3325673	3325682	1
5287827	5287828	1
11963125	10880455	1
12338761	12338764	1
12352676	12352675	1
8707063	122585	1
4621773	4621774	1
12463265	12260607	1
8890666	8890663	1
12124130	12124129	1
2901707	12129811	1
9418127	9418116	1
5339549	5339552	1
9173208	9173205	1
4659174	4757374	1
11815335	12650227	1
9083049	3190422	1
11887590	11786910	1
12251102	12251101	1
6144777	6144778	1
11818351	11818352	1
9552130	9552129	1
765937	765938	1
12278430	5238197	1
11153171	5426259	1
9042958	8866342	2
9740746	9740745	1
460293	460301	1
9315218	9315217	1
5177927	5177928	1
5290915	5290929	1
12144207	310338	1
8633469	5973859	1
11568020	11568019	1
12429144	12429138	1
11661359	11661301	1
5660777	8874081	1
9572903	8752004	1
12616173	4796603	1
12612552	12694243	1
8958229	8958230	2
4880603	4880604	1
11873401	244040	2
762990	762989	1
4184445	4184446	1
6043434	308727	1
9509514	11914347	1
5515034	5515037	1
9463334	9611649	1
11412763	11412764	1
12576305	11937453	2
4363627	12802461	1
388695	395216	1
11992480	11992483	1
11538672	3367209	1
3256008	3256007	1
5940084	499404	1
9455781	9560623	1
5212290	5212289	2
11276583	11276584	1
11889160	11901164	1
9315216	9315215	1
9783166	9783601	1
5586270	5361633	1
8902670	8903294	2
5287885	5286288	1
646212	897858	1
5270983	5270989	2
8723935	8723936	2
11938766	2871105	1
12447238	12447237	1
6084203	6002931	1
3359864	3359879	1
8799983	5231765	1
11926866	207814	1
3251839	5956222	2
419783	8923398	1
9187913	9187914	1
5226252	5123952	1
9515342	9514903	1
5294293	5294294	4
12212788	786967	1
790601	790602	1
5924948	5924947	1
3078963	3078964	1
438349	11446749	1
5013086	5103924	1
2903592	3107307	1
11228312	11228309	1
3268246	3268660	1
9636970	9637437	1
5433495	4389791	1
9147782	9147787	1
11235793	11865136	1
5818967	8924068	1
11881410	11881409	1
5752416	5752411	1
9350827	9350828	2
191717	191720	1
12212218	12777472	3
4942114	4942113	1
6190842	5235183	1
8998358	8998357	1
4716672	12124131	1
12657068	12657067	2
5449070	5430478	1
5815736	8705080	2
4404049	4404050	1
9054265	9054266	1
9586215	9722880	1
5355825	5355826	1
8777257	8777258	1
11969418	11969458	1
201069	201070	1
11839230	11839229	1
9421839	9421840	2
550157	376596	1
8987414	8996706	1
11009651	11009652	2
11181643	11149815	2
5040721	386795	1
11589628	11589627	1
11536076	11536099	1
9137878	12674398	2
4298506	4298500	1
12171838	3144179	1
11796524	5229579	1
11099497	11099500	1
11528751	387226	1
746499	5381744	1
4877742	11487175	1
9748609	11460423	1
254001	254002	1
636779	562864	1
11356629	11356630	1
5917030	5917029	1
12537168	12537167	1
4405884	4393879	1
6003407	3278164	1
255833	255834	1
11123552	5472637	1
390141	390142	1
4342775	4342776	1
4528513	4528514	1
5515667	5515668	1
5378841	5378846	1
8806733	8806734	1
12239372	12293878	1
11193661	11193632	1
12570253	12570834	1
4602934	4602933	2
12611224	10820783	1
9367938	9720396	1
4479936	12196664	1
8983711	8983712	1
254003	254004	1
9049126	9053246	1
2906687	2648656	1
11765989	11765992	1
12392468	12392467	1
11937761	11937807	1
3295767	3295768	1
386487	12680193	1
11592403	11792797	2
11018752	11018754	1
2724867	2628953	1
4619262	4423989	2
699916	699915	1
5927476	5927475	2
11584731	5821885	1
5053017	5052997	2
12535854	11026588	3
4441502	5364548	1
8777263	8777264	1
12234631	4134704	1
5010380	12228823	1
11687503	11687504	1
8956823	8956824	1
11367726	11367725	1
11904232	11904204	1
844095	844055	2
4372831	4372832	1
9113185	6131980	1
11292730	11292729	1
4880159	4880160	1
4748992	4619032	2
9542308	12122661	1
12809829	12809830	1
5088765	5088766	1
388693	388694	1
5856930	8836784	1
929013	929014	2
687890	2652349	2
11879262	11879261	2
743828	9601800	2
5706965	11962055	1
481834	9007496	1
462867	462882	1
37064	5627010	3
9697937	11108084	1
11445145	11396667	2
633454	633442	1
11183997	11096191	1
9255288	9768979	1
5930865	9100718	2
8835093	8835094	1
11672872	5420300	2
11476358	11476360	1
12673196	12673175	1
8806141	9021245	1
12318210	12318209	1
10985301	10985303	1
6002797	6002798	2
6060993	5202671	2
12228822	12228821	2
9710185	9028202	1
12563689	12571543	1
11079598	545020	2
8631839	3273944	1
4399070	4399045	1
12770156	11804500	1
8791465	11282661	1
268541	5475979	2
12486536	12486535	1
5256836	5069866	1
11179494	2651489	1
3082299	3082300	1
5516825	5516826	2
5320212	5194537	1
402785	4732443	1
11610084	3314743	1
8637231	11982630	1
11894699	9027509	2
5267099	5203777	1
3082297	3082298	1
10905957	10905666	1
11191184	11191192	1
9504941	9504942	1
11422850	12145153	1
9276069	11927523	2
8961713	9054264	1
12602638	12602637	1
4570937	4570938	1
9650306	9650305	2
11064766	5124471	1
10372873	2735020	1
11403104	11398162	1
9038663	9038664	1
5663989	11464425	1
8792751	8792752	1
6043215	6043220	1
11460762	8796631	1
2817954	5473020	2
11873399	11873400	2
12809028	12809027	1
5893341	11847744	2
399439	9544	1
12676712	12676711	2
11916602	11916601	1
9589305	9589306	1
9548018	9548420	1
5621253	5621254	1
4338151	4338152	2
4298394	11237034	1
568714	903274	1
706225	940884	1
9123532	9123531	1
11998590	9453673	1
9725401	9462012	1
820669	820670	2
11535132	11535082	1
12650599	12650600	2
11968686	11968685	2
6080940	9330870	1
5340619	5340620	1
4186667	4186668	1
12757609	12757610	1
12666427	4314338	1
2749464	2749461	1
8696966	8726312	1
11827929	11827994	2
911081	9282084	1
9181705	9181706	1
11993386	11006479	1
11761267	11761268	2
728236	728259	1
9416351	9416352	1
12625901	12625902	1
9395445	9395442	1
5324481	11023515	1
8951392	8951391	1
3124143	2921740	1
9038659	9038660	3
720820	720819	1
11822067	8888964	2
11752459	11825725	1
5274029	5442212	2
8642577	8642580	1
5462474	5581566	1
457581	5890036	1
9665046	12548335	1
5166442	5166441	1
4916689	4916690	2
12273587	12273588	1
10853200	10853199	1
10911135	10911136	1
326196	336920	1
9181703	9181704	2
4299548	4299547	1
881106	5963329	1
8761841	8979975	1
9026582	9026581	2
12617060	12617057	1
5343655	5213742	1
348705	348681	1
824421	6130040	1
9311219	6107598	1
8742737	8844591	1
5306301	4323963	1
8954192	9239237	2
12421354	9428725	2
12162260	11983800	1
11622461	11622462	2
3196906	3196905	1
3298837	3298838	1
11746279	11746280	1
5665856	5665855	1
12241127	12241128	1
6143596	6142371	1
10923657	10923658	1
12691218	12691217	1
4227865	4227866	1
5647864	5647863	1
11252264	3197679	1
4328258	4312373	1
5958438	5786308	1
9353999	9382441	1
5494476	12693244	1
9649044	11640576	1
9337484	9337483	1
3211108	3211105	1
11365356	11365359	1
5714685	2792235	1
9178653	9178666	1
11329214	11248725	1
8764233	8764234	1
918271	918272	1
12003413	12003414	1
10871912	848559	1
5532704	5532701	1
11569888	11569887	1
11385635	11385636	2
8708589	8925175	1
10822749	12509189	1
785449	731967	1
8809303	12019038	1
4471949	4471950	2
5405570	5405569	1
12698550	10964378	1
222812	222811	1
9445541	9445542	1
5830654	515389	1
608347	608348	1
4614700	4604870	2
8814844	8814843	2
9029549	9029550	1
4568110	4568071	1
11901621	11899178	1
3234604	11820446	1
423454	423453	1
376209	376210	2
11940858	11940857	1
399530	9924	1
5214191	9184815	1
6011162	6011159	1
5352856	5352855	1
10808409	9616422	1
12291397	12291398	1
5153061	2941442	1
8775000	8958228	1
4739384	9445540	1
947217	947218	1
12028886	4602935	1
9755321	9692928	1
5400916	5400915	1
8735423	8735424	1
4954870	12054797	1
6023039	6023040	1
8925462	8925461	1
8875818	8875817	1
11489636	12205472	1
713560	933017	1
12462474	5493524	1
4832262	4738082	1
6013170	6013169	1
12785857	12785858	1
12650572	12193156	1
12005454	2835651	1
12128652	12128651	1
12046618	12046617	1
12718279	12718335	1
727478	11970510	1
6059094	6012363	2
5453510	5453500	2
592405	551254	1
4399553	4137610	1
519586	522387	1
4984729	5795128	1
561716	6155739	2
9076049	3200133	1
8711392	11787686	2
5308702	5310997	1
12196409	12196410	1
8710584	8710566	1
9335880	9335879	1
10970566	10970565	1
190115	190144	1
10917855	10917856	1
5831011	435183	1
9428200	9464843	2
5438215	4573337	1
4954490	4954487	1
12499277	12499280	1
5848141	5848142	1
11570789	11570790	2
12052677	12052680	2
5540042	5540041	3
8748525	8748526	1
176093	176094	2
11251378	11251381	1
10992871	10992872	2
5215747	5215748	2
5118517	5118520	1
3327056	3161257	1
4580790	4588493	1
2721578	12404695	1
8665799	8665800	2
9157355	11727714	1
11964411	11964412	1
12157656	12273629	1
10968930	8894646	1
11314014	11314013	1
5446295	5446296	1
8983332	5385933	1
11397965	3200909	1
5868907	8730821	1
4403331	4403328	1
5289035	12225495	1
11052479	11488075	1
12415090	12415093	1
9073672	9072729	1
11079856	12614680	1
11932128	11932127	1
6054403	6054432	1
11028974	11028971	1
2774322	2774321	1
8875348	10820784	1
650971	650972	1
5050348	5050347	1
4678006	6048431	1
8997452	8997394	1
4926070	4926069	1
11561607	11462677	1
3209499	3209500	1
11483638	9754960	1
12322744	12322743	1
11996116	3273210	2
3355953	3355958	1
6069262	6038061	1
4836283	4836284	1
12415505	11220635	1
4452199	4452200	1
12457947	12510107	2
9070704	404534	1
12479045	12479046	1
10999091	10939596	1
9690044	11833430	1
4159619	4159620	1
4807432	12175927	1
4425364	6068886	1
9350825	9350826	2
9187339	9190759	1
9141894	9141893	1
8947466	8947425	1
9759655	9802752	1
4323790	12748955	1
5376849	12226917	1
8754629	621241	1
6003965	6094149	1
12787812	12697307	1
12801190	12736129	1
11466902	11466910	1
8748150	8956822	1
372480	9493682	2
12393577	12457649	1
3142409	3142410	1
760754	9359896	1
9140856	126404	1
8688959	12560895	1
12163549	12204344	1
792001	606144	1
11237862	11320253	1
7446232	5075512	1
8775767	8775818	1
9005943	9005944	1
5518118	5518115	1
12794047	12794048	1
6739901	11677495	1
5614642	5614641	1
4834410	794388	1
5220249	9166309	1
11897348	11712342	1
10982740	10982739	1
2722313	2722304	1
11292732	11292731	1
8683588	8721132	1
905713	10924872	1
6079962	6079961	1
567630	906029	1
322996	322901	1
8686051	8686054	1
12331934	12331933	1
5232082	4398423	1
11747050	11747049	3
12636692	9027710	1
4575317	4575318	1
5129165	5129166	1
10863651	10863652	1
3006066	4606823	1
10770133	10769678	1
5439060	5439059	1
8916824	10913140	3
2755600	2755597	1
5275896	5275893	1
4619265	9539684	1
5886942	498908	1
5578829	11465144	1
8979941	8862873	1
11754592	11754605	1
12273587	12273592	1
8946505	8946506	1
47127	48887	1
12553798	12553797	2
6185901	6185902	2
12781745	12444374	1
319047	343752	1
9150475	3101937	1
5265070	5341973	1
5792956	5792955	2
12157661	12157662	1
12243644	12243643	2
12568193	10973062	2
11108039	11108040	1
255829	255830	1
8650618	8650617	1
5295877	5295878	1
559710	649127	1
5399293	12017054	1
12535856	12535855	3
10838963	10838964	1
1455	1456	2
8814842	3270854	2
2900225	2653408	1
5423828	5423827	1
8836483	8836438	1
3370235	3370236	1
11469101	11469102	2
5010945	5010946	1
929855	929858	1
12558511	4500310	1
4181893	5592784	1
11992539	3105780	1
599608	9179423	1
8642738	748518	1
12389492	886206	1
5239854	11825229	1
342652	342631	1
11006162	11006161	1
2749466	2749465	1
11687614	11876777	1
11694549	880116	1
12619652	5266758	1
11348420	11348419	2
11111958	11111955	1
519341	519324	1
927686	655190	1
5421135	5421136	2
3055360	350513	1
11749051	11749063	1
9536025	9735471	1
9795805	9795806	1
4614889	4614890	1
8737617	8737618	1
9064717	9064718	1
12779401	12779402	1
11775100	8663082	1
6060657	6060658	1
544089	405318	1
9780109	9780110	1
5340770	5340790	1
12009404	12009403	2
6083205	11589756	1
6193594	6193593	1
363661	363662	1
5195038	5047663	1
5271757	5271758	1
39335	10858018	1
3311997	3311998	1
420039	419983	1
3229026	8928873	1
745094	6138307	1
11006158	11006157	1
6183053	6183054	1
12647906	12647903	1
12768497	12768498	1
11097025	11097026	1
8966371	8966372	2
11157409	11157410	1
9677815	9677816	1
5485051	9103200	2
315426	315425	1
3139047	8902154	1
3140857	8666893	1
3033875	3033876	2
675121	5058178	2
9060856	9259168	1
169090	169020	2
9706997	9706998	2
11930482	11929311	1
6117444	6117443	2
10904782	10904781	1
16012	16018	1
4991731	4991732	2
11936177	132823	1
8649778	8654628	1
2966961	2966962	1
8760325	8760360	3
5257939	12157141	1
2931180	2931179	1
12432032	12432012	1
9607932	9607929	2
11592399	11592402	2
12267683	12780299	1
10796618	10796617	1
10974890	10974887	1
5708320	5708434	1
11319957	5690539	1
727282	9333667	1
9146183	9146076	1
8923727	8923728	2
4737564	8397810	2
11107141	11107142	1
569513	12110920	1
5375119	5375120	2
9738579	9776675	1
12372157	5552853	1
11913880	152879	1
4360647	4360648	2
5450066	4378710	1
4174236	4174235	1
4231831	4231832	1
12477632	12477229	1
12147733	12393576	1
11821079	3273008	2
10796616	10796615	1
5330405	5330406	1
3327800	3327799	1
650971	650974	1
150151	11424297	1
12615599	12615600	2
12807253	12807254	1
11819253	12628520	1
12294632	12294611	2
5784315	385146	1
6169698	11855720	1
8642560	8642585	1
12255368	12255367	1
11860913	11860914	1
12486948	12486945	1
9026040	9026043	1
8785253	8739194	1
9765689	711793	1
10890682	10890764	1
11835516	154747	1
12612520	12612490	1
12263337	9332809	1
5443754	5443753	1
3030810	3030816	1
92537	90098	1
12363688	12363687	1
5120722	5120737	1
448080	448079	1
4811207	4811254	1
9301769	9301727	1
762984	762983	1
6068090	4758547	1
6033274	6033249	1
5225272	10789206	1
12356296	12456015	1
5076202	376971	1
2419679	9432358	1
11476580	11476579	1
10995848	9686380	1
5576177	5576573	1
5279026	11911049	1
390491	390492	1
12512542	12512541	1
10872821	11727793	3
5726458	5726457	1
11961775	802725	3
2579727	2428242	1
9395443	9395444	1
9353127	9353159	1
2700710	2700709	1
8619385	8626516	1
12128654	12128653	1
4514937	4666472	1
12459096	12459095	1
8990007	8648143	1
5739945	5739946	1
12800690	12739328	1
12754224	528562	2
5571160	5571159	1
9791063	9675288	1
5019973	5019974	4
8761064	8761061	2
12380323	12380324	1
9137733	9156567	1
5434068	5434067	1
12222153	4372569	1
5277312	5277311	1
8650598	253412	2
3291958	3291957	1
12531524	12531523	1
253260	5830768	1
437430	437429	1
11203704	11203703	1
2630005	8761384	1
710500	710499	1
3314573	3314574	1
653569	10923163	1
4261960	4261959	1
5473364	12378130	1
5428293	4242421	2
11180924	11180927	1
5714107	5714110	1
12198524	9591157	1
9787584	9679645	1
10923655	10923656	1
4615226	4615229	1
4636718	4605310	1
4405036	4405035	2
5927562	5927694	1
4625984	4628993	1
8775002	8775001	2
908785	908782	1
9182371	9182395	1
8875350	8875349	1
4201304	4201303	1
11131314	11131313	2
527752	527751	1
12346171	12346193	1
9080745	11984003	1
9029679	9009821	3
10884200	10884199	1
5354891	5354892	1
5606876	5598474	1
5464429	9044611	1
4216	4215	1
12287715	12287691	1
11825749	11825736	1
11393800	11393802	1
9546295	9546296	1
11195379	12271585	2
9790511	9790512	1
217312	4734356	1
2983245	11042497	1
5431715	5430576	1
12141285	12141286	1
12249335	12249338	1
11552616	11531336	1
8980251	11057142	1
5237256	5237248	1
11278145	9431325	1
11930228	11364640	2
3254674	3254673	1
11295131	4752512	1
5218619	5564384	1
11738577	10889012	2
12251014	12302094	1
8891099	8891100	3
5368083	5368084	2
5323949	5323950	1
4475551	11867926	1
9094694	8731678	1
6199315	6199316	1
12312249	12544325	1
5881293	5711929	1
9785050	9785049	1
8866650	517376	1
5670842	5670841	2
5367897	5367898	1
5826686	210554	1
5539469	12472542	1
5024292	4918733	2
5017454	5802872	2
4954492	4954491	1
5587782	5587781	1
2897784	2897783	1
9467360	9467359	1
4216510	4216509	1
5923929	11466732	1
4145539	4145540	1
11247872	11247871	1
6153018	6153017	1
8799930	8890305	1
5837743	6099889	1
9072331	9072332	1
5087776	5080378	1
5333930	5333929	1
9572217	9572218	2
9546293	9546294	2
9491381	9491382	1
568555	568556	1
6069852	9716710	1
5630086	5333931	1
12429155	12429156	2
4448062	4453169	1
8702495	2650787	2
5457830	5457829	1
448725	448726	1
315736	6163575	1
12783461	3185236	1
12661763	8956456	1
4419245	4511243	1
12019958	12019955	1
4138385	4138386	2
8973773	8973774	1
12623163	12623164	1
9025054	9025053	1
8641927	8841374	1
11669535	11724183	1
11968587	11968588	1
6146201	803353	1
9524507	9461467	2
12768508	12768507	1
8712243	4703957	1
6067278	6067277	1
11687616	11687615	1
9488257	9488258	1
8833407	8951266	1
4792743	11672106	2
823828	5577260	1
351623	351624	1
8642583	8642584	1
12250926	12250925	1
5367616	3320650	1
4827686	4626420	1
5926324	5926321	1
338798	6006156	1
5625429	5625426	1
11968688	11968687	1
4881311	4878480	1
4699497	4699498	1
3158955	4192030	1
5166157	10902317	1
684260	899351	2
6028863	5993436	1
12798856	2743223	1
8804990	8804908	1
5896106	68257	2
12571105	12571106	1
11572133	816304	1
12524673	9647389	1
11989568	11989534	1
9143150	9143149	1
780776	780775	1
5430151	5430152	1
8842912	8842909	1
12045568	12045567	2
8672377	8672378	1
12606959	12606960	3
12384566	12384639	1
12291399	12291400	2
704689	934992	2
5458915	5458916	1
9371297	9499477	1
824417	824418	1
606483	607781	1
5601088	12323938	1
4674727	3217191	1
654447	654448	1
74658	96671	2
12311034	12280998	2
12250924	12250923	2
12688542	12688541	1
9685126	9728238	1
9279956	9175172	2
5212283	5212286	1
8973230	8973229	4
5179103	5179104	1
9098788	5065559	1
4184447	5440878	1
2700708	10777220	1
5496193	11883683	1
11046441	11046442	1
5128729	5128734	1
5222209	5222210	1
5264979	822054	1
5292733	5292734	1
739735	8910398	4
5728223	5728224	1
4173770	4173769	1
12437699	12437680	1
4958238	242387	1
4643630	12639902	3
11424239	12399502	1
907341	907342	1
8904589	8827552	1
8705900	8705897	1
9537939	9537940	1
4363629	12802461	1
9067855	726859	1
9147786	9147785	1
306450	9774392	3
5226763	11873360	2
9360850	9307019	1
78737	78740	1
8663223	8744520	1
8712241	8712242	1
54194	54180	2
5262480	8922619	1
11323848	11323847	1
5563618	5459148	1
2762534	2762533	1
5324059	11250800	1
3283939	2924707	1
5043347	9295813	1
12668978	12687586	1
9296306	9296305	1
9048230	11828369	1
4475627	4475628	1
4532088	4580258	1
9000341	9000342	1
8860046	8825511	1
9641757	9641758	1
343521	3026124	1
5118456	5254261	1
11968585	11968586	1
4545401	776343	1
12477228	12477227	1
4633615	12745681	1
5127215	5127216	1
6090941	6004008	1
6087980	6088422	1
9743943	3207817	1
8875129	8875130	1
242526	242525	1
6215054	734817	1
9069919	12668420	1
3340962	11514822	1
11819680	11819679	2
3296920	3296919	1
4302610	159208	2
190496	190495	2
9052881	9066667	1
6214550	4818275	1
11695377	5374728	1
5284041	5284042	1
6206543	6191154	2
12782669	12782672	1
2831998	11731799	1
3097205	3097206	3
9141892	9141895	1
11725465	11725087	2
2630005	947576	1
6012127	6003120	1
11756669	11756670	1
5040707	5040710	1
863355	872463	1
585185	585161	1
8792670	799049	1
10989898	10989912	1
5924717	5924718	1
5115407	5115397	1
5759495	5759496	1
6200225	5127178	1
12192984	12192981	1
2900222	2900221	2
11316327	8851461	2
4954492	4954487	1
11189145	11189148	1
5051091	5051092	1
556954	556953	1
5463659	5591881	1
12019958	12019957	1
4318858	4318857	1
8636012	5278046	1
9616354	10801195	1
12617850	5333273	1
201291	201319	1
2767022	5148108	2
11887680	2631652	1
8888965	8888966	2
5241169	5241172	2
6205277	6205278	1
11882430	11882429	1
4653028	4653153	1
738268	738265	1
4685550	5971693	1
9123534	9123533	1
5924702	5924716	2
11689190	11689189	1
5990512	5990494	1
6200434	4801781	1
11968583	11968584	1
347301	576809	1
5869357	5869358	1
4939585	9368074	1
12568144	12191838	1
5047492	12430294	1
5577261	3245504	1
8778378	8778377	1
818295	818269	2
12746558	12746557	1
4328260	4312373	1
5257041	5257042	2
12195430	12195429	1
11165265	11165266	1
9040328	11833192	1
8735425	8750583	1
9672953	9738780	1
11331273	12806920	1
4173718	4173717	1
47127	48889	1
12805981	12565764	1
12630082	12630081	1
5850026	337741	1
9552128	9474170	1
11402855	11402870	2
5123951	5123952	2
6040910	6040909	1
12212926	12546904	5
12511230	5144179	1
12247479	12247480	1
9295812	9295811	1
4174234	4174246	1
5796930	5795133	1
11273828	11273827	1
4517194	2719641	1
4529734	4529733	1
4954869	12054795	1
9777008	9777007	1
21474	12656684	1
5239896	5239895	2
630821	630824	1
5665662	5744578	1
2648300	2648299	1
12814283	12694291	1
8752358	8752357	3
5378555	11340872	1
9730681	5043091	1
9153223	9143041	1
9120468	9052495	1
11433389	11433390	1
195638	237449	1
9335882	9335881	1
8965982	4737792	2
6117448	6117447	1
11615053	9521466	1
11466653	742337	1
8783198	8783197	1
12805827	12805828	1
8777532	8765313	1
4265739	4265740	1
9302937	9302938	1
704697	704698	1
818319	818294	1
5252461	5252427	1
9559833	11867875	1
390508	390490	1
5262095	5348828	1
8905088	8905087	1
12617505	12617506	1
11765326	11765363	2
12751728	12751731	1
4423589	4423590	1
132379	132380	1
5187717	5187718	1
12448379	12448380	1
5161757	5168317	1
835066	835065	1
3040651	9090876	1
12303425	12303426	1
5588074	5588071	1
8710555	8710567	1
11181427	5455411	1
5059701	5059702	1
5443037	5443038	1
3196904	448550	1
3358891	6134315	1
11027393	5520466	1
10812224	12150175	1
7191790	7191774	1
11706253	11706254	1
8947530	8947513	1
9767481	9790646	2
5705196	6155295	1
8739195	8739196	1
2768227	455746	1
867055	807813	1
11752264	8785025	1
12403017	12670433	2
4218	4217	1
5772042	2797369	3
7016202	7016172	1
4731319	443695	1
10982714	3193598	1
9283310	9111763	1
632766	5266568	1
8962809	8962804	2
11785679	11068305	1
5630494	5630493	2
11183997	11096189	1
4342777	4342778	1
8775000	8774999	1
12177588	12177587	1
805583	929391	1
2853675	9498344	1
310568	10775545	1
955186	955185	2
342288	6080943	1
9792816	9792813	1
9027681	9027684	1
11469793	11637895	1
710434	8960763	1
5222124	5222025	1
8849480	8849479	1
11162656	5228091	1
3696961	3696962	1
8858997	12204147	1
9496505	5235926	1
3381400	3381399	1
5386462	5391010	2
12662271	12662295	1
8809419	8809411	2
12486944	12486943	1
4419706	12556135	1
12557508	12809144	2
9143954	9143953	1
9773383	9773384	1
878734	878774	2
4736654	231087	1
2798606	10889339	1
5468235	3318183	1
4790627	4790628	1
12760350	12760349	1
866041	12508475	1
5311259	4472653	1
9548984	9548983	1
11719576	11719575	1
5942361	5942362	1
5831009	5831010	1
12426769	12426770	1
5363462	5363435	1
5150212	5146625	1
4607636	4730174	1
12617507	12608274	1
10855655	10855656	1
12656460	313593	1
471890	335149	1
12743477	12743480	1
12297565	4699138	1
5673463	5965055	1
12233793	12233836	1
11465497	8843955	2
9658970	9658969	2
9505562	9505557	1
11767881	11767882	3
9026161	9026162	1
5047654	5047653	3
8904776	8904812	1
870940	870942	1
10283430	10283429	1
4354326	9150293	2
12403296	12403295	2
9122431	2632925	1
9641755	9641756	1
10229227	9552602	1
2932877	2872057	1
9504943	9504944	1
6128485	6128486	2
216928	216927	4
9147834	9147833	1
8801181	8801182	1
198803	198786	1
6019348	6023038	1
4676953	4676954	2
440207	440199	1
255831	255832	1
12245169	12245170	1
8714748	8714747	1
9608343	9608565	1
5517993	5517994	1
5089580	5089579	1
12012816	12012815	2
11847797	11847798	1
11743591	11743592	1
243953	243954	1
3094406	3094405	1
4267517	4267518	1
8659182	8954474	1
9538408	9538407	2
12289666	12667803	1
786092	786091	1
12311304	12620936	1
10979028	10975999	1
5017456	5017455	2
8629615	8629596	1
12392173	12392174	1
12271506	12262991	1
6145969	9157732	2
3111652	3324637	2
4322315	5375118	2
12449913	429474	1
387759	552701	1
4423460	4425888	1
9352723	9352724	2
12692600	4693753	1
12514609	12514610	1
9683991	9683992	1
12777891	12777892	2
9015017	9758932	1
12296144	4374993	1
12140614	12134807	1
5286409	5286410	1
12366159	12366160	1
5238928	5238927	1
10832405	12204109	1
11757644	11757643	1
2952695	2952827	1
5225567	5225568	1
6203233	6203234	2
347299	347300	1
5225927	5225928	1
6045038	6045055	1
4647090	4659750	2
9029551	9029552	1
5167007	5167008	1
3366002	3166974	1
2969818	2969833	1
12035296	12035295	1
2955559	8937524	1
587349	12144156	2
11648957	11648958	2
4937662	4937655	1
5089568	5089567	1
4849588	12040205	1
4338477	4338478	1
3310001	72964	1
835064	835079	1
11414819	12532868	1
12177265	3086581	1
5484545	5317166	1
11823059	5234810	1
12520171	12520172	1
3246062	3246059	1
8675050	5144690	1
12457648	12457647	1
4911808	11822848	1
2707741	5319481	1
9363114	9363113	1
957654	712316	1
9075581	9075582	1
443283	443370	1
5880116	4275002	1
3211108	3211107	1
4241208	4249109	1
3182407	3182408	1
8662184	8662210	1
5002332	5002331	2
6064801	6064789	1
5947778	214212	1
2876769	2876587	1
12661615	12793879	1
4628411	12758260	1
633818	3292478	1
2711320	2711319	1
703982	241621	1
8903817	12275989	1
4646177	6144001	1
12801964	12801949	1
6136877	6168829	3
9647639	9647640	2
5582202	5410075	2
9303020	12202619	1
866611	812037	1
11204076	12474876	1
5610567	5610576	1
12417171	12417172	1
5885130	5885127	2
11874692	2689946	2
400701	387291	1
9335239	9335240	1
9127824	9127854	1
9098814	8982615	1
11081662	11262928	2
12178192	12178191	1
9109947	9096139	1
9166090	418110	2
9805007	9732295	1
2924873	4551119	2
11867142	11867141	1
5540040	5550873	2
180261	5635881	2
5240993	5240994	2
8781183	29648	1
12251100	11572591	2
492819	5478283	1
9624413	9624414	1
5376734	5376733	2
9743943	3207819	1
5772035	5772043	1
781695	786827	1
4555979	4517195	1
11091295	11091296	1
3315543	3315544	1
5877515	11231310	1
6107766	6107765	1
9246058	9246057	3
10987136	10987139	1
10889013	10889014	2
11840120	9187558	1
8700515	8700516	1
9601029	9601030	1
11698361	11698362	1
12389066	12388520	2
820660	820659	1
6183693	9090278	1
3117029	8819945	1
11910679	11910680	1
4573360	4438058	1
6137901	6137902	1
5658713	5658780	1
5213179	5657624	1
11183995	11183996	3
12039048	12039047	2
12140609	12613678	1
4606605	12431169	1
492667	11724550	3
4650856	4643955	1
674154	9228803	1
3259915	3259916	1
10883179	10883180	2
9141477	9141478	3
4993725	4993726	2
9285965	9279223	1
876510	6206214	1
11483638	9754958	1
5093323	5093324	1
8638694	8638702	2
12017764	12017763	2
12136175	12224971	1
12657115	663330	1
708611	5334148	1
3135133	3135134	2
5976341	5976342	1
823190	823211	1
5116743	5485135	2
4578401	4578402	1
9421841	9421836	1
11402861	11427659	1
9497084	9499805	1
5208869	5152465	1
12519256	12527623	1
4227868	4227867	2
5470149	10907613	1
9143040	9143039	2
12237912	12237911	1
11988087	4942467	1
8677579	8677580	2
4609258	4609257	1
12129943	12129944	2
200221	200222	1
8752356	8761061	1
9096138	9096137	1
12403350	12403353	1
3097207	9154283	2
12549745	821943	1
12647908	12647907	1
461039	4573334	2
2998692	11401426	1
831376	831350	1
11866283	11878576	1
4744851	4744852	2
8841716	8696323	1
5101235	5104240	3
4507450	4507441	1
12681652	12382527	1
394748	394747	1
5089566	8645644	2
12601855	5353383	1
11651202	11651201	2
5159600	5159599	1
525157	525158	1
742122	742121	1
566639	10774463	1
559480	9265928	1
5454175	5454176	1
4834350	4834349	1
5386462	5391012	1
302741	302802	1
12504622	12504621	1
4939307	4939308	1
10922921	792191	1
4557853	5472839	2
10820782	10820781	1
9250484	9250463	2
11767883	11743590	2
12558341	12558342	1
5009741	5009760	1
4643635	953314	1
12623573	12623022	2
801751	6168724	1
4228215	4228216	2
10766071	10766072	1
6910401	955187	1
9007294	12386634	2
846683	4386933	1
9062765	9062778	1
12201295	12201296	1
561718	561717	2
11115486	11115480	1
12243646	12243645	2
5733792	5733791	1
207815	207816	1
11928997	12166430	1
8712241	4703957	1
8996707	8996708	2
6096791	6096794	1
38849	9090998	1
381549	381550	1
4289766	5256762	1
5242063	5242064	1
8686629	12315726	3
3389328	3389255	1
9725277	9712004	1
11778458	11778457	1
10975567	5468056	2
5093321	5093322	1
11620225	4711701	1
3291961	3291962	1
3011817	3011820	2
9560987	12051731	2
947577	8761382	1
6128487	6128488	1
396234	396233	1
12182743	586944	1
9392163	9392164	1
292012	292011	1
3203872	3203854	1
11254730	2419678	1
5128729	5128732	1
12401126	12401123	1
12650597	12650598	2
350415	3389976	1
4554306	667791	1
4390	4389	2
11296732	11296731	1
12440532	4796607	1
10852374	12163013	1
4675608	11282769	1
929011	929012	2
8686627	8686628	3
5452412	5452411	1
2886127	4397311	1
5318973	5187109	1
12028528	12028527	2
12393140	12393139	1
10802901	9417151	1
571704	571703	1
6049801	6138219	1
5442996	5442995	1
12390048	12390047	1
12535763	12593693	1
3006066	4606825	1
12278965	11868822	1
12123754	12123753	1
9491533	9491534	1
11692125	4271387	1
11820055	9063347	1
11517603	12522258	1
9122859	9122860	1
9026563	9027502	1
11105006	11105005	1
11930489	817797	1
12614073	12614074	2
12340787	11775299	1
6011164	6011163	2
11789941	8703855	2
553866	553865	1
2695761	2695762	1
11416165	11436397	2
824419	824420	1
5395800	5395805	1
954269	954274	1
12735143	4602413	1
5222024	5222023	1
12723933	152042	1
823192	823191	1
12237910	5560361	1
353278	353277	2
11978698	4833920	1
11199724	11159793	1
50556	50559	1
12269451	12619422	1
12353383	12155744	1
11131476	9657103	1
5201730	5201729	1
8962808	8962807	1
8988323	8988324	1
11139720	11139719	1
11916082	5556007	1
3239285	9193065	1
12161964	5418685	1
5276721	5276722	1
924947	924948	1
4757375	4757376	1
5337034	5337033	1
9781587	9781588	1
12295343	3239167	1
5754987	3359469	2
11749447	11749448	3
4718005	4718006	1
11092671	11155544	1
4635872	4633279	1
11482313	11449583	1
8961713	9054266	1
3169512	4138384	1
5386962	12486537	1
12727059	11384946	3
5838445	8881284	1
5265319	5265310	2
4205100	9081463	1
10958025	10958026	1
8951390	8951389	1
9691474	9691471	1
831146	831149	1
9661521	9590150	1
128415	8733339	2
4936918	4936917	1
4608323	4608324	1
717680	717679	1
6012215	775278	1
5226252	5123950	2
5488096	5516668	1
8855023	8688514	1
8841016	11781928	2
11643856	11651009	1
12805407	12720886	1
5284043	5284044	1
9015805	9094025	1
5924743	5924725	1
3152389	9092885	2
5313200	5307642	1
12127378	12127377	1
9153225	9143041	1
5386294	5386463	1
12177586	12177585	1
12429153	12429154	2
12767689	12767690	2
3367683	5582509	1
2720632	58157	1
5538410	5538409	1
5987077	4291237	1
12174758	6028746	2
3295770	3295769	1
9113183	9113184	1
722299	722300	1
11678816	11678813	3
302961	302957	1
5053474	12353664	1
11730878	6029102	1
5120298	5120297	1
6016197	6016198	1
5593158	8631435	1
4231833	5975280	1
12640895	8815279	1
9236773	9236774	2
12054616	12054615	1
8962806	8964431	1
11177454	11177453	1
10840004	12399255	1
8812705	5443036	1
11910341	6024079	1
4610240	12768279	1
4545109	12811359	3
623795	623796	1
12343218	2984883	2
9161925	11580520	1
3157853	3157861	1
10999667	10999668	1
8909869	8909896	2
9004184	9004210	1
909057	909058	1
4994991	2987004	1
11325669	11499472	1
10977572	11989606	1
12048392	11962054	1
11302498	11302495	1
4299698	4299697	2
12403352	12403351	1
12342981	12342982	1
9275819	680784	1
5280076	5524974	1
227497	5884338	1
11808549	11808550	1
12732497	12732500	1
2722305	11599804	1
9099915	4517644	1
11931993	11914212	1
12495006	12495005	1
11462061	11462064	1
5228469	12202564	1
445196	8924725	1
700456	11887868	3
9252067	9174539	1
9359051	9359052	1
12662599	12662600	1
12558648	12558645	1
5377225	12661677	1
8733681	8733751	2
11580401	11580368	1
78741	8649756	1
5212288	5212287	1
5109428	11030603	1
9388767	9381326	3
8761383	8761384	1
12315245	12315248	1
2877771	5863080	1
12729042	12729051	1
10851749	4278020	1
9197654	9550719	1
21852	25925	1
6134524	6134523	1
2700901	2700902	1
5568114	5467969	1
268540	268464	1
11111969	11121948	1
8652483	8716425	1
309943	309928	1
12241957	9506826	1
9688735	9688736	1
787093	787086	1
8725341	8725342	1
8100	6175499	1
694116	9609185	1
4218632	5696823	1
9009820	9009819	1
9153223	9153224	1
5471993	9788343	1
3320651	3320652	1
11921867	11921858	1
321604	321528	1
9094476	654333	1
5044871	11856284	1
5390300	5390299	1
762994	762991	1
11587806	5337616	2
12284666	12284663	1
6200009	6200010	2
8768901	8768902	1
8792221	11677527	1
9030877	9030949	1
11348416	10780011	2
5209857	5209827	1
376211	376212	2
9320375	9320376	3
12253883	12253888	1
12625910	12618517	1
5278876	12724406	1
540120	9071021	1
9495678	12403223	1
2714676	2714657	1
11766073	8954293	1
9634736	9637203	1
9300331	9300387	2
4790054	6204693	1
9538406	9530515	1
12355282	12355281	2
5513148	8749056	1
6093027	6088388	1
5517998	12396656	1
12019956	12019955	1
5465684	5533545	1
8824166	11794790	1
10993012	10797691	1
11751216	11751215	1
4292315	4292316	1
8738499	9119119	2
5168685	8976902	1
3291956	3291955	1
5973248	5973247	1
9699657	2893647	1
4322597	4322602	1
9014871	373488	1
8638703	8638704	1
12727061	11384946	1
399611	11580488	2
5228322	5228321	1
8672946	9713507	1
12629688	5555102	1
12749151	12749383	1
5554119	5554120	1
8845871	4500765	1
577511	548779	1
5477091	5163797	2
12022206	9655759	1
3202684	3202683	2
18036	2995737	1
10975574	10917854	1
5923209	5586807	3
5096053	5096054	1
5197805	5197806	1
5359133	5359134	1
12434547	11173965	1
884072	884061	1
9026580	9026579	1
5601492	5819925	1
8891101	8891102	1
5130974	5130973	1
9087666	9087353	1
11438122	12193017	1
8970644	10916548	1
11097023	11097024	1
12646939	5356222	2
5716004	5730969	1
8894062	8784777	1
10957664	12724250	1
771032	771031	1
9291427	3295766	1
394746	394745	1
8817208	8817207	2
5739393	5739394	2
4539534	4539035	1
3186159	9764179	1
5293608	5293611	1
11499795	11499796	1
3166005	3165997	1
8916722	8916725	1
2752711	11459289	1
12475732	12012885	1
2682620	20672	1
11847436	11847435	1
5891835	5842472	1
4452879	6024525	1
4177215	4177216	1
11396666	11396665	2
3202149	3201850	1
376784	376740	1
389748	389747	1
4545109	12811361	2
12249333	12249334	1
5532111	5532225	1
204863	204860	1
4739633	4739636	1
727283	9333668	3
4875138	4875137	2
9360460	12221874	1
12797278	12797277	1
5128733	5128734	1
4578268	8922942	1
8768692	8768699	1
11604843	5890224	2
498187	459837	3
5344983	5344984	1
3082081	11613839	1
5734736	5277315	1
655014	655041	2
11889162	11889161	1
12458956	2652791	1
12802315	5464841	1
9563947	9462504	1
11031815	10971734	1
11767687	11822306	2
4179309	5328535	1
12200041	12200042	1
3082304	3082303	1
12561875	9164669	1
4506502	4417628	1
9680664	9680663	1
9674474	9688666	1
5817804	8716657	2
3194059	8919525	1
2669172	2669180	1
189824	148622	1
8764232	8956271	1
4994990	766394	1
3273211	3273212	2
9443495	9443530	2
228534	5870782	2
9661328	9661325	1
5844347	5844348	1
8923730	8923729	1
5655414	5642759	2
11480298	8881342	3
12785873	5249105	1
5245625	5239380	1
5299742	5299739	1
5741484	5741483	1
434256	434304	3
548266	3295338	1
10890765	10890766	1
12177590	12177589	1
786090	880857	1
11466651	11466652	1
331119	317937	2
5364853	12123389	1
12777473	12777474	2
11111475	11111551	2
12352678	12352675	1
11076095	11076096	1
9000269	8994821	1
6193592	6193591	1
9640617	9640618	1
8834695	8791027	1
8719603	8719604	2
11117344	11117341	1
12606567	12600427	1
12228430	12228429	1
12698940	12813163	1
3279493	3279496	1
9077272	9077271	1
3039629	3039477	1
12567457	12567458	1
4988055	5014276	2
12140791	12140792	1
8944483	9141526	1
9421837	9421838	2
404700	481497	1
5159598	5212696	1
4384851	12460281	1
9626157	9616957	1
10990849	10990850	1
442006	11827993	1
8765521	9783762	1
12786011	12786012	1
4328302	4328301	2
4716672	12124129	2
8972356	8901135	1
4207249	4207250	1
5597678	2805953	1
9360852	9360851	1
12598777	4384383	1
12009727	12018099	1
8867633	8867643	1
10961580	5276590	1
2762532	2762531	1
753804	11147908	1
5384808	5384807	1
11622463	11622464	2
10972937	10972938	2
5517168	5517171	1
6134522	6134521	1
5830659	507232	1
11740613	9516924	1
8729121	827059	1
4294245	12292144	1
5217604	4915090	1
11801211	955187	1
12455904	12455903	1
646755	9087806	1
9641962	4316921	1
8722990	8722989	2
8884451	8867862	1
9062918	9068058	2
12593742	12698244	1
10770131	10770132	2
9496654	9496663	1
11490148	2980963	1
11348418	11348417	3
5864762	5864761	1
5521560	5521559	2
8024672	8024356	1
11135067	11134964	1
4718288	4718287	1
12464320	3159933	1
9102704	9102703	1
5661253	5643782	1
11796914	11796913	2
5370235	5369190	1
5116764	11860912	1
12231095	790269	1
8882166	8882165	1
12484157	12484158	1
5159392	5159391	1
10905679	10905680	1
11340699	11340696	1
12724368	12724367	1
4475629	6187772	2
9622740	11210023	1
8783204	8783201	1
10794360	9173217	1
11089445	11158478	1
4472524	12783066	1
5235419	5235438	2
5292662	11928987	1
5428942	5428941	1
5330241	5438960	1
11753752	11753751	1
3088712	8711731	1
9074434	9275906	1
12150135	5570306	1
5059703	11695644	1
455747	455748	1
12641703	12641581	1
12518929	12518932	2
9118165	599404	1
8922792	8922791	1
12247477	12247478	1
6001630	12206149	1
5451512	5295818	1
9182213	9182224	1
8862872	8862871	2
4992321	5049461	1
2752575	369264	1
11534292	11534291	1
4609809	4813005	1
12650597	12650600	1
11941877	11934238	1
9005945	9005946	1
11761271	11761272	1
9363116	9363115	1
4425765	4425766	1
4668711	4668712	1
2768209	2768210	1
12362195	12362196	1
310489	12261419	2
12148881	12131052	1
10836391	556716	1
11673803	11673804	1
9057265	9057254	1
8688472	8685421	1
4391738	4175111	2
5434068	5435545	1
3082302	3082301	1
11480300	11480299	3
11251380	11251379	1
9033616	9033695	1
8890138	8890130	1
4451075	4451076	1
12226370	5703094	1
772250	12130171	2
4196835	4196823	1
9116475	9186392	1
9160813	688753	1
11912712	4296790	1
2902318	2902317	1
11004270	9186275	1
10957471	10957472	1
6129367	6129368	1
12290139	12284899	1
675619	4573483	1
12529665	12529666	1
12347624	5750394	1
654449	654438	1
12560502	11089199	2
4785689	4785690	2
2899141	2899142	2
11228569	5284892	1
9642466	9642465	2
701890	699917	1
3286161	3286162	1
10770393	10770394	1
5043817	5753782	1
9769687	9769688	1
605237	605238	3
9011894	9011898	1
12567399	12567400	1
11862022	3185057	1
7994023	7994024	1
8827521	8827522	3
5311022	5102620	1
12009402	12009401	2
11159792	11159791	2
5749397	5749410	2
12128656	12128655	1
350175	298573	1
6026467	6026468	2
5714537	5714463	1
4993738	4993666	1
12322742	12322741	1
5933217	12133559	1
5293610	5293609	1
8904156	12196870	2
6096239	10884201	1
10972939	10972940	1
12049811	11021320	1
8817965	3255295	1
11824546	11824501	1
5420731	5420734	2
11905183	11905184	1
9118436	11273686	1
9447290	9447289	1
9073799	9300414	1
4981690	2778370	1
293932	293929	1
5983132	4428332	1
4435481	11073465	1
9015260	9020567	1
12687922	12687921	1
9463618	9463617	2
6166891	6166892	1
12773633	12302184	1
10974855	10974856	1
4994235	4994236	1
2775899	2775900	2
12732814	12800564	1
11029852	11029844	1
9181703	9181706	1
9588758	11869322	1
12616977	4693314	1
6134569	6134570	1
12340479	4160457	1
8919644	9103861	1
8961034	8961033	1
4821263	887035	1
8978709	8776876	1
5350729	5284016	1
11593083	11593086	1
4422285	4422286	1
752771	5094611	1
6096801	6060259	1
8812905	8696911	1
11651200	11651199	3
5376734	12232535	1
8947468	8947467	1
12129941	12129942	2
5288470	5288469	1
6199315	6199318	1
4398819	9082957	1
4935874	8648184	1
5963707	11991241	1
5177893	12677849	1
700474	700473	1
10853198	10853215	1
5590320	5591595	1
8630288	8630287	1
8641925	8841374	1
4563640	4507493	2
11679970	11679969	1
240664	175995	1
12678671	12678676	1
563689	563690	1
11021435	11021436	1
3048938	4959559	1
11968682	11968681	3
343519	3026124	1
6070524	567755	1
12393018	3361921	1
4142105	4142106	1
6177121	6177116	1
3072036	3072035	1
5291029	5291030	1
3140855	8666893	1
11854506	11854500	1
3105634	3021808	1
5330063	12283759	1
5843489	5843492	1
9599833	5289130	1
12232570	12532427	1
3015387	3189862	1
2804817	9782836	1
4824724	6212745	1
10944491	10944529	1
5515669	5515672	1
9750017	8889181	1
4390710	4390921	1
5119474	5119473	2
12699445	12741870	1
5205646	5205645	1
4630692	4578475	1
11162446	12500898	1
11141684	3124673	1
12599113	12606773	1
11756702	11756668	1
4563784	4590170	1
804812	804811	1
289882	291642	1
12346192	12346191	2
11871788	11872125	1
179938	8886059	1
929859	4800302	1
11853506	11853523	1
725396	640992	2
5462090	6011159	1
8895384	9122795	1
5475504	5475592	1
12412407	9180475	1
12567952	5878705	1
4693748	4693752	1
255829	255832	1
5576761	5576762	1
8960861	9713325	1
11039979	11039980	2
10994953	12154582	1
2825750	2825718	1
753946	8648341	1
11816549	11816456	1
11986321	11986326	1
12492954	12492953	1
11894746	7446249	1
11006160	11006159	1
12491166	12491165	1
12165909	12165910	1
8956611	11794453	1
843898	843901	1
5153444	5135456	1
11989568	11989567	2
5118515	5118516	2
63219	37699	1
6036255	6036493	1
5523095	12771424	1
12322744	12322741	1
12410200	12410191	1
9491938	9491937	1
12361637	12361638	1
8776625	8776626	2
6179996	12152269	1
3308137	4724552	1
6193594	6193591	2
11763748	11762387	2
5269421	5269422	1
10800688	11061201	1
5532244	5532243	1
11009224	5287826	1
11584039	11584040	1
12548867	12548745	1
11029832	11889940	1
8700517	3038209	1
5249104	5249103	1
10752	10751	1
5022690	5537381	1
587286	587135	1
8889252	8889238	1
11925780	11925779	1
11968684	11968683	2
2877771	5863082	1
5756152	5882982	1
822635	12133939	1
5486822	5486821	1
4203989	4203990	1
204960	11881339	2
6055741	6055742	1
8751055	8765303	1
9153591	9153592	1
12038672	12038669	1
10978735	12771703	1
5595679	5595680	1
11334848	11334847	1
3379148	9680464	1
883816	6122434	1
400381	12035008	2
8992766	8992765	1
11878577	11878578	1
4677102	5942363	1
9511394	2733637	2
3315545	436539	1
4485553	4473863	1
5511830	5151625	1
11131312	10917234	1
9788823	9788824	2
4215556	4215542	1
11862024	11862023	1
5558736	8882169	1
12526268	12526267	1
6002799	6002800	1
12127376	12271568	1
547179	529975	1
11468073	11643486	2
8925460	8925463	1
4697856	4697855	1
11404881	11404893	1
3310757	9108939	1
10961582	10961581	2
5564403	5564223	1
2841125	2841115	1
540261	544844	1
12683215	12683216	1
5195278	5201746	1
11636938	11586007	1
534799	534800	1
9121653	11809878	1
12352545	5201142	1
5506847	5738139	2
4630690	4578475	1
11515836	56772	1
12345649	12345650	1
3207818	3207817	1
2839069	4864574	3
11700675	11700676	1
11815716	11821021	1
12802870	12802869	2
9584604	9584705	1
2842514	10962700	1
10933442	12612285	1
4130213	4130214	3
11099742	5448884	2
5653373	5653344	2
12300864	12533090	1
324819	6081259	1
4350454	4350451	1
5644039	5644040	1
11570791	11570792	1
4602584	4738612	1
5103428	12458132	3
8655285	8980349	1
5770437	4343286	1
4579416	10793489	2
12252157	12252158	1
8735969	11282701	1
9392843	9392831	1
12597417	12591689	3
4823478	4823477	1
5170330	5170329	1
5127122	5127121	1
906028	906031	1
5161112	5161111	1
11360730	9429038	4
8642581	8642582	1
12028075	12028088	1
12730621	12730622	1
11439795	11439783	1
11882823	8871445	1
5586584	8850113	1
4833591	9499739	1
11790478	11790477	1
8724384	8724382	1
4936671	5079234	1
3358197	3358200	1
10859094	4201861	1
7983029	7983030	1
8748985	4139505	1
12724265	12724266	1
6100666	11830090	1
5333540	5333537	1
8903132	8786931	1
5189156	11000973	1
11797593	12130444	1
12661628	5363843	1
11280753	11327407	1
9766009	9766075	1
2905859	2905860	1
12017171	12017172	2
9640617	9640620	1
3100477	2643831	1
6073692	6073691	2
4292313	4292314	1
11609962	12467424	1
8881389	8881376	2
11750446	12779666	1
4388	5988	1
12517526	12517525	1
8722543	8722606	1
605239	605240	2
5473501	4601716	1
3211106	3211105	1
12275975	12275976	1
10915989	11459630	1
11500383	11500574	1
721782	724863	1
3371723	3371743	1
5051089	5051090	2
11786685	11786719	2
51190	11275842	1
8676949	8676111	1
12329956	4558225	1
4925689	4925690	2
48888	48887	1
12664233	4613264	1
830119	830075	1
4990941	4991695	1
