fend1	fend2	count
6294515	6294519	1
7776263	7776264	1
75310	79919	1
6788259	6788260	2
7149125	7149175	1
11397325	11373728	1
3479200	3479199	1
880974	880973	1
12238087	12238081	1
1326903	1326904	1
3030989	3030992	1
5564226	5564225	1
7586401	7586402	1
1340521	1340522	1
10121439	10121287	1
4303074	4303101	1
8017651	8017658	1
10880913	10880914	1
2883309	2890954	1
3023652	3023783	1
9285150	9285147	1
11715530	11715529	1
2898154	2898414	1
6038830	6038829	1
7902417	7902418	1
6052093	6051968	1
10224764	10224763	1
5595699	5595448	1
2188893	2188900	2
7557567	11312465	1
9934846	9934845	1
333083	333084	1
4512313	4512314	1
3797791	3797797	1
1738680	1738682	2
686890	686889	1
5933542	5933547	1
9610242	9610241	1
434685	428648	1
10824925	10824926	1
3988519	3988524	1
3395348	3395345	1
1566566	1566565	1
10557419	10556270	1
3614058	3614057	1
7206443	7206506	1
8198103	8198104	1
5697741	5696986	1
7118738	7118737	1
3561511	3561512	1
1593561	1593562	1
12507584	12504636	1
11915695	11915696	1
4858161	4858267	1
5160075	5160076	1
12618417	12618418	1
8926645	8926646	1
130596	130595	1
8578361	8578362	1
5738198	5738211	1
12681710	12681709	1
2090399	2090400	1
1621672	1621669	1
3237647	3237648	1
7730633	7730634	1
10156635	10155752	1
3267391	3267348	1
2194647	2194595	2
3134960	9494853	1
3241129	3241130	1
8320496	8320495	1
8854945	8855442	1
5110902	5112912	1
8009602	11436557	1
10177177	6003510	1
5833344	5833342	2
3134858	3134855	1
614618	623424	1
5761646	5761650	1
3796201	3795657	1
6531328	6531327	1
2832049	2832097	1
12465237	3938574	1
4114779	4114780	1
760497	760498	1
1554760	1554759	1
104117	104118	1
7074303	7074304	1
7409253	7414521	1
626817	626818	1
568702	41961	1
7345730	7345729	1
8348953	8348954	1
3895218	6946513	1
3267349	3267363	1
11246980	11246979	1
6786025	6786026	3
4854049	4854050	1
11920735	11921951	1
5573189	5573190	1
674479	674395	2
5811740	5811737	1
4401568	4401567	1
9682831	9682832	1
2017409	2017410	1
836809	836810	1
628134	628133	1
783364	783363	1
423947	423948	1
8535050	8535049	1
2583872	11511997	1
9793497	2984811	1
3793702	3426812	1
114390	114383	1
9547977	9629937	1
9393154	9393153	1
9563961	9563964	1
8026673	8026699	1
10673782	10673781	1
8053533	8053534	1
1298855	1296235	1
7151741	7151686	1
4471996	4471319	2
10435624	10438074	1
8531325	8531326	1
2778879	2778880	2
1834446	1834365	1
1410632	1504690	1
4445692	4445691	1
8926602	8926647	1
11708578	11708577	2
12460567	12460568	1
9751721	9751724	1
2167970	2167969	2
2550524	2550523	1
4692611	4692612	1
11006663	10884810	1
1593563	1593564	1
3703060	3703055	1
7688511	7688500	1
10436392	10436391	1
11322045	11322046	1
4693306	4693301	1
5761661	5761697	2
6397321	6397324	1
4087618	1544304	1
11250624	11250623	1
6067091	6054246	1
7223	7612186	1
3249836	11875415	1
800832	472222	2
7917537	7917538	1
3104269	3104276	1
65809	65810	1
4166853	4166627	1
3489669	3489670	1
741056	724642	1
7776261	7776262	2
11432253	11432247	1
7690122	7690121	1
4114882	4114778	1
6179157	6179158	1
7293726	7293725	1
7857187	7857174	1
1006499	1006500	1
10992826	10992822	1
10895095	10895096	1
2125673	2125674	1
1183925	1184066	1
4664669	4664488	2
2638796	2638795	1
2225418	2225417	1
1391060	1390827	1
9857352	9856594	1
10761234	10761233	1
11333541	11333542	1
3622647	3622648	2
9884310	9884307	1
11830735	11830736	1
118013	118014	1
5862046	5862045	1
11742355	11742356	3
5038754	4947910	1
11650774	11650773	1
2373608	2373607	1
7405460	7405619	1
5428242	5428922	1
9346884	9346716	3
164992	165007	1
6481561	6476086	1
11823029	11823032	1
10004194	10004193	2
10893377	10893380	1
7628625	7628626	1
4297768	4297767	1
663622	663619	2
5389487	5389488	1
2961521	2961513	1
5819406	5819392	1
5909705	5909706	1
9841599	9841600	2
6459719	6459720	2
2091684	2091302	1
12150445	12150446	1
11778360	11778359	1
4296888	4296885	1
2414047	2414048	1
12442559	12446799	1
3277648	3277664	1
3488427	3479201	1
10422746	10421774	1
5648669	5648670	1
3601755	3601756	1
11883634	11883608	1
724364	724363	1
6135668	6135688	1
6213360	6213313	1
4867897	4867562	1
8238877	8238878	1
8887606	8887605	2
3501829	3498769	1
5827448	5827465	1
1115030	1115029	1
11924366	11924365	1
12385401	12385464	1
8416043	8536645	1
11706332	11706532	1
5637432	5640245	1
3943018	3943130	1
1694898	6063940	1
9096083	9096071	1
2125682	2125672	1
6091119	6091120	1
3218229	3218057	1
101930	101923	1
5538374	5538373	1
2628376	2628338	1
12521282	12521281	1
7505626	7505625	1
7827848	7828328	1
10737231	3254827	1
9673285	9673286	2
8864155	8863584	1
1068696	1068693	1
8432283	8432284	1
8110297	2090415	1
11221086	11221085	1
4639707	4641366	1
2546051	2546052	1
12400896	12400891	1
7462127	7659782	1
12399108	4599961	1
7821184	7821381	1
7788428	7788427	1
11084081	11084082	1
10719340	10719339	1
9373945	9373946	1
7279265	6997485	1
7827850	7827849	1
7131555	7131556	1
12392602	12394389	1
1117791	1107627	1
586475	586476	1
10687502	10725423	1
2439285	2439286	1
2465583	2465584	1
4987376	4987375	2
10441998	10441997	2
5097395	5097398	1
10547882	10547879	1
4539224	4539223	1
2935318	2935317	1
9765716	9765715	2
10811540	10811539	1
7167867	7167869	1
5570879	5570880	1
4332236	4329862	1
8753645	8753646	1
3250136	3250133	1
9137570	9137569	1
7051610	7051609	2
6135670	6135669	1
5709244	5709263	1
3954350	3954349	1
7827077	7827168	2
7753720	7753717	1
9488995	9488996	1
7176290	7150466	1
6967078	6967077	1
10962054	10965656	1
11192168	11192098	1
11607203	11599849	2
6629470	6629486	1
485325	485350	1
8790564	8790563	1
9393150	9393189	1
12460869	12460870	1
2832096	2827912	2
2818634	2818633	1
4634023	4631948	1
8178739	8178740	1
9794315	9794316	1
10090270	10090269	1
1510379	1510389	1
5573727	10226577	1
6438785	7518008	1
11892605	11892606	2
10893381	10893382	1
7943079	7943080	1
11708580	11708579	2
6132140	6132137	1
10441996	10441995	1
2583884	2583883	1
5626057	5626058	1
6209528	6209527	1
11533177	11533180	1
9276404	9276403	1
8564666	8564665	1
5743462	5743461	3
10478786	10478831	1
7636942	7636829	1
11908886	11907906	1
12172268	12172267	1
12260350	12260349	1
4033513	4036416	2
11063233	11063212	1
1049266	1049265	1
4681456	4681455	2
1645442	1642661	1
6786027	6786028	3
11869161	11869152	1
2338530	6528280	1
2025462	2025461	2
8889242	8889241	1
6136633	6136634	1
6140782	6137646	1
3274528	3274820	1
9476423	9476424	1
8535046	8535045	1
3489671	3489672	1
7816445	7816446	1
6909781	6909784	1
11830741	11830742	1
3128473	3128474	1
7207767	7207847	1
1936869	1936870	1
9561800	9561799	1
9158491	9158492	1
8575282	8575254	1
409102	619596	1
4160501	4157809	1
6159945	6159946	2
1332720	1332635	2
7756652	7756651	1
7507207	7507208	1
8889248	8889247	1
3320699	3320700	1
5578821	5578822	1
7834822	7834881	1
8814556	8814555	1
8797600	8797599	1
3021989	3021992	1
130594	130607	1
3240998	3241128	1
3204855	3204856	1
4071947	4071950	1
1301678	8813002	1
168708	168707	1
852347	852348	1
9048715	9048716	1
3825405	3825406	1
1076230	1076156	1
1675623	1672955	1
822150	822091	1
7116972	7116971	1
6739469	6739470	2
9559209	9559210	1
8034909	8034910	2
247534	247533	1
3867558	3867564	1
10332493	10332494	1
6998073	6998074	1
10372168	10372158	1
3484024	4161603	1
11869153	11869154	1
1581046	1581045	1
11767395	11767396	1
5501767	5501768	1
9052766	9052765	2
356261	356262	1
10122384	9841604	1
7984250	7984247	1
6006032	6006031	1
6724362	6724324	1
6039935	6039936	1
8507370	8507347	1
1126540	1126539	1
6923033	6923034	1
10942203	10946123	1
10806098	10806097	1
8414197	8414418	1
1448269	1448270	1
671236	671531	2
5143149	5143150	1
3102057	3101884	1
9559211	9559212	2
12414799	12414800	1
11772022	11772021	1
9825763	9825764	1
10416599	10416600	1
6048211	6047149	1
9415392	9415391	1
5820371	5820372	1
6419395	6419396	2
9318474	9318473	1
854180	852326	1
9793777	2961078	1
2710070	2709789	1
8005751	8005752	1
7370945	7350958	1
9276427	9276405	1
9089804	1069237	1
5580219	5580220	2
5771755	5771756	1
5241621	5242070	1
6419397	6419255	2
9340955	9473120	1
6322500	6319310	1
6155008	6155007	1
5638202	5638199	1
12576246	12660663	1
7323702	7323701	2
2603281	2603282	1
1786536	1786535	1
12489881	12489890	1
11230541	11228559	1
6531330	6531327	1
2612591	2612592	1
4084345	4084346	2
10441994	10441993	1
2763732	2763731	1
5601833	5601814	1
12526818	12526590	1
2738794	2738772	1
619183	619306	1
11866616	11866619	1
6345697	6346626	1
5230935	5230936	1
223280	223279	2
5131007	5131012	1
5239666	5238579	1
7323704	7323703	1
10979632	10983311	1
343124	343197	1
6298869	6298870	1
2890170	2890169	2
8970745	8970733	2
7853385	7853426	1
6829497	6829494	2
3299523	3299627	1
5478866	5478883	1
204362	204361	1
9838066	9838065	1
6637317	6637318	1
8757920	8757919	1
10351064	10351063	1
4615427	4615430	1
8201336	8201335	1
1071533	1071534	1
8453053	2106162	1
11400243	11400244	2
9896296	9896260	2
11271919	2308912	2
5490103	5490292	1
7688501	7688502	1
1623976	1623975	1
11095973	11096321	2
1143613	1143522	1
6523506	6523651	1
628136	628135	1
1478767	1478772	1
3793704	3793703	1
6314780	6314801	1
12474185	12474186	1
11701633	11701634	2
7258897	7259562	1
11554417	11554418	1
8605317	8605318	1
5907222	5909704	1
4681454	4681453	2
8400886	8400885	1
7650158	7651033	1
619181	619182	1
2305054	2305053	1
10184908	10184916	1
306177	306178	1
2246718	2246717	1
8070756	8070755	1
10127941	10127942	1
3150272	3150271	1
719665	719666	2
4445696	4445695	1
3484020	3484111	1
6078784	6078779	1
1100309	1100316	2
2246716	2246715	1
3232308	3232307	1
4596004	4597320	1
743445	743538	1
10159642	3360488	1
10811538	10811537	1
8790562	8789305	1
7574060	11308343	1
2603283	2422519	1
7295699	7295700	1
3770561	3770681	1
10329025	10329026	1
3808786	3808785	1
7690124	7690123	1
10177451	6005598	1
6541197	6541193	1
1695968	1746398	2
5110509	5110311	1
5888448	5888447	1
1017638	1047467	1
595795	595796	1
7131552	7132782	1
9283979	9284580	1
8393397	7014396	1
3940021	3940022	1
3150270	3153618	1
1867467	1867045	1
5523678	5523677	1
6120149	6120150	1
8851061	8851066	1
220605	135843	1
8106885	8106886	1
7363827	7363832	1
9167182	9165521	1
5843657	5843548	1
204426	204363	1
4854037	4854038	1
4664667	4664668	2
12681712	12681709	1
7370550	7370549	1
2460344	2056537	1
6652980	6652979	2
8034911	8034914	1
2153150	2153149	1
2065655	2065656	1
11834888	10255316	1
7431256	7431255	1
7137483	7137484	1
11378801	11378802	1
9020966	9020965	1
11373104	11373187	1
3159593	3159969	1
7121910	7128629	1
1711554	1711549	1
11135232	11135231	1
9629936	9629935	1
7843624	7843621	1
11772020	11772019	1
7116970	8448139	1
10371441	10371444	1
2373606	2373605	1
5096171	5096172	1
3615855	3615860	1
8704966	8704964	1
4739779	4739784	1
6187789	6187790	1
6379798	6379797	1
3362649	3362650	1
5979562	5979559	1
9345994	9346008	1
3252902	3252899	1
5249923	5249924	3
6654307	6654308	3
6028754	6028672	1
2558894	9153749	1
5096173	5210594	1
11449515	11449477	1
9164365	9160760	1
10194581	10194572	1
2090801	2090903	1
3601757	3601690	1
4624336	4624335	1
2051979	2051859	1
7729183	7729184	1
8034915	8034916	1
6512654	6512648	1
12684863	12684864	1
6066339	6066367	1
4654104	4654103	1
7724435	7724442	1
2404062	2383903	1
1272781	1272782	1
748797	748798	1
597311	597312	3
9373941	9373944	1
7836414	7836413	1
10057766	10057765	1
3237649	3237940	1
6180234	6182298	1
2609596	2609595	1
9685302	9685301	1
1936867	1936868	1
1126538	1126537	1
1136830	1136829	1
12040020	5361221	1
1397692	1397218	1
3388364	3388363	1
5823066	5874477	2
7592379	6555596	2
5580221	5580222	2
5736063	5736064	1
9137568	9136370	1
211046	206278	1
10931535	10931536	1
10157211	10157212	1
871147	781264	1
9518162	9518161	1
9841605	9841606	1
6117414	6117413	1
2279672	2280083	2
8578359	8578360	1
3362531	3362532	1
3388371	3388365	1
8922201	8922915	1
7778226	7778248	1
11530844	11530863	1
8797604	8797601	1
1400486	1400485	1
10992823	10992824	2
8941676	8941675	1
11892607	11892608	1
3533847	3533347	1
11942712	11942711	1
5071658	5067015	1
7140581	7136015	1
6897287	6897288	2
9054191	8985043	1
3852034	3852033	2
4230397	4456466	1
9097886	9097891	1
5753393	5753394	1
3304350	3304344	1
3095314	3106102	1
1299305	1299109	1
11026640	11026639	1
9826825	9826938	1
836811	836812	1
6397321	6397322	2
10728933	10728934	1
5616883	5623933	1
11705508	11705710	1
9682823	9682826	2
3886300	3886285	1
8013847	8013848	1
11013431	11013432	1
7446730	7698320	1
11288433	11288434	1
5885994	5885993	1
6119193	6118739	1
12533750	12533711	1
2608263	2608264	1
5877507	5882105	1
9347950	9347949	1
3561513	3561425	1
7230378	7230652	1
2848279	2848280	1
399296	399295	1
12423041	12423042	1
12566758	12566757	2
2710457	2710458	1
1195841	1195888	1
760495	760496	1
8946880	8946879	1
3963456	3963496	1
3755826	3755825	2
4323025	4323027	1
10299602	10299601	1
11768230	11771680	1
11513280	11513279	2
4244163	4244164	1
6699346	6699345	1
11402023	11402019	1
5487867	5489875	1
7438360	7172430	1
5399329	5399330	1
7234605	7234606	1
6003511	6003679	1
10292896	10228194	1
10418044	10348454	2
3685260	3686411	1
11482044	11482043	1
8462606	8462605	1
11725441	11725442	1
5391020	5385504	1
11768232	11768231	1
9318472	9318372	1
4288352	4287394	1
8383532	8386719	1
9825765	9825766	1
4704221	4539225	1
1304783	1306078	1
8202290	8202314	1
12379484	12379483	1
10276249	10276200	1
8044908	8044907	1
628228	628227	1
3305703	3305704	1
2300069	2300070	2
4491480	4241077	1
6759349	6759350	1
152180	152182	1
7505624	7508735	1
11997027	11997059	3
12194530	12194126	1
7917539	7917657	1
6210373	6210374	2
5876635	5876638	1
1517091	1517092	1
3081565	3081566	1
9561951	9561801	1
674478	674326	1
10673780	10673779	1
6211834	6211833	1
42805	42402	1
11513282	11513281	2
2778879	2778859	1
12040497	12040498	1
7395908	7399676	1
8508455	8508686	1
11148367	11148368	1
1241095	1241098	2
819892	6816290	1
2072092	2072123	1
11662837	11662838	1
1601462	10517432	1
11745418	11745417	1
11720733	11720719	1
4316879	4316880	1
3972692	3972689	1
8571524	8571530	1
10957453	10938085	1
7178477	6819295	1
5743460	5743457	2
917417	917420	1
1463186	1463185	1
3927939	3927940	1
11209928	11209927	1
12684419	12684420	1
11283723	11283724	1
5763187	5712718	2
6728985	6728986	1
6089029	6089030	1
5601409	5601410	1
10999880	10999363	1
9751721	9767743	1
12131097	12131098	1
5203348	5203347	1
4203353	4204090	1
2677296	2677293	1
4482780	4482973	1
9685304	9685301	1
12690791	12690750	1
4367824	4368014	1
1865477	1865492	1
2257796	2257795	1
1426280	1426279	2
8009602	11436555	1
823972	823971	1
9303736	9303742	1
2752674	2752673	2
10924680	10924424	1
1317222	1317221	3
6739458	6739471	2
10386477	10386478	1
6163934	6163931	1
8471381	8471384	1
4529508	4442148	1
6479884	6479883	1
3369769	3369770	1
487295	487109	1
11847937	11847938	1
3659249	3794777	1
4598727	4599007	1
10150025	10150026	1
654512	654509	2
8561562	11387074	1
9231499	9888659	1
7446383	7446384	2
2645140	2645139	1
1763515	1763739	1
10908973	10908968	1
9966743	9966744	1
9685304	9685303	1
11172695	11172696	1
3962970	7207512	1
5238851	5238835	1
10308613	10308555	1
8984914	8984913	1
6531330	6531329	1
5554131	5544433	1
11327563	11327564	2
2489101	7112975	1
11604154	11604198	1
6865878	6865877	1
2280917	2281765	1
2258444	6667657	1
5182471	5182476	1
6791130	6791129	2
12640017	12639980	1
5012474	5012473	2
1289412	1289337	1
11297315	11297318	1
9896261	9896262	1
7323708	7323705	1
6380659	6380660	1
1006511	1006491	1
11676009	11675994	1
2485779	2485085	1
7990633	1608638	1
6127373	6127374	1
2282366	2282341	1
9369447	9369468	1
1784600	1784356	1
2665199	2665182	1
11614090	9698685	1
11402070	8009679	1
8958000	8957999	1
3767600	3767009	1
11088319	11088311	1
2361178	2361177	1
6397323	6397324	1
2464906	2458612	1
986696	986695	1
3886304	3886301	1
5399331	5399332	1
2658147	2638624	1
3155772	3155800	1
11824255	11824256	2
8813003	8806413	1
1468615	1468622	1
746775	746320	1
1235628	1235627	2
11751413	11751416	1
6194452	6194451	1
6536135	6536136	1
9776647	9776650	1
7167472	7168658	1
4052333	183153	1
3989186	3531901	1
4073006	933620	1
1703966	1703965	1
2471590	2465477	1
2658212	2658211	1
7865756	7865611	2
1936875	1936876	1
2136614	2136328	1
308791	305774	1
4445694	4445693	1
374901	374253	1
6170622	6170621	2
8056240	8056263	1
11295138	11295287	1
2377863	2377864	1
11462733	11462729	1
9765711	9765712	1
5964557	6350405	1
7437028	7437025	1
2792160	2792171	1
9852523	5762667	1
12336923	12336924	1
4943088	5037123	1
7200806	7200803	1
1786534	1786533	1
6333464	6331715	1
6132052	6132051	1
9415394	9415393	1
6581365	6581366	1
8897758	8897453	1
5046309	5046417	1
5798279	5793297	1
10877069	10877057	1
7409249	7414626	1
5828747	5832195	1
8767214	8766730	1
12128889	12128922	1
754827	754828	1
11404833	11404839	1
12653042	12653041	1
1658567	1658579	1
8858705	8858706	1
4257180	4257179	2
5130957	5131006	1
12441733	12445650	1
11767393	11767394	1
7623528	7623527	2
5249907	5249922	2
11259185	11257872	2
7014289	7014281	1
4624334	4624333	1
10168873	10168868	1
10362340	10364778	1
7968082	7968079	1
6488713	6489071	1
12686240	12686288	1
9058415	9059161	2
1333609	1331370	1
8939813	8919859	1
5862048	5862047	1
3046022	3046030	1
2474330	2474329	2
12684421	12684422	1
1916594	1915476	1
2211393	2032921	1
6652500	6674332	1
11969542	11969539	1
5095606	5095294	1
361897	361898	1
11828595	11828596	1
3051566	3046586	1
5801769	5801732	1
5274019	5274369	1
9275465	9281900	1
12746496	12746495	1
2360036	2360033	1
9430449	9429570	1
8258942	8258926	1
4122326	4009628	1
7334578	7334016	2
2532758	2532971	1
9698861	9698711	1
3150274	3150273	1
12445199	12445200	1
12414452	12414449	1
10439603	10438969	1
5523241	5523220	1
10346785	10346993	1
257983	257984	1
3416195	3416196	1
37785	37786	1
7505395	7505396	1
2063861	2063862	1
1486520	1486519	1
6179159	6179160	1
2752677	2752675	2
5889076	5889075	1
10313218	10313217	1
880976	880975	1
3513635	3511670	1
7696855	7696856	2
3934660	6199573	1
3304795	3304796	2
9939	9940	1
12379482	12379481	1
4017614	4050175	1
12521284	12521283	2
8012360	4300071	1
159020	159019	2
11297319	11297327	1
668639	668625	1
11555691	11555692	1
11071522	11071531	1
8535048	8535047	1
10969281	10969282	1
1301680	1301679	1
2133460	2133459	1
7550251	7550252	1
6581363	6581364	1
11490138	11490133	1
4084347	11264126	1
3590439	3591926	1
305683	305684	1
11822054	11890619	1
1105515	1105516	1
1348278	1348168	2
8222849	8221587	1
7492492	7492505	1
12167421	12167422	2
6486537	6486538	1
1050249	1050250	1
5957296	5957293	1
8462562	8462609	2
4722814	4722811	1
4807727	4807728	1
1606064	1423269	1
9826823	9826824	1
4389406	10654109	1
10985024	10985023	2
5893492	5893491	1
6578486	6752537	1
7857173	7857174	1
11327565	11327570	1
6211839	6209531	1
7702468	7703461	1
7009284	7010106	2
2168044	2167971	2
7293728	7293727	1
1142909	1142910	1
6665535	6664758	1
11770271	11770272	2
4470323	4470312	1
5999101	5999102	2
5697534	5697533	1
3128477	3128478	1
8995614	8995606	1
9564665	9564650	1
8758439	8758440	1
11283732	11283731	1
3940019	3940020	1
5616161	5616143	1
8449403	8450565	1
10442000	10441999	2
9927471	9927472	1
11789683	11789684	1
11312464	11312463	1
3358216	3358215	1
4257182	4257181	1
5389489	5389490	1
4249708	4249707	1
2909990	2909989	1
5887846	5887839	2
7220673	7220674	1
4496157	4496158	1
489261	489262	1
5887838	5887837	1
6038828	6041708	1
5995835	5995858	1
597313	599206	3
3988517	3988518	1
10444135	10442999	1
11468022	11468021	1
11425617	11425618	1
434531	11249998	1
5819408	5819407	1
12040499	12418871	1
4539966	4539965	1
6298871	6224220	1
2538036	2547471	1
11246978	11246975	1
11153291	11153024	1
6253758	6253579	1
6351804	6351840	1
10358729	10358730	1
3997941	3997942	1
10673578	10673577	1
6972331	6972307	2
5600862	5600861	1
5928181	5928182	1
10669007	10668961	1
5820604	5820603	3
2376000	2375999	1
6654305	6654306	3
7398	7397	1
104115	104116	1
10543491	10543492	1
2818636	2818635	1
7274547	7274548	1
6252398	6252397	1
10339513	10339514	3
3513639	3513640	1
4333875	4333916	1
3746931	3746932	1
1554758	1557602	1
8676143	8676126	1
6507653	6507872	1
6510081	6510049	1
3041668	3218836	1
6163930	6163351	1
4991095	4991096	1
1174264	1174305	1
10881791	10881807	1
10092721	10092722	1
10451314	10451313	1
9915436	9915435	1
10895093	10895094	1
9315614	9314654	1
10985610	5936360	1
5499930	5499929	2
10898099	10898100	1
6515729	6515730	1
6072965	6072966	1
4456467	4230729	1
2752425	2752428	1
2995372	2995338	1
3358218	3358217	1
7968084	7968083	1
8202835	8202836	1
10705492	10705491	1
7574061	7574062	1
6781201	6778877	1
5961731	5962674	1
3807723	3807726	1
4738059	4722650	1
2419060	2419003	1
2093466	2093465	1
2500065	2500231	1
2773551	2773552	1
11915697	11915698	1
7772273	7772308	1
7623530	7623529	2
258400	258397	1
1642812	1640776	1
6571937	6571967	1
8290857	8290858	1
7503430	7503429	1
8290855	8290856	1
6310293	6242476	1
4084347	11264124	1
2335923	2336989	2
9894988	9894987	1
333085	333086	1
2112428	2112427	1
7612187	7612188	1
5356859	5591802	2
1231863	1231868	1
7994517	7994518	2
4307238	4307237	1
11521205	11521206	1
3999075	3999076	1
4803032	4807726	1
7819879	7819880	1
2603281	2422519	1
3310991	3310992	1
3642034	3642033	1
10283081	10283105	1
6652016	6651949	1
2397224	2397221	1
7151739	7151740	1
6194454	6194453	2
12614924	12323402	1
12410445	12410446	1
626241	623865	4
6061925	6062098	1
4795054	4795051	1
11620070	11620076	1
1231861	1231862	2
12252707	12251027	1
8013843	8013846	2
10473242	10473241	1
2927960	2927959	1
7538962	7538961	1
11404838	11404837	1
11744931	11815010	1
12484642	12482581	1
11428307	11428308	1
7745135	7745136	1
823970	823969	1
9824453	9824216	1
2862261	2862963	1
2878982	2878981	1
3537541	3537542	1
11395952	11395928	1
9112933	788045	1
3900744	3900743	1
2328977	2328978	1
5442848	5442847	1
3358214	3358213	1
4924690	4924689	1
2375998	2375997	1
5886106	5886105	2
6887888	6887887	1
9393152	9393151	1
4664666	4664661	1
3641463	3641464	1
10366313	6057619	1
7647178	7647177	1
8226804	8227744	1
1135992	1135991	1
3965940	3954414	1
1167087	1165442	1
10534630	10534629	1
9655634	9659561	1
905164	595794	1
6467102	6470368	1
777865	777866	1
312122	312121	1
11772487	11772488	3
249948	249947	1
10980626	10980625	1
12161234	12161233	1
4297004	4297003	1
1860512	1860511	1
4076000	4075999	1
8997544	8997541	1
12436845	12436848	2
1244065	1244082	1
9775750	9775747	1
10048507	10048508	1
1270434	1269441	1
9540993	9567456	1
2131674	2131673	1
5258618	5258617	1
6022243	6022283	1
4081460	4081392	2
5933819	5933820	1
5736061	5736062	2
7849022	7897291	1
3563630	3563629	2
6351841	6351842	1
2294394	6585618	1
5636982	5636981	1
2869307	2869308	1
10595642	10595641	1
6457260	6554357	1
10748775	10748754	2
9803008	9802943	1
648963	648964	1
7861660	7861644	1
2954199	2954676	1
11668794	1768670	1
7192271	7193130	1
4604019	4604020	1
1135869	1135860	1
2305056	2305055	1
833204	640025	1
2111117	2111118	1
7696857	7696840	1
3156326	3156331	1
5857313	5857314	1
1546409	1546413	1
7881937	7881938	3
4333873	4333874	1
12259574	12259571	1
1738683	1738684	1
11390877	11390878	1
9562481	9560917	1
5971645	5971656	1
555192	555191	1
7137485	7137486	1
5866288	5866287	1
2770205	2758283	1
1536490	1536489	1
11474904	11474903	1
11770682	11770678	1
9113245	9113246	1
9532414	9532413	1
8320494	8320493	1
5920205	5920329	1
4337279	4337280	1
9137571	9137572	1
7824348	7824345	1
3932009	3931837	1
4026133	4025938	2
4850519	4850520	1
6446387	6446390	1
2038072	2094667	1
4028705	4028706	1
3642210	3642209	1
2422518	2422517	2
1244083	1244084	1
2882678	2882677	1
3795888	3752610	1
2419062	2419061	1
8965801	8965802	1
9893431	4334319	1
7507205	7507206	1
370906	370911	1
6498116	6498422	1
5787118	5787117	3
2571477	2571478	3
12490280	12490283	1
1410634	1410633	1
12681712	12681711	1
8682916	8682913	1
10342543	10342544	1
1460534	1460533	1
1099283	1099343	1
6833709	6834762	1
1173241	1164876	1
4785437	4770261	1
9719177	9566950	1
2835731	2835776	1
257981	257982	1
4310459	4310460	1
6620166	6620165	1
7549189	7549190	1
2328975	2328976	2
2411368	2438573	1
3362529	3362530	1
5636984	5636983	1
5478868	5478867	1
9422465	9422484	1
7790315	7790316	1
8242151	11347576	1
1383510	1383509	1
4588219	4588222	1
9170064	9170063	1
1746399	1746400	1
7495026	7495025	1
4085012	4085011	1
2133461	2133477	1
11129361	11129337	1
6620159	6620167	1
11042279	11026641	1
1768362	1768388	1
9926338	9926337	1
1892014	1892013	1
628138	628137	2
3507415	3505994	1
7435204	7435168	1
5057476	5055591	2
6078784	6078781	1
8462608	8462607	2
11389551	11389552	1
11323661	11323662	1
12656185	12656186	2
6061923	6061924	1
5560436	5560435	2
6560427	6560430	1
636103	636060	1
5626055	5626056	1
3381487	3381433	2
9562477	9562480	1
3703062	3703061	1
7877324	7875673	1
8348955	7020735	1
9751725	9767743	1
8889246	8889243	1
2097750	2097749	1
10828004	10828147	1
7756741	7756653	1
7616606	7616605	2
1324288	1324297	1
5334337	5334342	1
6905810	6906502	1
5538372	5538291	1
630675	630322	1
626819	626240	1
1382821	1382822	1
9561798	9561797	1
1750707	1750708	1
7396	7395	1
11024493	11027558	1
4306413	4306414	1
11357155	11357166	1
10078526	10078525	1
3692845	3737336	2
168706	168705	1
2335921	2335922	2
12184105	12184106	1
7118736	7118735	1
6308861	6308862	1
12616298	12616246	1
3129673	3130741	1
1512104	1512103	1
7009286	7009285	2
9691432	9692106	1
3305705	3305706	1
932625	932608	1
2869311	2869312	1
10465697	10465698	1
9725494	9725554	1
6039937	6039938	1
8221586	8221585	1
7270564	7143437	1
4230728	4230514	1
5428244	5428243	2
7395910	7399676	1
8531242	8531499	1
7168655	7168658	1
9239031	9239034	1
11147086	11147085	1
9966741	9966742	1
3158972	3158962	1
2060265	2060228	1
5531618	5531617	1
6651947	6651948	1
11942710	11942707	2
5957292	5957311	1
6752536	6752535	1
8728049	8728050	1
12166713	12166190	1
130598	130597	1
10980628	10980627	1
8324293	8319396	1
3305699	3305700	2
2604899	2604900	1
7338476	7338475	1
5055590	5055589	1
7591353	7591354	1
4114882	4114780	1
6720679	4541630	1
2559344	2559343	2
8954577	8954578	1
5708176	5708175	1
11665976	11675718	1
2848289	2848290	1
11513538	11513573	1
4191614	4191613	1
454441	454442	1
9820579	9820580	2
5810796	5830860	1
1243439	1140155	1
12370056	12370048	1
8469056	8469055	1
8178741	8178742	1
1095795	1095796	1
5573097	5573094	1
3934039	3934046	1
5964555	5964556	1
11084083	11084088	1
10895091	10895092	1
7795307	7795308	1
3547254	3547253	1
522293	917421	1
854182	854181	1
7504449	7504409	1
5095295	5095402	1
4749406	4749405	2
5319983	5196252	1
12751868	12770160	1
8691389	8691383	1
6865876	6865873	1
3233321	3233322	1
5490059	5490060	2
11161751	11122527	1
7790313	7790314	1
3537543	3537544	1
12184107	12184377	1
796096	799919	1
1300436	1300435	1
5110904	5110903	1
10429009	10429014	1
3277291	3276934	1
12343244	12352701	1
5203350	5203349	2
5842745	5842746	1
3358253	3358946	1
1770821	1768677	1
6407792	6407808	2
3216758	3216757	1
2361172	2361171	1
1409900	1409899	1
2583882	2583881	1
7167472	7168654	1
6346992	6345122	2
7683819	7683822	1
10255521	10255522	1
10084481	10084482	1
5968461	5968464	1
7821186	7821185	1
9561959	9561960	1
10344624	10344621	1
3128475	3128476	1
434939	434940	1
5629192	5629191	1
3326764	3325379	1
9304940	9304889	1
8106883	8106884	1
967027	967028	1
9856595	9856927	1
10427069	10426908	1
5624515	5624525	1
8378189	8378190	1
404574	404573	1
4503058	4503057	2
7266233	7266336	1
6194455	6194318	1
5715441	5715442	1
3134960	9494855	1
7612189	7613473	1
10134141	10134142	1
11715528	11701632	2
6720578	4541633	1
2605860	2604898	1
5596384	5596512	1
5607383	5605568	1
3323318	3323317	1
3990553	3989714	1
2957522	2957521	2
8469415	8469384	1
4007638	4060157	2
2194645	2194595	2
11674404	11674403	1
7592335	7592323	1
11002027	11002028	2
6082176	6082137	1
5519655	5519646	1
4816720	4816717	1
9230438	9230429	1
9048717	9110574	1
4368787	4368788	1
12235697	12234305	1
12481443	12482661	1
9590823	9590826	1
4031742	4031006	1
4031007	4031008	1
7738593	7738609	1
11588794	11588793	1
5335288	5335369	1
9545873	9545886	1
4775781	4775786	1
12482578	12482577	1
3095386	2995563	1
8582351	8582352	1
5214279	5214280	1
7416917	7416918	1
12245253	12141778	2
5753739	5753742	1
6380657	6380658	1
1523340	1523328	1
3304797	3304798	2
510790	510785	1
6723697	6722265	1
2950302	2948790	1
9658180	9658177	1
4267274	4418512	1
7151739	7151686	2
4723231	4723289	1
1136828	1137386	1
8753598	8753597	1
6865897	6869210	1
9658955	9658958	1
2835733	2835776	1
1612527	1612528	1
6792362	6793056	1
10204362	10204315	1
10325939	10324303	1
9599330	9602258	1
5743460	5743459	1
12452618	12452635	1
8167010	8167020	1
6117412	6118727	1
12434276	12445198	1
3829714	3829609	1
623025	622987	1
12751424	12751518	1
7961685	7961686	2
1282450	1282449	1
6028890	6028808	2
7588074	7588088	1
7688503	7688506	1
5675433	5675416	1
12173705	3410691	1
11436556	11436555	1
4137016	4137015	1
9589015	9589016	1
5945525	5947228	1
10168943	10176270	1
9423166	9423814	1
754829	755090	1
7204157	7204604	1
9081874	9081246	1
11149461	11149462	1
11414884	11414816	1
9517987	9518163	1
6312624	6312623	1
1593565	1593566	1
1768387	1768388	2
5488402	5488404	1
9416091	9417278	1
2835731	2835732	1
1705347	1705348	1
7471555	7471525	1
595797	595798	1
11102994	11163917	1
6154266	6154265	1
11901139	11901149	1
10090268	10090279	1
11461656	11461650	1
8084060	8084057	1
443371	445734	1
6156824	6156827	1
5005047	5003539	1
2322122	2322108	1
9174617	9174802	1
6750441	1554049	1
5590201	5590202	1
11588796	11588795	2
12799898	12799897	1
8767216	8767215	1
7031734	7037036	1
10333756	10333787	1
6518048	6518047	1
10155753	10155756	1
12625003	12618315	1
5056914	5056884	1
10719588	10719341	1
9658180	9658175	1
9592071	9534471	1
7963742	7968487	1
9047474	9047464	1
118011	118012	1
7767591	7767592	1
901707	901708	1
1086747	1086692	1
12752623	12752445	1
2937288	2937285	1
11554415	11554416	1
1235630	1235629	2
5903067	5893493	1
6154889	5864341	1
1075753	10884939	1
9817862	9817861	1
6123824	6123821	1
11991231	11991232	1
214935	214933	2
9744553	9744554	1
1142911	1142912	1
5486851	5486767	1
4137014	4137009	1
5626059	5626060	1
9916083	9915437	1
10673576	10675707	1
11674138	11674359	1
10898101	10898104	1
1341702	1340520	2
7161933	7161934	1
11742357	11742358	2
5743458	5743457	1
5953683	5786871	1
11344022	11344019	1
11263321	11263343	1
5548300	5548297	2
2053111	2053093	1
11481326	11481943	1
5523221	5523222	1
6271834	6272863	1
7323708	7323703	1
2880756	2880755	1
9347948	9347974	1
8407334	8407138	1
11742357	11742360	1
8858711	8858712	1
9422463	9422464	1
4230515	4230516	1
8293573	8293574	1
4075998	10564542	1
2957524	2957523	1
8107333	8107359	1
1233774	1235635	1
8696656	8696655	1
9239428	9239427	1
8020607	8020608	1
2935316	2935315	1
7843620	7843619	2
4476446	4476443	1
5490061	5490062	2
11534879	11534971	1
12392603	12392604	1
759336	759926	1
302964	302963	1
1982140	1982139	1
8339328	8340469	1
10167815	10167816	1
1076053	1076054	1
6983870	6978698	1
12386632	12385994	1
5269812	5269809	1
787997	787848	1
4445690	4445689	1
10998764	10998763	1
8472626	8485977	1
5743456	5743453	3
3260609	3260602	1
1484323	1479582	1
12039790	12039775	1
3233323	3233324	1
6280162	6280161	1
105261	105262	2
929086	819895	1
11141892	11141891	1
669369	669373	1
354331	354334	1
2136327	2136328	1
1221093	1202558	3
8419009	8419014	1
3362533	3362534	1
12686289	12686292	1
4001770	4001817	1
5354399	5354413	1
10122384	9841606	1
3305701	3305702	1
4615431	4615432	1
4514133	4630166	1
273315	273464	2
10894929	10877059	1
5012472	5012471	2
2553480	2553479	1
8400005	8400114	1
3278889	3278863	1
11264125	11264126	1
799334	799333	1
8385348	8387213	1
1089350	1088568	1
1711491	1711555	1
5898762	5898759	1
7081634	7081631	1
5826904	5826907	1
3934139	3934140	2
258396	258395	1
3423101	3423102	1
8909504	8909503	1
11742359	11742360	1
3194165	3194146	1
12370049	12370050	1
9308519	9308520	1
6003063	6002900	1
3304799	3304802	2
12401947	12401948	1
12482580	12482579	1
256608	256607	1
7831889	7831890	1
5011448	5012475	2
4401566	4401565	1
5545899	5544128	1
510784	510781	1
3218702	3218714	1
4957249	4957326	1
6571935	6571936	1
3864498	3864497	1
10542493	10542420	2
2437232	2437231	1
12463995	12463993	1
6593894	6593857	1
1107889	1107799	1
7607271	7607272	2
9385458	9384702	1
7481200	7480676	1
7943081	7943082	1
8552892	8552891	1
9395349	9395352	1
9089983	9089984	2
12435949	12435950	1
1566186	1566185	1
8727422	8715005	1
6691464	6688424	1
9052764	9052763	1
10329027	10329028	1
170100	170301	1
2194643	2194644	2
11877467	11877470	1
1237740	1237802	1
1868563	9884311	2
2639200	2642720	1
223278	223277	1
11198277	11198267	1
11932636	11932572	1
8507372	8507371	2
10761232	10761231	1
9426818	9426817	1
10911266	10911265	2
5130804	5130794	1
6952402	6952401	1
2589578	2592288	1
7745137	7745138	1
10368038	10368037	1
9000760	9107009	1
7505397	7507309	1
11603838	11604157	1
1486520	1486517	1
9253622	9253628	1
6160326	12436844	3
8528400	8528399	1
6510079	6510080	1
5639748	5639747	1
3798138	3797131	1
2168204	2168203	1
5467781	5467280	1
8582527	8582528	1
6209530	6209529	1
9467935	9467936	1
5995831	5995834	1
7623526	7616607	2
4270950	10216697	1
12441291	8976724	1
1621674	1621673	1
4009794	4009793	1
1750709	1750710	1
8437881	8437898	1
11830737	11830740	1
11930435	11925128	1
8849231	8849232	1
2572230	2572229	1
9714434	9714431	1
764761	854607	1
2944147	2944148	1
5578819	5578820	1
510794	510791	1
4348838	4348837	1
5463513	5461530	1
8052908	8052907	1
2247663	2247664	3
4987374	4987373	1
5446078	5447129	1
1160254	1160253	1
1520690	1489318	1
4418513	4418514	1
2890168	2890167	1
11413643	11413644	1
8879336	8838246	1
2197999	10754327	1
7051956	7075855	1
1877714	1876637	1
9020967	9020968	1
11428309	11428310	1
6536133	6536134	1
3867562	3867559	2
5709262	5709261	1
10924682	10924681	1
10793687	10793586	1
11554562	11554561	1
2944145	2944146	1
3232306	3232305	1
1982138	1982137	1
6654309	6654310	1
6528281	6528282	1
4994981	4994982	1
11053303	11053329	1
6786029	6786030	1
6154253	6154267	1
4088682	4088677	1
11254784	11254783	1
5762976	5762973	1
12772952	12772989	1
4033981	3646692	1
5442846	5385062	1
6965175	6965176	1
9695568	9695579	1
3934047	3934048	1
1877716	1877715	1
2878980	2878976	1
170102	170101	2
2609598	2609597	1
8170085	8170086	1
3315682	3315681	1
1768362	1768386	2
10534628	10533418	1
5450941	5450942	1
6869211	6869212	1
8171448	8171447	1
11337304	11338878	1
7902419	1567711	1
8034911	8034916	1
12466327	12466811	1
5641521	5641525	1
6498118	6498117	1
4743544	4804109	1
7579495	7579496	2
1400488	1400487	1
8256593	8256534	1
11742351	11742354	3
4853388	9376188	1
9264042	9263986	2
2617739	2615881	1
1144183	1144184	2
8665355	8665356	1
6078780	6078779	1
9688314	9688313	1
2428475	2428442	1
485323	485324	1
2198953	2471251	1
2136614	2136326	1
8106883	8106886	1
11532822	11532819	1
6533012	6533011	1
7737311	1115582	1
7377171	7377172	1
8579489	10749058	1
6738611	6738612	1
2481969	2482035	1
8198105	8198106	1
12414801	12414802	1
114392	114391	1
6600645	6600646	1
2360038	2360037	2
7591351	7591352	1
2752676	2752424	1
8070674	8070757	1
9119950	9119949	1
1879903	1879904	1
5737824	5737828	1
11288431	11288432	1
2818640	2818637	1
2014426	2014425	1
7395910	7395909	1
10911264	10911618	2
6617301	6617302	1
6186467	6185846	1
37783	37784	2
1834448	1834447	2
7712279	7712280	1
6812294	6812293	1
11851857	11851858	1
7827854	7827851	1
4567251	4567248	1
2848281	2848288	1
3189893	3191665	1
3249656	3249655	1
7458897	7458898	1
11851652	11851651	1
980321	980322	1
11782618	11782968	1
7728832	7728831	1
356263	356264	1
6637315	6637316	1
9793775	9793776	1
365319	5581835	1
6739551	6739468	2
4316881	4316882	1
3999073	3999074	1
11554564	11554563	1
11943110	11944286	1
8515603	8515604	1
5048802	5048391	1
6387024	6398283	1
8329606	8341409	1
7704215	7704216	1
5753157	5923971	1
5389485	5389486	1
6631235	6631236	1
7828329	7828330	1
11356498	11357702	1
2818642	2818641	1
4272593	4269466	1
11269474	11268149	1
4567731	4567721	1
6093943	6095274	1
8848113	8847795	1
11832735	11832701	1
10983579	10983459	1
1486518	1486517	1
11824295	11824254	3
3986635	3989187	1
2194645	2194646	2
987453	987214	1
5467303	5467304	1
2669197	2669114	1
8167436	8167435	1
6865906	6868336	1
3204785	3204854	1
3621556	3621553	1
3342784	3342783	1
5894254	5894253	1
5215743	5215744	1
12016985	12016986	1
2778881	2778859	2
9494854	9494853	1
8882219	8882220	1
8399207	8399020	1
6089031	6089032	1
1163955	1163956	1
42803	42804	1
8735718	8735717	1
8578363	8578364	1
2282340	2282339	1
9430736	9707923	1
484431	484432	3
1105515	1105518	1
6580040	6580039	1
10465737	10465696	1
566530	566484	1
10048001	10044270	1
8582195	11620089	1
12519821	12519822	1
5940084	5940083	1
419380	419379	1
6538567	6539165	1
10564196	10564195	1
1658578	1658577	1
10229417	10228932	1
8728051	8728052	1
3542710	3542977	1
9231497	9231498	1
3954415	3954416	1
9587227	9529864	1
783362	781883	2
11604199	11604200	1
12460565	12460566	1
1282970	1282967	1
6117414	6118727	1
5999099	5999100	2
8727424	8727423	1
3940017	3940018	1
9173828	9173981	1
3065174	3065173	1
213241	213242	1
10657756	162459	1
11768824	11772023	1
6089033	6089034	1
11555468	11555467	1
11351280	11351279	1
1153319	1153320	1
2752671	2752672	1
2361176	2361173	1
4495837	4496156	1
9174803	9174806	1
4607604	4604018	1
2790136	2790135	2
