fend1	fend2	count
11918567	11918568	4
8769607	8769608	4
8953484	8947452	2
11439109	11439093	1
3271037	3271038	1
8578254	8578253	2
7306762	7306761	1
6135942	6135941	2
3987768	3987763	1
11477211	11477212	3
10444154	10442871	1
10260393	10238139	1
12644337	12648027	1
7838843	7838844	1
7707923	7707924	2
1504388	1504387	1
11672958	11672957	1
7012276	7012275	2
6553756	6778253	1
10404095	10404096	1
8710986	8710995	3
10122548	10122547	1
7811805	7925295	2
9972061	9928753	1
12784813	12783511	1
11186226	11186225	1
6542669	6542670	1
10869097	10869551	1
5491821	11627267	1
589278	589277	1
10637135	10442064	1
1456687	1456688	1
2194786	2194780	1
7669839	7671452	1
8006910	8006924	1
4366357	4366465	1
6024319	6024837	1
9889484	9893824	1
8777160	8777159	1
1801406	1801403	1
10121017	10121018	1
3862339	3864818	2
7125282	7125281	1
6069418	6070254	3
3291280	6514873	1
3250151	586007	1
6177328	6177327	1
10982071	10982072	2
11592506	11590325	1
6309023	6309024	2
11341780	11341779	1
9438791	9438792	1
3394651	3394654	1
10576288	10576287	1
6972751	6972752	1
275350	275349	1
10269240	10290781	1
9313958	9313957	1
7452049	7452050	3
1187387	1187388	1
3298168	3298167	2
12744714	12744722	1
9311051	9311052	2
5054016	5054985	1
11023836	10998166	1
7682518	7683042	1
1771342	1771341	1
3127645	3127646	1
1643579	9148218	1
10046385	10046386	1
8308169	8308170	1
12769671	12769826	1
7406766	7406765	1
8494385	8407082	1
862301	862313	1
9724264	9724353	1
7982414	7982413	1
1403889	1403890	1
9089069	9158596	1
8800105	8708289	1
4558417	4558418	2
1874574	1874530	2
8308349	8308284	2
12752959	12752965	1
11597420	11597419	3
6707563	6707564	1
11104658	11104657	2
9648124	9648480	1
11721480	11721461	3
9068083	9068084	1
4059577	4058974	3
962777	962778	2
7348451	7042738	3
5101246	5193799	1
11799078	11799082	1
9349948	9349941	1
2082703	2082704	1
5179622	5179621	1
12337940	12337903	1
435980	435979	1
4744742	4744693	1
5351642	5351631	1
6361450	6353004	1
4704879	4704880	1
10081290	10081289	3
12174326	12174325	1
2221124	2221121	2
8302301	8473861	1
2876296	2876295	2
6000468	4551700	1
12052558	12052586	3
8712871	8712891	2
6004313	6004234	2
9633462	9633461	2
1692557	1692526	1
11822647	11805069	4
12758673	12676450	1
127104	127103	1
5654918	5654917	1
9303710	9303707	1
3198900	3198899	2
9159034	9159107	1
6101817	6101818	1
4034698	4034697	1
6556282	6556279	2
2924414	2924413	2
9860894	10017936	1
146874	146871	1
8075114	5648382	1
7524360	7513816	1
7225825	7225839	1
2395014	2395013	2
2896904	3538660	1
1417163	1417166	1
2445140	2445123	1
6186394	6186375	1
11526818	11526815	1
8340827	8340828	1
9832845	4925469	1
9695466	9541987	1
1900848	1900847	2
2388227	2388228	2
7849611	7849612	1
7463583	7463589	2
9706269	9706270	1
7254681	7254684	4
6293084	6293105	1
11312486	11313945	1
3966150	3966244	4
3699458	3697723	1
11988722	11988721	1
1771344	1771343	2
1094389	1094390	1
11541678	11540348	1
9806838	9806837	1
8745613	8745614	2
11777131	11777132	2
1456699	1456686	1
8022906	8022903	1
723623	723591	1
3300838	6750354	1
8647992	8633905	3
3971604	3971633	2
4867102	4867101	4
3831616	3876464	2
10909040	10933234	1
663550	663549	1
9425269	9425270	2
7929913	7929914	2
2783818	2704837	2
2201229	2201195	3
9495686	9495683	4
12188030	12188014	1
7858856	7858855	2
1616291	1616292	2
7568031	7568032	1
1112817	1112723	2
5703627	5703628	1
6446188	6446187	2
11791556	11791588	2
7154967	7155215	2
3336343	3336319	1
12132470	12132469	2
6313078	6313077	1
8647046	8647040	2
5651572	5651571	1
4155943	4158421	1
11446078	11446077	1
6034181	6034982	1
4308932	11387485	1
6250874	6284363	2
2094994	2104012	1
418451	418452	2
345699	345659	1
3613844	3613854	5
6464089	6464891	1
5359313	5359314	1
12045997	12045998	1
5334197	5582128	1
4095400	4008204	2
1059360	1059241	2
4379399	4379410	1
4489865	4489866	1
7873857	7873858	4
11206775	11206776	1
2172558	2172557	3
12189563	12189564	1
3450625	3504931	1
4674269	4674270	1
736854	736965	1
12174324	12174323	2
4265235	4265236	1
891284	892370	1
10669777	10669342	1
136504	87160	1
312231	312232	1
11748636	11840102	1
2582373	2291803	2
1473226	1473225	1
4611664	4611663	1
10235705	10235793	2
4818558	4818557	2
11108439	11108355	1
1193521	1023675	2
10299474	10299467	2
8225261	8225262	3
8084477	9911868	1
1147401	1147402	1
7378981	7378985	3
10636205	10634541	1
504794	504793	1
5565855	5494616	1
10869320	10869319	3
6556729	6556730	2
11448749	11736963	2
3604084	3418615	2
7453069	6313884	1
12436485	12436486	1
8358424	8381844	1
10180841	10180912	1
5025172	5025186	1
8423671	8423672	2
8638745	8638193	1
11016597	11016598	2
796491	749510	1
10358333	10358334	1
9019281	9019282	1
10259977	10259978	2
3939078	3994717	1
1023674	1197419	2
6541895	6541896	1
1368425	1368426	2
8603851	8603799	1
4027409	4077075	1
7755972	7755971	4
8560842	8560841	1
5333467	5334017	2
2886409	6517132	1
6756851	6756871	1
4402338	4402337	2
7591484	7591483	1
11918573	3975482	1
6744875	6757776	1
1159019	1165603	1
7104552	7104551	1
2841477	2841478	1
8816585	8989325	2
10220936	10116328	4
2645328	2645327	1
3909040	3909039	1
11105205	4256797	1
1840119	1840128	1
10493003	10493004	3
11748111	11748114	1
4079819	4079725	5
4428154	4408463	1
7697796	2445586	1
10115188	10115197	2
11792647	11792648	3
6776256	6776255	3
12158482	12158485	1
5164150	5526466	2
10133044	10133043	1
12813505	12813506	1
801748	801747	2
1137430	966005	1
8824977	8824978	1
9164597	9164600	1
8238511	8241961	1
8179062	8165021	2
4789927	4790305	2
7104554	7104553	1
7935885	7935498	1
3447244	5294088	1
6412513	6412503	1
8867081	8867082	2
5622563	5677794	2
6309597	6309598	3
6037326	6038317	1
399633	399634	2
3828889	3828890	1
7100456	7100455	1
1137426	966005	2
7175532	7175531	1
11079823	11079824	1
4403567	4403568	1
7796560	7796559	2
11412689	11412690	3
10130631	10130632	2
8223697	8223726	1
12013727	12013701	1
5739226	12424421	1
8188363	8188364	2
5130053	5130054	1
10906042	10906041	1
6743072	6743071	1
3216457	3216477	4
8173792	8173791	1
1396561	1479871	1
11879793	11879794	3
1999107	1999081	1
1049224	4673140	1
11752921	11752922	2
370281	370282	1
4062460	4062459	2
8578699	8578255	2
4155968	4155965	1
1778081	1778082	1
9818818	9818817	1
9505479	9505480	1
4410489	4410490	1
5668494	5668468	1
3969955	3969956	1
10620651	10613483	1
6117641	6117642	1
9753537	9640767	2
5280563	5280564	1
8099159	5720433	3
11585834	11585833	2
7960501	7960502	3
12571375	12571378	1
1999111	1999081	1
12317102	12317101	1
9890980	9895891	1
6799318	6799441	1
210734	210772	1
3503672	3503671	1
12393502	11782148	1
11181422	11181131	5
4495607	4775232	1
3099631	3099632	1
11275829	11275830	2
12424422	12424421	4
4487679	4487680	2
616148	616147	2
8171740	8171739	4
156765	155552	1
1538658	1728674	1
3866752	3866996	2
3971594	3971591	1
9001535	9001536	1
6179834	6179783	1
7054407	7042277	1
11622063	7089674	1
8207183	8207306	1
7158732	7158727	1
11787443	11788252	2
1825218	1825217	5
2162364	2164955	2
594406	594415	1
1999708	1999395	2
5310777	5176825	2
8087556	8087555	1
9079210	9071053	1
2233187	2233185	1
10259979	10259980	2
8068830	8071018	1
2081860	2081859	3
7998824	7985421	2
3159057	3159079	1
9608937	9608898	1
1892786	1885112	2
9023431	9023432	1
312375	312230	2
2831537	6516991	4
2609429	2610174	1
6882329	6880971	3
5197507	5197508	1
7180730	7180727	1
2003897	1992336	1
2772598	2772597	1
4265207	4264628	4
8502044	8050413	1
11450066	11450065	2
3622065	3622066	2
21455	21487	1
6714111	6714112	1
6977195	6978917	1
12248676	12277826	2
6721053	6721104	2
8781718	8781713	1
4775655	4775656	2
5199935	4947887	2
4783619	4783620	3
8043086	8043122	2
2736159	2716964	1
304185	304186	2
11820219	11820220	3
1593439	1592879	1
2103040	2224585	1
10318343	10318344	1
10668364	10668361	1
6057524	6068079	1
3909042	3909041	1
1460548	1460704	1
8651163	8651166	1
3164631	3051798	1
2863854	2863853	3
11997424	11992278	1
9698865	9705942	1
7777642	7777641	2
4678651	4676001	1
9953804	10027045	1
11510323	11510324	2
3965891	3823379	1
5243703	5243704	1
7777671	7777672	1
3311930	3311929	1
4242225	4631344	1
3532133	3532220	3
5349003	5349004	2
1086712	1086697	1
645126	645125	1
1314524	1314521	1
5219665	5243702	1
6145813	6145814	1
5101461	5101504	1
3292622	3292619	2
9164585	9164586	2
3986601	3986602	1
4116320	4116317	1
1929565	1929566	2
9019270	9019267	1
9162104	9162103	4
10257486	10257485	2
10601165	10601161	1
3127647	3127694	1
6290353	6289950	3
8033195	8034199	2
10062396	10084945	3
5725630	5725629	1
7053696	7053647	1
3110537	3595713	3
1054609	1054610	2
6874588	6875429	1
10127820	10223220	2
12777152	12777157	1
9191804	9191803	2
9325208	9325201	1
4021485	4021488	1
1095556	1095555	2
11737152	11737245	1
11271462	11271461	1
8449192	8449191	1
10899989	10899990	3
4461736	4234709	2
12635449	3791269	1
193052	192895	1
12642033	2403259	1
5371213	5371214	1
9727177	9707077	1
10747073	10747061	2
11912992	11912789	1
3143975	3143976	1
12053282	12053281	1
12815066	12815065	1
8626444	8626354	1
9392721	9392909	1
6497877	6497878	1
11242370	11381690	1
9877444	9877447	1
1415653	1415654	2
12771165	12771166	2
5606258	5602034	6
5143295	5143340	2
641766	641763	2
9916987	8149955	3
5407522	5407521	4
1524347	1524348	1
3926556	7454099	1
10962014	10962011	1
1331013	1322368	1
12381635	12388441	1
7061644	7061643	2
12052587	12029425	1
685447	418450	2
4558889	4558890	1
1204528	1204527	3
10920316	1426507	1
675834	675879	2
8205607	8205608	1
3244999	3245228	2
9477032	9477031	1
11750402	11750373	2
11550168	11550167	1
6659911	6659912	1
879878	879877	2
4859185	4868351	3
9941473	9936332	1
6149757	6149758	1
399633	399636	2
7728757	7581712	1
4188970	4134802	1
1995447	1995441	1
12466303	10388654	1
7381437	7381438	2
10698414	10698411	1
8806419	8809251	4
4149431	4140478	1
6283969	6283970	2
5676376	5676375	2
6313076	6313075	3
6395607	6395600	2
4423466	4423465	3
4831980	4832177	1
4956790	4956789	1
11586576	11586575	1
1138093	1704819	1
12436113	12161985	2
12227490	12227170	1
8654398	8654503	3
5566055	5566056	1
9476732	8650293	1
5565855	5565856	3
10544616	10544613	1
1223354	12157604	1
2243039	2243040	2
4523752	4523751	1
3269576	3269575	2
7381939	7381940	2
6173338	6173340	4
657620	657619	1
4604080	4609010	1
4852995	4852996	1
12394113	12394116	1
10076803	10076855	5
10297681	10297682	2
2560011	2560012	4
1653426	1777140	1
11695832	11696135	1
4255070	4255069	2
3987768	3987761	1
11163672	11163671	2
3106812	3106803	2
4402340	4402337	1
8745841	8745716	2
10265466	10265465	1
2607111	2595133	1
5615475	5625503	1
11338114	11462004	1
1607975	1616758	2
10498475	10689157	2
6800369	6800130	1
641764	641763	1
9453707	7810831	2
8965591	8965531	4
11275831	11275603	1
3070320	3070317	2
2483939	6101247	1
5321795	5321796	4
2716317	2716318	1
3203967	3203968	1
9275140	9256730	1
1155156	1155155	1
654146	654145	1
8560844	8560841	1
4770171	4770172	2
2598683	2598686	1
11871678	11871675	2
2072439	2072444	2
11580976	11580975	4
12206469	12206470	1
10331709	10331710	1
2403272	2403262	1
12391975	12391976	3
7337566	7337565	2
5181787	5181788	2
1783030	1785943	3
5183144	5183143	2
3941148	3941105	1
3479808	3199563	1
11723282	11723281	1
8756125	8755967	1
5862052	5861647	1
6196695	6196716	2
4805246	7244098	2
10268948	10268945	1
11701676	11701671	1
3269576	3269573	1
6653596	6654585	1
2471706	2471705	2
4508769	4508790	2
11918571	11918572	1
11232994	11236679	1
7922895	7922896	1
5424558	5424557	3
3239266	3239269	2
5995690	5995976	2
7808917	7808895	1
7606829	7606830	1
8581227	8581247	1
1067038	1067040	1
8608845	8608846	1
2084670	2167938	1
6268685	6268688	1
7677004	7677003	1
2268647	2268569	2
3045122	3045121	1
8195965	8195966	2
6772216	6772215	1
8924883	8924884	2
4374498	4387959	1
9387476	9387473	1
8818693	8821133	4
6172489	6172490	2
2592998	2592997	3
9746534	9746513	3
4288449	4288450	1
7394010	10755971	1
10262311	10262312	1
5233042	5233041	1
8289267	8289276	1
18517	9948398	1
9733078	9733073	1
3748048	3748072	1
12038466	12038465	2
7317701	7317235	6
12688913	12688914	1
7435026	3949400	1
9146744	9146741	1
12425295	12425245	1
10619001	10619002	3
8748893	8748894	1
5883584	10361627	1
7575685	7575538	3
9875942	9875864	1
6590328	6590777	1
343543	343546	1
9379911	9379912	3
2786393	2786394	2
5359521	5360424	1
4816292	4823341	1
5605729	5605730	2
8365064	8247947	1
3874499	3874500	1
9325208	9325207	1
10863153	10863154	1
8214266	8214265	4
4005047	4004430	1
4629151	4629154	1
7868985	7868986	4
3870312	3870311	1
8455754	8455753	1
5903104	5903103	1
8745611	8745612	1
8334865	8334810	1
10652331	10652332	1
2162367	2162368	2
3703066	3703065	1
4917403	4917385	2
9023427	9023430	2
12394469	12394470	1
3564609	3564610	1
5230371	5303004	1
9785026	9785062	1
11672892	11672862	1
7487118	7487115	1
4583249	4583250	1
8225259	8225260	4
6053168	6053167	1
11526818	11526817	3
1845036	1894996	1
9493244	9493241	1
2665064	2664989	2
4118513	4118514	1
7272912	7333382	1
10156722	3935065	1
3473	3627	1
10357980	10357983	1
5439397	5439400	2
8176767	8301595	1
2231733	2231734	1
2688887	2688888	2
388685	388688	4
5152570	5152569	2
3825170	3825169	1
11284602	11279084	1
6189961	6190505	1
1502938	1499110	2
10644654	10644653	1
11469348	11469347	2
3680143	3680144	3
1845553	2069178	1
11243055	11242874	1
11451688	11453994	1
892394	892393	1
6326578	6512844	1
1358242	1358241	2
11790025	11790026	1
12635449	12635452	1
10278807	10278808	3
11237388	11449477	1
11211662	11211659	2
67325	67326	1
5435694	5435693	1
10369023	10371713	3
7239888	7239973	2
2432092	2356270	1
2177506	2172449	2
4581900	4581951	1
5568399	5568392	1
3394651	3394652	1
766476	766475	1
1480947	1480948	3
9085161	9003832	1
505747	173750	1
2268982	2269367	1
6314218	3230645	1
10362660	10362725	1
9099587	9099588	1
11385109	7099475	1
12541916	12541915	1
9146742	9146741	2
2072443	2072444	3
12478927	12478930	1
367324	231810	3
3831618	3876464	1
1670487	1670488	1
11799079	11799107	3
10401224	10401227	1
11792644	11792643	1
5006080	5006067	1
11654086	11654085	2
9663662	9663661	2
5494001	5334249	1
12512260	12512259	1
2038097	2179702	1
10764620	10764619	3
10453354	10454501	1
3376491	3376492	3
6179835	6179895	2
6728723	6728724	2
4022113	4022114	3
11390593	11390594	1
10883747	10883748	2
4107512	11154238	1
2161507	2161508	1
11750427	11750428	2
12593318	874663	3
2992798	2992797	2
11753189	6977799	2
7771215	7770763	2
1383035	1444772	1
5396461	5415541	1
9525806	9068082	2
4903617	4903620	1
12782207	12782210	2
11869145	11869167	1
7631354	7631449	1
1531821	1585902	1
10325785	10325786	1
5725630	5725627	2
706730	706725	1
3019643	3019644	2
641766	641765	2
8802083	8802084	1
3191263	3056723	1
10698412	10698411	2
9924007	9924003	3
10333943	10333944	2
12368753	12234950	2
1900930	1901018	6
2084830	1846013	1
245652	245682	1
6854538	6854537	2
5231559	5232022	1
2947996	2998780	1
12457842	12457841	1
12652212	12652209	1
2172556	2172555	3
6685992	6685991	1
9695952	9695951	1
11654098	11654097	3
10872988	10872987	2
1707075	1707076	1
12400394	12400393	1
10595632	10496428	1
2007363	2007364	2
6442355	6442356	1
3103365	3103366	3
9908645	9908646	1
11578032	11562275	1
2613923	7578225	2
7482355	7482365	1
1307067	1307068	1
12565275	12568646	1
7907808	7907807	4
7107565	7107570	2
357842	7940830	1
4155968	4155963	1
7745822	7745821	1
4643914	4643346	1
1449947	1450423	1
6770346	6770345	1
11394415	11394416	1
3132656	3133073	1
9019281	9034923	1
2411758	2411757	1
12447940	12443614	1
943623	943008	2
4336754	4336751	1
11903651	11903524	1
1739493	1657510	1
5280875	5280876	2
12667225	12667226	2
1584748	1584808	2
2835822	2835819	2
9591646	9524421	1
5234021	5234024	1
11752919	11752920	4
5642305	5641567	1
11799081	11799082	1
7919424	7916796	2
2493396	2356871	1
5086860	5089494	1
6884421	6884480	1
9925040	9925039	1
4775306	4775303	1
2869012	2869011	1
12307199	12307200	3
2432929	2432930	2
7149682	7149752	1
7682518	7683044	1
7639041	7638966	1
9563964	9564186	1
10789479	10789480	1
11386001	11386002	1
10314143	10314144	1
11049987	11049988	1
5643452	5643451	3
5016807	11230404	1
4469259	4469249	1
991547	991548	1
1538486	1538396	1
9235382	9264822	1
4576613	4576614	2
12674716	12674740	1
11429389	11429390	1
10667321	10667308	1
3416019	3416022	3
5412486	5310213	1
5533235	5533236	2
7446379	7446382	1
8706910	8737524	1
9162106	9162105	6
10893608	10887383	1
12283366	12283363	1
7553874	7553873	1
7983348	7839194	1
274916	480462	2
1801402	1801407	2
2357320	2357362	1
763873	763874	3
8848338	8848337	4
559299	559386	1
1143321	1143326	1
365229	365237	1
3813597	4007808	2
10139302	10139306	1
4614159	12312476	3
3363449	3363450	1
8747545	8761846	1
7915650	7915649	1
5596601	5596602	2
3832081	3832084	1
10031630	10031629	4
7183069	7181864	1
3660688	3660687	1
2219424	2219412	1
11974416	11974440	2
7982412	7982411	1
947678	947677	2
10668917	10668918	2
451714	444519	2
7446460	6743048	1
10923295	10923296	2
5550193	5550206	2
6016417	6016418	3
4286844	4286843	1
3654263	3654264	1
1831206	1831092	1
9677254	9762351	1
5706108	5706445	1
11387201	11387202	1
3503424	3503423	1
8867074	8867080	1
7247825	7247797	1
11360173	11299611	1
2660357	2660360	1
655693	655694	3
5940497	5940194	2
1251197	1251198	2
8733787	8733638	1
8060036	8060035	2
9023427	9023428	2
9871965	9871966	3
9726532	9726531	2
9871382	9871398	2
4100360	10754816	1
380682	380681	3
8031568	8031567	3
7902115	7902116	1
8394032	8394084	1
1189491	1189492	1
9157142	9157141	2
1617305	1617308	1
1101013	1100954	2
4656828	4656827	2
6695160	67324	1
10020782	10020781	1
140776	140775	3
5725618	5725617	2
2239214	2240138	1
3462010	8038373	1
9877446	9877445	1
7759630	7759629	1
9282233	9289012	1
8179212	8166304	3
4722850	4722849	1
11575857	11575858	1
5002884	5002883	1
8814798	8814797	2
3668771	3668772	1
3213675	4161423	1
3689827	3689828	1
7396489	7398472	1
627515	701010	1
4752005	4752008	1
7777671	7777674	1
213819	213862	1
10921082	10921081	1
7201813	7201817	6
9632223	9632224	1
8760574	8760558	5
12045995	12045996	1
7991394	7991393	1
5815446	5903103	1
10253601	10253611	1
6474186	6474185	2
10243474	10115758	1
9790300	9790299	1
12283254	12283253	2
8388393	8388394	4
9711091	9711092	2
6608186	6462928	3
12155572	12155571	1
7401007	7400816	1
5235484	5232585	3
8653391	8675652	1
3638254	3638272	2
8402842	8402841	1
1857653	1857658	1
9019268	9034509	1
2676161	2670416	2
12779444	12779443	1
10521776	3818280	1
2216235	2216226	2
9391083	9391086	2
2863860	2863855	1
4775615	4775616	2
4027407	4077075	2
10689507	10689508	1
5478451	5482877	3
5909864	5909838	1
12129321	12129322	2
3280725	3280726	2
7309242	7309205	2
1633692	1633942	1
12723762	12478722	2
1789939	1789940	1
11395119	11395112	1
10217260	10264347	4
12204234	12203087	1
7022757	7022761	1
9337108	9337103	1
10746486	8415929	1
4350450	4350449	1
5045827	5045825	1
2372746	2372745	1
5597376	5597375	2
3498623	3503692	1
10594834	10594158	1
4284732	4341876	1
2780447	2780448	3
8251464	8195683	1
10123530	9871964	3
199110	199260	1
6155533	6155534	2
5958088	5958097	1
4688678	4688677	1
10482739	10483483	1
4260865	4253160	2
5560266	5560265	2
1251195	1251196	2
85258	85272	1
6321485	6321486	1
2616247	2616248	1
8025121	8025134	2
2873099	2873100	2
7567686	7567685	1
12246929	12140455	1
114816	100712	1
2231732	2242600	1
11040777	11040798	1
12391973	12391974	4
816668	816798	2
786597	786598	2
5555302	5555698	1
2372744	2372743	1
2800242	2800261	1
4749616	4679990	1
2179526	2179884	1
11549587	11407323	2
8292721	8292722	2
12657159	12657162	2
3499454	3499463	1
3320967	3320968	2
12750802	12750731	3
3866601	3866604	1
9479288	9479287	2
504796	504795	1
7915652	7915651	1
6309025	6309026	2
6675314	6675331	1
6353998	6353997	1
2392527	2392528	1
386291	386294	1
356622	356684	1
5829396	5839551	1
2636067	2636068	1
3736965	3736966	1
2357363	2357364	1
8399406	8399405	3
5424717	5424676	2
936855	888788	2
4425766	4496859	1
5552783	5472213	2
10110382	10122867	2
9875945	9875983	1
12807935	12807936	1
6412515	6412516	3
6065929	6065930	1
3457579	3457515	1
10061354	6554486	1
83863	83864	1
5407526	5407523	4
12559908	252027	1
4289062	4364012	2
2779293	2779295	1
11468890	10564350	1
10593	10594	1
9569491	9448175	1
8098674	5515499	3
10023775	10046272	2
7464463	7464464	3
7586678	7586715	2
4862898	4862901	1
824907	12230004	1
86476	8351134	1
1444773	1353094	1
9711089	9711090	5
11753247	11753258	2
6032149	6034927	1
3501618	3457372	2
7314718	7314717	1
1758996	1758955	1
3729353	3729258	1
6370995	6370557	1
8654398	8654505	2
11958071	11958123	1
1284004	1284003	1
6964481	6964482	2
8755964	8755963	1
6880862	6880859	1
5831325	5835319	1
1172171	1172172	1
11868811	11868814	1
1067865	1067850	1
6326578	6512842	1
8651167	8651168	1
12132468	12132460	3
12269085	12269086	1
9239100	9269969	1
447242	447241	3
1633665	1381241	2
3318883	3318884	2
7183069	7181862	2
11165189	11165190	1
12541529	12541530	4
2481891	2481896	1
11520796	11520793	2
5343545	5343546	4
11908062	11908061	1
8153333	8156418	1
3195239	3195231	2
9273204	9344792	2
6434742	6434794	1
1970585	1970534	1
3712641	3712645	1
10375716	10375868	2
3969957	3998565	1
11869143	11869144	1
3909042	3909039	2
5185086	5185085	1
9316372	9316376	1
6156115	6144895	1
10443791	10443794	1
10321455	11234775	1
694793	694794	1
11411345	11554507	1
12299858	12299855	1
155868	155883	1
3712418	3712473	1
10003545	10003533	1
274572	256790	3
10454500	10454499	1
12521071	12521072	1
7677002	7677001	1
5429076	5597377	2
10732005	10732006	5
11468760	11468759	1
8250763	8253339	1
4170941	4170942	1
11445478	11445471	1
1703617	1703618	2
10741325	646780	1
10030293	10030294	1
3277465	3276962	2
275352	275349	1
7994392	7994389	3
11341782	11341781	1
7832382	7451547	2
2736157	2736158	1
1617305	1617306	3
4156555	4156567	2
589280	589279	1
6398729	6398730	1
10008964	10008963	5
2211793	2232331	3
3696983	3696984	1
2084826	1846013	2
1801402	1801405	2
6686599	6686621	1
10710785	10710786	1
1605122	1605685	1
6468392	6468391	1
5606540	5606603	2
8219788	8219787	3
7377368	7378574	2
7548997	7548998	1
2542131	2542132	1
11412687	11412688	4
10402696	10402095	2
10425116	10425115	2
3638990	3638989	2
11750372	11750371	2
5379552	5379060	1
2663661	2663508	3
8354111	8333206	1
8558961	8558962	1
3320105	3033815	3
3258090	3254120	1
11805068	11805065	4
12625549	12625552	1
3813595	3813596	3
1778083	1778084	1
2309184	2309181	3
12001607	11998844	2
9771947	9767318	3
11181130	11181125	3
7323229	7416936	1
4254810	4442198	1
12394367	12394458	2
3357661	5536105	2
9980043	5116920	2
3057995	3079162	1
11681189	11681226	2
12782663	12782664	1
879876	879189	1
7891423	7894367	2
435794	435793	7
2894387	2892504	1
789001	789002	1
1904966	1904965	2
7453752	7453751	1
12477559	12477560	2
1982240	1982258	2
6072094	6072093	1
3783818	3783808	1
12158484	12169292	1
5511201	5373818	1
12477557	12477558	1
10503513	10503519	3
11676670	11676669	4
3733267	3733270	2
8745131	8745132	1
979108	996777	1
9303706	9303705	1
1477540	1477537	1
3830698	3830717	1
4033491	4033492	2
6520509	6520513	1
8086179	8066623	1
9019266	9034509	2
10755916	10755915	1
6686622	6686621	4
12528620	12528619	2
8792040	8792019	3
12744714	12744709	1
9243775	9243800	1
3298170	3298169	1
7452051	7452236	3
1227429	1227430	1
5899946	5899945	1
9827674	9827686	3
5875218	5875217	2
11762090	11762089	1
8730953	8731457	1
8833122	8833099	2
6192215	6191239	1
7828115	7828048	2
5716677	5716667	1
12422355	12422660	2
6043370	6043367	1
3390578	3390429	1
11604419	11603318	3
1463200	1463197	1
11925770	11925766	1
4708590	4708589	1
8160705	8167097	1
2491831	2491440	1
9521653	9521654	1
2535138	2535137	2
4879704	4879682	1
7244743	7394880	1
4481673	4481676	1
8156569	8156570	1
2357659	2357662	1
5041833	5041836	2
7342516	7342515	4
8004923	7963139	1
5841298	5842719	3
10238382	10238381	1
2423807	2105606	1
10950503	2829737	1
6593639	1358301	2
5821450	7935414	2
2726570	2726529	1
2216233	2216234	1
7470319	7470352	1
10170863	10170864	1
7042276	7042275	2
2958461	2901768	3
4981625	4981641	2
10465239	10465240	1
12788708	12788638	1
8719497	8719498	2
3702917	3702918	1
450782	450781	1
11594066	11605380	1
5223726	5223725	1
4588214	4716584	1
2219826	2219825	4
11632152	11632137	1
6259751	6259752	2
8295271	8295272	2
6044865	6044881	2
10146208	10146128	2
7625563	7625564	2
8529728	8529727	5
400295	400296	2
1048088	1048087	1
7168917	7389489	2
4413499	4775570	1
5706108	5706439	6
357842	7940832	1
10710787	10711227	1
3565179	3565180	1
10401890	10401889	1
11703210	11309416	1
5016805	5016806	1
1964640	1964549	1
11060532	11060531	1
1240940	1240939	2
1732125	1732128	1
3825168	3876891	1
7894792	7894791	2
388683	388684	3
6005493	6008763	1
10441984	10439562	2
11699400	11699399	1
3959258	3959076	1
11836478	11836477	2
9911246	9911418	1
1999107	1999108	1
11959095	11988727	1
9177686	9177685	2
516119	517220	1
4485216	4484973	1
12186737	12185228	1
3142879	3142880	2
7777673	7777674	1
10923293	10923294	3
4155962	4155959	2
445186	445185	1
8866183	8866216	1
2828736	2825839	1
2072439	2072442	4
435800	435795	1
5611062	1126790	2
7608522	7608521	1
8529728	8529723	1
5433099	2376667	1
7664112	7664085	2
1702679	1702563	3
4130324	4130323	1
1571508	1571276	1
1426567	1390029	1
2660357	2660358	1
6797249	6797281	2
11568400	11568225	2
7584792	7584791	2
3493423	3492739	1
646254	646257	1
10670249	10670201	1
10225179	10225183	1
9235393	9259524	1
7382882	7382881	1
6714133	6714134	2
6059446	6059445	1
2905638	2905363	1
7497403	7497370	1
2668268	2668265	1
11077917	10947781	1
2150136	2150619	3
5676371	5676372	1
5628446	5628445	2
12757478	12757477	1
2756929	2756930	1
3735440	3735439	3
11196359	11196360	2
1965524	1965521	1
10080424	10083403	1
6823287	6905567	2
7728596	7706832	1
448102	649883	2
7421793	7421807	1
3026356	3088222	1
2559985	2560010	1
12420374	12420373	1
3320104	3033907	1
7922895	7922693	1
2429972	2429906	1
10494807	10494808	1
2298573	2298574	4
11292642	11289545	1
4402340	4402339	2
12471894	12471891	1
248394	248393	1
4693129	4695678	1
7998893	7984140	1
1571277	1571278	1
5772091	5772092	1
2268643	2268644	3
6133009	6133010	1
11672890	11672862	1
12795439	12611629	2
1831208	1831207	2
7679501	7679502	1
1196965	1196966	2
11911376	11911381	1
605872	605869	1
10797826	10797825	2
10595021	7873663	1
990922	990921	4
10482710	10408745	1
3831618	3831617	3
6354000	6353995	2
4785562	6118256	1
4333634	4333633	1
1525705	1338676	2
8612724	8612723	1
4956041	4957252	1
7377892	7377373	2
8350407	8350961	3
7842794	7842972	1
4423464	4577094	2
1766322	7912768	1
10660922	10664620	1
4829599	4829709	1
5199935	11365470	1
3706629	3706632	1
7377196	7377194	2
5606376	7794001	1
4107519	4107520	1
4350450	4350447	1
7713693	7713694	1
12446936	12446933	3
11597422	11597419	2
11871676	11871675	2
3638992	3638989	1
9023429	9023430	1
11792804	11792803	2
5602572	5602571	2
7393786	7393785	3
372730	372721	1
5752984	5751150	3
6667519	6669645	1
1616293	1449562	2
5832247	5832250	1
12771167	12771168	2
6246720	6369623	1
1115830	1115829	1
2628935	2628975	2
7773009	7773010	3
4629151	4629152	1
1616145	1616146	2
11703808	11703779	1
12551258	12554650	2
1769865	1769866	2
6313343	6313344	2
6714627	660550	1
4482072	4482071	1
501569	501633	1
3159058	3159068	2
1932728	1944070	1
8033176	8033178	3
10278089	10278090	2
8450234	8450233	1
5596603	5596639	1
6243346	6243154	2
5188456	5188743	1
1865254	1865251	1
7222693	7222662	1
641335	641336	1
4629153	4629154	1
6082568	6082567	2
5360999	5361000	1
4260861	4260862	4
10962014	10962013	4
1905732	1882785	1
3733269	3733270	2
3160468	3160479	2
4475685	3213674	1
11294162	11271070	1
1926245	1926194	3
3107707	3107708	2
11139451	11139452	2
1430551	1430417	2
10288085	10288096	1
7719632	7719440	1
7244739	7244740	1
2785789	941302	1
1311040	1311039	2
11520798	11520793	1
10899987	10899988	1
6115572	6115571	1
2590478	2590472	1
9146744	9146743	4
10564928	10564925	1
11023834	10998166	1
8083067	8083068	2
10379614	10379613	1
2562317	2562318	1
2033934	2043376	4
7901230	7901229	1
435800	435793	2
3496348	3496347	1
2571689	2571690	1
6137673	12792406	1
3239586	5094967	1
6043366	6043357	1
7351248	7218224	2
3369480	3369479	4
7548993	7548994	2
11427925	11427930	1
7574334	7574071	2
3976471	3960637	2
7919280	7996450	1
8188476	10953965	1
9053582	9018582	4
2376359	10442522	1
10753419	10753420	1
12201306	12201305	1
7578197	2613926	1
9908152	9908644	3
332547	332548	1
10905865	10905866	2
7724084	7724081	2
10628100	10628099	1
4118210	4118209	1
7566018	7521795	1
3336343	3336321	8
2268984	2269367	1
4154876	4169989	1
2948986	2948690	1
7777771	7777772	1
6061598	6061666	1
870461	870462	1
3211823	3211824	2
5596601	5596637	1
10155983	10158645	1
3402379	3402410	1
5592700	5592699	1
1479872	1479871	1
5424477	5259830	3
8763333	8763336	1
9836461	10096044	2
5595877	5592701	1
11045318	11045317	2
3820945	3820946	2
6973661	6973664	1
140778	140777	2
4166281	4166282	2
1804321	1789936	1
4783468	4783308	1
9169173	9169174	2
12625229	12625230	1
8183728	8201263	2
11618450	11618449	1
10624674	10628202	1
8651163	8651168	1
4217977	3291302	2
10921210	11185707	3
1331011	1331012	1
798230	707023	1
8501042	8501041	1
6321555	6321556	4
646781	10754814	1
2432927	2432928	2
9339179	9339180	1
3304549	3304550	1
11331309	11331532	2
9307723	9307659	2
5962706	5962705	1
7418328	7418334	1
1188509	9088402	2
9146744	9146739	1
9324355	9329303	4
2882063	2882055	3
1980272	1980271	2
8494398	8494384	1
9061677	9061678	2
8847682	8847681	1
7811805	7811806	4
3209626	3007169	5
3624775	3624745	1
2291169	2291152	1
11637569	11645979	3
6686599	6686623	2
9585147	9568815	1
2268645	2268569	1
10075705	10075706	1
9165855	9167221	1
4329394	4329319	1
7993928	7993925	2
5219665	5243704	1
7213146	7123176	1
191843	693630	1
9174178	3965744	1
6774478	6774477	1
10065522	10065521	3
4785563	4722851	2
6235181	6235182	1
7352145	7277092	3
4581902	4581901	1
7811809	7925295	1
2213273	2213276	2
8560896	8560847	3
10435691	10704820	1
11936093	11936094	1
11275829	11275603	1
3563536	3563535	2
11884358	11884357	2
10544616	10544615	1
528695	528717	2
4212847	4212848	1
1845037	1845030	1
8760576	8760575	4
5731724	5618453	3
1969608	2061143	2
4604318	4604317	2
6973661	6973662	2
9585416	9554465	4
12682190	12682195	1
8683595	8693021	1
6936044	6936043	1
6921359	6921360	2
99174	3462011	1
8905330	8905128	1
9019268	9019267	3
8432206	8432205	1
2813444	2813286	2
10504363	10504364	1
12318729	12318730	2
6632121	3103364	3
10494809	10690242	1
2665559	2665570	1
7692253	7692254	1
11772983	11772984	1
7873728	7873727	1
1328007	1328008	1
1749445	1738388	1
10023771	10023774	1
2284354	2283529	1
11832777	11832778	1
863048	12456471	3
3813595	4007808	2
3019643	3019646	1
7873859	7873860	3
4043911	4043912	2
2638641	2638642	2
12434332	12434331	1
6743072	6743069	1
6830762	6827658	3
5756159	5756145	1
1825232	1825231	3
6734432	6734429	2
11023836	11023835	1
11776455	11776414	1
10964370	10964369	1
9621220	9763339	2
5632338	5633174	2
12592407	12592408	1
917008	917007	1
7501738	7484418	1
8247946	7850088	1
1900879	1900849	2
4306313	4370677	3
1637475	1637384	2
6952270	6952267	1
2672991	2666520	1
4000272	4000491	2
2947996	2947995	3
6959944	11910421	1
1251195	1251198	1
2298575	2299280	3
4708592	4708591	1
11510323	11510326	1
2210277	2210285	3
10851774	10851773	2
440012	440005	1
11600990	11600989	3
1836866	1746636	1
7470916	7470915	1
12528618	12358922	2
9750311	9750312	4
11288303	11232911	1
12475897	12492988	2
7740472	7740471	1
9325206	9325201	1
5196204	5286530	1
1087412	1084140	1
6040372	6040401	2
8048645	8048646	1
10931333	10931338	1
10023771	10023772	2
1564131	1564132	1
7935373	7935374	1
8858804	3924780	1
6133884	6133883	1
12574127	12569729	1
479591	479446	1
3369482	3369479	1
10870404	10846778	1
10702333	10702334	1
11996338	11996382	3
6065931	6065932	1
11818324	11818336	1
9649411	9649415	1
376706	10082741	1
2936393	2936389	2
7074838	7074837	1
6640006	6640005	3
9293946	9293945	2
2467521	2467522	1
934004	934001	1
11600387	11600390	1
2960462	2960461	1
748555	748883	1
3249651	1291044	1
8022906	8022905	2
10159610	10210336	3
11996108	11965541	1
4559226	4559377	1
571440	813152	1
1395147	1395148	1
3522550	3565652	1
7929400	7929399	1
8867083	8867084	2
12225372	4621651	1
8022904	8022903	3
5359908	5354987	2
5762710	7606458	2
8488077	8488078	4
9506834	9506833	3
582948	916874	4
10998463	10998464	1
2382893	2484044	1
7522863	7522864	2
10245892	10245639	1
9949656	18516	1
8613828	8613825	2
12676451	12676452	1
5289116	5289115	1
7339882	7339881	4
3926558	3926557	1
490368	490367	2
245656	245655	2
1900879	1900847	1
11869166	11869165	1
5725342	5725341	2
4866940	4867105	2
1853700	1196966	1
11171176	11171173	1
400049	397723	2
5588795	5588582	1
6346758	6346677	1
6488392	6488404	1
3825170	3876891	1
4022637	4022515	2
9821784	9821783	1
333315	333316	1
8850661	7417723	1
8692592	8692591	1
7370419	7370422	2
407787	407788	2
3134921	3134924	3
2481897	2481898	1
10180911	10180912	2
6946955	6947016	4
7983871	7984129	1
2992796	2996180	2
11761396	11761393	1
4071758	4079859	1
2504459	2504451	1
12682190	12682193	2
5259796	5425736	1
9149255	9149256	1
1094040	1094039	1
9783071	9782506	2
5235080	5235189	1
4061018	3871624	1
12185060	12185059	1
1312072	1312071	1
6966686	6966505	2
5469180	5469179	1
4703053	4703740	1
4083491	4086216	1
3820215	3820216	1
6808441	6811777	1
3239268	3239267	1
7000048	7000037	2
9915452	9915342	2
2357320	2357364	1
11772976	11772999	2
8027	7959	2
10766535	10766461	2
8756125	8755963	1
11903649	11903650	1
2088202	7850730	1
1100955	1100956	4
7446336	190552	1
2559985	2559986	4
2869014	2869009	1
5642424	10129874	1
3635182	3679994	1
6555036	6686227	1
2869014	2869013	2
1396561	1479873	1
5020464	5201703	1
1381240	1381239	1
1713269	1713283	2
8389022	8389021	2
2175960	2175959	3
2268645	2268646	2
2119383	2108313	1
8153308	8153307	1
10510178	10510177	2
1165971	1368445	1
11111223	11056013	1
7170531	7198752	1
10510859	10629186	1
9332052	9332085	1
2127908	2127899	1
1014440	1015390	1
11915982	11915985	1
12246919	12246920	3
1829636	1829635	1
10905867	10984864	2
11053809	11053812	4
2065399	2065517	2
929566	929526	1
6710173	6573195	2
5628561	5625008	1
3880547	3880548	2
11750404	11750371	1
12262472	12625228	4
5842657	5842658	1
1531719	10736054	1
7178390	7178388	1
10797828	10797827	2
12804408	12687620	1
6714179	6714314	1
12776720	12776841	1
3832083	3832084	2
12771165	12771168	1
2351099	2351100	3
418453	418454	3
7432718	7434958	1
272786	272785	2
2411758	2411755	1
10745974	10740178	1
9331881	9331889	1
5638933	5638934	1
11577057	11577033	1
2350118	2350117	1
9229486	9229595	1
8471712	8471711	2
435796	435795	2
7292261	7292262	1
10939043	10939044	1
4435925	4435926	1
7679349	7679350	2
5232952	5193428	1
7285799	7285810	2
7099540	7099539	4
275348	275351	2
4775617	4775618	2
2783820	2783819	3
7446467	7446468	1
9153215	9152531	1
3971590	3971593	1
9840608	9840605	3
2351865	2351866	1
7730888	7731003	1
11597422	11597421	3
10689505	10689506	1
5896623	5896624	1
11669888	11669376	1
2360978	2360941	1
853926	853925	1
1831093	1831094	2
3476872	3476871	6
3458679	3458680	1
11144340	11142869	1
11167563	11167566	1
1700141	9191771	2
1573669	1581955	1
10245121	10245111	1
3453800	3453799	1
8030421	8030424	1
4046634	4046633	1
11645978	11645977	2
1278743	1278744	2
12754304	12754303	1
3082533	3082536	1
11988726	11988723	1
10379680	10379679	1
7446305	10002241	1
7042418	7042417	1
12318075	12319414	1
1643626	1643625	4
2692102	2692400	1
2786393	2786396	2
5502984	5561958	2
3088928	3088927	1
5958090	5958089	1
5181785	5181786	1
2873097	2873098	1
8066122	2490400	1
8098676	8098675	3
843200	12486009	2
3038285	3038286	2
10333656	10333655	1
5886434	5886433	1
8656160	8655242	1
12307576	12307198	2
6454924	6454923	1
10992936	10993066	2
2660359	2660360	1
12728501	12728502	2
4540908	4540907	1
6618475	6618476	2
4034702	4034699	1
12780892	12779633	1
7576293	7576294	1
7999650	7999649	1
9008371	9008349	1
9803224	9798122	2
11771831	11771592	1
3261347	3244540	1
12647530	12647529	1
12685890	12763988	2
2127185	2127186	1
12239338	12239337	1
6712621	6712564	1
397518	397517	4
56738	56737	1
8473860	8473859	2
10435834	7342517	3
63646	63645	1
12248674	12277826	4
11627266	11627265	1
11918571	3975482	1
4617097	3978595	1
452715	452716	1
2057648	2057592	1
3613858	3613758	2
3677484	3677483	2
12795437	12795438	2
9987742	9991110	1
9891200	9891199	1
413400	413350	6
3638992	3638991	1
9057934	9042273	3
4750137	4750138	1
235863	235574	1
4281103	4281104	1
11108449	11108450	4
5654138	5654917	4
6824298	6905249	2
3093839	3093840	2
12428274	12178505	1
435798	435793	2
9052045	9019142	2
244858	244792	2
7396251	7396186	3
5995977	5995978	2
5065006	4955913	2
12452803	12452250	2
4594859	4466087	1
5740508	5736447	2
5294089	5294090	5
7068715	7068718	1
594452	594451	1
9955079	9865580	1
6559363	6559364	2
7554217	7554218	2
4281101	4281104	1
2244230	2244229	2
79752	79751	2
7406768	7406767	1
1499964	1499960	1
4777958	4777957	1
3479808	3479807	2
9633460	8172627	1
11913448	11912304	2
7810830	7810829	2
11180901	8157665	1
6201367	6200002	1
4587503	4738171	2
10198845	10198620	1
11897547	11897548	1
12248676	12248675	3
8570951	8570952	2
12682194	12682193	1
3402164	3398819	1
9753474	9647043	2
4042390	4042421	1
8529724	8529723	9
11526816	11526815	3
1112720	1112719	1
678918	678901	1
7675617	7726716	2
503285	503286	3
383619	383613	1
1003562	1003561	3
9428661	9429078	1
1980272	1980316	1
9179762	9179751	1
5676374	5676373	2
3649313	3649316	4
2750432	2750431	1
657804	5005729	1
7222691	7222692	2
6355538	7497276	1
11401856	7111546	2
2102912	2078738	1
12773439	12773440	1
608393	518037	2
4360869	4270763	1
3244583	3244584	1
8985995	8985996	3
9712971	9712972	6
5960064	5960061	1
9711093	9711094	1
3993657	651777	1
8829415	8843894	3
11618037	11593489	2
7214578	7244738	1
1165971	1368447	4
8816583	8989325	1
2130359	2130360	1
1763389	1764116	1
11512149	11512354	3
12362785	12362786	2
11676477	11676478	1
7748237	7903116	3
2323754	2323753	1
10178162	10178165	1
2369404	2369403	1
9891172	9891171	1
11365471	4947887	1
8683682	8683681	4
1999107	1999110	1
620727	620728	2
11555155	11555160	1
584074	584073	1
11226544	11226543	3
7143222	7143221	1
10652772	10644655	1
11064180	11064382	1
3479806	3199563	2
6575244	6575243	1
7545052	7545051	1
11072846	11072889	1
4155939	4155940	2
12668964	12668927	3
7910124	7910123	2
3139990	3064757	1
9603748	9553988	1
3565181	3527571	1
10697041	10697002	1
8479178	8610753	1
6701089	6700654	1
904516	904515	1
2509912	2509878	1
775234	775111	1
4117211	4118289	2
7164505	7164506	1
11284448	11380218	3
4311225	4311148	1
9772189	9772190	2
7518188	7558251	1
9924480	9924479	1
10824753	10825046	2
6629080	6629079	1
3459080	3459077	1
2922290	6445746	2
127568	128855	7
6520514	6520513	1
5707988	6738657	1
11909861	11909862	1
3476870	3476500	4
7802160	7802159	1
2039163	11673784	1
12570658	12570655	1
9521651	9521652	2
151937	151938	2
11008940	11008939	1
6446186	6446185	2
49567	49568	1
3298547	902361	2
5703418	5704043	1
3211821	3211822	2
6884423	6884424	1
4058975	4058976	2
2007361	2007362	2
3788155	3786899	2
8868912	8868909	1
6889419	6889420	1
8183728	8201257	1
11814864	11814863	3
1692065	1692066	5
3057993	3057994	1
8570953	8445764	2
7396187	7396190	1
8632059	8632123	1
3090522	2978437	2
3236125	3236126	1
1864287	2123900	1
11045318	11045313	2
8021509	7882967	1
1564584	1564601	1
11425259	11425262	1
10195208	10264380	2
1137430	1137427	1
12648028	12648027	1
289213	289214	1
1831206	1831094	1
1311288	1577552	1
1110434	1110436	2
4521541	4521542	3
12617496	12617495	1
1597684	68347	4
10213477	10213970	2
10962012	10962011	3
9554673	9554674	3
2340874	2340873	1
9006200	9007252	1
11672892	11672891	1
5233040	5233028	1
12528620	12358922	1
3479806	3199561	1
3856393	3856394	1
8033763	8033766	1
821359	821360	2
7539957	7539958	2
7314718	7281666	1
4410489	4410492	1
457783	457784	1
6743945	6743946	1
2610188	7716121	2
9514764	9517992	1
5565907	5565908	3
7848009	7848014	1
7907579	7907535	1
2498878	2498875	1
2350620	2350593	1
8388395	8388396	4
9703260	9703259	1
9595229	9595230	1
3359886	3359885	2
8646755	8653356	1
6523772	6728996	1
4442040	4516926	1
2017687	2017688	2
6309949	6241956	2
8276854	8276845	1
6284409	6284410	1
2873097	2873100	1
7258298	10755952	1
1522723	1522724	1
7107571	7107572	1
11104660	11104659	2
12355846	12355932	1
170368	429724	2
12620120	869080	1
4727047	4646043	1
3423590	3423589	2
2572609	2572610	1
11773485	11773959	1
9728179	9728300	1
9776871	9776872	2
3778105	3778106	3
12337904	12337903	1
11156578	11156973	1
1365872	1365639	1
3646047	3028728	2
8634045	8634046	1
6328373	6328323	2
7548995	7548996	2
987454	985478	1
8863811	12459889	1
1699296	1699377	1
10676240	10676239	2
1504971	1504389	1
11309736	11309735	2
7742473	7728931	4
12808921	12808954	1
8733785	8733786	2
11934226	11901495	2
7068719	7068720	1
11593182	11593181	2
2881812	2881811	1
10666318	10666189	3
11278198	5425648	1
12118920	12118919	1
1531719	10736052	1
11813756	930536	1
848037	847795	1
9008995	9066267	1
9388043	9480368	3
1003105	1003144	1
5595877	5592699	1
7684046	7684051	1
12698649	12699233	4
12644337	12648029	1
9813179	9813180	2
4820552	4820551	2
10937819	10937689	1
11985688	11985687	1
12140447	12140448	2
118961	118962	2
11634896	11636038	1
9626506	9626505	1
8755383	8755384	2
4378406	4378983	1
5129210	5123337	1
3439400	3449423	1
1366292	1367339	1
11826406	11826403	2
10564712	10564945	2
923116	923115	1
7042000	7041983	1
10031630	10031625	1
9072821	9069996	1
4121175	4121176	1
6946946	6947005	1
1117480	1076014	3
12342974	12298409	2
3689825	3689828	2
1824655	1824656	1
7994394	7994393	2
5745203	5745206	1
12656676	12665790	3
10736053	10736054	1
10740315	10740316	2
1368425	1368430	1
6673201	6673202	2
10742410	10742407	3
11452271	11452272	2
3026356	3026355	3
2163951	1957704	2
7247823	7247824	1
3101241	3101424	3
6491876	6491923	1
4359945	4359946	2
10985725	11036584	1
7446398	7446386	1
449124	449123	3
854084	854083	1
9391083	9584848	1
1370078	1370081	2
11302935	11304439	1
3131100	3131876	3
5666518	5666530	1
12140449	12140450	2
8577918	7942541	1
9452715	9452716	2
3280190	3280189	3
1000514	1133539	2
10153675	10153676	2
2953080	2954212	2
7339884	7339883	3
10942685	10942686	4
12424017	12424800	1
10652546	745925	1
1490466	1490458	1
2244232	2244231	2
7184017	7184001	1
4708600	4708599	1
1286104	1286115	1
10235703	10235704	4
3498621	3498622	2
3359884	3359883	1
2868676	2868675	1
12197450	12197449	1
6374075	6374076	1
9298302	9298301	1
2905358	2905357	1
10764294	10764293	2
7473138	7473149	3
12627060	12671585	1
9067898	9066103	2
9251141	9251142	1
7095918	7095917	3
7171508	7171505	2
3970736	11879792	3
12424422	5739227	1
7293645	7293646	2
1999394	1999393	1
1120943	1120944	3
7203365	7203363	1
1617307	1617308	3
2038099	2179702	3
5708210	5708197	1
6133425	6133008	1
4857472	4853017	1
4581950	4581947	1
3931085	3931086	1
6375521	6375526	1
3209476	3196289	2
6109891	6109887	1
6533373	5504752	1
11051905	11052016	1
2084820	2084867	2
208529	208507	2
1975803	1975804	1
7802160	7795256	1
4472587	428994	1
5041837	5041838	2
5673382	5673381	1
1312058	1312073	2
12009491	12009433	2
3132137	3132138	3
12555599	12555600	1
7917015	7917016	1
6845175	6845176	1
4219768	4219696	1
10148927	10141575	2
7594818	7719127	1
5654138	5654919	1
103685	103686	1
7427412	7427407	1
9164599	9164600	1
6064743	6120033	1
9169175	9169178	1
11451603	11451604	1
6840015	6840016	2
2947672	2947664	2
1196965	1853701	1
10134201	10126900	2
6815358	1768101	1
11723284	11723283	2
4804138	4804135	1
5709480	5709477	1
3439117	3439118	1
3479808	3199561	1
2000797	2000798	5
5196214	5196211	1
9114477	9114478	1
8245608	8245678	1
7871403	7871404	1
9190982	9146743	1
7811807	7925295	2
11587436	11587463	1
11294246	11270900	1
7158734	7158733	1
1354099	1354100	2
5725340	5725339	1
1700139	1700140	4
7396187	7396188	3
5407526	5407521	1
7911484	7911477	3
81482	81479	2
9307388	9307523	2
5994621	5994622	1
4138430	4138471	2
8899521	8900067	1
3859623	3857231	1
1583975	1517305	3
3488633	3488636	1
260947	260948	2
3371465	3371466	1
12675203	12675204	1
1850655	1850658	2
5424475	5424476	3
12637732	12637731	1
1978899	1978900	1
12039503	12260524	1
1361065	1361066	2
12232504	12232503	4
8191962	8068888	1
9000923	9000757	2
8033763	8033764	2
7263794	2851212	1
7361591	7330360	1
3092814	3092407	1
3062637	3062638	1
3940177	3286385	2
4118210	4118207	1
8663548	8663545	1
6397510	6397482	1
8868792	8870704	1
6111124	6111123	6
346598	343746	2
9019270	9019269	4
6534142	6533382	1
6665505	6664762	1
944911	944912	1
1308514	1308172	1
1939524	1939523	1
2559987	2560010	4
2440566	2440565	1
10823442	10823441	1
5614878	5614896	1
6533489	6533490	2
5340793	5340796	1
1272266	4795173	2
8636191	8636192	1
9594423	9481482	1
2786395	2786396	1
3814944	3816241	1
11366646	11320054	1
6839431	6839432	1
7777773	7777774	1
10362661	10362662	1
6354000	6353999	1
12806457	12806458	1
12317100	10286783	1
5324654	5324653	5
4260863	4260864	2
5627038	5627037	2
12162892	12161716	1
5186686	5186685	1
5361275	5361278	1
3448906	3448903	1
8031570	8031569	1
12337902	12337901	2
11869164	11869161	1
10227755	10227767	1
10544614	10544613	1
7025490	7024965	1
1330593	1330594	2
6781522	6782324	2
11920761	11920762	1
3714163	3714166	2
638164	638163	1
10020683	10020684	1
12318426	12314328	1
8721851	8721852	3
7095211	7095212	2
5191411	5191412	1
7645044	7645043	3
3476870	3476502	1
3993653	3993656	1
11286841	11287412	1
2544282	2544281	1
5632585	5632586	2
7337566	7337563	1
5755028	5755025	1
11792802	11792653	2
6386629	6330805	1
10764292	10764277	1
340790	340789	3
4402565	4402380	1
6618473	6618476	1
6405173	6405159	1
9734748	9734566	1
310345	310346	1
1101015	1100954	2
6978471	6978472	1
722007	722008	2
1098620	1098619	5
1999109	1999081	2
10429306	10472670	3
9293948	9293945	1
7148473	7148474	1
10517863	10517864	2
4724724	4724723	1
5131305	5131323	1
6885361	6885362	1
4175796	4172728	1
2468791	2468792	1
10980519	11148612	1
10058337	10058338	2
6701087	6701088	1
5797103	5792900	1
5825954	5900996	2
3425877	3425878	1
9430769	9430770	2
4557815	7433311	1
3652480	3652451	1
6353994	6353997	1
12762695	12524163	1
9197560	9197559	2
6608629	6608630	2
2878487	3032006	1
8543067	8372372	1
4155962	4155961	2
4284732	4341872	3
7968073	7922346	1
5424560	5424559	3
5856228	5856225	2
1368446	1368445	3
6985042	7126587	1
10325409	11406252	3
4033792	4038128	2
3987762	3987761	2
7623301	9719443	1
1452707	1452708	1
4084773	4523766	1
6517153	6517151	1
3960636	3960635	1
8526859	8526958	2
7357767	9075641	1
9807814	9807813	2
10268225	10268226	3
10437858	10437857	3
564784	507061	1
7266799	7266800	2
4339536	4339535	2
5806651	5806567	2
10498473	10498474	3
1531719	10736050	3
3963804	12570659	1
12295219	12292247	1
2031452	1962332	2
5476132	5476131	2
2796172	2787748	1
11006282	11004456	2
6829359	6829360	3
9300057	9300058	1
786595	786598	2
8033767	7568540	1
8340622	8340710	1
11551439	10659889	3
8845133	8848341	1
6574945	6574946	2
4446603	4446604	1
8156565	8156568	2
1925863	1925864	1
1265447	1265448	1
5949306	5949303	3
1725119	1725120	1
2947994	2998780	3
2545624	2546152	1
7083375	7083376	3
6978918	6978917	1
8211642	8211573	1
6904174	6904191	1
7229170	7229164	1
11306752	11354981	1
2358667	2362816	2
9868033	10273598	1
12250908	12251192	1
3962782	4118512	1
6640775	6640776	2
2229339	2147408	1
3874469	3874498	1
11235531	11235505	1
35712	34505	1
10188371	10188372	1
2216059	2161956	3
6172487	6172490	1
7874370	7808580	1
4010124	4004792	4
12260984	12269084	2
1521527	1395089	1
4576404	4576619	1
6721308	6721307	1
4027407	4027408	1
246354	248104	1
2498878	2498877	1
4752003	4752004	2
8047224	8039388	1
1493561	9147473	4
6837573	6837574	1
3425587	3425588	1
7625561	7625562	2
3706631	3706632	1
8848340	8848339	1
2033018	2032969	2
5766379	5766384	1
8332923	8332926	1
399635	399636	2
3369482	3369481	2
4350448	4350447	1
9477844	9477794	1
2237264	2237234	1
6884421	6884422	2
490376	490375	2
8643144	8643139	1
1980270	1980316	6
5627040	5627039	2
12635449	12635454	2
11749209	11749056	2
5648385	5717081	1
6066434	6152225	1
231886	231885	1
11761392	11761395	3
1957718	1957717	1
1326871	1326872	1
10652333	10652322	1
4852485	12427416	1
4306643	4306644	1
4039617	4039620	1
8101411	8101412	2
12532020	12532434	1
2268298	10382723	1
1163392	1163391	1
8292723	8292724	1
5605731	5605732	1
266356	266355	2
4271042	6595264	1
899791	899792	1
2676848	2674601	1
5677859	5677862	2
6133425	6133010	1
7540172	7539719	1
1932728	1944068	3
4291964	4292096	1
11875841	11875842	1
12468633	12468634	1
6592313	6592126	2
5596603	5596637	1
4047157	4047334	1
3121691	3271036	1
6448288	6448291	1
2096298	2096297	1
6590776	6590294	1
12774819	12774820	1
435800	435799	6
4718546	4718545	1
10117065	10117226	1
3194291	3194292	4
2848906	2819060	1
1178450	1178449	1
7427412	7427405	1
1728205	1728202	2
12317104	12317103	1
10115190	10115189	2
5673382	5673379	1
11027709	11027710	3
3134953	3134920	3
10755914	10755913	1
12391530	12391543	3
1206611	1206612	1
473210	473209	2
6815358	1768105	1
2213436	2358446	1
2845335	2845385	1
3771678	3807404	1
5002882	5002881	1
5645777	5743696	1
473212	473211	2
6131009	5800134	1
7941626	7941625	1
6997325	6997326	1
11299610	11299609	1
4107521	4107522	3
56112	56111	1
12471890	12471895	2
7377075	9076015	4
9891198	9891197	1
5651570	5651569	1
2108092	11338695	1
7960499	7960500	3
3026357	3011239	2
12758535	12758536	1
38782	38779	1
3357943	8030563	1
9726532	9726529	1
647083	647084	2
5694742	5694741	1
3103654	3228154	1
12425758	12425677	1
7453067	7453068	1
4130326	4130325	2
1997390	1997389	2
12659779	12659780	1
6378238	6336842	1
2194398	2242104	1
10240870	10240869	1
9518484	9518518	2
8253340	8253339	1
12679854	12679783	2
1649932	1616144	2
11676670	11676615	1
3365936	6685991	1
7924113	7941336	1
10896226	10909646	2
5673380	5673379	1
4082162	4082161	1
7993543	7993544	1
3079361	3022174	1
11704136	11704135	1
8088839	8088821	1
6985684	6986141	3
3044912	2977464	1
693617	693618	2
11161980	11161977	1
5725340	5725337	2
5472827	2543844	2
6172487	6172488	3
8547030	8399407	3
12141664	12141705	1
7453067	6313884	2
12457897	866508	3
4866940	4867103	2
7802158	7795256	1
6026123	6026147	2
5566057	5566058	1
9169175	9169176	1
6619983	6618002	4
11605863	11623511	1
8416385	8415929	3
7181863	7181864	1
8034198	8034195	2
7515371	7515372	1
3328787	3328790	1
5940495	5940194	1
12155645	12155646	3
12353469	12404970	2
12166341	12166342	2
4460728	4460727	1
9813177	9813178	2
6329425	6331280	1
5746893	5746889	3
12053278	12048850	1
5945217	5945218	2
12335891	12335916	2
1768104	1768101	4
4788926	4789882	1
3798135	3507255	1
8747241	8747242	2
9167663	9123319	1
9504515	9379612	1
12507481	12507489	1
7910126	7910125	1
3638580	3638602	2
5371211	5371212	1
12813790	12813789	1
6654712	6654711	1
7175962	7175948	1
366104	189353	1
821294	821358	2
3159078	3159077	1
1708756	1708755	1
9251200	9251142	2
8233441	8233444	1
12269015	12269016	1
8769609	8769619	3
10931335	1530420	1
2351807	2351810	1
11311155	11313322	1
6829361	6829362	2
1396971	1396972	2
7402617	7402618	1
6774548	6774574	3
3543119	3748240	4
4337234	4348954	1
5618452	5618451	4
9108793	9108794	1
2652450	2653919	1
8769607	8769619	1
4104981	4104989	1
5528038	5359312	4
9703468	9703467	1
10479499	10479500	1
3496346	3496345	1
8000813	8000814	1
8748891	8748892	2
9446351	6785138	1
8815231	8824305	1
7450922	9501205	3
5181785	5181788	1
3365936	6685993	1
6143217	6143218	2
11627947	11627948	2
2316544	2316543	1
1117482	1117481	2
9395196	9395450	4
1976331	2185051	1
3215146	2959086	1
11274411	11346745	1
192346	192345	1
11226452	11226463	1
5877274	5877284	1
954473	949953	1
446026	5294088	1
5376789	5376777	4
9327698	9352685	1
9750313	8745854	2
11336287	11336288	1
7476648	7476647	1
8990282	8990281	3
3498621	3503692	1
12744712	12744709	1
2738653	3183872	2
3209507	3209477	2
1147399	1147400	1
12625189	12625190	4
3033814	3321134	1
5591798	5591795	1
435800	435797	1
1189620	1189490	1
2473300	2458486	1
10998465	10998468	1
1828573	1828583	1
3328785	3328790	1
6539633	6539634	1
3648677	3648664	1
6151374	6151310	2
2554346	2554345	1
9508159	9508162	1
1227224	1020214	1
4787610	4787609	2
4647036	4643923	2
6359189	6360440	1
9251143	9251144	2
11717343	11717485	2
4752003	4752008	1
2383633	2465289	1
1471161	1471162	2
7097732	7099541	3
7966387	7771857	1
2869014	2869011	1
8729202	8729201	4
7406132	7406131	1
5096055	5096044	1
9992800	9992784	1
3985215	3985218	1
9453102	9453101	1
11910420	11910419	1
9778880	9783276	1
4335619	4335620	2
8868792	8870702	2
11518058	11533633	1
4010896	4010895	3
1953071	1953072	1
4014385	4014386	1
12806766	12806745	2
1190864	1190863	1
10342313	10342316	2
1911377	1911378	1
9445102	9445109	2
2863852	2908872	3
178714	178713	1
2000802	2000794	3
12677870	12678221	1
7410918	4856498	1
10297679	10297682	1
12226494	8493881	1
10257482	10257485	1
3329822	2953038	4
9190982	9146745	6
8262298	8262574	1
2779391	2778374	1
3982906	3986128	2
11236307	11257892	1
1564590	1564589	1
8410465	8346641	2
3239270	3239267	1
2741593	2741594	1
2372746	2372743	1
5557859	2106400	1
1802652	1798270	1
6829359	6829362	1
2750286	2790527	1
5323062	5323061	3
8827642	8827641	1
5596638	5596637	1
5177299	5177300	1
435798	435797	1
9443846	9631246	4
2237262	2237234	1
1878267	1878268	1
8788313	8810127	1
1464131	1464134	1
10601163	10601164	1
3593849	3593850	1
8193396	8193393	2
3068722	3127343	2
11412687	11412690	1
10578906	10578905	2
6119878	6119875	2
11401858	11401857	1
6276499	6276500	2
6663209	6663217	1
4609015	4608407	1
3162392	7766243	1
6948163	6948164	1
3328785	3328786	2
2939560	2939559	1
7929386	10543474	1
4590337	4590338	1
312233	312234	1
10741325	4100361	1
12447950	12447949	3
5149298	5149297	3
5185088	5185087	1
8816583	8816584	2
3457297	3456709	3
3357524	3357526	1
6203247	6203248	1
11753189	11753190	2
8165020	8165019	2
3534266	3534265	3
12525058	12525065	1
9711091	9711094	2
6533487	6533490	2
3245971	3245972	1
4866636	4866635	1
3669039	3669059	1
12201304	12166946	1
7928230	7928311	1
7061391	7061392	2
4155937	4155938	2
7673411	7673412	2
1783555	1783564	2
11395116	11395308	2
12205707	12205710	2
2338231	2376358	1
10181613	10181616	1
1278745	1473841	2
10483393	10694873	1
10931333	10931334	8
6524207	6524238	1
1403887	1403888	2
10931339	1530422	3
3826304	3826299	1
5725628	5725627	1
11870985	11871005	1
12698836	12698835	1
5616691	7606943	1
12494457	12491068	1
1193586	1486948	1
11153073	11153163	1
1829634	11636479	1
3774333	3577518	4
1250710	1250709	1
6704343	6704267	1
11903649	11903524	2
8636297	8636298	1
4313146	4313076	5
722002	722005	1
10645821	10709941	1
4281101	4281102	1
7985894	7999858	1
544886	544866	1
3234021	3234022	1
1316289	1316238	1
1314526	1314525	1
1863251	1863252	1
534374	659984	1
8737544	8737543	2
8193104	8193114	1
6143217	6152491	1
2179703	2179704	4
2492515	2492487	1
7086583	7087681	2
11563415	11563394	1
3564432	3564431	1
98354	335367	1
10031626	10031625	2
9339189	9339207	1
12443574	12447949	1
536142	536080	1
7758177	7758178	1
7929911	7929914	1
7537528	7537527	1
9514764	9517990	2
10950216	10950215	1
1429029	1428328	2
7022850	7022849	1
6255424	8612554	1
452167	568272	4
8581225	8581226	1
9479286	9479289	1
10633187	10633235	1
2501438	2501437	2
12339204	12339203	1
9752456	9752455	2
10182919	10182920	3
8858690	8858680	1
4529245	4529246	1
5185090	5185089	1
12420021	12319620	1
9177170	9177169	1
7370421	7370422	5
7606459	7606460	1
11250372	11251308	1
1587884	1587522	1
6618473	6618474	3
5818160	5818138	1
8905330	8905126	1
1564590	1564587	2
9517991	9517992	3
1473228	1473227	1
407789	407722	2
8947692	8947687	1
9650740	9649979	3
6915546	1865250	1
11294710	11294686	1
2120533	2120366	1
8553580	8564964	1
12513424	12508778	1
7808894	7808893	1
2411761	2411764	1
118949	118960	2
4414818	4587376	2
2749025	2749008	1
610607	610608	1
5360338	5364280	1
6043314	6043371	1
7402615	7402616	2
12391973	12391976	1
7099474	7099477	1
4245040	4245334	3
10599182	10599181	1
7848011	7848014	1
11933267	11933268	1
6657075	6657076	1
9173458	9175056	1
4373969	4373970	1
10407651	10407652	1
3788945	3788946	2
6748593	6748594	1
4299214	4299213	2
3735438	3735414	1
5499920	5499917	2
276768	276758	4
11518880	11518879	1
10194380	10180777	1
7934570	7935164	5
3881828	4026546	4
1560571	1560572	1
1101013	1101014	2
3318881	3318882	3
4265966	4265237	1
12756168	12756150	3
4602543	4602550	1
6874606	6874564	2
6439135	6439136	2
3086160	3090494	1
8423818	8423787	1
17233	17234	1
10896226	10909648	1
10147650	10147649	1
6520471	6520474	10
9744502	9744499	1
8849882	8849881	1
1536776	1536775	1
11772126	11824093	3
7069651	7071533	1
10352755	10352758	2
3042524	3042523	3
7366501	7366489	3
7427406	7427405	1
12155645	12155571	1
7857380	7857379	1
786595	786596	3
1699328	4842860	2
4521854	4506826	2
8194351	8197455	1
3750622	3750641	1
6743075	6743069	1
7266395	7266396	1
2338461	2340417	1
3856393	3856396	1
350355	350360	1
7560172	7560171	1
6776258	6776257	3
9887443	9887444	2
4163819	4163820	1
4386831	4386912	1
6463894	6463893	3
11221725	11221731	1
1265450	1265449	1
2268982	2268985	1
7050433	7050441	3
7455392	7455406	1
2271712	2271711	1
11934121	11934126	1
155787	163639	1
3899350	3899349	4
3357659	3357660	2
349378	349377	1
3995060	3995048	1
11533632	11533631	2
12807937	12807882	1
10420777	10420780	7
4028938	4028937	1
9479290	9479289	1
7790507	7793925	1
10565586	10565583	1
11526814	11526813	1
5352653	5526605	1
9877483	9877484	1
7280085	7280086	1
4199674	4199673	1
2862294	2996021	1
619559	619560	2
4279105	587425	1
6650445	6650503	2
6594648	6594668	1
4009694	4010804	2
500253	500256	1
7519328	7519347	1
2425419	2425420	1
2209497	2209120	1
11780209	11927041	2
2347020	7170310	1
11204845	11204846	2
3357527	3357521	2
11532503	11569319	3
5736446	5736445	3
6105343	6105344	5
3826304	3826301	5
11265183	11265184	1
8201262	8201257	1
10564351	10564352	2
3707643	3707644	1
2179620	1972075	2
2845386	2845385	2
11888000	11887999	1
2244232	2244229	1
4952202	4952201	1
3991812	5424867	4
4686194	4686189	1
9872481	9872482	1
12617498	12617497	1
10672863	10672864	1
3651985	3652121	2
4428195	4428160	1
6119876	6119875	1
2901081	2901082	1
11958124	11958123	1
2462799	2467520	1
990924	990923	2
1922977	1926494	1
5866933	5858723	1
9301495	9311050	3
1592240	1591581	1
1133096	1132924	1
6268861	6253359	1
1836868	1836867	2
4550248	6000917	1
12208331	4367447	3
1345755	1345834	3
1801406	1801405	2
4601032	4106248	2
5528052	5528051	1
12570634	12570458	1
1040155	1040158	2
8093470	8093469	1
7787469	7787470	2
7929911	7929912	2
2280624	2320065	1
9168813	9168816	1
2869012	2869009	1
8640998	8640995	1
12729523	8511675	1
7203658	7203657	3
6714113	6714114	1
6321550	6321549	2
5297599	5297593	1
6829361	6829364	1
11562276	11562275	2
6978861	6998355	2
2333536	2434418	4
3625537	3625538	2
8529726	8529725	6
11729164	11729163	1
273584	273583	1
722009	722003	2
9396933	9396817	1
2668434	2668433	1
9094259	9094260	1
8580271	8580272	2
5962710	5962707	2
5213203	5213198	1
3366925	3366995	2
2956301	2956302	1
8947342	8947341	3
8787622	8787621	2
5122576	5121848	1
11561632	11620641	1
651715	651716	1
5721954	5721982	2
7538664	7538663	1
892398	892395	1
1212822	1212833	1
11089363	11089339	1
2127187	2127188	1
6688875	6688869	2
4851718	4851717	1
1543488	1543487	4
2496683	2366872	1
3453802	3453801	1
3044090	3044089	1
4684222	4684225	5
10042185	10042186	1
10446028	10446027	1
2355439	2355424	2
7207532	7207531	2
7739913	7739792	1
9733074	9733073	2
12601881	12601882	1
12307576	12307200	1
8794691	8827643	2
5193244	5193243	1
934002	934001	4
3873082	3873081	3
7377368	7378572	3
12752362	12752210	1
3269574	3269573	1
9148220	9148219	2
9862649	9862650	1
11763920	11760060	1
3864820	3864819	3
11582340	11582339	1
12606528	12606511	1
6442357	6460467	1
10743973	10743974	2
3352469	3352470	1
4732209	4830585	1
4956039	4956040	1
1396969	1396970	1
11592508	11592507	1
5623042	5842461	3
7444043	7443962	1
2882666	2882665	1
1584809	1584810	2
4327440	4324445	1
10233617	10233598	2
5113280	5113279	2
3299937	3319132	1
2845335	2845387	2
1246142	1246139	1
12461007	12576261	2
8818914	9745593	1
10785581	10786380	1
1611534	1617304	3
9448174	9448173	2
10956336	10851927	2
8396106	6012635	1
630307	630310	1
3241514	2814116	3
3306557	3306548	2
1048086	1046856	1
10092246	10092671	3
11561453	11580975	2
4652538	4652537	2
5812563	5749535	1
4598659	4598660	1
11389595	11389604	2
606914	483008	2
11072595	11074832	1
2268568	2268567	3
5636897	5636898	1
10300517	10300518	1
4120164	4013368	1
5417354	5417353	2
10493005	10493006	2
3336320	3336319	2
7104554	7104551	2
8769609	8769615	1
4866940	4867101	1
12756124	12756121	1
2571691	2571692	1
653786	653783	2
3358936	3358935	1
10799627	10799628	2
7366206	7366205	1
3093839	3066083	1
6533487	6533492	1
8683680	8683679	4
3329826	3329823	4
6012157	6012158	1
7450941	7451795	2
10742429	10743380	1
5045540	5073998	1
3029407	3029408	2
7653437	7653433	2
5505500	5505506	1
4171010	4171009	1
1780733	1780734	1
5328795	5328776	1
3580342	3822129	1
7352143	7352144	3
2468789	2468790	3
6292952	6265348	1
2213458	2213457	1
223162	223161	1
9941698	11257076	4
9562337	9562329	1
4490748	4490747	1
11749207	11749208	2
504796	504793	1
4423826	4423825	1
6454910	6340417	1
5323064	5323063	2
187081	187082	1
12647473	12647197	1
12682196	12682191	2
2219824	2219823	1
7127877	11930791	1
6512843	6512844	1
7838841	7838842	1
2315583	2315570	1
4620372	4100771	3
6448294	6448293	1
1611534	1617306	1
9540965	9540966	1
5706444	5706439	1
12381633	12381634	2
697015	697030	3
6575240	6586570	2
4614159	12312478	1
9114281	9113967	1
5164150	6551116	1
3694781	3694782	5
7763575	7763063	2
7446450	7446462	1
10838031	10838032	1
632609	628676	1
5218583	5218584	1
10278168	10277682	4
3791268	12635454	1
518751	510584	3
6650502	6650501	1
5196272	5196215	2
2562476	2562480	1
4546948	1071464	1
10736434	10453155	1
4000496	4000491	2
943009	943010	1
5325447	5325450	2
4775306	4775305	1
1211007	1210946	1
6743075	6743073	2
11587918	11588102	1
11250769	11250770	2
10517865	10517868	1
9744502	9744501	2
245654	245653	2
5866367	6043279	1
1700143	9191771	3
8983149	8983150	2
6446188	6446185	3
486388	486387	1
10789481	148105	1
391288	391287	1
2168108	2168111	1
9890982	9890981	1
3899188	3899185	1
7446428	7446427	3
1311290	1311289	1
4362265	4362276	1
10096222	10102681	2
6826936	6827216	1
6952282	6952281	4
1633665	1381239	1
6980830	6981027	1
2243037	2243038	3
11533713	11532986	2
4487677	4487678	2
2038097	2038098	1
9968879	9968880	1
8413314	8413313	2
9973701	9947555	1
4520085	909929	1
614937	640832	3
11558707	11557719	1
3263487	3263488	3
208110	105948	1
4198399	4198400	1
8888958	8888957	1
10983500	10887801	4
5828884	6042966	1
3689825	3689826	2
7645046	7645045	1
10595634	10595633	1
5638933	5638936	2
6418285	6422728	1
9099589	9099590	1
8004921	8004922	2
1600664	1352254	1
4331451	4329339	1
8616311	8587678	1
10741325	10754814	2
5714409	5714414	1
11884354	11884353	1
507232	507231	1
275959	275960	1
8957753	8960788	1
3978917	3978918	1
8947735	8947746	1
11605861	11605862	1
6921361	6921364	1
5466189	11729670	1
10166879	10167311	1
10741325	10754816	1
1172173	1172174	1
529107	529108	1
3140492	3140491	2
5297515	5297516	1
8741908	8787649	1
6489894	6489897	1
10394113	10394114	2
10883174	11102468	1
10122866	10112337	1
11799735	11294962	2
2870866	2870864	1
10023773	10023774	1
8528584	8528583	5
304183	304184	3
4590339	4590340	1
12674358	12674355	1
10147653	10147656	1
1964275	1964276	1
6066167	6066290	3
5567644	5567643	1
7869134	7868984	4
10325392	5881425	1
7910126	7910123	1
11676668	11676615	3
3427170	3425871	1
4174802	4174801	1
6850468	6850465	1
4137291	4137317	2
9092839	9092840	1
10238380	10238377	1
5179091	5179067	2
7476931	2931404	1
12635453	12635454	1
3168796	3168793	1
10931335	10931338	7
12564701	12541528	1
12765463	12681742	1
6309865	6309734	4
3706629	3706630	2
12158484	12158483	1
7164524	7309928	1
646256	646255	1
7274609	7352027	2
12610711	12610664	1
12293761	12286117	1
4047425	4047426	1
7758175	7758178	1
12194371	12191906	1
1652990	1652989	2
11390567	11390568	2
9908152	9908646	1
272784	272783	2
6714121	6714134	1
7380348	7380479	1
2980376	2855472	1
12172231	12172232	1
11003947	11003948	1
6973663	6973664	1
6750758	6394270	1
11510325	11510326	1
5306805	5306806	1
10460105	11469347	3
4546075	4546076	1
4265205	4265206	4
5602570	5602569	2
7293143	7293146	4
9595427	9595366	1
5393872	5393871	2
10214729	10214683	1
8214264	8214291	3
8048647	8049757	1
11615086	11615085	3
6892845	6874607	1
846474	846411	1
8966696	8866759	1
3649312	3796204	2
3826300	3826299	4
10990216	10990215	3
9605552	9605551	2
7961718	7961717	1
9094017	9092838	1
6101246	6101245	1
8006321	8005731	1
10902093	10902094	3
10564351	11468891	1
5467487	5468397	2
8284349	8273243	1
5531562	5493303	3
1931439	1931440	1
2274373	7734011	1
6881933	6854478	1
1185185	1184996	2
9157351	7446325	1
10259977	10259980	2
358410	358409	2
2214689	2214690	3
9164597	9164598	2
6135944	6135943	3
7180730	7180729	1
10289274	10288138	2
5081781	5081782	1
8418395	8418396	2
7968457	7580498	1
6173035	6173036	2
4852481	4852484	1
3082496	3082489	1
116566	113691	3
6885359	6885360	2
665277	750906	1
3971245	3971248	1
3933803	3933804	1
5990156	5977398	1
7862752	8001766	2
6884423	6884480	2
5075606	5075553	1
991562	991546	1
3051460	2930544	1
12688007	12601805	1
4010720	4034539	1
10300190	10300104	1
9169173	9169143	1
9816432	9824308	1
3548345	3541789	1
1979191	1979192	3
8091693	8091694	1
590083	590084	1
213832	213988	1
2006599	7550512	1
7314716	7281666	2
5890606	6074955	1
11387199	11387200	1
5440711	5440747	1
10771810	10902092	3
8389023	8389024	1
6892845	6874609	1
6749888	6749887	1
6520509	6520515	1
6665501	6665504	1
6125849	6125850	1
8158677	8158718	1
5499916	5499843	3
5360995	5360996	2
1163285	1216810	1
12050683	12050684	2
8452194	8504088	1
12554332	12554345	1
1663196	1663205	1
4501392	4501391	1
2423807	2423808	2
11272125	11273224	2
5815446	5903105	1
5736678	5736677	1
8416385	10746487	1
11390569	11390660	3
7380870	7380766	3
1327426	8347	1
656028	655998	4
4155960	4155959	1
10725635	10725636	1
5409158	5408918	1
12294393	12294394	1
7184017	7183999	1
7411438	7411437	3
12510625	12510626	2
12719926	12486227	1
11425789	11440802	1
11539179	11539211	1
9318169	9318170	3
6882329	6880969	1
111653	111654	2
7998831	7985422	1
8417318	8417150	1
5947748	6215776	1
8443997	8195797	1
7380767	7380768	3
1613039	1613040	2
3993156	3993159	1
4852993	4852994	2
5833435	5833436	1
12376313	12376230	1
9198236	9198285	1
605874	605869	1
9745590	9745589	1
650107	650108	4
10988416	11187914	1
1395145	1395146	2
6533487	6533488	2
10736051	10736052	2
6714229	6714227	3
6048730	6048725	3
10864662	10852470	2
3667731	3518941	1
9339187	9339188	1
8769618	8769615	3
10888082	10837972	2
7824375	7824376	1
11537759	11537760	1
5494694	5494737	1
386291	386292	2
8725058	8725007	1
3121691	3271038	1
180885	181928	1
12353467	12353468	1
10384816	10384804	2
1437906	1438231	1
8418397	8418398	3
8637363	8676723	1
103454	103453	1
3962922	3962917	2
2894581	2894582	2
8919177	8919180	1
12744712	12744711	2
11819167	11819181	1
7982414	7982411	2
6412513	6412514	3
8259913	8259899	1
3267788	3267787	1
9262018	9262017	1
12293759	12293760	2
10134224	10134223	1
5091097	5091098	3
6353602	6353601	2
8242894	8242893	1
11099785	11099761	2
5417356	5417355	1
962779	962780	2
473930	473927	4
8803714	8803713	2
1280384	1280377	1
8569929	8569930	2
7969685	7969582	1
2084830	2084827	2
990924	990921	1
8573321	11245002	1
8065453	8065454	3
11163500	11166080	1
4085344	4175143	1
6268861	6268862	1
3649322	3649321	2
7606941	7606942	1
383618	383866	1
5463325	5463307	1
9351179	9351511	2
11927018	11927013	1
5925440	5925638	4
11627945	11627946	2
6987265	6987266	2
5106183	5106184	2
8961438	8965053	1
5099554	4954886	1
7859735	7886162	1
7667885	6169298	3
3376493	3376494	2
6654710	6654709	1
7392138	7392157	1
10902095	10902096	2
5407520	5407519	5
6155535	6155536	2
7446250	7446253	1
6268863	6253359	1
12570075	12570076	1
7037145	7037146	1
9123320	9123319	2
8191273	8191274	3
4260863	4253160	2
3816400	3816399	1
5971396	5969505	1
809892	785831	1
9273202	9344792	4
5424677	5424678	1
10145417	10145472	4
5820705	1794265	2
9069997	9069998	1
1067039	1068482	1
10708268	10708267	2
6808635	6808636	1
11089363	11089341	1
889510	889509	1
10967488	10967492	1
173383	5002741	1
3534035	3481538	2
3659240	3659239	2
12769052	12767387	1
12649672	12741690	1
7351773	7070332	1
425636	646254	1
2322114	2322100	2
2429974	2429973	2
11701672	11701671	1
9964440	9834146	1
7599990	7599785	1
6243346	6243214	1
7370419	7370420	6
8225206	8225194	2
3856395	3856396	1
9929488	9929477	1
9128236	9128235	1
3789690	3791203	2
10027994	10027993	1
3968211	3968212	1
11108447	11108448	2
7043451	7043537	1
7391834	7263553	2
8636295	8636296	1
5821454	5821453	2
6507715	6507716	2
2432927	2432930	1
7012274	11923237	2
3253103	3025517	1
10379779	10379782	1
10465241	7899747	1
6608629	6608634	3
8467803	8467804	1
11750404	11750403	5
12227790	12227777	1
10474784	10476514	1
2869010	2869009	2
9707214	9707211	1
11799078	11799080	2
6424368	6424400	1
4597694	4597455	2
12795435	12795436	2
7069651	7071531	5
8918110	8918107	2
11055707	11055709	2
11040245	11040246	1
1098620	1098617	1
1368429	1368432	2
814907	814899	2
2498876	2498875	1
1605684	1605683	1
9551490	9551489	1
12189561	12189562	1
4734366	4724725	2
11618439	11618440	1
7745646	7745614	1
9764668	9673184	1
7795257	7795258	1
1358240	1358217	2
2886098	2886097	1
11360173	11299609	1
11446082	11446079	1
10191680	10191679	2
3830716	3830719	1
11700743	11700770	3
1685584	1685579	1
6530087	6530147	1
10482737	10482738	1
4092472	4092469	1
6283712	6283961	1
8765015	8765016	1
1974662	1974661	1
7606921	7606940	2
10245612	10245587	1
7808917	7808893	1
6608631	6608634	2
8317347	8317348	1
6143219	6152491	2
10865715	10865716	1
6143661	6143662	2
103452	103684	1
9596509	9596510	2
6948161	6948162	1
11555159	11555160	1
10442673	10442674	3
5700587	5698876	1
3673329	3673330	1
9387532	9505478	1
10740313	10740316	1
10627482	10627479	1
1560936	1560915	1
3996736	3996735	1
1652587	1652588	1
12304530	12204294	2
11526961	8974337	2
3315034	3315033	2
2071217	3018207	1
7003803	7203611	1
3828866	3647014	1
4115828	4115831	1
8304448	8304419	5
1480659	1482921	1
9554959	9528343	1
10041468	10041467	3
4580849	4580850	2
8264991	8264992	2
10397559	7244036	2
1087376	1082761	1
10920318	10920317	2
7848009	7848010	2
10753443	10753444	1
4785563	4722849	1
1991912	1991911	1
9235391	9235392	2
11588686	11558706	1
7713695	7712436	1
1702272	1652586	1
5945219	10520262	1
8755966	8755965	1
9169177	9169178	2
3309801	3309802	1
10562692	10678309	1
5493426	5493425	3
6241959	6241960	1
2777984	2777763	1
1364005	1364006	2
751598	751564	4
9647015	9647016	1
3609786	3609033	1
1655032	1749844	2
3093841	3066083	2
4007809	4007810	2
3897771	3896743	1
5771258	5771255	5
10031628	10031625	1
8905127	8905128	1
5643454	5643453	3
6067109	6067110	1
7455393	9291911	3
6173339	6176094	2
8100801	8100802	1
9726530	9726529	2
5909899	5888601	3
12536423	12536424	1
11580978	11580977	2
3184216	3184215	1
3299382	3299384	1
8819692	8918992	1
1599201	1599222	1
3624775	3624743	1
12053280	12053279	1
571442	571441	2
2033026	2048615	2
1825216	1825231	1
8149012	8149011	1
9690890	9716016	1
12293758	12286490	3
1792466	1792505	4
775234	775113	1
2539796	2539795	1
5856228	5856227	1
4379397	4379410	1
11935773	11936099	1
5712211	5711446	1
2323625	2323571	1
9868031	9868032	2
5424560	5424557	1
648117	648642	1
7922897	7922693	1
5804647	5797295	4
4059577	4058976	2
6686599	6686600	3
11006383	11080669	1
6044174	7683231	1
4047030	4047026	1
8153310	8153309	2
1919001	1919066	1
3988694	6493478	1
3054304	3054302	1
12639558	12639553	3
3826302	3826299	1
10604043	10604046	1
11590645	11569501	3
1584818	1582953	1
9454226	9454225	3
7641537	7641538	1
11580978	11580975	1
12459888	12459887	1
2741593	2741598	1
11998845	11998846	1
9841905	9841906	1
6977195	6978919	2
11753098	11743030	1
4007927	4007928	5
11516646	11516645	4
12682334	12737567	1
6773959	6794070	1
10425000	10424999	1
10167310	10167309	1
11089340	11089339	1
10323768	10323767	2
1634711	1634796	1
7679304	7679214	1
6659342	6659341	1
2831532	2831531	1
8519643	8519644	2
3746603	3746584	2
8555542	8556505	2
12416156	12416090	1
3168806	3168805	3
8968423	8968424	1
4052345	4052346	2
5611540	5611499	1
12395934	12395931	1
10042181	10042184	2
4820605	4820606	1
7985616	7985615	1
6459424	6459423	2
11463005	11462135	1
1166727	510955	1
7645042	7645041	1
762089	762090	2
8004921	7963139	2
4709614	12208655	6
5821452	5821451	3
11000600	11000900	1
8350104	8350103	4
4010126	4010125	2
9762350	9762347	1
1833550	1833511	1
7078966	7078965	3
8660647	8747240	2
4341873	4341876	3
2557262	2557261	1
10020221	10025636	1
2831530	2831529	1
5825956	5825955	2
3409872	3409404	1
4120166	4120165	1
6061883	6067138	1
6480390	6479739	1
1607209	1606333	1
801746	801745	3
8023357	8023360	1
1643624	9148272	3
10460105	11469349	2
5577475	5577466	1
1874387	1875061	1
4563407	4563410	1
7095920	7095919	2
9163864	9163863	2
4767873	4767874	1
2411515	2420887	1
2632452	2631146	5
4424752	4424751	1
4155964	4155963	1
2490651	2489858	1
8405337	8409336	1
6198105	6199952	3
1825216	1825233	3
11555155	11555158	1
391291	391422	1
9285607	9288384	1
1974858	7770057	1
1988554	1940805	1
4118208	4118207	1
1850653	1850654	3
12257290	12153973	1
11380219	11380220	3
10229416	10228623	1
2794845	2794846	1
5094021	5094022	1
6743075	6743071	2
10504496	10504495	4
4475685	4161423	3
6966686	1582778	1
9021209	9028903	1
10988426	10988425	1
6326578	6512840	2
4925711	4925712	1
11398344	3368640	2
8560844	8560843	1
9190053	9189778	1
5234021	5234022	3
312001	312002	1
6341109	6341045	1
7424028	7424033	2
9812645	9812532	2
10974526	10974525	1
2299818	2299817	2
4986475	4986685	2
4216440	4216439	3
4211010	4211009	4
8456269	8514570	1
6849078	6942390	1
6531435	6531438	1
12808919	12808920	2
4820550	4820604	1
7606831	7606832	2
12732939	12732940	2
11184689	11005567	1
225910	225916	1
3864779	3864821	1
7871505	7871506	1
6101819	6101820	1
10755916	10755913	1
11445108	11445107	1
5950650	5950649	1
5922810	5921884	1
2662061	2662062	1
12788305	12788306	1
161255	161256	1
6188855	6188856	1
8149010	8148575	1
1316160	1316159	1
11984482	11984481	1
10764292	10764279	1
11721678	11721677	3
3923165	3923166	1
8193115	8193116	1
7718796	2434418	2
8423290	1297751	2
6123454	6123453	1
1086849	1086830	1
9949656	9948398	3
7407783	7295230	3
1538319	1538320	1
1732129	1732099	1
2692972	2754143	1
5627040	5627037	1
7903994	7903993	1
10383045	10382590	3
4631300	4631299	1
1258976	1258973	2
7470350	7470319	5
5060239	5060085	1
10180841	10180910	2
10011800	9838823	1
7872797	7872798	2
9517991	9517994	1
734762	554676	2
3733243	3733244	3
1502903	1502906	2
10117019	10117023	1
6507864	6507863	1
11915338	11914098	1
12464539	12464542	1
6537645	6734519	3
2442193	2442194	1
525433	192347	1
10462264	10460595	2
12289601	12294745	1
751638	751654	1
10609129	10609101	2
1978901	1978902	1
4688676	4688675	1
5903996	5903995	3
1587627	1531646	1
1120947	1120948	1
9989284	9989283	1
863050	863049	4
4379397	4379398	1
10031628	10031627	2
4828717	7146308	2
8202881	8202884	3
9733078	9733075	1
11578032	11562277	2
2594244	2346635	1
7578194	7578191	3
9475504	9475501	1
6842897	6882399	1
12452801	12452802	2
1100223	963326	1
4449824	4449974	2
11615084	11615083	3
11455875	11455876	1
1084630	1084043	1
7871401	7871402	1
6182774	6182773	3
9633462	8172627	1
11217069	11217485	1
5220690	5220689	1
6144193	6144199	1
7180728	7180727	2
10964372	10964371	1
11027711	10958064	2
12744714	12744713	2
9006202	9006201	1
9553989	9553992	1
12592760	876287	1
5962704	5962703	1
10307740	10307739	1
6202657	6188854	1
3519222	3519219	1
6155537	6155538	3
10689503	10689504	1
3197306	3197305	2
7811784	7811492	1
6070255	6070256	2
11920209	11920210	1
1463330	1463329	1
11696134	11696133	1
5715158	5715157	1
3983974	1307364	1
7828549	7828550	1
5858872	5858868	1
10668919	10668920	1
3519220	3519219	2
7558163	7558161	2
11815473	11767879	1
7469195	7468821	1
6508080	6508079	2
11526957	11526960	2
11681313	11681316	1
5202377	5210761	1
4706124	4706098	1
7777437	7777444	7
10740313	10740314	2
11027707	11027708	3
7050895	7050896	1
1086698	1086697	2
12678625	12678626	1
7586714	7586713	2
3885522	3885538	2
4442040	4442039	1
4580851	4580852	1
4724151	4724109	1
10659159	10659160	1
7261372	7414305	1
11314441	11319685	1
4665715	4646000	1
6881525	11803364	2
6048715	6188690	2
6155533	6155536	1
12511750	12511749	1
4010894	4010893	2
8026947	7932581	2
7117796	7117812	1
1368427	1368428	2
1922666	1922624	1
4053779	3732064	1
7002073	6921578	2
10377527	10377590	1
6613815	6443454	2
7895043	7895044	1
3420727	12771168	1
6592395	6592555	1
9177688	9177687	2
570347	570348	1
8476864	8476863	1
11593180	11600365	1
11827395	11828021	1
2167649	2167675	1
10836601	10836604	1
9838468	10025724	1
12776089	12728500	1
3190108	3186095	2
8060038	8060037	1
7796011	7796012	1
9146740	9146739	3
5070584	5070601	1
12657157	12657158	2
8775808	8775915	1
5675115	5675129	2
5190903	5181186	1
8250763	8253341	2
11163670	11163669	1
4116316	7429133	1
7700467	7700468	1
1182702	1195328	3
4692890	4692889	2
10144360	10144359	1
8280272	8295270	2
5182364	5226867	2
5603133	5603134	1
9180325	9193574	1
12744710	12744709	4
8171742	8171741	4
1800988	1800987	1
2990131	2854999	1
5648384	5648383	2
9057938	9057935	3
12688127	12688128	1
6743070	6743069	2
1403775	1403776	1
7024468	6881940	1
2406349	2406350	3
6575242	6575241	2
12140505	12140506	1
3019645	3019646	2
7081731	7052621	3
7408973	7408976	1
10008962	9976014	5
2666814	2666813	2
5499918	5499917	1
8294778	8294777	1
11749057	11749058	1
4406848	4337916	1
9192998	9193000	1
2307924	2307923	1
7852001	7852002	1
10939041	10939042	1
3318881	3318884	1
3025761	3025762	2
4697800	4697797	1
5200200	5200199	1
9866254	9831733	1
12376311	12376312	1
7878575	7974064	1
9100230	9164808	3
12744714	12744711	1
1919307	1919308	1
1175866	1175862	1
11336566	11629220	3
5491819	5491820	1
9569491	9448173	1
3601474	3601808	1
1395145	1395148	2
10514082	10514081	1
9571855	9571839	3
10587889	10587890	1
2000802	2000798	1
10074899	9949111	3
1245973	1245998	1
12622138	12622137	3
11847581	11847582	2
8405337	8405340	2
790410	576999	1
7184000	7183999	1
10153673	10153674	3
2876296	2876293	1
10031860	9882555	1
12155647	12155573	1
10053424	10053925	2
10878909	10878912	1
804798	804849	1
9768554	9768553	1
8009523	8014617	2
12723748	12775828	1
8410741	8410742	1
7515369	7515370	1
2152107	2152540	1
9703749	9699263	3
4404638	4404637	1
6186190	1314843	1
6419401	6713403	2
2148719	2006102	2
2351867	2351868	1
6430704	6791560	2
9687288	9688283	1
4867104	4867103	2
9003601	9003602	1
9721456	9727240	2
7885217	7885174	1
7043731	7049393	3
1147399	1147402	2
9346003	9346040	2
9391087	9584848	2
8999997	8999998	1
8404273	8404269	1
2213273	2213274	1
445181	445184	2
11265465	11265466	1
846540	846539	2
1643626	9148272	2
717778	620726	5
4521543	4521560	2
8558963	8558964	1
922983	922440	3
5829987	5830029	1
1497853	1490033	1
1912405	1899132	1
12799501	12797911	1
6243155	6243214	1
11526957	8974337	1
10536280	10536279	1
2202988	2428307	1
3621760	3621751	1
10147653	10147654	3
10147648	10143535	1
10414818	10415751	1
11925238	11925237	1
7141755	7141756	1
8164329	8164330	1
350355	350358	2
8870703	8870704	1
7153019	7153020	3
7620956	7620955	2
9430771	9430772	1
4783621	3329176	3
8634306	8635084	1
4746188	4745996	3
7515369	7515372	1
3556661	3556662	1
15320	15296	1
4816039	4816040	3
3476501	3476502	1
10147655	10147656	2
8227136	8227045	1
7788081	7788084	1
1623146	1628429	1
5565857	5494616	3
10931339	1530420	5
604522	12389381	1
5552253	5472339	1
4559481	4559178	1
588400	581831	1
7597408	7597407	1
4175142	4175141	1
5956520	5966513	2
2882069	2882055	2
10753445	10753150	1
12163620	12163619	2
4108790	12356546	4
5550191	5550192	3
4333638	4333637	1
869472	869500	2
11588843	11588844	1
5458496	5459572	1
276759	276760	3
6909665	6909333	1
4152800	4132813	1
11753191	6977799	2
7203656	7205909	1
12039792	12039196	2
6626911	6626901	1
4609491	4609523	1
10754815	10754816	3
6139789	6139824	1
11378596	11378584	1
8033765	7568540	3
6884425	6884480	1
3519222	3519221	2
399637	399638	3
10416171	10411988	1
389310	389309	2
10379678	10383572	2
9833508	9889940	1
4118712	4120050	1
7903268	7903267	2
3686913	3686879	1
9169179	9169143	3
5118417	5118418	1
4748222	4748221	3
3962402	3962564	1
11520798	11520797	2
3790578	3790577	1
8983151	8979954	3
5506762	2349096	1
10807584	10807583	2
9713171	9713172	1
12238485	12238486	1
5199933	4947887	1
3360081	3359953	5
12118686	12118683	1
627513	627514	2
10661818	10661815	5
744416	744435	1
3139049	3139050	1
6309027	6309028	2
1293641	1752884	1
8654504	8654503	2
11469346	11469345	3
5059280	5059259	1
6241957	6241958	2
10023773	10046272	1
10429236	10429235	1
8437485	8437482	1
2975404	2975403	2
10953961	10953962	1
9517993	9517994	3
4217018	4217032	2
6142954	6108769	2
6234101	8428883	2
386293	386294	1
2704577	2704630	1
1511552	1511551	1
8845133	8848339	1
9682384	9682620	1
2000795	2000796	4
6332051	6448256	2
1303781	1303807	3
7758175	7758176	2
6978467	6978470	1
6559365	6573504	1
3961895	3961896	1
3936048	3936327	1
3116304	3116303	2
12482310	12528148	9
5725338	5725337	1
934004	934003	4
3392434	3392433	1
9680818	9680817	1
11822647	11805065	1
3159060	3159059	4
11161978	11161977	2
12443574	12447951	3
6448290	6448289	1
1921669	1921670	1
10161225	10161226	3
11451951	11451954	2
4809452	4809451	1
6714121	6714132	2
5052417	5052444	2
2494276	2494275	1
4010896	4010893	1
8831787	8820815	1
4646001	4646002	1
4586117	4586258	1
7788083	7788084	3
6670717	6670718	1
6829363	6829364	2
746572	746571	1
2904786	2904785	1
1185185	1185186	3
1086712	1086699	1
7549279	7549282	2
11648684	11648096	1
7144167	4068183	1
6177326	6177329	1
7378573	7378574	2
10084944	10084943	5
11740880	11700238	2
6880913	11581147	1
9019283	9034923	1
1396967	1396968	1
9416166	9416165	3
7396189	7396190	2
9303710	9303705	2
11737165	11737176	3
4516927	4442039	1
2162365	2162366	3
8571548	8571547	1
11988719	11988720	1
1530421	1530422	5
2019393	2019394	4
4245335	4245336	2
7643147	7643148	3
438733	860180	1
3045012	3045147	1
3323452	3323451	2
10300519	10300520	1
5125061	5125064	3
4034194	4034193	5
12337940	12337905	1
6412517	6412503	2
4446391	4446392	1
7677006	7677005	1
1521641	1519130	1
6604340	6604339	1
1538488	1538487	1
6660255	6660256	1
11053813	11053814	2
10336311	10335935	2
4613946	4335618	2
5949553	5949554	1
2313691	2313692	1
4085344	4175141	1
11792646	11792645	1
8840944	1153788	3
388683	388688	1
6880970	6880969	2
12119341	4077075	1
6131885	6131886	1
10743381	10743382	1
9515983	9515975	1
5009491	5009492	1
10161225	10080836	1
2082106	2082105	2
11058496	1483209	3
87581	87582	1
10591633	10591607	1
1700141	1700142	3
11695832	11696133	2
4054214	6773865	2
11052271	11052272	2
9353207	9353204	1
7002366	7002372	1
1098618	1098617	3
1878263	1878266	1
5940495	5940496	2
4410491	4410492	1
5327467	5327533	1
5740508	5736445	2
12155647	12155571	2
11511308	6947018	2
2210318	2443455	1
9251200	9251140	2
7143220	7143225	1
8233652	8247030	3
12744708	12744722	7
1789937	1789938	1
6503161	6503172	1
12553617	12553604	3
2519598	2519597	1
10362663	10362671	2
8747243	8747244	2
10772540	10772539	1
9966931	9966932	2
12674360	12674359	1
9875863	9875864	1
1396967	1396970	1
11039982	11039981	1
3511328	3511327	1
3689824	3689823	1
4856970	4856969	1
2213456	2358406	1
7994401	7994612	3
11175028	11175031	1
350359	350360	1
9300059	7448397	2
10032632	10032631	2
6203245	6203246	2
7335739	7334972	1
8207356	8207180	1
7042416	7042415	1
2741595	2741598	1
2882063	2882068	2
10188373	10188374	1
4673125	1042037	4
4245442	4473261	3
8787620	8787619	1
8516038	8517166	1
8896463	8896464	3
10964386	10964373	1
7014035	7014028	1
6874608	6874607	1
8156565	8156570	2
2795564	2787540	1
9131845	9137519	1
8547030	8399405	2
505747	505748	1
10031630	10031627	1
2536067	2536202	1
4002650	4002649	2
6778250	6553838	1
550417	531500	1
7470351	7470352	2
630303	630306	1
4450022	4449763	2
6119878	6119877	2
3283861	2837055	1
11455877	11455878	1
6952271	6952280	1
2347943	2347944	1
11961969	11961970	1
2627143	2627144	2
2663509	2663510	1
2213275	2213276	1
11516644	11516643	3
5632759	5632812	1
1707077	5994869	1
9079742	9079741	2
4166029	4166030	1
9479290	9479287	1
1801408	1801407	1
8404879	8404890	2
9676398	9676396	3
1964277	1993904	1
1120949	1120950	1
5603122	5603121	2
7177673	7177674	1
2342452	2342451	1
863050	12456471	1
5199933	5199934	3
6828839	6828840	1
9247007	9247008	1
3554201	3554202	1
11577055	11577056	2
7063941	7061645	1
4224410	4224409	2
4310362	4310365	1
2741627	2676267	1
836985	806772	2
10213971	10213974	2
5615436	5615435	1
12246917	12246918	4
1067041	1067042	3
8556769	8570938	2
7683043	7683044	1
4727045	4727046	1
4398588	4265238	6
6433923	8446691	1
4568592	4568591	4
4728809	4728810	1
1944069	1944070	2
9256406	9256405	1
7956721	7956722	1
8000815	8000823	1
9655983	9655984	3
682447	682448	1
3389472	3389471	1
5218585	5220650	1
9875854	9875867	1
7742508	7810140	1
9765513	9765427	1
10135668	10234308	3
654144	654174	1
7361441	7361442	2
8781720	8781719	1
5910016	5910015	3
1187389	1175867	1
2020046	2030041	1
1172171	1172174	1
6573511	6573512	2
2477315	2477316	1
2242416	2242415	1
4006601	4006512	2
2830467	2830468	1
5860447	5860448	1
3993652	652217	3
531107	531161	1
8947690	8947687	1
248105	248106	2
3194293	3194294	1
1564588	1564587	1
2782313	2782316	1
2809220	2809219	1
5321797	5321798	3
11010608	11011666	1
1381465	1381466	1
9688282	4418085	1
8280381	8293396	1
7042583	7042741	1
7940831	7940832	1
8858806	8990491	1
3249349	3249201	1
2390461	2388965	1
7137255	7137079	1
7034114	2065369	1
12253472	12253471	1
7309783	7164529	1
6618104	6484382	1
10465239	7899747	1
8060038	8060035	2
11871678	11871677	2
9525806	9068084	1
8387800	8387802	1
8745129	8745130	1
10717434	10717424	1
6468737	6468393	1
3712640	3870189	2
4792464	4841086	1
5551867	8526034	1
9808634	11269996	2
4579106	4579801	4
5628489	5628447	2
5557857	5557858	1
4684224	4684223	3
3562609	3562610	1
9579130	9579129	1
161253	161254	1
6978467	6978472	1
6548666	6548665	2
2384877	2384878	1
3994347	3994348	1
11246522	11246521	3
5809935	5810058	3
79750	79749	1
6448294	6448289	1
11650594	11650742	1
9301837	9301838	1
2643903	2567643	3
12227492	12227491	1
4300181	5693678	1
1334415	1334416	2
4027407	12119340	1
7537526	7537529	1
12667223	12667224	2
7020183	9113444	1
3565179	3527571	1
9395198	9395197	5
4458721	4458722	2
7381435	7381436	3
657624	657621	1
3207510	3207509	1
2423809	2105606	1
8280272	8295272	1
10398469	10398472	3
12371954	12164557	1
9609871	9609872	1
6200319	6200332	2
12312477	12312478	4
11161980	11161979	2
839594	751917	1
5406965	5233027	4
1700139	9191771	1
9941698	3428473	1
2826914	2826986	1
11117647	11117648	2
9744500	9744499	1
1196956	1196955	3
7720061	7720062	6
8093468	8093467	1
5543527	5543556	1
12562900	12562899	1
711245	12179624	1
3598366	3563534	1
823941	823942	1
12688911	12688912	1
10166879	10167309	1
10504494	10504493	3
8404891	8404892	2
10668917	10668920	1
7644963	7644964	1
1002776	1002775	1
1635402	1678537	2
11394417	11394420	1
3979056	10394652	3
11294092	11294091	3
1617074	1643702	1
5651175	5651178	1
1171430	1351230	1
9808413	9808414	2
8473347	8287521	1
4039621	52174	1
7679499	7679500	1
2130357	2130358	1
452113	471638	2
87137	112462	1
7560174	7560173	1
2835822	2835821	1
9649364	9649341	1
7991392	7991391	1
2702747	2695296	2
2179528	2179527	1
167933	167934	1
3329826	2953038	1
6618107	6617642	1
8908788	8908787	4
827757	724720	2
5804645	5804646	3
5237702	5181011	2
5016803	5016804	1
756587	756588	3
9035661	9035664	1
10245888	10245900	1
12286192	12343917	1
12443002	12443011	2
9744521	9557681	1
2668264	2668263	1
4042171	4041361	1
995760	984998	1
752531	809150	1
9808506	9808539	2
7676009	7676010	3
5726240	5729796	2
9035665	9019988	2
8565646	8565521	2
3824183	3824184	2
9849656	9849655	1
5419583	5442062	1
4288302	4288301	2
5717223	6049001	1
10161227	10080836	1
4102608	4102607	3
1156442	1156441	1
5041833	5041838	1
9688322	9688329	1
11561453	11580977	2
6448292	6448291	1
3121689	3121690	2
11521681	11521825	1
4043408	4043839	1
2562319	2562312	1
7960499	7960502	1
10297679	10297680	1
8348008	8348007	2
2411756	2411755	2
10698414	10698413	3
8712848	8712870	2
1110437	1110438	1
6040374	6040373	2
4648254	5186450	1
9978659	9978675	2
3677206	3677205	1
6965017	7078971	1
5393870	5393410	1
5945217	10520262	1
12206461	12206468	1
5638935	5638936	1
8202399	8206245	1
10666188	10666187	2
9287928	9287927	1
7306764	7306763	1
4615139	4615142	1
11958071	11958125	2
9768552	9770847	1
3285948	3285593	4
5856226	5856225	1
12452717	12452712	2
6254001	6256975	1
397520	397519	4
5223724	5223723	1
2308051	2308052	1
10262304	10262219	1
4487677	4487680	1
8232432	8232429	1
5673060	5666738	1
12205711	12205712	1
6114199	6114200	1
4600302	12230037	1
10504496	10504493	1
8841781	8841782	1
505749	173750	1
9827676	9827675	1
183436	242801	1
7056666	7056665	1
3778107	3778110	2
10487453	10487454	2
5196272	5196211	1
1667603	1669183	1
3781167	3797406	1
11750402	11750371	2
8160635	8151450	2
10190979	10191295	1
3624744	3624743	1
2901083	2901129	1
2927012	2926879	3
5238113	5238114	1
627190	627187	1
2787541	2787542	1
5089033	5088972	1
6308866	6308806	1
2697389	2697390	2
2876294	2876293	2
9293948	9293947	2
3274895	3274896	2
605762	605757	1
7901107	7563334	2
10715948	10715947	1
7621978	7629045	2
3932085	7828492	1
9477084	9477083	2
12408120	12408119	1
4139719	4139720	1
8947692	8947691	2
4375304	4375708	3
11877128	11875842	1
7989919	7989922	1
9167663	9123321	3
2260024	2260023	1
2835820	2835819	2
2585799	2572608	1
10257484	10257483	3
4019992	4117699	2
510954	1166726	1
9273204	9273203	2
2532665	2532666	1
7534672	7534671	1
1376978	2614978	1
1392777	9865581	4
7168848	7167041	1
8765017	8636190	1
5010965	8573450	2
8516252	8516226	1
3168808	3168807	3
7857382	7857381	1
9156338	9163524	2
4783619	3329176	2
2668432	2668269	1
10025725	10032739	1
7895045	7895046	1
5294249	5294088	2
8802941	8802942	1
11561453	11580979	3
11505704	11505703	1
4264450	4266558	2
9175708	9176117	1
9146742	9146739	2
8529728	8529725	3
1603567	1603739	1
2000802	2000796	1
11236307	4655964	1
9264793	8666243	3
162237	380676	2
1350994	1350993	1
8652476	5594354	1
5429076	5597375	1
11429504	11429676	1
12420273	12296402	1
9291408	9291407	1
9850938	9850937	2
3978070	3978019	2
5431925	5431926	1
9191806	9191805	1
5234023	5234024	2
6101437	6101543	1
11563395	11594510	1
7680523	7679498	1
479447	479448	1
3909038	11500932	2
961376	999442	2
4027405	4027406	5
4333636	4333635	1
2333536	7718797	2
12158482	12169292	2
5861645	5861646	3
6686601	6686623	2
10754064	10754063	1
7533887	7533888	1
7783526	7783536	1
5517819	5517820	1
1749445	1749446	1
2053503	2177864	2
10447481	10398073	1
7146474	7146473	1
3166157	3189913	1
200350	197726	1
1185187	1184996	2
1590937	1590940	1
12373789	12373837	3
4010504	4010495	2
11959095	11988721	2
4031143	4031144	1
5708432	5709481	1
12002251	12002252	2
2786391	2786392	5
11045316	11045313	2
7856417	7858506	1
7788081	7788082	4
2836931	2836927	1
11750429	11750430	1
685447	418452	1
6785815	6785834	1
8173187	8173188	1
1840100	1840303	1
4440710	4440665	1
9150281	9150285	1
3525083	3525084	2
435798	435795	4
2395820	2395819	1
11618452	11618451	1
1833041	7013978	1
10764278	10764277	1
1473840	1473839	2
458882	720276	1
7811807	7811808	2
4000272	4000497	3
7580499	7580500	1
11152404	11152403	1
10473795	10473796	1
2369402	2369401	1
5220205	5220206	1
7406770	7406769	1
9017802	9180035	1
9883534	9885057	1
2962866	2962863	1
1616885	1616886	3
3609013	8866675	2
9680816	9678336	1
8087358	8087249	1
11701676	11701673	1
8405341	8409336	3
