fend1	fend2	count
12774279	12774280	2
1184532	1184531	1
9532198	9531291	1
2699413	2699202	1
9542996	9542995	1
1151533	1155919	1
1545010	1570990	1
5646718	5643001	1
125543	125547	1
4161043	4161044	2
3768802	3769600	1
10396973	10396976	1
8108999	8109008	1
10809181	10809182	1
971834	971365	2
4244386	4244385	1
10966752	10966463	1
5115872	5115869	1
2346018	2346017	1
5734976	5741929	1
11534123	11534124	1
2369503	2369504	2
10462959	10462960	1
12650839	12650842	1
7612241	7624076	1
6693369	4083301	1
11935036	11934935	1
4369306	4369303	1
6507372	6507371	1
6173109	6182946	1
11669343	11666625	1
3046539	3072939	1
1384284	1384281	1
3457642	3459140	1
8181815	3237506	1
8398353	8392309	1
12290357	12290393	3
4585111	4591066	1
7120659	7120660	1
8577036	10227067	1
12682721	12682722	1
12225415	12225416	1
8616268	8616267	1
12569526	12569189	2
2350514	2350513	1
4153831	4155777	2
6522369	6522412	3
6978933	6978681	1
10635428	10635427	2
1384284	1384283	1
10671301	10671302	1
8373680	8373679	2
3336373	3336409	1
5891768	5891767	1
2761686	2761677	1
6052705	6052714	1
3757664	3757644	1
6200761	6200751	1
6042425	6042426	2
10769371	10769372	2
3800050	3800049	1
4571306	4571305	1
3913879	3913838	1
11888074	11888200	1
10120992	10120968	1
6140229	6140384	2
8829772	8829771	1
12462640	12462639	2
7538236	7538235	1
1344443	1344444	2
6606094	6575661	1
5858380	5858379	1
5846484	5846483	2
11516611	11514742	1
7671993	7671994	1
198858	198357	1
11274359	11274360	1
6399994	6399993	1
9665921	9665922	1
6058819	6058820	3
6254128	6254127	1
6481964	6481963	1
4370682	4368266	1
3200567	3200568	4
804749	804764	1
4695822	4695828	2
8843802	8843837	1
7600003	7600004	2
10921092	10921095	1
9764565	9764821	1
11385744	11385833	1
12667844	12667843	1
10606521	10514345	2
4748314	4748618	1
6319373	6321033	2
2957535	2957528	3
12186570	12186558	1
4250702	4250701	1
514411	515395	1
9350257	9350258	1
10011548	10011547	1
12150967	12150968	1
2121060	2121067	1
6242595	6242596	1
9635521	9635522	1
11555302	11555301	2
3525996	3525920	1
6279133	6279134	2
11541571	11541572	1
5195686	5221334	1
2034008	2112990	1
1633798	1633665	1
939038	939037	1
8611735	8611736	3
6053899	6052399	1
1082228	1082233	1
3699275	3699276	1
5927275	5927276	1
10295429	10295430	1
8825093	8824985	1
3204635	3204636	2
5734331	5734332	1
8227445	8227446	1
3699277	3699278	1
5927277	5927278	1
9977423	9977424	2
9030718	9016001	1
5317529	5318620	1
3195855	3195856	1
11958981	11958982	1
12806048	6058068	8
12259443	12259492	1
4327527	4327528	1
2320347	2320348	1
10030232	10019644	1
7422883	7422884	1
9268973	9268974	1
7992610	7992325	1
2131867	2134601	1
5419664	5419663	2
2443570	2443569	1
4700875	4700651	1
10527621	10517017	1
7805885	7805961	1
2107150	2107149	1
7631658	7631828	1
1986314	1986307	1
9252540	9252539	1
3722420	3722419	1
8860549	8860550	1
7555805	10805145	1
919670	919637	1
6496396	6496395	1
12790881	12790882	1
4337661	4337662	1
3652447	3652448	1
7435786	7435785	3
12810170	12810173	1
10474479	10643561	1
11940069	11940117	1
11322115	11293188	1
3469518	3469517	2
1661037	1659337	1
10970599	10970600	1
6118215	6116527	1
9621487	9621488	3
4309006	12515474	1
11612190	11612189	1
3286043	3286819	1
3304072	3304071	1
1151531	1151532	1
9028850	9033822	1
9137900	9137899	1
6584632	6584631	1
1700490	1700489	1
9100785	9100786	2
11912751	11912752	2
11548908	11548907	3
1317899	1317900	1
5997958	5997955	1
4752494	4752442	1
11538448	11538495	1
5520592	5520912	1
1724454	1724445	1
1392460	1392459	1
1126567	1126568	1
8478215	8486266	1
2553855	2553856	1
2865259	2844457	1
12324919	12324920	1
3274222	3274221	2
6275177	6275178	1
6330313	6330314	1
8476864	8587673	1
974403	974404	1
7268040	7268039	1
9841805	9841808	1
262559	261999	1
12741467	12741323	1
405102	405099	1
1413346	1413345	1
8392665	10841979	1
5947554	5949137	1
405962	405103	1
11524608	11524598	1
3142298	3142309	3
5261931	5261932	2
10165441	10165442	1
5055694	5059630	1
11594464	11617433	2
6382792	6232936	2
115047	177431	1
509731	511284	2
3545372	3545371	2
5676548	5676545	1
5348290	5348289	3
12281538	12281537	2
1524023	1524087	1
2427167	2427168	1
5885722	5885721	1
11968980	11968979	1
1179983	1185539	1
7451756	7531982	1
7459022	10875592	1
6136827	6136841	1
5859235	5859236	1
4473245	4473140	1
2207887	2207888	1
1391735	1391736	1
3671234	3648361	1
11101248	11101139	1
7827623	7827624	1
1229721	8080402	1
1897751	1897753	1
5197312	5197311	2
5197314	5197313	3
871140	871139	2
2665054	2665053	1
173902	173901	1
7824807	7824808	3
11506809	11506810	2
3232908	3232555	1
8290902	8290896	1
4807992	4784130	1
352632	352714	1
630853	630854	1
11721118	11721105	1
7948407	7948408	1
3310722	3310721	1
1098592	1098591	1
5086463	5086395	1
1418787	1418788	1
6192369	6192370	1
6359663	6359142	1
4254794	4255082	1
6353174	6353173	1
7103133	7103134	2
6615294	6616174	1
11935635	11881768	2
2024296	2024293	2
1643114	6690431	1
4677788	4841207	1
12020230	12020229	2
1690769	1690770	1
8024747	8015674	1
6699034	6699033	1
702529	702530	1
518966	517960	1
12790877	12790878	2
8682151	8683910	1
4746178	4802309	2
11636970	11562506	4
12345856	12345853	2
9992043	9992044	1
2544716	2544715	1
17696	17695	1
301028	301021	1
1021325	1021309	1
5921879	5922226	1
1639436	1639435	4
4368267	4368268	1
6086300	6085781	1
976262	920681	1
2563579	2564037	1
2581444	2581443	1
5255889	5255823	1
1767552	1761130	2
4711449	4711452	2
911606	911605	1
8376461	8375415	1
155139	155140	1
7832839	7834699	1
10698353	10698354	1
11872274	11872273	1
5009249	5009250	1
780510	780363	2
10070988	10070987	1
6225211	5747890	1
524785	524786	2
10080588	10080587	1
4621356	4621351	1
5709803	5709806	1
11991864	11988595	1
11626642	11626641	2
6042515	6042434	1
9764565	9764823	1
840407	840408	1
9548488	9548487	1
2681457	2681919	1
11883907	11883908	1
358528	358527	1
1308754	1308719	1
4472360	4472359	6
1316431	1316432	1
8322168	8322167	1
11562956	11568675	1
5997958	5997957	2
12727086	12727066	1
12788318	12787394	3
9283437	9238706	2
12724428	12724423	1
12467637	12467638	1
2789530	2787808	1
3128975	3128976	1
1069223	1069224	1
1924826	1922976	1
11638745	5536608	1
7935952	7935951	1
10109867	10109868	1
1082230	1082229	3
2521296	2521295	1
5120481	5120450	2
12151175	12151176	1
9348421	9345095	1
1538893	1538912	1
12492986	12492985	3
3362905	3362908	1
11058197	11058198	1
8555535	8555830	3
6569623	6569403	1
10841503	10774323	1
6323304	6323301	1
10248881	10248882	1
11562960	11562957	1
10830613	10830373	1
474067	474068	1
3064418	3064417	1
871142	871139	1
10042835	10044458	1
10011546	10011545	1
1131822	1131772	1
5931785	5931786	1
6024130	6007756	1
959185	959186	2
10743270	11111495	2
2405185	2405186	1
8749891	8750093	1
5671746	5671745	1
7472085	7472041	1
12645119	12645120	1
3458821	3458824	1
8950627	8795140	1
2336264	2329730	1
5730834	5730833	1
9830249	9830250	1
11617432	11617364	1
61676	61674	1
11018912	11018911	4
287389	287390	1
8797008	8797007	1
188560	188559	3
885806	885805	1
5240606	5240098	1
4580427	4580428	1
10589643	10589644	1
6208364	6208363	1
11903217	11902897	1
9272259	9272260	1
1852934	1852933	1
11146157	9371311	1
4623044	4623043	1
6852569	7061916	1
3238575	3147472	1
7379765	7376556	1
4313431	10101726	1
4328513	4328514	1
10453041	10453042	1
399637	399638	1
6046807	6046854	1
11256995	11256996	1
6798438	6798437	4
2034504	2034503	1
6664523	6664524	1
12787192	12787191	2
11501912	11439308	2
5335364	5335363	3
1099319	1099343	1
1680637	1680638	3
9579540	9579520	1
6176692	6176691	1
2849743	2849698	1
3338105	3337347	1
2616662	2616661	1
7610676	7610675	2
231451	231452	1
8992958	8992957	1
4078427	4078428	1
12183282	12183281	1
7567292	7567291	1
891041	891042	2
7116382	7116825	1
1626054	1625660	1
6463322	6463321	1
1070894	1070893	1
7924665	7923307	1
3925779	3925780	1
873856	879196	1
11614671	11614672	1
1357176	1354172	1
4562964	2622151	1
5248426	5248423	1
12536634	12536631	1
6739586	6740201	1
1526792	1527341	3
4497558	4497557	1
3468566	3468565	2
8422542	8422541	1
10670502	10670417	1
1794810	1794744	2
613538	613537	1
7518036	7518035	1
11695398	11696443	1
1573915	1573996	3
651806	651805	2
3699022	3537793	2
3269416	3269578	1
3196645	3196474	1
1986306	1986506	2
9684017	9684018	1
9620318	9620317	1
7913350	7913347	1
8859128	8858487	1
8777152	8784617	1
2346022	2346021	3
740675	740680	3
5240191	5260284	2
6189705	6189706	2
12515319	1445834	1
11728564	11701814	2
3686724	12563996	1
11518096	11518095	1
10453107	10453108	2
7180831	7182234	1
847599	848093	1
862597	865556	1
11775205	11775210	1
1523442	1523635	2
1765772	1765771	2
2036210	2036209	1
10188685	10188665	1
8214795	8214796	1
1838725	1838726	1
2016889	2016890	1
1728719	1728720	1
12324019	12324020	1
1239697	1238868	1
5762345	5762338	1
2033837	2034276	1
592663	592664	1
5249841	5249686	1
1707658	1707657	1
7751625	11172053	1
3743321	3743322	2
4687070	4687069	1
1668891	1668900	1
3238443	3238444	1
8108999	8109006	2
9197787	9191448	1
12525231	12525721	1
12151177	12151215	1
3860557	3860523	1
10599337	10599342	1
9324712	9324711	4
3712044	3712470	1
11589787	11589833	1
10870643	10870645	1
6587756	6587755	2
207189	207192	1
860339	860340	3
4094202	3200052	1
2703272	2702974	1
10105683	10105684	1
11627454	11627638	2
3730105	3730106	3
2443621	2443575	4
4591067	4591068	2
3292272	3292271	1
12617636	12617635	2
3697269	3697179	1
11506107	11506108	1
11114354	11114353	2
12548307	12548266	1
1374594	1374612	1
278963	250594	3
5692140	5692957	2
1773767	1773774	1
4302622	4301991	1
8878342	8878341	1
8616270	8616269	1
3019702	3019663	1
7500694	7501584	1
11441758	11445928	1
8630600	9123756	1
10673199	6095954	2
12040253	12040451	2
12620090	12620089	2
2175234	2175928	1
8392058	8392060	1
240883	240884	1
12271127	12271128	1
7399370	7397740	1
1043017	1043018	1
8028187	8027867	1
11872274	11872269	1
5979677	5979679	2
4448125	4448126	1
6980540	6980539	1
3325420	6800116	3
3488546	3488557	2
11070045	11070141	1
5571770	5571769	1
91337	2277177	1
6813334	6813333	1
3553820	3553819	1
2957529	2957530	3
7820515	7820516	1
5440186	5440083	2
162548	162545	1
3300726	3300725	3
6125880	6125879	2
2036208	2036207	1
2161306	2159438	1
1262170	1262169	3
7063508	7060846	1
7734115	12383338	1
8098077	8101517	1
1098050	1098049	1
6535055	6535056	1
1018243	1018299	1
11365670	11365667	1
3121024	3120969	1
9087291	9042130	2
8296873	12506137	1
5707394	5707393	2
10499051	10534475	1
4787262	4787259	2
4006690	4005823	1
2310776	2310790	2
12175240	12175239	1
2094635	2106349	1
8656126	8656123	1
7821798	7821753	1
8697042	8697041	1
7989291	7990147	1
7970775	1257716	2
11586141	11586142	1
10150870	10141340	1
7207835	7214794	3
8225805	8225802	1
3687943	3687900	3
120454	122506	1
7473828	7473827	1
3705674	3705906	1
6224028	6224520	1
10323583	10314788	1
840405	840406	1
8954033	8954034	1
5459465	5459466	1
6143019	6143020	2
5319471	5319472	1
12492984	12492983	2
174653	174697	1
10737725	10737726	1
7553429	7553430	1
1635712	1636878	1
9165037	9165005	1
5598440	5598439	2
2366752	7127080	1
12235869	12235977	1
8830700	7210887	2
4370987	4371119	1
6903057	6847548	1
1048878	1041305	1
6179105	6179106	1
6317702	6317701	1
5905504	5905626	1
8427341	8427342	1
8862482	8862498	1
3086127	3086128	1
7979595	7987642	1
5748825	5748956	1
9385644	9385622	1
5986112	12759593	1
4282729	4282774	1
5923102	5923101	2
2737857	2737873	1
11752463	11752437	1
3458819	3458820	1
6759756	6759755	1
9257452	9257451	1
891041	891044	1
5628731	5628732	1
4325416	4329082	1
3960096	3960095	1
12448884	12447670	1
9000344	9000151	1
8870652	8870513	5
10661510	10661509	1
6189707	6189708	1
8495903	8495904	1
4562342	4562306	1
7344734	7343015	2
6642303	6642304	1
5878963	5896772	1
3238179	3238442	1
10080754	10080185	1
5760636	5761016	1
7268042	7268041	1
9446588	9439855	1
7756679	7756680	1
10985768	10985828	1
4029102	4030840	1
2247101	2247094	2
2665629	2665832	1
8183793	8183959	1
9486948	9768395	1
3033924	3033108	1
2061141	2072194	1
2346018	2346015	2
12522513	12522514	2
11018912	11018909	1
10314731	10314734	1
7955556	8019614	4
3490786	3490770	1
7369904	7369901	1
9359127	9359128	1
3701247	5518070	1
12806050	6058068	1
7554127	7554128	1
5702133	5702134	1
2016887	2016888	1
4628530	4628529	1
8399097	8399098	1
4040152	4040159	1
1461405	1557823	1
7402096	7393867	1
5892263	5892312	1
2427163	2427166	1
952876	952873	1
3257977	3257978	1
12289125	12289126	2
5621400	5621537	1
711838	717392	1
1828700	1828699	1
1263850	1263673	1
2425684	2425666	1
2523183	2523130	1
3822884	3823732	2
9621126	9621125	1
12403039	12405078	2
5254729	5110667	2
8100874	8101586	1
8239232	8239247	1
12015732	4902511	1
1161793	1172002	1
3887443	3887444	1
11399619	11399620	3
2017067	2016934	1
2879027	2878843	1
3011820	3133119	1
4034111	4034077	1
4941253	4939036	1
1210394	1210393	3
11237395	11237396	2
11724806	11724805	1
3251586	3251585	1
5812620	5861242	2
11680662	11680665	1
1409689	1409690	1
5825529	5825530	1
11864102	11864099	1
3601962	3601959	1
3571742	3571745	1
1395062	1395061	1
5723757	5723534	1
7642525	7638995	1
9146203	2200411	1
10820518	10820690	1
441068	441067	1
6445316	3910683	1
10444672	10444671	1
10922576	10922575	2
419843	417871	1
222737	400771	1
12208426	12208425	1
684242	684241	1
10052448	10052234	1
3614591	3614592	1
6529223	6529242	1
5790362	5790361	1
334300	334299	1
12697151	12697145	1
11934229	11934230	1
4827092	4827120	1
871142	871141	2
4124135	4124118	1
6482781	6481415	1
1734852	1734849	1
11178425	6213652	1
10912030	10912029	1
7480264	7480257	1
561856	561853	2
7103133	11671008	1
5931928	5931931	1
5760634	5761014	1
11926526	11926525	1
1404947	1243757	1
1405017	1243353	2
8341013	8341022	1
3510885	3510886	2
10589641	10589642	1
7937226	7937236	1
8013656	8013668	1
2213182	2213220	3
2761684	2761677	1
4551739	4551984	1
9124523	9124524	1
5317121	5317122	1
6136879	6136880	1
9807522	9807370	1
7446383	7446384	1
8026864	8026861	1
2173541	2173358	1
5558459	5558460	1
10724190	10724196	1
2406396	2420176	1
6804920	6801806	1
5974778	5974359	1
2439017	2438880	1
2060134	2060133	1
10691726	10701209	1
10753092	10753091	1
6288054	6288053	1
5553853	9626312	1
9914927	9914928	2
8288812	8288953	1
3319668	3319660	1
11861920	10077041	1
6488713	6488714	2
4990784	4989260	1
11357571	11357579	1
2337039	2329545	1
6044326	6044325	1
9569301	9569302	1
7874495	7874328	1
7134789	7134983	1
10113235	10113236	2
11910981	11891297	1
5056553	5056165	1
7066380	7067512	1
5884283	5884284	1
12396121	12396122	1
3256674	3961022	1
2075399	2075400	1
6189710	6189709	1
7828409	7828397	1
4607093	4607094	2
11466806	11465947	2
1984312	1984301	1
11549855	11549856	1
4196677	11357570	1
8437416	8437061	1
3633767	3785210	1
5267188	5267187	3
3565239	3565240	2
4470525	9802104	1
10691495	10691496	1
2861514	2928720	1
6642727	6642709	1
1409128	1409127	1
7940499	7940492	1
6058993	6059022	1
4570181	4570182	1
10942685	10942686	3
9548486	9548483	1
9924545	9924485	1
8629220	8628483	1
12386918	12386917	1
3755047	3755048	1
11264559	8703053	1
10652363	10650282	1
922326	921791	1
2589248	2595101	1
12273956	12268746	1
867205	867206	1
5385400	9532271	2
12660167	12660159	1
1625773	1625774	1
1762661	1762662	2
4468752	4468241	1
2458996	2492711	1
46392	51215	1
4555997	4793731	1
8886346	8886345	2
11958973	11958980	1
11464213	11464214	1
3237014	3237254	1
2512927	2514108	1
292527	292528	1
10282278	10282277	1
9590123	11203343	1
40621	40622	1
3134355	8536019	1
7103135	11671008	2
4723548	4723480	1
4311118	5757272	1
4637636	4638259	1
5417256	5417255	1
9233988	9247676	1
4056851	4056854	2
3681952	3651212	1
11573993	11576146	1
2602859	2474686	1
7811526	7811525	1
2790690	2790689	2
1184534	1184533	1
7679025	7679026	1
4393533	4392491	1
2475668	2475667	1
8993234	8993233	1
7697356	7697071	1
752983	753062	2
12189668	12185180	1
6099576	6101676	2
5313378	5313377	1
6799012	6799015	1
9257324	9257453	1
9927467	9927468	1
3787079	3787080	1
7296993	7283405	1
12327559	12327560	2
11229110	11229109	3
6031467	6031349	1
9043236	9043235	1
3620485	3624400	1
4327529	4327530	1
7590603	7590654	3
11597245	11597248	1
2071630	2062756	1
8466289	11151652	1
216907	216908	2
1414083	1414084	1
7757042	7757041	1
6493648	6493389	2
2358791	2227478	1
327441	327442	1
2170480	2172214	2
11910607	11910608	1
10356248	10384290	1
9437539	9439387	1
2882790	2883343	1
4612891	4612894	1
9106921	9106852	2
6745119	6743805	2
4818015	4818016	2
2704241	2704242	1
11912239	11801313	1
4794783	4794784	3
3610757	3610758	1
12612209	12612210	2
7301997	7307139	1
12670271	12669869	1
8968718	8975117	1
9881140	9881139	1
10285601	10285593	1
2858921	2858922	1
7359970	7359969	2
4225736	4224712	1
10988474	11004797	1
5433142	5433139	1
7546186	7546174	1
1250831	1250832	2
3331779	3331780	1
2985806	2985783	1
9067330	9067327	3
4628528	4628527	1
6472407	6472431	1
6759116	6759118	1
5411978	5411823	1
5720371	5720372	1
2681457	2681458	1
10054093	10054100	1
2453442	2453469	1
7989289	7989290	1
1228148	1228147	1
1234219	1234220	3
6650654	6650334	1
2588921	2588922	1
3155071	3155072	1
4470495	4470496	1
8040562	8040561	2
10120286	10120285	1
66117	66118	1
10313372	10313371	2
11918385	11918386	1
6639402	6639401	1
8825093	8824987	1
11931418	11931417	1
3293884	3294755	1
6581529	6581530	1
2878808	2878707	2
2545727	2545757	1
5541704	5512228	1
2516195	2512962	1
2882828	2883029	1
6053866	6053865	1
4361626	10236104	1
6383768	6383767	1
3925147	3925148	2
11016013	11016014	1
3909452	3909451	2
6572446	12451205	1
2973173	2973174	1
8762982	8764227	1
9247677	9247678	1
6452656	6452655	1
11513013	11453752	1
5256279	5256298	1
8454308	8454307	1
8394119	8394120	1
591654	591651	1
3880636	3880635	2
6160312	6160311	3
5051088	5051086	1
347588	353978	1
12571240	12571239	1
5553717	5553718	1
11566583	11566584	1
8820105	9078873	1
5060397	5060377	1
9986740	9986739	2
6695517	6695625	2
7862745	7862746	1
8416763	8419080	2
952876	952875	2
4094948	2480581	1
3459337	3480373	1
2869330	2869338	1
10316559	10322030	2
4417321	4418641	1
6143021	6143022	2
9125625	9125630	1
5104018	5104006	2
7200235	7200255	5
9141307	9141263	1
10730751	10730741	1
12285695	12285696	2
4732097	4631983	1
7598552	7598551	2
8030400	8030444	1
5415894	5415893	2
3742696	3742693	1
8026909	7805201	3
7226060	7226050	1
4383612	4383611	1
11675107	9468711	1
278962	278961	2
357569	357650	1
4949628	4946761	1
9229530	9229600	1
10153933	10152327	1
11893725	11893726	1
2684398	2684397	1
10393965	10393966	2
10215656	10215659	1
3038256	3038229	1
9004779	9004918	2
1732076	1732069	2
3889427	3889428	1
640894	787191	1
2919420	2919422	1
5255579	5255580	1
7292801	7292804	1
1690771	1690772	1
10882432	10882431	2
6133728	6133711	3
4654031	4654032	1
11675729	11675730	1
145920	145918	2
2802688	2802700	1
1651952	1651951	1
4814966	4783306	1
11018913	11018914	2
6165341	6162681	1
12688776	12251435	1
6382790	6382793	2
1403107	1403108	1
2856365	2854343	1
4215795	4215811	1
6275465	6275466	1
8979202	8979201	1
10413834	10413927	1
12775134	1954124	1
7794707	7794786	1
3295859	3296105	1
1728990	1728704	1
10493216	10493215	2
2714648	2714647	2
4393446	4384199	1
5761608	5761607	1
107925	107926	1
4938481	4938467	1
9770463	9770464	2
319163	319164	1
207187	207188	1
2447851	2447165	1
7824807	7824810	1
6397142	6397137	1
7612144	7612143	1
4325382	4323525	1
7558858	7558839	4
6422633	6422616	1
8575994	8581017	1
3965247	3965254	1
6820324	6821141	1
12184115	12183926	1
11612188	11612187	1
5871671	5871534	1
11543516	11543534	1
1478725	1478726	1
6131007	6131008	2
12682719	12682720	1
6011245	6011374	1
7446332	7446331	4
8862876	8863349	1
5702208	6017380	1
7681253	7681254	3
3447646	3426046	2
3856750	3856556	1
3756576	3756575	1
2108511	2108514	1
10652361	10652362	1
10878343	10878344	2
10085551	10085571	1
6031268	7435022	1
3687944	3688893	1
9030720	9030719	2
1631168	1631167	1
2789887	2789888	2
10323285	10323286	1
8631540	8631537	1
6989568	6990016	1
2684400	2684399	1
7873884	7871653	1
5861075	5861245	2
9356027	9356028	1
1621920	1621917	1
904708	904705	1
10015881	10015884	1
7540000	7540663	1
11666066	11666063	1
9830675	9826497	1
1317899	1317902	1
6044295	6044296	1
5261554	5123922	1
344740	344739	1
9311444	9311460	1
12654397	12665425	1
524794	524784	2
1126570	1126569	2
10628446	10627862	1
4323813	12536631	1
5069748	5069757	1
5627189	5627190	1
2630170	2630058	1
143261	143285	1
2563579	2564039	3
8191347	8190264	1
2966557	2966558	1
7356068	7356067	1
2157447	2157448	1
6769576	6759117	1
3892784	3892783	3
9761662	9761645	1
4814053	4814056	2
6239856	6239227	1
3891422	3891452	1
6795051	6795018	1
5048939	5048942	1
9716375	9716288	1
7111414	7111406	1
2024485	2063234	1
10217104	10217103	2
4638454	4638451	1
262987	262995	1
4477159	4477164	1
1469793	2346930	1
4791444	4791480	1
8002053	8001947	1
122507	122508	1
3690121	3374791	1
5860548	5860547	1
3948851	3948870	1
3567406	3576694	1
1070892	1070891	2
2704243	2704646	1
1880887	1882988	1
3977174	3977223	1
7814114	7814113	1
5197314	5197311	1
11514944	11514943	1
11317193	11317174	1
7720103	7745668	1
9424741	9424742	3
2840481	2841342	1
12172862	12172861	1
12610579	12609685	1
11399617	11399618	3
11163668	11163584	1
3730107	3730110	1
7541044	7541037	1
9836098	9836090	2
5691207	5690724	1
10749418	10749417	1
1686529	9452433	1
4787262	4787261	3
5628733	5628734	1
883437	883412	1
5493622	5493603	1
4317380	4318234	1
6120732	6120731	2
8084	8083	2
10099270	10099283	2
9304871	9310156	1
12184113	12184114	1
12421543	12421544	1
12001586	12001585	1
4534978	4534977	1
5901691	5901692	1
3440893	3440789	2
1680641	1680642	1
3798617	3798836	2
10991188	10991057	1
11478623	11478624	1
11274986	6551729	2
6565202	6565201	1
10283429	10283432	1
12723098	12723095	1
3469518	8022497	1
10871967	10871976	1
10661512	10661511	1
6170548	6170547	1
2108509	2108510	1
5709801	5709802	4
7808375	8025607	1
5677756	5677755	2
1558287	1480941	1
9605185	9605210	1
3995831	3995702	1
952872	951136	2
1680639	1680640	1
4574137	4574124	2
4034076	4034075	1
11793077	11793078	1
11781697	11781700	1
6400667	6400668	1
11579830	11579849	1
6394167	6394171	1
10809183	10808452	1
742438	742437	1
8886344	8886343	1
5015974	5015973	1
11619818	11619817	2
10459741	10459742	1
8833243	8833135	1
5708922	5708921	2
2159182	2159063	1
1980594	1980577	1
1454077	1454074	1
4746178	4802307	2
622077	621778	3
6310507	6310567	1
2636467	2651066	4
11037153	11037154	1
10635426	10635425	1
9184426	9184425	1
1636804	1637028	1
6091491	6093744	1
12434661	12434666	1
1082626	1082623	1
2236081	2236082	1
9515855	9515858	1
8234132	8234131	1
6701292	6701291	2
2756127	2781175	2
9134990	9135255	1
4838208	4838207	1
2477599	2477600	2
676826	676825	2
4023482	4023481	3
7912373	7912377	1
1098594	1098593	1
1470788	1470787	1
4994022	8175193	1
10528832	10528831	1
2275988	2275979	1
10166766	10166388	1
11381915	11382354	2
11918387	7074168	1
1906041	1906044	1
11926528	11926527	1
2475666	3906407	1
9614246	9614260	1
6288056	6288055	1
5992539	5988020	1
1195721	1195722	2
9620322	9620319	1
7899718	7899725	1
7670009	7664490	2
2375508	2375479	1
10748288	10748287	1
9350632	9347181	1
10034474	10035123	1
4490202	4483640	1
17699	17700	1
9146201	9146202	1
10567387	10567388	1
11811168	11815192	2
10880223	10880228	1
11163050	11163049	1
6242593	6242594	1
33338	33335	1
5253253	5253254	2
12655554	12650853	1
5761015	5761016	2
7669650	7669647	1
9976492	9976491	1
3607469	3607472	2
8973740	8909799	1
6811967	6811895	1
3607467	3607468	2
5051858	5051882	1
2781174	2781177	1
927622	927621	5
7682914	7682913	1
9301846	9308994	1
5812883	5812884	2
11319145	11319146	1
4851922	4851919	2
11965251	11965252	1
11720118	11720117	1
2779292	2779270	1
12729252	12729289	1
6282741	6305375	2
10524659	10524430	1
12665165	12665166	1
11245096	11245095	1
1247954	1247959	1
10401281	10401282	1
8305133	8305134	1
3990809	3990782	1
4023484	4023481	2
7349982	7349981	1
5925638	5925636	2
6484428	6488900	1
6701260	6701259	1
2046229	2046230	1
9609186	9609178	1
7756677	7756678	1
6596769	6596772	1
5774756	5774753	1
10571767	10571805	1
385945	39556	1
3192990	3192989	3
6935872	6935871	1
2370126	2439991	2
3241009	3240960	1
669452	669600	1
474069	475207	1
2956933	2958279	2
1082232	1082231	2
6733872	6732969	1
12368719	12368052	1
12803655	12803643	1
6935874	6935873	2
1584850	1584845	1
12251434	12251433	1
6221048	6220583	2
1676866	1676863	1
4864581	4864582	1
12697267	12696337	1
7757982	7757981	1
8886348	8886345	1
6587287	6587297	1
7402098	7402097	1
2175234	2175233	2
11746699	11752361	1
8416802	12426348	1
6504398	6504463	1
7631829	7631830	2
6011242	6200452	1
2060132	2045076	2
9711017	9711018	2
4783014	4710692	1
10566561	10570271	1
10809525	10810217	1
921637	922493	1
10833253	10833254	1
11696341	11696342	1
5459555	5459464	1
8303246	5068336	3
1160692	1160756	1
2762222	2762221	1
338994	342636	2
8764486	8764444	1
7779953	3497321	2
8626993	8634019	1
8227440	8228891	1
6160310	6160307	1
2177933	2177926	2
1277208	1277800	1
12373832	12373831	1
10906756	10906755	1
3961416	3961414	1
4573149	4573088	1
11796210	11803782	1
2825801	2825802	1
11080028	11051344	1
10689029	10689030	1
12634482	12634378	1
2379117	2379118	1
11988319	11987805	1
9327607	660203	1
8924124	8924121	1
9296067	5273607	1
9621489	9621490	1
6433300	6449175	1
6545645	6545646	1
10601978	10567937	2
12790879	12790880	2
7824809	7824812	1
3327216	3327215	2
8590981	8590982	1
1970797	1970616	1
12339628	12339627	3
2262926	2262925	1
8417413	8418708	1
12020232	12020229	2
4198309	4198310	1
9995187	9995142	1
4939205	4938228	1
3110270	3110001	1
10075196	10075563	2
2443513	2443533	1
2368240	2368070	1
8826927	8827006	2
7194594	7194593	1
11486537	11486538	3
3923388	3923572	1
999698	999835	1
3035009	3035012	2
5930774	5930676	1
11267138	9031833	1
3637847	3637850	1
4629172	4629171	1
12148216	12148214	1
7710709	7718098	1
6767555	6798439	3
3184138	3184144	2
2383705	2317798	1
446668	10195735	1
7456912	7456909	1
6820326	6821141	1
2335807	2335808	1
8040176	4048698	1
3256680	3256679	2
11006751	2891401	1
990152	990151	1
334233	334237	1
6820326	6820325	1
11088765	11088768	1
9432433	9432434	2
1088147	1088152	1
2430638	2430637	1
1094602	1094599	1
8010659	8010660	1
6202248	6202245	2
123615	123616	3
6115536	6045330	1
9061247	9061248	2
12784878	12784877	1
5744137	5744138	1
5991128	5988991	2
7866054	7866171	1
3811025	3811026	4
1738441	1745900	1
2886765	2886766	1
7439256	7439255	1
950288	820464	1
7766366	7767410	1
12205792	12205789	1
9669921	9669922	1
12267245	12267246	1
11102240	11097292	1
2357317	2321921	1
5060397	5060379	1
4718369	4718655	1
9779325	9779592	2
9970994	9970938	1
12228711	12229210	1
895220	1835463	1
2335829	2335830	1
4469921	4470496	1
6278460	6279132	2
5965506	5965505	1
1594444	1591419	1
405962	405099	1
9697719	9697743	1
5633024	5864404	1
1479039	1476005	1
5677754	5677745	1
3853937	3853958	2
1918412	1918411	1
3330268	3330267	1
4940661	4940662	1
778974	779066	1
375974	377779	1
10576931	10576932	1
7256522	7256521	1
7988762	7974822	3
6383768	6383765	3
4315455	4315456	1
2649008	2649007	2
5488248	5488247	1
405098	405097	2
4590838	4590837	1
10053727	10053725	1
10411041	10417458	1
9723818	9723817	1
2651067	2651068	1
2343139	2343242	1
8456785	8456786	2
3667216	3667215	1
9542994	9543454	1
11198971	11198972	1
6575349	6575350	1
5505634	5505631	1
7951382	7951381	1
6300967	6300968	1
1928424	1930846	1
7073404	7075659	1
3758149	3761971	1
6827330	6827310	1
2950235	2950236	1
10922574	10922573	1
11838564	11838563	1
7232148	7232147	1
1286765	1286896	1
6720398	6720546	1
1085346	1072823	1
4125620	4124024	1
2374490	2374489	3
4002518	5499486	1
5709805	5709806	1
1543828	1543827	1
4425479	4424794	1
2368720	9636751	1
11849191	11849192	4
8866296	8866295	1
11147783	11147786	1
81426	81425	1
12369612	12369594	1
3753857	3752340	1
9881138	9881137	1
7808779	7447502	1
4787260	4787259	2
8330197	3094131	1
6536617	6536526	1
8312591	8312592	1
8364858	8364820	1
5504751	5504752	1
11927970	11927969	2
428764	428763	1
10254969	10254970	1
11707945	11161740	1
9153233	9153234	1
10044343	10044443	1
509727	509728	1
8690584	8690583	2
6030337	6030338	1
46390	51215	1
12027447	12027448	1
5321775	5321776	2
10549695	10622018	1
12150969	7826899	1
1794379	1794906	1
10015885	10015886	2
3853959	3853960	1
9562210	9550463	2
5782950	5782959	2
8081529	8081530	1
6468898	6468897	1
5506678	5506658	1
7709275	7709736	1
2681459	2681919	1
546596	546595	1
12762778	12762777	1
7215171	7215172	1
6985399	6980492	1
12548267	12548268	1
2087080	2087079	2
5480427	5480428	2
3328928	3328927	1
7103642	7103645	1
1077910	1084019	2
5142947	5142843	2
609044	609043	1
1772711	1772748	1
8026907	7805201	1
4571304	4571307	1
4582243	4582244	1
6058819	6058822	1
10415848	10415187	1
6733874	6733873	2
10696836	10696835	1
10999274	11001515	3
8002772	8002756	4
1302838	1303071	1
9323174	9323206	1
9516777	9516932	1
5108530	5108623	1
1621918	1621917	1
11129676	11129675	2
5196398	5196244	1
3579834	5261930	1
2376786	2376834	3
8073787	8073790	2
12000945	12000956	1
650835	671668	2
6288940	6288939	1
9508596	9777157	1
4590842	4590839	1
4945707	4945708	1
2544718	2544717	1
8170931	8171449	1
573034	567641	1
8006021	8006022	1
8108997	8108998	3
6179107	6176973	1
10082502	10082485	1
1645001	1645002	1
3585814	3585020	1
2149771	2405874	1
6101677	6101678	1
4324984	4324983	2
2522596	2522595	1
9908108	9908905	2
592421	592001	1
2187442	2187441	1
8053505	8053487	1
2714637	2714638	1
1794953	1794954	1
198952	199103	1
3826174	3826173	1
2355326	2354716	1
11294266	11294225	1
10545570	10543991	3
11141537	11141559	2
811043	809793	1
4359774	4359773	2
528923	529077	1
306976	306974	2
8973742	8973741	1
11513011	11513012	1
11910981	11910982	1
6406393	6406435	1
4062408	4062407	1
1784643	1784644	3
8993588	8993585	1
5881496	5882640	1
6067274	6067248	1
5378990	5379122	1
7936071	7936371	1
147284	147279	1
1382267	1382265	1
5600889	9256019	1
7746732	7746731	1
1094754	1094695	1
12433061	11195541	1
11571203	12412146	2
4796144	4796143	2
7096065	7095760	2
7828396	7828399	1
7554360	7554126	1
9539428	2829164	1
6663459	6663450	1
11116214	11116213	1
6982703	6983023	1
11794724	11794703	1
9621491	9618465	1
9428004	9427940	1
9392107	9392108	1
9769004	9768997	1
3085009	3085010	1
10489774	10489729	1
8526209	8526210	2
5353663	5353664	1
219485	220182	1
874371	874418	1
1700497	1700498	1
7820911	8029792	2
11964512	11964577	1
8437178	8433886	1
9591833	9591823	1
2034502	2037366	1
3672570	3558899	1
5852079	9328497	1
5760634	5761016	1
8578588	8578294	1
4922569	4925122	1
5374778	5374845	1
5909388	5906967	1
9425030	9424925	1
4068842	4068839	1
12020232	12020231	2
11136556	11136555	1
5965627	5965507	1
5479658	5480844	1
8798472	8808128	1
1845554	1845553	1
11152015	11152017	2
1354666	1354665	1
8979204	8979201	2
5418885	5419025	1
5895992	5895991	2
3787081	3787082	1
919636	919635	1
4695822	4695830	1
1942179	1943389	1
10541797	10541798	1
6051775	6051778	1
8527339	8527342	2
11420711	11423591	1
6841098	6841097	1
7942594	7434706	1
935693	935694	2
5275652	5275651	2
9004781	9004918	2
5157647	5157717	1
8777154	8777153	1
5809417	5809418	1
1239597	1239598	1
5829555	5838346	1
11156226	11156225	1
333489	333585	1
1231521	1231351	1
8378132	8378762	1
1977806	1989516	1
7056873	7056874	2
9791315	9791240	1
10454739	10454740	1
2490045	2490046	2
11619997	11619998	1
9819324	9844148	1
9164188	9164187	1
261211	261460	3
11359582	11359621	1
11852282	11852279	1
173967	174148	1
6587287	6587299	1
11748370	11748538	1
1243247	1243381	1
5538628	5538700	1
5596640	1528644	1
8954035	8954036	1
5734104	5734101	1
2087082	2087081	2
9975524	9975523	1
3402920	3409596	1
4287740	3456931	1
10529367	10529313	1
6160308	6160307	2
3950155	3950634	1
6241459	6242336	2
3295857	3295858	2
6368314	6367310	1
1999712	1992951	1
6785223	6785224	1
8512074	8512073	1
9294206	9294205	1
6514605	6514433	1
12629690	12630076	1
3418073	3418225	1
4378333	4378910	2
9900841	9896323	1
11541311	11541312	2
11910983	11891297	1
1395186	1395176	1
12174544	12174601	1
3438418	3438494	1
3143945	3145069	1
760491	760492	1
247478	247477	2
6954909	9234912	1
11735838	11684699	1
8803154	9964415	1
6628410	6628409	1
11040075	11040076	2
1384282	1384281	1
11755335	11755336	1
5415417	5415424	1
11267138	11267137	1
1513338	1693454	1
8872983	8872984	1
12186285	12186221	1
5709292	5709291	1
4692767	4695084	1
1548430	1548429	1
1935846	1935884	2
1931777	1931780	1
838659	838630	1
11179915	11179916	1
9054105	9054063	1
2734621	2723470	1
5517975	5517924	1
3044494	3043485	1
4536747	4536748	1
7095282	7094765	1
7805885	7805959	2
6264334	6259047	1
1581335	1660372	1
2884872	2884924	1
7610674	7610671	3
4604716	4620258	1
10789342	10789849	1
4469921	4470494	1
11897694	11897693	1
5048943	5048768	1
1208240	1208237	1
12018438	12019925	1
7944056	7944450	1
1565793	1565160	1
2023266	2022277	1
317712	317709	1
4240459	4240460	1
8414129	8414130	1
8167599	1073756	3
11537071	11537072	1
10169438	10169430	1
4498081	4496402	1
1105308	1103787	1
6650786	11464715	1
3128464	3128463	2
5559014	3445586	1
988473	988474	1
11102206	11042651	1
11196173	11196174	1
11941300	11941299	1
3109235	3109226	1
11391700	4049682	1
11296840	11297766	1
2316475	2315974	1
9542963	9543908	1
6028055	6028056	1
7900380	7900367	1
11472741	11459515	1
1048345	1048353	1
5256302	5256301	1
5359300	5359272	1
392348	392347	1
3495423	3495953	1
779067	779070	1
3755049	3755305	1
6177836	6891711	1
10177995	10177996	2
7626203	7575664	1
2814567	2814568	1
8278446	8278445	1
4383614	4383613	1
2730599	2730583	1
8473602	8472545	1
4327086	4327081	1
5520929	5520943	1
5602294	5602293	1
7866057	7865938	1
7866408	7866407	1
1053251	1053254	1
7148549	7148552	1
8760580	8760779	1
5211490	5211489	1
4681341	4681446	1
11332575	11332576	1
4380403	4380389	1
1829521	1829517	1
11271911	11271912	2
6028017	6028018	1
4252719	4252656	1
2259301	2259310	1
7314517	7314363	1
5760636	5760635	2
183608	185538	2
7395505	7395508	1
7866542	7866626	2
2523913	2523924	1
7012501	7012260	1
3090498	3090651	1
11934973	11932936	1
6192742	6190463	1
8444728	10897860	2
10953979	10953980	1
8790794	8788197	3
7353052	7353051	1
1157696	1149960	2
3676234	20643	1
9116609	10123517	2
11912753	11912756	1
204898	204874	1
6281256	6283211	1
10157308	10164232	4
3425529	3425530	1
1874431	1874457	1
5690020	5690019	1
10135756	6211528	1
7254215	7242708	1
8377213	8377214	2
9990292	9990278	2
3062554	3063866	2
4094948	2480072	1
4039925	4039926	1
11680871	11680864	1
4309091	4309092	2
10774813	10769370	2
6119002	6119001	1
4375358	4365929	1
3674926	3674925	1
11882430	11755991	1
2803767	2800164	1
4371276	4372520	1
2131123	2131124	1
9324493	9324491	1
1477540	1477539	1
4606865	4606866	1
8399694	8400072	1
11252335	11252325	1
11807791	7148809	1
10001379	10001447	1
3196544	3196584	1
5623763	5628730	1
5861244	5861243	2
988794	1005041	1
1161616	1155851	1
10922574	10922571	1
11206713	11206714	1
9604174	9604201	2
9152805	426385	1
1548428	1548427	1
6534353	6537267	1
4940659	4940660	1
4704659	4703985	1
5634092	5634251	1
9682499	9682444	1
8534356	8533752	2
1364007	1364102	1
9975522	10079236	1
3292274	3292273	1
11237551	11237552	1
11364478	11364464	1
5697594	5697593	2
11493752	11438850	1
5597572	5597571	2
1707677	1707659	1
622423	622424	1
11736791	11736684	1
895608	895607	1
8484519	8488866	1
10290835	10290978	1
4145904	4143545	1
12653458	12653457	2
7469141	7469142	1
6943190	6943189	1
645645	645646	1
772063	772064	1
8887676	8887675	1
9667244	9667231	1
5192645	5192646	2
3871272	3871226	1
1123910	1123670	1
1243245	1243246	1
2564038	2564037	2
11058936	11058935	1
8887346	8887293	2
173900	175419	1
3278260	3278252	1
8014286	7804070	1
7956259	7955968	1
7104400	7104363	1
8639757	11283320	1
1088900	1088899	1
7069457	7069458	1
7232146	7231243	1
7278313	7278314	1
5356947	5356565	1
10068350	10068349	1
52785	52786	2
3200569	3200570	4
6121551	6121552	1
10643560	10643559	1
52787	52788	1
12457552	12475855	1
6943188	6943187	1
9010191	9013738	1
11047099	11047100	1
9835799	9835800	1
7063511	7063514	1
8489158	8489395	1
4110119	4110339	1
4002518	4002517	1
3545374	3545373	2
6068637	6068646	1
5953723	5953724	1
11293189	11293190	1
2418061	2418062	1
4206746	4206745	1
6206978	6206977	1
9308951	9308952	1
10348063	10347625	2
4570183	4687071	1
3563987	3563988	1
8842361	7170086	2
10278843	10278456	1
2894548	2894547	1
7315084	7321978	1
11999269	10694146	1
11222684	11222683	3
8235891	8235892	1
2429976	2429975	1
3221156	3206386	1
11850027	6185682	1
8243138	8243137	1
2991317	2991197	1
7369900	7369899	1
10398260	10398037	1
11222686	11222685	2
7933271	7933272	1
7923407	7923708	1
3808256	3808289	1
177430	177429	1
173904	173903	1
4451105	4451106	1
6416501	11273578	1
2443574	2443571	1
1649096	1650793	1
10011168	10011167	1
7461299	7461256	1
9854295	9853684	1
6144516	6068441	1
2948671	2948711	1
5461032	9554472	2
11965827	11967708	2
9882557	9882558	2
6107942	6107939	1
12388168	12388167	1
1106365	1106366	1
11330546	11330584	1
10966462	10966461	1
10456084	1456576	1
11753731	11910414	1
7450615	7450616	1
10889857	10889481	1
146122	148350	1
4281582	10265502	1
6148876	6148873	1
10475975	10475978	1
2991196	2991193	1
6330311	6330312	1
6836080	5643385	1
2541238	2541237	1
1337305	1337306	1
8988503	8363244	1
8237521	8237526	4
1931777	1931778	2
4241303	902955	1
9297035	9296503	1
1126572	1126571	2
5157430	5157429	1
896525	896566	1
1915798	1919563	1
9705766	9705765	1
8434220	8425265	1
9770465	9767692	2
10788112	10788110	1
1658327	1658328	2
10105679	10105680	1
9351898	9351897	1
3155073	3155074	1
11768540	11768543	1
7368488	7368487	1
8438114	3281449	1
788996	719983	2
10062822	10052696	1
8192711	8192712	1
12754177	12753605	1
1041124	1041123	1
178013	176859	1
11368411	11368412	1
3708652	3708989	2
667447	667411	1
6785225	6785228	2
6470426	6789716	1
4662689	4662654	1
3278333	11524109	1
10579623	10579624	1
8247071	8247072	2
10283431	10283432	1
7667067	7667068	1
7596235	7596236	2
9486950	9486949	1
881210	881800	1
10647724	10648946	1
10110634	10110629	1
3601960	3601959	1
10696836	10692266	1
5757950	5757947	1
8425915	8425916	2
12172866	12172863	1
10702293	10687869	1
9256018	9256017	1
5863212	5863179	1
2619256	6653501	1
4671938	1527341	1
5068353	5068356	1
5782958	5782945	1
1316431	1316434	1
6102359	6102097	1
8801767	8801768	1
2744627	2737542	2
6101680	6101679	2
8972838	8972837	1
7147081	7147082	1
8181813	8181814	1
10331942	10331941	1
6156588	6166130	1
5676054	5676006	2
5752004	5752003	1
2762615	2762616	1
3536578	3536577	2
3552100	3552099	1
10622719	10647725	1
5862912	5862924	1
3507514	3507513	1
10183540	10183539	1
6143015	6143018	2
3960094	3960093	1
5986337	10348205	1
12373830	12373017	1
11368226	11355673	1
11539147	11539152	1
5709801	5709806	1
4161045	4159319	2
6057989	6057990	1
11484297	11484298	2
6507407	6507408	1
11274988	11274987	2
12388166	12388161	1
12806050	12806049	8
10878347	10878348	1
9488363	9359482	1
1716210	1716209	1
3090498	3090649	1
5508474	5508473	3
5896845	5896846	1
10641859	10645169	1
4329605	4327431	3
65776	65846	2
10449556	10449484	1
7276204	7276741	1
2811463	2811429	1
1094121	1094122	2
6121553	11823665	1
9295203	9295027	1
1072737	1072716	2
10208706	10208709	2
4681583	4681680	1
11781699	11781700	1
2244100	2244099	1
10671325	10671300	1
4662687	4662688	1
3971333	3971334	1
7352649	7435787	4
8950314	8950313	2
3292255	3292275	1
4810246	4810239	1
587753	587723	3
4819730	4819729	1
2803765	2803766	1
4155776	4155775	1
1071253	1071196	1
9527915	9527882	1
6895003	6895004	1
11987078	11987787	1
8495881	8495902	1
920682	976263	1
6124610	6123722	1
10159348	10159344	1
3276946	3276943	1
2146042	2151066	1
12762280	12762279	2
2260230	2260221	1
1726197	1590493	1
5728012	5728011	2
524787	524788	1
11696339	11696340	1
5251402	5251498	1
3300724	3305045	3
405096	405095	1
4534976	4534975	1
8272459	8272538	1
4067908	4067907	1
7817825	7817826	1
4419011	4419014	2
2599125	2600853	1
12054795	12055326	1
4493968	4493806	1
10053847	10040153	1
7741140	7740955	1
5760636	5761014	1
8549793	9329839	1
8514057	8512791	1
909304	908688	1
5846053	5846058	1
4063752	4063751	1
33338	33333	2
5410659	5410660	2
8611933	8611764	1
12787398	12787308	2
9254621	9256501	1
2995781	2995858	1
1076799	1076816	1
7747598	7746370	1
11682262	5675377	1
6800492	6800491	3
11530033	11506108	1
2559357	2559358	2
1443177	1443178	1
7891062	7891054	1
2350512	2350511	1
7818293	7818294	2
2313855	2313569	1
4557118	4557117	1
1562479	1562464	1
10453105	10453106	2
1177962	1177961	2
2172215	2172216	2
9982225	9981722	1
3880634	3781430	2
9351896	9351893	1
3811023	3811024	5
5187720	5187719	1
3373802	3373801	1
10490896	10490899	1
4244247	4244248	1
10618158	10718410	1
7388780	11717000	1
1344445	1344465	1
4028275	4028276	1
7717898	7717912	1
2952862	2952859	1
7460739	7460197	1
8673527	8673404	1
10578794	10579894	1
1986395	1986396	1
9758233	5591008	1
2894550	2894549	1
10257595	10257561	1
7818112	7818014	1
8007633	8008396	1
3600901	3616064	1
7684500	7684497	1
6716955	6717002	1
8628725	8629917	1
490712	473884	1
6317700	6317699	1
9921880	9921879	1
10184674	10185868	1
8264233	8252936	1
8419081	8419082	1
1395189	1395063	1
3238177	3238178	1
11787939	11787940	5
12522824	12522823	1
342890	342889	1
509729	509730	2
5208029	5352221	1
6107710	6105624	2
1425438	1425437	2
12175345	12175241	1
11981730	11981507	1
6550266	6550254	1
185117	185118	1
7431874	7431871	1
5100787	5102275	1
342903	342904	1
3504931	3507515	1
2405878	2405875	1
3050934	3050939	1
899760	899759	1
3064416	3064415	1
11968981	11968952	2
1170009	1170010	2
9751421	9751422	2
12172866	12172861	2
1893958	1893982	1
6324914	6320668	1
2225430	2225719	1
11902896	11902895	1
10453117	10453118	1
9350568	9350567	1
9799232	9798884	1
7336562	7336559	1
10044341	10044342	1
7811521	7811527	1
2882824	2882829	1
10166700	10166699	2
7468401	7469140	1
12429654	12429651	1
109357	109358	2
1137182	1137009	2
3593739	3593807	1
742815	825944	3
10600427	10599336	1
10198202	10198201	1
911604	915020	1
7587955	2737713	1
11668720	11668713	1
10126421	10126422	3
1469791	1469792	1
6096935	6096933	1
9977402	4285120	1
12393219	12394371	1
1133504	1134444	1
4286069	4286070	1
5954493	5954511	1
11630309	11630310	1
1973469	1973470	1
3204982	3204979	1
9967389	9967220	1
6567084	6566664	1
8802486	8804544	1
7758072	7757983	1
10138021	10262838	1
3129983	3138315	1
494872	495592	1
5859233	5859234	2
7580925	7580880	1
7339307	7059322	1
1027469	1027470	1
6117849	6117909	1
11186943	11186944	1
9492936	9492935	1
12669292	12647982	2
9555731	1858073	3
1265422	1265421	1
5044341	5502356	1
10619241	10619204	1
788996	719981	1
5437210	5437230	1
8576180	8576179	1
11562962	11562961	1
12177489	12177416	1
10818015	10818002	1
9308432	9306956	1
113774	113773	1
3642010	3641328	1
9591595	9591596	1
3963720	3964048	1
3733	1	1
4392512	4392630	1
20394	20393	1
7621627	7621628	1
9819326	9819325	1
2627231	2627232	1
4855229	4855149	1
4363309	4363324	1
9373561	9373562	1
8278643	8278546	1
5363477	5363719	2
1384460	1384682	1
2060965	2075152	1
5886793	5883784	1
11910292	11910224	1
10250645	10250648	1
11864100	11864099	1
11662958	11662934	1
10034476	10034475	1
4414955	4383846	1
1796635	1796632	2
6800968	6800967	2
2080248	2080499	1
2924396	2858490	1
5074970	5074965	1
2761686	2761685	2
3725734	3723277	1
9737554	9737553	1
4006694	4006693	2
9944623	9943396	1
6028019	6021808	1
5271025	5271008	1
401190	401189	1
3790826	3789945	1
10313311	10313312	3
11680982	11680981	1
11556993	11566582	2
6125878	6125887	1
5821970	5822849	1
7482307	7482308	2
3129780	3054736	1
11968990	11968989	2
6535605	1760748	1
4395259	4395287	2
4570619	4570620	1
10462397	10462398	1
9927469	9881794	1
12667848	12667735	1
8353331	8355156	1
5055696	5055695	1
11856226	8600296	1
826909	914863	1
10011707	10011708	1
8574900	8574899	1
12016075	12015581	1
3206765	3212123	2
155139	155142	1
1395188	1395187	2
2489231	2489232	1
9385647	9385648	3
11933859	11932623	1
1304605	11370261	1
385945	385946	2
3199273	3199229	1
1715349	1715350	1
11781697	11781698	2
2054708	2054502	5
5882857	4709959	1
3507824	3516518	1
2178895	2178896	1
7297527	7297355	1
920682	920681	2
147278	147277	1
8399184	8399099	1
5755487	70170	1
11482045	11459114	1
5508297	5508298	1
5554269	5554270	1
3263974	3263973	1
1145528	8341399	2
2990246	2984689	1
8437323	8514441	1
5004994	8894107	2
3971729	3971730	1
10256171	10256172	1
8640444	8640463	1
11374793	11374791	1
2022276	2022275	1
719982	719981	1
7874468	7874188	1
9534496	9534502	1
10041819	10041892	1
2910116	2910118	1
587751	587752	4
11695205	11695449	1
12797523	12797524	1
3003699	3003797	1
10944333	10944359	1
10969178	10969177	1
4060554	4060553	1
12539139	12539156	1
8295232	8295362	1
939174	939139	1
11030395	11030389	1
7148545	7148548	1
1043015	1043016	1
5533153	5533154	1
4448127	4448128	2
4860743	4860731	1
3517556	3517599	1
10105681	10105682	1
645358	645642	1
12513802	12513801	1
9571668	9571667	1
3205045	3205046	1
1589417	1589796	2
11929709	11927971	2
5797166	5797242	1
2180346	2180418	1
3447641	3447485	1
8847598	8847595	1
9352693	9351899	1
3545374	3545371	2
562940	562983	1
7824811	7824812	3
7564166	7564182	1
9556067	9557072	1
10087059	10087062	1
12424111	12424112	1
3989758	3989785	1
12525214	12525213	1
12612479	12612480	2
6498561	6498562	1
10217928	10217927	2
1621920	1621919	1
10068644	10067863	1
3902399	3902400	1
3901755	3901743	1
10809523	10810217	2
7931051	7827540	1
10922572	10922571	1
6434868	6435435	1
10172844	10172910	1
9924022	9924509	1
7192542	7192539	1
1845556	1845555	1
123617	123618	2
2187384	2187383	1
7866211	7866212	1
6134959	6140684	1
5928056	5928039	1
5480420	5480419	1
1986314	1986506	1
7951166	7951165	1
4347280	4347279	1
10283429	10283430	1
5128407	5128463	1
2586620	2586619	2
3947860	3947859	1
11796212	11796211	1
12339957	8612805	2
12344150	12344112	1
2065931	2065932	1
7111419	5746296	1
11571203	12412148	1
9933479	11771663	1
11423590	11423589	1
2140081	2145709	1
7537162	7536792	1
5022828	8886444	2
10011166	10010178	1
4736732	4736856	1
1209695	1209504	1
1414085	1414086	2
6104829	676439	1
8656126	8656125	2
8389532	8389529	1
11860086	11860063	1
952874	952873	2
12660120	12659807	1
7823606	7823829	1
11492184	11492108	1
6510605	6510655	1
589233	589106	1
6280393	6280360	1
10966752	10966461	1
2981819	3015553	1
9618460	9618459	1
5709803	5709804	2
11284322	11284335	1
3758675	3758676	1
7915550	7915533	1
771926	771792	1
3975180	3976627	1
7764540	7764539	4
3150356	3150353	1
8797006	8797038	1
11926530	11926529	1
12175230	12175287	1
11792611	11792594	1
7147083	7147088	1
3266174	3266173	1
1548432	1548431	1
4501346	4498452	1
5569458	5569457	1
2865072	2867135	1
12527662	12527072	6
7269862	2356689	1
6628395	6628409	1
5697592	5697591	1
9565006	9565005	1
12352685	12352686	2
4945705	4945706	1
10689031	10689152	1
1970795	1970796	1
7986715	7986718	1
4954649	4955524	1
4526131	4524461	1
2033107	5972111	1
269756	269755	1
9618503	9618504	1
6284245	6284246	1
1108338	1113717	1
10182310	10182309	1
2599123	2599124	1
12345856	12345855	1
4702358	4702510	1
3972866	3972827	1
9268967	9268972	1
9954390	9954389	1
11252324	11252323	1
6197489	6200950	1
9467219	9467212	1
8469768	11144117	2
4582468	4582848	1
4067906	4068157	1
8434715	8436957	1
1094119	1094120	2
5785714	5785705	3
5253257	5253258	1
4783153	4783082	4
12601526	12601525	1
4638456	4638455	1
1392462	1392461	1
11874767	11874770	1
11672118	11672843	1
2054710	2054709	6
10178007	10177985	4
10696834	10692266	1
1295991	1295992	1
399639	399640	1
4784273	11473456	1
7544895	7544896	1
2803765	2800164	1
4115041	4115049	1
7862729	7862744	1
10730740	10730704	1
4292680	4294027	1
2440731	2440739	1
6091098	6091097	3
4911282	4911279	1
12174906	12174881	1
3813877	3816680	1
12485589	12485590	1
7604950	7604961	1
281021	282673	1
11996729	11996732	1
6105844	6106475	1
999185	8066097	1
10197569	10197461	1
7084953	7084893	1
2283018	2285725	1
12127874	12127873	1
9703099	9702744	2
1184530	1188076	1
8026907	8026908	4
2990313	2990307	1
7301995	7301996	1
7574494	7574493	1
1769493	1769536	2
12486060	12485927	1
12536636	12536635	1
9437533	9437538	3
5557920	5533479	1
163515	8873809	2
2308320	2308319	8
3957914	3957798	1
3380250	3380249	1
4381994	4383542	1
2782421	2782424	2
5809970	5860749	1
2405467	2405184	1
6208708	12499964	1
162950	163218	1
5443769	5443770	1
2125224	2125223	1
1853127	1853128	1
8611737	8611738	3
6558942	6443938	1
3748360	3752026	1
1639434	1639427	3
5115872	5115867	1
7021711	7029328	1
7540942	7540941	1
9468905	9468906	1
5074970	5074967	2
3810870	5443520	1
2175232	2175928	2
1277801	1277802	1
896523	896524	2
8053191	8052672	1
2320345	2320346	1
11347840	11347848	1
6875443	6876222	1
6139075	6139058	1
2938029	2936743	1
8845574	8845638	1
1884485	8659759	1
11530033	11506106	2
1395721	1395264	2
5517925	5517974	1
3883875	3883876	1
11297545	11297546	1
7487783	7487749	1
7536793	7536794	1
4945705	4945708	1
2359878	2424698	1
253954	253899	1
12456105	12456139	1
1137184	1137183	1
2139011	2139013	1
5248076	5248427	1
5293973	5249032	1
11674796	11674495	4
11569511	11569512	2
9501964	11228603	2
10417300	10417299	2
8283591	8295500	2
191271	292681	1
8757645	8765493	1
5253255	5253256	2
7787931	7787932	1
4678793	4678720	1
3698936	3698980	1
7866174	7866171	2
6189705	6189708	1
5543011	5543012	1
1471580	1471861	1
6452654	6452756	1
10809523	10809524	1
11040073	11040074	2
2278375	2278342	2
9658210	9658209	1
12329684	12329681	1
4364711	4364655	1
645643	645644	1
5484541	5484542	2
2033105	2033106	1
8751827	8748713	1
10662205	10662206	1
927620	927619	3
11003277	11003278	1
9091305	9091306	1
12632338	12632337	5
8505961	8505962	1
8239869	8239870	1
5758257	5758258	1
1597761	1596427	1
3023896	3023840	1
9384395	2099725	1
1239599	1239600	1
8755699	8755700	2
7082963	7082964	1
9818390	9820196	1
10922576	10922571	1
2016891	2016892	1
6084949	6084791	1
39291	39292	2
4550597	4550598	1
11588221	11586140	1
3566290	5339321	1
2876979	2876980	1
8250156	8213630	1
3793634	3793637	1
3038264	3036513	1
7602082	7602081	1
8341011	8341012	3
11308672	11306492	1
3328270	3328269	1
1291098	1291048	1
10068355	10068356	2
2975249	2975254	1
9724947	9727808	1
428767	428770	1
7625951	7596234	2
8270279	8095277	1
7212098	7212097	1
2443574	2443569	2
5566040	5566007	1
7807057	7807058	1
12203688	12203687	1
2346016	2346015	1
7772833	7772836	1
4327080	4324982	1
9863437	9863479	1
5895988	5895983	2
3140523	3138345	1
12502871	6214679	2
12266853	12266854	1
11277045	6714942	1
1800525	8427340	1
7532468	7532467	1
1297723	1297724	2
11662677	11662005	1
5884281	5884284	2
10988720	10993485	1
9000150	9000149	1
6699032	6701261	1
11970130	11970127	1
10376346	10376345	1
12434037	12441301	1
12663061	12663064	1
3563987	3564006	1
2178897	2178898	1
3902057	6701293	2
2377309	2377310	1
1021535	1020715	1
6872156	6868784	1
9100783	9100784	1
6160310	6160309	2
2894577	2894578	2
3121529	3121530	2
1107844	1107841	2
6495043	6495054	1
11264773	11264814	1
3262658	3262619	1
9320352	10904869	1
6102502	6101946	1
9431946	9431945	1
1098267	1098268	1
10999276	10999275	2
6274848	6274886	2
891043	891044	2
9194532	9194529	2
5744145	5744136	1
10849501	10849502	1
5789246	5789245	1
12672631	12672636	1
269754	264284	1
8612804	8612803	2
6587301	6587302	1
5833261	5833262	1
162548	162547	2
3533931	3533749	1
5895990	5895989	2
2714635	2714636	1
11278504	11278833	1
9954496	9954423	2
6773436	6773435	2
4849033	4849036	1
694988	694987	1
6748274	6748273	1
6116526	6116525	1
3263972	3263971	1
1784643	1827962	1
11346027	11346028	1
9647624	9647623	1
3292410	3292409	1
7681770	7681769	1
1254340	1451313	2
5213721	5213722	1
6452656	6452756	1
3943643	3943644	1
6122527	6122528	1
173906	173905	1
6102359	6102099	1
3155075	3155118	1
3205273	3205274	1
7967090	7967114	1
11912753	11912754	1
11335157	11336144	1
5513491	5513492	1
1185540	1185539	2
10849503	10850361	2
12696015	6957399	1
3972620	3972619	1
9137898	9130809	1
7292393	7292394	1
11747061	11748868	1
5644429	5644430	2
3495826	3495584	1
12435163	12435164	1
9091044	9091043	3
7878656	7878268	1
226229	217409	1
4534974	4534973	1
9141305	9141306	1
8876407	8876220	1
6314277	6314278	2
1097883	7260394	2
712449	790500	1
8244239	8244240	1
10630693	10647224	1
12285755	12285812	1
6202244	6202243	1
10110638	10110629	1
8182839	8182939	1
2586618	2586154	1
6597293	6597296	1
12756973	12756976	1
1097897	12365246	2
11555300	11555299	1
5560867	5492251	1
8110451	8129613	1
12434827	12434828	1
9620379	9620422	1
10459719	10459740	2
12183161	12183283	1
2773562	2773561	4
8026862	8026861	1
6768574	6768573	1
8060974	8048466	1
8921135	8921136	2
6450103	6450173	1
1770599	9524849	1
10204320	10204223	1
11942289	11940115	1
9071719	9071720	1
2369505	2369506	1
7677058	7677057	1
363498	363497	1
5884281	5884282	2
6276961	6276930	1
9174412	9174411	1
12527073	12527074	5
7611124	7613665	1
1670680	1670679	2
2675028	2675395	1
6951651	6951652	1
10981913	10981903	1
9345493	9345391	1
6178021	6178024	1
1700514	7910581	1
8002757	8002758	2
4842465	4842474	1
4219727	4219730	1
5104020	5104006	1
7553431	7563502	1
7785169	7785172	1
7478327	7478330	1
12362230	12362229	2
1179983	1185541	2
3814942	3815410	2
7212481	7212482	1
8652473	8651796	1
5611170	5611160	1
8816674	8816673	1
273588	363499	1
8080401	8080402	1
496997	496998	2
6507409	6507410	1
4859376	4859380	1
8520683	8520661	1
11883896	11883895	2
1098052	1098051	1
9039352	9039351	1
591656	591655	1
4783151	4783152	4
1134868	1133144	2
4223618	4222921	1
2259311	2259312	1
4698301	4698302	1
5248426	5248425	2
6021809	6021812	1
6002951	6003050	1
3998368	3999739	2
12516051	1520522	1
3145060	3145059	2
6143015	6143020	1
927065	922309	1
2025622	2025662	1
3756088	4117686	1
11770690	11770689	1
10453105	10453108	1
2273097	2273070	1
4605288	4605287	1
10785553	10785605	1
1085348	1085347	2
2843187	2843192	1
1663264	1695776	1
3729619	3729620	1
8862499	8862506	1
6058821	6058822	2
7861084	7860975	1
12719185	12712797	1
9876198	9876197	1
5337035	5337713	1
4938490	4938489	2
8628483	8628484	1
6421584	6424334	1
10182308	10182307	1
12515477	12516418	1
12458731	12460844	1
12341317	12341332	1
1517633	1522370	1
12309389	12309390	1
9410960	9238285	2
10192207	10192208	2
3386591	3386592	1
9446588	9439857	1
5902686	6149044	1
11668574	11668534	1
1458215	5424303	1
11388515	11388516	1
7292395	7292396	1
5438249	5438250	1
7797212	7797207	1
5587812	5587729	1
1543832	1543829	1
7728308	7728657	1
8083960	8083522	1
2966555	2966556	1
7137835	7137984	1
4565737	4565738	1
5965623	5965624	3
2022274	2022273	1
11720019	11720119	2
12266849	12266852	1
10809179	10809180	1
11003273	11003276	1
5749979	5749997	1
5807516	5807440	1
11040073	11040076	1
10316547	10322031	1
651791	651792	1
11318825	4373433	1
9584505	9584500	1
1931779	1931780	1
2501818	2501826	1
3274220	3274132	1
7598554	7598553	3
10080392	4286257	3
9903841	9895912	1
8800252	8800251	1
12515475	12515476	1
4507255	4507694	1
3144294	3144293	1
7624830	7625319	1
6753027	6753023	1
1855823	1855834	2
1680639	1680642	1
2812677	2813789	1
7509411	7486209	1
1928431	1928432	3
10846652	10846689	2
9839624	9839576	2
7022836	7022926	1
7611568	7607144	1
9110395	9110382	1
7103642	7104362	2
11850025	6185682	1
2360751	2360756	1
5874181	5874182	2
371411	38790	1
10081660	10081663	1
2501863	2501819	1
6107176	6107411	1
9797460	9797459	1
5896847	5878208	1
10494777	10494778	1
4642981	4642982	1
12573249	12573324	1
786088	786028	1
475974	475963	1
10132148	10151694	1
3205813	3205814	1
5367924	5367923	1
4068156	4068155	1
12774245	12774278	2
2527115	2527116	1
3478403	3478404	1
1711233	2381443	1
441045	441046	2
4439775	4439776	1
6391380	6391379	1
3816705	3816706	1
2318003	2318004	2
3690119	3690120	1
5965625	5965626	1
8872987	8851521	1
10182310	10182307	1
9990294	9990293	2
8527337	8527338	2
5846059	5846060	1
8328493	8328494	1
12672849	12697282	1
4838206	7919540	1
7061150	7061149	3
6841085	6841099	1
2855880	2855935	1
2678682	2678681	1
10501776	10501775	1
1456577	1456578	1
6960172	6960167	1
6722833	3879048	2
9296502	9296501	1
3779774	3779773	1
5017712	5018833	1
11986006	11986005	1
10046119	10046120	2
5052709	5052710	1
4347278	4347277	1
162241	162002	1
7854466	7853914	1
9039350	9039349	1
3975021	3975022	1
52312	52784	3
9128216	9128215	1
8495195	8498037	1
5833555	5845093	1
4016634	4016643	1
10853923	10853924	1
6977710	6977709	2
5128405	5128406	1
5812885	5861246	2
7513530	7513463	1
441082	441057	1
7825057	7825058	1
6068635	6068636	1
7292805	7296815	1
1197068	1197023	1
6400669	6402097	2
3563989	3564006	1
5319467	5319470	1
8312444	8312457	1
11044964	8258831	4
3277860	3277859	2
10177783	10177786	1
8404464	8404591	1
6093745	6093746	1
7990144	7990143	1
11774319	11774326	1
5936718	5936717	1
5439555	5439558	1
8028085	8028086	1
7761532	7761519	1
5240145	5240140	1
4472335	4472361	6
2649531	7997468	1
6023618	5789680	2
11826534	11826588	1
4078798	4078415	1
5506067	5506068	4
12521619	12522065	1
2484879	2485709	1
1801488	1801557	1
11124681	11124682	1
9108542	9108560	1
684244	684243	1
8082	8081	2
3292412	3292411	2
8182123	8182124	1
9312540	9376224	1
8422540	8422539	1
11860677	11860678	1
5939437	5939642	1
11829734	11829733	3
7709273	7709274	1
5365822	5365821	1
5288578	5319466	1
5697596	5697595	2
550408	550407	1
6102098	6102097	1
9130061	9130062	1
9651020	9651019	1
7604313	7604398	1
9189472	487342	3
1117279	1117280	2
11069262	11069702	1
52785	52788	1
4031948	4031947	1
8101369	8101370	1
11912755	11912756	1
7927377	7927378	1
8326388	3091253	1
240885	240886	1
9004779	9004780	2
988475	989482	1
11789917	11791729	1
6330935	6326908	1
7910557	7910575	1
288543	288544	1
5771522	5771521	3
9477688	9478884	3
2776113	2777679	1
1776869	1776870	1
7103646	7103643	1
3145051	3145061	2
11874980	11875005	1
8312406	8312590	1
9482841	9482842	2
7959264	7959261	1
9238284	9238283	3
1732428	1732427	2
10424523	8063195	1
10600425	10600426	1
6334528	6340461	1
9579521	9579522	1
2489193	2489194	1
33334	33333	2
7436569	7420456	1
7526714	7518037	1
8554912	8549624	1
8886348	8886347	2
3134353	3134354	1
2195605	2195651	1
6430360	6430372	1
57373	57374	1
1180173	1180174	1
5275654	5275653	2
7325138	11809415	1
400449	228126	3
8414131	8414576	1
2157231	2157234	2
595593	595594	1
9581304	9581276	1
12630077	12630078	1
7442651	7418439	1
8702713	8702717	1
827677	827657	1
10217651	10217105	1
6276931	6276932	1
11825270	11825237	1
9986742	9986741	2
1686384	1686416	1
3164615	3164616	1
7395511	7396498	1
9242020	9245411	1
3798837	3798838	2
7535261	7534143	1
7169704	7169703	3
11958983	11958984	1
1718754	1718706	1
6922354	6922334	2
4695829	4695830	1
8656124	8656123	2
12412147	12412148	1
7961656	7955810	1
6807821	6807826	1
9345491	9345492	1
1967326	1967339	2
2486921	2486922	3
2361777	2361778	1
1131424	1131423	2
5824591	5814337	1
4093478	4093477	1
7029329	7020837	1
4254096	4250705	1
132506	132503	1
9071920	9071884	2
6085778	6085777	1
5339388	5339385	2
5879090	5876180	2
12527662	12527074	1
4006692	4006691	2
7258532	7259198	1
3049706	3049703	1
6093712	6097842	3
2146044	2146043	1
7898806	7898792	1
9060222	9059705	3
8755701	8755688	2
6108578	6108577	4
420516	421504	1
11555412	11555403	1
8847596	8847595	2
6800490	6800489	1
1184351	1184362	1
1829519	1829520	1
11613916	11613915	2
7569662	7569657	3
1184536	1184535	1
3157993	7647269	1
7671085	7669651	1
2762251	2762223	1
10715068	10715067	1
3161308	3161307	1
10240469	4270036	1
1570991	1545011	1
7122438	7122415	1
1106363	1106364	2
12341487	12353902	3
12148218	12148217	1
12223155	12223158	1
12634236	12634235	1
2790865	2790759	1
1395189	1395061	1
5907381	5907420	2
10080828	10080573	1
7933386	7933356	2
8009266	8009265	1
4505813	4442839	1
9618464	9618463	4
12301987	1209198	1
2491253	2432909	1
836984	827485	1
8489488	8500555	2
1253730	1262171	1
6301229	6301230	1
11018910	11018909	1
1745840	1745865	1
3295859	3296107	1
12376520	12376514	1
12773961	12774597	1
1275311	1275367	1
6133659	6131294	1
8182125	8182126	1
1179981	1179982	4
939138	939137	1
6156488	6156482	1
5492250	5492249	1
12392268	12392418	1
12186281	12186284	1
3611769	3618620	3
11341257	11341253	1
11222879	11222687	1
10261545	10259445	1
826907	826908	1
9183534	9183553	1
5256304	5256303	1
2784429	2784762	1
5939643	5939644	1
7415837	7373454	1
1133145	1133146	1
10891677	10891633	1
8972836	8972835	3
7574805	7574808	1
7434299	7434300	2
3142308	3142307	2
8014604	8014596	1
5630471	5630095	1
8968720	8968719	1
3196585	3196586	1
3318382	3342876	1
10787653	10787846	1
12209029	12209073	1
2918821	2918822	1
5606519	5643258	1
6753278	6753277	1
8824986	8824985	1
12238068	12241919	1
630855	630856	1
11874767	11874768	5
1245944	1245943	1
2815428	2815371	1
2228508	2228507	1
9437131	9433163	1
4083847	6001079	1
12285697	12267037	1
11227999	11228139	1
10216476	10216475	2
3963722	3963721	2
5504463	5504475	1
3211328	3210965	1
6640022	6640021	1
8958331	8958332	2
6428448	6428445	1
10068348	10068332	1
6192744	6192743	1
6134130	6134074	1
3612847	3605848	1
2080787	2474111	1
5267248	5267247	1
3009761	3119328	2
8664366	8664775	3
6870485	6871039	1
7652948	7656496	1
2850058	2851150	1
4948293	4948316	1
3023835	3023846	3
8369953	8577163	1
4991830	4991757	1
3246582	3246581	1
9358527	9358528	1
11792250	11795104	1
9330609	11055389	1
7763439	9283244	1
7935954	7935953	1
8455556	8455529	1
5611163	5611168	2
146491	146508	2
10573079	10575090	1
185119	186537	1
7818015	7817824	1
7966290	7966052	1
11715270	11715269	3
2315433	2315434	1
8297175	8297176	2
3527862	3527018	1
4615616	4615615	1
12675750	12678651	1
10712573	10714733	1
2799560	2799685	1
3276283	3276284	1
8341009	8341010	4
3266178	3266175	1
6895005	6895006	1
11063854	11063850	1
1034473	1034474	1
4480505	1341916	1
5074966	5074965	2
10453020	10452459	1
8231914	8231913	1
276827	276828	2
7960749	7960752	2
7900587	7900588	1
5248424	5248423	2
7876429	7883137	1
11849189	11849190	4
8724610	9118866	3
6441731	6441732	1
10854239	10854242	1
10068353	10068354	2
650831	650834	2
6717003	6717004	1
125833	125834	1
5426626	5426625	2
4458706	4458667	1
7585342	7585339	1
986048	986047	2
3552029	3552101	1
6704500	6704499	1
10456940	10456937	1
6629952	6629955	1
8345617	8344988	1
8397790	8398150	1
2335827	2335830	1
4815447	4815448	1
1635671	1647906	1
8446442	8446441	1
12785895	12785896	1
8698426	8698425	1
7332826	7332808	1
9574660	9573833	1
2798967	2798968	1
3601962	3601961	1
612614	612740	1
11768586	11764338	1
11021554	11021728	1
7535302	7535341	1
5256300	5256115	1
1052347	1161086	1
2841452	2841451	3
2230573	2185940	1
2895708	2896121	1
4002516	5499486	1
1477538	1523573	1
6182082	6182085	1
7460187	7460188	1
10226226	10226225	3
164123	164124	1
227167	7124890	1
11874769	11874770	3
4949633	4949636	3
8697620	8697617	1
7431874	7431873	1
3469516	8022497	1
5504337	5045168	2
10712519	10712520	2
3100291	3100294	1
3607473	3607474	2
3256678	3256675	1
10171866	10172987	1
12411329	12411330	3
10894149	10894150	1
10195730	10195729	1
10499120	10500290	1
2046232	2046231	1
6280300	6280299	1
4565062	4567129	1
1139391	1139392	1
5160287	5155308	1
2803707	2803801	1
6044297	6044287	1
3906891	3906892	1
2125222	2125221	2
1637588	1646590	1
3946445	3946180	1
7607261	7607262	1
5682493	5744688	2
5318951	5319074	1
5275654	5275651	1
4039923	4039924	1
2215979	2215970	1
9276697	9276698	1
8423253	8423254	1
3256274	3256495	1
3495833	3495834	1
11788528	11823650	1
6085780	6085779	1
5218810	5227348	2
7490627	7490465	3
6301227	6301228	1
5874114	5868740	2
9229661	9229662	1
2559359	2568086	2
3713075	3712402	1
12289418	12240348	1
10926679	10927142	1
20374	20373	1
4608565	4608566	2
7434295	7434298	2
4849290	12666371	1
6141244	6141243	1
10022471	9820841	1
9445901	9445744	1
11884696	11884695	1
3811023	3811026	1
8859131	8859134	2
3834268	3834265	1
7866054	7866175	2
11484057	11484058	1
6584277	6597396	1
8217578	8217577	1
2625071	2666746	2
10206600	10206597	1
11941300	11941297	1
342890	342887	1
3266599	3266600	1
10759912	10759911	1
9410960	9238283	2
341662	341439	1
8847598	8847597	2
9364080	9427569	1
2630059	2630060	1
10177997	10178004	1
12516053	1520522	3
5240099	5240100	1
1484845	1484846	5
5389024	5389218	1
8872985	8872986	1
2691195	2691183	1
9667230	9667229	1
7734113	7734114	1
205598	206009	1
4376287	4376288	1
6983313	6984130	1
1275763	1275764	1
2597760	2598082	1
1700488	1700496	1
155141	155142	1
9146201	2200411	1
9484679	9483596	1
12189666	12185180	1
11743817	11744023	2
5304181	5306160	1
4791767	4790761	1
2025663	2025664	1
11477688	9748560	1
1588502	1588501	1
6158070	6147815	2
1796633	1796634	2
8239871	8239872	1
2791233	2791250	1
3880916	3880941	2
11829732	11829731	2
4841006	4818014	3
5281198	5281901	1
12001584	12001583	1
1992950	1992949	1
12381353	12447793	1
7681238	7681242	1
7756686	7756676	1
11466605	11466126	2
2187444	2187443	1
2275990	2275989	1
6339790	11748636	2
10034476	10035123	1
838316	10728072	2
11829730	11829729	2
6384749	6468899	1
9432435	9432436	1
4802308	4802307	2
3667214	3691110	1
11003279	11003280	1
816572	837506	2
385947	39556	2
2668803	2668779	2
11414401	11414402	1
6475224	6475223	2
2706787	2706788	1
11435039	11364693	1
8543860	8543661	1
3830107	4011039	1
1481820	1481817	1
10450911	10450912	1
2259301	2259312	1
5559069	5559072	1
12526093	12526094	1
1075160	1075135	1
10347903	10347904	1
12120041	11997088	1
1162654	1169898	1
10749416	10749415	1
7868416	7868233	2
8109007	8109008	1
12773587	12773348	1
5042799	5042969	1
9878349	9878350	1
5464144	6121358	1
157715	157716	1
848854	789878	1
8999333	8999334	1
9699293	9701275	1
7882226	7882225	3
9764822	9764821	1
11274990	11274989	1
8080401	1229720	1
1828391	11935767	2
7849714	7849698	1
7037233	7037234	1
815723	815724	2
4874679	4874553	2
3788067	3788269	2
8711865	8711866	1
6924714	6924640	1
7889677	7889678	1
8285839	8281881	1
4366639	4366605	1
8329202	8329201	1
3756403	3756397	3
12275387	12230566	1
10522234	10522362	1
3513787	3513777	1
5133639	5133640	1
3667216	3691110	1
9509059	9509055	2
9665919	9665920	1
5803442	5803441	1
10708723	10708724	2
12447671	12447672	1
5865879	5874191	1
1707677	1707657	1
4302674	4302604	1
3892785	3889778	1
4590842	4590837	2
4669702	4663181	1
1573913	1573914	3
10750498	10750494	1
2975492	2975491	2
7292363	12759875	1
11503472	11503420	1
3214347	3214351	2
2999819	3016684	1
7734748	7734745	1
9697251	9697252	1
9739945	9740035	2
4030186	4030185	1
10444451	10444452	1
11931420	11931419	2
1619752	1622109	1
11865670	11865525	1
11595243	11595389	2
3051166	3156354	1
2346020	2346019	3
10462957	10462958	1
1402619	1403106	1
5709290	5709293	1
9374288	9374283	1
1011965	1011968	1
1131281	1131343	1
4334506	4334505	2
6383766	6383765	1
3194964	3192991	2
10942687	10942606	2
12035481	12035605	1
10113237	10121686	1
5506069	5506070	3
3544817	804748	1
6764108	6764105	1
3088551	3088552	1
6345760	6346090	1
1536493	1536394	1
415342	415339	1
1750677	1750962	1
6100532	6100943	1
5433144	5433143	1
11600145	11599458	1
12229009	12208045	1
3980885	3980886	1
7992808	7992805	1
9125931	9125893	1
2326061	2360759	2
4192083	4192181	1
9984793	9984748	1
1840593	1840571	1
3215285	3215286	1
909648	909647	1
5633025	5633026	2
10984273	10984280	1
5365820	5365501	1
11768542	11768541	1
9836611	9836612	3
7918336	7918309	1
7419117	7354075	2
8611530	8601989	1
6964678	6964196	1
7431872	7431871	1
8495881	8495904	1
12456138	12456135	2
4315474	4318769	1
5508487	5508475	4
1227099	1228149	2
2774837	2773589	1
5009833	5009769	1
9571670	9571669	1
3010347	3010348	1
8026864	8026863	1
8993592	8993589	1
9858956	9858891	3
6328349	6328364	1
5225871	5225928	1
6518899	6518910	1
10383117	10383459	2
10984918	10984917	1
4514256	4514294	1
9582599	9582600	1
1122631	1122632	1
496619	496620	1
11850025	11850026	1
414836	414371	1
10880790	10380979	1
3468564	3419110	2
5479591	5479086	1
11084979	11084980	2
5734329	5734330	1
1440705	1440706	2
3607469	3607474	2
7715202	7715201	2
4823375	4823379	1
11138292	11140838	1
6700376	6694834	1
3458305	3442603	1
792505	792683	1
11766833	11766834	1
174651	174652	1
5433138	5433137	1
4230430	4230517	1
4014326	4043073	1
7022927	7022928	1
10984916	10984919	1
3581144	3580614	1
1046990	1046773	1
9143995	9143914	2
12055826	12055825	2
12461263	10899512	1
6239627	6239628	1
342888	342887	2
12434289	12458040	1
11010010	4364646	1
1378158	1378646	1
3960098	3960097	1
10110638	10110635	1
3110794	3110831	1
9921878	9921877	1
5758456	5758455	2
7757711	7761655	1
5192647	5192625	2
34694	34691	1
1251220	1247052	1
2315435	2315428	1
6452758	6452587	1
5339384	5339493	1
5482073	4058246	1
12476441	12476442	1
1000285	540713	1
5258734	5258733	2
4064877	4065007	1
10047426	10047452	1
6895007	6895008	1
1409708	12521005	2
11456274	11453628	1
7519959	7520067	1
879999	880126	1
4657556	4657555	1
7824809	7824810	2
4643087	4640561	3
11671387	11670487	2
6751474	6751389	4
11361898	11360234	1
361250	361249	2
2893104	2762614	1
7429878	7429877	1
11450587	11450588	1
6056579	6056662	2
11793081	11848967	1
10239104	10239809	1
6000429	5995058	1
8992956	8992955	1
5936720	5936719	1
1599864	1599468	1
10929658	10929586	1
9429038	9428823	1
10563206	10563205	1
8451340	8451588	3
620864	779357	1
4876568	4875898	1
8312814	8312813	1
2521436	2521255	1
12147257	12147885	1
6895001	6895002	1
134008	134899	2
5965625	5965505	1
6167516	6167944	1
10516882	10529572	1
8576182	8576181	1
9232208	9232207	2
1422146	1421772	1
6587283	6587286	2
8693469	8693470	1
216909	216910	1
1099855	1100526	1
9821453	9821586	1
8497138	8497136	1
4640181	4640182	1
9971107	9971039	1
1082230	1082233	1
12189668	12189667	2
3296106	3296105	1
4829994	4830159	1
5440123	5440124	1
10536989	10534365	1
2902984	2901658	1
8316379	8316394	1
7904359	7904360	1
236492	236452	1
11169748	11169747	1
11680616	11680613	1
2538507	2541706	1
3184140	3184139	2
12573696	12662118	1
11941302	11941301	2
3607193	6414451	1
2695771	2695970	1
10324295	10324408	1
2038915	2039466	1
4642983	4642984	1
7377580	7377579	1
6628395	6628411	1
2570026	2570025	1
5159097	5159098	1
147284	147277	1
11792250	11841180	1
12001582	12048310	1
12461031	12461032	2
11872272	11872271	2
5155556	5155555	4
11534121	11534122	1
5577043	5577052	2
7686447	7686506	1
8478761	8478762	1
2335827	2335828	1
5198496	5198482	1
1735892	1735915	1
11382383	11382384	1
2938055	2932070	2
4529415	4529416	1
7446252	7446286	1
2480580	2480072	1
6302588	6354897	1
1317901	1317902	1
8709746	8709745	1
5480418	5480417	1
6228816	6228815	1
8167597	8167598	3
3266178	3266173	2
4938488	4938487	2
10802019	10802020	1
190818	191011	1
11978450	11979106	1
5785652	5785651	1
2329544	2329543	1
9825665	9825675	1
11975530	4261687	2
4536749	4536758	1
5313072	5313071	1
11829732	11829729	2
5288578	5319470	1
2969228	2980425	1
1470682	1470681	1
3937263	3937264	1
12627527	12693864	1
1725115	1728334	1
9385649	9385652	2
6189279	6187868	1
3943645	3943646	1
11864102	11864101	1
9621489	9618465	3
6036374	6036363	1
8979204	8979203	1
9019502	9019501	1
3380966	3380963	1
355579	354694	1
3097396	3097395	1
10882429	10882430	1
7532472	7532469	1
3277757	3277861	4
2060589	2060590	2
546557	546558	1
6869661	6869414	1
6466221	6466225	1
7831217	7830871	1
6889857	6889860	1
7948412	7911782	1
8363604	8363603	1
7986713	7986714	1
10523076	10521702	2
1265424	1265423	1
2359462	2359461	1
1535743	1535890	1
1349207	1349210	1
837507	837510	1
11194421	11193547	2
10184676	10184675	1
4039363	3333141	1
3749202	3747482	1
4137993	4137834	1
6606722	6606720	1
1784645	1827962	2
4374657	4374658	1
6220491	6220496	1
2523911	2523912	1
10250649	10248880	1
1658864	1658889	1
8347842	8347841	1
5368013	5367912	1
10757988	10758880	1
1762663	1762664	1
11484295	11484296	2
10878345	10878346	2
11963174	11965250	1
6800966	6679978	1
2957532	2957531	1
12770110	12770109	3
6511928	6511869	1
11715268	11715267	3
4376285	4376286	1
4302459	4302002	1
5060378	5060377	1
1220011	1226704	1
11220966	11210954	1
12359680	12359685	1
6226124	6226123	1
9633684	9633681	2
2276829	2278345	1
5502249	5502342	1
4261579	4261583	1
10378477	10378478	3
3608730	3708450	1
6118215	6116525	1
3105163	3105166	1
2568525	2568526	1
242849	242850	1
7429876	7429414	1
6415481	6415482	1
5212102	5212821	1
12618424	12621681	2
12758458	12758457	1
2807154	2807153	1
899762	899761	1
5671744	5671743	1
9916781	9916787	1
7703073	7703666	1
11429579	11301272	2
8993236	8993235	1
9607719	9607720	1
5071864	5071863	3
11506811	11506812	1
4610312	4610309	3
6026761	6036364	2
510173	510519	1
10802021	10802012	1
5415892	5416022	2
7802980	7802979	1
4223037	4223231	1
2663981	2663987	1
6166720	6167658	2
9286922	9286908	1
3200567	3200570	2
2437366	2423473	1
5355011	5355014	1
10405003	10405004	3
5809419	5809420	1
11327461	11327464	3
4237376	4237375	1
6751388	6751387	3
482432	482366	2
17698	17697	1
1840591	1840592	3
5846482	5844042	1
8847594	8847729	2
7556811	7556812	1
5104020	5104019	2
1139089	1139092	1
10508414	10508424	1
772061	772062	1
2149260	2146045	1
3330270	3330269	1
10708725	10737217	1
9751423	9751424	1
8639232	8639110	2
8829770	8829769	1
10184678	10184677	1
4030841	4030842	1
2159265	2159266	1
11430963	11431977	1
2316478	2316543	1
11758035	11758042	1
421520	318924	1
952615	835298	3
7683252	7683251	2
6127115	6127111	1
4640227	4643008	2
3401710	3401627	2
11979051	11978973	1
6924641	6924642	1
2376835	2376838	3
6316780	6315756	1
1384277	1384285	3
5931277	5931929	1
10501290	10501287	1
4023484	4023483	1
2649009	2649010	1
3299938	3299937	1
10369060	10369211	1
1046992	1046991	1
1344227	1344228	1
8482278	8485730	1
11968993	11968996	2
6632134	6630503	1
639171	615840	1
11068437	11068438	2
3812229	3812230	1
12530717	12530718	1
12516051	12516052	3
9895977	9898861	3
12345854	12345853	2
4031946	4031945	2
3223436	3223453	1
7612145	7629790	1
8779067	8766422	4
2374488	2373909	1
8514275	8518879	1
11388511	11388514	1
4023486	4023485	4
10501286	10501777	1
6033529	6034944	1
428771	428772	1
8006019	8006020	1
11941302	11941297	1
53415	53416	2
8075909	8075910	1
12309391	12309392	1
1316433	1316434	1
7823111	7830023	1
4819728	4819727	1
10865868	10865867	1
2425686	2425685	1
6411118	3633161	1
1265251	1263779	1
9996896	9996918	3
826310	826309	1
11242133	5510612	1
7859980	7860050	1
5997956	5997955	1
3807710	3807691	4
11941298	11941297	1
6107410	6107409	1
10536969	10536970	1
12630131	12718830	1
4580429	4580430	1
4621358	4621357	1
7805960	7805959	1
11539285	11555303	3
5572657	5572658	1
10920589	10920590	1
9665917	9665918	1
162546	162545	1
7860349	7860352	1
1299546	1299545	1
8237527	8239705	2
7941279	7941280	1
6176690	6158974	1
11872274	11872271	1
4646203	4646204	1
4568090	4568063	1
6488715	6488716	1
7990146	7990145	1
10992157	10990333	1
12461027	12461030	1
7916447	7916312	1
7681772	7681771	1
975761	976009	1
11495734	11495776	1
977416	976924	1
8711867	8712290	1
1675886	1676068	1
6091100	6091099	2
1236264	12278595	2
4611207	4611210	1
4161043	4159319	1
8344637	8344651	1
12040982	12040981	1
2888352	2888358	2
9026852	9026851	1
5376170	5478401	3
11557230	11533641	2
781391	781392	1
7765560	11010440	1
4083054	4083021	1
9569881	9569882	1
11485777	11491643	1
11144686	11147314	1
10889155	10889156	1
5251401	5251498	1
7395509	7395510	1
5161223	5159096	1
4958185	4957636	1
7352649	7435785	1
883437	883414	1
6184430	6184429	1
5211492	5211491	1
10748290	10748289	1
6288938	6288906	1
5480429	5480430	2
11040364	11040219	1
9797177	9797813	1
5370516	5371333	1
1455356	1455638	1
6552531	6552023	1
