fend1	fend2	count
11752760	11752759	1
10724299	10724300	3
10369034	10369033	1
5999161	5999162	1
7633530	7633529	1
5354453	5355484	1
3638157	3646361	1
11345158	11345136	1
6309165	6309348	1
3022687	3108883	1
11155699	11155700	1
1388109	1388110	1
11412367	11412368	1
283847	283973	1
1450681	1451511	1
11003050	11003049	1
999280	1004325	1
7400756	7400753	1
5238849	5238850	1
2457899	2457806	2
180075	180191	1
1728522	1728518	1
10163060	10163059	1
3437454	3437453	1
8171749	8170683	1
11041215	11041216	3
3929326	3929325	1
912269	912270	1
5739132	5739129	1
11967833	11967834	2
4674357	4653285	2
5022472	5022495	1
10652053	10652054	1
794147	794148	2
671028	671027	3
880600	880597	1
180075	180193	2
10140915	10140825	1
2174869	2178209	1
8472975	8472976	4
10381504	10381503	1
10203199	10203200	1
10068475	10068466	1
9962365	10100677	1
9646083	9646084	1
901200	901197	1
1668394	1668393	1
4749325	4749326	1
9129838	9129837	1
11929847	11929848	1
2681025	2681030	1
3495469	3495470	1
467132	466960	2
11829106	11829105	2
1803508	1803507	1
1515579	1515580	1
9299065	9299755	1
6163930	6163929	1
8831549	8831550	1
3906407	3906520	1
7152741	7152742	1
5914437	5914438	1
6381823	6381832	3
173092	68047	1
11461432	11461431	1
3323133	3323134	2
5213032	5212974	2
1580052	1579697	1
2768311	6931239	1
7891797	7891794	1
3889766	3889765	3
1083943	1083944	1
10886563	10886520	1
3107511	3107514	2
11729343	11729344	1
8568901	8568902	1
7645616	7646269	1
9549323	9549324	1
8861308	8861310	1
1267922	1268746	2
4288468	4288467	1
11624572	11624569	1
8921092	8921089	1
5786617	5786618	1
7753850	7754242	1
10805069	10795520	1
7020230	7020229	3
11095520	11095517	1
10316829	10316830	1
10068657	10066525	1
6730761	6730762	1
11436108	11436107	2
11493992	11493945	2
9308348	9308347	2
9051630	9051629	1
813549	813550	2
5481321	5481322	1
7439134	7439131	1
4437111	4437112	1
248927	248928	1
4939199	4939415	1
12677616	12675721	5
4584878	4584877	1
3750862	3752796	2
2009934	2009933	1
8568075	8568241	1
10873177	10873178	1
1569623	1569624	2
1485030	1444610	1
1539943	1539944	2
1409304	1344409	1
7855978	7816314	1
4112124	4113003	1
2680159	2680160	1
1454466	1454465	1
9295223	9295327	3
6094331	6094640	1
6160603	6160604	1
7765820	7765829	1
7152508	7152507	1
4618908	4645675	1
1017035	1017036	2
6585674	6585686	2
7024434	7024433	2
11184470	11183558	2
4049147	4049190	2
750866	750865	3
9717304	9717303	2
9810662	9811020	1
1668396	1668395	1
10213411	10213414	1
2873780	2873044	1
5067791	5067792	1
10461999	10462000	1
179509	179510	3
11088188	11076227	1
4076116	3986560	1
413598	413597	1
8862246	8862243	2
11520309	11520314	2
9984576	9984575	1
5266756	5266751	1
10225391	10225392	2
4109035	4109036	1
9688789	9688799	1
4201772	4201769	1
8432080	8432079	2
8791617	8791016	1
6651602	6651601	3
10787635	10787636	1
6871505	6871525	1
7054572	7054571	1
7323619	7323614	2
1546623	1546598	1
1250850	1250849	1
1241814	1241813	1
49726	49337	1
4584876	4581541	1
11909503	11909504	1
9949071	9949072	1
2414345	2411339	1
8232211	8232212	1
5143925	5143622	2
349375	349376	1
6090097	6090098	2
10411474	10411473	4
12549244	12549383	1
9527015	9527016	1
375297	375298	1
5596862	5596861	1
5934457	5934460	1
10944001	10937158	1
8558947	8558948	2
2177442	2177496	1
11182411	11182396	1
1401472	1401471	1
4611026	4613388	1
6090099	6090100	1
1579832	1579831	3
4044934	4044902	1
7700758	7700779	3
9343251	9343213	1
4334408	4334407	1
11402410	11402409	1
5716849	5716850	1
3602478	3599376	1
11196011	11196642	1
2459129	2459210	1
10825807	10825902	1
6495289	6495249	1
12396835	12396857	1
8032127	8032128	1
10407457	10407546	1
12204161	12204173	1
8623040	8623039	2
6278495	10800719	1
6678876	6678786	2
5411328	5411332	1
909162	909159	3
10295763	10295764	1
7609627	7609637	1
3853950	3853949	3
4255939	4255940	2
7398375	7398376	1
8813652	8813651	1
9918779	9917384	2
1146681	1144661	2
8192276	8192275	1
11323523	11323457	1
9818549	9818550	2
2655227	2655228	2
8322352	8322351	1
7625612	7624516	1
12792883	12792884	1
11267651	11267652	1
7293174	7293173	3
2838251	2838252	2
510633	510651	1
4876936	4878132	1
2910537	2910538	1
10679500	10677989	1
11806282	11806281	1
6492835	6492816	1
4082282	4082281	1
8074175	8074176	3
11881177	11881178	2
1994366	1994363	1
589233	586737	1
12434569	12434570	1
11902601	11902602	2
6555678	6556074	2
7643878	7643877	1
609511	609500	4
10514835	10514836	1
2318349	2318350	2
12356620	12356613	2
7476686	10721632	1
7179549	12464995	2
5545242	5544630	1
8305366	8305365	2
2018677	2018539	1
3308143	3308976	1
9300667	9300668	1
3907199	3905056	1
373758	373756	1
5331231	5331234	1
2070771	2068424	1
12368183	12368184	2
7535134	7535133	1
5870059	5870062	1
6441244	6441243	1
2265466	2265461	2
5540285	5427403	1
4358149	4358150	2
7605644	7605641	1
1286517	1286518	1
11461434	11461431	1
2313241	2314048	1
1302891	1302892	1
6568703	6568704	2
4152322	4152321	3
7864285	7864286	2
9114367	9116964	1
3750601	3935907	1
11197815	11197816	2
1545720	1545717	1
3932357	3932358	1
3254374	3254750	1
4474149	4474150	1
11606658	11606653	1
4170158	4170153	1
5263669	5263670	1
748992	748991	2
11766422	11766421	3
11557122	11557121	1
2593945	2593946	1
9005107	9002144	1
12467474	12467742	1
10900065	10900884	1
8528970	8529043	1
7650022	7654924	3
7930721	7930841	1
11483725	11482652	2
6229296	6229295	1
2636882	2636877	1
8905972	8905971	2
581351	581352	2
7885576	7885575	1
5154731	5154732	1
3268323	3268324	2
1738975	1743502	1
12429349	12429020	1
2369048	2369872	1
1883646	1882646	1
8201693	8201694	1
7432807	7432808	2
11480248	11480247	1
11040099	11040105	2
26291	26294	1
3556866	3556869	1
7152137	7152140	1
7940616	7940116	1
12320288	12320287	1
904269	904270	1
887805	887802	1
9471130	9471129	1
4308353	4308356	3
6023946	6023954	2
12675837	12675838	1
7152506	7152505	1
9793965	9793966	1
2491365	2491366	1
5331233	5331234	3
3143352	3143351	1
2582415	2582436	1
6548760	4607369	1
6045448	6032381	1
1472847	1472673	1
613212	613181	2
7007089	7007090	1
8571431	8571432	3
2656397	2656398	1
11934717	11934720	1
1314560	1314688	1
12786513	12786902	2
4691122	4691121	2
6713563	6713602	1
10355093	10355094	1
6710269	6710272	1
4064972	4064971	1
7765686	7765685	1
196295	196255	1
6072810	6072809	1
2611544	2611543	1
4175855	1208404	2
12205486	12205485	1
6218717	6218718	1
11266572	11266571	2
12381349	12381350	1
8201699	8201702	1
6623257	6623262	1
12786290	12786289	1
10370883	10370884	1
5202594	5205248	1
8699248	8699247	1
7281734	7281716	1
2887249	2887250	1
1000880	1000877	1
7697419	7697412	1
334329	334020	1
11462431	11462432	1
96309	106336	2
9881157	9880548	1
4854261	4854262	1
7785774	7785773	1
6866796	6866795	3
6039441	6039276	1
3868713	3857386	1
801459	801462	1
1229136	1229089	1
2611542	2611541	1
5865553	5865556	2
10369032	10369031	1
1031169	1031170	3
9309321	9307552	5
7254064	7254295	2
8300351	8300900	1
6158045	6158046	1
7685933	7685934	2
5262207	5260553	1
6951986	6954088	3
7091690	7091689	2
6915030	6915402	3
10155892	10155891	1
3746521	3746522	1
3268325	3268326	1
3431450	3412856	1
9895200	9895203	1
9419752	9419751	1
2194881	3886844	1
11379594	11379593	1
12205000	12204994	1
10347661	10347492	1
2318351	2318352	1
10215761	10215762	1
9562298	9416028	1
2974605	2974600	1
7597824	7597823	1
99411	99412	1
2357144	2357143	1
3788650	3788647	1
12775635	12775636	1
5792760	5792759	3
6291445	6291446	2
12471376	12471375	1
9280644	9280643	2
1504804	1506736	1
5854365	5854018	1
5407183	5407184	2
7597819	7597822	1
2806625	2806626	2
10393710	10744314	2
1842484	1842483	1
458452	457939	1
10714831	10714832	1
6741024	6742571	1
10095841	10098370	1
7689450	7456922	1
4541077	4541078	1
7186022	7186030	1
9818547	9818548	2
8387785	8387786	1
1506957	1506958	2
7305629	7305630	1
1668340	1668397	3
1749203	4715938	5
3630300	3630297	1
1146676	1146675	3
55250	55249	2
5995476	5994624	1
7627610	7627609	1
4691124	4691123	1
12785450	12785447	1
7593775	7593776	1
955515	955516	1
12679484	12679483	1
7994976	7994975	1
1837554	1837553	1
5206749	5206750	2
1583173	1583174	1
10349069	10348759	1
839389	839390	2
8985014	8985011	1
12660560	12660557	1
943602	943648	1
7324155	7324158	4
10770859	10770860	2
10893221	10893222	1
5269083	4751485	1
8791017	8791018	1
10105644	10105643	1
8579600	8579599	2
11794914	11794911	1
6521833	6521838	2
3049656	3049655	1
5512610	5512595	2
301186	301449	1
6136745	6136748	1
1560145	1560146	1
581349	581352	1
11824216	11824215	1
5242517	5242522	1
11767697	11766682	1
7870223	7870226	4
4294781	4290682	1
800248	800247	1
3233895	3236627	1
11462429	11462430	2
4308351	4308352	7
11490190	11490189	2
9142292	9478737	1
3208262	3208261	1
2517464	2517463	1
3472297	3472298	2
8998770	8998769	1
4373446	4373445	1
5585782	5585779	2
7103251	7103252	3
4431808	4431805	1
8843640	8843639	3
9506686	9506685	1
6769615	7950290	3
5263634	5263670	1
350380	349374	1
10977156	10985394	1
4741598	4741597	3
5361988	5361991	1
7692406	7692405	3
10801777	10801778	2
7604314	7605459	1
11969820	11969819	1
4601639	4601640	1
6192936	6192935	1
6202944	6202943	1
10465055	10467946	1
2981953	2981954	1
12449513	12449516	1
2458339	2450852	1
10026699	10065361	1
4794621	4788910	2
5465821	5465825	1
5096592	5096591	1
4478692	4478689	1
2196503	2196504	1
12785446	12785445	1
9440495	9440496	2
5714884	5714891	1
2842794	2842791	2
367336	369148	2
5429613	5430003	1
11085940	11085939	2
6412100	6412099	1
4294057	3753520	1
4821506	4821505	1
3750601	3963327	1
2091540	8567387	1
375291	375294	1
5523735	5523556	2
11625033	11625034	3
6351193	6351194	1
4940443	4940564	1
11877103	11877104	1
8980722	3639629	1
1781129	1776219	1
7053449	7054051	1
8186937	8186938	1
7792379	7792382	1
474026	473875	1
11678485	11678486	1
216612	216609	1
11297904	11297903	2
9305980	9301230	1
1286899	1302890	1
6955860	7341189	1
5536535	5536536	2
11115679	11115680	1
9791183	9791184	1
884334	884333	2
7185066	7185065	1
6587431	6587719	3
6721019	6721072	1
8635123	8632407	4
2685562	2685561	1
11386493	11391543	2
8266911	8266912	1
7436589	7436590	2
2353191	2353192	1
9274560	9274559	2
5331231	5331232	4
7859304	7859303	1
3484231	3484232	1
8282290	8282289	4
4070224	4070223	1
4058262	4058261	2
10729255	10729256	1
7110235	7110236	1
6023944	6023954	1
11615627	11625081	1
9097262	8923689	1
2281450	2281449	2
4849621	4850846	2
12017574	12017573	1
160836	157729	1
7415716	7415715	2
7717687	7717688	1
4340030	4340029	1
2517477	2517478	1
5088639	5088640	1
11092597	11092598	2
7726054	7725815	4
10790185	10790186	1
12766050	12766043	1
7237696	7237695	5
9129784	9129779	1
11391747	11391748	2
11487004	11485402	1
11181353	11180700	1
2483243	2483253	1
3987464	3987463	1
2410389	2410390	1
4603309	4603310	1
10469089	10468350	1
749974	749971	2
11780067	11780068	1
12231107	12231108	1
10776689	10776687	1
720490	8582987	1
3474293	3474294	1
9026628	9026307	1
8897222	3524209	2
11160776	11160775	1
7667011	7669215	1
7417279	7417282	2
6204145	6204146	1
8790387	8790388	2
643097	641450	1
5627977	5628059	1
7094232	7094231	2
9284469	9284470	1
615709	615712	1
3617913	3674666	1
8826272	8826271	2
1203136	1203135	2
6312600	6313724	1
8756077	8696709	2
9622376	9622375	1
5401619	5401620	1
6755422	6755421	1
9168259	9168105	1
4008517	4008518	1
4231236	4231235	2
9453278	9453275	2
5867279	5867280	3
202147	202148	1
7091692	7091691	1
1049426	1049425	1
3987450	3987449	1
9865385	9865386	2
9564906	9564922	1
11583508	11583507	1
6538335	6535579	1
3150013	3149989	1
9776434	9776433	1
264367	264370	2
11655658	11655657	1
4365340	4365363	1
12486596	12486595	1
8611137	8611140	1
4016437	4016438	1
1204876	4154507	1
204417	205256	1
3301299	3301300	1
3980328	3980327	2
787546	787545	2
3224101	3224102	1
11088189	11088190	2
9485507	9485508	2
12651482	12649762	1
11476915	11477116	2
6488365	6488366	1
6641467	6641468	1
407707	407708	1
8479992	8480016	1
11211284	11224299	2
10910756	10910755	1
7093338	7093337	3
10800439	10800444	1
11088303	11087024	1
9487092	9487091	1
7815099	7815100	1
264369	264370	1
2552716	2553095	1
885187	885190	2
5999157	5999160	1
9494608	9495427	1
11088189	11087182	1
9899182	8624891	1
11287426	11286488	1
2144715	2144716	1
9963373	9963374	1
6604604	6608542	1
2370015	2370018	1
4073044	4073131	1
5247245	5247246	1
7862776	7862775	1
2180608	2180607	1
9129363	9129364	1
5646071	5646072	2
2541658	2541657	1
3243185	3243186	2
3821346	3821345	2
9090956	9090955	1
3698570	3698610	1
2829469	2829229	1
1243719	1243720	1
10825801	10825902	1
884332	884327	2
481070	481064	2
6952011	6952012	1
285400	285409	2
3990200	3990199	1
7958353	7947979	1
1320868	1320897	1
6862796	6862786	1
773935	768288	1
6067422	6067421	1
1314560	1314559	1
7218302	7218376	2
6277509	6277440	1
10813617	10813618	2
10215044	10291494	2
12800595	12800622	2
10434708	10434707	1
9478611	9478606	1
3484233	3484234	1
909160	909159	2
6160601	6160602	1
5595180	5595179	1
1163164	1163163	1
175086	175081	1
2405188	2406749	1
1846163	1846164	1
1449045	1449046	2
659918	659915	1
1768329	1768330	1
8180271	8180311	2
8791460	8791463	1
7030909	7030910	1
3742562	3748774	1
8186516	8186515	1
10385501	10385502	1
1877493	1875605	1
12482799	12481680	2
5080224	5250700	1
5739134	5739133	1
12610078	12610103	1
570221	570160	2
9133830	9133829	1
865791	865792	1
10805069	10795518	1
5819065	5819066	1
8717452	8716442	1
5242891	5244699	1
9379490	9379489	1
5697761	5698435	1
3141668	3141667	1
10501152	10501151	1
7399458	7399524	1
5192114	5192113	1
9962081	9962082	1
12029983	12029986	2
6721017	6721072	1
9912209	9914017	1
2590924	2590923	1
9470347	9470348	1
6155533	6155534	1
11036824	11037025	1
5761389	5761383	1
12283810	12284970	1
1727315	1727316	1
2671299	2671305	1
5566020	5566019	1
7007091	7007692	1
7740443	7740444	1
109564	109569	1
8334916	8215403	1
7025507	7025508	1
6140593	6140594	3
11356280	11356279	2
4741456	4741455	1
12452116	12452115	3
11921152	11921151	1
83953	83954	2
10771346	10771345	1
7944977	7944972	1
5358785	5358786	1
7097059	7097015	1
8252922	8252921	1
5050523	5050524	2
2850940	2850939	1
4470948	3141667	1
11524486	11524339	1
6203051	6161578	1
6244579	6244580	1
9865383	9865384	3
5371949	5372381	1
3689327	3689328	1
8243807	8243803	1
288601	288595	1
11787896	11787895	1
7201882	7201901	1
10438180	10438179	1
2370013	2370014	2
10200858	10200868	3
6170375	6170378	1
4016439	4016440	1
9433322	9431948	1
9369696	9369695	1
284881	284882	2
7811027	7811030	1
9717448	9717447	1
3925127	3294902	1
10336822	10336845	3
10661342	10661341	1
12128380	12128379	1
9284638	9286834	1
8342814	8342813	1
7578554	7576414	1
6411805	6411806	2
2853121	2821504	2
9680460	9680627	2
9714511	9714505	3
12343100	12630696	2
8974609	8974355	1
8478340	8478339	1
2457974	2457973	3
1654174	1654187	1
6124981	6124982	1
12633665	12633666	1
7611454	7611578	1
11390274	11390277	1
809630	811156	1
794151	794163	1
9424485	9424490	2
3736746	3736745	1
8032129	8032130	1
2260283	2260128	1
1997187	1997191	2
7067606	7067729	1
12449978	12449991	1
2598737	2598738	1
2974599	2974600	1
8862246	8861624	1
5106761	5106762	1
7449491	7449492	2
6516510	6511749	1
2962307	2962308	1
765624	765623	1
4677885	4677886	2
10569447	10570757	1
5778413	5777256	1
6278053	10837032	1
3881577	3881582	1
509849	509850	3
407157	407158	1
11467044	11467043	1
6903577	6903578	1
2160226	2160225	1
10295978	10296356	1
7379646	7379645	2
4790760	4790293	2
10762890	10765025	1
8534035	8534029	1
11575047	11575030	3
9576465	9576466	1
583920	583919	1
11819045	11819046	1
723516	723515	1
9152010	9147951	2
10568585	10568586	1
6510520	6510519	1
5713665	5716848	1
2279735	2281854	1
10538377	10538378	1
3734029	3717644	1
3738146	3738145	2
5017685	5017686	1
3237196	3237195	3
1177402	1177401	1
6476718	6476717	1
12369610	12576457	1
1734397	1734398	1
7018353	7018354	1
8365483	8362625	2
3877619	3877464	1
11007477	11007478	1
7796365	7796366	1
4373444	4373428	1
8664164	8664163	2
7408504	7408503	2
9291719	9293759	1
12174014	12174007	1
5845609	5841772	3
10080033	10021304	1
2245075	2245078	2
5729050	5728937	1
1090552	1090551	2
2264248	2106261	1
3672377	3681089	1
10719779	10719782	1
3753521	3753522	1
11457135	11457330	1
4541080	4541079	1
8462241	8462242	2
7182158	7182157	2
3694846	3694809	1
8899120	8899119	1
2471674	2471673	1
9453278	9453277	2
10672065	10672066	2
3739145	3739146	2
2517455	2517456	3
5050520	5050519	1
10104116	10104115	3
10315751	10315752	2
8617993	8617994	1
8870315	8870316	1
10357366	10355983	1
9527011	9527014	2
1906325	1906320	2
9814993	9814996	1
8396405	8396829	1
3873179	3873153	1
3588990	3588989	1
3194190	3194187	1
9665390	9666164	2
12509858	12509857	2
3560596	3560595	1
2375365	2375399	1
1006357	1008450	3
12743197	12743198	3
12130732	12159016	1
7514192	7514191	1
10432536	10432535	5
5792985	5792986	1
7301595	7301596	1
9796624	9798104	1
11733481	11733482	2
1233846	1233845	2
3876536	3876451	3
10238702	10238701	1
5664093	5664106	1
8185638	8185652	2
5704784	5704783	1
7717809	7718240	1
5236092	5236082	2
11497336	11507989	1
394776	393617	1
311161	310599	1
4860290	4860309	1
5506254	5506268	1
3556866	3556853	1
8690186	8690181	1
7186029	7185064	2
5709778	5711941	1
7989990	7989819	3
430199	430202	1
6781714	6781713	2
880600	880599	3
7601123	7601124	1
11193410	11193538	1
1770550	1770539	1
6367771	6367772	1
8998155	8998157	1
6365215	6365222	1
9620689	9620719	1
2471672	2471671	2
2699082	2699081	1
5048117	5048108	1
7436679	7436680	1
9295212	9295186	1
6341822	6341821	1
1535579	1535580	2
1562133	1562134	2
435947	441849	1
722824	707141	1
9765300	9765265	1
6954777	6953107	3
3962017	3962018	1
1706623	1752393	1
9353643	9354367	1
7107756	7107755	2
4294811	4294812	1
6046890	6046883	3
8795633	8795634	1
4955749	4955752	2
586736	586735	1
2709748	2709747	1
6709323	6709366	1
3296300	3296331	1
2586181	2586182	2
10790187	10790188	1
3129284	4445647	1
825479	825480	1
9657917	9659218	1
4614863	4613888	1
12617742	12617632	3
11792771	11792772	2
4085279	4085280	1
3295334	3295339	1
2370019	2370020	1
11584881	11585133	1
6751383	6751384	1
3237194	3237193	3
12478740	12478739	1
553822	581809	1
10508096	10483504	1
9373474	9373533	1
6384311	6384312	2
8562387	8562388	1
7025505	7025506	2
1243604	1247002	1
10184621	10173213	1
4371155	4370837	1
11620630	11459108	1
5438352	5435542	2
10654128	10654127	3
7756165	7755177	1
11060534	11064099	2
9483549	9483550	2
1037616	10872082	1
806948	806913	1
5271867	5271868	1
732603	735101	2
46765	46766	2
683112	683111	1
12594762	12594752	2
10746932	10746840	1
7088277	7277167	1
3221315	3221316	1
2334064	2334063	1
3769945	3764138	1
5378222	5378221	1
5595833	5596090	1
713745	713746	3
8758057	8758058	1
2248860	2249010	1
4823442	4823441	1
8250431	2091545	1
4395287	4391946	1
9500557	9500562	1
666004	7200593	1
1098229	1098232	2
7924965	7924958	1
5193781	5193784	1
10877223	10877177	2
2656436	2656791	1
794147	794150	1
11323458	11323457	1
6711843	6711470	1
7932591	7932584	1
2434617	2434618	1
7353001	7353002	1
12307168	12307068	2
3296300	3247158	1
11757135	11757138	1
5857509	5857510	1
9033579	9033580	2
12420406	12420403	1
8351626	8351618	1
1229138	1229137	1
560679	560680	1
6855121	6858786	1
6427196	6427195	1
793325	793331	2
813551	813554	2
10507285	10507022	1
11783478	11783292	2
10325919	10325920	2
4874639	4874669	1
9511044	9511078	1
8907769	8912015	1
11462429	11462432	1
7727306	7721916	1
3126407	3126408	1
9660171	9660172	1
11011379	11011380	1
3430091	3430158	1
8381268	8381267	1
5135911	5135912	1
4793457	4791742	1
10180658	10180073	1
3881409	3881442	2
4434437	4434438	1
1787903	1787904	1
10813428	10813423	1
6254546	6249252	1
9776990	9776989	2
2685840	2685839	3
5996617	5996618	1
181430	179508	2
3519055	3519098	1
4188375	4188355	2
4639621	4639622	1
7174921	7174922	2
9584199	9584200	2
2219385	2219388	4
9259443	9259402	6
2932978	2932519	1
6026406	6050260	1
1997	1998	3
7432410	11260212	1
1233850	1233847	1
6351191	6351192	2
9173862	9151480	1
2370033	2370038	1
11913127	11913128	3
10574059	10757878	3
1850080	1850079	2
7020230	7020227	1
3907197	3905056	1
8623191	8623689	2
7517023	7516707	1
11389388	11389387	1
12472429	12472430	1
736472	733011	1
2837339	2837340	1
610335	610336	2
9676337	9676340	1
6855119	6855120	1
12265259	12265260	1
6736551	6736552	3
747355	747356	1
6291739	6291676	1
11445575	11445576	1
10601724	10601723	1
1896389	1894111	2
4277266	4277265	1
5437065	5443371	1
4331439	4331715	2
9129370	9129369	1
4582912	4582909	2
5767584	5767589	2
11756203	11756350	1
8164783	8164784	2
10540521	10540522	1
6035345	6034685	1
11783482	11783479	2
9175011	9175012	1
9237108	9237107	1
11721382	11720232	1
11435748	11437260	1
10604233	10604735	1
7298515	7298516	1
4052321	4052322	1
10572972	10574531	1
3054819	3054799	1
3018244	2948374	1
10111794	10111793	1
10673782	10674887	2
11655662	11655661	1
4298450	4298447	1
9827673	9827674	1
3115095	3115098	2
9014906	9014901	1
6229298	6229297	1
3266954	3269981	1
8798167	8798170	2
9668681	9668682	2
643254	641262	1
6165803	6165804	1
10367440	10573961	1
9282838	9275796	1
10020796	10020795	1
11929693	11929694	1
1840737	1840738	3
6935359	6935362	1
6591474	6591473	1
1304307	1304308	1
4113196	4120180	1
1840135	1840136	1
11391737	11391738	1
5864326	5864295	1
8301804	8301803	1
5346565	5346566	1
3495785	3498021	1
2590187	2593171	1
4736217	7781870	1
8750768	8750767	3
9776436	9776435	1
3901966	3897527	2
1275883	1275894	1
9494611	9494612	2
10206361	10206186	1
7399525	7909466	1
1171302	1171215	1
6453992	6453989	1
590455	590456	1
6651657	6651711	1
10481081	10481082	2
3510243	3510244	1
6330192	6330191	1
7092790	7093339	3
1986020	1986017	1
1539945	1539946	1
5242519	5242522	1
1067741	1067742	2
8879090	8879089	2
10432534	2689196	2
4743994	4784633	1
1840137	1840138	1
927210	927202	1
6797269	6797275	2
9776426	8557410	1
940010	940282	1
7577462	7577461	1
9142292	9142291	3
2571573	2441768	1
6821243	6821244	2
5536537	5536538	2
9917421	9917422	1
6695630	6695638	1
1606959	1606960	1
10355093	10355096	1
3984260	3984262	2
1836138	1836135	2
7692768	7697418	1
7247250	7247249	2
3193546	3193565	1
10603182	10603181	1
10719777	10719778	1
3030567	3030645	1
2590261	8515982	1
4744029	4713646	1
12753351	12753352	4
11545900	11500494	2
3815693	3815700	1
3163107	3163108	1
3609058	3609057	1
6712333	6706910	1
1840739	1840742	2
3269366	3269363	2
6314780	6314779	1
10801775	10801776	3
11461434	11461433	1
3469773	3466573	1
2090514	2090513	2
5429759	5429630	1
4244551	4244552	1
2587030	2587042	1
7792379	7792380	3
9353859	9353860	1
4089178	4089177	1
7958436	7958435	1
3609064	3609057	1
4093535	4093532	3
7406036	7406035	1
4382196	4382192	1
12610091	12610073	2
1392696	1392772	1
11010667	11196396	1
809769	809770	1
7408188	7408187	3
9509134	9509386	1
6451388	6451387	1
11755079	11755080	1
10212780	10212779	3
1451037	1451038	1
3396764	3398220	3
9619700	9619702	2
3967996	3967995	2
481203	689650	2
888756	890192	1
3867515	3867516	2
8437479	8437482	1
10537454	10537453	1
74826	74825	2
12679407	12679408	3
1777111	1777114	1
11626800	11626799	1
1526303	1526091	1
11495658	11495657	1
3063631	3063632	1
5495066	5495065	2
1993443	1993444	1
2199806	6637938	4
5585772	5589465	1
7293281	7293282	2
12149568	12149567	1
99407	99410	1
3873211	3873198	1
338565	338566	2
7100282	7100279	2
2636873	2636893	1
4045169	4045101	1
10215773	10215776	2
10863096	10863095	1
8901690	8901689	1
5430799	5430800	1
9308350	9308349	2
1229543	1229521	1
2613687	2612357	2
187514	187496	1
5117659	5117206	3
8189971	8189876	1
1835730	1836156	2
12420395	12420407	1
8819530	8819529	1
10550059	10550060	1
5553083	5554672	1
2115504	2114987	1
478200	478199	1
6505140	6505139	1
7136905	7136906	2
11845173	11845190	2
7817394	7817400	2
7653615	7653616	1
12482003	12479818	1
4347816	4348792	1
5547225	5434965	1
9839144	9839151	1
331220	331219	1
1700391	1700392	1
11117236	11117233	1
5096592	5096589	1
5505735	5505626	1
4076120	4076119	1
6473386	6556772	1
11998840	11998839	3
3778746	3771931	1
369149	369150	2
9079881	9079882	1
9824953	9824954	1
12153623	12152713	1
12203885	12203886	1
11828191	11829105	1
12324480	12324479	2
12196273	12196274	1
3929330	3929327	1
5845605	5845606	3
2014801	2014802	1
6442966	6442954	1
9146249	9146250	2
10540519	10540520	1
10153298	10152638	1
7645616	7646267	2
425875	425876	1
3694607	3513543	1
10201347	10201348	2
11577287	11577229	1
8634047	8634048	2
4152310	4152323	3
5330415	5330416	1
811502	811494	1
1710641	1713467	2
2170139	2170140	1
747357	748841	2
6305160	6305159	1
6410095	6410096	1
1126158	1126157	1
6707098	6707097	2
3834385	3834386	2
12786292	12786291	1
5750166	5750219	1
6904863	6904882	2
7456756	7456755	1
3384766	3384765	1
3474011	3474012	1
6198279	6193233	3
6510955	6510956	1
9975117	9975770	1
5548770	5548353	1
3308143	3308144	2
10771347	10771348	3
6558959	6559244	1
5550024	5550023	3
12686652	12686651	1
880598	880597	2
11445573	11445574	1
909162	909161	2
4557676	4557671	1
902414	902405	1
3387502	3387501	2
5675322	5675319	1
8471036	8471035	2
11013353	11013354	1
4073177	4073178	1
6942793	6944191	1
6350560	6350517	1
4691442	4691441	2
6439715	6439755	1
10697450	10697445	1
10325917	10325918	3
5318941	5318942	1
2093790	2093804	1
283845	283846	1
9643329	9643332	1
9784435	9784436	1
5651772	5651771	1
4144241	4309970	1
3412538	3412537	1
10297124	10297091	6
10627405	10627408	1
7895062	7895053	1
2014803	2014806	1
11085678	11085677	1
9011804	9011486	1
1247147	1244522	1
12316530	12316558	1
943604	943648	1
12029691	12029692	2
6841533	6842700	1
4333113	4333114	3
5654702	5654701	1
12297205	12297206	2
11986392	11986391	1
5999155	5999156	2
11968928	11968927	3
7951517	7900774	1
8690188	8690187	2
7818480	7818479	3
10697450	10697447	6
9274558	9274555	1
4117000	4116999	1
8614673	8612902	3
10274270	10274267	2
4708529	2837078	1
10663770	10663769	1
7136905	7136908	1
5935628	5935627	1
1562135	1562136	1
3539115	3539116	3
9539688	9540480	1
1565406	1565985	1
10776512	10775685	1
6504962	6504759	1
2667213	2667216	1
11489134	11482043	1
8758589	8758592	2
8042277	8042278	1
12028702	12028701	1
2129998	2129997	1
4470831	4470832	2
7449493	7449494	2
7877845	7877846	1
9641702	9645003	2
2210086	2362376	1
11801615	11801616	5
2810510	2809090	1
2591290	2591285	1
2258918	2258917	2
5463781	5463782	1
11941590	11941657	1
8838883	8838870	1
938265	938266	1
2878475	2667244	1
8072027	71537	1
8042281	8042288	1
685954	685960	1
8761926	8761925	1
499108	510460	1
5726701	5727093	2
3115692	3115691	1
8831551	8831552	1
10316603	10316577	1
8987114	8987113	2
11107912	11107818	1
2975143	2975146	1
6736551	6736554	1
713743	713744	1
4510503	4512909	1
5318194	5312224	1
6093349	6087243	1
11648711	11648712	1
12792885	12792886	2
11467042	11467002	1
12501850	12501849	1
8779940	8779939	1
2517460	2517459	1
603187	603208	2
801119	801120	1
7656208	7546558	2
6794574	6794577	1
1539943	1539946	1
11556837	11556838	2
11481502	11481501	1
3985382	3984261	1
7876655	7875553	1
12056111	12056112	2
4347186	4348147	1
9440497	9440498	1
8287248	8287307	1
5319284	5319283	1
4663626	4663625	1
4049191	4049192	1
5438364	5224834	3
9921683	9921686	1
6559363	6556649	3
7838590	7834207	1
1673172	1673247	2
3675667	12420403	1
9956448	9841970	1
1179545	1179546	1
1836838	1836696	1
3957554	5508205	1
3033348	3039015	1
6042382	6042381	1
1103918	1103917	1
3878065	3878066	1
8365479	8365482	1
7095450	7095449	1
6277848	6277747	1
3208092	3208261	1
11006691	1826213	1
3197751	3197752	2
8352623	8367733	1
8666085	8666086	1
11482841	11482842	1
7308544	7308543	1
6123700	6123693	1
9032235	9032240	1
763386	763530	1
9955783	9849195	2
6025622	6025617	1
2032601	2034507	2
2133106	2133062	1
7475111	7475114	2
5095231	5094051	1
3098856	3098855	1
581349	581350	1
4046576	4090051	1
5047141	891467	2
6739535	6739146	2
11415270	11416109	1
2072594	2072593	1
3406582	3412539	1
7760455	5097240	1
4253115	4253120	1
9514010	8666926	1
3372262	3372261	1
10192363	10192361	1
11075380	11075379	1
7275910	7275909	2
5867281	5867282	2
4874603	4874604	2
9654602	9770977	1
11172520	11172513	1
6939596	6939595	1
3816790	3761278	1
57447	59517	1
8434462	8433292	1
2170264	6593416	2
9480156	9482811	3
8690186	8690179	1
6136747	6136748	1
1988814	1987501	1
3340399	3340147	1
8682457	8682458	1
3291476	3292424	2
3670142	3670141	1
6253096	6253095	1
3478723	3478724	3
2575900	2590923	1
6727042	7862465	1
366339	366340	3
1567022	1565889	1
10809866	10809865	2
2375915	2376059	1
3907197	3907198	1
7152737	7152740	2
4860292	4860291	1
10966391	10966429	1
3738144	3738148	2
6497399	6503170	1
8924706	8924705	1
9503017	9500198	1
6197276	6197313	1
4702248	4704021	1
3519357	8981247	1
7576330	7576327	1
2655730	2654874	2
9584200	9584203	2
9995860	9995859	4
6129300	6122888	1
11115682	11115681	2
5057018	5057017	2
4957401	484871	1
12056113	12056114	1
47737	42294	1
9078185	9078188	1
11079740	11079739	1
1223036	1223039	1
1836157	1836158	3
1326316	1326314	1
1565977	1565978	1
7337447	7337448	1
9748370	9748369	3
7791698	7792670	1
10359516	10359489	1
11652877	11652878	2
7535132	7535131	1
3889768	3889767	3
1803506	1803505	1
10163746	10163061	1
2446202	2563163	1
2497647	2497648	1
7091688	7091691	1
8796188	8796187	1
5366986	5366985	3
5552848	5552841	2
315288	4700270	1
5423812	5276254	2
8451095	8451096	2
4841727	4841728	2
12783712	12783094	1
2140093	2140094	4
2825615	2829105	1
2580285	2580286	1
8696846	8697332	3
3136387	3136388	1
4367292	4367537	1
2830835	3353257	1
5294061	5294062	1
8201701	8201702	1
801463	800249	1
11724765	11733938	1
7648515	7652469	1
5714001	5714002	1
3853844	3779208	2
7641440	7643491	1
925466	953202	1
4195119	4157469	1
8341772	8341771	4
883106	878000	1
4331437	4331438	1
10600380	10600377	1
3259342	3259341	1
10922493	10922494	1
3867511	3867514	1
1428401	1425922	1
8957951	8957954	1
9620681	9620682	1
7110838	7110837	1
4359127	4359128	2
7184544	7184543	1
509851	509852	2
12480747	12480750	1
6957520	6957573	1
5502175	5502178	1
714607	713742	1
2381524	2381523	1
4691463	4691443	1
8558945	8558946	2
3879743	3880787	1
11913601	11913602	2
12431250	12431249	1
10905698	10903528	1
12501835	12501838	2
7558849	7558933	1
11287039	11287040	1
6124983	6124984	1
10707860	10707859	1
5486907	5485021	1
4348791	4348792	1
12028373	12028374	1
7646268	7646267	1
4688031	4688032	1
9849368	2538494	1
10547457	10547458	2
667262	667261	1
1000874	1003938	4
872598	871944	1
2584281	2584282	1
12316296	12316295	1
7446434	7446433	1
5346567	5346573	1
2840130	2842268	1
7809636	7809635	1
6105399	6105400	1
872324	872327	1
2142420	2142419	3
7298794	7298791	1
9855222	776206	1
9669688	9669685	1
8803189	8803190	1
1543752	1543751	1
180942	180941	1
5999157	5999162	1
1271444	1271443	1
8813656	8813653	1
11129269	11129270	1
2314477	2319734	1
9686430	9686429	4
4815597	4812946	1
861880	861863	2
4597097	4597098	2
10334193	10334194	1
9326614	9326613	1
5987608	5987605	1
6277888	6277747	3
12796714	12796713	1
3474013	3475346	1
11087801	11087802	2
5697761	5698433	1
5751687	5751688	1
1329963	1323138	1
10853515	10851335	1
10672069	10672064	1
10675211	10675212	1
8249669	8249670	2
9881156	9881166	1
6105371	6105372	2
11478554	11478551	1
2413506	2413527	2
6411803	6411804	2
3048061	3048064	1
3296300	3296333	1
2011793	2011800	3
5654704	5654703	1
2178208	2178207	1
10742235	7836022	1
10660012	10658388	1
9622374	9622373	1
495556	631529	1
4275435	4275436	2
8785364	8785565	1
1163164	1162802	1
7857686	9580840	3
2488564	2488905	1
1831298	2011972	1
10074355	10074360	1
1734400	1734396	1
8291043	8291044	1
3696521	3696522	1
10627403	10627404	2
5653884	5676441	1
1900906	1900905	1
120624	121779	1
8394073	8394074	1
6090041	6090042	1
1234307	1234308	1
5592236	5592470	4
5041881	5041882	1
11831643	11831641	1
4368276	4368275	1
5050522	5050521	1
180073	180074	2
7957426	7957425	2
9881167	9881168	3
11040097	11040098	2
6406497	6406478	1
6656134	6656131	2
9086651	9467088	1
1156381	1154135	1
2986796	2986799	1
1056316	1056315	1
8307514	8304909	1
7100294	7100285	1
9349939	9349940	1
3835361	3835354	1
5247244	5247247	1
3720426	3728048	1
346753	346754	1
9511247	8671961	3
11378532	11378293	3
4723637	4723638	1
4067021	4067043	1
8412013	8412014	2
10313121	10312028	4
11323523	11323459	1
8659777	8659778	1
12548079	12548108	1
11278750	11287038	1
10632003	10632004	1
6584297	6584312	1
4153631	4153632	1
9104141	9104142	2
6273018	6272985	1
11652894	11652879	1
12250701	12251732	1
9995858	9995855	2
11475974	11475973	2
10547453	10547454	1
903610	903609	1
5067811	5067812	1
11331483	11331484	1
6534735	6538207	1
1867480	1867479	2
965430	965429	1
12478738	12478735	1
1304017	1304018	3
10024126	10024128	1
7820203	7819314	1
12148266	12148360	1
7812992	7813532	1
10261196	10261655	1
9282838	9282837	1
415711	4986626	1
11181880	11182433	1
7281281	7281282	2
8656831	8657636	1
1201589	1201608	1
7629342	7629341	1
10795519	10795520	1
1977312	1977323	1
4076114	3986560	1
8611141	8611134	2
6441739	6811905	1
8969945	8969946	1
343197	343290	1
9471414	9471408	1
11693825	11694213	2
8582597	8582323	1
2772875	2772923	1
4237376	4346507	1
1543692	1543753	1
2758337	2758338	4
4939197	4939415	1
12392075	12392079	1
12385028	12383229	1
3982991	3982992	1
7455549	7455550	1
9482658	9482620	3
4987524	4987523	1
6674522	6674521	1
7298517	7298520	1
11998844	11998843	3
12131869	12131870	1
10723540	10723520	1
10547455	10547456	1
3325524	3325523	1
2457899	2457808	1
7547652	7547651	1
5864047	5864048	1
2656438	2656437	1
2791320	2791378	1
9776436	9776433	1
8104809	8104810	1
7113700	7113699	5
8581453	8581454	1
5719764	5720086	3
10469726	10469723	1
10281148	10281141	1
8690166	8690189	2
5642173	5642174	2
3515914	3515963	1
10580291	10580018	1
10919277	10922492	2
3759332	3824531	2
1304019	1304020	2
2805697	2805717	1
6781717	6781718	2
12431252	12431251	1
8281496	8281495	1
1526527	1526528	1
9455121	9455122	1
9956444	9841970	1
3803791	3803792	1
10195928	10195927	2
6694674	6694950	1
1708251	1708252	3
12780847	12780861	1
5964280	5964292	1
1864181	1864182	1
567431	567432	1
9657530	9667890	1
10023548	10023547	1
5468458	5489576	2
11079738	11079737	1
10971286	10971285	2
5045026	5045025	2
8102921	8102326	2
1672617	1672485	1
1010169	1010170	1
6694685	6694672	1
6417637	10410879	2
7593775	7593778	1
11266177	5555710	1
7469980	7469983	1
7958436	7958433	1
7247248	6636204	1
7447755	7449023	1
848944	848943	1
2084861	2085272	1
3639308	3639203	1
12207665	12206287	2
5561972	5561969	1
12174997	12174002	1
8568035	8568038	1
7541086	10023547	2
9478736	9478735	1
4618161	4618162	2
5713661	5713664	2
5366984	5366857	3
4592677	4592569	1
9194650	9194647	1
974619	987266	1
6080834	9330774	1
8701566	8751119	1
1174275	1174276	1
5987604	5987603	1
1455924	1455834	1
8819528	8819527	1
9478607	9478608	1
9490947	9492955	1
12173999	12174002	1
1402254	1402251	2
1749518	1749517	1
11090340	11097278	3
10099820	10099263	1
3353397	3354253	1
11126090	11126089	1
1743986	1743902	1
5431862	5431861	1
6781719	6781720	2
8229520	8229096	1
7152510	7152509	1
11560588	11560587	2
7255197	7255198	2
9776988	9776985	1
4590363	4591813	1
2023581	2023584	1
7059081	7059051	1
5045024	5045023	2
1826203	1826204	2
11919375	11919376	1
4344577	4345850	2
2022020	2023601	1
3138297	3138298	1
6178651	6044491	2
10741948	10741945	1
5330413	5330414	2
6750552	6751412	1
8218538	8218537	1
1787899	1787900	2
991298	991293	2
2908792	2907971	1
3889515	3889516	1
6947763	6947764	1
1741071	1741072	2
1280994	1280604	1
4350037	4350119	1
9847026	9847152	1
6365223	6365224	1
7020226	7020225	2
659916	659915	1
550370	560678	1
1481558	1481557	1
9521284	9521342	1
9126926	9126929	1
4488289	4488531	1
11783553	10341495	1
9295197	9295198	1
7384261	7384259	2
7121196	7121195	3
9774953	9774954	1
6273018	6272981	1
180192	180191	2
10750574	10750231	1
6761420	6761419	1
5597389	5597390	1
10274278	10274277	1
5266758	5266757	1
9486870	9487091	1
12531799	12531800	2
7717811	7718238	2
1508220	1507709	1
9144982	9144981	3
4114245	4114207	1
6904690	6904689	2
10652443	10652444	2
1734402	1734401	1
10022561	10022652	1
11327794	11327807	2
8721179	8721180	1
4263906	4263905	1
7541086	10023549	2
8164777	8164782	1
1102024	1102023	2
1692114	1544378	2
9769270	9769283	1
7301595	7301600	1
279853	279854	1
746638	746635	2
6148693	6148671	1
6136745	6136746	1
1645632	1645627	1
2219390	2219389	1
3773778	3771611	1
673434	673433	1
10288096	10288093	2
9980461	9982045	1
7958434	7958433	1
7902888	7902887	2
11844	7045	1
1535890	1535889	1
4993139	4993140	1
9443500	9443515	1
4470833	4470834	1
513064	512831	1
11338834	1709700	1
4749719	4707755	1
8462243	8462244	2
9714504	9714503	4
7864281	7864282	1
7094228	7094227	1
6351031	6351034	1
4753953	4754073	1
10905257	10905258	1
7039216	7039219	1
10928140	10928139	2
11440804	11441682	1
3296330	3247158	4
8108881	8108882	1
11088191	11087182	1
3489665	3489666	1
2846873	3065231	1
211703	211704	2
6445207	6445208	1
767994	767993	1
1645632	1645629	2
1665373	1665432	2
8970905	8970894	5
4311838	4311837	1
1594770	1594769	1
9361714	9362275	1
7174923	7174983	2
6237263	6238134	2
8665372	8665387	1
3790489	3790490	1
3773780	3773779	2
12639905	12642128	1
10654126	10654123	1
3739141	3739142	1
9833661	9837959	2
12731987	12731983	1
8567592	8567591	1
6158052	6158044	2
9850887	9850888	1
10271198	10272243	1
739615	724987	3
8647174	8650435	1
8046364	8045934	1
295571	295572	2
11169223	11170018	1
931024	8368034	1
9583678	9583675	1
6651655	6651656	1
7467646	7467820	1
8256862	8256861	1
4956181	4955270	1
3048301	3048302	1
264367	264368	1
10453689	10453690	1
259654	319195	1
8979648	8979647	1
3742560	3748774	1
10675213	10675214	1
6384220	6384310	1
7516350	2333668	1
2527941	2527783	1
6813037	6813038	2
1646712	1646711	1
7446393	7446394	1
6813247	6811172	1
12383776	12383165	1
5642433	5645736	1
10887905	10887912	1
7628321	7628322	3
11358633	11358614	1
9430009	9430010	2
9579968	9579967	1
10872382	10872381	1
4987522	4987521	1
10336874	10336873	1
2229156	2229144	1
1668396	1668393	1
10288098	10288097	2
10877176	10877175	2
7020228	7020227	2
8423632	8423631	1
2887193	2887194	1
7663518	7663515	1
10747976	10747975	1
283595	283596	2
6701260	6701259	1
12679877	12679896	1
6641474	6641473	2
3889517	3889522	1
6431368	6431367	1
9126435	9126436	1
8812042	8812001	1
8243805	8243803	1
9683130	9683129	1
11249095	11249096	1
5592471	5592476	3
9480987	9480988	1
5813145	5813146	1
665524	386202	1
10150403	10150404	2
2642564	2642708	1
6965870	6965869	1
6577656	6577655	1
655108	655107	2
4543486	4543485	2
5875557	5874131	1
6794391	6794392	1
5407174	5405708	1
912274	912273	1
6721017	6721018	1
7717809	7718238	2
10439303	10439405	1
11766422	7001474	1
6226972	6226971	1
7940622	7940617	1
10536133	10536062	1
10654122	10654121	1
9541850	9541191	1
6656130	6661319	1
3773778	3773777	1
6970107	6970108	1
3422549	3422550	1
7874753	7874754	1
857344	1614451	1
10555289	10555290	1
8949733	8949349	1
4674355	4674356	3
9773746	9773741	1
7792381	7792382	2
6090097	6090100	1
2382270	2382269	2
11594425	11594426	1
10798472	10798471	1
4188552	4188551	2
6815684	6815679	1
8020038	8019969	1
280370	280584	2
3308145	3308976	1
4802999	4802758	2
3962419	3962420	1
9104149	9104198	1
6477339	6477340	1
12302839	12302842	2
10756893	10756894	3
4108763	4108979	1
11440814	11440824	1
9106528	9106527	1
6631580	6630186	1
6935355	6935358	2
6800705	6800706	2
7837103	7837104	1
6893190	6902782	1
2826212	2826211	1
11378135	11378136	1
6236251	6236252	2
11067670	11067669	1
7293172	7293280	1
3457642	3457641	1
12316872	12316949	2
9065783	9065951	1
5948347	5948348	2
12420393	12420394	4
11034544	11032899	3
1290193	1289794	1
5407181	5407184	1
3826249	3829441	3
10540469	10540470	1
4107016	4107014	1
516277	516278	1
7377486	7377489	1
4844711	4844712	1
9422642	9424271	1
366341	366344	2
4855389	4850559	1
1840737	1840742	1
2072918	2072917	2
3073139	3073140	1
1589113	1589114	1
141731	141732	1
8790385	8790386	2
111417	111418	2
6761418	6761417	1
12273493	12257255	1
1037696	1037695	3
152954	152962	1
6542094	6542111	1
3556868	3556867	1
2575900	2590925	2
3145007	3145008	1
1449043	1449044	2
4121167	4121221	1
1657533	1657534	1
4673822	4673532	1
11064098	11064097	2
6651047	6651048	1
4811656	4811655	3
1035920	1035919	1
8867618	11933880	1
3558704	3558792	1
8304524	11101802	3
10508515	10508516	1
4433293	4433294	1
11942579	11941837	1
4188550	4188549	3
10038685	6463138	1
11373328	11373327	1
12294767	12294772	1
2344078	2344348	1
12382617	12382618	1
4750953	4750954	1
4757377	4757378	2
6109000	6108997	1
10274276	10274275	1
7586348	7586347	1
10824428	10825971	1
6780571	6780572	1
2343955	2343429	1
11461242	11461241	1
4758155	4758163	2
7218377	7218378	1
10124757	10126469	1
8878208	8884674	1
1500060	1515578	1
6567363	6566652	1
1051547	1051548	2
5330117	5330118	1
1727325	1727326	1
5228448	5228447	1
10157978	10157975	4
10697307	10695871	2
6350523	6350566	1
2427397	2432023	1
3312446	3312445	1
6456439	6456440	1
6580874	6580873	1
7149135	7149136	1
6495665	6495666	1
10738740	10740139	1
9127963	9127964	4
4485367	4485368	1
9494609	9494612	1
1245728	1243718	1
11892166	11892165	3
3515527	12148216	1
2423034	2423050	2
10038681	10038684	1
11019031	11019034	1
8924704	8924703	1
2457807	2457808	2
4507757	4480172	1
5660301	5660302	1
8433294	8433293	2
813555	1756911	2
764603	545967	1
12267401	12267402	2
5437785	5437870	1
11627876	11622147	1
10573260	10573259	1
8575280	8575279	2
3703654	3703707	1
1499273	1499274	3
6272984	6272981	2
11778236	11778235	1
873366	5135787	1
5097237	7760454	1
5286953	5286876	2
8905974	8905973	2
1530856	11835105	1
8685776	8652038	1
10996537	10996538	3
9509871	9509872	1
9485509	9485510	2
4790042	4790041	1
9455119	9455122	1
7719701	7719618	1
5631623	5625863	1
899253	899254	2
202149	202150	1
4101495	4101496	1
876333	710177	1
6780569	6780572	1
9730710	9730709	1
7381097	7371805	1
6523300	6523305	2
12796716	12796715	1
12572173	12572174	1
806132	806131	2
7789745	7789746	1
7446428	7446427	3
1130810	1026342	1
7011383	7011384	1
1362556	1362555	1
4756500	4756499	1
10131907	10131724	1
184618	184617	1
11293014	11293013	1
4603307	4603308	1
7353486	7353485	1
4561741	4276323	1
5348837	5350827	1
7687702	7687701	1
7687704	7687703	1
1402260	1402255	3
5345528	9468906	1
8836474	8836473	3
6787236	6787235	2
2371696	2371695	1
8908165	8908166	1
3764232	3765092	1
10839087	10839090	1
10126304	10126303	1
7146512	262186	1
8411019	8411022	1
7546225	7546228	2
9787403	9788746	2
5047003	5047004	1
12024797	12627656	1
10624138	10624922	1
6761420	6761417	1
11042736	11042735	1
4223052	4223045	1
1724616	1724615	1
9142292	9478735	1
8247272	8346093	1
8187020	8187019	1
4497769	4497535	2
7906049	7906050	1
1082821	1082822	1
8885288	8885287	1
4095146	4095149	1
2927240	2927237	1
2584106	2584114	1
6109337	6109338	1
8675851	9185247	1
6157477	6159049	2
8017300	8017299	1
3932355	3932356	2
350994	350993	1
8971253	8971254	2
1315675	1315678	1
8304527	8301675	1
5770308	5770313	1
2974605	2974598	1
3312450	3312447	1
1443004	1443003	3
5059599	5059600	1
5241580	5241579	1
9056522	9056519	1
7958351	7958352	1
641451	641452	1
2779942	2779938	2
9328358	9328422	2
4747112	4747111	2
1232201	1234304	1
12319608	12319152	1
5943753	5943754	1
12499179	12499180	1
1903170	1904725	1
1712841	1712842	1
4844596	4844450	1
106335	106336	2
5060126	5201121	1
2522242	2522335	1
6804702	6800704	3
4853162	4852169	1
12521081	12521116	1
12316300	12316297	1
11066908	11066907	1
7425139	7425140	1
808944	717560	1
5741415	5741895	1
5711986	5711507	2
5429822	5429821	1
8876435	8876408	1
4106298	4106291	3
12235497	12235498	1
8712466	8712465	1
4621218	4621217	2
8238106	8238105	1
2997473	2997571	1
171827	172028	1
8243805	8243806	2
11348181	11348184	1
10524531	10524459	2
2815023	2815017	1
10504071	10504079	1
7293172	7293278	1
8987119	8987098	1
8571433	8571436	2
3524275	3520737	1
5462300	5462303	1
12386248	12386247	1
4872544	4874602	2
6103668	6103665	1
9838069	9838065	1
43970	43965	1
3870566	3870909	1
8920989	9006691	2
1017037	1017038	1
2308031	2308002	1
7661133	7661128	1
73953	71810	1
754915	754758	1
6840535	6840536	1
10082656	10081368	1
4427456	4427455	1
1658166	1658165	1
5419993	5421290	1
2613684	2613163	2
6384725	6387660	1
6622740	6622737	1
5688727	5688728	1
7153678	7153667	3
3049658	3049657	1
1435901	1435879	2
3515960	3515972	1
9608667	9608668	1
6467504	6467503	2
3881443	3881444	2
12811380	12811379	1
10451767	10451768	1
839391	839392	1
7255195	7255198	1
4941063	4941064	1
3112190	3112189	1
8172601	8172602	2
7654251	7654104	1
6825261	6825262	1
6940841	9421416	2
1257143	1257144	1
9808354	9808353	1
1126555	1126556	2
6394764	6394762	2
759853	759854	2
8736465	8736466	2
5477871	5477872	1
2687089	2687090	1
3668901	3668902	1
573961	573358	2
5484575	5484576	1
3755750	3755749	1
10573258	10573257	1
5741413	5741414	1
3312771	3312451	1
10297488	10297487	1
5527782	5528198	1
11268583	11267912	1
8690180	8690179	1
9540956	9541111	1
160616	159098	1
11497336	11507987	1
3867511	3867516	1
7391321	7391322	1
11929845	11929846	2
6673698	6673217	1
4854263	4854264	1
7863204	7863203	1
1148468	1148467	3
8711805	8712258	1
8250527	8250530	1
1039609	1039610	2
1009955	1010168	2
7388201	8580667	1
2517484	2517483	1
5371947	5371948	2
4741600	4741599	3
4828500	4828499	2
11986390	11986387	1
8999399	8999400	2
4297208	1095767	1
11369849	11369850	1
10188274	10188260	1
11462205	11462208	1
12639905	12642130	1
1310440	1309013	2
9146337	9145062	1
11725028	11725033	2
6686229	6686230	1
7024436	7024435	2
6622123	6622158	1
8816461	8816462	1
8721177	8721178	1
8510216	2133760	2
12743199	12743200	3
9472587	9472588	2
8898002	8891930	1
2809092	2809091	1
7612114	7612113	1
5448672	5271503	2
3027252	3027251	1
5367837	5367838	1
5053217	5053218	2
7687704	7687701	3
6871509	6871602	2
8903942	8903945	1
4053035	4051524	1
1741073	1741074	1
1777109	1777110	1
2604927	2603804	1
667264	667263	1
5714885	5714890	1
661159	659858	1
9956448	9956445	1
4064974	4064973	1
8472538	8472537	1
11978969	11978970	3
185076	185075	2
927203	927204	1
4769968	4780930	1
8588765	8588766	1
10699869	10699870	1
8029099	8026808	1
11235377	11235893	1
3934266	3931643	1
9245687	9246133	1
5568095	11087182	1
5512579	5512580	1
9963371	9963372	1
1443002	1480738	2
12607238	12607237	1
9293340	9293392	1
6730573	6730574	1
6702829	6702251	1
4286776	4286771	1
7994268	7992082	1
8880827	8880823	1
11775467	11775468	1
5816596	5816595	1
2598080	2597115	2
10998265	3986076	1
5263634	5263668	2
5694325	5923586	1
2181197	2181353	1
8063086	8060972	2
1690418	1690417	1
10104114	10104046	2
2370015	2370020	1
29074	29073	1
10308313	10308314	1
9669686	9669685	2
5679959	5679836	1
3499025	3499026	2
4296522	4296505	1
11632102	11631544	1
8755534	5762164	1
4680568	4680565	1
7110239	7110240	1
2655732	2654874	1
12512529	12512530	1
7449491	7449494	1
10838626	10838625	1
6123692	6123691	1
10820537	10820427	1
6748849	6750064	1
5221312	5221326	1
6980175	6980183	2
145447	145450	1
11176819	11176822	1
9239108	66431	1
4844140	4844710	3
3213005	3213006	1
4368678	4368684	1
8611282	8611279	1
399531	399539	1
6762193	6762194	1
7651032	7651029	1
4437109	4437110	1
8697372	8697746	1
8578105	8578106	1
9776990	9776985	1
5171097	5171098	1
7803907	7732206	1
6157275	6157657	1
5240263	5240264	1
12478734	12478733	1
3539117	3539118	2
12753351	12753354	1
1228202	1499274	1
1324679	1324642	2
1280572	1280569	1
6702402	6702427	1
1541888	1537297	1
5930057	5930058	2
7765688	7765687	1
9435096	9353055	1
7652919	7652920	1
672525	672389	2
7447328	7447554	1
9553628	9553630	1
196293	196294	1
5604938	5603201	1
358569	358570	1
9126433	9126434	1
3987466	3987465	1
10874978	10874977	1
7636493	7636494	1
5508206	5508205	1
6110520	6110517	1
1947299	1947300	2
1653811	1653814	1
8980864	8980998	3
6622742	6622737	1
87681	89793	1
9575359	9575360	1
12420395	12420403	1
2887478	2887477	1
3853946	3853945	1
7731560	7731547	1
10208244	11848593	1
6956294	7095737	1
22100	22097	1
9129470	9127967	1
3831872	3831783	1
11287766	11287760	2
6871076	6871075	1
10838417	10838644	1
8841781	8839863	1
8970903	8970904	5
1925909	1964994	1
5566474	5566473	1
129543	129544	2
10188276	10188275	1
9848309	9848310	1
2375400	2375399	1
745167	746560	2
10832261	10833598	3
6192940	6192937	1
9309957	9309958	1
10900885	10900886	1
11407415	11407417	1
2333536	7516714	2
9963375	9963241	1
1569625	1569626	2
9776992	9776991	1
12252366	12252861	1
6894251	6894645	2
9688797	9688798	1
11346643	11346646	2
2655732	2655731	3
11278750	11287040	1
1416429	1428319	1
300875	300876	1
1123888	1123887	1
3363564	3363541	1
9849662	9810663	1
1692116	1692115	5
2827952	2794242	1
10625819	10625830	1
91953	91968	1
11586019	11586010	2
755861	755862	3
3929285	3929267	1
5371947	5372381	1
5745726	5746037	1
5536539	5535934	2
6787236	6787231	1
10904363	10904364	1
8690272	8691426	2
7024436	7024433	1
7795304	7795303	2
10092654	10095557	2
1585634	1585583	1
11700852	11700851	1
9620490	9620957	1
9274556	9274555	1
7032425	7288311	1
7655787	7655550	1
4263165	4263166	2
3067036	3067055	1
1712843	1712844	1
6104733	6104368	2
12617746	12617745	1
11424296	11424293	1
8587024	8587027	1
4530403	4530406	1
1839666	1839661	1
9472589	9472590	2
1026798	1026795	1
7752691	7752692	1
11117312	11117311	1
7427233	7427230	1
11088883	11088884	1
4023316	11105808	1
7794643	7794644	3
794149	794150	2
1610109	7057033	1
7924959	7924960	2
5698434	5698433	1
12195880	12195838	1
6321560	6321559	1
5807844	5807843	2
6710764	6710591	2
8109807	8109808	1
915452	566067	1
1710485	1755313	1
8889491	8889494	1
1399142	1399118	3
6755420	6755419	1
3051223	3051046	2
5445419	5445422	1
890191	890192	2
2002967	2002968	1
8189174	8189171	1
1441108	1441101	1
12045583	12045584	1
1844426	1844425	1
7958350	7958437	2
4671122	4671121	1
8761524	8761523	1
2595994	2595991	1
8249671	8249672	2
7206900	7198876	1
10933269	10933622	1
10212781	10212782	1
3221297	3221314	1
7960332	7960329	1
631517	631518	1
1673951	1673952	1
4347816	4348790	2
12722033	12722034	3
5512095	5512096	1
11907880	11907879	1
11926655	11926656	2
8224508	8224505	1
10078069	10078070	1
1016967	1017500	1
9300669	9300670	1
9486870	9487093	1
10537143	10537144	1
1559037	1559040	2
3058761	3058762	2
1234305	1234306	1
6814070	6814353	1
1570301	1624526	1
5547223	5547224	2
1104078	1103824	1
7137047	7137048	2
11695566	11700853	1
4561743	4276323	2
7136907	7136908	1
1869041	1869089	1
9849370	9849369	3
2140095	2140096	3
10756895	10756896	3
3678447	3686117	2
7875173	7875176	1
2193	160256	1
4045534	4045533	1
259100	259078	1
11478554	11478553	2
6132052	6133996	2
677629	677630	1
9791185	9793103	1
11525563	11524848	2
913633	912847	1
6902988	1034779	2
10839089	10839090	1
7492566	7492559	4
2738586	2739620	1
2888301	2905936	3
9975771	9975772	2
9144980	9144979	5
1206805	1830358	1
388997	388998	1
6510522	6510521	1
372433	372434	1
5713661	5716850	1
9676336	9684871	2
5943751	5943752	1
4350043	4350119	1
3558706	3558792	1
7966835	7960811	1
759847	759852	1
12388556	12389079	1
7610072	7610071	2
7889933	7879752	4
11331845	11331848	1
12302837	12302838	2
3046702	3048300	2
10616322	10616321	3
9293974	9293969	1
6710766	6710591	1
1499889	1501325	1
6351195	6351188	1
11423470	11423461	1
11586011	11586012	1
9865387	9864797	1
9282836	9275796	1
4028790	4028812	1
1896351	1894197	1
7862463	7862464	1
10654126	10654121	3
10677137	10677138	1
6585687	6585688	1
3987454	3987451	1
6202887	6202888	1
11494534	11494533	1
615713	615716	1
6787234	6787231	1
11372496	11372696	2
283843	283844	1
2828129	2828130	1
12594367	12594368	1
10076997	10213417	1
6415080	4956646	1
8421008	8421042	1
7292903	7282551	2
1031141	1031168	3
7681051	7681052	1
5411592	5411636	1
7409959	7409960	2
11088189	5568094	1
9921683	9921684	3
9095161	9095007	1
10332459	10332454	1
8775270	8795630	2
2433841	2433844	1
8721986	8721979	1
66713	8075921	1
7957384	7955945	1
10230028	10225504	1
8294394	8294391	1
6718571	6718021	2
11833794	11833793	2
7905950	1326422	1
8987123	8987115	1
7717809	7717810	4
11562933	11560586	1
10176932	10176471	1
3288704	3288686	1
9673415	9655835	1
11397196	11397195	1
3649160	3648311	1
5269084	5269070	1
5242517	5242518	2
9395496	9395495	2
10481083	10481084	1
12017572	12017571	1
8685232	8685231	1
6197278	6197277	1
9297664	9291416	1
1449105	1449110	4
9622372	9621230	1
93561	93562	1
12289699	12289700	1
9772468	9665486	1
12184763	12187481	1
250329	278040	1
3515915	3515916	1
10498467	10499551	1
10541416	10538376	1
9144982	9144979	1
1336933	1336934	3
258052	258051	1
12196271	12196272	1
3826320	3826319	1
10944001	10937156	2
4254828	4254827	2
7298479	7143391	2
3208092	3208263	1
11877101	11877102	1
7301597	7301600	1
848432	848431	1
10801783	10801784	1
8660625	8660626	2
10217367	10216978	1
9141234	9143597	2
11492411	11492866	1
6107273	6110964	2
9096467	9142814	4
11070084	11070083	1
12457008	12457425	1
1636638	1636637	1
11760319	11760322	1
4439035	4439036	1
8608593	8608594	1
12206226	12206225	3
1233850	1233845	1
9669688	9669687	1
283593	283594	2
3039054	3038340	1
3423027	3423028	3
10370881	10370882	1
10390003	10390013	2
7275908	7275907	1
6020182	6019773	1
10332455	10332458	1
1177297	1177298	1
9546194	9546193	1
4172929	1218554	1
9776986	9776985	1
12667186	12424022	3
11331845	11331846	2
4470948	3141669	1
1792029	1791614	1
6630228	6630189	1
1306087	1306088	1
9237108	9237105	1
3651631	3651632	3
2370021	2370022	1
3907855	3908122	1
9448606	9448605	2
7718239	7718240	2
11282473	11282474	1
7069397	7069486	1
10970265	10970266	1
6451174	6451136	1
2815819	2815820	1
6351193	6351188	1
1500906	1500904	2
1911242	1911241	1
707542	707539	1
3967994	3967993	1
7811389	7811390	1
2088991	2088992	1
3694605	3694606	1
3396479	3421671	1
7929792	7929791	1
768384	768383	1
7856821	7856822	2
1441231	1441232	1
12273110	12273107	2
4134113	4134114	1
68029	68030	1
7180348	7180341	1
4556477	4136969	1
8451720	8451719	3
7018714	7018713	1
5008533	5008528	1
4176884	4176993	1
6022749	6022750	1
5878888	5878887	2
2837079	2837082	2
8342812	8342811	1
10809185	10809876	1
8023158	8023223	1
1336933	12349674	1
6595172	6595171	2
7957258	7957253	1
503867	503868	1
9473336	9473335	1
5845607	5845608	3
8322707	8322936	1
4155774	4155773	1
10909384	10909098	1
6065099	6065117	2
7864281	7864284	1
9009034	8937444	1
92022	91971	1
6609928	6609939	1
5238490	5238489	1
6379378	6380529	1
7692410	7692405	1
4650814	4649204	1
11408315	8826273	2
3995820	3995815	1
4750955	4750956	1
12265516	12265591	1
8781539	8781576	1
6427193	6427194	1
4902939	4941963	1
7941652	7941617	1
8693985	8693978	2
943604	943603	1
4939197	4939198	2
3112185	3112186	1
6451386	6451389	2
9852801	9815987	1
7911785	7911786	1
6344068	6344067	1
8498348	8498646	1
5491216	5491215	1
3127440	3127431	1
7743891	7743892	1
4690669	4690670	1
12349382	12368669	2
11754390	11754389	1
7330449	7325199	1
7576326	7576325	1
2516949	2516950	1
7546223	7546224	1
2833773	2833776	1
10274270	10274265	1
247169	244204	1
5870061	5870062	1
6281817	6281820	1
12029689	12029690	1
5992393	5992394	2
10810574	10810573	3
10158957	10158962	1
3197713	3197714	2
3049658	3049655	2
12283812	12283811	1
7875454	7875453	1
7746522	7746521	2
8253517	8253520	1
12468551	12468591	1
7551456	7551455	1
2611546	2611545	1
5372079	5230133	1
5263200	5263882	1
8032131	8032132	1
6489844	6486713	1
11545332	11515918	1
5552844	5552841	4
11037017	11037018	1
7030229	7030230	1
12419288	12420392	2
352562	352561	2
8247582	8247581	3
828679	849101	1
3127440	3127433	1
7419096	7419093	2
542972	541963	1
7815277	7819837	2
2588327	2588324	1
3681120	3681119	2
1268499	1267978	1
4296504	4296503	1
632526	2948301	1
9780703	9781050	1
11172523	11172519	1
940675	940678	5
12458135	12458141	1
12420144	12424151	1
3609064	3609063	2
3515914	3515961	1
11289013	11288660	2
10832614	10832613	1
9792047	9792050	1
2808158	2814148	3
10124188	10124187	1
5351857	6137349	1
11383941	11389227	2
9274558	9274557	1
10457722	10457721	1
8096556	8096543	1
809771	809779	1
4541082	4541081	1
7950676	7950672	1
1756582	1756518	1
9330775	6080835	1
11983486	11983485	3
8630300	8630299	1
10910754	10910753	1
2140097	2140072	2
7397503	7393307	1
10329698	10329697	1
6592020	6592019	2
6801592	6800707	3
12786292	12786289	1
2613311	2613312	1
6023946	6023945	1
10502606	10502518	1
6109525	6108568	1
984387	984388	1
6471510	6471509	1
5566018	5566017	1
8177106	8425391	1
2962924	2962947	1
12184099	12184100	2
10747415	6802680	1
347832	347831	1
7825274	7825273	1
7960355	7960356	1
11275040	11275053	1
8732996	8733014	1
8758149	8761717	1
7185933	7185934	2
264055	264056	1
7121194	7121193	3
3561473	3561474	1
8638186	8638185	2
2255632	2255627	1
759851	759852	3
12670492	12670491	2
10937157	10937158	1
6640615	6640616	4
9453276	9453275	2
5813143	5813144	1
10893287	10893198	1
1600462	1600461	3
5321880	5321879	1
7957424	3120604	2
8519729	8519730	1
6229198	6229104	1
6224094	6224093	1
8960874	8958038	1
11390276	11390275	1
11319155	11319156	1
11867320	11867315	2
6045452	6032381	1
9485512	9485511	1
2133108	2133107	2
3667742	3667660	1
674815	674848	1
12452118	12452117	1
11075375	11075376	1
6642215	6643328	1
10440296	10438827	1
12306414	12306413	1
1499271	1499272	3
4287504	4287503	1
195903	195927	3
7418957	7417278	2
9865385	9864797	1
266775	266776	2
4294057	3753522	1
304098	304097	1
9455119	9455120	1
8108883	8109191	1
10461998	10461997	1
10402098	4935678	1
11293985	11293986	1
1233850	1233849	1
619258	619257	1
11147449	11147444	1
9440493	9440494	1
584261	584262	1
3134510	3138296	1
4210044	4210043	1
10433893	10433830	1
4350037	4350042	2
4601637	4601638	1
11617961	11617962	1
5714885	5714888	1
6405077	6405078	1
12743304	12743303	1
7656815	7656818	3
9995858	9995857	2
3739147	4478997	1
443379	443380	1
8046541	8046526	1
3112182	3112181	1
10514279	10514266	1
5805768	5803863	1
12352813	12352814	2
2733170	2733867	1
5327132	5319833	1
767992	767991	1
9791779	9791781	1
277501	277494	1
748086	748085	1
930115	930116	2
6780569	6780570	2
66446	66934	1
3417805	3417808	1
2169686	2169694	1
9792051	9792041	1
10428165	10428152	1
10385497	10385500	1
7864283	7864284	1
7960810	7960809	1
12374507	12374755	1
6291441	6291442	3
6729766	6729765	1
11599596	11599591	1
10547453	10547456	1
4030416	4030415	2
741364	741363	1
7692410	7692407	2
16830	16833	1
4824284	4824283	1
5097443	5097446	1
8491400	8491397	3
10673922	10673921	3
5060596	5060595	1
3715880	3715879	2
12671520	12671517	1
4402546	4400560	1
9345640	9345629	1
3833245	3833246	1
1429674	1429673	1
8609621	8609622	2
12184415	12184416	1
11729345	11729346	1
904271	904272	1
8498536	8498130	1
4819672	4813458	1
9237106	9237105	2
10820426	10820435	1
8329169	8329170	1
5103252	5103249	4
4065742	4065696	1
1865695	1865696	2
11606624	11606623	2
2517361	2518995	1
5407181	5407182	2
11410241	11410242	1
7185121	7185122	1
7492304	7492303	1
3457490	3626870	1
9106542	9106541	1
8411023	8411024	1
5351422	5351431	1
8282288	8282331	4
6553881	6553882	1
5457633	5457634	2
5097237	5097240	2
1056693	1056696	1
142029	141730	1
3957554	5508207	2
7388199	7388200	1
2344192	2344191	2
7856823	7856824	2
7680361	7680362	1
1185784	1185781	1
6930311	8922183	1
10771344	10771343	1
10064422	10064421	2
4478692	4478691	1
7085427	7427402	1
7152510	7152505	1
10374479	10374482	1
4741596	4741556	2
7220675	7220678	1
2488593	2488565	1
5550026	5550025	3
7863202	7863201	1
11034546	11032899	1
11115677	11115678	1
4828281	4828286	2
11500495	11500496	2
9023546	9164551	1
2542357	5969743	1
873256	873399	1
5295371	5295372	1
1210591	1210594	1
9173345	9172919	1
4073117	4073118	1
6712502	6712499	1
1979060	1981249	1
12159017	12159018	1
9352741	8395170	1
8090811	8090827	1
930114	930037	1
5360489	5360494	1
6781715	6781716	3
11969822	11969821	1
5045882	5045879	1
8863751	8865358	1
375295	375296	1
3819962	3819961	1
2517462	2517461	1
542671	546641	2
3208584	3208583	2
7276744	7274582	1
11587760	11587775	1
9792946	9792945	1
3423691	3419873	1
6046891	6046749	1
8390717	8390718	3
2088143	2089695	1
7652921	7653023	1
10071937	10036755	1
5595178	5595177	1
287024	416576	1
9144244	9160574	1
3051221	3051222	2
9998889	10137374	1
4155776	4155775	1
5285826	5285825	1
10187785	10187826	1
697106	697105	1
8698217	8699249	3
6160599	6160600	1
10369034	10369031	1
5266758	5266751	1
714607	713744	1
10723462	10723320	1
7575801	7575802	2
7053445	7053448	1
4802759	4802760	1
9818551	9818552	2
7199128	7199127	1
206198	206296	1
1878604	1880422	1
3986004	3985383	1
12174997	12173998	2
9079006	9079005	1
4244539	4244550	1
3750599	3750600	3
6212458	6212457	1
2106505	2106506	2
4828279	4828280	3
482167	482168	1
6864106	6863818	1
2299167	2299168	2
4654253	4654245	1
6589710	6589020	3
6796440	6796422	1
7014687	7018746	1
11675782	11675781	2
5484573	5484574	1
8423079	8423080	1
10474308	10621628	1
11903509	11901331	1
6090633	6090847	1
10917458	10917457	2
1103411	1103412	1
10748482	10747685	1
3048653	3049659	3
2497641	2497646	1
7355720	7355717	1
4670070	4670158	1
7293279	7293280	1
11007700	11007699	1
6874373	6874554	1
4478690	4478689	1
358567	358568	1
8666087	8666088	1
10147255	10147256	3
8309114	8309113	2
7253354	7253405	1
4341926	4343332	1
11901330	11903508	1
9995856	9995855	2
1701868	1701865	3
10769253	10769254	1
8305357	8305360	1
9244261	9244262	1
2593062	2593061	2
12196271	12196274	1
3906731	3908708	1
6898313	6898314	1
12180333	12180334	1
10769135	10769136	1
3572184	3572183	1
11149565	11151844	1
7633532	7633531	2
1197568	1197567	2
4108850	4108841	2
806860	803057	1
10629000	10628999	2
303425	306346	1
1166766	1166765	2
2547062	2547061	1
96309	106334	2
4795003	4795004	2
7408186	7408185	3
9378185	9378189	1
1865396	1865694	3
12420395	3675666	1
1642947	1643434	1
7327574	7327573	1
2160235	2160236	2
3644288	3644754	1
12486594	12426757	2
753507	753748	1
7811027	7811028	2
7124773	7124168	2
6979989	6980427	1
6786129	6786134	1
9730833	9730827	1
968724	968723	2
5339921	5340612	1
10227755	10227673	1
11128182	11128315	2
2065715	2060599	2
3986004	3984261	1
10800445	10800446	1
8571433	8571434	1
11525679	11525680	1
2491363	2491364	2
7809634	7809633	1
3423029	3423030	2
9814421	9814424	1
1656421	1656272	1
8455350	8455349	1
5097563	5097564	1
7752689	7752690	1
10103504	10103503	1
10476266	10477805	1
11995516	11994928	1
1528567	1528568	1
5642175	5642176	1
420009	419990	2
4488110	4488054	1
5360489	5360492	2
8305146	8295747	1
12511189	12511322	1
1486489	1486490	3
9982044	4186522	1
7107566	7107569	1
12207981	12208401	1
11768124	11825300	2
6641470	6641469	1
5206751	5206752	2
9030509	9030465	2
8303337	8303338	1
4416153	4416154	1
3026403	3026441	2
11733483	11733484	2
848946	848945	1
8186936	348776	1
8546023	8546024	1
9534363	9531810	1
10217000	10216999	2
7124771	7124772	2
4601637	4601640	1
11865066	11865889	1
301902	301892	2
11766420	7001474	2
9509869	9509870	1
11590505	11578983	1
1441244	1441243	1
2250607	2250608	4
1443006	1443005	3
3815691	3815692	1
747779	745219	1
11983484	11983483	2
5248584	5248405	2
25223	25224	1
655110	655109	2
8519727	8519728	3
1339235	1339236	1
10438826	10441092	1
1260747	1260727	1
10747974	10747973	1
11388647	11388648	1
11224075	11224077	1
4823444	4823443	1
3723552	3723551	1
6475431	6475432	1
9490883	9490884	3
9302014	9302129	1
4275437	4275438	1
10499977	10499978	1
5658976	5658975	1
2165157	2165158	1
1645628	1645627	1
11675780	11675568	2
3070367	3070368	1
6188185	8047868	1
1175100	1177108	1
9776988	9776987	1
12489187	12488989	1
9813534	9813541	2
12694417	12694407	1
3484224	3484235	1
6358775	6358776	1
8307926	8307925	1
12386250	12386249	1
2758339	2758342	3
8227593	8227596	1
6755422	6755419	1
2738738	2738826	1
5332526	5332698	1
10265697	10265698	1
4182733	4188488	1
7300957	7301193	1
11290762	11290244	2
514752	514749	2
1659760	1658730	1
6683262	6683261	1
1314689	1314690	2
7717811	7718240	1
4769970	4769969	2
3375523	3375524	1
808202	808201	1
11934608	11933808	1
4559514	4559006	1
9962270	9962269	2
587706	587705	2
355745	355954	1
10333626	10333630	1
11393529	11393530	1
5238847	5238848	2
10801785	10801779	1
3514744	3514748	1
5512095	5512098	1
6434252	6434251	1
9190942	9193896	1
12752042	12752048	1
2278989	2278990	1
2005831	2005463	2
11828191	11829107	2
1645324	1645323	1
5243239	5244704	2
2617201	2617202	2
4224030	4224029	1
10724301	8803180	3
6667773	6667774	2
5360493	5360494	1
10893226	10893225	1
9307553	9307554	1
5491214	5491211	1
10281148	10281143	2
10695870	10695869	1
6856616	6856615	1
12204159	12204160	1
2575902	2575901	3
3742562	3742561	1
6976910	6976909	2
8843704	8843641	2
7973641	7973642	4
4674355	4653285	1
3867513	3867514	1
7514190	7514189	1
4586143	4586903	1
11448986	11448907	1
9651259	9667778	1
10616445	10651667	1
9951619	9951621	1
11836150	6714080	1
9773744	9773741	3
5156607	5156608	1
6132617	6133081	1
11590970	11590969	2
10601722	10601721	1
8305364	8305361	2
6650419	6651475	1
3524316	3524266	1
1158914	1159357	1
6675246	6675245	2
11848	11845	1
196247	196248	1
11569876	11566834	1
10831338	10831337	1
5401621	5399970	1
11094858	11094857	1
621413	621371	1
6882699	6882700	3
6622733	6622736	1
8305359	8305360	2
5912818	5911259	1
3640723	3640724	3
6291443	6291444	3
7994974	304526	1
10326445	10326446	1
9500557	9500558	2
8411025	8411026	1
12796718	12796717	1
5711506	5711505	3
1514983	1512724	1
11595219	11595205	1
6226970	6226973	1
10628648	8659952	1
3681118	3681117	1
8657054	8771475	1
5552848	5552845	3
12631575	12631576	1
2878473	2878474	1
7152091	7152092	1
8861241	8861311	1
6941144	6941140	1
11611003	1981262	1
99405	99406	1
6932352	6932743	2
5983258	5983355	1
655108	655105	1
5011009	5011010	1
10501154	10501153	1
339540	336960	1
9509075	9508462	1
5439532	5439531	2
11984307	11984308	1
12467490	12467489	1
3867511	3867512	3
9782449	9639729	1
11160778	11160777	1
1750899	750873	1
6518887	6521115	1
6277848	6277889	6
4058022	4058021	1
11070082	11070081	1
6512307	6512256	1
8067567	8067582	1
9849368	9849365	1
4265202	4265201	1
7199130	7199129	1
98606	95417	3
8656465	8656460	1
1526090	1526087	1
11478473	11478828	2
7729389	7729362	1
2814943	2816734	1
11507988	11507987	1
11461875	11461878	1
11675782	11675568	1
3707030	3707029	1
5050525	5050526	2
3208585	3208573	1
5477729	5477730	1
9751607	9751603	1
2604128	2606440	1
333641	338564	3
11125616	11125615	2
9241672	9241671	1
9632163	9632166	1
3584711	3584712	2
10332761	10334192	1
2628359	2860917	2
3506854	3565023	1
1153636	1380050	1
9773746	9773745	2
7593777	7593778	1
12677618	12677617	5
3431452	3431451	1
10064358	10064423	3
3127432	3127431	1
6651578	6651577	1
7718393	7719063	2
4795005	4794937	1
8897224	8897223	2
8531086	8531967	1
10192636	10192611	2
8776038	8772634	1
8313281	8313282	1
10686770	10652279	1
3296332	3296331	2
8779942	8779941	1
9510641	9505177	1
9446306	9446297	1
7571995	7571996	2
9513187	9513188	1
883264	883288	1
6247571	6247549	1
7181727	7181728	1
10150405	10150406	2
10536133	10536064	1
5816598	5816597	1
11998842	11998841	3
3468327	3468328	1
2708393	7123108	1
3668903	3668904	1
11984298	11984635	1
7794641	7794642	4
4947745	4947746	3
7582274	7582402	1
3538366	3538365	1
12753353	12753354	1
9509073	9509074	2
8491395	8491396	1
12381347	12381348	2
6123983	6124056	1
6599303	6599213	1
9289621	9289622	1
7649061	7649062	2
5870059	5870060	2
8532018	8532004	1
7754237	7754240	1
7176347	7176145	1
9505169	9510713	1
11362465	11362466	1
7064401	7064402	2
4359907	4369983	1
9832140	9831256	1
8666319	8666014	2
4434441	4431513	2
9632163	9632164	1
9595195	9595196	1
11649182	11653094	1
8612903	8612906	3
311590	311625	1
7293172	7293282	1
1314558	1314688	1
7447765	7820686	1
4597343	4597096	1
11647106	11647105	2
538985	538986	1
10038709	10038710	1
5499636	10148382	1
2837337	2837338	1
11612132	11612131	2
5331229	5331230	5
4068675	4068745	1
278689	277841	1
928612	8365280	1
5585937	5585783	2
20479	20608	1
7202970	7202969	2
1163162	1162802	1
7656210	7656209	2
11358617	11358621	1
12617744	12617743	2
6420702	6420701	1
1787901	1787902	2
452104	8565505	1
10697446	10697445	4
4278863	4278864	1
2460538	2460537	1
11266576	11266573	1
1932729	1932730	1
8761363	8760718	1
10810576	10810575	2
5275450	5277024	1
376720	8446128	1
1587271	1587951	1
6640617	6640620	2
2517480	2517479	1
6248582	6248581	2
827955	827956	1
1072088	6455616	1
2090465	2090515	2
1119643	1119644	2
3577470	3577510	1
7094230	7094227	1
8088623	8088624	1
433296	768385	1
5305756	5305753	3
3294037	3294038	1
2548308	2548307	2
8074173	8074176	2
6923096	6923119	2
2172581	2212757	1
9298646	9298663	1
8602518	8602515	2
1177396	1174274	1
12311972	12311971	1
2165143	2165156	1
11424292	11424291	1
2089628	2089631	1
6797265	6797268	1
3405598	3405597	1
6197278	6197313	1
11203821	11203832	1
7255199	7255200	2
1426803	1426804	1
1565979	1565980	1
7852170	7852169	1
11476598	11476642	1
12184101	12184102	2
4018776	4015358	1
7640366	7640365	2
7811029	7811030	2
2460555	2460539	1
8785628	8785627	1
11400806	11400562	1
3822435	3822824	1
8750960	8750969	1
10800894	10798323	1
11353673	11353242	1
5598496	5598495	2
8784524	8784514	1
8371519	8371520	2
11154446	11154449	1
8959196	8959195	1
8638848	8638847	3
9284471	9284472	1
2273754	2274609	1
3642243	3642244	1
8415075	8415076	1
10798542	10798541	1
284464	282316	1
1051549	1051550	1
10068681	10068682	1
12527162	12527161	3
12662460	12662459	1
12355794	12356107	1
3376467	3375571	1
2004041	2002966	1
6022751	6022792	1
12320286	12320285	1
2572336	2571445	2
6204145	6204148	1
11331481	11331482	2
5469857	5471660	1
6136763	6136626	1
566890	566875	2
6411803	6411806	1
12199228	12199227	1
504697	504642	1
7243314	7243311	1
7870219	7870222	4
12784969	12784985	1
8627277	8628897	1
11290246	11290245	1
11562933	11562934	2
4601631	4601632	1
8627173	8627174	2
11987997	11987998	1
3041454	3037272	1
8987123	8987113	1
8107289	8107292	1
2598735	2598736	1
1098227	1098228	2
4956181	4955272	1
4340028	4340031	1
2743036	2735457	2
4706090	4784205	1
11381712	11381711	1
7982705	7982782	1
375282	375290	1
4741600	4741556	1
1749520	1749519	1
3762419	3762408	2
2626241	2626242	2
10801783	10801779	1
11767925	11767926	1
6234163	1946502	2
4157467	4157468	1
9064051	9062897	2
515988	515987	1
10319553	10319554	1
8873782	8874670	1
7885640	7885577	2
7033940	7033773	1
11293987	11294220	1
7105500	7106047	1
7612112	7612111	1
11956673	11956704	1
6641472	6641471	1
10219193	10219194	1
8606568	8606849	1
12656560	12656591	2
2370553	2370554	1
7579894	7580027	1
3773776	3771611	1
3371988	8439449	1
3788936	3790881	1
1706623	1752395	1
245405	245406	1
8898147	8898133	1
8201699	8201700	1
5511735	5511736	1
1876205	1874764	1
3591388	3591378	2
309031	309039	1
22864	22863	1
12276722	12276717	1
5430801	5430802	2
6907399	6907400	1
8728255	8728256	1
6798269	6798270	1
10769255	10769256	1
7875452	7875451	1
9065782	9068515	1
3278449	3278450	1
44973	44974	1
5550022	5549900	2
2496660	2495495	1
11129267	11129268	1
3036364	3036361	1
3609062	3609059	1
1064075	1063970	1
11758804	11758800	1
1499887	1499888	1
5552995	5551912	1
888756	890190	3
11493740	11493514	1
5486905	5486906	1
4010366	4010365	4
11919377	11919378	1
4561741	4561742	1
8571212	8571211	1
7255195	7255196	2
6483736	6483735	1
11436824	11436109	2
8370899	8370900	1
4297209	4297210	1
9956279	9956280	1
1233848	1233847	1
4546858	4546857	2
12607518	12607517	1
3406582	3412537	1
10536063	10536064	1
9676093	9677203	1
10839048	10839047	1
12761771	12761762	2
8791617	8791018	1
9316051	9316519	1
5213927	5213532	1
7627608	7627588	1
11244205	11244206	3
11402412	11402411	2
8885372	8882626	1
7982728	7982704	2
9072930	9072927	1
6155535	6155536	2
1728519	1728520	1
643094	640762	2
2164649	2164650	1
10149653	10149654	1
217034	217033	1
655106	655105	2
6625441	6625503	2
5266307	5267709	1
1787905	1786050	1
3879957	3879958	1
11358615	11358616	1
6972748	10691670	1
4582583	4581419	2
1402254	1402253	1
824274	820531	1
177195	177206	1
5905110	5900021	1
3288687	3288688	1
1499271	1499274	2
11562935	11560586	2
962384	969922	1
1498741	1498742	1
492511	5163945	1
11653786	11332637	1
177193	177194	1
4275433	4275434	2
1286198	1287545	1
10668367	10668368	1
9071982	9071981	1
6572142	6572128	1
4676674	4675450	1
9500559	9500562	2
7446395	7446392	1
9097655	9094932	4
12493239	12511019	2
4255937	4255938	2
12548771	12548772	1
11912041	11912044	1
8835879	8845641	1
1515560	1515581	2
458459	458460	3
6617427	6617428	1
6691032	6691031	2
6076111	6076112	1
11904086	11904027	1
204946	204945	1
2375365	2375401	2
664635	664636	1
6236253	6236254	3
7152737	7152742	1
6407555	196380	1
2857320	2857319	1
7931236	7931235	1
2322912	900900	1
6781712	6781711	2
2737522	2738918	1
9921685	9921686	1
12730179	12730184	2
9255194	9255193	1
1801547	11117895	1
6730100	6730099	1
6046882	6046881	1
1228202	1499270	3
9847153	9847154	1
3703939	3703814	2
9961083	9961084	1
7094230	7094229	1
8611284	8611283	2
10715753	10715754	1
5910736	5910735	1
623704	621393	1
7975151	7975152	1
660919	660920	1
6277850	6277849	7
7302992	7137622	1
10274266	10274265	1
1519444	1519036	1
4583975	4583845	1
11351150	11351121	1
258050	258053	1
9940797	9940798	1
5964284	5964281	1
9814991	9814992	1
2467842	2445067	1
4945881	4947744	3
8862242	8861624	1
12617746	12617743	1
10825801	10825806	1
3117809	3117810	1
1402252	1402251	1
12574823	12574826	1
3668361	3570048	1
11239895	11240268	1
11670402	11670421	1
6204147	6204148	1
3119908	3119907	1
11389471	11389472	3
3852677	3852741	2
7907695	7907696	1
5243104	5243238	2
4076116	4076115	1
324752	327136	1
2590774	2560145	1
8478537	8485847	1
4192101	4192818	1
12597117	12614359	1
6076904	6064789	1
7635789	7635790	1
1740279	1740280	1
2252838	2252837	1
1486487	1486488	2
96008	96007	1
11658763	11658764	2
2418	2423	1
1328201	1328202	1
2470544	2540840	1
11721919	11721912	1
5294059	5294060	1
9494609	9494610	2
10555274	10555290	4
12192119	12191673	1
7719048	7719185	3
1592547	1592535	2
3685384	3685381	1
6903579	6903580	1
10573256	10573255	1
1310789	1309866	1
5611523	5612189	1
4194325	4194326	1
2148842	2148841	1
204477	204715	1
11554644	11549598	1
2780345	2780346	1
1334443	1334533	1
11788550	11788543	1
11329504	11329503	1
6475479	6487407	2
9032234	9032233	3
12251743	12251731	1
5819063	5819064	1
7746520	7746496	1
9657907	9657908	1
768289	768290	2
4541075	4541076	2
5477725	5477728	1
7391905	7391876	2
8307928	8307927	2
5688725	5688726	1
4358151	4358152	3
8383910	8383909	1
3867513	3867516	1
3289849	3273736	1
2380151	2380152	1
1601319	1601343	1
11830139	11830140	1
9632165	9632166	1
4386188	4386187	1
9361574	9361573	1
11390093	11390096	1
2293349	2293138	1
9865381	9865382	3
6978581	6981819	1
7178028	7178027	1
659918	659917	1
9375064	9378886	1
11632157	11631238	1
11265999	11266000	2
8365274	4008817	1
3542367	3542368	1
1287933	1287934	2
10281142	10281141	2
12452210	12451489	4
771928	771927	1
8632406	8632405	3
1917277	1917657	1
9365977	9365978	1
3609062	3609057	1
7789747	7789748	1
10661979	10661980	1
8902433	8902869	1
5358787	5358841	1
12016409	12016410	3
11833796	11833795	2
3690815	3691563	1
1645322	1645131	1
11784985	11784988	1
3209255	3325522	1
4436838	4436837	1
8921501	8921502	1
2360025	2359268	3
1657535	1655789	1
5081574	5081573	1
8309359	8309360	2
6445212	6445206	1
6222644	6222643	1
2610446	2610445	1
7108225	7177777	2
5437187	5437188	2
6736553	6736554	3
6813247	6811170	1
1198433	1198413	2
2773940	2775149	3
7444031	7444032	1
3986077	3986078	2
12727623	12727624	1
5329033	5329034	1
12486596	12426757	1
10603180	10603177	1
12642129	12642130	2
