fend1	fend2	count
7197363	7197854	1
6475419	6475420	1
9880742	9880741	1
4601147	4601148	1
6313803	6313804	1
8529422	8529415	1
3576115	3576116	1
9494189	9494190	1
1648939	10553330	1
1030686	1030685	1
3516923	3516924	1
3943814	3943811	1
8225381	8225382	1
7820619	7820620	1
9280368	9280365	1
7066388	7066387	1
9681055	9681144	1
7658004	7658045	2
349895	349905	1
6142587	6142588	1
7446715	7446718	2
4011777	4011778	2
5560137	5560138	1
3489324	3489321	1
2622224	2622223	2
7929434	7929433	1
7166752	7166751	1
4264379	4264380	2
1930667	1930668	1
11499657	11497144	1
3716964	3716984	1
1092857	1092688	1
9503802	9503801	1
12248882	12241926	1
5984915	5984916	1
947706	947705	2
1265832	1265831	1
9599348	9598970	2
3690921	3690922	1
4477864	4477861	1
2892396	2892395	1
2475087	2475088	2
11317229	11317230	1
10111888	10111887	1
4053596	4053595	1
12813842	12813956	1
1594919	1595503	1
7216431	7216436	1
8221015	8217488	1
6019949	6019950	2
4644829	4644830	1
2831061	7776602	1
10385167	10385168	1
10551047	10552075	1
2251262	2251261	1
9432386	9433602	1
716545	720123	1
9997266	9997265	3
7122702	7122817	1
5786320	5786319	1
5960309	4041531	1
9571815	9571816	1
10269228	10269227	1
10206388	10208591	1
1759243	1759244	1
9491400	9491427	2
11552845	11552846	1
11422078	11422007	1
9152422	9151271	1
3931058	3936479	1
1690906	1690880	1
6847270	6845741	1
6856623	9956688	1
1030684	1030683	1
11245049	11244491	2
4063316	4063315	1
9895871	9883510	1
7337454	7337453	1
4644831	4644832	1
6205470	6205511	1
12814990	12815072	1
6481821	6480618	1
4191599	4191602	1
7745932	7745931	1
5045774	5045741	1
1332565	1332971	1
8838645	8838646	1
9774846	9774837	1
4864374	4864373	2
12416872	12416871	1
796172	796171	1
8432601	8432602	1
7682667	7682668	1
11444717	11444718	1
858008	858003	1
2839141	3327124	1
4016326	4016325	1
5424619	5393708	1
12618722	12621688	1
11159981	11159982	1
1690391	1690392	1
2606414	2606413	1
6617950	6617949	1
6126321	6126729	2
11726820	11726819	1
2905605	2905606	1
8758762	8758761	2
2199153	2199154	1
2507367	2507373	1
6762192	8589547	2
4548694	4549858	1
4253718	4253717	1
10108257	10108258	1
6474830	7757327	1
3924978	3924989	1
703957	703952	1
9176327	9176328	1
3922805	3922806	1
3710895	3710896	1
9396638	9396635	1
11704071	11704074	1
10283981	10283982	1
36114	36113	1
7054535	7054538	1
11410557	11410558	1
11337955	11337960	1
9637291	9637292	1
8224279	8224280	3
7384374	7387890	1
2370908	2361480	1
11545907	11545908	1
4437840	4437839	1
5629601	5634880	1
6432524	6431949	1
9167198	9163032	1
5946389	5946401	1
11925030	11925029	2
7973510	7973509	1
5444219	5444847	2
279014	279013	1
4982782	4982855	2
11557310	11557462	1
2703506	2718037	1
11591659	11593145	1
1119406	1119405	1
10221309	10221310	1
4127957	4125543	1
5718851	5718886	1
6742427	6742428	1
1585409	1585371	1
7678345	7678346	1
10178536	10177345	1
4389004	4388990	1
12332046	12332045	1
4046020	4046017	1
11562644	11562643	1
9097654	10716983	1
10716982	10716981	1
7338570	7338734	2
2006452	2006445	1
4006998	4006995	1
1286960	1286959	1
11785217	11785397	1
1146646	1006300	1
8620421	8620422	2
10317809	10317780	1
3514900	11977284	1
8027401	8027402	1
1578646	1578645	1
3417738	3418060	2
5584561	5584562	1
9437572	9437569	1
2604645	2604646	1
3326000	3325999	1
12742220	12742219	1
9255135	9255619	1
6207944	6207943	1
3799142	3872449	1
5318774	5318773	1
6307701	6307702	1
3799058	3799057	1
7083041	7082972	1
3590870	3590892	1
8740048	8740025	2
7331593	7331594	2
7776603	7776604	1
4087621	4087624	1
4860718	4860816	1
5406150	5406149	1
8577343	8577356	1
9528987	9528988	1
3045761	3045762	1
6794530	6794529	1
6774666	6774665	1
12431385	12431386	1
9186042	9186041	1
2850193	2849078	1
6812283	6812286	1
4066077	4065945	1
432741	432746	1
2336879	2336880	1
2853331	2853402	1
2589712	2589711	1
5382371	5382318	1
4232398	4233505	1
3519951	3519952	1
4999274	4999271	1
1587216	1587215	1
3206231	3206232	1
4784901	4784902	1
3763771	3763772	1
10472199	10472229	2
6220090	6219164	2
3238901	6409515	1
8578327	8578332	1
8229597	8229343	1
12769592	12769591	3
9435978	9435884	1
3197378	3197448	1
551086	549339	1
6868659	6869163	1
985601	985602	1
2415756	2415755	1
3133359	3127273	1
6166533	6164237	1
12500484	12502463	1
3527085	3527086	1
10325917	10329244	1
6001800	6001807	1
7888691	7888692	1
6205829	11793361	2
1596458	1596452	1
5648676	5648671	2
1137934	1137747	1
4548920	4548724	1
7003397	7003346	2
11749441	11749206	1
4654536	4654535	1
1179737	1179740	1
12317766	12317763	2
5008821	5009793	1
12632844	12632599	1
8772242	8772241	1
5856075	5856181	1
40051	40052	2
6199984	6199983	1
10938995	10938996	1
8535852	8535940	1
9822852	9823345	1
3040703	3040773	1
7992515	7992805	1
9315119	9298334	1
10786173	10786176	1
11878975	11878976	1
6529543	6529544	1
762152	762151	1
6271351	6271356	1
4760687	4418054	1
89456	89455	1
918646	919520	1
10808891	10808894	1
5486968	5486967	1
4025252	4025251	1
11851979	11851980	1
3471439	3471440	1
8950645	8950646	1
10800576	10800575	1
1554207	1554208	1
11867291	11867292	1
8357113	8358891	1
440801	440804	1
2738889	2703373	1
7876872	7876871	1
7105870	7105867	1
8456792	8461799	1
7660434	7660433	1
10261255	10261256	1
1776814	1776566	1
5641022	5641021	1
3710897	3710898	1
6104694	6048547	1
691955	691956	1
7446454	7446453	1
7298088	7298087	1
7151085	7151086	1
6353777	6353826	1
4012434	4012433	1
3958126	3958125	1
1191082	1191085	2
1830370	1830369	1
1173589	1173590	1
8008732	8009255	1
1836426	1836365	1
5235580	5236018	1
10374703	10374695	1
7198165	7198166	3
10807624	10807858	1
11515944	11515943	1
5808873	5808861	1
9852215	9852114	1
4684552	4684549	1
6202254	6202253	1
6797895	6797896	1
8546110	8542705	1
2086631	2086632	1
9544446	9544445	1
7216393	7216447	2
4015943	4015944	1
6600928	6601328	1
3571056	3570998	1
3275346	3275345	1
3892256	3891646	1
2117665	2117666	1
8184252	8184126	1
10721147	10721148	1
8766404	8766403	1
188822	188817	1
11235235	11235236	1
4139808	4139303	1
3649492	3658407	1
5701650	5701647	1
6485770	6485784	1
11402646	11402649	1
6062098	6061968	1
2251877	2251878	1
2841774	2840906	1
7162677	7162324	1
5393566	5393565	1
4787368	4787365	1
10207099	10205140	1
8640656	8639587	1
8007996	8009767	1
5318779	5318775	1
9346930	9346929	1
12749278	12749990	1
6409042	6409039	1
6731437	6731438	1
6695986	6695985	1
904448	904447	1
355110	355109	1
11154496	11154456	1
4223316	4223380	1
952873	952874	1
11593062	11593064	1
4184520	4185171	1
7788704	7788703	1
419644	419643	1
3492445	3492446	1
3545859	3545864	1
11928124	11928123	1
3759050	3759047	1
620942	621918	1
12725939	12725940	1
8452674	8452667	1
3799584	3799581	1
2886528	2887350	1
2568861	2568862	1
1017002	1026325	1
5695384	5695383	2
12606387	12606388	1
4550287	4550288	1
6511167	6511168	2
5632250	5632352	1
9770927	9740396	1
8726634	8726623	2
6829733	6829734	1
6490327	6490328	1
11388144	11388143	1
11589650	11590652	1
2646430	2646429	2
6273444	6273443	1
3753461	4114130	1
8556873	8540511	1
12222925	12222926	1
11229884	11229883	2
1541376	1541375	1
10416127	10416128	1
11744175	11744176	1
12237820	12317655	1
396755	396756	1
8410071	8410072	1
1322822	1323233	1
7649510	7649509	1
1044215	1044216	1
11425472	11425469	2
3763349	3767558	2
2229749	2229750	1
4850462	4850461	1
2622225	2622226	1
2343113	2343114	1
4119429	4118809	1
7578393	7578449	1
6555496	6555495	1
2430672	2536270	1
12729301	12729304	1
4242444	4242443	1
8242813	8242814	2
6624275	8611042	1
3415957	3415958	1
2092564	2092563	1
4065802	4065799	1
11425113	11426007	1
8224269	8224278	3
4186508	4186503	1
11697854	11697853	1
318975	390343	1
902800	11282285	2
3865317	3865220	1
8093968	8093987	1
11833396	11833395	1
432000	431999	1
7704219	7718171	1
6987029	6987030	1
11724796	11724795	1
9538557	9538558	1
3912550	4084772	1
5671844	4879645	1
11172553	11177029	1
12727072	12727077	1
5566528	5563046	1
11185877	11185878	1
5641020	5641132	1
7448507	7721387	3
10893211	12304320	1
10999830	10999825	1
3214931	3214932	1
10940092	10940091	1
814148	814147	1
6805378	6805377	1
11981420	11981433	1
357982	358204	1
4627436	4627433	1
9054975	9054976	1
2681573	2681576	1
4399568	4399567	2
8664877	8664878	1
6494213	6494214	1
2770674	2770443	1
2681751	2681752	1
12220030	2386618	1
1066866	1066135	1
4066070	4065921	1
6901629	6901630	1
11623333	11624272	1
7030207	7030208	1
6864585	6864586	1
6101335	6205091	1
12655801	12655802	1
3200512	3200327	1
7515456	7515455	1
8549162	8548472	1
5260266	5260253	1
9572224	9572219	1
6327638	6327635	1
5750221	5750222	2
2649506	2649500	1
3810045	3810046	1
2280495	2280412	1
5699428	5699427	1
2209890	2209904	1
2140690	2140687	2
5650630	5650640	1
4203442	4203441	1
3559127	3559128	2
10208381	10207199	2
6717910	6717907	1
8599607	8599615	1
9959995	9944649	1
1798896	1798891	1
12558217	12558218	1
4586325	4586326	1
4437666	4437665	2
4021743	4021776	1
5308745	5308746	1
633611	633612	1
4331610	4331613	1
2665100	2665099	1
1243487	1243510	1
11183374	11183373	1
6557662	6558739	1
6306912	6306911	1
7446304	7446303	1
800215	800216	1
216435	208163	1
469830	469829	1
5707986	5707985	1
6166214	6166213	1
2422388	2424431	1
11515707	11515708	1
861205	861203	1
11127347	11126941	1
9798033	9798814	1
9354344	9354343	1
4530730	4530729	1
1168846	1168845	2
3494636	3494631	1
2448767	2448768	1
746838	746837	2
8062121	8062153	1
9778892	9778732	1
778315	778316	1
4566569	4566570	1
8790933	8790934	3
7011119	7011120	1
7739139	7774842	1
10097669	10097670	1
10564198	10564197	1
6244736	6244735	1
1424229	1501522	1
3261985	3261986	2
4024399	3808325	1
11920120	11920119	1
10793710	10793707	1
1485086	1485085	1
11663580	11663559	1
1646135	1646136	1
12631071	12631072	1
5523931	5523932	1
7088344	7088343	1
3535014	3535013	1
4066632	4066631	1
4383750	4383749	1
7757145	6475423	1
10255768	10255767	1
372421	260537	1
1116672	1116643	1
2015556	2015579	1
11322103	11322104	1
4546624	4546623	1
3947286	3947246	2
1748062	1748061	1
4790615	4790616	1
9595992	9594428	1
11591922	11591921	1
2699520	2698003	1
7122550	7122549	1
10311797	10314672	1
3963208	3963261	1
12503475	12492570	1
7771950	7771082	1
5939175	5939176	2
10295371	10295446	1
12742222	12742221	1
10918527	10918528	2
4476292	4476291	2
2902395	2628085	1
7510547	7513561	1
3776304	3776273	1
7066587	7066589	1
5581789	5582767	1
9075271	9075272	1
1596959	1596960	2
7716246	7716245	1
11928767	11928765	2
4837328	4837327	2
5655995	5655858	2
3247757	3247762	1
10912601	10912602	1
1766219	1766246	1
2926390	2923481	1
1293098	1293097	1
5915935	5915936	1
12391007	12391008	1
6207938	6207937	1
526416	526415	1
3536128	3534545	1
6623408	6623599	1
4379445	4380812	1
1543098	1543097	1
8397595	8397562	1
7735651	7736455	1
11189438	11189435	1
4307830	4307827	1
1086607	1089343	1
10309666	10309665	2
12187691	12187676	1
389695	389696	1
12281039	12276449	1
9557720	5457998	3
9421783	9418662	2
6043856	6043990	1
3901743	9693053	1
6383132	6383131	1
1284741	1284742	1
6869162	6869161	1
2630017	2630076	2
1754866	1754919	1
452352	452351	1
952871	952872	1
6525907	6525856	2
2000510	2000509	2
1712572	1712567	3
6299754	6299751	1
11114113	11118644	1
6293975	6293976	1
1991118	1991117	1
6793417	6793254	1
7446447	170348	1
4138162	4138161	1
5317891	5317827	1
4052268	4052267	1
2312185	2312186	1
6244120	2813529	1
6270464	6293974	1
2190851	2190905	1
12546654	12546653	2
6443861	6443862	2
8975183	8975184	1
8545978	8604525	1
5514396	8970801	1
265085	265086	1
8582752	8582751	1
7446266	7446265	1
9822885	10301631	1
11589995	11589996	1
11793216	11793213	1
4003377	4003378	1
3635246	3635581	1
8974290	8974474	1
5635772	5635771	1
1022818	1387923	1
7099798	7097630	2
1530783	1530784	1
2666975	2666964	1
10253254	10257311	1
11481138	11481141	1
8160747	8330690	1
4809540	4810738	1
8842720	8842719	2
5355275	5373119	1
11856077	11856078	1
10614246	10614359	1
10806788	10806787	2
789226	802846	1
5953905	5952821	1
3279779	3278953	1
7864439	7864446	1
6508543	6508544	1
10193223	10193224	1
2613627	2613419	1
1255558	1255576	1
6013143	6013144	1
6126728	6126727	1
4505531	4503549	1
11239688	11239685	1
11409696	11409695	1
3513716	3634650	1
2785671	2785672	1
2382603	2381032	1
1596570	1596235	1
3200555	3200556	1
8766482	8732305	1
3570607	3570894	1
3483279	3888931	1
11339875	11339876	2
12801805	12801812	1
196034	196037	1
5116542	5116541	1
11714269	11714274	1
3491080	3491126	1
9768502	9768501	1
7538156	7538176	1
8705233	8709200	2
6410827	6393709	1
4850451	4850452	1
1066132	1066131	1
10132388	10134210	1
6956268	6956267	1
1719838	1719837	1
3234115	3234116	1
3026414	3026413	2
1650805	1650806	1
403596	403595	1
7833194	7833191	1
6978894	6978893	1
1762369	1762370	1
11338179	11593400	1
11126678	11126677	1
2316940	2316951	1
900746	900745	1
4256384	4256381	1
11159653	11159654	2
10221305	10221306	1
7400993	7400994	1
10321383	10321704	2
6569108	6569107	1
11322101	11322102	1
12548529	12548762	1
11189438	11189437	1
7489492	7489491	1
9941899	9941900	1
1381619	1381620	1
2589710	2589227	1
2896695	2896698	1
4597889	4597890	1
470606	469828	1
3953063	3953064	2
2027731	2026766	1
4194777	4194780	1
12187346	12187345	3
12558491	12558492	2
7576847	7576848	1
10505935	4063660	1
11668856	11668853	2
8896488	4280983	1
4081059	4081060	1
9398659	9398660	1
10429836	10429835	1
3456828	3393041	1
8700266	8700265	1
2286446	2286445	1
4203440	4203370	1
8983401	8983402	1
1694125	1694126	1
9807728	9808540	1
12370265	12370277	1
10999824	10999827	1
9054973	9054974	1
7632205	7632206	1
8858779	8858780	1
5199023	5199051	1
882094	882093	1
3406554	3407917	2
8402066	8402065	1
1791509	1791484	1
8356911	8356912	1
12633654	12729785	2
6060923	6060924	1
10578266	10578265	1
7222863	7222864	1
8767235	8767221	2
11766882	11766837	1
7003347	7003348	2
12248882	12241928	1
6272069	6272070	1
10357697	10357687	1
5636938	5636937	2
7225928	7225878	1
3698249	3698228	1
11670116	11670216	1
7700931	7702333	1
7592725	7592726	1
5289698	5289701	1
9551796	9551793	1
7931807	7931808	1
6745611	6745435	1
6627468	6627467	1
182427	182428	1
5372494	5372493	1
10998815	10998816	1
11622752	11622751	1
8884985	8884988	1
9784687	9784688	2
9789437	9789438	1
11337961	11337962	1
5247119	5247120	1
11798580	11798579	1
6182460	6182459	1
384197	3560802	1
10918529	10918451	1
658004	11908298	1
9353166	9353036	1
6581923	6571210	1
3373957	3373958	1
9152335	10531238	1
9757617	9758432	1
1544744	1544741	1
425689	425690	1
4557598	4557597	1
1767543	1767516	1
11611395	11611396	2
6060919	6060920	1
1991116	1991115	1
6052711	6052084	2
375127	271410	1
12147768	12147767	2
2856344	2856343	1
5863022	5863014	1
5379156	4139651	2
8202223	8202158	1
3508951	3508963	1
11430975	11430976	1
2595723	2595724	1
12386913	12386934	1
6083668	6073851	1
4738775	4738776	1
417902	417901	1
11724807	11724797	1
7891226	7891138	1
677394	677393	1
11132586	11132577	2
5004875	5279288	1
2415771	2415772	1
12717132	12717131	1
3153556	3153474	1
9958598	11755343	1
804844	804843	1
5576852	12211098	2
1462537	1462455	1
8811765	8811841	1
6787566	6587252	1
12813958	12813843	1
11472195	11472196	1
2073326	2073325	2
9343968	9426449	1
8408826	8408825	2
8029674	8029673	1
9538925	9538928	1
2076876	2076875	1
12181914	12181913	1
9701918	9701570	1
7714349	7714350	1
2180257	2180258	1
358924	358923	1
8371620	8371619	1
4108233	4108234	1
11229886	11229885	1
9852115	9852096	1
8665411	8665412	1
11206588	11206587	2
1392270	1392269	1
8511400	8511399	1
7700931	10446989	1
4789054	4788567	1
4043095	4043096	2
8083791	8084127	2
11294831	11294832	1
6112004	6112003	2
6522194	6522193	1
6126039	6126042	1
10057366	10243049	1
10895205	10895206	1
12234106	12234041	1
5746897	5746996	1
8792099	8792100	1
3474393	3474394	2
3492188	3492187	1
6702791	6702772	1
11095515	11095516	2
6112006	6112005	2
5279288	5279287	2
1043887	1043888	1
11319423	11319148	1
7876517	7876494	1
3429140	3429152	1
11378546	11379275	1
10490468	10490467	1
11587250	11587249	1
7129106	7129105	1
9344133	9344134	1
8875532	8875531	1
1690385	1690386	1
10828986	10828983	1
2043768	2043731	1
6692809	6692793	1
8210000	7884932	1
5728147	5728156	1
4662226	4662214	1
9764638	9764659	1
10314767	10314768	1
4567186	4567189	1
2024754	2024751	1
6745067	6745068	1
3555224	3555223	1
9541409	9541412	1
7837645	7837646	1
10276721	10276722	1
3038215	3038218	1
6327634	6327633	1
5565961	5560136	1
3827825	445214	1
5951338	5951337	1
7225595	7225598	1
12621691	12621898	1
7115427	7115428	1
2104993	2104908	1
6496853	6495688	1
11477666	11477665	1
7871933	7871934	1
6868657	6868658	1
3923375	3923376	2
10277760	10277757	1
8092678	8092677	1
10041946	10041945	1
7961134	7748279	1
4016324	4016323	1
3735213	3733625	1
4940372	4940365	2
7829592	7829591	1
316937	316938	1
4388058	4388040	1
12533399	12533400	1
11268730	11268729	1
3306633	8041924	1
7233881	7233882	1
7226487	7226490	1
6207940	6207939	1
5647594	5647593	1
2681717	2681750	1
2115028	2114996	1
4681760	4681759	1
10832627	10832628	1
12488708	12488707	1
9849215	9849218	1
1297274	1297271	1
9768244	9768240	1
9137468	9137467	1
10160797	4060587	1
3564264	3564303	1
10598230	10598227	1
3398585	3399914	1
1178414	1178364	1
1293027	1293028	1
3138089	3138090	1
3067928	3067927	1
10881622	3364039	1
4180826	4180825	1
7623655	7623656	1
1096021	1096011	1
6204806	6204805	1
3526678	3526677	3
9997268	9997265	1
3577937	3576969	1
436703	436182	1
7833197	6359611	1
11367026	11367023	1
7369212	7369211	1
10140255	10140256	1
1765180	1765937	1
1251438	1251184	1
3197378	3197371	1
4711868	4711867	1
7298086	7298085	1
11922477	11922480	2
5940988	5941023	1
11403083	11403084	1
12672943	12672946	1
3458910	3459066	1
1199125	1199126	1
7478496	7478495	1
1830372	1830371	1
9577586	9577600	1
3616343	3616344	1
12198973	12198994	1
7826190	7826187	1
12813612	12812486	1
4793005	4792056	1
8651127	8651128	1
8982866	8982863	1
1798894	1798891	1
6343138	6343135	1
1372975	1372976	1
8971940	8979137	1
7849559	7849560	1
7703112	7649494	2
3910074	3908695	1
7144598	7144597	1
2299365	2283176	1
3149187	3149942	1
1210853	1206542	1
1089216	1089215	1
774009	774010	1
6770512	12632647	1
2454403	2454404	1
4706994	4706993	1
12717094	12717126	1
8984572	8984571	1
11402657	11402658	1
8651125	8651126	1
12192633	12192621	1
3691687	3691688	1
11523530	11525236	1
4501896	4501895	1
12791005	12790930	1
1041119	1041120	1
903341	903342	1
7277828	7277827	1
6617952	6617951	1
8893733	8893380	1
9669174	9669173	1
1610769	1610770	1
10225758	10228239	1
12192627	12192628	1
7655266	7655265	1
3389713	3389714	1
9938060	9938014	1
3583930	3583942	1
12186498	12186558	1
1301626	1266009	1
3576126	3576123	1
5581826	5581817	1
1586808	1586807	1
7307380	7307379	1
3409008	3409007	1
8548552	6560312	1
11585330	11585327	1
7992513	7992514	1
2540386	2540385	2
1060616	1060613	1
6829727	6829728	1
7178257	7178258	1
6439921	6439922	1
5429878	5429877	1
4007065	4007066	1
6352780	6352794	1
5757294	5757293	1
1633101	1633061	1
11694944	11694965	1
5440589	6869410	1
5529173	5529399	1
3498328	3498304	1
2092562	2092561	1
3976358	3976355	1
7301992	7300649	1
8403448	8403447	1
4634681	4522092	1
8091029	8091030	2
11477189	11477229	1
10485948	6414256	1
10295447	10295448	1
12717130	12717129	1
3505914	3505913	1
3900611	3900612	1
10202434	10202685	1
2646434	2646433	1
5375703	5375689	1
2321276	2320261	1
6125263	6122863	1
7725675	7725678	1
5536233	5536024	1
3273882	3273879	1
10912890	10912889	1
3067416	3067472	2
4599932	4599963	1
12627901	12627939	1
9037813	9037814	1
11860403	11793317	1
585822	585821	1
7654784	7654783	1
1447924	1447923	2
10748482	10748481	1
2646436	2646435	2
12435046	12435045	1
3111386	3112056	1
11185875	11185876	1
2718721	2718722	1
11830610	11830607	1
1374380	1123910	1
1188134	1188270	2
9123723	9123724	1
3145815	3145839	1
6104654	6104695	1
6136837	6136838	1
9559760	9559408	1
8782192	8782104	1
6695984	6697640	1
2245026	2245288	1
2775384	2775381	1
12181916	12181915	1
10999830	10999829	1
9551792	9551791	1
9883628	9902212	1
12630330	12630333	1
4081065	4081066	1
11472660	11472659	1
4381633	4381528	1
4063348	4063317	1
3018424	3018421	1
9177677	9177678	1
7921132	7921131	1
9753284	9753294	1
3025488	3025524	2
11413337	11413277	1
2375997	2375998	1
4992341	4992327	1
7446374	7446248	1
12647811	12648703	1
889066	889065	3
291759	583845	1
11626475	11626476	1
618332	618307	1
5289452	5289451	1
12715826	12715845	1
2410048	2409904	1
11394277	12485568	1
7222948	7011530	2
924175	924176	1
9055013	9055436	1
8476547	8476548	1
5566328	5566325	1
2201043	2201115	1
5893195	5893200	1
2812706	2812705	1
12152468	12152492	2
8330691	8330692	1
9510679	9510680	1
3555610	3555609	1
4139302	4139301	1
12656393	12656394	1
1337678	1339825	1
3514033	3513966	1
9176329	9176330	1
4566565	4566566	1
10910433	10910438	1
10763091	10763092	1
8401964	8401953	1
368481	368554	2
889331	900159	2
10283140	10283406	1
2606153	2606156	1
298765	298734	1
8224269	8224280	2
7478500	7478499	1
2655625	2655626	1
2899287	2899288	1
2126581	2126559	1
2339654	2339616	1
12533395	12533398	2
3954124	3954123	1
7210219	7210220	1
7144156	7144645	1
1776125	1776126	1
9997264	9997263	4
7399839	7399840	1
7895845	7895507	1
10164992	10164991	1
2722266	2721220	1
6543348	6341630	1
10877205	10877206	1
7886459	7886460	1
3266796	3266795	1
3746428	3746427	1
11878977	11878979	1
9057541	9057542	1
7788702	6272068	1
1118032	1118031	2
2451140	2451165	1
650292	649265	1
6923664	6923466	1
10875140	10875409	1
2218127	2216186	1
8192056	8192055	1
9384226	9384225	2
10612312	10612318	1
432747	432748	1
382098	382097	1
2647681	2647682	1
12534705	12597938	1
11584152	11584151	1
7876870	7876869	1
3303615	3304694	1
11499893	11499894	1
7549609	7549610	1
4673998	4673997	2
12307578	12307577	1
2497205	2497210	1
6845335	6845387	1
8858922	8858921	1
12195864	11069406	1
9574839	9574842	1
8085245	8085246	1
14576	14573	1
3827825	3827826	1
10372154	10372531	1
6012461	6010072	1
684713	684714	1
9296519	9296520	1
3634832	3560634	1
8950867	8950868	1
3856746	3856745	1
10763089	10763092	1
7620161	7620162	1
4277347	8652936	1
4303283	4303284	1
7565201	7565202	2
12307580	12307579	1
9916676	9916673	2
12811189	12811190	1
1913668	1913793	1
6923373	6923374	1
5400798	5400797	1
7127427	7127580	1
1602488	1602480	1
3631831	3631832	1
2068593	2068594	1
12148251	12148199	2
164404	164403	1
5748578	5748577	1
8361462	8361461	1
811322	811321	1
7721386	7448221	1
8576408	8576407	1
8420182	8441662	2
6032378	6032375	1
3707783	3707719	2
2067358	2067510	1
11827066	11828823	1
1233540	1233162	1
7618155	7618156	1
11103292	11103634	1
3487967	3488982	1
201650	184293	1
4801063	4801064	1
9281464	9281026	2
11230205	11230206	1
6102516	6101389	1
11797649	11796590	1
10657483	10722367	1
6512167	6512172	1
659700	659722	2
7995322	7996458	1
4088319	4088320	1
797960	798589	1
11154292	11154283	1
9135942	9135941	1
9930630	9930635	2
5091411	5091414	2
7339170	7339299	1
3734116	3734076	1
1239031	1239425	1
10865117	10865118	1
2039363	2039653	1
3304450	3304475	1
4065057	4067672	1
2378053	2378056	1
5989294	5988587	1
7611689	7611703	1
5770180	5770179	1
3513500	3513230	1
1474952	1474851	1
11749440	11748865	1
5817694	5817784	1
9710140	9710139	1
6192261	6192171	1
6897454	6897451	1
203630	203627	1
585820	585832	1
8803641	8803642	1
8449764	8447657	1
10400343	10400354	1
7292939	938089	1
9793091	9627836	1
9599146	9600090	1
7352279	7011121	1
3292860	3292855	1
1178838	1178702	1
8789885	8789886	1
9930638	9930631	2
9346928	9346927	1
2614740	2614739	1
353606	353540	2
3935486	3935485	1
2890034	2890033	1
3520491	3520504	1
759099	759100	1
4256291	4256292	1
11064759	11064760	1
11165689	11165674	2
12730244	12730243	2
6926577	6926578	2
9774838	9774837	1
9872687	9872688	1
11011534	11011533	1
6184882	6184881	2
2426096	2426095	1
3640690	3640689	1
5306399	5392277	1
11129304	11145721	1
5462360	5462359	1
4754185	4754186	1
8545955	8545956	1
1984556	1984555	1
8838643	8838644	1
5382405	5382406	1
9114264	9110144	1
1650807	1650808	1
4282859	4282862	1
12451797	12452344	1
3858041	3858042	1
11132510	11132509	1
3449495	3449496	1
5563096	5563046	1
7965985	7965986	1
4476294	4476293	2
8570365	8570370	1
5701648	5701647	1
1119404	1119403	1
7814640	7814637	1
618334	618333	1
3956121	3956124	1
7700938	7699433	1
11457946	11457945	1
4080450	4080449	1
5508722	5508721	2
6388657	6388658	1
7324256	7324278	1
3828665	3828467	1
1091150	1091149	1
6871225	6871226	1
5565959	5565960	1
3693105	4682200	1
6265088	6271233	1
5144508	5144519	2
6175074	6175073	1
10272779	10272780	1
9381311	9647513	1
9086857	9091944	1
2035196	9253629	1
7961552	7959789	2
8304907	8304908	1
12186100	12186066	1
8972542	8972541	1
6475362	6475359	1
12621689	12621690	1
10445313	10445314	1
3401449	3401452	1
2360268	2360331	1
9759919	9759920	2
2693134	2693133	2
8545961	8545962	1
6067221	6069522	1
4725888	4726147	1
3708963	3708964	2
4635620	4635619	1
3134576	3134573	1
4227575	4227576	2
5481872	5481868	1
11627614	11627611	2
9350443	9349949	1
4244657	4244660	1
6153459	6153462	1
7233143	7233148	1
911664	916063	1
3815030	3815029	1
6021161	6018604	1
5940588	5940587	1
4477921	4477966	1
11085939	11085940	1
3730406	3730405	1
6144787	2905945	1
1889252	1889251	1
7162433	7162434	1
10921378	10921414	1
6802000	6803278	1
2854916	2856345	1
687456	687655	1
7778705	3146992	1
12801809	12801812	1
7378033	7378111	1
11229889	11229890	2
11307365	11307366	1
10160053	10164993	1
8078372	8078371	1
9121336	9121349	1
5474074	5476880	1
5543319	5543320	1
12220034	12220031	1
6864598	6864597	2
8867956	8867951	1
372726	259116	1
8008828	8008826	1
2666737	2666740	1
3280552	3280551	1
9235999	9236000	1
9144038	9141869	1
3514395	3548957	2
5962283	5962085	1
9354370	9354345	1
6543350	6543349	1
12546654	12546651	1
2213010	2213009	1
430005	429106	1
9257960	9257963	1
2892394	2891642	1
7305328	7307789	1
1657401	1657402	1
9787755	9787740	1
4739227	4739238	1
5636926	5636939	1
3937759	3937762	1
6915972	6915971	1
8176977	8173848	2
5193398	5807512	1
6464740	6464739	2
865950	865949	1
3884154	3884153	1
7116386	7117851	1
12236079	12236023	2
4200092	4200091	1
6060921	6060922	1
2897726	2897649	1
2852612	2852611	1
8000971	7855962	1
10309668	10309667	1
2189852	2189860	1
528670	528669	2
4698095	4698096	1
4057284	4057283	1
658359	659055	1
4546622	4546619	1
11186478	11186477	1
10267466	10267465	1
1467348	1467355	2
5984338	5849539	1
2063807	2063808	1
11562647	11562652	1
3637142	3637141	1
3602298	3601680	1
10533719	10532898	1
3280550	3280549	1
186359	186073	1
5966667	5966664	1
8867908	8867907	1
7034097	7034098	1
10721714	10721711	1
5486965	5486966	2
5147452	5147724	1
7359454	7359453	1
8202221	8202222	1
1594423	1594424	1
5619876	5818362	1
4747590	4747589	1
5706228	5706227	1
5123678	5123573	1
11584150	6769568	1
2000655	2000656	1
3568036	3568035	1
1665320	1665319	1
7045396	7045574	1
8398588	8602983	1
4109141	4109142	1
1729675	1729676	1
10451296	10451295	2
10881957	10881960	1
7610147	7610148	1
882092	882091	1
3524771	3524772	1
9508148	9508145	1
5597446	5596312	1
2437271	2437272	1
4499157	4499160	2
2139261	2139262	1
3858637	3858590	1
5382407	5382408	1
7564987	7564988	1
4389010	4389005	2
9519762	9519758	1
3549295	3549296	1
5676382	5676379	1
1632037	1632038	1
5708340	5708339	1
10882131	10882115	1
11033968	11033967	1
6684533	6593882	1
11546386	11546383	1
6271226	6271225	1
10593863	10593864	1
5399651	5399652	1
6236070	6236069	1
1777660	1777659	1
2671619	2690333	1
11154468	11154467	1
3640688	3638168	1
7868725	7868726	1
11350482	11350481	1
843906	843905	1
12005581	12005582	1
10100550	10100554	2
7216220	7216238	1
10080698	10080695	1
3955564	3954324	1
5479995	5479996	1
12742224	12742223	1
421026	421025	2
5347755	5347756	1
5914490	5914489	1
12717134	12717133	1
5152880	5152837	2
11766701	11766704	1
5698110	5698385	1
3884472	3884469	1
7519737	7519738	1
985900	985899	2
5994878	8130278	2
10832629	10832618	1
657611	657654	2
11531189	11530153	1
11676364	11676361	1
9494796	9492765	1
7285200	7284093	1
7914202	7914201	3
2495655	2495656	1
444170	444169	1
2104582	2106330	1
8842718	8842717	2
5335330	5335329	1
2614350	2614349	1
6018779	6018784	2
7868723	7868724	1
996604	996192	1
3166050	3166009	1
198652	194901	1
262040	261913	1
9064977	9061999	1
11630883	11631166	1
6843183	6843180	1
2787720	2787704	1
10832625	10832626	1
10094399	10094402	1
10134211	10134212	1
5635040	5635032	1
9746635	9745724	1
10221307	10221308	1
9479678	9479677	1
2236290	2236289	1
1622139	1622002	1
6093447	6093448	1
5189916	5190092	1
752763	752764	1
3295909	3295910	1
303866	303865	1
12323847	12323848	1
5921829	5923449	1
65794	65793	1
395407	394991	1
1092689	1092690	1
5177022	5177058	1
7195320	7195319	1
11729456	11729453	2
11334704	11334703	2
8666280	8665410	1
1248250	1248249	1
4437629	4437632	1
4125612	4125592	1
6210284	6210283	1
10205729	10205730	1
598073	598059	1
10315752	10315749	1
8496067	8495114	1
5996485	5996490	1
4784958	4784900	1
12130092	12130091	1
11229654	11229653	1
4593938	4593937	1
1645299	1645144	1
5952754	5952753	1
2276451	2276452	1
7166754	7166751	1
602220	602219	1
9712551	9712552	3
9651023	9651024	1
8041066	8041063	1
3646616	3646615	1
6787566	6787563	2
184206	183899	1
12421241	12421242	1
3038203	3038206	2
10808882	11192198	1
5808223	5808226	1
10235009	10235010	2
3979467	3979590	1
5947059	5947060	1
1399956	1399961	1
862290	862289	1
10763602	10763086	2
2789849	2789769	1
10969556	10969553	1
6447165	6446418	1
4566567	4566568	1
961006	961005	1
279517	279520	1
3939012	3936604	1
3899205	3895844	1
7611687	7611688	1
2337230	2337229	1
7276956	7276955	2
3638549	3638583	1
6247786	6247785	1
4467354	4467308	1
3438899	3438709	1
7551206	7551180	1
8424468	8424467	1
6247782	6247781	1
10743766	10743763	1
583788	583785	1
1758548	1760447	2
9032173	9032091	1
3026165	3026170	1
2245289	2245290	1
3294971	3295101	1
1824275	1824276	1
8803428	8803425	1
1588429	1588430	1
1588751	1588754	1
2677559	2677560	1
7374729	7374730	1
11830610	11830609	1
5642306	5642303	2
5690800	5636806	1
5376935	5376993	1
10044661	10044662	1
11043631	11043632	1
7468689	7471611	1
9056846	9055453	1
3389478	11388145	1
11206586	11206585	2
11917068	11917742	1
2793079	2793080	1
2540388	2540387	1
2540390	2540385	1
3958519	3958527	1
3741905	3741908	1
7951760	7951759	1
9189464	9189463	1
4384495	4385084	1
5544978	5544975	1
2082906	2082905	1
853820	852043	1
7930675	7930676	2
1694714	1694713	2
4503030	4502565	1
10385169	10385170	1
6103887	6103888	1
11620847	11620848	1
508793	508794	1
10163459	10160624	1
1651959	1651960	1
5818202	5818201	1
5999008	5999007	1
3415177	3412349	2
9638815	9638496	1
5810060	5810059	1
4339637	4339621	1
12337461	11077643	1
5639479	5638930	1
10503734	10503740	1
1714399	1712573	3
900748	900747	1
6359610	6359607	1
74752	74749	1
6171504	6171503	1
8232759	8232760	1
4602520	4602544	2
2681519	2681520	1
3052736	3052794	1
8428098	8428241	1
9930638	9930637	1
11864740	11864739	1
419847	421527	1
10639994	10639763	1
9280359	9280360	2
9447572	9447571	1
2432206	2432234	1
8528307	8528310	1
7382356	7382355	1
469855	469856	2
9144292	9144291	1
1345454	1345407	1
9930636	9930635	1
12616484	12616509	2
4361054	4361620	1
6572501	6572502	1
2213012	2213011	1
12198225	12198001	1
2414704	2414747	1
10285734	10285729	1
4746852	4746851	1
4084582	4084581	1
2375300	2375299	1
901103	898409	1
11515349	11515350	1
533198	533197	1
12631778	12631808	1
12343315	12343329	2
8000411	8000412	3
7282797	7282811	1
11178531	11178532	1
1434517	1434518	1
9353037	9353038	1
10374694	10374693	1
10598226	10598225	2
5960307	5960308	1
4110656	4110655	1
3969571	3969572	2
9475713	9475716	1
1992635	1992636	1
11439158	11561268	1
3990518	3990517	1
3751396	3751452	2
11728352	11725945	1
2787722	2787721	1
5047172	5047029	1
1594414	1594413	1
12504336	12504335	1
1218855	1218856	2
6699098	6699097	1
2722152	2722151	1
4380131	4380132	1
4095080	4095079	1
6733856	6733268	1
5915939	5915940	1
10549100	9174836	1
7207272	7206855	1
7220832	7195923	1
977237	977238	1
4614209	9142013	1
7721386	7448217	2
3193377	3193378	1
4063846	4063505	1
4433135	4433136	1
687381	687382	1
2646432	2646431	1
7139588	6946257	1
9232726	9232870	2
3538276	3547387	1
2000657	2000682	1
3494638	3494637	1
623507	623508	1
1505315	1503545	1
5761805	5761806	1
11710009	11710010	1
2643887	2643888	2
3039022	2962607	1
8530094	8530091	1
10544446	10544445	1
2039652	2039651	1
1798896	1798895	1
5718892	5718891	1
8732389	8732390	1
4094195	4094196	1
6848551	6848552	1
9917686	9917683	1
2160655	2160656	1
11008097	6801689	1
2376643	2376644	1
8903893	8903894	1
7216446	7216445	2
11611397	11611398	1
5055940	5055937	1
4095736	4095735	1
11936124	11936123	1
6161317	6161318	1
10887659	10887660	1
8041013	8041014	1
4154374	4154478	1
10715074	10715073	1
873024	874519	2
5211399	5210571	1
12627342	12624502	1
10446988	7702333	1
4436969	4436970	1
8529065	8529911	1
7880382	3254757	1
7708288	7708287	2
6280267	9786844	1
11287745	11287727	1
5248924	5248889	1
1748064	1748063	1
7716244	7716243	1
9143727	9143535	1
6157651	6157652	1
1587214	1587365	1
10236290	10236289	1
4560134	4560133	1
3315564	3313972	1
10178529	10178530	1
8628470	8628514	2
34621	34622	1
2741331	2741332	1
10974767	10974770	1
9296517	9296518	1
7598398	7598397	1
891811	891812	1
10170369	10170376	1
7596076	7597177	1
6501112	6501111	3
11757708	11757707	1
1117412	1117411	2
5607852	5607874	2
11859374	11859373	1
4064267	4064268	1
9311694	9310792	1
8753762	8753761	1
7576849	7577262	1
10789480	10789479	1
11834644	11834662	1
11525237	11525238	1
11386994	11387182	2
10612703	10611584	1
9583727	9583728	2
2219309	2219310	1
10095311	10235008	1
3284855	3286147	1
11923781	11923784	1
2043770	2043769	1
11216372	11216371	1
10207239	10207857	1
9078079	9078080	1
9631250	9631249	1
10912892	10912891	1
9483366	4063873	1
4409105	4409106	1
3811557	3798182	1
4095742	4095737	2
6512994	6514403	1
2263328	2263327	2
469834	469831	1
2952827	2952828	1
10400808	10400805	1
647819	647822	1
11330158	11330141	1
985898	985897	1
3103571	3103572	1
6931695	6931696	1
9711290	9711289	1
1076722	1116754	1
9504418	9504417	1
6110340	6110343	1
5399693	5399694	1
12663057	12663053	1
6454388	6454387	1
12304321	12304322	1
4722478	4738336	1
4668421	4668477	1
11764550	11764545	1
5462362	5462361	1
305025	305026	2
1267110	1267038	1
1018687	1018597	1
11134793	11134484	1
11892563	11893230	1
526414	526413	1
5370164	5370163	1
8716820	8716191	1
3813012	3812618	1
11482563	11481659	1
11194498	11203223	1
814804	814803	1
3300581	1837971	1
11513111	11513114	1
10115268	9995290	1
4263193	4263198	1
10398534	10398531	1
794169	794172	1
6447313	6447346	1
3236242	3236241	1
4765881	4765882	1
4042987	4042988	1
12729465	12729466	1
3834642	3834448	1
1711705	1711706	1
8607633	8607611	1
5582744	5582740	1
2605110	2605109	1
5935405	5935406	1
1077226	1116430	1
12364815	12364818	1
11434111	11434114	1
10425464	10425842	2
6624197	6624198	1
6019605	6019606	1
3245539	3246198	1
1570837	1570838	1
6172382	6172381	1
5999010	5999009	1
2622227	2622228	2
2229791	2230096	1
4121303	4121415	1
7303554	4812056	1
5043234	5043233	1
9847723	9850543	1
4263275	4710659	1
8717373	8717374	1
807574	807544	1
1113739	1113740	1
8408824	8408823	2
10340921	10340937	1
2269227	2269228	1
12546652	12546651	2
3023037	3023038	1
6142586	6142644	1
12277589	12277590	2
860172	861165	1
7976639	7976642	1
3209182	3209181	1
7216222	7216221	1
11280768	11280767	1
6800666	6800671	1
814161	814162	1
11228299	11228302	2
798588	798585	1
9013487	9091079	1
1359127	1359128	1
5008878	5008877	1
8991109	8991110	1
9853949	9853929	1
4566149	4566150	1
4817110	4817109	1
4380133	4380170	1
4668712	4634721	1
8341247	8340832	1
3858043	3858172	1
6847194	6922454	1
11825191	11825192	1
4038900	4038899	1
12306994	12306993	1
1397351	1397352	1
11879533	11879536	1
4263191	4263192	1
935650	933458	2
11238283	11238284	1
6014841	6014842	1
9827929	9827932	1
312545	312546	1
1286445	1286349	1
7810172	7810171	1
7906020	7946701	1
9847861	9849214	1
4079940	4080451	1
4186796	4186795	1
3567318	3567317	1
8414928	8414927	1
3139624	5914723	1
5023149	5023154	1
6174587	6174573	1
6174338	6174373	2
773820	772426	2
8167137	8165848	1
5397421	5397422	1
3429142	3429141	1
4629059	4629060	1
11842958	11843113	1
1526517	1526518	1
6205090	6205573	1
6484512	6484511	1
4793003	4793004	1
5994478	5994477	1
7610393	7610376	1
6078227	6078181	1
8818325	8818309	1
7563223	7561511	1
10261350	10261349	2
8809890	8809930	1
3555814	3555811	1
7938046	7938045	1
6118497	6118498	1
4197362	4190700	1
6339456	6339455	1
9250952	9250951	1
1747415	1747416	2
6693374	6693215	1
7298084	7299883	1
1505152	1505149	1
2279596	2279052	1
8097879	8097880	1
12576360	12576359	1
5422523	5422524	1
7758131	7758132	1
9328709	9328710	1
6497658	6497657	1
4674236	4674233	1
4275804	4275871	1
7725677	7725678	1
2540390	2540387	1
1443355	1443356	1
6414867	6414868	1
8579856	8579855	1
3724001	3724003	1
2776400	2776399	1
3985892	3985860	1
340801	340802	1
2076874	2076877	1
6299750	6299749	1
8165851	8165854	1
498671	498674	1
5927945	5927946	1
1700132	1700131	1
3592373	3590871	1
9540775	9540776	1
5996120	5996119	1
5690452	5690451	1
12546132	12544882	1
4671869	4672108	1
10129227	10129228	1
4380813	4380814	1
445215	3827826	1
3627633	3627922	1
3493324	3493323	2
11322101	11322104	1
8553792	8553105	1
6250131	6249615	2
10160250	10160249	1
9475715	9475716	1
10731895	10731892	1
10429834	10430011	1
402915	403654	1
6956273	6956269	1
7397653	7397654	1
11887315	11887316	2
5017987	5017988	1
10786177	10785986	1
3138253	3138254	1
7387329	7387330	1
9431052	9431767	1
6409038	6409037	1
5211397	5211398	1
5529634	5529631	1
9651025	9651026	1
11149676	11149635	1
1008476	1013802	1
7371951	7371521	1
8017920	8017919	1
1241476	1241475	1
11562692	11562691	1
3826656	3826655	1
12148198	12148197	2
10800537	10800577	1
11622758	11622755	1
3279777	3279778	1
3751678	3751677	1
6396393	6396394	1
2841622	2810879	1
8726907	8727115	1
95328	95352	1
8441663	8441664	1
11611395	11611398	1
2680651	2680652	2
2505294	2505286	1
9142475	9142476	2
10466169	10717306	1
2139499	2139500	1
1238257	1236848	2
40053	40054	1
11339563	11339564	1
9440499	9440500	1
12316262	12316271	1
3757431	3757432	1
7305920	7307381	1
6785655	6785656	1
9595842	9595841	1
5706092	5706091	1
1117386	1117385	1
517307	517308	1
5952780	5952779	1
5581227	5580575	2
6109238	6109373	1
11126680	11126679	1
2588689	10154542	1
9516663	9516664	1
4789777	4789778	1
10263156	10263151	1
1785922	1785921	1
5631730	5631729	1
7802683	7802684	1
658272	11909549	2
5856196	5856195	1
1092691	1092692	1
735183	735184	1
9975701	9975702	1
6641270	6641061	1
6012101	6012102	1
4282857	4282858	2
1732844	1732843	1
103273	103274	1
11008831	11008736	1
2834161	2834162	1
5189918	5190092	1
4476294	4476291	1
355108	355272	1
6019603	6019604	1
416088	416003	1
9528985	9528986	1
11941704	8874419	1
4011775	4011776	1
2680649	2680650	2
2519686	2519355	1
6833544	7116416	1
4614083	4614084	1
12624503	12624504	1
11981130	11981129	1
12717096	12717095	1
10906728	10906738	1
9651021	9651022	1
3094314	3094313	1
12400489	12400494	1
12244340	12315434	2
7250049	7250050	3
10660851	10660858	1
9501397	9501547	1
8732304	8732303	1
1297276	1297275	1
7142510	7142509	1
5647721	5647804	1
2125719	2125720	1
4481724	4481466	1
6660094	6660089	2
11334706	11334705	2
7609812	7611128	1
7305827	7305828	1
3662563	3662548	1
11493454	11493457	1
7246662	7246661	1
9774846	9774839	1
10877203	10877204	1
1694409	1694410	1
3630831	3630832	1
10168438	10168437	1
7446482	7446479	1
1088068	1087910	1
74748	424677	1
12304075	12304095	1
6052495	6052496	1
8371660	8531583	1
55294	54218	1
7658044	7658043	1
11738649	11738687	1
11974391	11971000	1
461866	461838	2
4672434	4672433	1
1572187	1572188	1
5727981	5727982	1
6161989	6161990	1
8020146	8020149	1
3939506	4017507	1
11655752	11655751	1
3066352	3070670	1
10369361	10369362	1
10716612	10466303	1
3613642	3613723	1
5631732	5631731	1
6809860	6808914	1
10144489	10144490	2
5648680	5648677	5
6318883	6318884	1
46885	48350	1
12813671	12813819	1
6030957	6030958	1
5915937	5915938	1
2378335	2378338	1
6018472	6018471	2
11729692	11729667	1
141241	11939948	1
4801065	4801066	1
8092668	8092679	1
4469912	4442312	1
6630853	6630854	1
6787568	6787567	3
3969573	3969574	1
9889049	9889004	1
7446452	7446462	1
1356305	1356306	1
10309766	10309667	1
10464287	10464290	1
3423814	3423813	1
4711573	4712476	1
10384885	9681054	1
8162779	8162780	1
1698573	1698574	2
6511201	6511166	1
3930782	3928339	1
8740050	8740049	1
7686020	7686013	1
2952518	2952515	1
5927943	5927944	1
11627610	11474310	1
9054282	9045109	1
2356309	2356310	1
3144522	3144521	1
8842722	8842721	2
8779432	8776622	1
2106947	2106948	1
5065499	5065520	1
5372494	5372491	1
6626340	6626339	1
8726714	8727112	1
9965422	9965350	1
12307580	12307577	1
5527971	5527972	1
3531376	3531375	1
8903897	8903898	1
8838788	8839388	1
3308832	3308831	1
11921113	11921114	1
11402652	11402651	1
8103292	8178707	1
1646137	1646361	1
6770514	6770513	1
7164920	7165117	1
8608154	8608153	1
10811519	10812017	2
12420164	12422651	1
11174905	11174906	1
4748666	4748663	1
4850314	4850313	1
12729499	12729500	2
6171485	6171505	1
4264379	4264382	1
5400798	5400795	1
12251026	12251052	3
7254045	7254048	1
3321889	3321890	1
993222	993221	1
4342461	4342462	1
946425	946426	2
5340580	5340577	2
4105763	4105764	1
2378333	2378334	2
2519017	2519018	1
5808388	5809875	1
10763087	10763088	2
9983785	9983763	1
8684760	8684665	1
3508962	3508961	1
6560876	6560875	1
5536637	5364379	1
11941091	11940962	1
2543430	2543470	1
9543206	9543205	1
8649943	8649944	1
8473577	8473578	1
10953978	5603222	1
165672	165665	1
1970463	1970464	1
2039363	2039651	1
3205629	7938721	1
7833196	7833195	1
7389287	7389288	1
11020351	11020429	1
5690454	5690453	1
12534318	12251450	1
7164920	7164919	1
1785924	1785923	1
2590501	2590502	1
10535715	10532899	1
8027453	8027454	1
1398416	1398415	1
9997268	9997267	2
10684633	10684634	1
11389709	11389712	1
2946870	2946869	1
2697709	2697710	1
6622895	6622836	1
8784465	8783292	1
6148620	6148619	1
6819594	6838971	1
10496860	10496859	2
7595064	7595109	1
1135898	1135897	1
5069568	5069567	1
2139263	2139264	1
10763089	10763090	1
5990942	5990941	1
940277	940280	1
8633176	8633175	1
7829253	7829280	1
9543208	9543207	1
2506257	2506294	1
7771696	7771698	1
2141493	1855348	2
9622250	9622249	1
6057475	6057629	1
8790935	8790936	1
1345408	1345407	1
7673772	7673509	1
2551402	2551401	1
10974460	10974459	1
3963260	3963259	1
10261352	10261351	1
1470600	1470603	1
5517041	5517090	1
5250373	5250374	1
2853403	2853404	1
8732387	8732388	1
5701562	5701565	1
645206	645422	1
7250051	7250052	1
6137764	6137763	1
3867051	3867052	1
8834851	2253049	1
4821922	4822169	1
772728	772727	1
4012436	4012435	1
3296087	3296168	1
3273878	3273788	1
11431918	11431917	1
7441870	7441869	1
7319139	7318927	1
6529542	6529547	1
10277369	10277370	2
3422971	3423047	1
3539219	3539220	1
6327744	6327743	1
6506263	6506264	2
5053873	5053874	1
9581877	9581878	1
3400327	3400328	1
7655264	7655263	1
12051808	12051807	1
10974425	10974461	1
7369208	7369207	1
7515957	7631884	1
1179741	1179742	1
6141213	6141246	1
10462916	10462915	1
7079626	10066573	1
12488721	12488724	1
10890444	10890443	1
6829729	6829730	1
2476337	2476338	1
316939	316891	1
4064269	4064272	1
4784903	4784904	1
6120466	6120463	1
9681672	9681658	1
11368395	11368396	4
3972201	3972202	1
3145686	3145703	1
10073798	10073791	1
9353412	9353411	1
12399022	12399374	1
4047581	4047582	1
9057193	9057194	1
11549171	11568436	2
2698124	2698121	1
10774004	10772499	1
1868137	1867077	1
4824588	4825517	1
8607014	8423832	1
469836	469835	1
7677548	7677547	2
3759167	3759168	1
11766697	11766700	1
2034154	2034153	1
3903922	3903921	1
11472482	11472481	1
5846979	5847016	1
12715844	12715843	1
2959817	2959782	1
10874418	10874877	1
9789439	9789440	1
10253493	10253494	2
6748556	6748555	1
8410243	8410070	1
5223145	1417730	1
7374734	7374745	1
10716614	10716613	1
6716850	6716849	1
4524352	4524351	2
1470602	1470601	2
10262295	10262296	1
7649567	7649521	2
8065293	8295245	1
5094286	5094285	1
10743157	10743160	1
3632919	3632920	1
1955664	1956653	1
8890628	8890627	1
9421280	9421279	2
10800537	10800575	1
7778601	7778602	1
6217973	6217974	1
6305785	6305788	2
2095770	2095769	1
8545957	8545958	1
11154294	11154293	1
11829631	11829632	2
778320	778314	1
9843922	9843921	1
8919127	8919128	1
1470748	1470605	1
1007149	1007150	1
10261206	10261205	1
8841717	8842710	1
3393968	3393967	1
4688933	4783419	1
9126445	9126446	1
5860245	5860320	1
1286958	1286957	1
3542781	3543713	1
11611925	11611920	1
12543597	12543598	1
6659282	6659281	2
8051239	8051240	1
8861600	8861842	1
8790941	8790942	1
10274954	10274953	1
3045828	3045827	1
7421709	7421710	1
7095842	6827278	1
10703109	10614619	1
6600808	6600807	2
5635082	5635048	1
3144604	2922156	1
3247022	3247021	1
6119276	6119275	1
4120852	4120851	1
10111888	10111885	1
516799	517429	1
6018785	6018786	1
10970222	10970221	1
6210286	6210285	1
1719838	1719835	1
11223441	11222966	1
7153814	7153813	1
9514248	9514247	1
11200480	11200174	1
2087346	2087376	1
7074181	7074182	1
4653587	4653588	1
6497656	6497655	1
2893606	2892765	2
3775212	3775211	1
8403025	8403028	1
2355171	2210405	1
6963181	6963182	1
7331595	7331596	1
8848581	8848582	2
3538883	3538884	1
8810477	8810184	1
7081554	7081539	1
4073079	4073082	1
4011775	4011778	1
5808971	5810449	1
7914919	7914964	1
11898064	11898063	1
8766402	8767883	1
8842724	8842723	2
3638582	3638581	1
6958943	6960837	1
11115387	11115779	1
4419038	4419035	1
10922861	10922862	1
5803870	5803869	1
1121712	1122257	1
1773665	1774299	1
1847607	1847608	1
7296375	7296376	1
5709650	5708999	1
12488719	12488720	1
6757256	6757255	1
3953612	3953611	1
903335	903340	1
4925305	4925306	2
10122579	10122586	1
4999280	4999361	1
384047	384176	1
7744468	7704034	1
6115722	6115721	2
6261305	6261306	1
3959893	3959894	1
5276335	5275393	1
11714275	11714276	1
2449625	2449626	1
795749	795752	1
1579255	1579266	1
11326029	11325987	1
4805867	4805868	1
9555864	9555880	1
8429863	8429909	1
9351394	9351391	1
6693424	6700194	1
8611062	8610346	1
5997428	5998498	1
9354342	9354341	1
2067511	2067512	1
1665273	1665274	1
8633174	8633173	1
1573850	1573847	2
11749394	11749393	1
2247946	2247945	1
1714669	1714670	1
12729487	12604300	1
5047180	5047179	1
4442314	4442313	1
12337616	12337615	1
1345454	1345409	1
7178259	4737573	1
9555866	9555865	1
1470604	1470603	1
10397675	10397676	1
11230080	11229933	1
728796	728795	1
7081538	7081537	1
10956674	10956671	1
7226487	7226488	1
2106494	2106493	1
4032831	4032832	1
8584155	8583158	1
4540579	10438760	1
4527360	4527357	1
12222937	5543569	1
3161210	3161209	1
7767927	7767924	1
8896840	8896839	1
11562690	11562689	1
9347902	9347874	1
105947	105948	1
11457962	11457961	1
449632	449587	1
2976967	2976968	3
11373141	11373142	1
3525089	3525090	2
6196277	6196278	1
8918675	8918676	1
3439862	3439861	1
4380560	4380559	1
7244722	7244744	2
4635622	4635621	2
5619105	5619108	1
94892	94891	1
9582505	9584944	1
3818946	3818945	1
12241929	12241930	2
8980612	8983112	1
5784121	5784109	1
617039	616912	1
12641351	12641352	1
3772351	3772072	1
978329	978239	1
12123686	12123685	1
2370404	11110714	1
1796605	1796626	1
1522151	1522152	1
7054535	7054536	1
11825193	11825194	1
5094740	5094739	1
7598400	7598399	1
7805509	7805534	1
10631817	10631829	1
1091215	1091216	1
2700744	2700764	1
764683	764684	1
1117386	1117413	1
4566663	4566664	1
10080694	10080693	1
8306966	8306965	1
3746426	3746425	1
11828605	11851978	1
5941298	5937916	1
11729661	11729662	2
5893193	5893194	1
1767491	1767489	1
11044735	11044736	1
12416012	12416011	1
3133983	3133958	1
9949586	9949604	1
11398333	11398294	1
11010695	3381555	1
10434528	10434942	1
1086670	1086669	1
4736204	4736203	1
12110	12167	1
3654295	3654296	3
6126727	6127015	1
8768258	8768257	1
11730435	11729457	2
4612717	4612718	1
759425	759408	1
6172058	6172056	1
10456055	10456056	1
4342463	4342469	1
8790935	8790940	1
5588068	5588067	1
11827210	11828255	1
10111886	10111885	1
17766	18089	1
8620419	8620420	1
8454103	8454104	1
6607950	6609751	1
9711292	9711291	1
9316250	9316249	1
7166754	7166753	1
5368226	5368223	1
10659247	10659248	1
6553380	6551842	1
8775711	10403665	1
12372418	12372393	1
3144512	3144511	1
767828	768773	1
10096032	10103915	1
148453	148454	2
11714260	5985300	1
1039786	1039785	1
8820252	8820112	1
6273442	6273441	1
8779295	8779296	1
88960	88959	3
8227008	8227007	1
6757254	6767806	1
1113741	1113742	1
7660129	7660130	2
1830368	1830367	1
8296768	8296763	1
7926095	7926037	1
8543881	8543882	1
4491896	4491875	1
4476296	4476295	3
9504420	9504419	2
1236497	1235321	1
1788661	1788662	1
9270271	9270272	1
11402238	11402241	1
594611	594612	1
3269486	3269485	1
1778353	1777661	1
1719836	1719835	1
4278397	4278398	1
11186480	11186479	1
9112439	9112440	1
5434771	3466445	1
3789555	3789556	1
9057195	9057340	1
5647158	5647861	1
8897272	8897271	1
5364020	5364019	1
5117764	5117763	1
8026948	10451917	1
5761268	5761267	1
4787861	4788320	1
10706452	10706451	1
2551988	2552089	1
11444719	11444694	1
6307790	6307789	1
811686	811683	1
2615409	2615410	1
1459177	1459180	1
1588427	1588428	1
807982	809738	1
4408762	4408761	1
305952	11542612	1
3853354	3853353	1
4603949	4603042	1
9256437	9256352	1
8497273	8497274	1
3541045	3540475	1
7947536	1205027	1
6794483	6794484	1
12453758	12453671	1
4828929	4828961	1
4575472	4575490	1
12327252	12327251	2
3994631	3994632	1
8157083	8157084	1
1554209	1554210	1
3501372	3500291	1
3763347	3763348	2
6051005	6050964	1
7756757	7756760	1
11266545	11266546	1
10996558	10996557	1
469857	469858	2
9611015	9610542	1
6843828	6844914	1
4597150	4597149	1
2936918	2936917	1
8151819	8151820	1
10718849	10718805	2
1374747	1374748	1
5347757	5348079	1
2834159	2834160	2
11798587	11798588	2
7164918	7165117	1
4080174	4080173	2
5676384	5676383	1
5708998	5708995	1
3595142	3596644	1
11476799	11476800	1
1484649	1484672	1
499995	496668	2
3937761	3937762	1
4272152	4272366	1
1635178	1635175	1
360024	360042	1
11915420	11915419	1
4303595	4301273	1
1470750	1470749	1
10636592	10636508	1
4589694	4589693	1
3995393	3995369	1
12729060	12729059	2
11577260	11577259	1
10643241	10641532	1
670930	670929	1
3815036	3815035	2
4560136	4560135	1
3889412	3889409	1
1700685	1701554	1
862130	862001	1
8975181	8975182	1
3288495	3288496	2
5219441	5219444	1
12715842	12715841	1
6497621	6497622	3
10871670	10871669	1
7764735	7764740	1
11410333	11435611	1
6421638	6421637	1
8356476	8356475	1
5468004	5468003	1
8641173	8641452	1
9538925	9538926	1
5431247	5431154	2
10914311	10914312	1
3588274	3588273	1
11933396	11933337	1
8067118	8067310	2
12632303	12632304	1
11318444	11318443	1
9622071	9622072	1
5236830	5239589	1
11782385	11783785	1
1382969	1387051	3
1847609	1847610	2
3925999	3926000	1
8971935	8971936	1
5593404	5593403	1
5596607	5596610	1
2375049	2375050	1
4077495	4077496	1
1775058	7176916	1
1682308	1682305	1
1944191	1944192	1
12761985	12761986	1
9250954	9250953	1
4674000	4673999	2
757689	757690	1
6238140	6238139	1
10208590	10208589	1
7768298	7768218	1
2830849	2830852	1
10717307	10717308	1
8666293	8665670	1
1136281	966403	1
4736208	4736205	1
10397673	10397676	1
10764107	10763057	1
800213	800214	1
8545959	8545960	1
5654076	5654075	2
3632192	3631755	2
4557246	4706596	1
10991757	10991758	1
5014468	5014467	1
9637158	9637144	1
1232158	1232157	2
11150598	11150597	1
5813794	5813793	1
7519742	7519741	1
9943168	9941898	1
12691942	12692034	1
6618850	6618843	1
5672803	5672864	1
3551252	3549120	1
1384197	1384200	1
11286739	11286740	1
2925552	2928760	2
5952758	5952755	1
8429857	8429858	2
11132508	11132505	1
8556193	8556194	2
10951921	10951922	1
4093535	4093536	1
10097671	10097674	2
954897	954898	1
451986	451985	1
11858560	11858559	1
11591776	11591779	1
10503516	10503513	1
7498256	7498268	1
5869436	5869435	1
5210557	5210558	1
10912161	10912162	2
6958943	6958944	1
12262151	12262194	1
7018806	7019420	1
946427	946428	2
9712549	9712550	3
5400800	5400799	2
8879501	8879504	1
7868581	7868582	2
5400796	5400795	1
6902851	6902860	1
3927255	3927256	1
941399	941400	1
1463230	1463229	2
12515076	1057867	1
6238144	6238141	1
763191	564079	1
10432944	10432943	1
4109551	4109552	1
10283950	10283949	1
2312997	2313021	2
6966945	6966946	2
7610149	7610150	1
9622069	9622070	1
7151268	7152055	1
5053778	5053777	1
5667977	5667978	1
9250431	9250434	1
5566324	5566323	1
10891133	10891134	1
9574843	9574844	1
6174585	6174586	1
8838647	8838648	1
3423046	3423045	1
2866605	2866606	1
7660131	7660134	1
6051056	6051055	1
8429859	8429862	2
477773	477774	1
6181551	6181559	1
3927253	3927254	1
5116954	5118673	1
8720784	8720783	1
7551748	7601295	1
12422652	12422651	1
5757045	5757026	2
11159649	11159652	2
8456085	8456086	1
7074179	7074180	1
3247020	3247019	1
6926523	6925867	1
889064	889063	1
11044075	11044076	1
6119043	6119044	1
1235416	1235415	1
924146	925135	1
11704417	11708247	1
3089143	3089101	1
3484914	3734625	1
6209154	6209153	1
6046629	6046630	1
1727370	1727296	1
11493453	11493454	1
4232093	4227813	1
6820091	6820187	1
11030157	11030158	1
3145688	3145687	1
6699096	6699095	1
7111637	7111623	1
5860899	5860902	1
10049293	10050401	1
12799107	12799213	1
11444695	11444696	1
2628089	2628098	1
5962084	5962083	1
3749699	3744392	1
4903927	4904290	1
12525975	12520893	1
1455498	1455529	1
7645193	7645233	2
7446715	7446720	1
10483256	10483255	1
6028278	8066707	1
110836	38207	1
8861602	8861601	1
3237020	3236994	1
6493555	6493556	1
5802224	5802141	1
3976358	3976357	1
3389715	3389718	1
5080205	5081410	2
7951758	7951757	2
8863010	8863007	1
3937759	3937760	1
9171981	9171982	1
4027112	4027835	3
4015941	4015942	1
11917270	11917269	1
206388	206371	1
4832954	4832509	1
2963624	2963628	1
7024408	7024407	1
11861153	11861154	1
10982934	10982933	1
2265569	5510837	1
12421239	12421240	1
10224613	10224614	1
8445889	8445905	1
3828284	3827948	1
7767195	7767196	1
9538540	3956521	1
8193497	8193498	1
6353827	6353828	1
11343567	11343479	1
11853318	11853317	1
4848547	4848644	1
1048566	1045390	1
6475620	11192692	1
11477662	11477667	1
9081791	9081792	1
8982659	7092514	2
6656704	6656703	1
2986437	2986438	1
809238	809237	1
11856075	11856076	1
1449843	1449844	1
2527619	2529616	1
171044	171043	1
163077	163078	1
9620413	9620397	1
314560	314568	1
3969571	3969574	1
10359755	6423848	1
12372877	12372901	1
6318910	6318882	1
5446559	5446607	1
1838613	1838616	1
196036	196035	2
3539221	3540457	1
10999828	10999827	1
8325718	8325717	1
3401855	3401856	2
5648680	5648671	1
9523262	9523215	1
9017488	9017870	1
3800454	3800453	1
2388774	2388773	1
603400	860947	1
4580342	4579620	1
5959995	5960022	2
3730404	3730403	1
5634811	5634812	1
977076	4940071	1
1452774	1452773	1
1754916	1754915	1
12332044	12332043	1
7037085	7037086	1
27648	27647	2
2560417	2560418	1
7532918	7563222	1
1973863	1973864	1
6184876	6184950	2
192933	192981	1
451988	451987	1
3770781	3770782	1
3108711	3108712	2
3934018	3938221	2
9313055	9313076	1
4525054	4523600	2
9256353	9256356	1
243574	243576	1
5845355	5845356	1
9730574	9730573	1
10757167	10757183	1
3666146	3666145	2
12764299	12764310	1
5591061	5591062	3
3045826	3045667	1
4549459	4549460	1
7677546	7677545	1
6098971	6098972	1
3930080	3930077	1
2620187	2620188	1
1594419	1594422	1
7948081	7948082	1
7226491	7226492	1
183471	183040	1
3519953	3519954	1
6146387	6146377	1
4017220	4017219	1
961008	961007	1
6618842	6618841	1
4446458	4446457	1
7247114	7247089	1
1120315	1120372	1
5043374	5043373	1
2332494	2332496	1
12425841	12425908	1
1398414	1398413	1
6204813	6204814	1
9997262	9997261	1
7279482	7279481	1
7144644	7144643	1
5962283	5962083	1
8750161	8750162	1
12319091	12319092	1
12797890	12798752	1
12761983	12761984	1
4441552	4441549	1
3965220	3965074	1
8939028	8939067	1
7195318	7195369	1
12662352	12661896	1
10909410	10911273	1
1300979	1300980	1
2905612	2905588	1
2039064	2040258	1
3871706	3871705	1
3028309	3028310	1
6114454	6112858	1
10197931	10197938	2
3266798	3266797	1
10044659	10044660	2
5939177	5938904	2
3932764	3932763	1
11397944	11397943	1
5503991	5503992	1
8398110	8398109	1
449639	449640	2
5707984	5707983	1
5079474	5079500	1
11387603	11387527	2
9091252	9091251	1
6301741	6301742	1
5567288	1267113	1
10871668	10871667	2
1652753	1652903	1
9930632	9930631	1
10721149	10718344	1
5770178	5770175	1
2854515	332544	1
10777790	10777745	1
1663866	1663863	1
1998569	1998464	1
12475925	12475926	1
8217810	8413637	1
10499650	10499383	2
10871666	10871665	2
4681753	4681754	1
7478498	7478497	1
3739012	3739325	1
1161797	1277209	1
5444277	5443384	1
11793840	11795475	1
5432777	6897751	1
2530839	2530837	1
1525310	1525284	1
9930634	9930633	2
5644407	5644408	1
6779009	11188576	1
8339427	8339428	1
3637144	3637143	1
2604643	2604644	1
7244535	7244536	1
5784837	5784845	1
3697537	3697538	1
10193225	10193226	1
6183053	6183054	1
4340700	4340687	1
12653045	12653046	1
4437996	4437995	2
237738	237737	1
2540388	2540385	1
900744	900743	1
8546656	8546651	1
12719925	12719926	1
6360804	11753092	1
11925030	11925027	1
4138160	4138159	1
10938993	10938994	1
858004	858003	1
5250375	5250376	1
12488710	12488709	2
11194288	11194287	1
8708814	8708811	1
10446627	10447802	1
9976189	9976138	2
2216180	2218124	1
196038	196037	2
10385165	10385166	1
7604125	7604754	1
11176728	11176736	1
3892243	3892244	1
1293100	1293099	1
6114489	6114492	1
4241417	4241440	1
6687817	6688216	1
12780239	12779714	1
7934638	7933631	1
4698794	4698791	1
2876669	2876672	1
8316655	8316656	1
5212698	5212697	3
1057249	1057866	1
7600568	7600567	1
6511541	6511542	1
8673663	8673756	1
10280672	10280669	1
6899231	6898399	1
10256664	4071422	1
5913559	5913516	1
3527438	3527437	1
6103461	6103462	1
54219	54220	1
8296770	8296769	1
3953065	3958052	2
5078998	5078995	1
6966943	6966944	2
1119410	1119407	1
11319421	11319422	1
7446713	7446714	3
1359075	1241966	1
2336928	2336878	1
8041638	6566048	1
5619101	5619104	1
9121806	9131012	1
4023002	4023480	1
1484640	1480309	1
3308858	3308857	1
12576358	12437723	1
3260778	3260713	1
3046643	3046644	1
7054537	7054538	1
6136835	6136836	1
279016	279015	1
11792574	11792573	1
6307703	6307704	1
5350609	5349646	1
9967592	9967591	1
2349040	2349039	1
6053320	7854542	1
4513948	4513854	2
3622016	3623286	1
11990332	11990347	1
4223652	4223656	1
7066410	7066389	1
2419659	902117	1
11022743	11022744	1
6103885	6103886	1
5799448	5799447	1
9169029	9101786	1
10492546	10492545	1
4399566	4399360	1
12504337	12492191	1
7178255	7178256	1
9921701	9921642	1
7914204	7914203	2
1133494	1133640	1
9158213	9158336	1
11480582	11479140	1
5951087	5951088	1
1736585	1736588	1
3815292	3815297	2
12416874	12416873	1
7270850	7270671	1
8280929	8280302	1
1401483	1401493	1
1043889	1043890	1
3970350	3970349	2
3500737	3500738	1
4392570	4392469	1
10314769	9921805	1
1400599	1400600	1
3418624	3418623	1
8680749	8680750	1
2144293	2144294	1
5373031	5372955	1
3247755	3247756	1
6847195	6847196	1
8192057	8192058	1
1219608	1219602	1
4770183	4770184	1
10257312	10257311	1
3976352	3976349	1
7480201	7480202	1
4666046	4665780	1
7660135	8456406	1
3638274	3638271	1
10392876	9691640	1
901101	901102	1
8717277	8717278	1
315715	315716	1
11582652	11582659	1
7490491	7490859	1
8883892	8883891	1
7891696	7891695	1
5722184	5722183	1
10217109	10217110	1
6052497	6052500	1
5936505	6194921	1
8701695	2159115	1
6864593	6864594	2
8767457	8767458	1
1189244	1189243	1
298735	298736	1
10919825	10919826	1
9140836	9140823	1
1757018	1753005	1
11441232	11442861	1
10314765	10314766	1
8013546	8013545	1
9143336	9142477	1
3288497	3287005	2
6247784	6247783	1
10907135	10907235	1
12348901	12348993	1
858008	858005	1
27257	27288	1
834501	834502	1
11917743	11917744	1
7069089	7069090	1
12005583	12005727	1
9807730	9807729	1
367461	367462	1
1378589	1031054	1
5648682	5648681	6
9478254	9478326	1
11074513	11074516	1
545202	537563	1
3928683	3928684	1
9622254	9622249	1
6862540	6862539	1
2850715	2850716	1
9270269	9270270	1
5947061	5947064	1
8864287	8864288	1
2762988	2762987	1
11860401	11860402	1
8545991	8545992	2
3254112	3254109	1
10134007	10130376	1
11590093	11590428	1
5129980	5129934	1
3567316	3567315	1
7369210	7369209	1
7382363	7359455	1
10822553	10823288	1
6184880	6184877	2
273434	273419	1
3940097	4019467	1
4386280	4386275	1
2892234	2892179	1
2127068	2127067	2
10161208	10161207	1
9475713	9475714	1
1123008	1123036	1
7909166	7909165	1
5651649	5651668	1
6530845	6530764	1
1491116	1491330	1
3872674	3872667	1
4307206	4307184	1
8385981	8385982	1
4956493	4956494	1
9162745	9162746	1
1690387	1690390	1
8632104	8632222	1
414452	414451	1
10202684	10202683	1
10253256	10253255	1
2038508	2046976	1
11590092	11589997	1
5430063	5430452	1
10760442	10760441	1
1775203	1596372	1
6585562	6585508	1
5689309	5689389	1
2568863	2568864	1
12806	12805	2
10457411	10457412	1
3798183	3798184	1
3238899	3238900	1
12304588	12304587	1
10261348	10261365	2
10277756	10277755	1
8395195	8395196	2
3672634	3672606	1
6524849	6518623	1
8608158	8608155	1
3535776	3535775	1
7677546	7677543	1
73273	73274	1
3102031	3102032	1
8785844	8786036	1
3970348	3969992	1
6787562	6587252	2
759097	759098	1
1788659	1788660	1
11390559	11390376	1
6452053	6452054	1
4075873	4075921	1
2466003	2466039	1
9503804	9503803	2
1747417	1747418	1
9365758	9365712	1
1066600	1066599	1
3141593	3141607	1
4025254	4025253	1
6392500	6392499	1
12236077	12236023	1
7551750	7551749	1
5527969	5527970	1
6864587	6864599	1
12558493	12558494	1
6513005	6512926	1
11928434	11928431	1
1215358	1215357	1
9503122	9512142	1
2199155	2196801	1
8185939	8185962	1
7447759	7447760	1
10492544	10492543	1
12630332	12630331	1
6627470	6627469	1
11467910	11467913	1
5058373	5058374	1
2269906	2269900	1
2443501	2443502	1
2414994	2415489	1
9959993	9959994	1
5938007	5938010	1
11559187	11559188	1
5468879	5468880	1
1463228	1463227	2
5930816	5930815	1
12648702	12648701	1
7592727	7592732	1
2560419	2560420	1
11523530	11525238	1
7716762	7716761	1
7675887	7647738	1
7774843	7774844	1
5335332	5335331	1
6864585	6864599	1
12492897	12492898	1
9518741	9518742	1
5354857	5411113	1
1838469	1838470	1
4797422	4822160	1
12239740	12239797	1
56656	56655	1
9068180	9068179	1
2830853	7719972	1
977239	977240	1
12241927	12241928	1
3654297	3653491	2
4750293	4750294	1
3559125	3559126	2
11925028	11925027	3
1294264	1294263	1
2043730	2043729	1
11064761	11064762	1
1030806	1030805	1
7099800	7099799	2
12653043	12653044	1
6651816	6651826	1
5364018	5364017	1
11368427	11368394	5
8269369	8467235	1
5701650	5701649	1
1266700	1266611	1
4368996	4368976	1
8451295	8451296	1
6794485	6794531	1
5605756	5605741	1
1068504	1068501	1
7374736	7374735	2
6238144	6238139	1
65796	65795	2
2270805	2270813	1
4112475	4112476	1
4023004	4023003	1
8841908	8841907	1
4681762	4681761	1
11981137	11981138	2
4027239	4027240	1
6048101	6048102	1
4854281	4854282	1
3687530	3687529	1
7754422	7648433	1
9622254	9622251	1
1213130	1213152	1
8454101	8454102	1
12354683	12354684	1
8540510	8540509	1
6247876	6247879	1
11008095	11008096	1
12552162	12552161	1
5372823	5372489	1
10357686	10357685	1
5757027	5757028	1
11836424	11836423	1
1463226	1463287	1
7561023	7561024	2
6203702	6203724	1
2952829	2952830	1
384195	384196	1
10490466	10490463	1
3555222	3555195	1
11829208	11829220	1
2236633	2236634	1
2352302	2352301	1
3417871	3417872	1
5748195	5719215	1
9346932	9346931	1
1352537	1352538	1
6280265	9786844	1
8266628	8266627	2
3922807	3922808	1
11133713	11133769	1
2497205	2497206	2
12494402	12494419	1
3029774	3029773	3
2698142	2698141	1
4846665	4846666	1
2198038	2198058	1
5399156	5399155	1
7294724	7294723	1
9112361	9112362	1
303403	304100	2
7764733	7764734	1
3559123	3559124	2
5248241	5248246	1
8822903	8822904	1
10770317	10770318	1
7779348	7779347	2
5211474	5210556	1
5508658	5508723	2
10286941	10286942	1
11183387	11183388	1
7591418	7591415	1
8013562	8013561	1
2179603	2179604	1
6036335	6036338	1
6599645	6599648	1
1320313	1320314	1
3659969	3659972	1
5092767	8013579	1
2199153	2196801	1
6076600	6076597	1
3462876	3462859	1
9784689	9710235	1
8724590	8724589	1
5510836	5510835	1
5043376	5043375	1
11514835	11514836	1
8510259	8510260	1
3982008	3982007	1
1117384	1117413	1
3273789	3273790	1
11796592	11796591	1
8177822	8177785	1
6265090	6265089	1
2388832	2388829	1
10205727	10205728	1
12525980	12525979	1
8364179	8364240	1
10871664	10871669	1
419761	419764	1
6217989	6217975	1
911134	907259	1
7901078	7902629	1
6952681	6844317	1
3239037	3239038	1
11485653	11485654	1
55436	55435	1
7909716	7909649	1
3918903	3918904	1
214545	214546	1
4695698	4694412	1
3199626	3199040	1
2038756	2038755	1
7580849	7579935	2
7703727	7703728	1
1381617	1381618	1
8034048	8031323	1
11229882	11229881	2
9484743	9484744	1
8996259	8996298	1
6181558	6181557	1
5559604	5559431	1
9829838	9829833	1
8266630	8266629	1
4911575	4911576	1
4437842	4437841	1
5996491	5996492	2
7779352	7779351	1
5570570	5571273	1
11489299	11489300	1
6958945	6960837	1
9026627	9024869	1
2549049	2549050	1
1610643	1610644	1
3979465	3979466	2
7448220	7448217	1
5284039	5284040	1
3447818	3447817	1
7694339	7694340	2
4850348	4850315	1
9302915	9302916	1
661169	661172	1
452354	452353	1
10080700	10080699	1
5419785	5419786	1
9497408	9497407	1
5881345	5881346	1
2722156	2722153	1
1454604	1453770	1
4260369	4260370	1
11337953	11337954	1
3417892	3415956	1
6847365	6847366	1
8151817	8151818	1
7446249	7446250	1
309547	309548	1
9778777	9778778	1
881727	881728	2
7443440	11891426	1
3540201	3541044	1
3458438	3458437	1
7290274	7290279	1
6044921	6044922	1
445325	445278	1
1232273	1232252	1
5638380	5638379	1
3417740	3417739	2
5991331	5991332	1
8031952	8031951	1
9595052	9186043	1
5608559	5608560	1
12416010	12416021	1
5091413	5091414	1
1393137	1393142	1
9520227	9520212	1
3976356	3976355	1
9255133	9255134	1
4550289	4550290	1
419437	419438	1
3522497	3522498	1
9344135	9344159	1
11120700	11120702	1
8589	4118337	1
10416916	10416915	1
11074511	11074512	1
7698797	7698798	1
389697	389453	1
5935829	5935830	1
2892770	2893599	1
871985	871863	1
7071380	7071599	1
2229789	2229790	1
7726094	7726093	1
9622089	9622090	3
9421779	9421782	2
1199849	970967	1
3951930	3951929	1
11868979	11868957	1
7678428	7678344	1
2548808	2548807	1
8849053	8849054	1
834512	834511	1
11271603	11271604	1
7763786	7763785	1
9112359	9112360	1
4081057	4081058	2
9653631	9651017	1
5734380	5734738	1
11079653	11079654	1
11206589	11206606	1
7612484	7615552	1
8863280	8863279	1
2813310	2813307	1
4437994	4437993	1
7901080	7901079	1
5754138	5754135	1
947177	2840984	1
2264481	2264482	1
9921699	9921700	1
10082148	10082147	1
8396799	8396919	1
9821460	9821459	1
9339510	9340218	1
6588064	6588067	1
2441553	2441525	1
1466451	1466452	1
787398	787397	1
4682132	4682144	2
840828	840732	1
10206445	10206446	1
9037815	9037808	1
10324419	10324420	1
299568	299567	1
8889692	8889691	1
12361451	12361600	1
5429876	5429875	1
7216505	7216430	1
7346838	7030257	2
12236077	12236078	2
11402648	11402647	1
3656076	3655552	1
2540390	2540389	2
5766768	5766767	1
4550358	4550286	1
3906588	3906619	1
6560906	6560905	1
4499161	4499167	2
914405	917068	1
4638214	4638213	1
6327742	6327741	2
9469165	9469166	1
5016023	5016024	1
11219358	11219327	1
7867912	7938115	1
8700268	8700267	1
6806859	6806860	1
5926150	5926149	1
2346027	2519414	1
3946129	3946130	1
2385316	2385313	1
7270670	7270667	1
2338689	11154469	1
2606412	2606411	1
12359460	12359544	1
670932	670931	1
10812016	10812015	3
5189918	5189917	1
2497207	2497210	1
11928563	11928577	2
5961651	5961813	1
9057543	9057544	1
266857	266858	1
449586	449585	1
7850137	7850138	1
5803872	5803871	1
5523929	5523930	1
11793201	11793204	1
510270	510269	1
11513098	11513049	1
1799722	1799721	1
10335922	5077873	1
7188663	7188664	1
374195	269092	1
3529365	3529366	1
9272798	9279245	2
568475	568476	1
5797913	5797965	2
9872689	9872690	1
6954314	6954313	1
12410293	12410296	1
9925932	9926099	1
10407549	10406714	1
3236995	3236996	1
4012432	4012431	1
12420164	12422653	1
1533636	1570836	1
1857000	1859165	1
162041	162050	2
9476344	9476343	1
4372162	4372161	1
7370947	7371950	1
9340156	9339957	1
8535031	8535034	1
2208438	2210695	1
7759484	7759483	1
7752472	7752446	1
3513718	3513717	1
5636640	5652932	1
7812248	7812245	2
14577	14578	2
4589692	4589691	1
6659280	6658429	2
6320860	6320857	1
5535414	5535981	3
1754918	1754917	1
3700398	3700431	1
4241441	4241442	1
7823994	7824100	1
4674238	4674237	1
10161210	10161209	1
9280361	9280362	1
4746850	4746849	1
5668133	5670823	1
4701209	4701212	1
826944	826941	1
3066353	3066358	1
8473579	8473580	1
4081061	4081064	1
11244800	11244799	1
266859	266860	1
8625727	8623974	1
5581816	5581283	1
828925	828926	1
8881536	8881558	1
11695926	11695925	1
5750223	5750224	1
11689765	11689766	1
2607902	2607576	1
3498395	3497509	1
8465569	8465570	1
5054059	5054060	1
1459749	1457647	1
10064037	10064038	1
11749392	6890230	1
12417785	3772195	1
2352300	2352299	1
10277367	10277368	1
6142589	6142590	1
6641060	6641059	1
4799144	4799245	1
3963208	3963259	1
11402650	11402649	1
5828047	3599300	1
9154839	9153273	2
6363266	6363270	1
4850460	4850450	1
8370751	8370752	1
7639530	7638134	1
3568772	3568771	1
4184535	4183033	1
8027403	8027455	1
248210	248209	1
1788657	1788658	1
11562646	11562645	1
8860752	8860790	1
10917118	10992863	1
11231943	11231946	1
7957279	7957280	1
9983762	9983746	1
802150	802149	1
6446930	6446917	1
11207028	11014172	1
4095082	4095081	1
18088	18087	1
645713	645714	1
148451	148452	3
11049105	11044658	1
9112442	9112441	1
10316024	10315984	1
1726339	1726321	1
1356057	1356772	1
1013092	1013091	1
2218125	2218126	1
3565854	3565853	1
3507166	3573014	1
11908098	657610	1
9089575	10458846	1
8091031	8091032	1
9444685	9444686	2
389040	389035	2
6873931	6873932	1
8979920	10414874	1
2138562	2137623	1
4099479	4041826	1
3633094	3635325	1
11154457	11154458	1
3298161	3295908	1
9579709	9358189	1
9621164	9621161	1
6186313	6186419	1
11476326	11476325	1
7596729	7596730	1
6317750	6426700	2
8402064	8401975	1
633613	633614	1
5961650	5961859	1
5380753	5204220	1
7348488	7348482	1
10317781	10317784	1
5047638	4177353	1
2054210	2054337	1
6903210	6903207	1
1466433	1465444	1
432874	433283	1
18277	18278	1
10659249	10659275	1
8884983	8884984	1
757595	764682	1
8523108	8535054	1
10970220	10969557	1
1056798	1056797	1
534663	534664	2
3815040	3815039	1
1318575	1316756	1
2562281	2562321	2
7982220	7982219	1
6537326	6537325	1
5959993	5959994	2
9435093	9433751	1
6748568	6748565	1
3197370	3197448	2
2662115	2662116	1
4307847	4307831	1
5354744	5354743	1
6683388	6683387	1
5636928	5636927	1
787396	787395	1
2993323	2993324	1
2480080	2480103	1
6172384	6172383	1
8710101	8708815	1
11056268	11056386	1
1439003	1439004	1
8894207	11667075	1
7247535	7248200	1
8065293	8295247	1
528672	528671	1
9788250	4030860	1
7973508	7973511	1
1091217	1091218	1
3209180	3209179	1
3869362	3867528	1
1393143	1393144	1
12140696	12142995	1
5223143	5223144	1
10322026	10322022	1
5920517	5920520	1
8201329	8201330	1
2350548	2350562	1
5878967	5879990	1
5892374	5893192	1
1009871	1009042	1
6454340	6453749	1
6125522	6125521	1
2438853	2438854	1
6207942	6207941	1
921999	923197	1
9511617	9511618	2
5070687	5070688	1
690402	690401	1
1712566	1712565	3
8762939	8762942	1
3146993	3146996	1
11790025	11790026	1
1066134	1066133	1
7490642	7490155	1
7939313	7911937	1
9921699	9921642	1
1575426	1575507	1
11806607	11806608	1
1573201	1573204	1
3526788	3527680	1
8016340	8016339	1
11758311	3454940	1
6031785	6031786	2
5578823	5579484	1
10822964	11499293	1
2497151	2515861	1
10917122	10917119	1
7974301	7974302	1
9281452	9281428	1
4042876	4042986	1
3365552	3366338	2
5190093	5190094	2
8859127	2253644	1
1194809	1195612	1
452291	452300	1
11350484	11350483	1
1249490	1249506	1
11797647	11797648	1
617095	617096	1
51074	51073	1
4566571	4566572	1
12376114	12376647	1
4255804	4256385	1
10289313	10274430	1
4438450	4438449	1
10253254	10257313	1
7704603	7704608	1
10184740	10184739	1
10064065	10064036	1
11271605	11270903	1
6126043	6125523	1
5996181	5996111	1
8903895	8903896	1
4608173	4607930	1
1173587	1173588	1
2047309	2047310	1
7429667	7429668	1
11012986	11013109	1
11368820	11368826	1
3810215	3810216	1
11448320	11448323	1
1575123	1575124	1
7677544	7677543	1
12645555	12645556	1
7822535	7822267	1
11895817	11895819	2
9786448	9786447	1
6202252	6202251	1
8418257	8418258	1
1425207	1425208	3
4272592	4272228	1
9127610	9126560	1
4750291	4750292	1
12137125	12137164	1
5360022	5360021	1
12421019	12420992	1
6554703	6555497	1
3567320	3567319	1
8410011	8410049	1
11766884	11766883	1
7651107	7651108	1
956359	776141	1
12187344	12186743	2
6217982	6217981	1
1013090	1013089	2
2467922	2467921	2
11704075	11704190	1
2594354	2594353	1
9464650	9464649	1
10473242	10470755	1
8937408	8937407	1
3193398	3193397	1
4436948	4437372	1
2462454	9958449	2
8295246	8295245	1
10398536	10398535	1
10462914	10462913	1
3114056	3113990	1
3505912	3505973	1
8708430	8708429	1
11961203	11960717	1
1389208	1389207	1
566018	566017	1
1651957	1651958	1
1592966	1592965	1
3185285	3185286	1
8783960	8783757	1
6263625	6263100	1
431998	431997	1
4879644	5671864	1
12539253	12539254	1
11878762	11878800	1
1747413	1747414	2
1048374	1048373	1
6617920	6617919	1
11008093	11008094	1
10385345	10385346	1
4196245	4196246	1
6381787	6381664	1
7694341	7694342	1
10156198	10156201	1
1535754	1535753	1
9838881	9958706	1
6490658	6493396	1
5368837	5369412	1
3400329	3400330	1
9537892	9301508	1
9823714	9823697	1
5205460	5205459	2
5374956	5374951	1
8445746	8445745	1
4917994	4917993	1
6050725	6050726	1
2793081	2793084	1
2137933	2140224	2
4822161	4822162	1
11523314	11523311	1
3979040	3979043	1
7145475	7145478	1
5340576	5340575	2
9944207	9944154	1
828923	828924	1
1224403	1224404	1
3723999	3724000	1
5634813	5634650	1
7788237	7787932	1
7680172	7680171	1
6870954	6871747	1
8519311	8519312	1
1009736	1011270	1
1013088	1013087	2
11429446	11429694	1
8708428	8708427	1
6116681	6113540	1
7434166	7434165	1
4788145	4788146	1
10838330	10838443	1
5239940	5239939	1
11744177	11748134	1
4006866	3541434	1
717192	717191	1
794173	794174	1
905278	905277	1
904158	904151	1
5205462	5205461	1
1570239	1570240	1
3736754	3756724	1
2763959	7649511	1
106227	106228	1
11368141	11368223	1
7306485	7306486	1
11373088	11373138	1
3244984	3244981	1
7069807	5444172	2
1836364	1836363	1
6745063	6745066	1
2236635	2237254	1
5047178	5047173	1
2126580	2126577	1
8088156	8088185	1
11132990	11132992	1
9526750	9526657	1
11887763	11887314	1
1665275	1665276	1
4630859	4630875	2
761197	761198	1
1736585	1736586	1
12727074	12727073	1
5994025	5996226	2
7265956	7265824	1
3524773	3524774	1
1907324	1907323	1
9022322	8986063	1
1575508	1575504	1
9594486	9593184	1
10206391	10206392	1
5784771	5784772	1
7025326	7025325	1
3456190	3456241	1
5847167	5847172	1
2718723	2718928	1
1575506	1575505	1
355273	355274	1
5477921	5477922	1
4080002	4080382	1
3693715	3693716	1
5239217	5239225	1
3302011	3302012	1
11830608	11830607	1
5552674	5552673	1
8892525	8892528	1
723831	723832	1
11537194	11537189	1
139902	139901	1
11518129	11517661	1
4003379	4003380	1
2738600	2738599	1
12124694	12124661	1
4782703	4783757	1
1339824	1339805	1
7226519	7226520	2
10829463	10829464	1
11322105	11322176	2
6121786	6121785	1
1237125	1236647	1
1596373	1596374	1
4578785	4578786	1
691954	4012490	1
8918346	8918345	1
339513	335543	1
11533999	11534000	1
1239424	1352769	2
11316694	11286559	1
8027704	8027638	1
7216444	7216443	2
8424768	8425409	1
9571817	9571818	1
771854	771335	1
7489494	7489493	1
11008829	11008830	1
5784774	5784770	1
11964704	11964703	1
2254941	2265799	1
9038431	9038432	1
8712952	8712951	2
2638521	2638524	1
5068237	5066274	1
7725675	7725676	1
3568034	3568033	1
2394109	2394110	1
2235421	2235422	1
11290751	11290753	1
5704572	5704571	1
3302007	3302010	1
435516	435515	1
1097007	1097008	1
1975616	1975615	2
11928430	11928435	1
6949930	6949929	1
11011532	11011535	1
8864060	8864059	1
8992558	8992557	1
4271246	4271245	1
10309766	10309669	1
10919726	10919720	1
9073928	9073927	1
2476934	2477558	3
6907115	6907116	2
4436967	4436968	1
6813926	6813925	1
6611043	6611044	1
9234077	9234029	2
1702251	1702809	1
11528138	11528137	1
11443318	6769272	1
10763656	10763663	1
3947489	3947502	1
8610347	8610348	1
4221304	4221300	1
8797745	8797746	1
8396797	8396798	1
8848583	8848584	2
1837215	1837216	1
11430977	11430978	1
5639324	5118409	1
8296796	8296795	1
3464223	3464224	1
1742713	1742632	1
8281177	8273014	1
6983613	6983614	1
1942033	1894089	1
1597953	1597964	2
451984	451983	1
11371831	11371782	2
9748817	9748818	1
7660131	8456406	1
8418127	8416707	1
9616360	9616359	1
3298161	3295910	1
3882286	3881502	1
4105765	4104135	1
10892762	10892761	1
1551814	1551813	1
8493961	8456752	1
12190215	12190218	1
4236549	4236550	1
11312193	11312194	1
12717098	12717097	1
8372247	8372262	1
6006685	6006667	1
912031	2418980	1
12801805	12801808	1
4627432	4627431	2
4112890	4112887	1
10397673	10397674	1
5236819	5236820	1
3997738	3997737	1
5344344	5344343	1
3186872	3186377	1
1400061	5285676	1
7304703	7304659	1
11827077	11828900	1
4347732	4347731	1
4032609	4032610	2
2943694	2943693	1
9073931	9073867	1
2082904	1976747	1
10442421	10442930	1
2646434	2646431	1
914403	914404	1
36081	36115	1
11473684	11473683	1
7434798	7433796	1
3753457	3753458	1
7779354	7779353	1
1975614	1975613	2
865864	865951	1
6797669	6797689	1
11649041	11650987	1
8864700	8864699	1
4301638	4301641	1
8834845	8834846	1
7446719	7446720	2
4264381	4264382	2
2095421	2095264	1
10838349	10838331	1
4186794	4186793	1
5308743	5308744	1
12192620	12192619	1
6733903	6733904	1
144862	144861	1
3530965	3530985	1
5473591	5473177	1
11084505	11084332	1
9976257	9976258	1
12343313	12343314	2
9078081	9078082	1
8867910	8867909	1
8753220	8753219	1
8863278	8863281	1
10343392	10343197	1
949758	949757	1
11587203	11495203	1
3680624	3680623	1
1797106	1797587	1
3454126	3454703	1
6039510	6040281	2
5218732	5215252	1
2865029	2865031	1
9311180	9311177	1
6941661	6729439	1
2009245	2009246	1
8569416	8569415	1
9712942	9711899	1
4417824	4417776	1
6256107	6256110	1
8227010	8227009	1
3576128	3576127	1
10217111	10217213	1
12726705	12726706	1
7446416	7446415	1
2460340	2460339	1
8768256	8768255	1
6578724	6578721	1
5701652	5701651	2
1181593	1181594	1
7374738	7374737	2
6444416	6444415	2
5963682	5963679	1
7207315	7394560	1
10101808	10076060	1
334159	332193	1
5754134	5754133	1
9520225	9520226	1
4557757	4557599	1
6094495	6095236	1
1569196	1569195	2
10353761	10353762	1
3447820	3447819	1
3557761	3556970	1
9250245	9250246	1
3781809	3781810	1
8479921	8479643	1
6339818	6340041	1
4916661	4916662	2
7605558	7603904	1
7564996	7564995	1
4815571	1368573	1
9329749	9329796	1
10728538	10728537	2
6926819	6926820	1
10445315	10445316	1
3153558	3153557	1
11936240	11936200	1
