fend1	fend2	count
343195	343184	1
8490764	8506959	1
3010142	3002978	1
3255583	3255584	1
5546585	5546594	1
6094746	6096949	1
3750244	4028510	1
3490437	3490423	1
7716932	7717122	1
6203519	6203520	1
7713028	7717398	1
7829037	7826959	2
7290091	7289375	1
10978372	10978375	1
4527028	4527070	1
6825926	6821471	1
6569529	6569530	1
1433055	1433056	1
10949471	10968210	1
10780353	10779594	1
9631044	9631043	1
6732008	6732007	1
9721433	9721434	1
10516877	10516878	1
9169326	9169339	1
9854497	9854500	1
3376329	3376448	1
7844199	7844200	2
7194804	7194803	1
6628406	6628401	1
3678846	3678843	1
3871996	3871995	1
11647243	11642608	1
4211983	4211984	1
6182933	6182973	1
532194	539106	2
1390896	1391475	1
11505904	11503169	1
7827077	7827078	1
3525505	3491438	1
432228	427238	1
10888992	5932568	1
7195986	7195983	1
5463322	5463332	1
7704974	7706861	1
7659258	7659257	1
3254071	3254072	1
8380231	6821691	1
5166022	5166021	2
7045431	7045432	1
11316782	11316847	1
9713733	910888	1
7063345	7063346	1
11566938	11500764	1
3596271	3597693	2
9136119	9134702	1
8201282	97161	1
8741085	8741006	1
10735983	10735984	1
7030561	7030562	2
5352104	5352103	1
11265424	11265423	1
6406133	6400057	1
5337427	5337510	1
10370731	10361882	1
7110110	7109805	1
11886735	11886736	1
2048129	2048126	1
3300121	3300122	1
5488867	5488917	1
9769370	9769369	1
6890909	6890940	1
5052455	5155181	1
5941318	6034697	1
11790138	11790135	1
10027330	10001809	1
892611	892613	1
7086739	7086728	1
7295694	7295693	1
3548215	3548216	1
5570260	5570263	1
4031433	4039928	1
3301356	3301355	1
9932642	9932641	1
1492339	1492373	1
9153102	9153116	1
10609276	10609275	1
8799986	8799985	1
5251987	5251988	1
4795240	4795242	1
6444827	6444804	1
7097401	7095820	1
6870011	6875441	1
1950470	2095447	1
3117786	3117973	1
6027840	6027837	1
6002531	6002246	1
8002159	7700459	1
6707610	6478695	1
7371477	7436065	1
10544266	10544323	1
5644628	5646724	1
9917848	9917805	1
9086850	9086656	1
7415452	7423427	1
7701194	7701193	1
10411737	10411534	1
370909	365057	1
8106587	8106588	1
11029379	11029373	1
5707835	5707836	1
7169590	7264185	1
6067468	6067519	1
2984755	2999306	1
11373061	11373062	1
3522393	3522394	1
7728591	7728592	2
3952585	3954753	1
10544269	10544272	2
3577892	3807098	1
6219883	6217014	1
8190206	8190879	1
6186094	6186093	1
1643383	1643384	1
2770661	2770662	1
5356494	5356460	1
1551857	1551858	1
11876723	11910981	1
6254924	6254923	1
12364152	12364146	1
392215	397016	1
9368896	9368895	1
6462413	6462414	1
8909588	8908766	1
1840255	1677061	1
708127	703896	1
5224086	5224085	1
6596018	6601572	1
9098239	9098280	1
8451955	8451968	1
343484	288231	1
10634187	10634170	1
8630648	8628010	1
11153360	11153334	1
511730	5260837	1
12763536	12813381	1
10319802	10319880	1
7713019	7713020	1
971722	1080433	3
1509894	1509893	1
5874195	5874196	1
6792620	6792623	1
7901108	7901107	1
3038565	3038566	1
12190734	12191343	1
4446058	4445963	2
11165998	11160838	1
6403685	6318663	1
2485238	2485500	1
7421191	7419182	2
1654814	1654811	1
10201251	10201252	1
3520773	3496537	1
11363463	11363466	1
11546739	11600552	1
6017116	6016550	1
9127392	11640241	1
5102608	5102513	1
1423546	1426878	3
1643482	1643481	1
5984793	6008934	1
6169839	7805707	1
1156676	1156673	1
1032107	1032108	1
2926302	2929257	1
531762	527961	1
3399157	3401305	1
2928142	2928735	1
7515077	7515078	1
5521218	5521418	1
3084003	6333690	2
4054144	4054120	1
825936	825940	1
10717246	10717245	1
11853714	11853706	1
7735379	7735380	1
7512770	7512761	1
1090775	1091253	1
1599128	1599133	1
7002047	7002048	1
9811776	9812056	1
5501205	5501206	1
6656889	6627582	1
8646220	8643838	1
12128967	12130260	1
5225548	5225547	1
526635	526636	1
6942655	6942685	1
7604024	7604035	1
743032	743031	2
5099234	5099231	1
11750371	11750372	1
8583105	8583106	1
480327	480338	1
7468077	7468091	1
3975342	3975341	1
4836383	4698405	1
9521154	9521149	1
8515773	8515733	1
1373242	1373219	1
2872538	2872587	2
2834646	2834643	1
2076274	2076271	1
3732688	3732664	2
5224084	5223839	1
6444261	6447634	1
7932873	7932874	1
4579413	4579371	1
10117379	10117393	1
7313278	7307188	1
1395903	1395904	1
5897671	5898914	1
128516	128515	1
5942493	5953503	1
284144	284136	1
3141145	3168915	1
12606	15293	1
3320772	3389169	1
2836774	2836762	1
322254	321566	1
11595774	11461319	1
6596022	6596019	2
7448094	7448088	1
5195961	5196142	1
9632273	9632274	1
2905555	2905556	1
4135357	4135358	1
11518743	11518587	1
3184006	3184005	2
8042989	8042918	1
10299082	10299081	1
9002404	9002340	1
3968627	3968628	1
10064097	10064115	1
6426819	6426822	1
7446244	7446243	1
1761199	1761921	1
10261352	10261337	1
10413052	10413080	1
10970534	10970533	1
7106968	7107314	1
12131563	12131399	1
1391501	1391502	2
9476750	9476747	1
9294154	7182580	2
8973351	8973376	1
6259269	6259536	1
6121305	6121306	1
8848369	8821662	1
9430292	9444925	1
8948116	8980117	2
6929256	6932199	1
9619738	9619503	1
7579583	7579603	1
1616171	1616172	1
909115	909116	1
420202	419962	2
1198374	1198453	1
7161853	7157047	1
1533271	1541145	1
6148686	6148695	1
6795101	6795102	1
3444279	3444117	1
7295692	7295689	1
8000284	8000293	1
12682116	12682115	1
8326422	8326948	1
5909777	5909778	1
700928	701153	1
5640637	5640638	1
55652	55650	1
2636830	2636820	1
9188859	9188860	1
2324544	2324028	2
9165029	9165030	1
5975051	5973310	1
2906039	2906040	1
1691386	1691385	1
3113566	11650875	1
5272415	5272416	2
5485467	5485468	1
9171306	9171303	1
11166996	11163457	1
6154742	6154671	1
1301084	1301081	1
6753578	6753639	1
4393563	4393564	1
2037616	2037615	1
3875804	3875831	1
5501065	5501066	2
7476759	7475362	1
10166207	10234707	1
7143563	7143564	1
12235014	12235024	1
11848928	11848783	1
5052951	5052952	1
9526271	9527233	1
423382	423381	1
9463403	9463406	1
11389476	11389475	1
7197050	7197047	1
9683361	9687951	1
5269745	5488641	1
8796111	8796112	2
10088299	10088300	1
1441524	1436308	1
7263389	7261425	1
10637938	10637941	1
1832640	1832507	1
12407496	12407495	1
4958934	4988147	1
2785330	2909192	1
8659852	8161712	1
1358907	1358862	1
11546851	11546854	1
1464742	1464715	1
3286406	3287662	1
528908	528907	1
3744682	3745934	1
9569489	9569490	1
5641953	5641948	1
1080120	1080432	1
9710926	9710895	1
11225222	11034008	1
8365992	8365991	1
836892	677637	1
7779347	7779417	1
6798593	5537850	1
1261426	1549667	1
1827935	8840381	1
12320417	12320418	1
9335765	9335766	1
11750373	11750374	1
1832698	1832697	1
7417173	7417174	1
6068773	6068805	1
8291378	8291330	1
9256608	9256607	1
1789360	1789401	1
2003661	2003662	1
4081312	3924312	1
5527698	5527697	1
10516879	10516880	1
5377279	5377280	1
5190643	5190646	1
10153712	10217873	1
3882706	3882705	1
3586456	3585101	1
1828219	9439591	1
7855793	7822852	1
3556965	3556780	1
1669380	1617203	1
9747269	9747276	1
1435105	1435108	1
10909556	10909560	1
1577153	1576338	1
7203236	7203132	1
5076472	5076471	1
3399157	3401303	1
7116570	7116569	1
7749449	7749200	1
9385688	9390796	1
10073121	10073122	1
2895344	2895347	1
12657391	12657394	1
10772337	10771910	1
11730405	11733420	1
335871	335839	1
3158454	3158489	1
1357786	1357797	1
7152298	7119905	1
6551477	6543660	1
11831533	11827785	1
8786977	8791135	1
1938738	1938737	1
5302233	5301856	1
10796072	10793941	1
7778358	7859288	1
8164733	8164734	1
4785779	4785777	1
3938875	3938876	1
1007150	1007149	1
6182709	6182710	1
8711132	11275171	1
9529664	9529663	1
2042284	2042281	1
9831359	9828256	1
7966472	7966541	1
9166274	9098458	1
6345299	6349225	1
9682538	9682537	1
4354050	4354049	1
1427266	1427265	2
7701196	7701195	1
11242238	11239843	1
10393622	10392253	1
10607980	10607991	2
10953964	10953967	1
7757431	7525996	1
2881730	2881847	1
9162173	9162174	1
2849376	2849375	1
6031780	6031685	1
1788111	9287939	1
10358046	10768706	1
11404827	11404828	1
1632722	1632719	1
7148908	7148907	1
12167117	12282868	1
6628404	6628401	1
12781767	12781747	1
254443	255212	1
1520232	1520231	1
8521733	8520936	1
9147573	9147574	1
7084497	7089919	1
5060849	5121350	1
9945168	11802883	1
1632679	1632680	2
437412	361391	1
7108921	7108913	1
10726337	10726338	1
10959149	10959227	1
2035311	2035312	1
5897023	5897024	1
11409611	11410862	1
1895129	1905139	1
11699694	11699690	1
6376228	6371003	1
7450783	7450880	1
12591587	12591588	1
2343753	2343820	1
11238945	11238946	1
6452556	3356277	1
1875609	2164102	1
1131689	10767143	1
3681096	3681065	1
11036763	11036764	1
5223838	5223837	1
9916891	9916892	1
8510142	8510141	1
624647	624642	1
6015985	6015986	1
6444263	6447634	1
12533838	12533835	1
6437021	5697721	1
7247975	7247976	1
6738300	6738299	1
651358	651289	2
6704296	6704320	1
4564136	4272007	2
5707789	5708843	1
6159550	7803235	1
484672	484214	1
10813723	10813729	1
10191869	10190757	1
5060092	5060094	1
9346688	9346659	1
11122417	11123178	1
7595760	7595759	1
2556576	2558701	1
4184761	4184749	1
8644689	8644579	1
4416170	7984722	1
7156491	7156420	1
10246308	10244540	1
1938736	1955463	1
9835443	9835444	1
4214272	4214275	1
10773274	10773269	1
8170462	8170498	1
11595105	11594445	1
11147329	11149233	1
9129029	9130108	1
10747809	10747812	1
10150913	10150914	1
1958683	1958684	1
1643484	1643483	1
7061307	7061308	1
9721429	9721430	1
11279216	11279215	2
5220887	5220888	2
996039	996042	1
10170533	10170536	1
11701670	11701677	1
6314900	6314962	1
4441276	4441320	1
5840031	5840034	1
6524153	6524154	2
1958428	1958419	1
179046	179051	1
554418	554415	1
9583653	9583654	1
4920482	4925682	1
10044796	10044793	1
6293103	6293104	1
9004715	9003984	1
6186755	6186660	1
3552674	3541900	1
8028818	8028795	1
9558345	9558346	1
7432784	7432783	1
5099229	5099230	1
6519017	6519018	1
2763820	2763809	1
7014863	7014866	1
11120047	10953780	1
8666779	8825668	1
8843451	8843452	1
8060093	8060094	1
3991421	3991651	1
2520595	2520784	1
981281	981247	1
7224573	7224353	1
4503072	4503071	2
7326284	7310060	1
11001351	11001352	1
6714087	6714088	1
8960551	8963455	1
5317018	5415810	1
11035568	11035563	1
11994665	11994666	1
8751781	8751823	1
1426879	1426880	1
6844199	6844178	1
1661729	1562785	1
7756608	7756607	1
9860747	9856995	1
11080260	11080202	1
570972	571815	1
6263341	6268827	1
6396747	6396748	1
11234173	11234414	1
5714064	5714048	1
288746	343224	1
1555985	1555980	1
247440	247439	2
8879063	8879064	1
11506287	11506288	1
6821704	8381252	1
11187308	11187105	1
11385522	11385608	1
6838319	6838320	1
10230247	7226725	1
9769366	9769365	1
1117424	1119548	1
4045011	4045014	1
9168197	9168178	1
6799087	6799088	1
3109723	3109724	1
11391485	11391486	1
3405622	1976167	1
4574141	4574646	1
2905782	2905738	1
4381384	3151817	1
10530708	10532210	1
5599075	5591973	1
11379289	11379290	1
1149132	7680158	1
10876351	10876352	1
7791277	7765458	1
9684655	9684658	1
6573741	6573744	1
6658634	6657890	1
1181552	1181551	1
7163219	7156774	1
448423	448424	1
7235062	7235408	1
9940092	9940091	1
7626774	7626597	1
3353120	3352933	1
1516019	1516020	1
7176981	7149298	1
3975572	3975343	1
3090309	3090310	1
4235225	9013246	1
9969224	9969223	1
1616173	1615718	1
9164377	9164378	1
4189795	4189798	1
11133948	9963233	1
135350	135422	1
6347109	6372909	1
12729860	12729857	1
4538403	4538436	1
11820185	11819741	1
2447421	2447398	2
10645838	10645837	1
11662651	11678616	1
2234960	2234937	1
10440072	10439901	1
5382091	5382092	1
9368894	9371259	2
3871994	3871997	1
7719579	7719582	1
2504513	2504514	1
7377447	7377448	1
11878352	11878373	1
11277614	11277611	1
9071711	9071712	1
9783907	9777990	1
6247944	6247891	1
4736825	4737860	1
4041402	4044553	1
6052510	6052509	1
8507809	8507810	1
7962681	7964206	1
725261	725148	1
821425	821426	1
5251989	5258924	1
5809078	5809077	1
10277217	10276002	1
7983967	7983964	1
4713455	4548579	1
4477184	4477183	1
2955191	2955192	1
1966456	1966207	1
2082865	2082866	1
3401803	3401804	1
1009550	1009597	1
6795103	6795409	1
5424158	5424157	1
9643551	9645718	1
2787075	2787076	1
244355	43741	1
9046724	9046723	1
8211668	8211667	1
8045579	8045580	1
6880560	6880559	1
8519897	8520655	1
5996776	5996775	1
1849571	1849576	1
2375830	2375835	1
7435283	7435284	1
3677073	3869033	1
6593828	6466326	1
8842841	8842842	1
8327495	8327498	1
11649361	11649341	1
7036001	7035947	1
7621421	7626943	1
4262603	4262604	1
7532725	7533388	1
7350815	7352711	1
4536645	4536646	1
6099278	6099277	1
453325	453326	1
3543128	3543127	1
691364	691027	1
10503830	10503909	1
10201660	10201657	1
4354054	4354053	1
7855127	7823744	1
8027207	8027208	1
3704254	3676031	1
11807912	11899526	1
12456851	12454764	1
531831	531807	1
3081761	3081762	1
10880741	10880561	1
12320415	12320416	1
11446099	11446065	1
5469176	5469102	1
2930105	2930108	1
10372710	10372662	1
1787269	1787270	1
10726335	10726336	1
7462279	7462335	1
3790260	3790262	1
10573050	10573049	1
10876353	10876354	1
2598180	2621351	1
5525726	5525725	1
6581201	6578820	1
4090405	4090388	1
11111019	11111020	1
10668800	10668799	1
869148	865009	1
338419	338420	1
10876741	10876742	1
10583729	10640471	1
10077847	10077848	1
7734373	7735882	1
11296993	11297070	1
5649016	5649015	1
2362470	2362532	1
1290713	1290714	1
8466858	8466861	1
1257371	1411935	1
9073058	9064948	1
7412014	7412117	1
6556902	6556901	1
3266553	3266554	1
8769657	8698545	1
5713035	5713036	1
5874195	5758705	1
5246828	5246827	1
2116122	2179052	1
9915721	9916888	1
9730542	683110	1
3251783	3251840	1
6025644	6029888	1
6652484	6652488	2
2174824	2174677	1
5103286	6525053	1
9994153	9994154	1
8582153	8582404	1
1291061	1291062	1
3715494	3715425	1
783120	774043	1
11373858	11373833	1
2448475	2446785	1
7457102	7457085	1
2948537	2948538	1
10315267	10316298	1
7545979	7545981	2
2336236	2336282	2
7161852	7273027	1
7460432	7460201	1
10478012	10479635	1
5566431	5459614	1
7611028	7605426	1
8290753	8290644	1
1512303	1512341	1
3739844	3739797	1
3316467	3316468	2
1359662	1359829	1
3869341	9299625	1
8103567	8103568	1
4039676	4040309	1
1450024	1451567	1
10217005	10217006	1
1012020	1031644	1
8350081	8350034	1
10992917	10994072	1
2509681	2509682	1
87693	91979	1
11543184	11543183	1
10252475	10252046	1
695265	695266	2
4305620	4305790	1
8270185	8270188	2
6099276	6099273	1
9713507	9792485	2
5088074	4949994	1
6371428	6371427	1
4384449	4383983	1
1736676	9231427	1
10883926	10884972	1
3519469	3519470	2
11698337	11698488	2
7194802	7249249	1
11784787	11784793	1
1804607	1804127	1
5276139	5276140	1
4503070	4185637	2
10021004	10021003	1
8439863	8440703	1
1414179	1414180	1
10269235	10269236	1
268261	268214	1
7002690	7002693	1
8402929	8402930	1
4653583	4653584	1
8859204	8858007	1
6506744	6506743	1
5381416	5381413	1
3091231	3081441	1
1229894	1226530	1
10904755	10904756	2
8635223	8635224	1
5041650	5023194	1
11447607	11449132	2
11252094	11243368	2
6213448	6213447	1
2272235	3940245	1
8098798	7617552	3
6514494	6514493	1
1145105	1274206	1
335532	335530	1
5514221	5514222	1
6715268	6715267	2
6495271	6495230	1
5817458	5817457	1
5099227	5099228	1
6017318	6018103	1
5471327	5471436	1
9507736	9509481	1
6873258	7092015	1
6592471	6581048	1
2164745	2164782	1
5797794	5797882	1
9699863	9701000	1
11087633	11087634	1
5542790	5542795	1
6112452	6112455	1
9548728	9548731	1
2160903	2160904	1
12274234	12274120	1
3099988	3102607	1
9617426	9602498	1
11286222	11286205	1
10588490	10588579	1
5581556	5581549	1
6460151	6652211	1
2369165	2369166	3
1903267	1903339	1
9006338	9006360	1
6496263	6496998	1
12683410	12682821	1
11082054	11063743	1
3257369	3257370	1
7104736	7104918	1
1540205	1538716	1
7507835	7507840	1
6947804	6947894	2
6300410	6300629	1
9159970	9162174	1
4241049	4249052	1
11892366	11892363	1
747335	748653	1
3526346	3525898	1
9765875	9765876	1
8573899	8573900	1
6177815	6183801	2
7692676	6175456	2
6451966	6452005	1
7903547	7903548	1
3803438	3803435	1
11198222	11198219	1
7611127	7611128	1
1244264	1244263	1
6198435	6198436	1
6188564	6188752	1
8260732	8260731	2
5536915	5536916	1
8999419	8999423	1
12761687	12761688	1
2890877	2890886	2
9769368	9769367	1
6020949	6019378	1
7847304	7845025	1
8181279	8181280	1
8879067	8879068	1
9261432	9261431	1
898417	898418	1
5395351	5395440	1
9057622	9057346	1
268047	265921	1
5381412	5381411	1
8813177	8731060	1
8846860	8846812	1
11182471	11182562	1
11789459	11193839	1
11243111	11242665	1
7965125	7966069	1
1106689	1106690	1
1117580	1117577	1
7842851	7842852	1
2599216	2599305	1
3014225	3014955	1
8770289	8770292	1
11264172	11264171	1
1591076	1593838	1
7426697	7426695	1
2512674	2512655	2
3086072	6360910	1
11874935	11874931	1
42076	18882	1
2575887	137896	1
8000292	8000367	1
7340553	7337804	1
11812484	11812481	1
6433389	6433383	1
9555167	9679552	1
8540263	8540264	1
777406	8329603	1
9972733	9972937	1
12591589	12591590	1
5645871	3501126	1
8751440	8749329	2
11506289	11471047	2
8823909	8823910	1
7842749	7838276	1
7446242	7446241	1
1364246	1364212	1
7802533	7802537	1
2159856	2160250	1
5292166	5309396	1
2611106	2611105	1
2679483	2671217	1
10143306	10143305	1
2371854	2371853	1
6254866	6254865	1
4216808	4216673	1
2276754	2276588	1
7924547	6107923	2
11125665	11125666	1
8446341	8446342	1
10473747	10473748	1
7372704	8319897	2
3094153	3094142	1
11135534	11135533	1
7369724	7369723	2
3731961	3731724	1
5931957	5933811	1
10477606	10477605	1
4477897	4477898	1
1932782	1932781	1
3341197	3340873	1
9197260	9197358	1
2353845	2353846	1
1197403	11286915	1
8216294	8216260	1
7083038	7083041	1
2961199	2961200	1
2556314	2555426	1
5224262	5224261	1
10088872	10088871	2
6027696	6007875	1
7595758	7595757	1
416742	417165	1
2315516	2315415	1
5896556	5748505	1
11871550	11871503	1
10798546	10798469	1
3833494	3756406	1
4549279	4549680	1
8107363	8107375	1
3376327	3376328	1
10081891	10081754	1
1726206	1726205	1
11055300	11118632	1
4407664	4407663	1
1691384	1647209	1
9107806	9107805	1
4483936	4483935	1
10227323	10227224	1
8548292	8548291	1
7708953	7707692	1
10170537	10170538	1
181243	181244	1
816266	816384	1
7616601	7611860	1
4354052	4354051	1
10281801	10281802	1
8085816	8087634	1
9065784	8384950	1
7869549	7870320	1
2294963	2292334	1
10177921	10177922	1
10668285	10668288	1
8757651	8757652	2
3589914	3582285	1
8004554	8004558	1
7824455	7727047	1
11623471	11623472	1
3874070	3874069	1
8531713	12463575	1
7838066	7838062	1
2479275	2469316	1
10525583	10525588	1
7753058	3424327	1
4173399	4173288	1
11641263	11641264	1
9916889	9916890	1
4254837	4256200	1
9512547	9512548	1
7473683	7473634	1
11519925	11525636	1
1515226	1510929	1
3428191	3428102	1
6203517	6203518	1
3287702	3287701	1
6276708	6280843	1
6767824	6661552	1
7579581	7579582	1
10478273	10478278	1
3262441	3262447	1
4335887	4335888	1
11653297	11654202	1
6682114	6806156	1
11561091	11561055	1
10721464	10721463	1
10119817	10119805	1
11451358	11451340	1
3092	4167	1
1597410	1597694	1
3930347	3930348	2
7346815	7346794	1
145639	145640	1
199909	199917	1
6717033	6686239	1
6671864	6671863	1
6408526	6411417	1
4742084	4744190	1
493274	370462	1
3470695	3470696	1
11001455	11001456	1
3562489	2350231	1
9747670	9750715	1
7021919	7032571	1
3102606	3102605	1
9452811	9500126	1
3678853	3678854	1
10544774	10546535	1
11860783	11860784	1
10965549	10967033	1
1620851	5471354	1
7851434	7852768	1
5464158	5464157	1
7369722	7372538	2
10822009	10822634	1
9254236	9283539	1
10044796	10044795	1
1596634	1596637	1
9155907	9031482	1
898419	898527	1
5962308	5962318	1
10482800	10482799	1
7921272	7921281	1
11819740	11819739	1
3075458	3075457	1
1627408	1627010	1
591395	591396	1
8403100	8403103	1
3246782	4544101	1
12422317	12423970	1
11160420	11160419	2
3882704	3882703	1
4200431	4200337	1
11055952	11055947	1
6403683	6403684	1
4477899	4477555	1
2634905	2640065	1
9516818	9516817	1
12761681	12761684	1
1985126	1985125	1
2092456	2092459	1
1094802	1095691	1
7643820	7643819	2
7504895	7504896	1
3927053	4048780	1
1165556	1165555	1
10998430	10997579	1
1782074	1782087	2
7652710	7652753	1
498049	420766	1
4470051	4470052	1
6494369	6494370	1
4447637	4447640	1
1785033	1784911	1
3357039	3358561	1
2025549	2025550	1
12730258	12730095	1
6972655	6972656	1
7960393	7960399	1
6148806	6148689	1
3453700	3608780	1
10994940	11878356	1
12749566	12763665	1
11876290	11876289	1
4855270	4857387	1
11153912	11154152	2
7060385	7060386	1
8153520	8153581	1
8386444	9084971	1
5930656	5930655	1
1069119	1069121	1
11458206	11447678	1
11360353	11360354	1
10588218	10588205	1
12526836	4209805	1
3779824	3779483	1
11111027	11111018	1
4777890	4777889	1
6361281	6361282	1
9654801	9654802	1
3322895	3322801	1
6940839	7013278	1
11389474	11389465	1
8809225	8809226	1
5793926	5793925	1
10297922	10297921	1
11714130	11714127	1
2123589	2123590	2
11238947	11238622	1
4234119	4234120	2
8058567	8058589	1
5888876	5888879	1
9515873	9515874	1
6383113	5014135	1
7810362	7560474	1
5476464	5476463	1
11506285	11506286	1
9531992	9531989	2
8107365	8107375	1
5459032	5459031	1
52742	52736	1
6492791	6492792	1
9712570	9712569	1
1535808	1535807	1
6942653	6942654	1
3703909	3642510	1
8212898	8208344	1
6736272	6736271	1
11011109	11011153	1
1502009	1502010	1
4231794	4231791	2
7319095	7319096	1
1598196	1598210	1
8328827	8327494	1
6356051	6347708	1
9476875	9483398	1
8541793	8541794	1
3511853	3511854	1
5708383	5708369	1
5551487	5551488	1
5538945	5541517	1
3477629	3477606	1
4451271	4451257	1
178501	178502	2
9157990	9114207	2
10740252	10740413	1
1031177	1031178	1
11995477	11995526	1
234149	234141	1
3267768	3273741	1
8453983	8453987	1
1744697	1744698	1
6218427	6218241	1
4788419	4788422	1
3473844	3477459	1
3673457	3673458	1
1115923	1115924	2
7354206	7354205	1
7639551	7639552	1
4830023	4830024	3
7828884	7831447	2
8038552	8377564	1
7779416	7779415	1
3152906	3152905	1
33904	33903	1
8778169	8778170	1
11809210	11708071	1
12470583	12470584	1
3191818	3186548	1
4031513	4033513	1
3735347	3750014	1
909112	908624	1
8414449	8421663	1
8521984	8521983	1
9356446	9353085	2
7727950	7727886	1
10097162	10097164	1
6554529	6466515	1
1588189	1588701	1
11114823	11058001	1
1768972	1768977	1
5822377	5822286	1
7721072	7721071	1
8058567	8058591	1
10707761	10707762	1
8560963	8560964	1
9297962	9297959	1
6148644	6148643	3
8519403	8519416	1
9697455	9697456	1
2534465	2534408	1
1568081	9343144	1
10478279	10478280	1
11668636	11668278	1
1118818	1118815	1
11483798	11483797	1
7231813	7230416	1
12456849	12456850	1
3732950	3728485	1
8548290	8546975	1
5741904	5745264	1
8040908	8042369	1
2717001	1898089	1
2542129	2542130	1
2890873	2890876	1
10400168	10406360	1
322256	322255	1
8548642	8548182	1
9645719	9645720	1
8920338	8920332	1
1406118	1406117	1
5381416	5381411	1
8937040	8937039	1
7248095	7253957	1
6148808	6148807	1
1832700	1832699	1
6122462	6122494	1
1419099	1419100	1
6568878	6568921	1
25015	25016	1
6163489	6163490	1
757865	765034	1
5606782	5606641	1
9476752	9476751	1
7855359	7855360	1
2455531	2455835	1
1059754	1059751	1
3399154	3401613	1
7749449	7749450	1
4830843	4830844	1
8461276	8461275	1
11827639	10908136	2
2178242	2178241	1
5166024	5166023	2
1393294	1393328	1
1930858	1930857	1
8363193	8363194	1
11662649	11662650	1
5180970	5180969	1
3058948	3058945	1
2493721	2493876	1
659195	659196	1
4094666	6429640	1
4426490	7928991	1
7070512	7066628	1
5576197	5577222	1
1005309	1005312	1
441776	441775	1
7690806	7690884	1
6652347	6652470	1
427239	427240	1
5925141	5925142	1
11389798	11389813	1
9188861	9188862	1
6529221	6529231	1
7342564	7342556	1
8366976	8366975	1
11871716	11871715	1
7872979	7872984	1
10858264	10858103	1
1510630	1510623	1
5874249	5871653	1
1028033	1056669	1
5541794	5541841	1
1095786	1095233	1
3507593	3507594	1
6207226	6207225	1
8487159	8285753	1
9419492	9463016	1
2509042	2509039	1
4581720	4581902	1
109941	45704	1
7848813	7847636	1
9709951	9709952	1
2391307	2391308	1
11068687	11068688	1
1428489	1428492	1
11594209	11594212	1
11709887	11709888	1
7034729	7041245	1
7791809	7653482	1
2099726	2099719	1
11399930	10253909	1
6037550	6053798	1
10366239	10366247	1
10468492	10468495	1
6371555	6371427	1
7467757	7467794	1
8045263	8045264	1
4625309	4625385	1
527960	527959	1
3498288	3497852	1
2905557	2905660	1
10973272	10973313	1
1033288	1033287	2
8982376	8982375	1
5716541	5716640	1
4005575	4005576	1
11939425	624205	1
7371213	7371487	1
6568195	6568196	1
1335948	1283416	1
2800181	2795568	1
11256768	11256765	1
2308366	2308365	1
6849187	6846112	1
973110	973438	1
9428929	9429015	1
2430575	2430578	1
9548730	9548729	1
4854450	4854430	1
1512561	1512562	1
9162175	9162176	2
6173233	6173254	1
7092031	7092032	1
7202031	7201735	1
7493475	7493470	2
11526048	11526307	2
10130034	10130029	1
7930303	7930304	1
4618089	4618090	1
6497290	6497289	1
5286455	5237751	1
11002088	11094001	1
10413906	10413898	1
7511760	7511759	1
3126502	3124579	1
1921379	1883445	1
9327896	9327895	1
3882702	3882701	1
10297080	10297079	1
6157153	6157094	1
3575639	3575617	1
12188898	12197110	1
1620847	1620850	1
4742271	4742293	1
6581214	6581213	1
5256720	5256719	2
5205121	5205122	1
11863340	11863300	1
8290140	8488523	1
4004745	4004746	1
3034719	3034720	1
4782159	4782160	1
5379062	5380823	1
4019407	4019408	1
959737	959738	1
5747144	5832015	1
1505880	1505879	1
5311370	5311398	1
9469224	9469223	1
2736271	2756243	1
8558903	8558904	1
8518737	8130110	1
1452062	1452061	1
8161713	8161714	1
519871	519830	1
613597	613598	1
10474941	10474942	1
6707867	6707868	1
5967822	5966715	1
9432867	9431609	1
4477554	4477553	1
11638681	11638682	1
7043013	7043014	1
6480931	6481043	1
8879213	8879214	1
11038724	11038732	1
7643818	7643817	2
2831772	2831771	1
5957318	5957317	1
8033459	8034734	1
9330278	9335764	1
11234935	11234936	1
6770346	6770345	1
1805055	1801988	1
7311728	7311697	1
8562904	8562901	2
4626555	4623952	1
20380	18456	1
4385222	4386436	1
499143	494786	1
2358368	2261494	1
5693026	5753552	1
6890907	6890908	1
247438	248565	1
9073060	9073059	1
1003590	1009930	1
11012141	11012112	1
9070680	9071710	2
2470696	2477050	1
10876739	10876740	1
7829033	7829036	2
11627631	11627123	1
9845667	9845668	1
7442001	7442002	1
2311552	2311548	2
10991542	11853918	1
90358	89491	1
4263275	4264374	1
10030845	10030846	1
4383982	4383981	2
7868331	7868337	1
7640182	7640181	2
5272417	5271852	1
7721160	7715859	1
5246826	5315648	1
8879065	8879066	1
10792403	5873814	1
3677661	3672175	1
7452556	11766808	1
3151959	3151951	1
11170476	11170398	1
8554792	8554047	1
772896	7900119	1
4261339	4261183	1
2996689	2996507	1
6885098	6885067	1
9969222	9969221	1
9467259	9467260	1
6254926	6254925	1
7093230	7150139	1
5349621	5349622	1
4636259	4856141	1
7000548	7000568	3
5527876	5527939	1
2207781	2201425	1
7127757	7126648	1
215331	215332	1
10024242	10205510	1
2731199	2731200	1
10664976	10664878	1
8643220	8651750	1
11373063	11373064	1
3361184	3361183	1
6556309	6557297	2
772898	772897	1
6705841	6558542	1
3810819	7833805	3
10152018	10152017	1
3132232	3132231	1
1962503	1962508	1
9999131	9998892	1
1586487	1586056	1
8973349	8973350	1
2532862	2532861	1
11473826	11472682	1
7171987	7171988	1
9651851	9433649	1
1540983	1540984	1
7493473	7493474	2
10112909	10112914	1
7633033	7633034	1
750602	749637	1
7294489	7294490	1
10397939	10395199	1
11634659	11629702	1
7021915	7021918	1
4626553	4626554	1
11773392	11773016	1
10231106	10231105	1
10332287	10480109	2
4919644	4919564	1
453324	453323	1
7443060	7444230	1
11641261	11641262	2
10095194	10095193	1
7971544	7971543	1
4516245	4516247	1
6753517	6751807	1
1769743	1769744	1
7950191	7950192	1
1358516	1358646	1
7183886	7183883	1
6444261	6444262	1
7250906	7250905	1
10177919	10177920	1
10970158	10970535	1
7187536	7189472	1
2405820	2538609	1
1320043	1318788	1
3389168	3389167	1
7680687	7680688	1
11058714	11056678	2
5337844	5337843	1
5051318	5051323	1
1744893	1744894	1
2254416	2254122	1
5604747	5605123	1
9524303	9524304	1
4199378	4185077	1
7340300	7340299	1
7580521	7580790	1
4005912	4005909	1
5914901	5913315	1
6581212	6581676	1
5941748	5941755	1
11172086	2314612	1
7153037	7153011	1
2958968	2938928	1
9848802	9848801	1
7432786	7432785	1
7446438	7446435	1
452924	452923	1
5892469	5892441	1
11876288	11876291	1
11418589	11419888	1
388418	388417	1
2654225	2650868	2
1047948	1047982	2
11139829	11139830	1
1650487	1650488	1
5099236	5099235	1
9463840	9463839	1
10411739	10411534	1
9941036	9940093	1
7709898	7709823	1
10739350	10739365	1
1654489	1654490	1
8981930	8979119	1
3874068	3874067	1
2852639	2847316	1
5714335	5714336	1
6974028	6974027	1
8829700	8829484	2
2833588	2833587	1
7802414	7802411	1
9339431	9339597	1
6719601	5362419	1
9854166	9854177	2
9165031	9165034	1
911551	911828	1
9172401	9172402	1
3619250	1040631	1
4687202	4683482	1
9463579	9462973	1
5546886	5528625	1
3252441	3252785	1
4449822	4449818	1
6624297	6624300	1
10656587	10656603	1
11339829	11339825	1
9320951	9327618	1
7022067	7022068	1
1610188	1610195	1
4297930	4298779	1
11148445	11148446	1
6540685	6540661	1
3073812	3073809	1
10016965	9993128	1
5101149	5100383	1
10544273	10544274	2
8238173	8237912	2
8858848	8858856	1
3326048	6327771	1
4672110	4668324	1
10852675	10852690	1
9252720	9253100	1
7773296	7772946	1
9944414	9944411	1
9054592	9054510	1
11582211	11582683	1
359910	358010	1
3042533	3009761	1
12682114	12682123	1
9997042	9997026	1
4830021	4830022	3
6632183	6632184	1
2623903	2623927	1
7531380	7531485	1
3732398	3731605	1
4354048	4139212	1
8858989	8858990	1
9792108	9586059	1
8968127	8967325	1
12787340	12787286	2
9955503	9954918	1
11719012	11719011	1
4231794	4389620	1
7814643	7816209	1
8770287	8770288	2
509353	510855	1
10278165	10280527	2
3519467	3519468	2
11828361	11829740	1
2096870	2096869	1
6499308	6499307	1
8314831	8314857	1
7532723	7532724	1
9682540	9682539	1
9970626	9969947	2
7396786	7397457	1
6896905	6896906	1
5359565	5359203	1
12657391	12657392	1
261323	261326	1
4812007	4811678	1
175542	175287	1
3237730	3237787	1
9927870	9927869	1
3981813	3982610	3
2047072	2047071	1
10696862	241140	1
8274956	8270184	1
11669420	11669419	1
9747722	9747727	1
2670840	2680759	1
134017	134008	1
4530119	4530097	1
1007152	1007151	2
1266240	1266243	1
7842117	8045429	1
1746225	1746296	1
4206800	4328595	1
5696516	5702203	1
6155845	6155846	1
1355282	1355296	1
10891114	10891152	1
9990491	9832333	1
37197	37199	1
757096	757095	1
4297787	4297788	1
7915477	7915438	1
10621857	10621946	1
8741367	8743474	1
12479855	12479856	1
9386092	9385386	1
2930109	2930110	1
7632426	8108334	1
5634637	5634638	1
9240332	9240337	1
7310061	7310062	1
2162121	2066827	1
3955237	3955238	1
4991861	4991963	1
4514077	4522352	1
9525674	9525673	1
198594	344280	1
95936	95907	1
2817856	2817855	1
1759585	1759604	1
8644687	8644688	1
8804777	8746838	2
4472007	4470734	1
237017	246011	1
9152512	9149481	1
356273	356274	1
151675	152454	1
4562412	4562399	1
9582286	9453337	1
909113	909114	1
5930731	5930144	1
5318747	5318745	1
7283475	7283476	1
5540572	5540695	1
9959066	10035657	1
1238736	1240010	1
1289433	1289434	1
670002	8184314	1
4683483	4683484	1
6442522	6442521	1
8572583	8572584	1
2164103	2164104	1
4335889	4335606	2
5180968	5180971	1
7667915	7669603	1
11666786	11666188	1
3640495	3640541	1
11402587	11402493	1
6792626	6792621	1
2239385	2239386	1
8288348	8288351	1
1840371	1840080	1
11148105	11148106	1
2645713	2780549	1
8310568	8310468	1
8778179	8778182	2
6519374	5041913	1
11940065	11940070	1
6590662	6679594	1
844376	844375	1
4844991	4775619	1
4555885	4555873	1
5573131	5576573	1
1001103	994811	1
10701172	10701092	1
10793592	10793591	1
2390017	2390018	1
11997978	11997976	1
3390535	3390353	1
11009758	11009204	1
7642070	7642069	1
3083468	3021752	1
5439558	5439555	2
10380989	10343409	1
11449133	11449134	2
4125394	4125398	1
4117110	4089442	1
10123429	10123430	2
12758564	12758563	1
6581216	6581215	1
3731959	3731960	1
9526296	9525675	1
9445470	9633457	1
9854497	9854498	2
7079610	7079572	1
3661319	3652646	1
4649096	4649093	1
1242739	11411837	1
607902	606013	1
4716755	4716721	1
2741529	2741534	1
969392	969391	1
5867330	5865617	2
8829569	8829578	1
4526802	4526801	2
1469455	1469280	1
11205344	11205343	1
9965443	9965417	1
1703000	6689629	1
1363773	1363774	1
1693090	1693089	1
4546776	4546781	1
10490623	10489543	1
355347	355348	1
8078373	8078383	1
8211666	8211665	1
7415405	7415406	1
9041166	9043043	1
7715766	7617010	1
6825745	6821419	1
422395	422665	1
2008163	2007826	1
6158629	6158630	1
35917	36520	1
9640604	9671050	1
3992390	3992389	1
8058590	8058589	1
3829544	3828468	1
8907660	8907659	1
5953502	5953501	1
6885066	6885065	1
6309867	6281521	1
1339748	1339988	1
10482802	10482801	1
5546888	5546887	2
4529361	4529299	1
8317879	8317880	1
10283429	10283430	1
424209	424214	1
6194089	5835457	1
1966197	1966145	1
10083567	10083568	2
11386408	11386407	1
4547489	4542664	1
6721852	4957928	1
8274958	8274957	1
11121184	11140691	1
240718	240715	1
10686425	10686426	1
3116735	3116736	1
294078	300979	1
9465748	9465738	1
4617845	4618088	1
6297986	6297985	1
780125	780128	1
1192209	1192424	1
7582458	7582461	1
11667837	11667838	1
69475	69371	1
1520230	1520229	1
10875754	10875789	1
1615446	1614772	1
5589469	1390753	1
2060229	2077208	1
10112913	10112914	1
6623595	6623606	1
8288263	8288306	1
1115925	6429678	2
4918549	353530	1
5226781	5226782	1
8858982	8858981	2
12262444	12262443	1
3642509	3642510	2
1780225	1780226	1
1003943	1003929	1
12156379	12156380	1
8307443	8307444	1
9150944	9151600	1
6586906	6586909	1
512202	343443	1
9030015	9030016	1
4706539	4705518	1
12763664	12763663	1
9768766	9765275	1
7310601	7313379	1
1640388	1640387	1
3159355	3159356	1
5705789	5705790	1
4470053	4470054	1
792714	792726	1
7733277	7734501	1
7906857	7906858	1
4231790	4389620	1
10091161	10091104	1
7713017	7713018	1
6798939	6798940	1
10089631	10089632	1
9865142	9865139	1
6743053	6743054	1
10382949	10382950	1
8394631	8394827	1
4746649	4746655	1
9126686	9126651	1
3957192	3958293	1
3871921	3871922	1
8468327	8468341	1
2175242	2175241	1
8523292	8527536	1
6053593	6053594	1
7799473	7799474	1
4255294	4255293	1
370907	370908	1
4835443	4835444	1
10220513	10220514	1
9997027	9997028	1
6497540	6497539	1
3637870	3519987	1
397146	397143	1
7045433	7025361	1
5927889	5927890	1
7842849	7842850	1
9070122	9070121	1
498804	498823	1
700901	700902	1
7264251	7264249	1
11028933	11031257	1
4081082	4080796	1
3205234	3214603	2
6468168	6468217	1
284950	284949	1
9351685	9351686	1
1675667	1675700	1
4811317	4811318	2
9232705	9232462	1
8013072	7918828	1
5507893	5507708	1
4798638	4798627	1
6009547	6008317	1
4770099	9540614	1
11581841	11581842	1
1358209	1358214	1
9098645	9100421	2
6113189	6113190	1
7598915	7768860	1
884765	884766	1
1768976	1768973	1
3156279	3059727	1
1719877	1719908	1
11425949	11425950	2
9028225	9028252	1
4538401	4538402	1
7720114	7720113	1
11681077	11681078	1
8906663	8906634	1
6439179	6439046	1
3353165	6492673	1
10545097	10546304	1
7030548	7030558	4
4374580	4694994	1
5744605	5744606	1
7368352	7368351	1
5005509	5005510	1
2600406	2600288	1
5927891	5927887	1
5052742	5052737	1
9878995	9878996	1
6158475	6158476	2
5714250	5715031	1
10986551	10986552	1
10880556	10880555	1
11889561	11889562	1
10631525	10631389	1
2856028	2857566	1
2343751	2343752	1
4700220	4689708	1
11250536	11262621	1
3102542	3102532	1
7364053	7373798	1
4338478	4338486	1
1415375	1432278	1
7868331	7868339	1
4782157	4782158	1
3909244	3909243	1
1162466	1162482	1
10143443	10144312	1
7263333	7263329	1
11546849	11546850	1
6525664	3360400	2
9021143	9028213	1
11669220	11669421	1
9343191	9343192	1
6448705	6545795	1
3779450	3779447	1
11786837	11786851	1
229346	229451	1
5897025	5897026	1
8386445	8386446	1
6412194	6412191	1
6694910	6694909	1
2286863	2286864	1
1133261	1133262	1
6497538	6497303	1
3139553	3139556	1
669786	843069	1
3075463	3073975	1
4205571	4205572	2
5126454	5135733	1
5763020	5762477	1
3488327	3488815	1
3529386	3529389	1
5358246	5358706	1
7232023	7232024	1
812270	6834502	1
7199772	7199321	1
12368768	12368767	1
6125310	6125306	1
5881266	5881034	1
3543130	3543129	1
1306463	1306464	1
12320415	12320418	1
1643385	1643536	1
10753238	10753155	1
6283421	6284239	1
1293161	1292973	1
1133263	1133264	1
5099914	2177077	1
9295659	9295737	1
1417469	1416169	1
2788752	2788751	1
10384973	10383330	1
3543600	3543599	1
1452060	1452059	1
1263790	1264372	1
799844	756500	1
10191304	7823531	1
11090394	11090393	1
5562043	5455377	1
3940116	3940115	1
9811465	9811389	2
11790336	11790335	2
4420585	4420586	2
9585846	9585845	1
11464963	11464964	1
10157254	10209303	1
11689066	11688313	1
5698346	6410348	1
7088121	7060382	1
6658636	6658635	1
6100116	6100458	1
11458625	11459124	1
7191873	7191874	1
6213446	6204703	1
904087	904088	1
1120777	1120778	1
4551961	4551923	1
11719010	11719013	1
3244515	3244516	1
5844955	5842854	1
11264174	11264173	1
1933352	1933351	2
5102102	5102101	1
6859511	4101651	1
2190350	2191759	1
8878818	8878817	2
7934596	3148490	1
6207224	1657785	1
4483934	4338479	1
3855167	3851308	1
7713023	7713024	1
5482407	5482408	1
4005573	4005574	1
11523564	11523716	1
1044229	10686424	1
9164545	9164548	1
9750097	9750098	2
8573897	8573898	1
11021334	11021333	1
2948535	2948536	1
2277081	2277094	1
7083040	7083039	1
2374067	2374068	1
4855382	4855391	1
8159565	8159566	1
9967655	9968850	1
3354414	3354419	1
7569512	7569511	1
11154542	11154541	1
2542678	2537433	1
1945328	1940913	1
9693785	9693787	1
4613257	4613120	1
7187632	7187793	1
4785702	4786710	1
2148505	2148625	1
10095192	10095191	1
7148910	7148909	1
6712037	6712038	1
4185693	4195117	1
11889558	11889620	1
7773836	7773787	1
9491505	9491506	1
3082676	3082756	1
656288	656287	1
3147214	3143161	1
10541499	10541500	1
171477	168862	1
8679378	8679377	1
5762223	5689499	1
1452058	1451987	1
6442065	6443015	1
1652415	1652416	1
1789356	1789355	1
11527272	11523916	2
3680023	3679995	1
12761685	12761686	1
4355646	4356745	1
9013666	9013665	1
4777977	4778128	1
5215322	5215275	1
10296598	10296557	1
9599113	9599114	1
10179576	10179575	1
2859573	2859481	1
8159389	8159390	1
993152	993197	1
5093515	5093516	1
5799502	5787755	1
10944381	10944382	1
10269237	10269238	2
9665597	9665598	1
9241876	9306231	1
11379731	11379922	1
4234121	4234122	2
11021332	11021331	1
7232145	7232146	1
11316913	11316722	1
9865732	9865731	2
3543132	3543131	1
10833555	10833556	1
7517253	7517254	1
1650128	1450667	1
9480782	9480408	1
9110	8339	1
1512021	1514638	1
1087353	1087356	1
7456203	7456256	1
7433028	7433025	1
2529247	2529248	4
6102490	6102489	2
4788423	4788424	1
278396	278315	1
620376	620404	1
7540440	7540439	1
2329547	2329548	1
9693246	9693243	1
5554229	5554222	1
8876397	8873885	1
8370100	8787429	1
8024367	8023238	1
11451399	11451400	1
7900267	7900268	1
8560853	8560907	1
6315130	6314451	2
12178113	12178114	1
5333623	5333624	2
8317263	8377738	2
4826982	4826975	1
5894518	5894049	1
11592037	11591116	1
8053530	8051080	1
1732482	1791485	1
6616957	6617104	1
3937367	3937137	1
5275195	5275196	1
1540688	1583315	1
6494371	6494372	1
2094553	2094446	1
5102102	5102099	1
5476462	5476459	1
531991	525834	1
5274933	5274924	1
9815931	9815932	1
10322722	10322725	1
5772673	5772674	1
4395507	4395542	1
11095108	11095107	1
11166256	11165689	1
11160418	11163654	2
11483772	11484314	1
9795716	9795715	1
7447822	7447820	1
1515882	1515881	1
5099225	5099226	1
7156041	7156024	2
425759	13920	1
10248286	10249621	1
11191769	11191770	1
6390274	6388652	1
7799436	7799472	1
6112454	6112453	1
6742384	6742381	1
1726204	1726201	1
6255101	6255221	1
8403102	7998214	1
8226526	8223635	1
6972650	6972649	1
9002128	9001846	1
10970158	10970533	1
9597099	9597100	1
4047971	4048330	1
1414173	1414174	1
10233618	10233617	1
10123431	10123432	1
12730121	11210115	1
1596259	1596260	1
644129	644130	1
666721	666722	1
9566731	9545115	1
3732870	3732689	1
7035840	7036459	1
955527	3887081	1
4234123	4234124	1
1443596	1443445	1
10728436	10534243	1
4421935	4425100	1
6974026	7169974	1
9330375	9330376	1
7107829	7107781	1
9474737	9474750	1
11333551	11333564	1
3624252	3621862	1
6193968	6194934	1
4040419	4040420	1
7206238	1795502	1
5188988	2045436	1
9143623	9141455	1
3798578	3798577	1
6767147	6767148	1
1282511	1284866	1
6360756	6360619	1
5460210	5460220	1
3799915	3798579	1
11575031	11502903	1
2028260	2029768	1
11505380	11505379	1
5430459	5430460	1
10247478	10219692	1
2665026	2664681	2
4492919	4493215	1
7060383	7060384	1
4830025	4830026	2
10500431	10495498	1
11833862	10905081	2
3002872	3005525	1
7225027	7225028	1
418481	423826	1
9124877	9124878	1
11850018	11875761	1
4367081	4367055	1
11870908	11870877	1
9079075	2198703	1
2788758	2788755	1
6383278	6382095	1
7961022	7961021	1
523492	523512	1
7417175	7417176	1
892609	892610	1
6945684	721110	1
999379	975459	1
11965937	11965938	1
2177076	2177075	1
10132422	10132581	1
9248025	9248026	1
6179783	6177431	1
5005506	5007115	1
4837990	4837989	1
8086389	8063208	1
1703316	4293058	1
6181660	6181659	1
5584927	5584928	1
4991894	4991893	1
11933194	11933422	3
2969076	2969075	1
572079	572337	1
3301354	3298672	1
1993214	2013921	1
6148688	6148687	1
2906929	2827128	1
5342157	5342158	1
3694480	3693739	1
11879945	11879946	1
8618477	8618503	1
9768806	9768802	1
3040506	3040644	1
2788754	2788753	1
1845549	1845550	1
1787279	1787280	1
1291794	1291801	1
11745663	11745682	1
10813728	10813727	1
1391503	1391504	2
377567	11931929	1
4277205	4277713	1
18457	18458	1
8153589	8153521	1
6033744	6033428	1
1427264	1417051	2
9854499	9854500	1
11698335	11698336	2
772236	772215	1
11001347	11001350	1
7001072	7001451	1
7794634	7795441	1
10468067	10465736	1
2667065	2665707	1
5006422	5006421	1
11001345	11001346	1
907108	9655168	1
1140361	1140296	1
10931398	10931401	1
6714085	6714086	1
12262442	12159472	1
7346795	7346796	1
5724472	5713034	1
11369081	11368409	1
5650796	5650793	1
6751474	6751473	2
7678498	7678147	1
5706834	5706833	1
5269745	5488643	2
8406363	9731910	1
11783999	11786545	1
1434530	1434529	1
10182147	10177565	1
11434851	11461170	1
11069173	11069176	1
5748688	11673636	1
5382089	5382090	1
7838446	7838445	1
8651280	8651216	1
3060487	3060437	1
10840520	10840590	1
9585652	9585388	1
5611695	5611698	1
6184695	6184696	1
2584918	2584834	1
3755136	3755126	1
7181451	7181439	2
8548836	8548835	1
6529219	6529220	1
6806642	6806641	1
10304514	10304555	1
8799415	8799949	1
11010290	11107597	1
639631	510666	1
5910348	5910347	1
2051875	2051871	1
7713021	7713022	1
3861399	3859780	1
1007152	1007149	1
3231834	3231833	1
7795683	7802150	1
9631046	9631045	1
10528055	10528957	2
9867797	9867846	1
4029623	4028139	1
2369167	2369163	3
3122321	3122276	1
9845669	9845670	1
6169915	6169913	1
7002045	7002046	1
6549317	6549318	1
9850066	9850069	1
2311640	2311968	2
7445511	7445512	1
11944427	11944377	1
6773609	1687159	1
1632681	1632719	1
3045239	3019121	1
9800621	9800622	1
11940071	11940072	1
6048995	6048996	2
6052512	6052511	1
1660764	1660837	1
11786740	11782344	1
7269863	7175911	1
12139844	12139843	1
5995207	5995216	1
5676216	5677693	1
5501067	5501068	1
6148195	6148196	1
9486457	9486173	1
7022065	7022066	1
6751472	6751471	2
9678507	9678269	1
3986492	3986489	1
5003147	5003148	1
1650173	1650202	1
908122	908125	1
8878816	8878982	1
8308462	8308155	1
1949588	1922376	1
6473440	6473506	1
10998578	10998577	2
5577599	5577740	1
7018872	7018994	1
3034717	3034720	1
11325477	11324978	1
8092800	8092799	1
8010943	8010947	1
7426985	7426986	1
1922781	1922927	1
3625674	3625673	1
9721431	9721432	1
751304	718499	1
7186722	7186721	1
5643681	5643682	1
5274373	5275194	1
5825796	5825795	1
1306133	1306134	1
2518959	2518960	1
11790361	11926866	1
4308393	4308348	1
6371555	6371429	1
10105073	10105035	1
9169328	9169327	1
8051081	8051082	1
8159563	8159564	1
7591212	7591198	1
10635870	10658420	1
1566662	1566661	1
10472137	10471998	1
10382951	10382952	1
10559167	10559168	1
7492673	7493139	1
11560493	11560494	1
2818156	2818155	1
2834696	2834695	1
10585337	10585340	1
9912857	9912482	1
2422340	2423102	1
9972866	7112929	1
3725291	3706208	1
1239787	1239987	1
1087353	1087354	1
6686568	6686567	1
3395674	3395673	1
621994	624968	1
11043013	11043006	1
9480067	9480068	1
5482401	5482406	1
6909883	6905864	1
254443	254444	1
11039529	11039470	1
6640140	6640074	1
11163264	11163263	1
6581391	6681861	2
7149209	7097828	1
8149535	8228326	1
169135	169136	1
2478174	2478878	1
9293571	9465994	1
1110644	3291399	1
6065762	6065984	1
9171308	9171307	2
6103454	6103453	1
6796522	6800515	1
3451141	3451125	1
8701959	8701951	1
10346279	10346257	1
6554263	6551822	1
8382877	8382880	2
5536995	5536996	1
2093854	2119201	1
11087195	11087196	1
10931400	10931399	1
9159970	9162172	1
6224690	6224304	1
2345930	2345929	1
3997455	3997456	1
419638	422220	1
7340680	7336379	1
1241961	1241962	1
7933396	7899841	1
1911096	1896616	1
8426442	8433869	1
342575	342576	1
9477191	9477192	1
321567	321568	1
9547634	9552903	1
11170390	11170389	1
2411539	2409744	3
12793337	12793338	1
6113636	6986444	1
9243465	9243466	2
37320	38208	1
11386410	11386409	1
4846610	4837464	1
8513605	8512409	1
12493626	12519757	1
7377036	7377035	1
6731138	6731137	1
5135820	5127327	1
8814555	8814469	1
11878354	11878353	1
20768	32041	1
5808217	5808218	1
8216263	8216264	1
2339435	2339409	1
5060973	5061098	1
5697307	6432875	1
7942295	7942296	1
5276137	5276138	1
11024881	11024429	1
1254478	1259649	1
1491157	1491158	1
6900801	6900802	1
10332759	10332760	1
7408543	7408638	1
7187967	7255316	1
11170321	11170311	2
5528690	5528042	1
8710376	8710375	1
7456670	7456669	1
9475437	9475377	1
6707862	6701364	1
614798	614795	1
6550556	6549436	1
11205342	11205341	1
2143376	2143375	1
1355297	1355298	1
6023755	6022887	1
12257398	12258616	1
7302300	7307641	1
11133124	11133121	1
2627849	2627304	1
5272772	5367659	1
7043015	7043018	1
8623372	8623371	1
7030559	7030560	4
9011168	9019157	1
6715270	6715269	3
9480069	9474703	1
1446351	1454915	1
10989485	10989024	1
7446268	10283429	1
8510140	8510137	1
7743425	7742161	1
5645161	5645613	1
7528922	7530038	1
10447544	10447543	1
6443208	6446249	1
6294200	6294146	2
5308729	5308753	2
1291459	1291462	1
10204350	10204382	1
1633293	1632895	1
6652486	6652485	2
10064136	10064106	2
691026	691025	1
10269239	10269240	2
178503	178504	2
448542	442240	1
7335746	7335743	1
799842	799845	1
8809433	8809434	1
3930349	3930197	1
4568105	4568106	1
2493252	2493187	1
4859747	3956904	1
4536921	4536922	1
526670	527182	1
807168	7926213	1
5482399	5482400	1
10896201	10896202	1
149239	149257	1
7470919	7470920	1
9298539	9298545	1
9490957	9455386	1
7701192	7701191	1
6412197	6412198	1
1837419	1837420	1
421647	421744	1
9619132	9619131	1
10097213	10097214	1
4072491	4072492	1
7739227	7860603	1
575452	553989	1
2117928	2138178	1
852238	852237	1
5598998	5599030	1
9626710	9626709	1
173462	173461	1
10483720	10520528	1
9979701	9979620	1
5202861	5202791	1
10052349	9847876	1
7031038	7030977	1
6544872	6544867	1
9631047	9631048	1
10664740	10664507	1
771608	771607	1
6464706	6464705	1
11124091	11124049	1
9310621	9310698	1
4112621	4112622	1
3145787	2834697	1
4443209	4443212	2
10310926	10311233	1
1918547	1918548	1
2199449	2205070	1
12658034	4346206	1
6108181	6108127	1
5756463	5834471	1
8407415	8405618	1
3370841	3368578	1
2166557	2243399	1
1306135	1306132	1
7359938	9704715	1
7360190	7360204	1
3803434	7838447	1
7156025	7156026	1
11970215	11970063	1
6679317	6679318	1
10905080	10905077	2
5196229	5197268	1
5476458	5476457	1
5472535	5472536	1
8044836	8044835	1
10520672	10520671	1
2728743	644847	1
2451849	2451850	1
5582616	5582337	1
8789114	8793775	1
10668802	10668801	1
6720721	5352105	1
7899712	7899774	1
9549377	9535435	1
7247974	7247973	1
12368315	12368679	1
6184693	6184694	1
7940154	7940742	1
4119810	4120249	1
6322927	6330122	1
4528956	4528955	1
8860490	8860489	1
8231987	8248804	1
983361	983363	1
10124591	10124592	1
9946819	9950040	1
3560899	2333768	1
11119948	11119947	1
7702049	7702061	1
4177472	4259775	1
10027674	10027632	1
2691872	2691864	1
7311730	7311729	1
3275203	3275213	1
2371845	2371861	1
7002692	7002691	1
2485501	2485502	1
5205618	5205645	1
5103960	5103936	1
4144298	4144297	1
3023055	3023313	1
9085720	9084463	1
8024061	8024086	1
2183834	2183819	2
6198489	6198453	1
11019288	11019360	1
7091965	7092030	1
5505763	5489149	1
10128829	10128830	1
7525683	7525684	1
11933196	11933195	1
803375	803391	1
12372590	12373383	1
6108253	6108254	1
11967733	11967736	1
8010941	8010942	1
263239	263245	1
6715883	6715894	1
9345818	9345821	1
3340515	3340516	1
2313643	649274	2
1135171	1122936	1
584385	584386	1
5420472	5419390	1
1875074	2150712	1
10699055	10699175	1
2421494	2421097	1
6437654	6437653	1
10731370	10731236	3
4917922	4917957	1
6505690	6505585	1
4364185	4364186	1
11500789	11505165	1
8280329	8279855	1
3827527	3827520	1
11777307	11784037	1
9327603	9325821	1
6984487	6984488	1
10310054	10310750	1
2953697	2953698	1
9046726	9046725	1
10128827	10128828	1
7334894	7334893	1
517867	517878	1
1794783	1794773	1
2092460	2092457	1
11079830	11079941	2
6270056	6270055	1
6834487	6834488	1
8881266	8880172	1
11434980	11432850	1
6805926	6805940	1
6368083	6368072	1
9475376	9475375	1
1657784	1657783	1
7949266	7949265	1
4613294	4626880	1
1417261	1417264	1
9517865	9517902	1
5349501	1524505	1
9577601	9522504	1
12470585	12470548	1
8065381	8065382	1
796070	796069	1
1596636	1596635	1
85367	85360	1
11573369	11465804	2
4525800	4528957	1
1052877	1052878	2
1121359	1121727	1
8923013	8923014	1
12251691	12251694	1
4087896	4087826	1
2814635	2817857	1
10498679	10498680	1
8025979	8025980	1
2807980	2807977	1
2179017	2179018	1
12407494	12407498	1
7644444	7639481	1
2534463	2534464	1
796359	742271	1
10547769	10547778	2
4071318	4070444	1
1402555	1402517	1
6446326	6446325	1
3013323	2999602	1
8775638	8776052	1
1617202	1617201	1
4522353	4522354	1
1597760	1597259	1
10301734	1943399	1
4477548	4477185	2
5276263	5276264	1
838596	839004	1
10925922	10926084	1
4551433	4373060	1
8039388	8377945	1
6655785	6655786	1
2142318	2067513	1
6447635	6447636	2
5099236	5099231	1
1766909	1768011	1
1073465	1073466	1
4140610	4481990	1
5439554	5439553	1
8149533	8149534	1
7569109	7570265	1
11832655	11832661	2
1391342	1586189	1
1441641	1438308	1
3902863	3902880	1
6148642	6148641	3
3747573	3754188	1
9067533	9067534	1
1180827	1169160	1
3264024	3264542	1
8938065	8937364	1
2356851	2356852	2
1509180	1509176	1
9959055	9959056	1
3938873	3938874	1
75232	77415	2
7003819	7103056	1
356094	356093	1
11216285	11216286	1
2834642	3144474	1
6677473	6677518	1
6680982	6680965	2
7103962	7103961	2
7065401	7073533	1
1693088	8809246	1
7942192	7942191	1
4310133	4310769	1
3890938	3890976	1
6568885	6568879	1
11154697	11154698	1
1538718	1538721	1
8876064	8876063	1
4231215	9012945	1
6972648	6972707	1
3667634	3667636	1
7399383	7399386	1
11719810	11719809	1
821427	821428	1
5499697	5501064	1
9721269	9721206	1
1164890	1164969	1
1588728	1588727	1
8820767	8848087	1
1203653	1203594	1
10471859	10471860	1
8768240	8768272	1
10761307	10761301	1
5424160	5424159	1
10064103	10064104	1
7386732	7386766	2
1933750	1933747	1
1643537	1643538	1
743028	743027	2
5132304	6530106	1
2729396	2729395	1
1107263	1107264	2
6278677	6278678	1
911024	911023	1
3540326	3538107	1
9546708	9546705	1
6742884	6494368	1
7680691	6174040	1
651639	416438	1
3381771	3381772	1
2329549	2329550	1
1111113	1122644	1
11770852	11770347	1
3706886	3707630	1
8808199	8795874	1
6490810	6490540	1
11368408	11368411	1
9108142	4057498	1
12204606	12119368	1
1830513	1824635	1
11725829	11725725	1
773651	742525	1
4751674	4751671	1
11347769	11347770	1
766919	766920	1
2833586	2833583	1
5804959	5804330	1
268045	268046	1
1703712	1704141	1
2210144	2210143	1
9346932	9319818	1
2167255	2126000	1
7700676	7700775	1
4854389	8582878	1
12425007	12425008	1
2519921	2519922	1
1948335	1948336	1
10454805	10454806	1
1565167	1551024	1
12369590	12592644	1
12368766	12368765	1
1090773	1091253	1
11230519	11232015	1
2954504	2954503	1
1390811	1393488	1
942237	942238	1
2865725	2875884	1
11163456	11163455	1
2506419	2506379	1
11623386	11633464	1
5819676	5821040	2
2209899	2210112	1
5874197	5758705	1
8296576	8300787	1
5711951	5711455	1
9963712	9963711	1
8540265	8540266	1
11414875	11413303	1
359047	359055	1
9535159	9535160	1
9467257	9467258	1
357418	357000	1
6286224	6285580	1
11198218	11209686	1
1242175	1240553	1
3036171	3036189	1
7926787	7926882	1
512171	512311	1
8793050	8793049	1
4475604	4475601	1
4955184	4990673	1
1071842	3312433	1
7247977	7248094	1
254445	255212	1
8052629	8052155	1
5709130	5709129	1
11749624	11750370	1
12246668	12246667	2
4015793	5801880	1
4094083	4094535	1
253040	253666	1
12523663	12543771	1
10717244	10716279	1
3389256	3389255	1
621482	621487	1
6238406	6238341	2
7377445	7377446	1
5999025	6000563	1
2664680	2664679	2
1282347	1282348	1
8036035	8036036	2
11154540	11154539	1
10107307	10107308	1
10095792	10095791	1
6582971	6600619	1
3287721	3287703	1
530705	530690	1
185228	185236	1
3761912	3761943	1
9107808	9107807	1
2793782	2793597	1
1617936	1627759	1
2356356	2228829	1
5135822	5135821	2
5848806	5848803	1
3036188	3036187	1
11249574	11249903	1
2003381	2002991	1
10433081	10433095	1
10500943	10500944	1
8536288	8536186	1
7989845	7989846	1
2764538	2762482	1
11252054	11252066	1
3991779	4107382	1
3132230	3132233	1
1687731	1626565	1
423017	423034	1
862288	862080	1
1524706	1524705	1
4093874	4081492	1
11154153	11154154	1
3703909	3642508	2
4335887	4335606	1
7424869	7421846	1
9053893	9053894	1
1539533	1539512	1
2706598	2706489	2
188517	188512	1
6900473	6900474	1
10918230	10918227	1
7885520	7885516	1
12659724	12661105	1
1087355	1087356	1
11444548	11444541	1
1610498	1552790	1
9351086	9351096	1
279032	279609	1
353685	353063	1
3621533	3621525	1
3996622	3996625	1
10477604	2891304	1
1632681	1632723	1
10561180	10561177	1
1988769	1988770	1
1487191	1487192	1
9963714	9963713	1
7197236	7249246	1
6031684	6031681	1
10877111	10877058	1
10735979	10735982	1
7908975	7908978	1
5044505	3290802	1
8766825	7446253	1
11969676	11969675	2
11380372	11380118	1
9416659	9285991	1
2767327	2767328	1
9906585	10524195	1
10657426	10657425	1
2424737	2424738	1
10813723	10813727	1
7446434	7446433	1
3199808	3199721	1
3395676	3395675	1
9563019	9563015	1
1247468	7688096	1
8343080	8288957	1
3743685	3743686	1
3543342	3543341	1
12611022	12610632	1
6437652	6437651	1
5238030	5238033	1
1515880	1505881	1
11520758	11520770	1
6476530	6476588	1
10089629	10089630	2
2902255	2902223	1
5748844	5747992	1
8860487	8860488	1
643305	473344	1
7639432	7639427	1
5517795	5545813	1
6508652	6508947	1
4691887	4692091	1
3075462	3075459	1
2354321	2354345	1
11017696	11100387	1
6579132	6569598	1
5501604	5265269	1
1003928	1003946	1
10980329	10980330	1
2987409	2996908	1
619012	619157	1
9794557	9794558	2
8285590	8285614	1
4384060	4384145	1
1653454	1653453	2
7653738	7655086	1
10306353	10436844	1
3689120	3689119	1
6753513	6753516	1
2004876	2005068	1
3168469	3168013	1
4327310	4202439	2
9851995	9851987	1
7446244	7446241	1
5591150	11444559	1
1117576	1117575	1
4351911	4351912	1
9770243	9545556	1
6121307	6122095	1
5205644	5205643	1
4587217	4587214	1
10157259	10159206	1
10437877	10437699	1
1209023	1209026	1
10073123	10073124	1
6105607	6105608	1
6399193	6399194	1
10556969	10556989	1
11553306	11553305	1
1399364	1401060	2
7589624	7589621	1
11965939	11965896	1
6676042	6678163	1
3612938	3633183	1
8573899	8574040	1
531764	531763	1
12759229	12759230	2
6960163	6959580	1
10218745	10218746	1
7350822	7350931	2
7170916	7171382	1
1470367	1469093	1
93301	95372	1
6366401	6365764	1
10338796	10338784	1
4881555	5082686	3
10424446	10425374	1
5835229	5831375	1
7578137	7735266	1
425055	425058	1
7968864	7969070	1
5359880	5359544	1
8637146	8699435	1
9247540	9236093	1
7404080	7405447	1
7597797	7742578	1
11506285	11506288	1
4936232	4937074	1
9173200	9173893	1
11112126	11111293	1
237379	237424	1
8009744	8009747	1
6497369	6497971	1
53960	53003	1
12785487	12785488	1
10308454	10308555	1
2604875	2603466	1
7286911	7286912	1
3181245	3181246	2
3275247	2825868	1
5088711	5088712	1
36521	36522	1
2008159	2008162	1
3164700	3164699	1
4176791	4176797	1
5437112	5437111	1
277416	277415	1
9839479	9839495	1
4249402	4241083	1
5773130	5773106	1
8283747	8306860	1
3099990	3099989	1
2506713	2507235	1
8442936	8201869	1
7320872	7322077	1
10233096	10232949	1
11850253	11850824	1
6158477	6160259	2
6344505	6344506	1
9677019	9665596	1
6630059	6545782	1
7824447	7824448	1
8504246	8464753	1
5160923	5183762	2
6102488	6102487	2
9041845	9041846	1
1117574	2229467	1
3401304	3401303	1
1654468	1654467	1
1313685	1314021	2
5267382	5267377	1
6984489	6983436	1
8601080	8600944	1
9946817	9946818	1
8085795	8086295	1
8674549	8674865	1
5194895	5109996	1
252185	95151	1
7030552	7030549	4
1203651	1203652	1
7749451	7749200	1
2098149	2098893	1
9089877	9089878	1
18880	19597	1
6449495	6447978	2
3099993	3101872	1
3150297	3150292	1
10233620	10233619	1
6792406	6793024	1
6845625	6842711	1
9528107	4837991	1
