fend1	fend2	count
11916648	11917089	1
6920498	7254050	1
890080	890079	2
2864831	2862731	1
9854763	9854749	1
5881711	5881702	1
12238905	12238925	1
8837052	8838849	1
3791834	3795921	1
11318247	11318244	1
12242679	12242680	1
6423343	6423344	1
11294873	11294031	2
8823925	8823881	3
524524	524530	1
1485859	1485950	1
3655996	3654877	1
8668397	8697933	1
3695873	3695870	1
9539065	9539066	1
9823627	9823630	1
11564451	11564452	1
10965569	10965556	1
6997505	6997536	1
5713845	5713729	1
4743574	4743569	1
11963307	11963308	1
9625657	9599676	1
10320462	11398961	1
1622101	1621034	1
7259601	7259602	1
7433231	7433234	1
3989096	3989341	1
5088903	5645417	2
8705136	9092975	1
1544569	1671179	1
5418641	5418588	1
8644153	8654630	1
6248340	6248339	1
8192161	8192515	1
1536034	1536033	1
12169687	12169723	1
3547576	3547813	1
1579817	1578768	1
7822029	6189485	1
3671326	3671325	2
12594320	12590711	1
8328770	8328769	1
9141485	9143065	1
1976381	1968741	2
1212027	1009568	1
3670709	3780226	1
6043491	6043492	1
6372409	10780564	1
1012088	1012031	1
10635638	10636213	1
1345722	1345721	1
4601786	4601795	1
11319128	11319043	1
3730370	3730369	1
994683	997932	1
1095493	1067943	1
7635604	7636326	1
6221671	6220891	1
11244432	11244441	2
1958204	1958194	3
7955871	7955911	1
2063877	2063908	1
4154750	4580600	1
6114510	6115136	1
1145165	1145169	1
8720607	8720609	1
106034	9662243	1
9266733	9281950	1
10715510	10715506	1
10833300	10833299	2
1345724	1345723	1
10320097	10320098	1
9487750	9487699	1
1871061	1871078	1
12333645	12333642	1
3599624	3592495	1
11327947	11328042	1
6794300	8517779	1
1576999	1578525	1
7996175	7996179	1
2565113	2574322	2
10406596	10406593	1
4042957	4042958	1
12276087	12276088	2
10459561	10459562	1
6176049	6175382	1
4291147	4291508	1
1924889	1924892	1
10420098	10421538	1
5005641	5005642	1
7661700	7662321	1
7123705	7139202	1
10810587	10810588	2
1539582	1717037	1
10285627	10285628	1
2759563	2759580	1
5368387	5368388	1
12499869	12495170	1
12431886	12429663	1
8205909	8205855	1
7182830	7183119	1
2602216	2602109	1
5618366	5618347	1
7276821	7276822	1
10255261	11402827	1
4121878	4121873	1
2354350	2354387	1
4709082	4709104	1
10516405	10516473	1
8922444	8922439	1
3125192	3125191	1
5561673	5561674	1
2065439	2065409	1
2717214	2930039	1
8774609	8709440	1
7537075	7537076	1
3310334	3310337	1
4141670	4141683	1
9587572	9637579	1
9012027	9037685	1
1746481	1732327	1
4191042	4191041	1
1481112	1481771	2
7751228	7753349	1
6156578	6113511	1
3058129	3058130	1
18909	24968	1
9197573	9191969	1
9941218	12438787	1
1801673	1799572	1
11493079	11493080	2
10632948	10633407	1
936472	9127796	1
11356089	11355996	1
11614554	11615641	1
6422644	6422682	2
3121423	3121426	1
1294074	1294073	3
1599285	1599290	1
1090079	1090080	1
3826757	3789477	1
2039641	2039610	1
1822823	1822824	1
9978268	9978298	1
731867	737667	1
9044508	9044003	1
8982950	8983002	2
8383639	8383640	1
9317597	9317598	1
1897935	1897903	1
125614	125365	2
11993034	11993033	1
3095947	3096949	1
5408479	498422	1
2977297	2976130	1
11882882	11881329	1
8728644	8728281	1
4666981	4666996	1
11771925	11771926	1
4367083	4367084	1
328039	328093	1
1727208	1727205	1
3045597	3045600	1
4342285	4197429	1
4272393	4272394	1
9053831	8940468	1
7755523	7684107	3
923213	923810	1
12442187	12440258	1
11147862	11147861	1
12688165	12688166	3
1673932	1669648	1
11449106	11448413	1
5854810	5854695	1
11152911	11129143	1
10916287	8818564	1
3634428	3634421	1
10676928	10676927	1
9485244	9658521	1
5692273	6168621	1
9868646	9884211	1
8802612	8802617	1
5466656	5466644	2
3996475	7433999	1
7070834	1155819	1
4518383	4519373	1
6379351	6379353	1
2745697	2742042	1
8347588	8347587	1
12180738	12158976	1
5465090	5465217	1
9017150	9017149	1
12131584	12131592	1
432746	376486	1
11531436	11331999	1
7811125	7811138	1
10807966	10807965	1
11307909	11307910	1
368398	364949	2
9642318	9739290	1
10794029	10807773	1
6730614	6729068	1
1577750	1067598	1
1372127	1372110	1
10346244	8216166	1
6633151	6633152	1
4624048	4623821	1
6603185	6603020	1
2441968	2442014	1
12417173	12417174	3
9550703	9550699	1
6911743	6911744	2
2146263	2144302	1
10360109	10360110	1
4388169	4363351	2
6076795	6073669	1
641074	6817434	1
12678610	12354983	1
12673389	12673378	1
7543619	7543586	1
402853	402854	1
2229638	2229637	2
12672152	7255835	1
11917264	11917516	1
12137176	12137175	1
9175356	9175353	1
11287467	11287468	1
9634180	9748958	1
9454005	9453382	2
1189656	1188919	1
5815543	5814383	2
10318362	11401871	1
5113136	5113135	1
1980488	1981546	1
10635063	10635064	2
10991340	10990071	1
2423678	2423677	1
1522641	1522636	1
1755559	1758999	1
5930725	5930726	1
4121872	4121875	1
10394101	10394030	1
66461	66462	1
8427459	8130251	1
11813607	11813608	2
3736592	3736591	1
6856115	1055498	1
11065555	11173040	1
9812438	9812437	1
6861541	6861542	1
2489984	2544383	1
4275718	4275854	1
12569242	12569237	2
5401468	5400240	1
6598577	6598688	1
10770682	10770672	1
1364537	1364538	1
9028895	9028912	1
10013079	10030060	1
6704266	6704288	1
11374343	11374344	3
1519162	1508809	1
2225721	2225581	2
6461487	6440180	2
9324664	9324520	1
5203280	5213048	1
11177491	11177492	1
1657954	1658536	1
11709411	11709412	1
6675266	6675265	2
7789349	7789350	1
5094060	10893752	1
7474167	7474168	1
12171272	12163401	1
1383096	1383195	1
7910484	7910487	1
8666542	8665551	1
718863	685463	1
216837	216838	1
10045337	10053402	1
4026300	3956616	1
12278336	12233526	2
2758918	2758549	1
11374341	11374342	2
3469333	3469336	1
8780713	8890930	1
11711430	11711427	2
11240332	11240382	1
10715492	10713777	1
3447208	3447203	1
12728357	12719640	1
4410889	4410017	1
6737308	6737370	1
6045614	6045617	1
11870756	11870741	1
1544527	1621938	1
4253314	4253350	1
1120044	1117411	1
7414075	7414536	1
9825066	9825080	1
7743983	7743984	1
9437316	9437330	1
8806355	8806356	2
10904390	10904418	1
12604859	12604795	1
3998854	3998853	1
9855705	9857231	1
5534088	5534076	1
9641848	9641812	2
6427405	9103427	1
10064363	10064364	1
7496312	7491275	1
11180056	11123140	1
1869167	9153872	1
1737798	1742670	1
8423691	10130376	1
6828232	6828231	1
518436	518435	1
11906344	11908117	1
5825952	5789123	1
7232131	7379796	1
6043916	5966565	1
6265555	6265556	1
8450445	8452412	1
8001670	8002701	1
6463464	6463463	1
464223	5413515	2
9313274	9310167	1
633449	494048	1
1999624	1999577	1
6685630	6685629	1
9156023	9156016	1
3772318	3772321	1
7782450	7741729	1
3289585	3289586	1
6748549	4229350	1
102360	102362	1
9249379	9249422	1
7489992	7493028	1
12332994	12332797	1
5004731	5004732	1
8238298	8238301	1
835881	822658	1
7312253	7312254	1
8152620	8152721	1
3039931	3039932	1
7203128	7203127	1
796457	788124	1
617192	618438	1
7532160	7531811	1
4001682	4001670	1
11605354	11607144	1
222392	222389	1
10676928	10676073	2
5730153	5207370	1
7702905	7702906	1
3289491	3289584	2
7940574	7940569	3
3030630	3030629	3
3793057	3412764	1
3600105	3600091	1
11344351	11344352	2
1279250	1279249	1
4354248	4223549	1
6522131	6522541	2
2128834	2407093	1
4596333	4596334	2
8469284	8469438	1
12021645	12021648	1
3419182	3419215	1
10435279	10435280	2
6284175	6283956	1
12453537	12452695	1
11481349	11481352	1
3780552	3781077	1
440653	3739219	1
1120135	1120136	1
11352895	11352517	1
8541686	10544377	1
6638948	6638954	1
7635541	7635965	1
11278955	11278956	1
4278423	4278424	1
10959605	10960481	1
2652809	2652810	1
4218915	4222160	1
6464437	6463901	1
9962125	9962127	1
8027227	8027228	1
5316514	5593518	1
11688066	11687998	1
3292289	12583978	1
2112283	2064999	1
1510280	1524134	2
10809367	10809903	1
2391923	2138321	1
11241649	11241615	1
8588842	8588845	1
6268505	6268559	1
5201269	5201270	1
6592491	6814276	1
8791720	8786715	1
10800232	10800229	1
5010257	5009684	1
3292289	3291927	1
568115	568139	1
2697962	2697959	2
7452895	7452925	1
12169410	12146601	1
12245234	12245233	1
4356181	4356182	1
12435115	12435098	1
12813002	883662	1
6315065	6314495	1
6704456	6706141	1
4553144	4553143	1
12760465	12760466	1
7186491	7186492	1
5540774	5540773	1
10995535	10995184	1
5912921	5912922	1
7661137	7661138	1
5259037	5248980	1
11016656	11016660	1
12487143	12487105	1
5660434	5660426	1
3609295	3609296	2
868721	868722	1
9807901	9808172	1
12492018	12492017	1
2850437	2850438	1
602272	119723	1
143457	143458	1
9658942	9642741	1
2307789	2307790	1
3989103	3989105	1
5610725	5610726	1
10366223	10366231	1
10983810	10983806	1
9802818	9697508	2
5438516	5438616	1
4228493	4228494	1
10554115	10523226	3
4107706	4107704	1
8161914	8449010	2
2307629	2307535	1
11545447	11545448	1
7352972	7352896	1
4614536	4608587	1
12389442	12389439	2
6848186	6848188	1
11016658	11016660	1
4470601	4470602	1
12426320	12431887	1
6718488	6808275	1
6205037	6205221	1
4191042	4191037	1
8577165	8577169	1
10736935	10732863	1
3411850	3411849	1
3982050	3983390	2
7063739	6914858	1
6319726	6318626	1
1599898	1599926	1
11163847	11163850	1
6565723	6565751	1
8192159	8192160	2
5363401	5363402	1
10523227	10523228	1
7080725	7080174	1
10718683	10718684	1
5186210	4875103	1
11126692	11126695	1
10717348	10717350	1
12731568	12731583	1
11764164	11768764	1
1619414	1544196	1
9727979	9727932	1
11197309	11197310	1
12635241	12635242	1
3537127	3537159	1
613698	613697	1
12284232	12276110	1
10293646	12791898	1
909109	909245	1
3538142	3538166	1
4752388	4720377	1
3409830	11495371	1
65262	63576	3
3855453	3855454	1
4782256	4782292	2
12021645	12021646	1
9652736	9652735	1
10439750	10439665	1
6840953	6841091	1
1565463	1565464	1
4954699	4954700	1
9374336	9374345	1
10596981	10593537	1
7641140	7641139	1
440380	440379	3
4836040	4836020	3
2403563	2403566	1
630687	630658	1
1655598	1654973	2
10399074	10399071	1
5138845	5138846	1
10366230	10366233	1
8408197	8408177	1
1241999	1242000	1
5517502	5291555	1
1312011	1312012	1
714152	886312	1
4579821	4579606	1
4599198	4599203	3
5876026	5722795	1
1977200	1974347	3
11385990	11385338	2
9570866	9464227	1
3137152	3046187	1
8969556	8969587	1
3214635	3214701	2
1180848	1180825	1
6740287	6740285	4
416719	416720	1
11789940	11789939	1
9853348	9853350	1
10073100	10073082	1
7991941	7991942	1
1662596	1662595	3
1174785	1174796	1
10126023	10126049	1
5088901	5088902	2
8316624	8316652	1
2987621	2971141	1
9107803	9107804	1
9495767	9497461	1
5574915	5574916	1
3239561	3239562	1
12050420	12050594	1
7488117	7495103	3
5462110	5533685	1
10381732	10381731	1
10664908	10664913	1
6764885	3259420	1
8226192	8226195	1
11711208	11711207	1
12001178	9285288	1
9253865	9253866	1
6972592	6972589	1
8576651	8577169	1
5181580	5181579	1
390040	50956	1
5091698	5091697	1
9974470	9974135	1
5183983	5183194	1
8196260	8196258	1
5377508	5377507	1
949823	949824	1
4548195	4548403	1
5948027	5948002	1
8580967	8386131	1
10008123	10008195	2
6543724	6543723	1
7705164	7705392	1
5349881	5486797	1
5878038	5878061	1
3418213	3420198	1
3208206	3208205	1
8053925	8053837	2
2697958	2698430	2
11830427	11830428	1
12155644	12155641	1
283749	283750	1
7702903	7702906	1
1577041	1577042	2
10384857	10384858	1
10580141	10580180	1
8848647	8848648	1
641069	641070	1
7274279	7270361	1
2507203	2507206	1
4146785	4149827	1
7691465	7691466	1
490908	490827	1
912151	174235	1
8302816	8334258	3
6438134	6438058	1
10158229	10158230	1
11349750	11363008	1
4236625	4210478	2
8208656	8208664	1
5664508	5664514	1
10592977	10592978	2
2524846	2531220	1
10579517	10579528	1
6355526	6355556	1
5227195	5227196	1
12261937	627715	1
6084859	5956754	1
9927960	10128973	1
5094761	5094841	1
6384483	5911272	1
6067210	5965426	1
8958471	8958449	1
518436	518433	1
7861511	7862533	1
8150118	8150108	1
6936472	6936501	1
4380222	4379411	1
4593080	4593059	1
9997667	9997668	1
7345649	7346283	1
3635892	3633040	1
10531492	10531491	1
10760769	10759811	1
9300109	9300110	1
3599901	3609983	1
6595444	6595355	2
2949016	3190919	1
2565109	2565112	1
4220487	4220360	1
6759730	3254345	1
12007600	12009753	1
12367644	12367643	2
8761262	8761265	1
12137067	12137177	2
11122464	11065306	1
12484423	12484432	1
6825587	6825588	2
5649826	6048920	1
1338386	1339486	1
3997675	3999048	1
5466658	5466644	1
6164538	6168996	2
10284968	10284965	2
5450820	5552042	1
9276248	9276247	1
5410512	5410403	1
1845364	1845361	1
4276800	4277114	1
6732819	6732820	2
5141005	5141006	1
8486120	8486119	1
5268966	5204050	1
7070481	7070556	1
4486685	4486681	1
6352204	6351511	1
8728646	8728645	1
2863275	2863248	1
5711452	5747208	1
8211362	8211391	1
2173832	2173848	1
6056690	10865867	1
11584081	1832553	1
11670836	11670835	1
7972570	7973034	1
9996559	9996562	2
1728680	1728592	1
5215655	5178853	1
1630184	1630204	1
7723195	7721575	1
9987100	9987113	2
8190323	8105941	1
2225719	2225720	2
518434	518433	1
5274712	5274974	1
2607709	2607738	1
266147	158387	1
994681	994682	1
3524559	3524560	1
11290141	11290142	1
6494429	6491040	1
12184047	12184048	1
4279433	4279434	1
4386891	4386742	1
9184944	9182359	1
65204	65203	1
10008466	10008465	1
12670707	12670710	1
2693044	3099876	1
6099279	6099282	1
471052	471051	1
12271425	12271426	3
9726568	9726556	1
9316960	9316959	1
9015063	9058661	1
11070535	11056519	2
737755	854836	1
10598157	10593530	2
6513185	6510875	1
6856694	10463211	1
8821396	8821386	1
8232939	8232940	2
3364241	3364242	1
6421293	6421294	1
9188380	9142474	1
1480734	1478486	1
8376002	8376097	1
3082813	3082373	1
2472513	2474269	1
8536281	8536282	1
10973218	10972587	1
10895251	10895253	1
1113181	1113182	1
530094	530093	1
11089732	11089731	1
1148007	1147249	1
5995906	5995994	1
7854472	7853794	2
4651828	4651473	5
7857280	7857259	1
3489673	3489685	1
7976813	7976687	1
8363132	8363129	1
10211232	10211003	1
12383855	12383856	1
570015	570016	1
9162954	9163059	1
494362	494361	1
9363616	9363621	1
10873692	10873691	1
7632755	10466378	1
7928420	11137045	1
6190818	6119486	1
12284235	12276089	3
10743429	10743417	1
4085541	4085542	1
12372715	12372716	1
5218701	5207835	1
2065158	2065157	1
6154227	6154228	1
11553755	11552988	1
6048157	6048158	1
8448692	8610574	2
2433142	10821960	1
2745697	2745698	1
8284756	8284765	1
5072383	5072384	1
412733	413036	1
9599347	9599348	1
7371984	7371976	1
11143228	11143243	1
7664848	7672351	1
3673796	3676964	1
8073843	8073520	1
11455888	11312640	1
891602	891438	2
5162072	5162175	1
11993035	11993036	1
1627652	1507411	1
5004729	5004730	1
8256004	8256038	1
204803	204823	1
9022472	9022471	1
9773503	9773504	2
7915589	7915563	1
1028417	1030759	1
6945812	6945919	1
7202425	7202426	1
842890	842889	1
9689677	9689678	1
4332635	4197453	1
11230174	11231373	1
6897963	6897966	1
8839669	8840606	1
2260960	2264159	1
4708919	4708920	1
32946	32945	1
7011346	7003325	1
3121427	3122756	1
8795893	8795894	1
9028765	9033209	1
5947344	5872668	1
10673742	10673801	1
12509686	12509690	1
2848125	2874281	1
6686013	6686014	1
5201271	5201272	1
3911997	3911998	1
9057339	9058688	2
8526706	8526705	1
6960276	6960325	1
2583848	2583847	1
3231503	3231504	2
10206829	10206832	1
6925833	6925661	1
3305602	3305601	1
6048157	6048160	1
2067639	2065434	1
11720039	11720040	1
9879212	9879215	1
361343	359266	1
2950230	313828	1
4655000	4654999	2
3384489	3384478	1
207847	2923490	1
10132361	10070610	1
7911416	7911329	1
3806863	3806864	1
7501210	7501209	1
1980040	1966327	1
8881316	8880805	2
1829083	9022471	1
11124029	11182749	1
2369788	2369787	2
1372111	1372112	1
8518592	8518591	1
9352080	9351564	2
8211066	8217274	1
12551345	12551346	1
6069664	6069652	1
857357	856601	1
1383203	1386681	1
6319576	6383973	1
10903267	10903262	1
10579129	10403161	1
390042	390041	2
8951074	8951076	1
151666	408633	1
11110081	11109756	1
8865483	8865484	1
12327416	12327423	1
394360	394359	1
7165464	7165463	1
11232846	11233158	1
4017252	4016093	1
11159997	11089733	1
8694925	8663748	1
11807991	11808148	2
11703326	11703964	1
10581891	10581948	2
3607333	3607334	1
8865485	8865508	1
10797637	10797638	1
6902373	6920736	1
8059651	8052706	1
4454914	4456627	1
11540542	11523649	1
1654847	1653623	1
2220968	2214832	1
12244144	12244143	1
11834251	11899144	1
12486620	9797655	1
5534163	5534194	1
7262129	7262130	1
851937	851971	1
9554827	9554828	2
5483048	5483047	1
807031	808223	1
10255375	12296861	1
7108588	7108632	1
468355	468356	1
11624400	11624397	1
12796197	12797001	1
9830709	9830710	1
11163876	11163879	1
6073857	6074472	1
1697192	1697191	2
10833298	11014120	2
12363051	12363052	1
10334267	10336150	1
5332501	5332491	1
4581499	4581500	1
9912106	9912552	1
3911413	3579987	1
10916601	10916602	1
12152941	12152981	1
1974326	1974259	1
857590	821663	1
8387804	8387809	1
4000665	4000723	1
10974862	11082751	1
8412503	8412205	1
12618554	12618553	3
10092559	10092560	2
4811165	4811120	1
10416480	10416478	1
12640062	12640115	1
4799641	4684146	1
4723495	4723487	1
9012346	9036064	1
10446413	10446419	1
2837876	8514365	1
9578176	9578194	1
7165465	7165466	2
1642219	1642220	2
8621727	8860042	1
7303939	7303856	1
5161522	5197548	1
10993556	10993606	1
12119500	12119550	1
6003703	6003665	1
9013516	9012737	1
883707	931694	1
3764312	3763877	1
7520657	7520658	1
3026478	3026477	1
3487372	3487389	1
9070341	9041149	1
4918699	4918700	1
7553293	7551987	1
4018884	4018883	1
6545963	6545964	1
1831951	1832979	2
2229636	2229635	2
7451549	5086725	1
8907904	8908027	1
2106429	2106421	2
6559357	6559358	2
6494427	6494428	1
7198857	7198829	1
7201969	7202424	1
4556773	4556448	1
5247439	5247466	1
2588756	2588782	1
9931846	9927152	1
6662051	6662052	1
676045	676047	1
2216756	2216752	2
440382	440381	2
7530088	7530083	1
3658443	3658444	2
11830425	11830426	1
9097523	6416372	1
2854289	2854292	1
2348981	2348982	1
12417175	12417404	2
11644015	11643948	1
5202093	5202087	1
9962687	9960356	1
5651654	5651658	1
12815225	12815220	1
1407182	1267075	1
12328671	12328669	1
4340614	4340604	1
1367551	1367552	2
8647238	8646327	1
4593052	4594206	1
11912992	11912991	1
6550544	6546332	1
3196105	3196106	1
4990103	5704052	1
1761918	1761917	1
2178763	2178757	1
11887098	11884007	1
5812627	5812628	2
391408	391407	1
5832820	5835911	1
8217328	8216917	1
1216614	1216675	1
9987644	9987643	1
8682454	8682466	2
4048083	4048084	1
8471007	8602369	1
7070856	7272939	1
4858524	5693123	1
12494835	12502558	1
10721061	10721172	1
143453	143456	1
7776488	7776487	1
6989579	6975388	1
11779969	11779973	1
11238053	11241255	1
11880469	11880454	1
8989849	8975301	1
12496827	12496832	1
7392930	7393069	1
10226807	10225727	1
287396	287381	2
11318245	11318246	1
106036	9662243	1
7937979	7937980	1
2478280	2478279	1
450044	450053	1
1336743	1336745	1
10724271	10724272	2
2403405	2398460	3
6653613	6659177	1
2613732	2613865	1
3282980	3282959	1
3303198	6766995	2
5278872	3246898	1
9866532	9871681	1
6178289	6178290	1
10096128	10095925	2
10046177	10046170	1
1450979	1450980	1
11928794	11928999	1
393230	383659	3
8865345	8865346	1
8102665	8102666	2
5751952	5749807	1
7632761	10466378	1
4522836	4522835	1
11705931	11705668	1
55120	55117	1
6455917	6455915	1
10349016	10348257	1
4423549	4423602	1
3785337	3785338	1
3572377	3569440	1
3721019	3721829	1
1857143	1857117	1
6315067	6314495	1
2746293	2746348	1
8212261	8212262	1
9494647	9494655	1
4440152	4440149	1
5020815	5020813	1
7721982	7721981	1
6396678	6396669	1
11983496	9256480	2
11445419	11445408	2
4992795	4992796	1
3211516	3211510	1
7504629	7504794	1
945696	854624	1
2214820	2210484	1
12741800	828077	2
8300699	8296746	1
11072221	11072222	1
12027253	12027306	2
10064365	10064366	1
7965156	7150564	1
617194	617193	1
12459502	12459486	1
6315815	6315854	1
11792603	11822883	2
8546965	10755450	1
366440	705547	1
2646185	2646267	1
12631127	12631099	2
10013059	10013157	1
1613760	1611711	1
5352448	5151631	2
3742938	3743037	2
8583575	8583576	1
465476	465559	1
6380588	6353327	1
11707434	11808633	1
1513671	1513484	1
8527420	8527563	1
5551715	5551716	1
8818260	8818259	3
753452	752847	1
11387153	11387142	2
11230119	10073853	1
5899467	5899468	1
345834	345833	1
10379137	10379138	1
5422570	5422569	1
3891117	10893752	1
4854683	4854684	1
12464159	12434756	1
221712	221711	1
2119131	2119088	1
12538727	12538728	1
7283759	7284977	1
12368333	12716725	1
11774115	11774102	1
6416035	6417065	1
10197273	10197274	1
284147	283564	1
739181	739182	1
5412469	5397126	1
7894413	7894414	1
6417064	6415961	1
445828	187117	1
10726274	10726260	1
11356485	11356519	1
5408885	157222	1
10106903	10106904	1
11493077	11493078	2
12183067	12182999	1
3168502	3168731	1
12517319	12517440	1
9641512	9642112	1
2695562	2943912	3
234450	235959	1
12265782	12193650	1
11838835	11838836	2
11055821	11056341	1
6180467	6180429	1
11097332	11116962	1
8185317	2802732	1
4036331	4002206	1
10540193	10539792	1
6942271	6942267	1
9351333	9351463	1
12659681	12652364	1
10561913	10561934	1
7232191	6932615	1
10018649	10018650	3
2097846	2098447	2
6725172	6725193	1
1090081	1090082	1
9061519	9061520	2
4028112	4024233	1
11363282	11363528	1
9422655	9422656	2
3185987	2836070	1
11638204	11638281	1
7131338	7122790	1
8883456	8883455	1
9902784	9902734	1
6969278	6969281	1
11545722	11546420	2
9804170	9804152	1
402855	402858	1
11392453	11392454	1
11546441	11546404	1
12512503	12512514	1
3561551	3561475	2
1769626	1769623	1
4620563	4620564	1
11585038	11585115	1
2748952	2748487	1
1464644	1464643	1
2885607	2885608	1
2397184	2385776	1
7177008	1153447	1
3203651	3203760	1
11449882	11449879	1
9266731	9266732	1
11072827	11072828	1
3488182	3488215	1
11681590	11681589	2
11042259	11224030	2
12525787	12525860	1
2683675	2683670	1
3323356	3323361	1
9668974	9668979	1
1921144	1921143	1
6999392	6999399	1
11476564	11476302	1
3320325	3320326	2
10911473	3389049	1
6923030	6975246	1
10120581	10119988	1
8866690	8882884	1
7741538	7741701	1
7625547	7625523	1
2499270	2499269	2
6918895	6900666	1
6528421	6528405	1
4990832	4990653	1
843886	862290	1
6934761	6934801	1
3129476	3129475	1
2447984	2447983	1
6425794	6425793	1
3446611	3446846	1
9150795	9010590	1
2710198	207093	1
6048159	6048160	1
12511796	12511805	1
3128446	3123129	1
11726491	11726469	1
4744651	4744652	1
11493043	11493044	1
4366286	4366879	1
9144372	9188120	1
12325139	12325136	1
8106807	8106808	2
10085867	10085868	1
6268769	6268365	1
3121747	3121679	1
1584177	1584174	2
9830711	9830712	1
6219601	6259582	1
3552559	3593835	1
7166318	7166317	1
5466658	5466657	3
7509934	7509933	1
11188997	11188735	1
3645256	3648941	1
4741420	4741477	1
7866070	7864399	1
1997625	2082967	1
5520370	5532317	1
9554051	9554056	1
6144547	6144548	1
6236420	6237879	1
11945198	11945201	1
8466316	8466315	1
4551135	4540966	1
4437107	4209453	1
7259523	7259524	1
10126651	10126648	1
9878430	10098119	1
11832744	11832760	1
418638	875177	1
5814378	5814368	1
6797691	6797692	1
12052719	12052720	2
5194167	5194159	1
2647665	2647600	1
7338646	6905901	1
5601536	5601505	1
3464658	3464622	1
8987357	8987358	1
11753169	11753170	1
7751325	7751326	1
2574977	2585871	1
5526614	5526617	1
1486740	1486739	1
196679	3924483	1
2007401	2006346	2
8057132	8229545	1
6950045	6950038	1
386891	386892	1
10217435	10217691	1
5004296	5004295	1
7788388	7788512	1
8367718	8367717	1
12383600	12641998	1
2762357	2780841	1
9648654	9648671	1
5584075	5589729	1
2319748	2319747	2
1016052	958962	1
8543276	8543164	1
7951130	7951151	1
9185780	9185779	1
5400152	5400026	4
3376330	644023	1
9022535	9022519	1
1392067	1392234	1
4042882	4042956	1
12344452	12344459	1
8092840	8069437	1
4902789	5254638	2
9234890	9234889	1
10689155	10655991	1
6782504	6573125	1
11724269	11724270	1
923921	923936	1
11445413	11445414	2
3697767	4123454	1
10983881	10983978	1
1763935	1764057	1
285043	285048	2
11790338	11790337	2
2751287	2751916	1
6934166	6934169	1
2397418	2390373	1
1258031	1258049	1
11857310	8661172	1
10477350	10477349	1
8662705	8662709	1
6317992	6317991	1
1847406	1862214	4
9386817	9386818	1
3053133	3036414	1
7255834	7255833	1
4817890	4815056	1
2975436	2973042	1
1028417	1028418	1
7064529	7068812	1
2511047	2510662	2
1908745	1908746	1
5297891	5299203	3
6421944	6421980	1
3861127	3861128	1
6619640	6368577	1
4010174	4010173	1
12615843	12616370	1
8641038	8640556	1
6127568	6127571	1
1144932	1144931	1
12168716	12168715	1
1576997	1576998	1
7517133	7743982	1
10709821	10709822	1
3868046	3855474	2
5013677	5013678	2
1220924	1218003	1
9527779	9527777	1
191261	191233	1
6655283	6655284	2
6151426	6151425	1
3010576	3010395	1
4054704	4054736	1
6685634	6685631	1
2565111	2565112	1
11808149	11808150	1
7052368	7052404	1
8090789	8090786	1
5465290	5465287	1
6833540	6833537	1
990456	1434469	1
7324702	1735390	1
4598700	4598698	2
11092915	11092922	1
2090945	2094228	1
1417195	1467051	2
10291375	10291376	1
9587258	9530972	1
11397307	11397327	1
7665117	7665118	1
6833335	6833336	1
2021767	2021807	1
9963083	9958144	1
539482	539615	1
5013675	5013676	1
5491370	5491369	1
12793166	12793185	1
6353581	6353558	1
12262231	12262621	1
2998559	2998560	1
12531703	12531706	1
3204893	3205252	1
1403886	1403889	1
11266682	11487297	2
2602479	2602371	1
1378759	1377968	1
7542480	7542479	1
4532199	4713125	1
1299218	1299217	1
6861572	6861540	1
3733959	3733960	1
15961	15950	1
6355557	6355558	1
11445409	11445412	2
7534745	7534746	1
6752599	6752753	2
6443951	6443609	1
5843673	5843666	1
6518682	6518681	1
2481148	2481164	1
10469438	10469254	1
10594149	10594118	1
1174783	1174784	1
4606727	4607998	1
12523319	12523320	1
3634707	3401509	1
7096961	1138226	1
9172330	9172350	1
2513678	2513354	1
4560381	4560223	1
10410284	10409215	1
5266448	5266491	1
5369230	5583300	2
11579128	11583239	1
4406055	4175003	1
153640	333331	3
6604300	6677787	1
12609910	10165534	1
12225388	12225394	1
7614774	7621805	1
7986230	7986233	1
12372695	12372714	1
6099277	6099278	3
1822609	1822632	1
3857807	3857808	1
3647982	3651746	1
8064389	8064390	1
9663246	9663245	1
5462888	5530583	1
10217435	10217693	1
965274	965512	1
11589050	11589045	1
12797815	12797882	1
337579	337781	1
10138415	10138408	1
7983572	7983579	1
8061451	8104785	1
1329333	1480283	1
564302	561795	1
106036	106035	2
9775056	9773103	1
285051	285052	2
8725989	8881040	1
11319489	11319490	1
9941219	9941243	1
3431081	3431110	1
9197719	9197710	1
2408303	2408205	1
387786	387746	1
9706951	12209679	1
3603647	3611815	1
9302658	9302654	1
10261364	10262215	1
12290310	12312751	2
3489917	3489910	1
3204579	3208503	1
7177493	7177494	1
7481327	7481925	1
8765772	8762147	1
10462076	10462255	1
8418503	8418504	1
5804410	5804409	1
9687622	9685616	1
4235739	4227178	3
12593687	12593688	1
10477792	10530526	1
7779361	7779362	1
6799642	6799775	1
11575732	11574144	1
3063299	3063105	1
9980188	9980198	1
12547122	12547121	2
9587701	9587702	1
7528263	7528264	1
5678494	5678493	1
8690355	8690335	1
1803208	1804640	1
5095965	5096954	1
7510334	7511213	1
11248189	11248211	1
9582111	9582112	3
11395441	11395442	1
9668254	9668253	1
6402359	6402360	1
214397	215874	2
1840497	1840498	1
3989993	3989994	3
10158227	10158228	1
6167355	6167356	1
10261364	10262217	1
12604856	12606504	1
11122075	11122077	2
6255235	6255240	1
3026475	3026477	1
8750033	2626981	1
2404660	2483068	1
1697190	1697189	2
9655930	9653551	1
5550020	5550008	1
724744	724459	1
3984505	3984534	1
5069149	5069150	2
9128208	9128207	1
3191329	3191336	1
10986696	10986695	1
3733979	3733961	1
6065665	6065668	2
7485584	7485597	1
10999827	11027423	1
6539612	6539569	1
11884006	11885108	1
2750677	2750678	1
1277356	10726020	2
6792566	6794132	1
7341364	7341363	1
12593683	12593686	2
6206802	6206801	1
333330	11553785	1
3787159	3795580	1
6378313	6452495	1
12762025	12762026	4
1253467	1253468	1
10739196	10739183	2
2658072	2658075	1
11766918	11766930	1
10092561	10092562	2
7025443	7294237	1
2465171	2459077	1
9596425	9602876	1
3137008	3136697	1
10333703	10392264	1
5876577	5876546	1
6151100	6151072	1
2016986	2016989	1
6057549	6057561	1
9865813	9902489	1
7201967	7201968	1
3440156	8342439	1
3601778	3604723	1
11912990	11912989	1
2374113	2339238	1
5191761	5191762	1
7660137	7660138	1
6137123	6144175	1
12786873	12786874	3
10875834	10875868	2
12201229	12201214	1
6043915	6043937	1
253346	253268	1
7612881	7612882	1
2806077	2806078	1
1604617	1601714	1
7169383	7294606	1
12333259	12333260	1
6611205	6611193	1
8848373	8848374	1
7915716	7915715	1
12455133	12618748	1
6444912	6444911	1
10739423	10710149	3
7790158	7790545	1
2227018	2227414	2
9021795	9021791	1
9462652	9791763	1
2258091	2258121	1
11579039	11510225	1
1442673	1441721	2
4345309	4343090	1
10992476	10991981	1
4695180	4695781	1
6494427	6491040	1
1871056	1852984	1
1318941	1318964	1
735916	737757	1
11500184	11500381	1
1217706	1185815	1
8220380	8220379	2
10462078	10462077	1
6674671	6674672	1
2441433	2441434	1
10210886	10210885	2
9126572	9126562	1
8967122	8958866	1
7148853	7148854	1
6601625	6601667	1
10677125	10677148	1
2531261	2531262	2
11677684	11677762	2
5225281	5225282	1
2175979	2169575	1
9568407	6962384	1
2664861	2665095	1
10408269	10406544	2
7540289	7540761	1
11546423	11546424	5
9721823	9721824	1
4800711	4833325	1
12048724	12048723	1
1332505	1332502	1
3609297	3609457	2
1464113	1464114	2
3583337	3583338	1
65205	63577	4
11072825	11072826	1
756024	756007	1
2750694	2750676	2
4587056	4282343	1
2938144	2938143	2
10709823	10709797	1
11926920	11927105	1
2830367	2830368	1
10540191	10540192	1
9647477	9639645	1
11771927	11771907	1
11359352	11354240	1
3195824	2720525	2
2693046	2693045	3
7246412	7244376	1
3218181	3217754	2
8417373	8417632	1
12623703	12623708	1
9155410	9156053	1
7665041	7665042	2
10220377	10219216	1
3634422	3634421	1
53446	196493	1
1030839	977899	2
11290139	11290140	1
7115911	7115869	1
6178329	6178288	1
5371964	5372644	1
3447345	3447478	1
4614158	4614157	1
9232182	9237432	1
2065422	2065426	1
5481883	5481884	2
653493	653483	1
10334269	10334272	1
8161912	8449010	1
5445230	5445311	1
10246927	10251427	1
9864391	9864392	1
7517135	7743984	1
7878769	7878770	1
10421827	10421828	2
10022197	10060568	1
7869037	7869041	1
11378684	11378693	1
10853764	10854107	2
9393192	9393191	1
2037514	2037513	1
5454364	5451675	1
4724231	4724186	1
9539063	9539064	1
4019738	4019724	1
10282655	10282656	1
7615117	7615118	1
10676926	10676073	1
6909691	6909820	1
1401210	1401207	1
8169294	8101133	1
9010595	9037956	1
65202	65154	1
11962749	11962751	1
7446392	7446391	1
11474393	11475155	1
1110477	1109818	1
8526704	8163648	2
7432627	7432624	1
5810711	9188784	1
10848139	10847537	1
5656303	5611551	2
331570	153460	1
7660180	7660136	1
12679216	12386489	1
12770493	12770247	1
11626283	11626284	1
12492018	12492054	1
2856168	2856138	1
6978255	6978256	1
4634304	4634303	1
823412	823424	1
6997219	6839499	1
1343015	1358484	1
7507478	7507477	1
6785001	6786978	2
4740895	4681229	1
4145248	4141514	1
735072	735670	1
7392871	7398028	1
8539554	8539512	1
11859825	11859826	1
1207174	1207173	2
2672300	2672124	1
1356389	1355950	2
4042882	4042958	1
7368983	7362546	1
1795139	1795140	1
4578880	4578872	1
12359170	12345660	1
1299216	1298244	3
7479488	7499413	1
11016661	11016662	2
6566985	6566826	1
5310995	5311003	1
6407278	6461342	1
4558076	4559910	1
1868938	1867226	1
8468513	8468657	1
4607349	829028	1
6048958	6050230	1
10238226	10238223	1
7983498	7983495	1
5419639	5419640	1
7074242	7074172	1
7901211	7901212	1
6421192	6421295	1
10785586	10785569	1
12260571	11940774	1
8470556	8465838	1
11855345	11853251	2
10405745	10591225	1
10617555	10617556	1
8478356	8478355	2
5359213	5359996	1
9883187	9871670	1
10864847	10864848	1
6929970	6929961	1
8163768	8163750	2
6056567	6056576	1
10970543	10970550	1
3692380	3704708	1
5483046	5483015	1
3275297	3275298	1
3973228	3973110	1
864929	864923	1
3204891	3204892	1
8149783	8149774	1
10641563	10625293	1
2267626	2267664	1
1829083	9022473	1
11453399	11453381	1
4316907	6707863	2
10583216	10582941	2
1882590	1882592	1
2941113	2941114	1
12749813	12748898	1
3089031	3089032	1
8730855	8730821	1
1985007	1994781	1
10053098	9840774	1
9560677	9641004	1
3101905	3099876	1
12659905	12658765	1
3473348	7439223	5
11613936	11613243	1
11753171	11753172	1
8472677	8471771	1
8369071	8374537	1
4242724	4242723	1
242643	242646	1
3946366	4123715	1
11869908	11870207	1
11500459	11500462	1
10539622	10541365	5
11853508	11853813	1
4532521	4531649	1
11889837	11889838	1
292831	292957	1
1415235	1415236	1
7370475	5229308	1
4651021	4647189	1
4387222	4387219	1
1056601	1146654	1
9668286	9668255	1
7042720	7042719	1
2826838	2826837	2
8520402	8520348	2
4807188	4808096	2
6030142	6030141	1
5843667	5843668	1
9688249	9688243	1
8796445	8796446	1
10893753	2476518	1
842888	842891	1
10994535	9080964	1
8232941	8232942	1
12697281	12697300	1
3534819	3534820	1
7702903	7702904	1
2475125	2317618	1
11182062	11182055	1
10312618	10311828	1
11322750	11320847	1
5894962	5894960	1
4275855	4275856	1
9837172	9837171	1
8442445	8442501	1
345911	345912	2
943703	943704	1
2426870	2456359	1
9363732	9363730	1
2934143	2934136	1
4147487	4148725	1
5943787	5943963	1
2667950	2676562	1
10425145	7429372	2
1734708	7355383	1
9091779	9090758	1
10119241	10097175	1
9571114	9571121	1
10620165	10620153	1
3634705	3634706	1
8564108	8564107	1
8940681	1735169	1
3084285	3006054	1
10694830	10636960	1
861983	861989	1
3192852	2948922	1
10666029	10666082	1
3671324	3671307	2
11003098	11003163	1
11267390	11267389	1
8518913	8518914	1
1847408	1847407	3
11072829	11072830	1
11967960	11967918	1
4275857	4275858	1
9706825	9706952	1
6807415	6807406	1
6099281	6099282	1
7513278	7513295	1
10912253	10912260	1
9015113	9058658	1
6425797	6433075	2
4388167	4388168	1
5096186	5923746	2
644369	644364	1
2943913	2943916	1
8408603	8408608	1
456170	367179	1
452686	452685	1
3743877	3744062	1
10993559	1971349	2
4634302	2374252	1
7517135	7743982	2
12577417	12597971	1
2211801	2211802	1
10006994	4198410	2
3104488	3193579	1
7788513	7788514	1
7616357	7616224	2
6282558	6282571	1
2347732	2088163	1
4439700	4341414	1
9338037	9337515	1
9832279	9832280	1
5851115	5851118	1
4273244	4273243	1
6343875	6343876	1
4721542	4721503	1
6226377	6226463	1
753723	944162	1
195129	193324	1
1161542	1161539	1
4223532	4223531	3
11159037	1251102	1
9554053	9554056	1
5664189	5656852	2
11648519	11642073	2
6057548	6057657	1
6355333	6355360	1
1537715	1537716	1
6216813	6216814	1
9900316	9897347	1
1118468	1118482	1
8408195	8408196	1
12137067	12137175	1
1263982	1672173	1
10424317	10424303	1
7786715	7784042	1
10342561	10342556	1
1958195	1958196	1
1892300	1893979	1
7165467	7165468	1
11487864	11487863	1
7107909	7107801	1
6833536	6833535	1
12035805	12034818	1
336577	336555	1
5422110	5422109	2
7803915	7738610	1
9898531	9898532	1
5714537	5719684	1
1968740	1968737	2
4423436	8855057	1
11096874	11096795	1
4731731	4731714	2
5092147	5091697	1
1921142	1913434	1
8647384	8647476	1
9599349	9599350	1
7003046	7004382	1
6083594	6083602	1
249960	249978	1
12431928	12429656	1
938383	8170681	1
11733051	11733052	1
2499270	2511618	1
1930294	1930318	1
8414675	8414676	1
949909	3328544	1
5363399	5363402	1
5155789	5001816	1
9998691	10144596	1
7127014	7121320	1
11492412	11492429	1
1517114	7395278	1
480942	601106	2
6327778	6260655	1
10851387	10851378	1
7828737	7828738	1
6745024	3345282	1
5553716	5346802	1
2661971	2661753	1
11932235	11681591	1
10472417	10472297	1
7516658	7518440	1
6199477	6115345	1
3799442	3799454	2
271470	271475	1
6214835	6214836	1
964935	964953	1
8946237	8946238	1
2938209	2938145	1
2246011	2246009	1
12616371	12616392	1
11356629	11356517	1
5821746	5821589	1
5901591	5900566	1
4709701	4710461	1
4786985	4786986	1
7158740	7158798	1
6749411	6745997	1
3634420	3634423	1
299124	299434	1
11169175	11169193	1
11867921	11867918	1
4205184	4205183	1
11772356	10166007	1
7976061	7976062	1
9866534	9866533	1
11624398	11624397	1
7354154	7354153	1
3791654	3791756	1
2641815	2641758	1
10893753	3971117	1
2029298	2035654	1
10263099	10263100	1
8064393	8064394	1
9582707	9583125	1
11285279	11285247	1
2369790	2369789	2
7474381	7474173	1
9040132	1328023	2
20824	24537	1
8347605	8347606	1
12287468	12277047	1
7446339	11235100	1
4537376	4537375	2
2565109	2565110	2
1320298	1319891	1
9847644	9849692	1
1871059	1871060	1
6199762	6199761	1
3247214	3247213	1
6960315	6960316	1
9976950	9976949	1
5651766	5803464	1
3891003	3891004	1
7853048	5513168	1
4183082	4183051	1
4054273	4054047	2
5377917	5379901	1
5761062	5761490	1
2725980	2726011	1
11283556	11283555	3
7010978	7010956	1
6278332	6278331	2
3469512	3469511	1
12675667	12675668	1
8576651	8577164	1
7736422	7731303	1
4208393	4208394	1
8287987	8287948	3
8652000	8652009	1
11710364	11710730	1
6816694	6816693	1
7243797	7067920	1
10931882	10931881	1
3810523	3810524	1
11224031	11224032	2
9672251	9672252	1
5649967	6694441	1
6911745	6911726	1
5640809	5640824	2
805669	805670	1
11258155	11258153	1
887615	887116	1
2756379	2756459	1
5185850	5185565	1
10125104	10125103	1
11537763	11619572	1
12378768	12651296	1
7258706	7086214	1
7061567	7061568	1
82640	82637	3
6972592	6972591	2
8602684	8466317	2
4337955	4337956	1
10335572	10335704	1
6910979	7225393	1
11878444	11933598	2
106038	106037	4
31981	31982	1
6799485	6578715	1
2089673	2092952	1
1289442	1258273	1
1351321	1346714	2
5390857	5348617	1
11340199	11340266	1
1870820	1860705	1
10453318	10453303	2
5065746	4901168	1
7749482	10615743	1
8383094	8383093	1
10084122	10089555	1
6928303	6928304	1
4716846	4783885	1
8729594	8865866	1
2365462	2359186	1
11132868	11121798	1
1406343	1406420	1
6569708	6576429	2
5867927	6213457	1
8692301	8691460	1
8815621	8815590	1
5598003	5598459	1
2442015	2442016	1
9676739	9676630	1
1711719	1766387	1
12472963	12472964	1
9477983	9477986	1
8754584	6333213	1
2426445	2425498	1
7088944	7088943	1
10018651	10018635	2
8999200	8999199	2
8574848	8574920	1
6414887	6140511	1
10042373	10042374	2
5867500	5867499	1
8783951	8783952	1
6190432	6190478	1
5875545	5875546	1
6740284	6739062	3
11419616	11419597	1
2178763	2178755	1
6143890	6143602	2
7215860	7215855	1
11479859	11480244	2
9829311	9829263	1
8176080	8175745	1
11873511	11873496	1
4935803	4936340	1
11006901	11033383	1
11315055	11526549	1
7087416	7087415	2
9643590	9526965	1
10359996	10360108	1
7608508	7608511	1
3863592	3863591	2
9745843	9746588	2
7965589	7965590	3
8216167	8216168	1
9925659	9925660	1
5054545	5053893	1
2565111	2574322	1
7875008	7874999	1
5821588	5821587	1
11922790	1161518	1
7784043	7784044	1
9903455	9902494	1
5476392	5556381	1
5730152	5727200	1
2320011	2320012	1
2582409	2582412	1
5875679	5874763	1
5888781	5888776	1
10262216	10262215	1
7474165	7474166	1
325588	2669072	1
10490857	10490858	1
2923957	2923958	1
10839078	10838121	1
3668607	3666670	1
11613237	11613238	1
3962589	3962590	1
6772374	3250429	1
2692576	2692599	1
9832358	11395952	1
8505614	8505637	2
4121874	4121873	1
11670834	11670833	1
9781891	9426650	1
10334269	10336150	1
6192028	10311400	1
6238050	6238047	1
1340318	1340353	1
7066435	7068439	1
11328043	11328044	1
7856643	7856644	1
8866053	8865959	1
2674387	2674380	1
3600957	8368848	1
2034596	2032634	1
1974444	1933336	1
8450539	8450540	2
4785010	4785067	1
1228680	1228679	1
1513669	1513670	1
3196054	3196052	2
12004583	12007891	1
5896717	5882113	1
10184240	10184262	2
8864404	8863705	1
4731715	4731716	1
7590295	7590933	1
6315067	6315068	1
6402817	6402818	1
11154900	11154899	1
11108686	11106370	1
10645661	2398070	1
3216416	3216413	2
5752851	5752852	1
10394512	2340260	1
12231576	12231582	1
3979206	3979260	1
4528673	4528674	2
6315065	6315066	2
3675350	3675338	2
11733053	11733054	1
1080784	1080854	1
6381335	6381367	1
1116009	1116010	2
11435486	11425366	1
210551	211946	1
193570	193569	1
2864550	2864549	1
5821746	5821587	1
9019681	1600492	1
5304051	5304052	2
5668963	5668956	1
3617602	3617601	1
6712188	6712140	1
2051746	2051820	1
9355466	9355337	1
12730740	12674124	1
5098801	7782291	1
9751658	9751618	1
4596335	4596307	2
7394829	7394835	1
10630511	10630508	1
4473215	4473216	1
5810257	5635884	1
3387803	3387798	1
7759570	7757959	1
11467346	11468041	1
8444594	8444689	2
6865424	6865245	1
6797055	6781645	1
6191385	6191386	1
12402277	12402278	1
7874047	7933553	1
12467521	12698837	1
4200173	4202591	1
7373681	7373682	1
11838837	11838838	2
10979426	10979425	2
8885837	8868947	1
6740287	6739062	1
8517778	8517777	1
3011613	3015010	1
2830354	6515810	2
4785066	4785065	1
9692699	9692678	1
9476491	9478966	2
5272271	5272272	1
7115469	7115604	1
3829223	3829351	1
12462817	12462818	1
9927962	9927961	1
2292268	2292265	1
1737796	1742670	1
8465839	8465840	1
3785335	3785336	2
4370447	4371915	1
2023585	2023594	1
6109488	6109479	1
9188382	9188381	1
12723658	12334338	1
4256999	4257002	2
5875547	5875548	1
1242400	1242403	1
11131129	11130282	1
8083427	8078922	1
4167257	4167207	1
6066599	6065400	1
1503489	1503760	1
2634523	2634437	1
6423345	6423346	1
12595209	12595210	2
9589829	9587727	1
10223307	10221800	1
338486	338489	1
9128206	10771977	1
8454742	8454741	2
5089523	5087665	1
3134576	3134575	1
5802597	5810517	1
5311066	5311065	2
5269919	5269920	1
5169027	5169028	1
9378354	9541597	1
12575513	12575495	1
11265759	11308448	1
7530086	7530083	1
5115479	5115482	2
6515811	2830758	1
1420122	1560711	1
3788188	3788300	1
11793385	11849142	1
3161759	3165418	1
11610845	11610783	1
11968767	11967488	1
10586816	10586841	1
6226082	6259783	1
10085863	10085864	3
12171847	12171844	4
8748222	8736421	1
9487751	9487752	1
4793731	4793732	1
7632755	7632760	1
10429758	10429761	1
842439	842440	1
4018882	4018881	2
5115504	5115501	2
1860744	1860741	1
6434858	6457769	1
12244146	12244145	1
5137372	5137362	1
8487701	8515991	1
1747112	1749180	1
4215693	4215694	2
1103252	1103142	2
810728	810737	1
1294072	1294071	2
2090943	2090944	1
2336865	2336894	1
4865167	9465169	1
5602192	5602298	1
1311392	1311361	1
10831232	10831231	1
9756483	9756476	1
6801684	6801693	1
10176626	10750043	1
345913	345914	1
11392989	4306247	1
8805634	8686878	1
11402686	11402685	1
9177143	9177103	1
1329136	1329135	1
1109819	1109820	2
11049038	11048906	1
6171141	6169743	1
9826088	9826087	1
821662	821665	1
6577474	6570408	2
1367095	1367096	1
3228387	3228388	1
12618554	12618551	2
1107018	1106835	1
11681409	11681410	1
8837675	8628474	1
10415119	10415120	1
3481041	6909485	1
12007103	12007133	1
609704	609703	1
5113080	5113137	2
4958958	4958955	1
778843	778844	1
3924623	3753190	1
771991	772369	1
7499605	7495324	1
3789424	3803317	1
5071214	5071153	1
10206562	10206559	1
11337510	11337500	1
7681323	7681296	1
937454	938627	1
6634666	6634669	1
7616355	7616356	2
11253142	11253138	1
641694	448969	1
2368611	2368617	2
5614516	5614515	1
5308547	5308256	1
11519133	11519126	1
524726	520178	1
8242092	8231438	1
242647	463768	1
3026475	3026479	1
8896339	8896340	1
5400152	5400028	1
1976381	1968737	1
6271898	6272554	1
5241640	5241596	1
716173	716174	1
8222318	8266554	1
3438041	8342858	1
3625256	3625259	2
7061561	7061568	1
6840545	6970449	1
5165369	5165815	1
7303857	7303858	1
6749413	6745997	1
10728231	2358345	1
9558279	9558245	1
1221934	1222133	1
6023933	6024508	1
4241289	4241298	2
8878748	8878819	1
10210219	10210253	1
5258511	5258508	1
3855658	3855731	1
9808333	9808307	1
7177495	7177496	1
120730	119812	1
10935943	10935944	1
632135	255683	1
11163878	11163877	1
2257261	2221384	1
119625	119626	1
5245119	5240495	1
12244146	12244143	1
7061683	7074243	1
8490771	3546751	1
8711250	8711432	1
11557657	11557652	1
8786030	8840172	1
8347603	8347604	1
10924044	10924050	1
7973806	7725875	1
11785464	11781127	1
12243665	12243686	1
1415233	1415236	1
6221095	6221561	1
7858409	7858410	1
970286	970259	2
11546421	11546422	2
5004294	5004293	1
974643	1059240	1
11144146	11144145	1
11228012	11248681	1
7978424	5330512	1
2536211	2536227	1
11030480	11003162	1
10438702	10438531	1
8764247	8760569	1
1789591	1789592	1
6944821	6944881	1
5969647	5969694	1
3742864	3742926	1
7714440	7714715	1
6425792	6425743	1
5235267	5235268	1
10828317	10859978	1
774376	765746	1
3430687	3430699	1
4147807	4147825	1
1343509	1344739	1
1535086	1540785	1
9377488	9377770	1
10398116	10333147	1
4614037	4614038	2
1537220	1537364	1
11387145	11387146	6
1832976	1832975	1
11721697	3963383	1
9184870	9184867	1
11120300	11120604	1
6189910	6190040	1
6316467	6316464	1
2020183	2016612	1
9829784	9829790	1
7106832	7106598	1
10749136	10749162	2
8271885	8271886	1
1470940	1470923	1
4538483	4784317	1
7872708	7691467	1
5264933	5267045	1
1959994	1959831	1
7456962	7457203	2
7061327	7061488	1
5118390	5118385	1
11123280	11129134	1
6521826	6521817	1
3511079	3511080	1
9818855	9818937	1
1653860	1653859	1
11354241	11354242	1
7392155	7392156	1
10680454	10680714	1
7414638	7414647	2
7741187	7741194	1
11513579	11513580	1
10436606	10436421	1
12052721	12052722	3
10893753	7448894	1
5311068	5311067	2
10206831	10206832	1
2941111	2941112	1
5861718	5862052	1
12715901	12715902	1
9478595	9480146	1
10235028	10235033	1
9081328	8699860	1
5676544	5896534	1
10893753	315292	1
1346888	1349556	1
1285777	1310813	1
504474	504433	1
6852229	6852733	1
8694046	5804411	1
6418131	6418132	1
1627496	1627495	1
11091221	11213918	1
9826086	9826083	1
1161538	1161537	2
10900820	10900742	1
3806647	3806862	1
1185261	1185262	1
6909484	6910123	1
756411	756424	1
10193765	10193768	1
2545299	2545321	1
7976063	7976090	1
9902383	9903920	1
1736506	7341296	1
709418	710380	1
3609295	3609457	2
7352284	7352283	1
8969377	8969378	1
7350763	7350489	1
4642464	4642463	1
3585229	3585232	1
237110	237095	1
10067473	10067474	1
9150793	9150794	1
11126694	11126693	1
4014291	4065669	1
12675221	12351777	1
7004802	7004814	1
10600101	10597169	1
7719387	7719388	1
1578749	1577260	1
3941816	3942007	1
8805606	8805610	1
6794227	6794228	1
1310607	1306125	1
2069661	2068006	1
8486118	8486117	1
11085194	11085203	1
6749411	6749412	1
5092147	5091699	1
7088405	7088945	1
7530088	7530087	1
1619271	1619274	1
10828323	10828324	1
11731096	11731088	1
404693	404668	1
11624396	11624399	1
4643372	4643367	1
11261985	11262114	1
10039932	10051665	1
1955505	1955464	2
9167751	6154052	1
3649353	3649354	1
3735740	3735370	1
7710727	7711750	2
9017152	9017151	1
3205322	3204845	1
11264839	11451860	1
2232616	2233270	1
3906912	3742090	2
10696718	10707305	1
12558491	12558492	2
2888116	2888115	1
5711794	5711810	1
4332633	4332634	2
6331020	6331120	1
6227084	6227083	1
2886410	2886927	2
6894864	6894857	1
1503491	1503760	1
6234171	6234172	1
11999201	11999202	3
9393194	9393193	1
4058213	4058183	1
345415	341389	1
5170990	5170993	1
9120802	9120798	1
3029683	3029678	1
7420289	7420290	1
12428599	12428600	1
10410763	10410764	2
10166317	10166318	2
6587830	6587743	1
4807215	4694079	1
9672026	9672178	1
6589331	6589042	1
6942269	6942270	1
5630149	5675369	1
1095442	1568496	1
11310772	11310769	2
6529956	6529965	1
3610490	3661099	1
5400027	5400028	2
3608368	3608367	1
12726088	12459323	1
5060667	9320020	1
62602	62485	1
10772553	10772554	1
2693044	3101904	1
11160007	11153071	1
4706738	4706737	1
7547261	7547468	1
4616248	4616407	1
6317990	6317989	1
12558493	12558488	2
10234254	10234929	1
4279435	4587558	1
2656010	2655335	1
6381629	6381626	1
5191217	5197855	1
4516123	4518840	1
3883185	3883186	2
5204875	5220176	1
1671589	1670263	2
12618552	12618551	3
2134220	2134219	1
5885621	5895679	1
3058131	3056460	1
6791216	666122	1
2943915	2943916	3
3228891	2709180	1
12048722	12048721	1
12622355	12622356	1
12742868	12743017	2
2317857	2318115	1
10187739	10188644	1
9554051	9554052	1
3918572	3908802	1
3323513	3326093	1
6072392	6072333	1
6315069	6314495	1
7256596	6930854	1
365636	322635	1
11243326	10072358	1
3560026	3559662	1
8076588	8076910	1
11828972	11828975	1
4424529	4224727	1
3241602	3241628	1
3989995	4089096	2
10217692	10217691	1
7215854	7215857	1
6693123	6693131	2
8393118	8416274	1
11375114	12260410	1
968493	968494	1
5878470	5890072	1
10206829	10206830	1
2267110	2267504	1
3999928	725787	1
9878176	9878873	1
5752992	5752996	1
10953968	10953965	1
12366004	12508132	1
7045712	7042985	1
2065156	2065451	1
6934757	6934760	1
10424170	10422715	1
8979691	8979649	1
1482637	1482638	1
239957	243533	1
9703495	9705121	1
4610228	4610569	1
10334273	10336150	1
10984247	11171572	1
2806087	2806075	2
6154384	6154540	1
8583583	8480750	2
9346278	9346285	1
627688	626636	1
12677507	12677508	1
11763427	11812715	3
9061511	9061518	2
3799471	4259984	1
10811618	10811615	1
7608510	7608509	1
12026061	12205492	1
2124217	2124218	1
3067011	2697245	1
841816	841925	1
3018996	3018995	1
29284	29581	1
132301	130238	1
1542757	1542743	1
6130760	3968183	1
12547120	12547119	2
9314512	9581087	1
5804702	5800426	1
8377761	8377826	1
1080921	1080922	1
8354140	8414779	1
10846307	5844334	1
6965981	6966339	1
407820	363751	1
7320875	7320876	1
10942817	10942818	2
775780	782626	1
308071	308080	1
8895813	8894750	1
5199761	5225280	2
3323360	3323357	1
1037966	963727	1
1583200	1571837	1
3596499	3597183	1
8067544	8067547	1
2016988	2016987	1
8534555	949822	1
10519540	10540190	1
9558244	9558243	1
285049	285052	1
4826461	4826469	1
7660183	7660184	1
4025552	4025579	1
5974863	5974824	1
10639686	10644773	1
9173182	9173184	1
10820953	10822179	1
8818258	8818288	2
10114957	10114954	1
8374033	8375181	1
3952758	4083072	1
4049026	4033657	1
3490753	3482096	1
2218185	2241946	1
6960317	6960318	1
875653	875810	1
3785335	3785338	1
10502819	10502820	1
12276913	12277049	1
11264961	11264148	1
8253940	8253939	2
9989109	9989110	1
402853	402858	1
12319299	12729855	1
11647062	11646528	1
12015270	12015257	1
7888612	9188411	1
1463923	1463924	2
415384	415388	1
9652734	9652733	1
4593080	4593057	1
5755013	5761847	1
8372477	8372342	1
5089516	5089519	1
10435361	10435362	1
9197571	9197578	1
3752655	3751888	1
1552119	1562262	1
12626907	12626896	1
11688224	11760579	1
661065	3390029	2
6294916	6294915	1
7370577	7373201	1
4177147	4177401	3
8618043	8618044	1
3462086	30481	1
2607839	2607852	1
5766936	5624867	2
8233777	8227801	1
7193178	7196408	1
2658074	2658073	1
5581816	5581805	1
8783953	8783933	1
2693048	2693047	3
10120579	10120580	1
10416482	10416481	1
10278531	10278521	1
7784903	7784894	1
1226879	1228240	1
82634	3560890	3
11007377	11007386	1
3139	3140	1
5363399	5363400	1
3604613	3604615	1
10724273	10724865	2
4663779	4663780	1
4592367	4592371	1
37266	37269	1
11913586	11913499	1
151956	151959	1
261581	261546	1
372359	372360	1
758361	758358	1
9857415	4273713	1
4052627	4052304	1
6845996	6845593	1
10893753	5311177	1
4804411	4804412	1
4391390	4365626	1
12481436	12481860	1
1503489	1503490	1
10800440	10800375	1
12149200	12149105	1
12267435	12267642	1
3658445	3658976	3
11662725	11943890	1
8069100	8069095	1
12166707	12166712	1
6972590	6972589	2
11330169	11551264	1
6145019	6145020	1
6732146	6732156	2
9987642	9987641	1
10614986	10658046	1
368469	368530	2
12294644	12305746	1
8564106	8564103	1
1834959	1833918	1
7352241	7351740	1
10495439	10495440	1
9919232	9919231	1
10424523	10424471	1
6569709	6569710	1
6570409	6570410	1
3364239	3364240	1
2695562	2943916	1
5506180	5506179	1
3734411	3734412	1
9158708	9153629	1
10410761	10410762	2
4649252	4649251	1
10564139	7944556	1
6022580	5489775	1
11147827	11147828	1
844059	844102	1
7508415	7508418	1
7330940	7330937	1
5495376	5500153	1
4700277	4699634	1
10713919	10715821	1
3649362	3655526	1
7361746	7361750	1
8393363	8438857	3
644365	644366	1
5739552	5739607	1
2885907	2885908	1
506899	506900	2
3420065	3420066	1
12550591	12550647	1
2980782	3188441	1
5237912	5272571	1
5221937	5221941	2
3883187	3883188	1
11032932	11032931	1
10226607	10230200	1
4085518	4085459	2
5960893	5960896	1
7414261	7413376	1
11853505	11859649	1
7372388	7372327	2
829692	829620	1
7501588	7500433	1
9823629	9823630	3
11937913	11937905	1
10107171	10107134	1
2481165	2481166	1
10500030	10500655	1
11155008	11155007	1
4656217	4656090	1
551969	552119	1
837599	837625	1
5473556	5473555	2
12590708	12594343	1
11465149	11319439	1
496399	496396	1
9298731	9298762	1
11849694	11805010	1
4307688	4308219	1
5146120	5146188	1
1112008	1112200	1
8382332	8382295	1
1856031	1856008	1
9060252	1601107	1
12742870	12742869	1
7828106	7828120	1
2499268	2511618	2
11794028	11283557	2
10067705	10067767	1
7288587	7289329	1
3012077	2695081	2
2890654	2890682	1
6182719	6046245	1
10502803	10502790	1
5400241	5400242	1
6992335	6903642	2
1589194	1589197	2
1631504	1617576	1
5535438	5535427	1
7559896	7559802	1
3125249	3054933	1
4878657	4876302	1
7986232	7986231	1
12730533	12730534	1
10164543	8865513	2
3948380	3948377	1
6868885	6868872	1
7525304	7523736	1
9253240	9307165	1
6424492	6424497	1
11287511	11290249	1
11604308	11600856	2
5301030	5300665	1
2832378	2832375	1
627641	627642	1
1201684	1201683	1
82640	82635	1
1427893	1427847	1
6284635	6388050	1
1533019	1533904	1
7055112	7055104	1
11820543	11820548	1
1299410	1299409	1
3458252	3461467	1
2700536	2700535	2
5368896	5368906	1
5381588	5381595	1
11623569	11624962	1
10434333	10434338	1
8164673	8164025	1
1285970	1286180	1
1785264	1111991	1
11513235	10030783	1
6717799	6745555	1
10623433	10623428	1
7486160	7486159	1
5769582	5769591	1
19530	19529	1
1674302	1674301	1
10296921	12802087	1
2925911	2925755	1
7940165	7860608	1
9761514	9767487	1
11488558	11488640	1
8874744	8874428	1
1732649	1732635	1
1674300	1674299	1
3795833	3795830	2
9433650	9438977	1
6870477	6958421	1
2423676	2182402	1
9935997	9929054	1
9844677	9844683	2
1574379	1576020	1
7770813	7770803	1
12192762	12194635	1
11500845	11500458	1
8192163	8192515	1
6895176	6895178	1
2697962	2698430	1
11017016	11007882	1
10824559	6126438	1
4429646	4425947	1
3059386	3059367	1
8242491	8239395	1
12568010	12568009	2
9267748	9267747	1
4716013	4716019	1
7793556	7793546	1
8106168	8302499	1
7153892	7112829	1
8395457	8395031	2
7965088	7965082	1
10219331	10219232	1
6764401	6764402	2
4540281	4540271	1
3118723	3118758	1
8173874	8173618	1
7725876	7725875	2
777300	777299	1
10757751	10757752	2
10892854	10892851	1
3947996	3947963	1
1777836	1777857	1
1158514	1158512	1
5805405	6465229	1
10421410	10421409	1
11016658	11016657	1
5201273	5201274	1
10809489	10807581	1
10926159	10926173	1
8787056	8787098	1
9745922	9747331	1
12447035	12447036	2
4159455	4159458	1
7979676	7979812	1
10265437	11888509	1
7897171	7897172	1
5886403	5886409	1
5681188	5665233	1
12245232	12245235	1
6934540	6934812	2
3352841	3352844	1
7520655	7520656	1
5761002	6048156	2
10452156	10452153	1
6534588	6534185	2
3089027	3089030	2
7020333	7020334	1
10294903	10294904	3
7517133	7517134	3
6642250	6642247	1
4340573	4340709	1
11981725	11981726	1
3855455	3855456	1
2418113	2528142	2
11278063	11642929	1
5791035	5791036	1
1839427	1839434	1
835268	835287	2
10410761	10410764	1
11352934	11353178	1
2081706	2081705	1
299833	249130	1
3992539	4099491	2
10064923	10064803	1
12246514	12246513	1
2773087	3031657	1
10995412	10995384	1
5763388	5763514	1
716175	716176	1
7965585	7965588	3
1028419	1030759	1
8622804	8622869	2
10237402	10236382	1
2440261	2443985	1
8765375	8765415	1
7219961	7219973	1
5526355	5526551	1
1253658	1253654	1
2403565	2403566	1
7083350	7083184	2
5878472	5878471	1
1530021	1529534	1
6199764	6199763	1
12605579	12605580	1
11138523	11138190	1
11365768	11365733	1
5070202	5069148	1
2771232	2758797	5
517988	517987	1
9174856	5809523	2
10825511	4057303	1
10635640	10635639	1
12004581	12004582	1
6096758	6099276	3
5422108	5422165	1
6904967	6904479	1
2146728	2146727	1
4744439	9062278	1
3946383	3946372	1
624035	624036	1
449961	449962	3
10104160	10165535	1
11557279	11557280	1
10722577	10630450	1
5408899	5408913	1
1737798	1737797	2
6500776	6501766	1
6618971	6618964	1
7072089	7076984	1
2756430	2756429	1
2365462	2365461	1
11461183	11461171	1
1667421	1667412	1
7463481	7463425	1
9919206	9919233	1
5505713	5506409	1
7201807	7201808	1
9454003	9454004	3
3744371	3769558	1
516553	516554	1
11721524	11721523	1
2837372	2837399	1
10879375	10879343	1
7689713	7689714	1
7413381	7312986	1
11921598	11917101	1
3241907	3241908	1
11092652	11092273	1
7544453	7544456	1
414977	416127	1
8329647	8329606	1
11663220	11663219	1
1967464	1967436	1
12565042	12570386	2
274438	268639	1
7431968	7430445	1
796626	796623	1
6362175	6362931	1
11159997	11089731	1
2861086	2861085	1
2882486	2875405	1
2943913	2943914	2
3808711	3808734	1
1099259	1099262	1
10442918	10442539	1
2509742	2509741	1
9453183	9437146	1
4191040	4191037	1
512757	513724	1
7425441	7310451	1
5750985	5751011	1
2537999	2529352	1
11766921	11766922	1
10892850	10892848	1
2271220	2271217	1
2695562	2943914	1
9141338	9141002	1
9310165	9359698	1
1511468	11161068	1
9115676	6268555	2
818323	800873	2
3545605	3545348	1
1415233	1415234	1
8181681	8181682	2
9823627	9823628	4
2652823	2652824	1
4195544	4195554	1
12762027	12762029	3
285049	285050	1
3795178	3795136	2
3477973	3477974	2
8842866	9057885	1
11426413	11425885	2
65155	65156	1
6828230	6828229	2
6211097	6211064	1
5214890	5192236	2
5792101	5773874	1
8031397	8031412	1
7261443	7261667	1
6713391	6713388	1
10803952	2017368	1
12633606	12632063	1
4537374	4537373	1
4667035	4639943	1
11687336	11687371	1
1383203	1386679	1
1662594	1662501	3
5703894	5703897	1
8533037	8533067	1
8309133	8245170	1
10246889	10246876	1
2265339	2265042	2
7665043	7665046	1
5985301	5985071	1
6718045	6717796	1
1603698	1605362	1
1345649	1345653	1
2841223	3102746	1
2414234	2414233	1
5089218	3287586	1
597358	597867	2
1737800	1737799	3
11904029	11904030	1
10686845	10697286	1
393232	393231	3
11079989	11079903	1
4580778	4580781	1
1153115	1153118	1
11412165	11344350	2
7936709	7908523	1
5671315	5671316	1
5224087	5224101	1
338469	338487	1
7566877	7566891	2
2403563	2403564	2
4792654	4792651	1
640456	788146	2
6912119	6912120	1
11932333	11899412	1
8017501	8017578	1
5615495	5615515	1
10402151	10402152	1
1679721	8989295	1
10462717	10462730	1
7599503	7599287	1
778949	778835	2
1691479	1691480	1
4806494	4810116	1
9133193	9132842	1
8615243	8615208	1
5239621	5234083	1
6576857	6572608	1
1891575	2103508	1
11023786	11023785	2
7313734	7313733	2
2374210	4704640	1
4851900	4857007	1
1080855	1080920	1
7302815	7322110	1
2156163	2189093	1
9749876	9662114	1
9282176	9282363	1
7450559	7450529	1
12659903	12659904	1
7270191	7270192	1
1832978	1832977	2
10367741	10367742	1
1456406	1456397	1
6073313	6076828	1
4191370	4191372	1
1981639	2092057	2
141119	141120	1
1386680	1386679	1
7660180	7660138	1
10912102	10820041	1
8802616	8802615	1
11175288	11175287	2
8454742	8454777	1
6796024	657684	4
4522165	4505601	1
828238	4613535	1
4313728	4313965	1
1836195	1836196	2
5811414	5672901	1
4701791	4701792	2
1836193	1836194	2
1317069	1442142	1
9727976	9727997	1
4159459	4159434	1
8238067	8238077	1
4085518	4085461	1
9479276	9479070	1
11606862	11541349	2
3740255	3740310	1
8215877	8215888	1
7261441	7261442	1
2876186	2876190	2
11217853	10944691	1
5428312	5428274	1
4736244	4736460	1
1699738	1754871	3
1359754	1360050	2
82636	82635	3
11597331	11597332	1
4724778	4800207	1
12262123	12262124	1
1479220	1479248	1
285043	285050	1
12686084	12597634	1
7419986	7418650	1
9318841	9320013	1
8217750	8216127	1
4442918	4421595	1
3796293	3796294	1
5270975	5270976	1
1796305	1796320	1
4829612	4829611	1
10405536	10405535	1
12370343	12370418	1
8433147	8433172	1
11783762	11807884	2
12021647	12021648	1
2751466	2751947	1
6470214	6470059	1
5448429	5448406	1
6020441	6020389	1
9654003	9653970	1
6905828	6905653	1
7789351	7789352	1
12042636	12124364	1
2227479	2227572	1
11387153	11387144	1
2752120	2933666	1
8865483	8865508	1
8064391	8064392	1
7996422	7996421	1
1690731	1691478	1
6099279	6099280	2
8471005	8471006	1
7261375	7261379	1
4005567	4120255	1
264294	264479	1
10841030	10843809	1
5216911	5216838	2
12136872	12136866	1
8192161	8192162	1
5324375	5324467	1
1627347	1625004	2
10937724	10938790	2
7402703	7402700	1
2418034	2418068	1
5261736	5261747	1
844638	864806	3
9568276	9566543	1
4829955	4829956	2
946498	946544	1
7497571	7498680	1
9171790	9171789	1
4467701	4467702	1
6134252	6134486	1
12152862	12152844	2
1977283	5931650	2
5653058	5993946	5
4241585	4241577	1
8825102	8829924	1
1156282	7080724	1
8845095	8845096	1
10739421	10739422	3
10895698	6503124	1
9351565	9351566	2
1628020	1628454	1
4200219	4200220	1
2827165	2827166	1
6555945	6555948	1
3638691	3638784	1
6142320	6142354	1
6752752	6752751	2
11004028	11004027	3
9637768	9637767	1
12626897	12626898	1
4710572	4710613	1
7861514	7861502	1
759877	759809	1
1157298	1157334	1
8315646	8315653	1
5807891	5807892	1
1613762	1613761	2
6451895	6451896	1
8055407	8057718	1
8236452	8236439	1
7589232	4877652	1
10402155	10402156	2
1007369	1006650	1
8022480	3376438	1
4300064	4299882	1
2369792	2369791	2
7061561	7061566	2
1486738	1486737	2
11471598	11470837	1
10064363	10064366	1
2255246	2255267	1
10213652	10213724	1
11508701	11392404	1
6676658	6676700	2
8040382	8040387	1
10346244	8216168	1
828244	828243	1
2429524	2429529	1
12761006	12760969	1
10810589	10811071	2
9807242	9878181	1
43306	43438	1
81110	81109	1
10872667	10872669	1
78665	78654	1
6794145	6579399	1
7414921	7415620	1
12482334	12482333	1
10220364	10220376	1
2435028	2435027	1
10085865	10085868	2
7405988	3484713	1
10146893	10135590	1
5005763	5005640	1
5411662	5411667	1
4810059	4810061	1
742330	742173	1
3496655	3496656	1
2552700	2488573	1
784948	781177	1
5333390	5333389	1
6318309	6595518	1
6848963	10367923	1
2365460	2359186	2
10085865	10085866	1
2830588	6515887	2
4513292	4513341	1
9752500	9752499	1
2207877	2207878	1
11359352	11354242	1
12169696	12271424	1
5849774	5807611	1
2520757	2520606	1
5838038	5846183	1
8213832	8094759	1
12668447	12668448	1
11387143	11387144	4
1235124	1235123	1
4867366	4867289	1
11316028	11319488	1
3617600	3617603	1
4386275	4388395	1
6635380	6634529	1
8417237	8417200	1
12813428	12783302	1
11755275	6483624	1
9443855	9443868	1
915254	917073	1
5900457	5899473	1
4585872	4282945	3
8193618	8193553	2
8247240	8247223	1
6028727	5749300	1
10406592	10406591	1
10594216	10594215	1
10824508	6126417	1
